/*--------------------------------*- C++ -*----------------------------------*\
  =========                 |
  \\      /  F ield         | OpenFOAM: The Open Source CFD Toolbox
   \\    /   O peration     | Website:  https://openfoam.org
    \\  /    A nd           | Version:  11
     \\/     M anipulation  |
\*---------------------------------------------------------------------------*/
FoamFile
{
    format      ascii;
    class       volScalarField;
    location    "0.360397";
    object      p;
}
// * * * * * * * * * * * * * * * * * * * * * * * * * * * * * * * * * * * * * //

dimensions      [0 2 -2 0 0 0 0];

internalField   nonuniform List<scalar> 
7132
(
0.0733605
0.0722442
0.0684707
0.0630389
0.0555497
0.0459609
0.0343806
0.0212057
0.00713834
-0.00635014
-0.0180432
-0.0259468
-0.0302044
-0.0307466
-0.0287784
-0.0253745
-0.0213839
-0.0174427
-0.0138785
-0.0108379
-0.00834519
-0.00635683
-0.00480257
-0.00360547
-0.00269363
-0.0020049
-0.001488
-0.00110196
-0.000814729
-0.000601626
-0.000443865
-0.000327268
-0.000241204
-0.000177737
-0.000130967
-9.6519e-05
-7.1156e-05
-5.24861e-05
-3.87445e-05
-2.86305e-05
-2.11854e-05
-1.5704e-05
-1.16667e-05
-8.69172e-06
-6.49791e-06
-4.87873e-06
-3.68214e-06
-2.79653e-06
-2.13967e-06
-1.65129e-06
-1.28692e-06
-1.01401e-06
-8.08493e-07
-6.52806e-07
-5.33921e-07
-4.42346e-07
-3.71021e-07
-3.14814e-07
-2.6989e-07
-2.33468e-07
-2.0346e-07
-1.78348e-07
-1.56993e-07
-1.38558e-07
-1.22416e-07
-1.08099e-07
-9.52611e-08
-8.3627e-08
-7.30106e-08
-6.32379e-08
-5.42122e-08
-4.58133e-08
-3.7996e-08
-3.06686e-08
-2.38163e-08
-1.73622e-08
-1.13109e-08
-5.59282e-09
-2.2506e-10
4.85782e-09
9.63035e-09
1.41555e-08
1.84022e-08
2.24315e-08
2.62085e-08
2.97927e-08
3.31466e-08
3.6328e-08
3.92979e-08
4.21122e-08
4.47314e-08
4.72091e-08
4.95062e-08
5.16736e-08
5.36731e-08
5.55529e-08
5.72762e-08
5.8888e-08
6.03536e-08
6.17147e-08
6.29388e-08
6.40642e-08
6.5061e-08
6.5964e-08
6.67461e-08
6.74384e-08
6.8017e-08
6.8509e-08
6.8894e-08
6.91953e-08
6.93958e-08
6.95148e-08
6.95389e-08
6.94836e-08
6.93389e-08
6.91166e-08
6.88101e-08
6.84276e-08
6.79661e-08
6.743e-08
6.68198e-08
6.61364e-08
6.53836e-08
6.45591e-08
6.36699e-08
6.27102e-08
6.16906e-08
6.0602e-08
5.94579e-08
5.82464e-08
5.6984e-08
5.56558e-08
5.42814e-08
5.2843e-08
5.1363e-08
4.9821e-08
4.8242e-08
4.66033e-08
4.49323e-08
4.3204e-08
4.14481e-08
3.96375e-08
3.78039e-08
3.59183e-08
3.40144e-08
3.20609e-08
3.00938e-08
2.80792e-08
2.60563e-08
2.39877e-08
2.19179e-08
1.98052e-08
1.76976e-08
1.55549e-08
1.34166e-08
1.12416e-08
9.12735e-09
6.77732e-09
4.76376e-09
3.21904e-09
0.0738059
0.0726951
0.0689416
0.0635227
0.0560267
0.0463861
0.034685
0.0212989
0.00693421
-0.00688409
-0.0188785
-0.0268564
-0.0310703
-0.0314052
-0.0292023
-0.0255922
-0.0214446
-0.0174046
-0.0137876
-0.0107268
-0.00823413
-0.00625641
-0.00471716
-0.00353571
-0.00263823
-0.00196177
-0.00145491
-0.00107685
-0.000795817
-0.000587467
-0.000433311
-0.000319428
-0.000235394
-0.00017344
-0.000127794
-9.41784e-05
-6.94309e-05
-5.12156e-05
-3.78092e-05
-2.79422e-05
-2.06791e-05
-1.53316e-05
-1.13928e-05
-8.49035e-06
-6.34985e-06
-4.76988e-06
-3.60211e-06
-2.73769e-06
-2.09642e-06
-1.61949e-06
-1.26354e-06
-9.96815e-07
-7.95849e-07
-6.4351e-07
-5.27081e-07
-4.37317e-07
-3.67319e-07
-3.12092e-07
-2.67885e-07
-2.31995e-07
-2.02373e-07
-1.7755e-07
-1.56403e-07
-1.38125e-07
-1.22096e-07
-1.07864e-07
-9.5087e-08
-8.35001e-08
-7.29162e-08
-6.31698e-08
-5.41615e-08
-4.57776e-08
-3.79697e-08
-3.06508e-08
-2.38037e-08
-1.73547e-08
-1.13061e-08
-5.59109e-09
-2.24805e-10
4.85633e-09
9.62813e-09
1.41524e-08
1.83988e-08
2.24278e-08
2.62046e-08
2.97888e-08
3.31425e-08
3.6324e-08
3.92937e-08
4.21083e-08
4.47273e-08
4.72054e-08
4.95022e-08
5.16702e-08
5.36693e-08
5.55498e-08
5.72726e-08
5.88852e-08
6.03503e-08
6.17123e-08
6.29358e-08
6.40621e-08
6.50584e-08
6.59623e-08
6.67438e-08
6.74371e-08
6.8015e-08
6.85082e-08
6.88924e-08
6.91948e-08
6.93945e-08
6.95147e-08
6.95379e-08
6.94838e-08
6.93381e-08
6.9117e-08
6.88096e-08
6.84283e-08
6.79658e-08
6.74308e-08
6.68196e-08
6.61374e-08
6.53837e-08
6.45602e-08
6.367e-08
6.27115e-08
6.16909e-08
6.06033e-08
5.94582e-08
5.82478e-08
5.69844e-08
5.56573e-08
5.42818e-08
5.28445e-08
5.13633e-08
4.98224e-08
4.82423e-08
4.66047e-08
4.49325e-08
4.32053e-08
4.14482e-08
3.96386e-08
3.78039e-08
3.59194e-08
3.40143e-08
3.20618e-08
3.00936e-08
2.808e-08
2.60558e-08
2.39881e-08
2.1917e-08
1.98052e-08
1.76965e-08
1.5555e-08
1.34159e-08
1.12426e-08
9.12632e-09
6.77975e-09
4.75599e-09
3.23524e-09
0.074694
0.0735957
0.0698845
0.0644963
0.0569915
0.0472527
0.0353136
0.0215023
0.00653208
-0.00796662
-0.0205841
-0.0287001
-0.0328128
-0.0327032
-0.0300129
-0.0259858
-0.0215291
-0.017301
-0.0135883
-0.0104953
-0.00800818
-0.00605497
-0.00454727
-0.00339761
-0.00252881
-0.00187667
-0.00138963
-0.00102728
-0.000758476
-0.000559504
-0.000412466
-0.000303942
-0.000223919
-0.000164954
-0.000121528
-8.9557e-05
-6.60252e-05
-4.87073e-05
-3.59629e-05
-2.65835e-05
-1.96796e-05
-1.45964e-05
-1.08522e-05
-8.09283e-06
-6.05757e-06
-4.55499e-06
-3.44412e-06
-2.62154e-06
-2.01101e-06
-1.5567e-06
-1.21736e-06
-9.62859e-07
-7.70874e-07
-6.25137e-07
-5.13561e-07
-4.27365e-07
-3.59988e-07
-3.06691e-07
-2.63901e-07
-2.29054e-07
-2.00198e-07
-1.7594e-07
-1.55208e-07
-1.37236e-07
-1.21432e-07
-1.07367e-07
-9.47118e-08
-8.3216e-08
-7.26984e-08
-6.3002e-08
-5.40297e-08
-4.56733e-08
-3.7885e-08
-3.05814e-08
-2.37449e-08
-1.73045e-08
-1.12618e-08
-5.55166e-09
-1.88741e-10
4.88929e-09
9.65889e-09
1.4181e-08
1.84257e-08
2.2453e-08
2.62286e-08
2.98116e-08
3.31645e-08
3.63452e-08
3.93143e-08
4.21283e-08
4.47467e-08
4.72245e-08
4.95207e-08
5.16884e-08
5.3687e-08
5.55671e-08
5.72894e-08
5.89018e-08
6.03663e-08
6.17281e-08
6.29511e-08
6.40773e-08
6.50729e-08
6.59768e-08
6.67577e-08
6.74509e-08
6.80282e-08
6.85212e-08
6.89048e-08
6.92072e-08
6.94062e-08
6.95264e-08
6.9549e-08
6.94949e-08
6.93486e-08
6.91275e-08
6.88195e-08
6.84382e-08
6.79751e-08
6.74403e-08
6.68285e-08
6.61463e-08
6.5392e-08
6.45686e-08
6.36778e-08
6.27194e-08
6.16982e-08
6.06107e-08
5.9465e-08
5.82547e-08
5.69907e-08
5.56637e-08
5.42876e-08
5.28504e-08
5.13687e-08
4.98279e-08
4.82472e-08
4.66097e-08
4.49369e-08
4.32098e-08
4.14521e-08
3.96427e-08
3.78074e-08
3.5923e-08
3.40173e-08
3.20651e-08
3.00962e-08
2.80828e-08
2.6058e-08
2.39905e-08
2.19187e-08
1.98071e-08
1.76977e-08
1.55567e-08
1.34169e-08
1.12446e-08
9.12636e-09
6.78238e-09
4.75105e-09
3.24828e-09
0.0760203
0.074943
0.0713022
0.0659704
0.0584658
0.0485932
0.0363047
0.0218457
0.00593469
-0.00964914
-0.0232686
-0.0315978
-0.0355599
-0.0347411
-0.0312841
-0.0266059
-0.0216679
-0.0171484
-0.0132876
-0.0101444
-0.00766573
-0.00575011
-0.00429085
-0.00318989
-0.00236487
-0.00174967
-0.00129256
-0.000953812
-0.000703271
-0.000518244
-0.000381752
-0.000281148
-0.000207042
-0.00015248
-0.00011232
-8.27669e-05
-6.10221e-05
-4.50232e-05
-3.32512e-05
-2.45883e-05
-1.82119e-05
-1.3517e-05
-1.00585e-05
-7.50922e-06
-5.62849e-06
-4.23955e-06
-3.21224e-06
-2.45109e-06
-1.88572e-06
-1.46461e-06
-1.14968e-06
-9.13114e-07
-7.34315e-07
-5.98274e-07
-4.93823e-07
-4.12868e-07
-3.49342e-07
-2.98876e-07
-2.58166e-07
-2.2485e-07
-1.97118e-07
-1.73687e-07
-1.53562e-07
-1.36036e-07
-1.2056e-07
-1.06735e-07
-9.42557e-08
-8.28895e-08
-7.24665e-08
-6.28398e-08
-5.39183e-08
-4.55993e-08
-3.78383e-08
-3.05548e-08
-2.3733e-08
-1.73033e-08
-1.12684e-08
-5.5638e-09
-2.04886e-10
4.87069e-09
9.63859e-09
1.41601e-08
1.84044e-08
2.24322e-08
2.6208e-08
2.97916e-08
3.31447e-08
3.63261e-08
3.92953e-08
4.211e-08
4.47285e-08
4.72069e-08
4.95033e-08
5.16716e-08
5.36704e-08
5.55513e-08
5.72738e-08
5.88869e-08
6.03517e-08
6.17141e-08
6.29373e-08
6.40641e-08
6.50599e-08
6.59643e-08
6.67454e-08
6.74393e-08
6.80167e-08
6.85104e-08
6.88943e-08
6.91972e-08
6.93964e-08
6.95171e-08
6.95399e-08
6.94862e-08
6.93401e-08
6.91194e-08
6.88115e-08
6.84306e-08
6.79677e-08
6.74331e-08
6.68215e-08
6.61396e-08
6.53854e-08
6.45623e-08
6.36717e-08
6.27135e-08
6.16924e-08
6.06052e-08
5.94597e-08
5.82495e-08
5.69857e-08
5.56589e-08
5.4283e-08
5.28459e-08
5.13644e-08
4.98237e-08
4.82432e-08
4.66058e-08
4.49332e-08
4.32062e-08
4.14487e-08
3.96393e-08
3.78042e-08
3.59199e-08
3.40144e-08
3.20622e-08
3.00935e-08
2.80801e-08
2.60555e-08
2.39879e-08
2.19162e-08
1.98045e-08
1.76953e-08
1.55544e-08
1.34146e-08
1.12429e-08
9.12348e-09
6.78242e-09
4.74505e-09
3.25749e-09
0.0777766
0.0767312
0.0731977
0.067961
0.0604827
0.050459
0.0377229
0.0223857
0.0051638
-0.0119845
-0.0270516
-0.0356147
-0.0393299
-0.0374337
-0.0328767
-0.0273067
-0.0217366
-0.016857
-0.0128291
-0.00964452
-0.00719471
-0.00533985
-0.0039506
-0.00291671
-0.00215045
-0.00158409
-0.00116623
-0.00085829
-0.00063154
-0.00046466
-0.000341882
-0.000251572
-0.000185152
-0.000136306
-0.000100385
-7.39684e-05
-5.45406e-05
-4.02511e-05
-2.97391e-05
-2.20044e-05
-1.63113e-05
-1.21193e-05
-9.03074e-06
-6.75358e-06
-5.07295e-06
-3.83115e-06
-2.91201e-06
-2.23039e-06
-1.72349e-06
-1.34535e-06
-1.06201e-06
-8.48669e-07
-6.86939e-07
-5.63446e-07
-4.68217e-07
-3.94041e-07
-3.35497e-07
-2.88695e-07
-2.50676e-07
-2.1934e-07
-1.93062e-07
-1.70701e-07
-1.51362e-07
-1.34415e-07
-1.19364e-07
-1.05853e-07
-9.36036e-08
-8.24072e-08
-7.21085e-08
-6.25736e-08
-5.37191e-08
-4.54496e-08
-3.77244e-08
-3.04673e-08
-2.36645e-08
-1.72487e-08
-1.12238e-08
-5.52656e-09
-1.72927e-10
4.89853e-09
9.66331e-09
1.41822e-08
1.84243e-08
2.24502e-08
2.62246e-08
2.98072e-08
3.31595e-08
3.63404e-08
3.93093e-08
4.21239e-08
4.47423e-08
4.72207e-08
4.9517e-08
5.16852e-08
5.36838e-08
5.55646e-08
5.72868e-08
5.88998e-08
6.03642e-08
6.17265e-08
6.29494e-08
6.40761e-08
6.50717e-08
6.5976e-08
6.67568e-08
6.74504e-08
6.80275e-08
6.85209e-08
6.89044e-08
6.9207e-08
6.94059e-08
6.95263e-08
6.95488e-08
6.94949e-08
6.93486e-08
6.91276e-08
6.88195e-08
6.84383e-08
6.79751e-08
6.74403e-08
6.68285e-08
6.61463e-08
6.53919e-08
6.45686e-08
6.36778e-08
6.27194e-08
6.16981e-08
6.06106e-08
5.94649e-08
5.82546e-08
5.69905e-08
5.56635e-08
5.42874e-08
5.28501e-08
5.13683e-08
4.98274e-08
4.82467e-08
4.6609e-08
4.49363e-08
4.3209e-08
4.14513e-08
3.96417e-08
3.78065e-08
3.5922e-08
3.40164e-08
3.2064e-08
3.00952e-08
2.80816e-08
2.60569e-08
2.39891e-08
2.19172e-08
1.98053e-08
1.76959e-08
1.55549e-08
1.34149e-08
1.12439e-08
9.12313e-09
6.78464e-09
4.74188e-09
3.26501e-09
0.0799503
0.0789515
0.0755733
0.0704877
0.0630853
0.0529199
0.0396566
0.0231987
0.00423736
-0.0150952
-0.032203
-0.0410647
-0.0444587
-0.041037
-0.0349707
-0.0282063
-0.0218052
-0.0164644
-0.0122293
-0.00899896
-0.0065922
-0.00481932
-0.00352218
-0.00257529
-0.00188434
-0.00137992
-0.00101133
-0.000741726
-0.00054434
-0.000399709
-0.000293659
-0.000215854
-0.000158745
-0.00011681
-8.60066e-05
-6.33731e-05
-4.67378e-05
-3.45075e-05
-2.55128e-05
-1.88955e-05
-1.40248e-05
-1.04379e-05
-7.79439e-06
-5.84461e-06
-4.40471e-06
-3.33991e-06
-2.5509e-06
-1.96495e-06
-1.52837e-06
-1.20194e-06
-9.56599e-07
-7.71197e-07
-6.30002e-07
-5.21605e-07
-4.37473e-07
-3.71455e-07
-3.18907e-07
-2.76514e-07
-2.41736e-07
-2.12782e-07
-1.88255e-07
-1.67181e-07
-1.48787e-07
-1.32535e-07
-1.17993e-07
-1.04856e-07
-9.28817e-08
-8.18867e-08
-7.17357e-08
-6.23091e-08
-5.3534e-08
-4.53226e-08
-3.76401e-08
-3.04142e-08
-2.36344e-08
-1.72352e-08
-1.12226e-08
-5.53398e-09
-1.86728e-10
4.88076e-09
9.64273e-09
1.41605e-08
1.8402e-08
2.24283e-08
2.62028e-08
2.97862e-08
3.31387e-08
3.63203e-08
3.92893e-08
4.21043e-08
4.47228e-08
4.72017e-08
4.9498e-08
5.1667e-08
5.36658e-08
5.55473e-08
5.72699e-08
5.88836e-08
6.03484e-08
6.17114e-08
6.29346e-08
6.40619e-08
6.50577e-08
6.59626e-08
6.67436e-08
6.74378e-08
6.80152e-08
6.85093e-08
6.88931e-08
6.91963e-08
6.93955e-08
6.95164e-08
6.95391e-08
6.94856e-08
6.93395e-08
6.91189e-08
6.8811e-08
6.84302e-08
6.79672e-08
6.74327e-08
6.6821e-08
6.61391e-08
6.53849e-08
6.45618e-08
6.36712e-08
6.27129e-08
6.16919e-08
6.06046e-08
5.94591e-08
5.82488e-08
5.6985e-08
5.56581e-08
5.42822e-08
5.2845e-08
5.13636e-08
4.98227e-08
4.82423e-08
4.66047e-08
4.49322e-08
4.3205e-08
4.14476e-08
3.9638e-08
3.7803e-08
3.59185e-08
3.40132e-08
3.20607e-08
3.00922e-08
2.80785e-08
2.60541e-08
2.39861e-08
2.19144e-08
1.98024e-08
1.76931e-08
1.55521e-08
1.34122e-08
1.1242e-08
9.12036e-09
6.78441e-09
4.73758e-09
3.26974e-09
0.0825235
0.0815899
0.0784292
0.0735732
0.066329
0.0560706
0.0422346
0.0244106
0.00322261
-0.0190846
-0.0389655
-0.0480382
-0.050922
-0.045314
-0.0372526
-0.0290088
-0.0216369
-0.0158088
-0.0113925
-0.00816102
-0.0058424
-0.00418919
-0.00301317
-0.00217466
-0.00157458
-0.00114344
-0.000832464
-0.000607381
-0.000443969
-0.000325022
-0.000238254
-0.000174849
-0.000128449
-9.44559e-05
-6.95283e-05
-5.1235e-05
-3.78015e-05
-2.79312e-05
-2.06747e-05
-1.53369e-05
-1.14078e-05
-8.51363e-06
-6.37966e-06
-4.80453e-06
-3.64012e-06
-2.77785e-06
-2.13774e-06
-1.66125e-06
-1.30514e-06
-1.03785e-06
-8.35986e-07
-6.82541e-07
-5.64836e-07
-4.73705e-07
-4.02263e-07
-3.45573e-07
-2.99881e-07
-2.62528e-07
-2.31454e-07
-2.05223e-07
-1.82696e-07
-1.63094e-07
-1.45781e-07
-1.30324e-07
-1.16367e-07
-1.03661e-07
-9.20024e-08
-8.124e-08
-7.12597e-08
-6.19584e-08
-5.32752e-08
-4.51311e-08
-3.74979e-08
-3.03077e-08
-2.3554e-08
-1.71735e-08
-1.11746e-08
-5.49558e-09
-1.55562e-10
4.90679e-09
9.66453e-09
1.41791e-08
1.84177e-08
2.24419e-08
2.62145e-08
2.97968e-08
3.31484e-08
3.63298e-08
3.92986e-08
4.2114e-08
4.47325e-08
4.72119e-08
4.95082e-08
5.16774e-08
5.36761e-08
5.55577e-08
5.72799e-08
5.88936e-08
6.03581e-08
6.17211e-08
6.2944e-08
6.40713e-08
6.50669e-08
6.59718e-08
6.67526e-08
6.74467e-08
6.80238e-08
6.85176e-08
6.8901e-08
6.9204e-08
6.94028e-08
6.95236e-08
6.9546e-08
6.94923e-08
6.93459e-08
6.91252e-08
6.8817e-08
6.8436e-08
6.79727e-08
6.7438e-08
6.68261e-08
6.6144e-08
6.53897e-08
6.45664e-08
6.36756e-08
6.27172e-08
6.1696e-08
6.06084e-08
5.94628e-08
5.82523e-08
5.69884e-08
5.56612e-08
5.42853e-08
5.28478e-08
5.13662e-08
4.98251e-08
4.82446e-08
4.66066e-08
4.49341e-08
4.32065e-08
4.14491e-08
3.96392e-08
3.78042e-08
3.59194e-08
3.40142e-08
3.20615e-08
3.00931e-08
2.80792e-08
2.60547e-08
2.39865e-08
2.19148e-08
1.98025e-08
1.76931e-08
1.5552e-08
1.34119e-08
1.12424e-08
9.11985e-09
6.786e-09
4.73517e-09
3.27428e-09
0.0854704
0.0846257
0.0817607
0.0772397
0.0702759
0.0600261
0.0456175
0.0261828
0.00218111
-0.0242053
-0.047907
-0.0571985
-0.0594667
-0.0507786
-0.0400405
-0.029904
-0.021339
-0.014948
-0.0103439
-0.0071363
-0.00494098
-0.00344198
-0.00241677
-0.00171028
-0.00121902
-0.00087435
-0.000630458
-0.000456599
-0.000331874
-0.000241928
-0.000176786
-0.000129449
-9.49555e-05
-6.97677e-05
-5.1343e-05
-3.78467e-05
-2.79487e-05
-2.06825e-05
-1.53431e-05
-1.1416e-05
-8.52478e-06
-6.39392e-06
-4.82129e-06
-3.65892e-06
-2.79797e-06
-2.1588e-06
-1.68269e-06
-1.32677e-06
-1.05928e-06
-8.57136e-07
-7.03162e-07
-5.84919e-07
-4.93089e-07
-4.20981e-07
-3.63521e-07
-3.17111e-07
-2.78974e-07
-2.47175e-07
-2.20184e-07
-1.96954e-07
-1.76634e-07
-1.58653e-07
-1.42532e-07
-1.2795e-07
-1.14635e-07
-1.024e-07
-9.10878e-08
-8.05791e-08
-7.07851e-08
-6.16202e-08
-5.30371e-08
-4.4966e-08
-3.73864e-08
-3.02352e-08
-2.35102e-08
-1.71504e-08
-1.11668e-08
-5.49854e-09
-1.66461e-10
4.89093e-09
9.64517e-09
1.41583e-08
1.83961e-08
2.24207e-08
2.61936e-08
2.97768e-08
3.31286e-08
3.63107e-08
3.92793e-08
4.20951e-08
4.47134e-08
4.71932e-08
4.94895e-08
5.16593e-08
5.36582e-08
5.55406e-08
5.72632e-08
5.88778e-08
6.03426e-08
6.17064e-08
6.29295e-08
6.40575e-08
6.50532e-08
6.59587e-08
6.67396e-08
6.74343e-08
6.80117e-08
6.85061e-08
6.88899e-08
6.91935e-08
6.93926e-08
6.95138e-08
6.95364e-08
6.94831e-08
6.93369e-08
6.91164e-08
6.88085e-08
6.84277e-08
6.79647e-08
6.74302e-08
6.68185e-08
6.61366e-08
6.53825e-08
6.45593e-08
6.36687e-08
6.27104e-08
6.16894e-08
6.0602e-08
5.94566e-08
5.82462e-08
5.69825e-08
5.56554e-08
5.42797e-08
5.28423e-08
5.13611e-08
4.982e-08
4.82398e-08
4.66019e-08
4.49297e-08
4.32021e-08
4.1445e-08
3.96351e-08
3.78004e-08
3.59156e-08
3.40106e-08
3.20579e-08
3.00897e-08
2.80758e-08
2.60516e-08
2.39833e-08
2.19117e-08
1.97993e-08
1.769e-08
1.55491e-08
1.3409e-08
1.12403e-08
9.11722e-09
6.78545e-09
4.73155e-09
3.27703e-09
0.0887563
0.0880297
0.0855562
0.0815082
0.0749991
0.0649351
0.050035
0.0287794
0.00130136
-0.0306506
-0.059487
-0.0685913
-0.0699158
-0.0569051
-0.0427632
-0.0304062
-0.0205494
-0.0136516
-0.00895924
-0.0058729
-0.00387814
-0.00258802
-0.00174995
-0.00119882
-0.000831261
-0.000582713
-0.000412367
-0.000294202
-0.000211341
-0.000152689
-0.000110842
-8.07864e-05
-5.9084e-05
-4.33452e-05
-3.18916e-05
-2.3533e-05
-1.7419e-05
-1.2938e-05
-9.64811e-06
-7.22869e-06
-5.44624e-06
-4.13072e-06
-3.15758e-06
-2.43595e-06
-1.899e-06
-1.49801e-06
-1.19699e-06
-9.69757e-07
-7.9687e-07
-6.64262e-07
-5.61397e-07
-4.80722e-07
-4.16505e-07
-3.64692e-07
-3.2215e-07
-2.86704e-07
-2.56628e-07
-2.30753e-07
-2.08116e-07
-1.88086e-07
-1.70118e-07
-1.53866e-07
-1.39015e-07
-1.25367e-07
-1.12739e-07
-1.01009e-07
-9.00682e-08
-7.9832e-08
-7.0238e-08
-6.12198e-08
-5.27444e-08
-4.47519e-08
-3.72301e-08
-3.01207e-08
-2.34263e-08
-1.70883e-08
-1.11207e-08
-5.46352e-09
-1.39811e-10
4.91178e-09
9.66122e-09
1.41709e-08
1.84054e-08
2.24278e-08
2.61986e-08
2.97807e-08
3.31317e-08
3.63138e-08
3.92825e-08
4.20991e-08
4.47178e-08
4.71983e-08
4.94949e-08
5.16652e-08
5.36641e-08
5.55467e-08
5.7269e-08
5.88836e-08
6.03481e-08
6.1712e-08
6.29349e-08
6.4063e-08
6.50587e-08
6.59642e-08
6.67451e-08
6.74398e-08
6.80169e-08
6.85112e-08
6.88946e-08
6.9198e-08
6.93968e-08
6.95179e-08
6.95403e-08
6.94869e-08
6.93405e-08
6.91199e-08
6.88118e-08
6.84309e-08
6.79677e-08
6.7433e-08
6.68212e-08
6.61391e-08
6.53849e-08
6.45616e-08
6.36709e-08
6.27124e-08
6.16914e-08
6.06038e-08
5.94584e-08
5.82478e-08
5.69841e-08
5.56568e-08
5.42811e-08
5.28434e-08
5.13621e-08
4.98208e-08
4.82405e-08
4.66023e-08
4.493e-08
4.32022e-08
4.14451e-08
3.9635e-08
3.78003e-08
3.59153e-08
3.40104e-08
3.20575e-08
3.00895e-08
2.80754e-08
2.60513e-08
2.39828e-08
2.19112e-08
1.97986e-08
1.76893e-08
1.55484e-08
1.34082e-08
1.12401e-08
9.11646e-09
6.78644e-09
4.72935e-09
3.28017e-09
0.0923349
0.0917605
0.0897921
0.0863892
0.0805684
0.0709624
0.0557526
0.032531
0.00074925
-0.0389389
-0.0748826
-0.0836724
-0.0838583
-0.0645501
-0.0458177
-0.0307128
-0.0193717
-0.0119747
-0.00726165
-0.00437353
-0.00264622
-0.00161657
-0.00100325
-0.000633867
-0.000408077
-0.00026777
-0.000178964
-0.000121697
-8.40659e-05
-5.88872e-05
-4.17582e-05
-2.9932e-05
-2.16616e-05
-1.58144e-05
-1.16419e-05
-8.64136e-06
-6.469e-06
-4.88725e-06
-3.72936e-06
-2.87761e-06
-2.24775e-06
-1.77958e-06
-1.42934e-06
-1.1656e-06
-9.65239e-07
-8.11664e-07
-6.92501e-07
-5.98945e-07
-5.24315e-07
-4.63932e-07
-4.14155e-07
-3.72504e-07
-3.36972e-07
-3.06247e-07
-2.79205e-07
-2.55154e-07
-2.33452e-07
-2.13734e-07
-1.95622e-07
-1.78919e-07
-1.63396e-07
-1.48942e-07
-1.35412e-07
-1.22735e-07
-1.10819e-07
-9.96112e-08
-8.90536e-08
-7.90987e-08
-6.97114e-08
-6.08443e-08
-5.24797e-08
-4.4568e-08
-3.71053e-08
-3.00387e-08
-2.33758e-08
-1.70603e-08
-1.11094e-08
-5.46387e-09
-1.48687e-10
4.89755e-09
9.6433e-09
1.41515e-08
1.83852e-08
2.24081e-08
2.61793e-08
2.97624e-08
3.31137e-08
3.62964e-08
3.9265e-08
4.20817e-08
4.47e-08
4.71808e-08
4.94772e-08
5.1648e-08
5.36471e-08
5.55306e-08
5.72534e-08
5.88689e-08
6.03339e-08
6.16985e-08
6.29217e-08
6.40504e-08
6.50462e-08
6.59522e-08
6.67331e-08
6.74283e-08
6.80056e-08
6.85005e-08
6.88842e-08
6.91881e-08
6.93872e-08
6.95087e-08
6.95312e-08
6.94781e-08
6.93318e-08
6.91115e-08
6.88035e-08
6.84228e-08
6.79598e-08
6.74253e-08
6.68136e-08
6.61317e-08
6.53776e-08
6.45544e-08
6.36639e-08
6.27055e-08
6.16846e-08
6.05971e-08
5.94519e-08
5.82414e-08
5.69779e-08
5.56507e-08
5.42752e-08
5.28376e-08
5.13566e-08
4.98153e-08
4.82354e-08
4.65973e-08
4.49253e-08
4.31975e-08
4.14407e-08
3.96306e-08
3.77962e-08
3.59112e-08
3.40065e-08
3.20536e-08
3.00859e-08
2.80717e-08
2.60479e-08
2.39793e-08
2.1908e-08
1.97953e-08
1.76862e-08
1.55454e-08
1.34053e-08
1.1238e-08
9.11397e-09
6.78576e-09
4.72611e-09
3.28216e-09
0.0961463
0.0957636
0.0944305
0.0918835
0.087058
0.0783173
0.063159
0.0379905
0.0010252
-0.0495044
-0.0949762
-0.102126
-0.10083
-0.0728394
-0.0483783
-0.0301648
-0.0173511
-0.00966107
-0.00513665
-0.00260924
-0.00125932
-0.000557931
-0.000208552
-4.24375e-05
3.01203e-05
5.61161e-05
6.0082e-05
5.4543e-05
4.57587e-05
3.66814e-05
2.85564e-05
2.17822e-05
1.63627e-05
1.21392e-05
8.90614e-06
6.46218e-06
4.63225e-06
3.27215e-06
2.26776e-06
1.53022e-06
9.91971e-07
6.01597e-07
3.20816e-07
1.20757e-07
-1.97688e-08
-1.16744e-07
-1.81735e-07
-2.23533e-07
-2.48389e-07
-2.61129e-07
-2.65099e-07
-2.62953e-07
-2.56456e-07
-2.47073e-07
-2.35717e-07
-2.23197e-07
-2.09971e-07
-1.96484e-07
-1.82951e-07
-1.69614e-07
-1.56564e-07
-1.43926e-07
-1.31731e-07
-1.20035e-07
-1.08841e-07
-9.8164e-08
-8.7996e-08
-7.83268e-08
-6.91491e-08
-6.04354e-08
-5.21834e-08
-4.43539e-08
-3.69516e-08
-2.99287e-08
-2.32978e-08
-1.70051e-08
-1.10708e-08
-5.43675e-09
-1.30156e-10
4.91019e-09
9.65116e-09
1.41559e-08
1.83865e-08
2.24072e-08
2.61764e-08
2.97587e-08
3.31093e-08
3.62924e-08
3.92614e-08
4.20792e-08
4.46983e-08
4.71801e-08
4.94772e-08
5.16487e-08
5.3648e-08
5.55316e-08
5.72543e-08
5.88698e-08
6.03346e-08
6.16993e-08
6.29224e-08
6.40513e-08
6.50471e-08
6.59534e-08
6.67344e-08
6.74297e-08
6.80069e-08
6.85018e-08
6.88852e-08
6.9189e-08
6.93879e-08
6.95093e-08
6.95318e-08
6.94786e-08
6.93323e-08
6.91119e-08
6.88038e-08
6.8423e-08
6.79599e-08
6.74253e-08
6.68136e-08
6.61316e-08
6.53774e-08
6.45542e-08
6.36636e-08
6.27052e-08
6.16843e-08
6.05967e-08
5.94515e-08
5.82409e-08
5.69775e-08
5.56501e-08
5.42746e-08
5.28369e-08
5.13558e-08
4.98144e-08
4.82344e-08
4.65961e-08
4.4924e-08
4.31961e-08
4.14392e-08
3.9629e-08
3.77947e-08
3.59096e-08
3.40051e-08
3.20522e-08
3.00846e-08
2.80703e-08
2.60466e-08
2.39779e-08
2.19066e-08
1.97938e-08
1.76847e-08
1.55441e-08
1.3404e-08
1.12373e-08
9.11283e-09
6.78624e-09
4.72388e-09
3.28461e-09
0.100115
0.0999657
0.0994098
0.0979593
0.0945112
0.0871899
0.0726488
0.0458277
0.00246876
-0.0633692
-0.122316
-0.127424
-0.123961
-0.08269
-0.0505774
-0.0287801
-0.0144907
-0.00671205
-0.00258068
-0.000570217
0.000296358
0.00060187
0.000645565
0.000583168
0.000487399
0.000390179
0.000304186
0.000233021
0.000176361
0.000132333
9.86669e-05
7.32067e-05
5.41015e-05
3.98458e-05
2.92533e-05
2.1408e-05
1.56123e-05
1.13396e-05
8.19577e-06
5.88644e-06
4.19331e-06
2.95432e-06
2.04993e-06
1.39159e-06
9.14258e-07
5.69752e-07
3.22834e-07
1.47323e-07
2.41891e-08
-6.07879e-08
-1.17854e-07
-1.54736e-07
-1.76928e-07
-1.88632e-07
-1.92778e-07
-1.91652e-07
-1.868e-07
-1.79467e-07
-1.70459e-07
-1.60448e-07
-1.49843e-07
-1.39004e-07
-1.2813e-07
-1.17405e-07
-1.06923e-07
-9.67685e-08
-8.69843e-08
-7.75966e-08
-6.86257e-08
-6.00632e-08
-5.19221e-08
-4.41731e-08
-3.68295e-08
-2.9849e-08
-2.32491e-08
-1.69785e-08
-1.10604e-08
-5.43756e-09
-1.39107e-10
4.89614e-09
9.63371e-09
1.41371e-08
1.83672e-08
2.23886e-08
2.61584e-08
2.97417e-08
3.30928e-08
3.62764e-08
3.92453e-08
4.20631e-08
4.46819e-08
4.71638e-08
4.94607e-08
5.16327e-08
5.36322e-08
5.55167e-08
5.724e-08
5.88565e-08
6.03218e-08
6.16873e-08
6.29108e-08
6.40401e-08
6.5036e-08
6.59426e-08
6.67237e-08
6.74193e-08
6.79967e-08
6.8492e-08
6.88758e-08
6.918e-08
6.93791e-08
6.95008e-08
6.95234e-08
6.94704e-08
6.93241e-08
6.91038e-08
6.87958e-08
6.84152e-08
6.79522e-08
6.74178e-08
6.68061e-08
6.61242e-08
6.53702e-08
6.4547e-08
6.36566e-08
6.26982e-08
6.16775e-08
6.05899e-08
5.94449e-08
5.82343e-08
5.6971e-08
5.56437e-08
5.42685e-08
5.28308e-08
5.13501e-08
4.98087e-08
4.8229e-08
4.65908e-08
4.4919e-08
4.31911e-08
4.14346e-08
3.96244e-08
3.77904e-08
3.59052e-08
3.4001e-08
3.2048e-08
3.00807e-08
2.80665e-08
2.6043e-08
2.39743e-08
2.19032e-08
1.97905e-08
1.76816e-08
1.55411e-08
1.34011e-08
1.12353e-08
9.11047e-09
6.78559e-09
4.72092e-09
3.28639e-09
0.104148
0.104277
0.104643
0.104564
0.102956
0.0978369
0.0848493
0.0572585
0.00642867
-0.0820789
-0.158462
-0.157737
-0.153023
-0.0934399
-0.051534
-0.0257972
-0.0103437
-0.00294869
0.000433753
0.00170257
0.0019584
0.00180174
0.00150837
0.0012046
0.000936608
0.000716136
0.000541463
0.000406153
0.000302904
0.000224937
0.000166496
0.000122924
9.05626e-05
6.65974e-05
4.88883e-05
3.58239e-05
2.61989e-05
1.91157e-05
1.39083e-05
1.00835e-05
7.27724e-06
5.22051e-06
3.7153e-06
2.61549e-06
1.81375e-06
1.23083e-06
8.08707e-07
5.04427e-07
2.86652e-07
1.32115e-07
2.39233e-08
-5.05364e-08
-1.00348e-07
-1.32355e-07
-1.51423e-07
-1.61267e-07
-1.6448e-07
-1.63077e-07
-1.58427e-07
-1.51618e-07
-1.43366e-07
-1.34254e-07
-1.2465e-07
-1.14857e-07
-1.05061e-07
-9.54102e-08
-8.59956e-08
-7.68785e-08
-6.81058e-08
-5.96881e-08
-5.16532e-08
-4.39816e-08
-3.6695e-08
-2.97556e-08
-2.31858e-08
-1.69365e-08
-1.10339e-08
-5.42175e-09
-1.31128e-10
4.89882e-09
9.6322e-09
1.41326e-08
1.836e-08
2.23796e-08
2.61479e-08
2.97306e-08
3.30815e-08
3.62658e-08
3.92355e-08
4.20546e-08
4.46745e-08
4.71577e-08
4.94555e-08
5.16283e-08
5.36281e-08
5.55129e-08
5.72361e-08
5.88526e-08
6.03178e-08
6.16833e-08
6.29068e-08
6.40364e-08
6.50326e-08
6.59395e-08
6.67208e-08
6.74167e-08
6.79942e-08
6.84895e-08
6.88731e-08
6.91773e-08
6.93763e-08
6.9498e-08
6.95207e-08
6.94678e-08
6.93215e-08
6.91013e-08
6.87933e-08
6.84127e-08
6.79496e-08
6.74151e-08
6.68035e-08
6.61215e-08
6.53675e-08
6.45443e-08
6.3654e-08
6.26956e-08
6.16749e-08
6.05874e-08
5.94424e-08
5.82318e-08
5.69686e-08
5.56412e-08
5.4266e-08
5.28283e-08
5.13476e-08
4.98061e-08
4.82264e-08
4.6588e-08
4.49162e-08
4.31882e-08
4.14317e-08
3.96214e-08
3.77876e-08
3.59024e-08
3.39984e-08
3.20454e-08
3.00783e-08
2.80641e-08
2.60408e-08
2.39721e-08
2.19011e-08
1.97883e-08
1.76795e-08
1.55392e-08
1.33993e-08
1.12341e-08
9.10892e-09
6.78564e-09
4.71857e-09
3.28849e-09
0.108135
0.108579
0.110008
0.111563
0.112328
0.110327
0.10023
0.0734516
0.0130615
-0.106375
-0.210462
-0.202089
-0.192673
-0.104492
-0.0504356
-0.0208186
-0.00469884
0.0017375
0.00395689
0.00423508
0.00374428
0.0030551
0.00239025
0.00182911
0.00138187
0.00103545
0.00077155
0.000572599
0.000423716
0.000312875
0.000230653
0.000169816
0.000124885
9.17452e-05
6.73288e-05
4.93539e-05
3.61303e-05
2.6408e-05
1.92641e-05
1.40178e-05
1.01677e-05
7.34433e-06
5.27594e-06
3.76236e-06
2.65659e-06
1.85027e-06
1.26396e-06
8.39021e-07
5.32566e-07
3.12851e-07
1.56752e-07
4.70798e-08
-2.86156e-08
-7.96474e-08
-1.127e-07
-1.32822e-07
-1.43588e-07
-1.47735e-07
-1.47164e-07
-1.43355e-07
-1.37309e-07
-1.29819e-07
-1.21408e-07
-1.12491e-07
-1.03338e-07
-9.4158e-08
-8.50899e-08
-7.6227e-08
-6.76411e-08
-5.93601e-08
-5.14251e-08
-4.38259e-08
-3.65919e-08
-2.96902e-08
-2.31478e-08
-1.69179e-08
-1.10293e-08
-5.4268e-09
-1.43022e-10
4.88272e-09
9.61342e-09
1.41129e-08
1.83402e-08
2.23607e-08
2.61299e-08
2.97138e-08
3.30653e-08
3.62502e-08
3.922e-08
4.20392e-08
4.46587e-08
4.71419e-08
4.94396e-08
5.16128e-08
5.36131e-08
5.54988e-08
5.72227e-08
5.88402e-08
6.0306e-08
6.16723e-08
6.28962e-08
6.40263e-08
6.50225e-08
6.59297e-08
6.67109e-08
6.74071e-08
6.79847e-08
6.84803e-08
6.88643e-08
6.91688e-08
6.9368e-08
6.94899e-08
6.95125e-08
6.94597e-08
6.93134e-08
6.90932e-08
6.87853e-08
6.84047e-08
6.79417e-08
6.74073e-08
6.67958e-08
6.61139e-08
6.536e-08
6.45369e-08
6.36466e-08
6.26883e-08
6.16677e-08
6.05802e-08
5.94353e-08
5.82248e-08
5.69617e-08
5.56345e-08
5.42595e-08
5.28219e-08
5.13414e-08
4.98001e-08
4.82207e-08
4.65824e-08
4.49109e-08
4.3183e-08
4.14267e-08
3.96166e-08
3.77829e-08
3.58978e-08
3.39939e-08
3.2041e-08
3.00741e-08
2.806e-08
2.6037e-08
2.39684e-08
2.18976e-08
1.97849e-08
1.76762e-08
1.55363e-08
1.33965e-08
1.12321e-08
9.10663e-09
6.78507e-09
4.7158e-09
3.29029e-09
0.111951
0.112743
0.115339
0.118805
0.122493
0.124925
0.119706
0.0978075
0.0260597
-0.147709
-0.27587
-0.254147
-0.248163
-0.117296
-0.0462618
-0.0129338
0.00270475
0.00727408
0.00781902
0.0068622
0.00552337
0.00426616
0.00322331
0.00240985
0.00179178
0.00132773
0.00098156
0.00072435
0.000533823
0.00039301
0.000289106
0.000212527
0.000156133
0.000114631
8.41035e-05
6.1657e-05
4.51583e-05
3.30352e-05
2.41305e-05
1.7592e-05
1.27933e-05
9.27337e-06
6.69337e-06
4.80394e-06
3.42204e-06
2.41281e-06
1.6774e-06
1.14288e-06
7.55898e-07
4.76994e-07
2.77392e-07
1.35743e-07
3.6544e-08
-3.1765e-08
-7.75189e-08
-1.06979e-07
-1.24613e-07
-1.33809e-07
-1.36951e-07
-1.35868e-07
-1.31825e-07
-1.25805e-07
-1.18473e-07
-1.10348e-07
-1.01778e-07
-9.30255e-08
-8.42706e-08
-7.56364e-08
-6.72177e-08
-5.90584e-08
-5.12124e-08
-4.3678e-08
-3.64915e-08
-2.96242e-08
-2.31067e-08
-1.68944e-08
-1.10185e-08
-5.42457e-09
-1.46949e-10
4.87475e-09
9.60238e-09
1.40998e-08
1.83253e-08
2.23445e-08
2.61128e-08
2.96965e-08
3.30483e-08
3.62343e-08
3.92051e-08
4.20258e-08
4.46467e-08
4.71312e-08
4.94299e-08
5.16041e-08
5.36048e-08
5.54908e-08
5.72147e-08
5.88322e-08
6.0298e-08
6.16644e-08
6.28884e-08
6.40188e-08
6.50154e-08
6.5923e-08
6.67046e-08
6.74011e-08
6.79788e-08
6.84746e-08
6.88585e-08
6.91631e-08
6.93623e-08
6.94843e-08
6.95071e-08
6.94545e-08
6.93084e-08
6.90883e-08
6.87804e-08
6.83999e-08
6.79369e-08
6.74025e-08
6.6791e-08
6.61091e-08
6.53553e-08
6.45322e-08
6.3642e-08
6.26837e-08
6.16633e-08
6.05759e-08
5.94311e-08
5.82206e-08
5.69577e-08
5.56304e-08
5.42554e-08
5.28178e-08
5.13374e-08
4.97961e-08
4.82166e-08
4.65782e-08
4.49067e-08
4.31786e-08
4.14224e-08
3.96123e-08
3.77788e-08
3.58938e-08
3.39902e-08
3.20375e-08
3.00708e-08
2.80568e-08
2.60339e-08
2.39654e-08
2.18947e-08
1.97822e-08
1.76736e-08
1.5534e-08
1.33942e-08
1.12305e-08
9.10469e-09
6.78483e-09
4.7133e-09
3.29227e-09
0.115454
0.116604
0.120435
0.125949
0.133144
0.140964
0.143577
0.129746
0.04523
-0.179297
-0.393221
-0.330469
-0.318494
-0.126894
-0.0372876
-0.00136924
0.0122779
0.0138573
0.0120868
0.00959972
0.0072985
0.00543704
0.00401154
0.00295127
0.00216955
0.00159434
0.00117132
0.000860331
0.000631815
0.000463951
0.000340652
0.000250087
0.000183562
0.000134694
9.8796e-05
7.24266e-05
5.30578e-05
3.88324e-05
2.83864e-05
2.07174e-05
1.5089e-05
1.09598e-05
7.93247e-06
5.71443e-06
4.09111e-06
2.9045e-06
2.03875e-06
1.40845e-06
9.51068e-07
6.20425e-07
3.82796e-07
2.13196e-07
9.34523e-08
1.00427e-08
-4.68096e-08
-8.44249e-08
-1.0805e-07
-1.21648e-07
-1.28024e-07
-1.29321e-07
-1.27028e-07
-1.22296e-07
-1.15911e-07
-1.08482e-07
-1.00422e-07
-9.20443e-08
-8.35645e-08
-7.51324e-08
-6.68623e-08
-5.88116e-08
-5.10449e-08
-4.35677e-08
-3.64225e-08
-2.95844e-08
-2.30879e-08
-1.68902e-08
-1.10247e-08
-5.43775e-09
-1.64893e-10
4.85403e-09
9.58012e-09
1.40773e-08
1.83032e-08
2.23237e-08
2.60931e-08
2.96782e-08
3.3031e-08
3.62177e-08
3.91889e-08
4.20098e-08
4.46305e-08
4.71151e-08
4.94139e-08
5.15885e-08
5.35899e-08
5.54767e-08
5.72014e-08
5.88199e-08
6.02864e-08
6.16535e-08
6.2878e-08
6.40088e-08
6.50054e-08
6.59132e-08
6.66948e-08
6.73914e-08
6.79693e-08
6.84653e-08
6.88495e-08
6.91543e-08
6.93537e-08
6.94758e-08
6.94985e-08
6.94458e-08
6.92997e-08
6.90796e-08
6.87717e-08
6.83912e-08
6.79282e-08
6.73939e-08
6.67824e-08
6.61006e-08
6.53469e-08
6.45239e-08
6.36338e-08
6.26756e-08
6.16552e-08
6.05678e-08
5.94232e-08
5.82129e-08
5.695e-08
5.56228e-08
5.42481e-08
5.28107e-08
5.13306e-08
4.97895e-08
4.82103e-08
4.65721e-08
4.49008e-08
4.31729e-08
4.1417e-08
3.9607e-08
3.77738e-08
3.58889e-08
3.39854e-08
3.20327e-08
3.00663e-08
2.80524e-08
2.60298e-08
2.39615e-08
2.1891e-08
1.97787e-08
1.76703e-08
1.5531e-08
1.33914e-08
1.12286e-08
9.10242e-09
6.78434e-09
4.71062e-09
3.2942e-09
0.118498
0.120002
0.125035
0.132709
0.143725
0.15866
0.17298
0.183239
0.0881944
-0.170532
-0.467758
-0.397865
-0.439023
-0.136799
-0.0200107
0.0153343
0.0238013
0.0209256
0.0162901
0.0121372
0.00888045
0.00645167
0.00468119
0.0034058
0.00248468
0.00181603
0.00132894
0.000973303
0.000713288
0.00052298
0.000383566
0.000281364
0.000206402
0.000151397
0.000111026
8.1389e-05
5.96303e-05
4.36549e-05
3.19264e-05
2.33167e-05
1.69981e-05
1.23623e-05
8.96288e-06
6.47158e-06
4.64752e-06
3.31342e-06
2.33929e-06
1.62934e-06
1.11342e-06
7.39756e-07
4.70502e-07
2.77656e-07
1.40822e-07
4.48487e-08
-2.12422e-08
-6.56528e-08
-9.42769e-08
-1.11552e-07
-1.20632e-07
-1.23915e-07
-1.23078e-07
-1.19415e-07
-1.13813e-07
-1.06959e-07
-9.93212e-08
-9.12526e-08
-8.29988e-08
-7.4731e-08
-6.65802e-08
-5.8616e-08
-5.09122e-08
-4.34806e-08
-3.63685e-08
-2.95542e-08
-2.30749e-08
-1.68891e-08
-1.10319e-08
-5.45046e-09
-1.813e-10
4.83538e-09
9.55993e-09
1.40562e-08
1.82813e-08
2.23014e-08
2.60707e-08
2.96562e-08
3.30097e-08
3.61978e-08
3.91704e-08
4.19929e-08
4.46148e-08
4.71007e-08
4.94006e-08
5.15762e-08
5.35781e-08
5.54653e-08
5.71901e-08
5.88087e-08
6.02752e-08
6.16425e-08
6.28672e-08
6.39983e-08
6.49954e-08
6.59036e-08
6.66857e-08
6.73827e-08
6.79608e-08
6.8457e-08
6.88412e-08
6.91462e-08
6.93456e-08
6.94679e-08
6.94909e-08
6.94385e-08
6.92925e-08
6.90726e-08
6.87648e-08
6.83844e-08
6.79215e-08
6.73872e-08
6.67758e-08
6.6094e-08
6.53404e-08
6.45174e-08
6.36275e-08
6.26693e-08
6.16491e-08
6.05618e-08
5.94173e-08
5.8207e-08
5.69443e-08
5.56171e-08
5.42424e-08
5.2805e-08
5.13251e-08
4.97841e-08
4.82049e-08
4.65665e-08
4.48951e-08
4.31672e-08
4.14114e-08
3.96015e-08
3.77685e-08
3.58838e-08
3.39807e-08
3.20283e-08
3.00622e-08
2.80485e-08
2.60261e-08
2.39579e-08
2.18876e-08
1.97754e-08
1.76672e-08
1.55283e-08
1.33887e-08
1.12268e-08
9.10019e-09
6.78393e-09
4.70797e-09
3.29621e-09
0.12094
0.122747
0.128873
0.138455
0.153492
0.17496
0.207155
0.209774
0.179397
-0.209198
-0.657129
-0.490577
-0.587707
-0.144963
0.00440992
0.0375049
0.0374659
0.0283728
0.0202229
0.0143337
0.0102082
0.00729097
0.00522995
0.00377614
0.00273973
0.00199395
0.00145436
0.00106251
0.000777224
0.000569079
0.000416962
0.000305644
0.000224102
0.000164328
0.000120487
8.83188e-05
6.47106e-05
4.73817e-05
3.46616e-05
2.53249e-05
1.84729e-05
1.34456e-05
9.75877e-06
7.05637e-06
5.07723e-06
3.6292e-06
2.57134e-06
1.79987e-06
1.23874e-06
8.3184e-07
5.3816e-07
3.27361e-07
1.77333e-07
7.16608e-08
-1.55623e-09
-5.12013e-08
-8.36691e-08
-1.03767e-07
-1.14921e-07
-1.1973e-07
-1.20018e-07
-1.17182e-07
-1.12189e-07
-1.05783e-07
-9.84728e-08
-9.06448e-08
-8.25678e-08
-7.44301e-08
-6.63749e-08
-5.84804e-08
-5.08273e-08
-4.34319e-08
-3.63455e-08
-2.95491e-08
-2.30821e-08
-1.69047e-08
-1.10531e-08
-5.47511e-09
-2.08032e-10
4.80777e-09
9.5322e-09
1.40292e-08
1.82554e-08
2.2277e-08
2.60478e-08
2.96348e-08
3.29897e-08
3.6179e-08
3.91526e-08
4.19754e-08
4.45974e-08
4.70834e-08
4.93837e-08
5.15599e-08
5.35625e-08
5.54506e-08
5.71762e-08
5.87957e-08
6.0263e-08
6.16309e-08
6.2856e-08
6.39875e-08
6.49847e-08
6.5893e-08
6.66751e-08
6.73722e-08
6.79505e-08
6.84469e-08
6.88313e-08
6.91365e-08
6.93361e-08
6.94584e-08
6.94813e-08
6.94287e-08
6.92827e-08
6.90627e-08
6.87549e-08
6.83744e-08
6.79116e-08
6.73772e-08
6.67659e-08
6.60842e-08
6.53307e-08
6.45078e-08
6.3618e-08
6.266e-08
6.16399e-08
6.05527e-08
5.94084e-08
5.81983e-08
5.69358e-08
5.56087e-08
5.42342e-08
5.27971e-08
5.13175e-08
4.97769e-08
4.8198e-08
4.65597e-08
4.48884e-08
4.31607e-08
4.14052e-08
3.95956e-08
3.77629e-08
3.58783e-08
3.39753e-08
3.20231e-08
3.00571e-08
2.80437e-08
2.60216e-08
2.39537e-08
2.18836e-08
1.97717e-08
1.76637e-08
1.55253e-08
1.33859e-08
1.12248e-08
9.09786e-09
6.78352e-09
4.70527e-09
3.29834e-09
0.12265
0.124694
0.131626
0.142811
0.160899
0.189494
0.235101
0.272733
0.326032
-0.186681
-0.493721
-0.633208
-0.134132
0.0411166
0.0630711
0.0509989
0.0349399
0.0232815
0.0158869
0.011111
0.00785602
0.00559945
0.00402607
0.00291188
0.00211396
0.00153902
0.00112285
0.000820565
0.000600391
0.000439676
0.000322172
0.000236157
0.000173136
0.000126931
9.30391e-05
6.81709e-05
4.992e-05
3.65245e-05
2.66927e-05
1.94774e-05
1.41836e-05
1.0301e-05
7.45479e-06
5.37004e-06
3.84441e-06
2.72954e-06
1.91616e-06
1.32422e-06
8.94679e-07
5.84351e-07
3.61309e-07
2.02277e-07
8.99828e-08
1.18925e-08
-4.13403e-08
-7.64507e-08
-9.84946e-08
-1.1108e-07
-1.16937e-07
-1.17994e-07
-1.1572e-07
-1.11138e-07
-1.05033e-07
-9.79431e-08
-9.02758e-08
-8.23152e-08
-7.4261e-08
-6.62656e-08
-5.84137e-08
-5.0791e-08
-4.34171e-08
-3.63462e-08
-2.95605e-08
-2.31009e-08
-1.69283e-08
-1.10797e-08
-5.50329e-09
-2.36886e-10
4.77888e-09
9.50358e-09
1.4001e-08
1.82277e-08
2.22498e-08
2.60213e-08
2.96093e-08
3.29655e-08
3.61568e-08
3.91324e-08
4.19566e-08
4.45794e-08
4.70664e-08
4.93677e-08
5.1545e-08
5.35483e-08
5.54366e-08
5.71624e-08
5.87819e-08
6.02494e-08
6.16174e-08
6.28427e-08
6.39744e-08
6.4972e-08
6.58807e-08
6.66631e-08
6.73606e-08
6.7939e-08
6.84356e-08
6.88201e-08
6.91253e-08
6.9325e-08
6.94475e-08
6.94706e-08
6.94182e-08
6.92724e-08
6.90525e-08
6.87448e-08
6.83644e-08
6.79016e-08
6.73673e-08
6.67559e-08
6.60743e-08
6.53209e-08
6.44981e-08
6.36084e-08
6.26505e-08
6.16306e-08
6.05437e-08
5.93997e-08
5.81898e-08
5.69275e-08
5.56005e-08
5.42261e-08
5.27892e-08
5.13102e-08
4.977e-08
4.81913e-08
4.65526e-08
4.48811e-08
4.31534e-08
4.13981e-08
3.95889e-08
3.77565e-08
3.58721e-08
3.39696e-08
3.20178e-08
3.00522e-08
2.8039e-08
2.60172e-08
2.39495e-08
2.18797e-08
1.9768e-08
1.76603e-08
1.55224e-08
1.3383e-08
1.12229e-08
9.09542e-09
6.78307e-09
4.70245e-09
3.30054e-09
0.123532
0.1257
0.133081
0.14512
0.165061
0.197674
0.252694
0.319234
0.431028
-0.585366
-0.0760294
0.0787762
0.0865105
0.0627611
0.0402533
0.0255207
0.0168968
0.0116457
0.00817022
0.00579857
0.00415923
0.00300286
0.00217678
0.00158294
0.00115394
0.000842782
0.000616377
0.000451239
0.000330569
0.000242273
0.000177601
0.000130196
9.54301e-05
6.99234e-05
5.12054e-05
3.74679e-05
2.73852e-05
1.99861e-05
1.45572e-05
1.05755e-05
7.65649e-06
5.51826e-06
3.95333e-06
2.80958e-06
1.97497e-06
1.36743e-06
9.2641e-07
6.07648e-07
3.78407e-07
2.14818e-07
9.91761e-08
1.86277e-08
-3.6408e-08
-7.28395e-08
-9.58518e-08
-1.09148e-07
-1.15531e-07
-1.16976e-07
-1.14989e-07
-1.1062e-07
-1.04669e-07
-9.76931e-08
-9.01087e-08
-8.22091e-08
-7.41999e-08
-6.62375e-08
-5.84094e-08
-5.08035e-08
-4.3441e-08
-3.63773e-08
-2.95961e-08
-2.31389e-08
-1.69673e-08
-1.11189e-08
-5.54196e-09
-2.74645e-10
4.7423e-09
9.46844e-09
1.39675e-08
1.81959e-08
2.22198e-08
2.5993e-08
2.95825e-08
3.294e-08
3.61326e-08
3.91098e-08
4.19355e-08
4.45599e-08
4.70484e-08
4.9351e-08
5.15293e-08
5.35339e-08
5.54234e-08
5.71504e-08
5.8771e-08
6.02394e-08
6.16083e-08
6.28343e-08
6.39666e-08
6.49647e-08
6.58737e-08
6.66565e-08
6.73541e-08
6.7933e-08
6.84298e-08
6.88147e-08
6.91203e-08
6.93202e-08
6.94429e-08
6.9466e-08
6.94137e-08
6.92679e-08
6.90481e-08
6.87405e-08
6.83601e-08
6.78975e-08
6.73632e-08
6.67519e-08
6.60704e-08
6.53169e-08
6.44941e-08
6.36043e-08
6.26463e-08
6.16262e-08
6.0539e-08
5.93948e-08
5.81848e-08
5.69223e-08
5.55951e-08
5.422e-08
5.27823e-08
5.13026e-08
4.97617e-08
4.81826e-08
4.65438e-08
4.48725e-08
4.31451e-08
4.13902e-08
3.95811e-08
3.77489e-08
3.5865e-08
3.39633e-08
3.20119e-08
3.00466e-08
2.80337e-08
2.60123e-08
2.3945e-08
2.18753e-08
1.97641e-08
1.76566e-08
1.55193e-08
1.338e-08
1.12209e-08
9.09299e-09
6.78273e-09
4.69964e-09
3.30295e-09
0.123532
0.1257
0.133081
0.14512
0.165062
0.197674
0.252694
0.329784
0.493023
-0.547383
-0.0760349
0.0787735
0.0865091
0.0627606
0.0402529
0.0255204
0.0168967
0.0116456
0.0081702
0.00579856
0.00415922
0.00300285
0.00217678
0.00158294
0.00115394
0.000842781
0.000616377
0.000451239
0.000330569
0.000242274
0.000177602
0.000130197
9.54312e-05
6.99245e-05
5.12065e-05
3.74688e-05
2.73862e-05
1.99869e-05
1.45579e-05
1.05761e-05
7.65707e-06
5.51876e-06
3.95376e-06
2.80994e-06
1.97527e-06
1.36767e-06
9.26603e-07
6.07796e-07
3.78515e-07
2.1489e-07
9.92141e-08
1.86346e-08
-3.64305e-08
-7.28893e-08
-9.59249e-08
-1.09239e-07
-1.15632e-07
-1.17081e-07
-1.15094e-07
-1.10723e-07
-1.0477e-07
-9.7791e-08
-9.0203e-08
-8.22988e-08
-7.42843e-08
-6.63161e-08
-5.84824e-08
-5.08713e-08
-4.35043e-08
-3.64367e-08
-2.9652e-08
-2.31917e-08
-1.70173e-08
-1.11662e-08
-5.58692e-09
-3.17438e-10
4.7013e-09
9.4289e-09
1.39288e-08
1.81577e-08
2.21813e-08
2.59535e-08
2.95411e-08
3.28955e-08
3.60832e-08
3.90552e-08
4.18789e-08
4.45037e-08
4.69921e-08
4.92939e-08
5.14711e-08
5.34746e-08
5.5364e-08
5.7091e-08
5.87119e-08
6.01806e-08
6.155e-08
6.27766e-08
6.39096e-08
6.49084e-08
6.58182e-08
6.66018e-08
6.73002e-08
6.78798e-08
6.83773e-08
6.87629e-08
6.90691e-08
6.92699e-08
6.93936e-08
6.9418e-08
6.93671e-08
6.92227e-08
6.90043e-08
6.86981e-08
6.83191e-08
6.78577e-08
6.73248e-08
6.67146e-08
6.60338e-08
6.52809e-08
6.44585e-08
6.35691e-08
6.26114e-08
6.15917e-08
6.05048e-08
5.93606e-08
5.81506e-08
5.68886e-08
5.55625e-08
5.41894e-08
5.27534e-08
5.12745e-08
4.97349e-08
4.81582e-08
4.65235e-08
4.48558e-08
4.31314e-08
4.13792e-08
3.95733e-08
3.77443e-08
3.586e-08
3.39567e-08
3.20049e-08
3.00401e-08
2.80281e-08
2.60074e-08
2.39403e-08
2.18709e-08
1.97601e-08
1.76528e-08
1.55161e-08
1.33769e-08
1.12188e-08
9.09041e-09
6.78233e-09
4.69665e-09
3.30544e-09
0.12265
0.124694
0.131626
0.142811
0.160899
0.189494
0.2351
0.300776
0.413276
-0.491307
-0.623718
-0.134143
0.0411094
0.0630675
0.0509966
0.0349385
0.0232807
0.0158865
0.0111108
0.00785592
0.0055994
0.00402604
0.00291186
0.00211395
0.00153901
0.00112284
0.000820561
0.000600389
0.000439675
0.000322173
0.000236158
0.000173138
0.000126933
9.30414e-05
6.81733e-05
4.99223e-05
3.65267e-05
2.66946e-05
1.94792e-05
1.41851e-05
1.03023e-05
7.45593e-06
5.37099e-06
3.84518e-06
2.73014e-06
1.91662e-06
1.32455e-06
8.94891e-07
5.84464e-07
3.61341e-07
2.02241e-07
8.9893e-08
1.17616e-08
-4.15007e-08
-7.66307e-08
-9.86876e-08
-1.11282e-07
-1.17149e-07
-1.18213e-07
-1.15946e-07
-1.11368e-07
-1.05264e-07
-9.81721e-08
-9.05011e-08
-8.25358e-08
-7.44764e-08
-6.6475e-08
-5.86165e-08
-5.09862e-08
-4.36043e-08
-3.65245e-08
-2.97301e-08
-2.32617e-08
-1.70807e-08
-1.12239e-08
-5.63999e-09
-3.66427e-10
4.65572e-09
9.38646e-09
1.38891e-08
1.81206e-08
2.21464e-08
2.59208e-08
2.95101e-08
3.28662e-08
3.60554e-08
3.90294e-08
4.18549e-08
4.44817e-08
4.69719e-08
4.92752e-08
5.14536e-08
5.34584e-08
5.5349e-08
5.70773e-08
5.86991e-08
6.01688e-08
6.1539e-08
6.27665e-08
6.39e-08
6.48993e-08
6.58095e-08
6.65935e-08
6.72922e-08
6.78721e-08
6.837e-08
6.8756e-08
6.90625e-08
6.92636e-08
6.93874e-08
6.9412e-08
6.93611e-08
6.92167e-08
6.89984e-08
6.86923e-08
6.83134e-08
6.78522e-08
6.73194e-08
6.67093e-08
6.60285e-08
6.52756e-08
6.44532e-08
6.35637e-08
6.26059e-08
6.15859e-08
6.04987e-08
5.93543e-08
5.81441e-08
5.68817e-08
5.55553e-08
5.41814e-08
5.27443e-08
5.12642e-08
4.97234e-08
4.81457e-08
4.65101e-08
4.48417e-08
4.31161e-08
4.13618e-08
3.95526e-08
3.77202e-08
3.58401e-08
3.39431e-08
3.19974e-08
3.00353e-08
2.80221e-08
2.60021e-08
2.39352e-08
2.18661e-08
1.97559e-08
1.76489e-08
1.55129e-08
1.33738e-08
1.12168e-08
9.08786e-09
6.78209e-09
4.69368e-09
3.3082e-09
0.12094
0.122747
0.128873
0.138455
0.153492
0.17496
0.207155
0.247158
0.254055
-0.340395
-0.496033
-0.614409
-0.144973
0.00440254
0.0375009
0.0374643
0.0283717
0.0202222
0.0143333
0.0102079
0.00729085
0.00522988
0.00377609
0.0027397
0.00199393
0.00145435
0.00106251
0.000777219
0.000569077
0.000416962
0.000305646
0.000224105
0.000164332
0.000120491
8.83233e-05
6.47151e-05
4.7386e-05
3.46657e-05
2.53286e-05
1.84763e-05
1.34486e-05
9.76138e-06
7.0586e-06
5.07912e-06
3.63077e-06
2.57262e-06
1.80089e-06
1.23952e-06
8.32409e-07
5.38547e-07
3.27588e-07
1.77422e-07
7.16331e-08
-1.68403e-09
-5.14138e-08
-8.39525e-08
-1.04107e-07
-1.15304e-07
-1.20141e-07
-1.20444e-07
-1.17615e-07
-1.12623e-07
-1.06212e-07
-9.88941e-08
-9.10555e-08
-8.29648e-08
-7.48115e-08
-6.67391e-08
-5.88271e-08
-5.11563e-08
-4.37439e-08
-3.66409e-08
-2.98288e-08
-2.33466e-08
-1.71549e-08
-1.12893e-08
-5.69854e-09
-4.19121e-10
4.60774e-09
9.34261e-09
1.38485e-08
1.8083e-08
2.21113e-08
2.5888e-08
2.94793e-08
3.28377e-08
3.60292e-08
3.90056e-08
4.18324e-08
4.44599e-08
4.69509e-08
4.92553e-08
5.14347e-08
5.34404e-08
5.53314e-08
5.70601e-08
5.86822e-08
6.01523e-08
6.15226e-08
6.27504e-08
6.38842e-08
6.48839e-08
6.57944e-08
6.65787e-08
6.72776e-08
6.78578e-08
6.83558e-08
6.87419e-08
6.90485e-08
6.92497e-08
6.93737e-08
6.93985e-08
6.93477e-08
6.92035e-08
6.89853e-08
6.86793e-08
6.83005e-08
6.78393e-08
6.73065e-08
6.66965e-08
6.60158e-08
6.5263e-08
6.44406e-08
6.35513e-08
6.25936e-08
6.15738e-08
6.04869e-08
5.93428e-08
5.81329e-08
5.68708e-08
5.55445e-08
5.41707e-08
5.2734e-08
5.12545e-08
4.97143e-08
4.81368e-08
4.6501e-08
4.48324e-08
4.31071e-08
4.13535e-08
3.95459e-08
3.77153e-08
3.58332e-08
3.39319e-08
3.19809e-08
3.00182e-08
2.80133e-08
2.59965e-08
2.39295e-08
2.18608e-08
1.97514e-08
1.76449e-08
1.55095e-08
1.33706e-08
1.12147e-08
9.08518e-09
6.78181e-09
4.69053e-09
3.3111e-09
0.118498
0.120002
0.125035
0.132709
0.143725
0.15866
0.17298
0.183239
0.134232
-0.23834
-0.610214
-0.458831
-0.439024
-0.136807
-0.0200157
0.0153316
0.0237998
0.0209247
0.0162895
0.0121367
0.00888016
0.00645149
0.00468109
0.00340574
0.00248464
0.001816
0.00132892
0.000973291
0.000713281
0.000522976
0.000383566
0.000281366
0.000206405
0.000151402
0.000111031
8.13947e-05
5.9636e-05
4.36605e-05
3.19316e-05
2.33215e-05
1.70024e-05
1.23661e-05
8.9662e-06
6.47442e-06
4.6499e-06
3.31538e-06
2.34085e-06
1.63055e-06
1.11432e-06
7.40378e-07
4.70885e-07
2.77835e-07
1.4083e-07
4.47144e-08
-2.1491e-08
-6.59912e-08
-9.46836e-08
-1.1201e-07
-1.21128e-07
-1.24439e-07
-1.23624e-07
-1.19973e-07
-1.14377e-07
-1.07523e-07
-9.98772e-08
-9.17974e-08
-8.35291e-08
-7.52452e-08
-6.70762e-08
-5.90928e-08
-5.13684e-08
-4.39157e-08
-3.67819e-08
-2.99463e-08
-2.34456e-08
-1.72398e-08
-1.1363e-08
-5.76345e-09
-4.76769e-10
4.55576e-09
9.29557e-09
1.38054e-08
1.80435e-08
2.20747e-08
2.58543e-08
2.94478e-08
3.28085e-08
3.6002e-08
3.89803e-08
4.18083e-08
4.4437e-08
4.69287e-08
4.92342e-08
5.14144e-08
5.34212e-08
5.53129e-08
5.70425e-08
5.86651e-08
6.0136e-08
6.15068e-08
6.27351e-08
6.38692e-08
6.48693e-08
6.57799e-08
6.65644e-08
6.72635e-08
6.78439e-08
6.8342e-08
6.87284e-08
6.90351e-08
6.92366e-08
6.93606e-08
6.93854e-08
6.93345e-08
6.91904e-08
6.89722e-08
6.86662e-08
6.82874e-08
6.78263e-08
6.72935e-08
6.66836e-08
6.6003e-08
6.52504e-08
6.44282e-08
6.35391e-08
6.25816e-08
6.1562e-08
6.04753e-08
5.93314e-08
5.81218e-08
5.68599e-08
5.55338e-08
5.41601e-08
5.27237e-08
5.12446e-08
4.97048e-08
4.81275e-08
4.64918e-08
4.48233e-08
4.30981e-08
4.13447e-08
3.95373e-08
3.77067e-08
3.5825e-08
3.39247e-08
3.19754e-08
3.00123e-08
2.80013e-08
2.59826e-08
2.39244e-08
2.18559e-08
1.9747e-08
1.76408e-08
1.55062e-08
1.33673e-08
1.12127e-08
9.08253e-09
6.7817e-09
4.68738e-09
3.31429e-09
0.115454
0.116604
0.120435
0.125949
0.133144
0.140964
0.143577
0.129745
0.0452296
-0.179296
-0.393216
-0.330464
-0.318495
-0.126899
-0.0372909
-0.00137105
0.0122771
0.0138568
0.0120864
0.00959936
0.00729824
0.00543686
0.00401143
0.00295119
0.0021695
0.00159431
0.0011713
0.000860317
0.000631806
0.000463947
0.000340652
0.00025009
0.000183567
0.0001347
9.88033e-05
7.24343e-05
5.30654e-05
3.88398e-05
2.83934e-05
2.07238e-05
1.50947e-05
1.09649e-05
7.9369e-06
5.71823e-06
4.09431e-06
2.90715e-06
2.04089e-06
1.41013e-06
9.52338e-07
6.21335e-07
3.8339e-07
2.13518e-07
9.35408e-08
9.93469e-09
-4.70821e-08
-8.48336e-08
-1.08569e-07
-1.22255e-07
-1.28696e-07
-1.30037e-07
-1.2777e-07
-1.23051e-07
-1.16667e-07
-1.09232e-07
-1.0116e-07
-9.27643e-08
-8.42621e-08
-7.58046e-08
-6.75062e-08
-5.94265e-08
-5.163e-08
-4.41237e-08
-3.69494e-08
-3.00836e-08
-2.35597e-08
-1.73363e-08
-1.14456e-08
-5.83535e-09
-5.39873e-10
4.49947e-09
9.24515e-09
1.37595e-08
1.80017e-08
2.2036e-08
2.58187e-08
2.94147e-08
3.27779e-08
3.59735e-08
3.89539e-08
4.17833e-08
4.44133e-08
4.6906e-08
4.92127e-08
5.13938e-08
5.34016e-08
5.52939e-08
5.70242e-08
5.86472e-08
6.01186e-08
6.14897e-08
6.27186e-08
6.38529e-08
6.48535e-08
6.57644e-08
6.65495e-08
6.72488e-08
6.78296e-08
6.83279e-08
6.87145e-08
6.90213e-08
6.9223e-08
6.93471e-08
6.93722e-08
6.93215e-08
6.91776e-08
6.89595e-08
6.86537e-08
6.8275e-08
6.7814e-08
6.72813e-08
6.66715e-08
6.5991e-08
6.52385e-08
6.44164e-08
6.35274e-08
6.257e-08
6.15506e-08
6.04641e-08
5.93204e-08
5.81109e-08
5.68492e-08
5.55232e-08
5.41497e-08
5.27135e-08
5.12346e-08
4.96951e-08
4.8118e-08
4.64824e-08
4.48138e-08
4.30889e-08
4.13357e-08
3.95287e-08
3.76982e-08
3.58168e-08
3.39168e-08
3.19676e-08
3.00048e-08
2.7995e-08
2.59752e-08
2.39106e-08
2.18507e-08
1.97423e-08
1.76365e-08
1.55027e-08
1.33639e-08
1.12107e-08
9.07977e-09
6.7816e-09
4.68407e-09
3.31763e-09
0.111951
0.112743
0.11534
0.118805
0.122493
0.124925
0.119706
0.0978076
0.0260597
-0.147707
-0.275866
-0.254143
-0.248163
-0.1173
-0.0462638
-0.0129348
0.00270434
0.00727377
0.00781868
0.00686188
0.00552311
0.00426597
0.00322319
0.00240977
0.00179173
0.00132769
0.000981534
0.000724332
0.000533812
0.000393005
0.000289106
0.00021253
0.000156139
0.000114639
8.4112e-05
6.1666e-05
4.51673e-05
3.30439e-05
2.41386e-05
1.75995e-05
1.28001e-05
9.27937e-06
6.69859e-06
4.80841e-06
3.42579e-06
2.4159e-06
1.67989e-06
1.14482e-06
7.57344e-07
4.78009e-07
2.78032e-07
1.36061e-07
3.65897e-08
-3.19462e-08
-7.78862e-08
-1.07495e-07
-1.25245e-07
-1.3453e-07
-1.37737e-07
-1.36703e-07
-1.32693e-07
-1.26693e-07
-1.19367e-07
-1.11239e-07
-1.02656e-07
-9.38848e-08
-8.51057e-08
-7.64443e-08
-6.79952e-08
-5.98041e-08
-5.19244e-08
-4.43561e-08
-3.71349e-08
-3.02338e-08
-2.36828e-08
-1.74389e-08
-1.15321e-08
-5.90968e-09
-6.04315e-10
4.44249e-09
9.19454e-09
1.37138e-08
1.79603e-08
2.1998e-08
2.57839e-08
2.93823e-08
3.27481e-08
3.59455e-08
3.89279e-08
4.17587e-08
4.43901e-08
4.68837e-08
4.91917e-08
5.13735e-08
5.33824e-08
5.52753e-08
5.70065e-08
5.86301e-08
6.01023e-08
6.14738e-08
6.27033e-08
6.38379e-08
6.48389e-08
6.57499e-08
6.65353e-08
6.72347e-08
6.78158e-08
6.83142e-08
6.87012e-08
6.90081e-08
6.921e-08
6.93341e-08
6.93594e-08
6.93086e-08
6.91649e-08
6.89467e-08
6.8641e-08
6.82623e-08
6.78014e-08
6.72688e-08
6.6659e-08
6.59787e-08
6.52263e-08
6.44044e-08
6.35156e-08
6.25584e-08
6.15391e-08
6.04528e-08
5.93093e-08
5.81001e-08
5.68385e-08
5.55127e-08
5.41394e-08
5.27036e-08
5.12249e-08
4.96858e-08
4.81088e-08
4.64735e-08
4.48051e-08
4.30805e-08
4.13275e-08
3.95209e-08
3.76907e-08
3.58095e-08
3.39096e-08
3.19608e-08
2.9998e-08
2.79884e-08
2.59698e-08
2.39064e-08
2.18393e-08
1.97383e-08
1.76327e-08
1.54993e-08
1.33606e-08
1.12087e-08
9.0771e-09
6.78169e-09
4.68079e-09
3.32128e-09
0.108136
0.108579
0.110008
0.111564
0.112329
0.110327
0.10023
0.0734518
0.0130619
-0.106374
-0.210459
-0.202086
-0.192673
-0.104494
-0.0504368
-0.0208192
-0.00469904
0.00173735
0.00395668
0.00423484
0.00374407
0.00305494
0.00239013
0.00182903
0.00138182
0.00103541
0.00077152
0.000572579
0.000423704
0.000312869
0.000230653
0.00016982
0.000124891
9.17541e-05
6.73388e-05
4.93644e-05
3.61409e-05
2.64182e-05
1.92737e-05
1.40266e-05
1.01756e-05
7.35135e-06
5.28206e-06
3.7676e-06
2.661e-06
1.8539e-06
1.26689e-06
8.41305e-07
5.34278e-07
3.1406e-07
1.57522e-07
4.74718e-08
-2.85456e-08
-7.98474e-08
-1.13125e-07
-1.3343e-07
-1.44343e-07
-1.48604e-07
-1.48119e-07
-1.44368e-07
-1.38358e-07
-1.30886e-07
-1.22477e-07
-1.13552e-07
-1.04382e-07
-9.51777e-08
-8.60786e-08
-7.71807e-08
-6.8556e-08
-6.02349e-08
-5.22583e-08
-4.46183e-08
-3.73432e-08
-3.04021e-08
-2.38205e-08
-1.75538e-08
-1.1629e-08
-5.993e-09
-6.76511e-10
4.37874e-09
9.13803e-09
1.36627e-08
1.79143e-08
2.19556e-08
2.57451e-08
2.93463e-08
3.27149e-08
3.59145e-08
3.88991e-08
4.17313e-08
4.43644e-08
4.6859e-08
4.91683e-08
5.1351e-08
5.3361e-08
5.52545e-08
5.69866e-08
5.86106e-08
6.00835e-08
6.14553e-08
6.26854e-08
6.38202e-08
6.48219e-08
6.57332e-08
6.65192e-08
6.72188e-08
6.78003e-08
6.82988e-08
6.86861e-08
6.89931e-08
6.91953e-08
6.93195e-08
6.9345e-08
6.92944e-08
6.91509e-08
6.89328e-08
6.86273e-08
6.82487e-08
6.7788e-08
6.72554e-08
6.66458e-08
6.59655e-08
6.52133e-08
6.43916e-08
6.35029e-08
6.25459e-08
6.15269e-08
6.04408e-08
5.92974e-08
5.80884e-08
5.6827e-08
5.55016e-08
5.41284e-08
5.26928e-08
5.12144e-08
4.96756e-08
4.80987e-08
4.64637e-08
4.47954e-08
4.30711e-08
4.13183e-08
3.9512e-08
3.76821e-08
3.58014e-08
3.39018e-08
3.19536e-08
2.99911e-08
2.7982e-08
2.59635e-08
2.39006e-08
2.18343e-08
1.97275e-08
1.76286e-08
1.54953e-08
1.33569e-08
1.12066e-08
9.07426e-09
6.78177e-09
4.67738e-09
3.32508e-09
0.104148
0.104277
0.104643
0.104564
0.102956
0.0978372
0.0848496
0.0572588
0.00642913
-0.0820778
-0.15846
-0.157735
-0.153023
-0.0934407
-0.0515345
-0.0257974
-0.0103438
-0.00294872
0.000433623
0.00170239
0.00195822
0.00180158
0.00150825
0.00120451
0.000936546
0.000716091
0.00054143
0.000406131
0.00030289
0.000224931
0.000166496
0.000122928
9.05704e-05
6.66075e-05
4.88997e-05
3.58358e-05
2.62109e-05
1.91272e-05
1.39191e-05
1.00935e-05
7.28623e-06
5.22847e-06
3.72225e-06
2.62143e-06
1.81875e-06
1.23496e-06
8.12023e-07
5.07013e-07
2.88587e-07
1.33476e-07
2.47836e-08
-5.01057e-08
-1.00284e-07
-1.32595e-07
-1.51916e-07
-1.61963e-07
-1.65337e-07
-1.64057e-07
-1.59499e-07
-1.52756e-07
-1.44548e-07
-1.35461e-07
-1.25864e-07
-1.16065e-07
-1.06251e-07
-9.6573e-08
-8.71245e-08
-7.79692e-08
-6.91542e-08
-6.06925e-08
-5.26111e-08
-4.48932e-08
-3.75593e-08
-3.05743e-08
-2.39591e-08
-1.76672e-08
-1.17227e-08
-6.07213e-09
-7.43835e-10
4.32011e-09
9.08682e-09
1.36169e-08
1.78734e-08
2.19184e-08
2.57114e-08
2.9315e-08
3.26863e-08
3.58876e-08
3.88743e-08
4.17078e-08
4.43425e-08
4.68379e-08
4.91486e-08
5.1332e-08
5.33431e-08
5.5237e-08
5.69701e-08
5.85945e-08
6.00682e-08
6.14403e-08
6.26711e-08
6.38061e-08
6.48082e-08
6.57195e-08
6.65059e-08
6.72055e-08
6.77874e-08
6.82859e-08
6.86735e-08
6.89805e-08
6.9183e-08
6.93072e-08
6.93329e-08
6.92823e-08
6.91389e-08
6.89208e-08
6.86154e-08
6.82368e-08
6.77762e-08
6.72437e-08
6.66342e-08
6.5954e-08
6.52019e-08
6.43803e-08
6.34918e-08
6.25349e-08
6.1516e-08
6.04301e-08
5.92868e-08
5.80781e-08
5.68168e-08
5.54916e-08
5.41185e-08
5.26833e-08
5.1205e-08
4.96665e-08
4.80898e-08
4.64551e-08
4.47869e-08
4.3063e-08
4.13103e-08
3.95045e-08
3.76747e-08
3.57944e-08
3.38948e-08
3.1947e-08
2.99847e-08
2.79762e-08
2.59579e-08
2.38954e-08
2.18294e-08
1.97236e-08
1.76181e-08
1.54914e-08
1.33536e-08
1.12048e-08
9.07168e-09
6.78212e-09
4.67408e-09
3.32917e-09
0.100115
0.0999659
0.09941
0.0979595
0.0945115
0.0871901
0.0726491
0.0458281
0.00246927
-0.0633683
-0.122314
-0.127422
-0.12396
-0.0826904
-0.0505777
-0.0287802
-0.0144907
-0.00671204
-0.00258075
-0.000570343
0.000296216
0.00060174
0.00064546
0.000583085
0.000487336
0.000390131
0.000304151
0.000232997
0.000176346
0.000132326
9.86667e-05
7.32115e-05
5.41101e-05
3.98568e-05
2.92658e-05
2.14211e-05
1.56254e-05
1.13523e-05
8.20769e-06
5.89739e-06
4.20319e-06
2.96307e-06
2.05756e-06
1.39811e-06
9.19743e-07
5.74266e-07
3.26457e-07
1.50141e-07
2.62878e-08
-5.93214e-08
-1.1694e-07
-1.54295e-07
-1.7689e-07
-1.88932e-07
-1.93357e-07
-1.92457e-07
-1.87786e-07
-1.80593e-07
-1.71687e-07
-1.61747e-07
-1.51187e-07
-1.4037e-07
-1.295e-07
-1.18764e-07
-1.0826e-07
-9.80746e-08
-8.82511e-08
-7.8819e-08
-6.9799e-08
-6.11857e-08
-5.29917e-08
-4.51906e-08
-3.77943e-08
-3.07632e-08
-2.41128e-08
-1.77949e-08
-1.18299e-08
-6.16398e-09
-8.23106e-10
4.25028e-09
9.02512e-09
1.35612e-08
1.78233e-08
2.18722e-08
2.56692e-08
2.92757e-08
3.26501e-08
3.58535e-08
3.88426e-08
4.16775e-08
4.43141e-08
4.68106e-08
4.91228e-08
5.13069e-08
5.33193e-08
5.52139e-08
5.6948e-08
5.85728e-08
6.00474e-08
6.14197e-08
6.26512e-08
6.37865e-08
6.47893e-08
6.57009e-08
6.64879e-08
6.71877e-08
6.77701e-08
6.82687e-08
6.86567e-08
6.89638e-08
6.91667e-08
6.92909e-08
6.9317e-08
6.92664e-08
6.91233e-08
6.89053e-08
6.86002e-08
6.82217e-08
6.77613e-08
6.72288e-08
6.66196e-08
6.59396e-08
6.51877e-08
6.43663e-08
6.34779e-08
6.25214e-08
6.15026e-08
6.0417e-08
5.92739e-08
5.80655e-08
5.68044e-08
5.54795e-08
5.41067e-08
5.26718e-08
5.11937e-08
4.96557e-08
4.80791e-08
4.64448e-08
4.47767e-08
4.30533e-08
4.13008e-08
3.94954e-08
3.76658e-08
3.57861e-08
3.38868e-08
3.19397e-08
2.99775e-08
2.79696e-08
2.59515e-08
2.38896e-08
2.18236e-08
1.97186e-08
1.76138e-08
1.54863e-08
1.33501e-08
1.12027e-08
9.06888e-09
6.78236e-09
4.67068e-09
3.3333e-09
0.0961466
0.0957639
0.0944307
0.0918838
0.0870583
0.0783176
0.0631594
0.0379909
0.0010257
-0.0495036
-0.0949751
-0.102125
-0.10083
-0.0728394
-0.0483782
-0.0301648
-0.017351
-0.00966101
-0.00513667
-0.00260933
-0.00125944
-0.00055805
-0.000208654
-4.25208e-05
3.00549e-05
5.60659e-05
6.00448e-05
5.45172e-05
4.5743e-05
3.66743e-05
2.85564e-05
2.17877e-05
1.63722e-05
1.21514e-05
8.91989e-06
6.47661e-06
4.64669e-06
3.2861e-06
2.28087e-06
1.54229e-06
1.00286e-06
6.11255e-07
3.29236e-07
1.27973e-07
-1.36987e-08
-1.11741e-07
-1.77714e-07
-2.20399e-07
-2.4605e-07
-2.59489e-07
-2.64071e-07
-2.62449e-07
-2.56401e-07
-2.47392e-07
-2.36347e-07
-2.24077e-07
-2.11051e-07
-1.97716e-07
-1.84298e-07
-1.71042e-07
-1.58045e-07
-1.45435e-07
-1.33248e-07
-1.21542e-07
-1.10324e-07
-9.96124e-08
-8.94013e-08
-7.96835e-08
-7.04521e-08
-6.16827e-08
-5.33723e-08
-4.54848e-08
-3.80234e-08
-3.09438e-08
-2.42562e-08
-1.79106e-08
-1.19241e-08
-6.24228e-09
-8.88622e-10
4.19402e-09
8.97677e-09
1.35185e-08
1.77857e-08
2.18382e-08
2.56389e-08
2.92476e-08
3.26247e-08
3.58297e-08
3.88209e-08
4.16569e-08
4.42951e-08
4.67923e-08
4.91058e-08
5.12904e-08
5.3304e-08
5.51988e-08
5.69338e-08
5.85588e-08
6.00342e-08
6.14067e-08
6.26389e-08
6.37741e-08
6.47775e-08
6.56889e-08
6.64763e-08
6.71759e-08
6.77587e-08
6.82573e-08
6.86456e-08
6.89526e-08
6.91558e-08
6.92799e-08
6.93062e-08
6.92555e-08
6.91126e-08
6.88945e-08
6.85895e-08
6.82109e-08
6.77507e-08
6.72182e-08
6.66091e-08
6.5929e-08
6.51773e-08
6.43559e-08
6.34676e-08
6.25112e-08
6.14925e-08
6.0407e-08
5.92641e-08
5.80558e-08
5.67948e-08
5.54701e-08
5.40974e-08
5.26628e-08
5.11848e-08
4.9647e-08
4.80706e-08
4.64366e-08
4.47686e-08
4.30455e-08
4.12931e-08
3.94882e-08
3.76587e-08
3.57794e-08
3.38802e-08
3.19335e-08
2.99715e-08
2.79642e-08
2.59462e-08
2.38849e-08
2.18191e-08
1.97148e-08
1.76106e-08
1.54828e-08
1.3348e-08
1.12012e-08
9.06653e-09
6.78296e-09
4.66758e-09
3.33767e-09
0.0923352
0.0917608
0.0897924
0.0863895
0.0805687
0.0709627
0.055753
0.0325314
0.000749743
-0.0389382
-0.0748816
-0.0836715
-0.0838577
-0.0645499
-0.0458176
-0.0307127
-0.0193716
-0.0119746
-0.00726163
-0.00437358
-0.0026463
-0.00161666
-0.00100335
-0.000633948
-0.000408144
-0.000267823
-0.000179003
-0.000121724
-8.40829e-05
-5.88949e-05
-4.17584e-05
-2.99263e-05
-2.16516e-05
-1.58016e-05
-1.16274e-05
-8.6261e-06
-6.45373e-06
-4.87249e-06
-3.71546e-06
-2.86482e-06
-2.23621e-06
-1.76935e-06
-1.42042e-06
-1.15797e-06
-9.58833e-07
-8.06397e-07
-6.88284e-07
-5.95673e-07
-5.21892e-07
-4.62253e-07
-4.13129e-07
-3.72036e-07
-3.3698e-07
-3.0665e-07
-2.79937e-07
-2.56151e-07
-2.3466e-07
-2.15103e-07
-1.97111e-07
-1.8049e-07
-1.65019e-07
-1.5059e-07
-1.37064e-07
-1.24374e-07
-1.12431e-07
-1.01185e-07
-9.05804e-08
-8.05719e-08
-7.11257e-08
-6.21975e-08
-5.37693e-08
-4.57947e-08
-3.82683e-08
-3.11407e-08
-2.44167e-08
-1.8044e-08
-1.20363e-08
-6.33863e-09
-9.71957e-10
4.1204e-09
8.91157e-09
1.34595e-08
1.77324e-08
2.1789e-08
2.55938e-08
2.92054e-08
3.25857e-08
3.57927e-08
3.87865e-08
4.16239e-08
4.42641e-08
4.67624e-08
4.90776e-08
5.12629e-08
5.32779e-08
5.51733e-08
5.69095e-08
5.85349e-08
6.00113e-08
6.1384e-08
6.2617e-08
6.37525e-08
6.47567e-08
6.56684e-08
6.64565e-08
6.71563e-08
6.77397e-08
6.82383e-08
6.86272e-08
6.89342e-08
6.91378e-08
6.9262e-08
6.92887e-08
6.92381e-08
6.90955e-08
6.88775e-08
6.85728e-08
6.81944e-08
6.77344e-08
6.72021e-08
6.65932e-08
6.59134e-08
6.51619e-08
6.43408e-08
6.34528e-08
6.24966e-08
6.14782e-08
6.0393e-08
5.92503e-08
5.80424e-08
5.67816e-08
5.54574e-08
5.40848e-08
5.26507e-08
5.11729e-08
4.96356e-08
4.80593e-08
4.64258e-08
4.4758e-08
4.30354e-08
4.12832e-08
3.94789e-08
3.76496e-08
3.57709e-08
3.38719e-08
3.19259e-08
2.99641e-08
2.79574e-08
2.59397e-08
2.3879e-08
2.18134e-08
1.97098e-08
1.76059e-08
1.54789e-08
1.334e-08
1.11989e-08
9.06383e-09
6.78324e-09
4.66439e-09
3.34184e-09
0.0887566
0.08803
0.0855565
0.0815085
0.0749994
0.0649354
0.0500354
0.0287798
0.00130182
-0.03065
-0.0594862
-0.0685906
-0.0699153
-0.0569048
-0.042763
-0.0304061
-0.0205493
-0.0136515
-0.00895921
-0.00587293
-0.00387822
-0.00258811
-0.00175004
-0.0011989
-0.000831329
-0.000582767
-0.000412409
-0.000294231
-0.000211359
-0.000152697
-0.000110842
-8.07802e-05
-5.90732e-05
-4.33315e-05
-3.1876e-05
-2.35166e-05
-1.74026e-05
-1.29222e-05
-9.63319e-06
-7.21494e-06
-5.43383e-06
-4.11971e-06
-3.14797e-06
-2.42771e-06
-1.89208e-06
-1.49231e-06
-1.19241e-06
-9.66199e-07
-7.94226e-07
-6.62421e-07
-5.60262e-07
-4.80191e-07
-4.16491e-07
-3.6511e-07
-3.22927e-07
-2.87771e-07
-2.57926e-07
-2.32227e-07
-2.09723e-07
-1.89785e-07
-1.71876e-07
-1.55654e-07
-1.40809e-07
-1.27148e-07
-1.14491e-07
-1.02719e-07
-9.17257e-08
-8.1431e-08
-7.17732e-08
-6.26885e-08
-5.41438e-08
-4.60827e-08
-3.8491e-08
-3.13147e-08
-2.45534e-08
-1.81531e-08
-1.21238e-08
-6.41032e-09
-1.03096e-09
4.07047e-09
8.86941e-09
1.34227e-08
1.77007e-08
2.17606e-08
2.55689e-08
2.91826e-08
3.25654e-08
3.57737e-08
3.87694e-08
4.16076e-08
4.42494e-08
4.67481e-08
4.90645e-08
5.12501e-08
5.32661e-08
5.51615e-08
5.68986e-08
5.85239e-08
6.00011e-08
6.13737e-08
6.26074e-08
6.37427e-08
6.47474e-08
6.56587e-08
6.64472e-08
6.71467e-08
6.77305e-08
6.82289e-08
6.86181e-08
6.89249e-08
6.91287e-08
6.92527e-08
6.92796e-08
6.92288e-08
6.90864e-08
6.88682e-08
6.85637e-08
6.81851e-08
6.77252e-08
6.71928e-08
6.6584e-08
6.59041e-08
6.51526e-08
6.43315e-08
6.34436e-08
6.24874e-08
6.1469e-08
6.0384e-08
5.92413e-08
5.80336e-08
5.67728e-08
5.54488e-08
5.40763e-08
5.26424e-08
5.11646e-08
4.96276e-08
4.80514e-08
4.64182e-08
4.47505e-08
4.30283e-08
4.12761e-08
3.94722e-08
3.7643e-08
3.57648e-08
3.38658e-08
3.19204e-08
2.99587e-08
2.79526e-08
2.59349e-08
2.38749e-08
2.18093e-08
1.97066e-08
1.76027e-08
1.54766e-08
1.33383e-08
1.11971e-08
9.06223e-09
6.78406e-09
4.6618e-09
3.34611e-09
0.0854707
0.084626
0.081761
0.07724
0.0702762
0.0600264
0.0456179
0.0261832
0.00218155
-0.0242047
-0.0479064
-0.0571978
-0.0594662
-0.0507783
-0.0400403
-0.0299038
-0.0213388
-0.0149479
-0.0103438
-0.00713631
-0.00494103
-0.00344205
-0.00241685
-0.00171036
-0.00121909
-0.000874407
-0.000630502
-0.000456629
-0.000331893
-0.000241937
-0.000176787
-0.000129443
-9.49446e-05
-6.97536e-05
-5.1327e-05
-3.78298e-05
-2.79318e-05
-2.06661e-05
-1.53276e-05
-1.14018e-05
-8.51192e-06
-6.38251e-06
-4.81135e-06
-3.6504e-06
-2.79082e-06
-2.15293e-06
-1.678e-06
-1.32314e-06
-1.0566e-06
-8.553e-07
-7.02062e-07
-5.84447e-07
-4.93155e-07
-4.21493e-07
-3.64404e-07
-3.1829e-07
-2.80392e-07
-2.48772e-07
-2.21916e-07
-1.98776e-07
-1.78515e-07
-1.60561e-07
-1.44443e-07
-1.29845e-07
-1.16499e-07
-1.04218e-07
-9.28507e-08
-8.22794e-08
-7.24174e-08
-6.31816e-08
-5.4525e-08
-4.6381e-08
-3.87278e-08
-3.15058e-08
-2.47101e-08
-1.82841e-08
-1.22348e-08
-6.50622e-09
-1.11451e-09
3.99623e-09
8.80323e-09
1.33624e-08
1.7646e-08
2.17098e-08
2.55222e-08
2.91385e-08
3.25245e-08
3.57348e-08
3.8733e-08
4.15726e-08
4.42164e-08
4.67161e-08
4.90343e-08
5.12207e-08
5.32381e-08
5.51341e-08
5.68725e-08
5.84982e-08
5.99764e-08
6.13493e-08
6.2584e-08
6.37194e-08
6.4725e-08
6.56366e-08
6.64259e-08
6.71256e-08
6.771e-08
6.82084e-08
6.85982e-08
6.89051e-08
6.91095e-08
6.92335e-08
6.92609e-08
6.92102e-08
6.90682e-08
6.88501e-08
6.85459e-08
6.81674e-08
6.77079e-08
6.71757e-08
6.65672e-08
6.58876e-08
6.51365e-08
6.43156e-08
6.3428e-08
6.24721e-08
6.14541e-08
6.03694e-08
5.9227e-08
5.80197e-08
5.67592e-08
5.54355e-08
5.40633e-08
5.26298e-08
5.11523e-08
4.96158e-08
4.80398e-08
4.64072e-08
4.47396e-08
4.30179e-08
4.1266e-08
3.94627e-08
3.76337e-08
3.57561e-08
3.38574e-08
3.19126e-08
2.99511e-08
2.79457e-08
2.59281e-08
2.38689e-08
2.18035e-08
1.97016e-08
1.75979e-08
1.54727e-08
1.33349e-08
1.11947e-08
9.05977e-09
6.78405e-09
4.65917e-09
3.34972e-09
0.0825237
0.0815902
0.0784295
0.0735735
0.0663293
0.0560709
0.0422349
0.024411
0.00322301
-0.0190842
-0.038965
-0.0480376
-0.0509216
-0.0453137
-0.0372524
-0.0290087
-0.0216367
-0.0158087
-0.0113924
-0.00816102
-0.00584244
-0.00418926
-0.00301325
-0.00217474
-0.00157465
-0.0011435
-0.000832509
-0.000607413
-0.000443988
-0.000325031
-0.000238255
-0.000174843
-0.000128438
-9.44412e-05
-6.95116e-05
-5.12173e-05
-3.77838e-05
-2.7914e-05
-2.06585e-05
-1.5322e-05
-1.13943e-05
-8.50163e-06
-6.36918e-06
-4.79555e-06
-3.63257e-06
-2.77164e-06
-2.13277e-06
-1.6574e-06
-1.30229e-06
-1.03589e-06
-8.34807e-07
-6.82027e-07
-5.64894e-07
-4.74238e-07
-4.03194e-07
-3.46822e-07
-3.01387e-07
-2.64226e-07
-2.33298e-07
-2.07165e-07
-1.84703e-07
-1.6513e-07
-1.47823e-07
-1.32348e-07
-1.18356e-07
-1.056e-07
-9.38827e-08
-8.30525e-08
-7.29995e-08
-6.36219e-08
-5.48601e-08
-4.66375e-08
-3.89253e-08
-3.1659e-08
-2.48296e-08
-1.83782e-08
-1.23093e-08
-6.56641e-09
-1.16325e-09
3.9557e-09
8.76965e-09
1.33337e-08
1.76217e-08
2.16884e-08
2.55039e-08
2.9122e-08
3.25102e-08
3.57214e-08
3.87213e-08
4.15614e-08
4.42066e-08
4.67065e-08
4.90257e-08
5.12121e-08
5.32304e-08
5.51262e-08
5.68654e-08
5.84908e-08
5.99698e-08
6.13423e-08
6.25775e-08
6.37126e-08
6.47186e-08
6.56297e-08
6.64194e-08
6.71186e-08
6.77034e-08
6.82014e-08
6.85915e-08
6.8898e-08
6.91026e-08
6.92263e-08
6.92538e-08
6.92028e-08
6.9061e-08
6.88426e-08
6.85386e-08
6.81598e-08
6.77004e-08
6.71679e-08
6.65596e-08
6.58797e-08
6.51287e-08
6.43077e-08
6.34201e-08
6.24642e-08
6.14462e-08
6.03615e-08
5.92192e-08
5.80119e-08
5.67515e-08
5.5428e-08
5.40557e-08
5.26225e-08
5.1145e-08
4.96088e-08
4.80328e-08
4.64005e-08
4.47329e-08
4.30116e-08
4.12597e-08
3.94568e-08
3.76279e-08
3.57508e-08
3.38521e-08
3.19078e-08
2.99464e-08
2.79415e-08
2.5924e-08
2.38654e-08
2.18e-08
1.96989e-08
1.75953e-08
1.5471e-08
1.33331e-08
1.11937e-08
9.05599e-09
6.78434e-09
4.6576e-09
3.35307e-09
0.0799506
0.0789518
0.0755736
0.070488
0.0630857
0.0529202
0.039657
0.023199
0.00423774
-0.0150948
-0.0322025
-0.0410643
-0.0444582
-0.0410367
-0.0349704
-0.0282061
-0.021805
-0.0164643
-0.0122293
-0.00899894
-0.00659224
-0.00481938
-0.00352226
-0.00257537
-0.00188441
-0.00137998
-0.00101138
-0.000741759
-0.000544361
-0.000399719
-0.00029366
-0.000215848
-0.000158734
-0.000116795
-8.59897e-05
-6.33553e-05
-4.67198e-05
-3.449e-05
-2.54963e-05
-1.88802e-05
-1.4011e-05
-1.04256e-05
-7.78372e-06
-5.83546e-06
-4.39704e-06
-3.33361e-06
-2.54587e-06
-1.96107e-06
-1.52554e-06
-1.20001e-06
-9.55472e-07
-7.70751e-07
-6.30144e-07
-5.22231e-07
-4.38505e-07
-3.72808e-07
-3.20521e-07
-2.7832e-07
-2.43689e-07
-2.14831e-07
-1.90367e-07
-1.6932e-07
-1.5093e-07
-1.34656e-07
-1.20078e-07
-1.06888e-07
-9.48523e-08
-8.37859e-08
-7.3559e-08
-6.40522e-08
-5.51951e-08
-4.69015e-08
-3.91368e-08
-3.18312e-08
-2.49725e-08
-1.84989e-08
-1.24129e-08
-6.6568e-09
-1.243e-09
3.88423e-09
8.70522e-09
1.32746e-08
1.75676e-08
2.16378e-08
2.54569e-08
2.90776e-08
3.24686e-08
3.56817e-08
3.8684e-08
4.15255e-08
4.41726e-08
4.66735e-08
4.89944e-08
5.11815e-08
5.32013e-08
5.50977e-08
5.68381e-08
5.84639e-08
5.99439e-08
6.13168e-08
6.2553e-08
6.36883e-08
6.46952e-08
6.56065e-08
6.6397e-08
6.70964e-08
6.76819e-08
6.818e-08
6.85708e-08
6.88773e-08
6.90825e-08
6.92063e-08
6.92344e-08
6.91834e-08
6.9042e-08
6.88237e-08
6.85202e-08
6.81416e-08
6.76826e-08
6.71503e-08
6.65424e-08
6.58627e-08
6.51121e-08
6.42914e-08
6.34042e-08
6.24486e-08
6.1431e-08
6.03466e-08
5.92046e-08
5.79977e-08
5.67376e-08
5.54145e-08
5.40426e-08
5.26098e-08
5.11326e-08
4.95969e-08
4.80211e-08
4.63893e-08
4.4722e-08
4.30012e-08
4.12496e-08
3.94473e-08
3.76186e-08
3.5742e-08
3.38436e-08
3.19e-08
2.99388e-08
2.79346e-08
2.59173e-08
2.38593e-08
2.17942e-08
1.96939e-08
1.75905e-08
1.54673e-08
1.33297e-08
1.11915e-08
9.05397e-09
6.78346e-09
4.65617e-09
3.35493e-09
0.0777769
0.0767315
0.073198
0.0679613
0.060483
0.0504593
0.0377233
0.0223861
0.00516416
-0.0119841
-0.0270512
-0.0356143
-0.0393296
-0.0374334
-0.0328765
-0.0273065
-0.0217365
-0.0168569
-0.0128291
-0.0096445
-0.00719474
-0.00533991
-0.00395067
-0.00291679
-0.00215053
-0.00158416
-0.00116628
-0.000858325
-0.000631562
-0.000464671
-0.000341884
-0.000251566
-0.00018514
-0.000136291
-0.000100367
-7.39501e-05
-5.45222e-05
-4.02332e-05
-2.97222e-05
-2.19888e-05
-1.62972e-05
-1.21067e-05
-9.01972e-06
-6.74413e-06
-5.06502e-06
-3.82463e-06
-2.90681e-06
-2.22637e-06
-1.72055e-06
-1.34335e-06
-1.06085e-06
-8.48214e-07
-6.87097e-07
-5.64108e-07
-4.69305e-07
-3.95465e-07
-3.37195e-07
-2.90595e-07
-2.52733e-07
-2.21497e-07
-1.95287e-07
-1.72953e-07
-1.53618e-07
-1.36647e-07
-1.21557e-07
-1.07989e-07
-9.56747e-08
-8.4402e-08
-7.40233e-08
-6.44032e-08
-5.54624e-08
-4.71057e-08
-3.9294e-08
-3.19525e-08
-2.50668e-08
-1.85726e-08
-1.2471e-08
-6.70303e-09
-1.28006e-09
3.85395e-09
8.6805e-09
1.32539e-08
1.75504e-08
2.16231e-08
2.54446e-08
2.90667e-08
3.24595e-08
3.56733e-08
3.86769e-08
4.15188e-08
4.41669e-08
4.66679e-08
4.89897e-08
5.11766e-08
5.31972e-08
5.50932e-08
5.68343e-08
5.84598e-08
5.99404e-08
6.13128e-08
6.25495e-08
6.36842e-08
6.46916e-08
6.56023e-08
6.63932e-08
6.70919e-08
6.76778e-08
6.81753e-08
6.85664e-08
6.88724e-08
6.90779e-08
6.92012e-08
6.92295e-08
6.9178e-08
6.9037e-08
6.88182e-08
6.85149e-08
6.81359e-08
6.76771e-08
6.71444e-08
6.65366e-08
6.58566e-08
6.51061e-08
6.42852e-08
6.33981e-08
6.24423e-08
6.14248e-08
6.03403e-08
5.91984e-08
5.79915e-08
5.67315e-08
5.54084e-08
5.40366e-08
5.26038e-08
5.11267e-08
4.95911e-08
4.80155e-08
4.63838e-08
4.47166e-08
4.29961e-08
4.12445e-08
3.94424e-08
3.76139e-08
3.57377e-08
3.38394e-08
3.18961e-08
2.9935e-08
2.79312e-08
2.5914e-08
2.38565e-08
2.17915e-08
1.96917e-08
1.75886e-08
1.5466e-08
1.33286e-08
1.1191e-08
9.05389e-09
6.78379e-09
4.65642e-09
3.35564e-09
0.0760206
0.0749433
0.0713025
0.0659708
0.0584661
0.0485935
0.0363051
0.0218461
0.00593504
-0.0096488
-0.0232683
-0.0315975
-0.0355596
-0.0347408
-0.0312839
-0.0266057
-0.0216677
-0.0171483
-0.0132875
-0.0101444
-0.00766575
-0.00575017
-0.00429093
-0.00318997
-0.00236495
-0.00174974
-0.00129261
-0.000953849
-0.000703295
-0.000518256
-0.000381755
-0.000281143
-0.000207031
-0.000152465
-0.000112303
-8.27487e-05
-6.10037e-05
-4.50052e-05
-3.32341e-05
-2.45725e-05
-1.81976e-05
-1.35043e-05
-1.00474e-05
-7.49971e-06
-5.62052e-06
-4.23301e-06
-3.20704e-06
-2.44709e-06
-1.88282e-06
-1.46266e-06
-1.14858e-06
-9.12732e-07
-7.34557e-07
-5.99025e-07
-4.95005e-07
-4.14387e-07
-3.51136e-07
-3.00872e-07
-2.60318e-07
-2.271e-07
-1.99434e-07
-1.76028e-07
-1.55905e-07
-1.38353e-07
-1.22836e-07
-1.08951e-07
-9.64046e-08
-8.49587e-08
-7.44532e-08
-6.47376e-08
-5.57272e-08
-4.73175e-08
-3.94673e-08
-3.20962e-08
-2.51888e-08
-1.86775e-08
-1.25631e-08
-6.78463e-09
-1.35356e-09
3.78729e-09
8.61932e-09
1.31973e-08
1.74978e-08
2.15737e-08
2.53982e-08
2.90226e-08
3.24179e-08
3.56335e-08
3.86392e-08
4.14824e-08
4.41323e-08
4.66343e-08
4.89576e-08
5.11453e-08
5.31672e-08
5.50639e-08
5.68062e-08
5.84321e-08
5.99138e-08
6.12865e-08
6.25242e-08
6.36592e-08
6.46675e-08
6.55784e-08
6.63702e-08
6.70691e-08
6.76558e-08
6.81534e-08
6.85453e-08
6.88513e-08
6.90575e-08
6.91808e-08
6.92098e-08
6.91584e-08
6.90179e-08
6.87992e-08
6.84965e-08
6.81175e-08
6.76593e-08
6.71267e-08
6.65195e-08
6.58397e-08
6.50898e-08
6.42689e-08
6.33824e-08
6.24268e-08
6.14098e-08
6.03255e-08
5.91842e-08
5.79774e-08
5.67179e-08
5.5395e-08
5.40238e-08
5.25913e-08
5.11147e-08
4.95793e-08
4.80042e-08
4.63727e-08
4.47061e-08
4.29858e-08
4.12348e-08
3.9433e-08
3.7605e-08
3.57291e-08
3.38313e-08
3.18884e-08
2.99278e-08
2.79243e-08
2.59076e-08
2.38505e-08
2.1786e-08
1.96867e-08
1.75842e-08
1.54623e-08
1.33255e-08
1.11887e-08
9.05237e-09
6.78236e-09
4.6569e-09
3.35329e-09
0.0746943
0.0735961
0.0698848
0.0644966
0.0569918
0.0472531
0.0353139
0.0215027
0.00653242
-0.0079663
-0.0205838
-0.0286998
-0.0328125
-0.0327029
-0.0300126
-0.0259856
-0.0215289
-0.0173009
-0.0135882
-0.0104953
-0.0080082
-0.00605502
-0.00454735
-0.00339769
-0.00252888
-0.00187674
-0.00138968
-0.00102732
-0.000758501
-0.000559517
-0.000412469
-0.000303937
-0.000223909
-0.00016494
-0.000121511
-8.95388e-05
-6.60067e-05
-4.86893e-05
-3.59457e-05
-2.65676e-05
-1.96652e-05
-1.45836e-05
-1.0841e-05
-8.0832e-06
-6.04949e-06
-4.54836e-06
-3.43885e-06
-2.61749e-06
-2.00809e-06
-1.55474e-06
-1.21628e-06
-9.62503e-07
-7.71156e-07
-6.2594e-07
-5.14807e-07
-4.28957e-07
-3.61865e-07
-3.08773e-07
-2.66144e-07
-2.31397e-07
-2.0261e-07
-1.78375e-07
-1.57646e-07
-1.39644e-07
-1.23798e-07
-1.09668e-07
-9.69432e-08
-8.53633e-08
-7.47602e-08
-6.49705e-08
-5.59062e-08
-4.74548e-08
-3.95741e-08
-3.2179e-08
-2.5254e-08
-1.87286e-08
-1.26039e-08
-6.8171e-09
-1.37992e-09
3.76583e-09
8.60162e-09
1.31826e-08
1.74855e-08
2.15633e-08
2.53896e-08
2.90151e-08
3.24116e-08
3.56278e-08
3.86345e-08
4.14779e-08
4.41287e-08
4.66307e-08
4.89548e-08
5.11423e-08
5.31649e-08
5.50612e-08
5.68041e-08
5.84296e-08
5.99118e-08
6.1284e-08
6.25223e-08
6.36567e-08
6.46655e-08
6.55758e-08
6.6368e-08
6.70662e-08
6.76534e-08
6.81503e-08
6.85426e-08
6.8848e-08
6.90547e-08
6.91773e-08
6.92067e-08
6.91546e-08
6.90146e-08
6.87953e-08
6.8493e-08
6.81134e-08
6.76556e-08
6.71224e-08
6.65156e-08
6.58352e-08
6.50856e-08
6.42643e-08
6.33782e-08
6.24221e-08
6.14055e-08
6.03208e-08
5.91798e-08
5.79727e-08
5.67136e-08
5.53904e-08
5.40195e-08
5.25867e-08
5.11105e-08
4.95749e-08
4.80001e-08
4.63686e-08
4.47023e-08
4.29819e-08
4.12312e-08
3.94294e-08
3.76017e-08
3.57258e-08
3.38284e-08
3.18855e-08
2.99252e-08
2.79217e-08
2.59054e-08
2.38483e-08
2.17842e-08
1.96851e-08
1.7583e-08
1.54614e-08
1.33251e-08
1.11884e-08
9.05285e-09
6.78175e-09
4.66046e-09
3.3481e-09
0.0738062
0.0726954
0.0689419
0.0635231
0.056027
0.0463865
0.0346853
0.0212993
0.00693454
-0.00688378
-0.0188782
-0.0268561
-0.03107
-0.031405
-0.029202
-0.025592
-0.0214444
-0.0174045
-0.0137875
-0.0107268
-0.00823415
-0.00625646
-0.00471724
-0.00353579
-0.00263831
-0.00196184
-0.00145497
-0.00107689
-0.000795844
-0.000587481
-0.000433315
-0.000319424
-0.000235384
-0.000173426
-0.000127777
-9.41606e-05
-6.94127e-05
-5.11977e-05
-3.77922e-05
-2.79264e-05
-2.06647e-05
-1.53187e-05
-1.13816e-05
-8.48074e-06
-6.3418e-06
-4.76328e-06
-3.59688e-06
-2.73369e-06
-2.09354e-06
-1.61759e-06
-1.26251e-06
-9.96522e-07
-7.96201e-07
-6.44383e-07
-5.28401e-07
-4.38982e-07
-3.6927e-07
-3.14247e-07
-2.70201e-07
-2.34409e-07
-2.04855e-07
-1.80053e-07
-1.58909e-07
-1.40598e-07
-1.24526e-07
-1.10227e-07
-9.73786e-08
-8.57048e-08
-7.50336e-08
-6.51913e-08
-5.60889e-08
-4.76074e-08
-3.97051e-08
-3.22922e-08
-2.53547e-08
-1.88183e-08
-1.26857e-08
-6.89162e-09
-1.44906e-09
3.70184e-09
8.54156e-09
1.31263e-08
1.74323e-08
2.15129e-08
2.53417e-08
2.89695e-08
3.23682e-08
3.55862e-08
3.85947e-08
4.14396e-08
4.40921e-08
4.65952e-08
4.89208e-08
5.11092e-08
5.31332e-08
5.50303e-08
5.67745e-08
5.84005e-08
5.9884e-08
6.12565e-08
6.2496e-08
6.36306e-08
6.46406e-08
6.5551e-08
6.63444e-08
6.70427e-08
6.76309e-08
6.81278e-08
6.85212e-08
6.88265e-08
6.90341e-08
6.91566e-08
6.91871e-08
6.91348e-08
6.89958e-08
6.87762e-08
6.84749e-08
6.80951e-08
6.76383e-08
6.71049e-08
6.6499e-08
6.58184e-08
6.50699e-08
6.42483e-08
6.33632e-08
6.24068e-08
6.13912e-08
6.03063e-08
5.91663e-08
5.79589e-08
5.67008e-08
5.53774e-08
5.40074e-08
5.25745e-08
5.10992e-08
4.95634e-08
4.79896e-08
4.63578e-08
4.46925e-08
4.2972e-08
4.12222e-08
3.94203e-08
3.75935e-08
3.57175e-08
3.3821e-08
3.18779e-08
2.99186e-08
2.79149e-08
2.58996e-08
2.38423e-08
2.17792e-08
1.96802e-08
1.75793e-08
1.54578e-08
1.33225e-08
1.11856e-08
9.05125e-09
6.7785e-09
4.66327e-09
3.33761e-09
0.0733608
0.0722445
0.0684711
0.0630392
0.0555501
0.0459613
0.034381
0.0212061
0.00713867
-0.00634983
-0.0180429
-0.0259465
-0.0302041
-0.0307464
-0.0287781
-0.0253743
-0.0213837
-0.0174425
-0.0138784
-0.0108379
-0.0083452
-0.00635688
-0.00480264
-0.00360555
-0.00269371
-0.00200497
-0.00148806
-0.001102
-0.000814757
-0.000601641
-0.00044387
-0.000327265
-0.000241195
-0.000177723
-0.000130951
-9.65014e-05
-7.11379e-05
-5.24683e-05
-3.87276e-05
-2.86147e-05
-2.11711e-05
-1.56912e-05
-1.16555e-05
-8.68211e-06
-6.48985e-06
-4.87212e-06
-3.6769e-06
-2.79251e-06
-2.13679e-06
-1.64939e-06
-1.2859e-06
-1.01372e-06
-8.08857e-07
-6.53697e-07
-5.35262e-07
-4.44037e-07
-3.73e-07
-3.17001e-07
-2.7224e-07
-2.35918e-07
-2.05978e-07
-1.80889e-07
-1.59535e-07
-1.41067e-07
-1.24882e-07
-1.10497e-07
-9.75862e-08
-8.58644e-08
-7.51592e-08
-6.52896e-08
-5.61682e-08
-4.76707e-08
-3.97575e-08
-3.23348e-08
-2.53907e-08
-1.88482e-08
-1.27115e-08
-6.91356e-09
-1.46841e-09
3.68505e-09
8.52654e-09
1.3113e-08
1.74203e-08
2.15021e-08
2.53319e-08
2.89604e-08
3.236e-08
3.55785e-08
3.85878e-08
4.14328e-08
4.4086e-08
4.65891e-08
4.89154e-08
5.11037e-08
5.31283e-08
5.5025e-08
5.67699e-08
5.83955e-08
5.98796e-08
6.12517e-08
6.24918e-08
6.36258e-08
6.46364e-08
6.55462e-08
6.63402e-08
6.70378e-08
6.76267e-08
6.81229e-08
6.85169e-08
6.88215e-08
6.90299e-08
6.91516e-08
6.91828e-08
6.91297e-08
6.89914e-08
6.87711e-08
6.84705e-08
6.80899e-08
6.76338e-08
6.70996e-08
6.64946e-08
6.58132e-08
6.50654e-08
6.4243e-08
6.33587e-08
6.24016e-08
6.13867e-08
6.03011e-08
5.91619e-08
5.79538e-08
5.66965e-08
5.53724e-08
5.40033e-08
5.25697e-08
5.10953e-08
4.95588e-08
4.79859e-08
4.63535e-08
4.4689e-08
4.29679e-08
4.12191e-08
3.94165e-08
3.75907e-08
3.5714e-08
3.38185e-08
3.18748e-08
2.99163e-08
2.79121e-08
2.58976e-08
2.38398e-08
2.17777e-08
1.96783e-08
1.75786e-08
1.54569e-08
1.33226e-08
1.11847e-08
9.05153e-09
6.7757e-09
4.66851e-09
3.32089e-09
-0.666898
-0.340394
-0.209199
-0.666899
-0.340393
-0.507959
-0.521807
-0.657131
-0.50796
-0.521808
0.0904221
0.413277
0.294607
0.326032
0.0904232
0.413277
0.294607
-0.186679
-0.503828
-0.50383
-0.56657
-0.491317
-0.563918
-0.493723
-0.566569
-0.491319
-0.563918
0.493023
0.431028
0.493023
-0.55918
-0.495608
-0.559182
-0.495611
0.431027
0.493023
0.431027
-0.495608
-0.559174
-0.49561
-0.559177
0.294604
0.32603
0.0904204
0.413275
0.294604
0.32603
0.0904188
-0.186682
-0.186685
-0.503817
-0.503819
-0.563907
-0.493708
-0.566557
-0.491308
-0.563909
-0.493709
-0.566559
-0.209198
-0.666898
-0.340398
-0.209199
-0.666899
-0.521795
-0.657121
-0.507949
-0.521797
-0.657121
-0.507949
-0.400988
-0.238341
-0.500275
-0.170532
-0.400989
-0.238341
-0.500276
-0.459313
-0.610221
-0.515376
-0.467759
-0.459316
-0.610221
-0.515379
0.0713227
0.254056
0.0757793
0.179397
0.0713229
0.254056
0.0757802
-0.635922
-0.658927
-0.613674
-0.691485
-0.615683
-0.692358
-0.634873
-0.545659
-0.496046
-0.550403
-0.490579
-0.545658
-0.496047
-0.550403
-0.17832
-0.491171
-0.495268
-0.478241
-0.508594
-0.477882
-0.50817
-0.491538
-0.431393
-0.464154
-0.462983
-0.432302
-0.403686
-0.38572
-0.385281
-0.404284
-0.484759
-0.484997
-0.466763
-0.502248
-0.465598
-0.507358
-0.484169
0.0757777
0.179396
0.0713209
0.254054
0.0757763
0.179396
0.0713206
-0.512412
-0.337749
-0.245679
-0.24816
-0.516417
-0.55039
-0.490567
-0.545647
-0.496034
-0.550392
-0.490568
-0.545649
-0.500274
-0.17053
-0.400988
-0.23834
-0.500275
-0.17053
-0.400988
-0.515368
-0.467751
-0.459306
-0.610213
-0.51537
-0.467751
-0.459307
-0.528627
-0.669538
-0.506964
-0.700789
-0.508411
-0.702584
-0.527855
-0.512411
-0.337748
-0.245679
-0.248159
-0.516417
-0.528631
-0.66954
-0.506968
-0.70079
-0.508416
-0.702585
-0.527859
-0.512411
-0.337747
-0.245678
-0.248159
-0.516416
-0.542073
-0.521958
-0.513072
-0.513718
-0.541606
-0.635925
-0.65893
-0.613676
-0.691488
-0.615686
-0.692361
-0.634875
-0.542075
-0.52196
-0.513073
-0.51372
-0.541608
0.318661
0.0891516
0.245196
0.0759711
0.244406
0.074081
0.320448
0.370024
0.315015
0.178478
0.432883
0.146873
0.437284
0.372772
0.318661
0.0891522
0.245196
0.0759722
0.244406
0.0740819
0.320449
0.370024
0.315016
0.178479
0.432883
0.146874
0.437284
0.372773
-0.178319
-0.50422
-0.504223
-0.48477
-0.485008
-0.502259
-0.466774
-0.507369
-0.465608
-0.484181
-0.491172
-0.49527
-0.478242
-0.508595
-0.477884
-0.508171
-0.491539
-0.484772
-0.48501
-0.502261
-0.466776
-0.50737
-0.46561
-0.484182
0.537028
0.464783
0.468186
0.534824
0.577908
0.599899
0.60107
0.576398
0.537028
0.464783
0.468186
0.534824
0.577908
0.599899
0.60107
0.576398
-0.403688
-0.38572
-0.385281
-0.404285
-0.431396
-0.464157
-0.462985
-0.432305
-0.40369
-0.385723
-0.385283
-0.404288
0.577907
0.599899
0.601069
0.576397
0.537026
0.464781
0.468184
0.534823
0.577907
0.599899
0.601069
0.576397
0.537026
0.464781
0.468184
0.534823
-0.431389
-0.464146
-0.462975
-0.432298
-0.403687
-0.385721
-0.385282
-0.404285
-0.43139
-0.464148
-0.462976
-0.432299
0.370023
0.315013
0.432881
0.178476
0.437283
0.146871
0.372771
0.318659
0.0891498
0.0759689
0.245194
0.074079
0.244405
0.320447
0.370022
0.315013
0.432881
0.178475
0.437282
0.146871
0.37277
0.318659
0.0891489
0.0759677
0.245194
0.0740785
0.244404
0.320446
-0.178321
-0.178323
-0.50421
-0.504211
-0.491159
-0.495255
-0.508581
-0.478227
-0.508158
-0.477869
-0.491525
-0.484761
-0.484999
-0.466765
-0.502249
-0.4656
-0.507359
-0.484171
-0.49116
-0.495256
-0.508583
-0.478229
-0.508159
-0.477871
-0.491527
-0.528625
-0.669539
-0.700787
-0.506962
-0.702583
-0.50841
-0.527853
-0.512413
-0.33775
-0.245681
-0.248161
-0.516419
-0.528628
-0.669539
-0.700789
-0.506965
-0.702584
-0.508412
-0.527856
-0.542063
-0.521947
-0.513061
-0.513707
-0.541597
-0.635914
-0.65892
-0.691478
-0.613666
-0.692351
-0.615675
-0.634865
-0.542064
-0.521948
-0.513062
-0.513708
-0.541598
-0.635916
-0.65892
-0.691478
-0.613669
-0.692351
-0.615678
-0.634867
-0.513542
-0.210359
-0.444679
-0.234807
-0.444736
-0.237427
-0.514761
0.32391
0.300776
0.368899
0.272733
0.32391
0.300776
0.368899
-0.464113
-0.623723
-0.480026
-0.633207
-0.464108
-0.623723
-0.480022
0.403187
0.329784
0.421246
0.319234
0.403187
0.329784
0.421246
0.538166
0.432369
0.510788
0.468716
0.512382
0.469884
0.53684
-0.424056
-0.547381
-0.406473
-0.585366
-0.424052
-0.547381
-0.406469
0.421246
0.319234
0.403186
0.329784
0.421246
0.319234
0.403186
0.562011
0.494197
0.571758
0.484008
0.573008
0.485218
0.560735
-0.406476
-0.585369
-0.42406
-0.547383
-0.406472
-0.585368
-0.424057
0.368898
0.272732
0.323909
0.300776
0.368898
0.272732
0.323909
-0.480031
-0.633201
-0.464116
-0.623719
-0.480028
-0.633202
-0.464114
-0.496879
-0.483159
-0.489782
-0.482987
-0.491123
-0.465897
-0.465356
-0.513542
-0.21036
-0.444679
-0.234807
-0.444737
-0.237428
-0.514761
-0.546498
-0.507609
-0.53271
-0.537377
-0.533885
-0.537813
-0.545801
-0.5465
-0.507612
-0.532712
-0.537379
-0.533888
-0.537815
-0.545803
0.562013
0.494197
0.484009
0.571758
0.485219
0.573007
0.560736
0.538166
0.43237
0.510788
0.468716
0.512382
0.469884
0.53684
0.562013
0.494197
0.484009
0.571758
0.485219
0.573007
0.560736
-0.455217
-0.558785
-0.474411
-0.531757
-0.473353
-0.531448
-0.456115
-0.42778
-0.495356
-0.50373
-0.415435
-0.503468
-0.414717
-0.428549
-0.45522
-0.558788
-0.474413
-0.53176
-0.473355
-0.531451
-0.456118
-0.427783
-0.495359
-0.503732
-0.415437
-0.503471
-0.414719
-0.428552
0.538165
0.432368
0.468715
0.510787
0.469882
0.51238
0.536839
0.562012
0.494197
0.571758
0.484008
0.573008
0.485218
0.560736
0.538165
0.432368
0.468715
0.510787
0.469883
0.51238
0.536839
-0.427779
-0.495356
-0.415435
-0.503728
-0.414716
-0.503467
-0.428548
-0.455214
-0.558778
-0.531755
-0.474407
-0.531445
-0.473347
-0.456113
-0.427781
-0.495358
-0.415436
-0.503731
-0.414717
-0.503469
-0.42855
-0.455216
-0.558783
-0.531757
-0.474407
-0.531448
-0.47335
-0.456114
-0.513544
-0.210358
-0.234807
-0.444679
-0.237427
-0.444737
-0.514762
-0.513544
-0.21036
-0.234808
-0.444681
-0.237428
-0.444738
-0.514763
-0.546488
-0.5076
-0.537367
-0.532701
-0.537801
-0.533876
-0.545792
-0.546489
-0.507602
-0.537368
-0.532702
-0.537802
-0.533877
-0.545793
0.0698597
0.0561042
0.189259
0.0514621
0.188446
0.128942
0.129572
0.0698603
0.0561047
0.18926
0.0514626
0.188447
0.128943
0.129572
-0.496891
-0.489793
-0.483172
-0.491135
-0.483
-0.46591
-0.465369
-0.496893
-0.489795
-0.483173
-0.491136
-0.483001
-0.465911
-0.465371
0.0698579
0.189258
0.0561022
0.188445
0.0514603
0.128943
0.129571
0.069857
0.189257
0.0561016
0.188445
0.0514593
0.128941
0.12957
-0.49688
-0.48316
-0.489783
-0.482989
-0.491124
-0.465898
-0.465357
0.0301621
0.134233
0.0452331
0.0881944
0.0301622
0.134233
0.0452331
-0.451616
-0.458841
-0.511763
-0.397866
-0.451616
-0.458842
-0.511762
0.243074
0.247159
0.278285
0.209774
0.243074
0.247159
0.278286
-0.448785
-0.614415
-0.486662
-0.587705
-0.448781
-0.614413
-0.486658
0.278285
0.209773
0.243073
0.247158
0.278285
0.209773
0.243073
-0.486665
-0.587704
-0.448788
-0.614409
-0.486663
-0.587704
-0.448786
0.0452317
0.0881943
0.0301606
0.134232
0.0452312
0.0881942
0.0301603
-0.511755
-0.397859
-0.451609
-0.458832
-0.511755
-0.397859
-0.451609
)
;

boundaryField
{
    inlet
    {
        type            zeroGradient;
    }
    outlet
    {
        type            fixedValue;
        value           uniform 0;
    }
    top
    {
        type            symmetryPlane;
    }
    bottom
    {
        type            symmetryPlane;
    }
    front
    {
        type            symmetryPlane;
    }
    back
    {
        type            symmetryPlane;
    }
    cylinder
    {
        type            zeroGradient;
    }
}


// ************************************************************************* //
