/*--------------------------------*- C++ -*----------------------------------*\
  =========                 |
  \\      /  F ield         | OpenFOAM: The Open Source CFD Toolbox
   \\    /   O peration     | Website:  https://openfoam.org
    \\  /    A nd           | Version:  11
     \\/     M anipulation  |
\*---------------------------------------------------------------------------*/
FoamFile
{
    format      ascii;
    class       volScalarField;
    location    "19.792934";
    object      p;
}
// * * * * * * * * * * * * * * * * * * * * * * * * * * * * * * * * * * * * * //

dimensions      [0 2 -2 0 0 0 0];

internalField   nonuniform List<scalar> 
7132
(
0.0722546
0.0710273
0.0668076
0.0607374
0.0523253
0.0414715
0.028285
0.0131026
-0.00323993
-0.0193336
-0.0335086
-0.0437122
-0.049065
-0.0493246
-0.0447334
-0.0366253
-0.0266
-0.0161861
-0.00664567
0.00117061
0.00689934
0.0108065
0.0137109
0.0164831
0.0195587
0.0228749
0.0261589
0.0291819
0.0318835
0.0343373
0.0366153
0.0386314
0.0399661
0.0399995
0.0384464
0.035873
0.0334956
0.0322754
0.0323502
0.0331785
0.0341255
0.0348221
0.0352381
0.0355676
0.0360442
0.0366747
0.0369802
0.036155
0.0337865
0.0305206
0.0277923
0.0266897
0.0272376
0.0286053
0.0298939
0.0306268
0.0308003
0.0307029
0.0306795
0.0308193
0.0307101
0.0296098
0.0271403
0.0239178
0.021327
0.0204701
0.0213928
0.0232037
0.0248647
0.0257967
0.0259796
0.0257354
0.0254435
0.0252139
0.0247088
0.0233504
0.0209153
0.0179955
0.0157655
0.0151526
0.0162091
0.0181541
0.0199903
0.0210858
0.0213545
0.0210868
0.0206449
0.0201382
0.0193053
0.0177502
0.0154255
0.0129149
0.0111629
0.0108435
0.0119375
0.013793
0.0155743
0.0167032
0.0170398
0.0167885
0.016244
0.0155115
0.0144306
0.0127898
0.0106835
0.00865244
0.00741338
0.00739904
0.00850359
0.010177
0.0117606
0.0127904
0.0131221
0.012873
0.0122446
0.0113325
0.0100886
0.00847693
0.00668964
0.00518324
0.00444861
0.00471018
0.00579724
0.00725271
0.00857782
0.00942858
0.00968534
0.00940731
0.00872013
0.0077153
0.00644502
0.00501103
0.00365442
0.00272077
0.00249121
0.00301897
0.00409431
0.00535051
0.00642952
0.0070958
0.00726698
0.00697526
0.0063067
0.00535565
0.00424384
0.00313863
0.00229152
0.00191422
0.00216415
0.00291466
0.00404405
0.00509282
0.00605554
0.00640473
0.00654078
0.00597291
0.0049443
0.00435102
0.000568594
0.00433736
0.0727508
0.0715301
0.067334
0.0612808
0.0528667
0.0419638
0.0286567
0.0132495
-0.0034158
-0.0199049
-0.0344614
-0.0448831
-0.0503054
-0.0504819
-0.0456191
-0.0371409
-0.0267377
-0.0160092
-0.00626371
0.00162559
0.00729299
0.0110389
0.0137617
0.0164049
0.0194276
0.0227459
0.0260599
0.029124
0.0318707
0.0343716
0.0366951
0.0387538
0.0401115
0.040115
0.0384587
0.0357351
0.0332324
0.0319614
0.0320599
0.0329464
0.0339543
0.0347024
0.0351592
0.0355209
0.0360226
0.0366746
0.0369844
0.0361173
0.0336456
0.0302434
0.0274121
0.0262877
0.026893
0.0283535
0.02973
0.0305286
0.0307444
0.0306699
0.0306554
0.0307925
0.0306587
0.0294951
0.0269209
0.02358
0.0209072
0.0200413
0.0210286
0.0229444
0.0247105
0.025723
0.0259545
0.0257319
0.0254429
0.0251994
0.0246526
0.0232141
0.02067
0.017647
0.0153598
0.0147549
0.0158774
0.0179208
0.0198585
0.0210368
0.0213585
0.0211142
0.0206725
0.0201438
0.0192584
0.017617
0.0151884
0.0125913
0.0108032
0.0105078
0.0116723
0.0136196
0.0154905
0.0166919
0.0170765
0.0168464
0.0162976
0.0155343
0.0143923
0.0126652
0.0104669
0.00836872
0.00711163
0.00713212
0.00830946
0.0100694
0.0117323
0.012823
0.0131925
0.0129569
0.0123168
0.0113659
0.0100568
0.00836371
0.00649959
0.00494555
0.00420831
0.00451131
0.00566901
0.00720295
0.00859655
0.00949618
0.0097791
0.00950406
0.00879625
0.00774704
0.00641304
0.00490853
0.00349342
0.0025314
0.00231195
0.00288415
0.00402386
0.00534653
0.00648013
0.00718164
0.0073665
0.00706713
0.00637047
0.00537315
0.00420391
0.0030426
0.00215588
0.0017672
0.00203722
0.00283251
0.00401965
0.00512321
0.00613236
0.00650544
0.00665996
0.00607232
0.00504486
0.00438411
0.000576734
0.00434939
0.0737403
0.0725343
0.0683872
0.0623732
0.0539606
0.042966
0.0294223
0.013564
-0.00375648
-0.0210584
-0.0363995
-0.0472585
-0.0528139
-0.0528133
-0.0473837
-0.0381432
-0.026968
-0.0156011
-0.00544555
0.00258192
0.00811079
0.0115122
0.0138513
0.0162253
0.0191406
0.0224657
0.0258418
0.0289887
0.0318252
0.0344202
0.0368367
0.038985
0.0403938
0.0403387
0.0384687
0.0354317
0.0326674
0.0312941
0.0314476
0.0324589
0.0335929
0.0344437
0.0349798
0.0354029
0.0359544
0.0366504
0.036969
0.0360158
0.0333295
0.029642
0.0265959
0.0254307
0.0261623
0.0278209
0.0293807
0.0303122
0.0306097
0.0305769
0.0305791
0.0307128
0.0305316
0.0292384
0.0264464
0.0228597
0.0200187
0.019137
0.020261
0.0223955
0.0243785
0.0255537
0.0258799
0.025696
0.0254114
0.0251426
0.0245157
0.0229186
0.0201566
0.0169262
0.0145248
0.0139377
0.0151955
0.0174383
0.0195798
0.0209217
0.0213461
0.0211459
0.0207048
0.0201341
0.019145
0.01733
0.0146918
0.0119202
0.0100607
0.00981675
0.0111279
0.0132629
0.0153141
0.0166593
0.0171375
0.0169488
0.0163927
0.0155686
0.0143033
0.0123988
0.0100111
0.00777491
0.00648171
0.00657587
0.00790513
0.00984355
0.0116685
0.0128817
0.0133269
0.013119
0.0124569
0.0114281
0.00998545
0.00812338
0.00609895
0.00444546
0.00370293
0.00409268
0.00539746
0.00709351
0.00862766
0.00962703
0.00996354
0.00969585
0.00894786
0.00780898
0.00634392
0.00469255
0.00315472
0.00213266
0.00193392
0.00259836
0.00387138
0.00533113
0.00657687
0.00735071
0.00756432
0.00725089
0.00649848
0.00540746
0.00412014
0.00284215
0.00187218
0.00145867
0.00176948
0.00265697
0.00396291
0.00517882
0.00628285
0.00670487
0.00689743
0.00627104
0.00524758
0.00444796
0.000605637
0.00433435
0.0752175
0.0740358
0.0699698
0.0640253
0.055629
0.0445119
0.0306239
0.0140825
-0.00424763
-0.0228319
-0.0394153
-0.0509535
-0.056731
-0.0564786
-0.0501644
-0.0397253
-0.0273396
-0.0149768
-0.00417944
0.00406366
0.00936642
0.0122084
0.0139294
0.0158828
0.0186463
0.0219993
0.0254812
0.0287571
0.0317276
0.034462
0.037017
0.0393021
0.0407906
0.0406401
0.0384218
0.0348756
0.0316955
0.0301774
0.0304441
0.0316719
0.0330106
0.0340191
0.0346706
0.03518
0.0358011
0.0365579
0.0368812
0.0357787
0.0327363
0.0285838
0.0251972
0.0239892
0.0249517
0.0269491
0.0288093
0.0299479
0.0303629
0.0303817
0.0303973
0.0305189
0.0302632
0.0287713
0.0256445
0.0216771
0.0185742
0.01767
0.0190165
0.0215033
0.0238303
0.0252564
0.0257212
0.0255883
0.0253066
0.025
0.0242511
0.022407
0.0193033
0.0157501
0.0131778
0.0126319
0.0141142
0.0166738
0.0191293
0.0207168
0.0212919
0.0211565
0.0207186
0.0200851
0.0189324
0.0168388
0.0138645
0.0108168
0.00885159
0.0087024
0.0102585
0.0126954
0.0150281
0.0165912
0.0172089
0.0170835
0.0165195
0.0156017
0.0141383
0.0119456
0.00925132
0.00679534
0.00545077
0.00567175
0.00725106
0.00947633
0.0115561
0.0129582
0.0135189
0.0133546
0.012661
0.0115106
0.00985315
0.00771658
0.00543233
0.0036202
0.00287389
0.00340868
0.00495285
0.00690817
0.00866354
0.0098178
0.0102373
0.00998208
0.00917291
0.00789285
0.00621772
0.00432909
0.00259318
0.00147585
0.00131389
0.00212987
0.00361796
0.00529586
0.00671773
0.00760404
0.00786235
0.00752772
0.00668872
0.0054498
0.00397399
0.00250864
0.00140512
0.000952947
0.00133107
0.00236789
0.0038634
0.00525679
0.00650805
0.00700595
0.00725549
0.00656951
0.00555293
0.0045282
0.000676603
0.0042142
0.0771731
0.0760279
0.0720836
0.0662525
0.0579056
0.0466551
0.0323311
0.0148708
-0.00485326
-0.0252661
-0.0436198
-0.0560719
-0.0621302
-0.0615127
-0.053922
-0.0417822
-0.0277053
-0.0139682
-0.00230673
0.00619875
0.0111312
0.0131219
0.0139249
0.0152788
0.0178531
0.021273
0.0249189
0.0283774
0.0315286
0.0344474
0.0371865
0.0396598
0.0412618
0.0409693
0.0382307
0.0339256
0.0301401
0.0284437
0.028924
0.0305023
0.0321495
0.0333781
0.0341774
0.0347868
0.0354798
0.036297
0.0366134
0.0352977
0.031746
0.0269168
0.0230296
0.02177
0.0231043
0.0256318
0.0279469
0.0293799
0.0299407
0.0300021
0.0300096
0.030105
0.02975
0.0279916
0.0244083
0.0199203
0.0164615
0.0155357
0.0172022
0.0201907
0.0230033
0.0247748
0.0254193
0.0253452
0.0250672
0.0247157
0.0237988
0.0215967
0.0179948
0.0139791
0.0111793
0.0107225
0.0125516
0.0155713
0.0184647
0.0203831
0.0211568
0.0211094
0.0206835
0.0199668
0.0185765
0.016072
0.0126052
0.00916075
0.00705522
0.0070616
0.008988
0.0118674
0.0145997
0.0164623
0.0172691
0.0172334
0.0166652
0.0156166
0.0138631
0.0112451
0.00810219
0.00533101
0.00392126
0.00433649
0.00628482
0.00892613
0.011369
0.0130356
0.0137573
0.0136573
0.0129242
0.0116014
0.00963056
0.00709093
0.00442757
0.00238849
0.00164352
0.00239484
0.00428778
0.00661589
0.00868565
0.0100582
0.0105954
0.0103612
0.00946897
0.00798795
0.00600789
0.00377296
0.00174921
0.000496344
0.000392187
0.00143147
0.00323056
0.00522036
0.00689175
0.00793688
0.00825976
0.00789842
0.00693915
0.00548967
0.0037417
0.0020044
0.00070755
0.000201153
0.000678819
0.00193233
0.0036991
0.00534427
0.00680112
0.00740585
0.00773293
0.00696665
0.00596045
0.00460898
0.000816134
0.00388971
0.079593
0.0785
0.0747297
0.0690737
0.0608339
0.0494681
0.0346395
0.0160193
-0.00552966
-0.0284499
-0.0492358
-0.062888
-0.0693655
-0.0683284
-0.0589975
-0.0445276
-0.0281621
-0.0125885
0.000219599
0.00905848
0.0134453
0.0142066
0.0137011
0.014244
0.0166195
0.0201914
0.0240905
0.0277962
0.0311714
0.0343103
0.0372701
0.039981
0.0417253
0.0412178
0.0377203
0.0323167
0.0276916
0.0258249
0.0266999
0.028834
0.0309312
0.0324523
0.0334207
0.0341117
0.0348244
0.0356569
0.0359466
0.0343936
0.0302425
0.0245488
0.0199611
0.0185872
0.0204359
0.0237304
0.0266985
0.0285297
0.0292526
0.0293243
0.0292936
0.0293556
0.0288786
0.0267581
0.0225463
0.0173643
0.0134712
0.0125759
0.0147075
0.0183747
0.0218269
0.0240405
0.0249033
0.0248979
0.0246344
0.024234
0.0230852
0.0203765
0.0160786
0.0114354
0.00835329
0.00806119
0.0104009
0.0140601
0.0175346
0.0198745
0.0208968
0.0209674
0.0205695
0.0197434
0.0180187
0.0149395
0.0107986
0.00682587
0.00454916
0.00478761
0.00723381
0.010721
0.0139885
0.0162408
0.0172911
0.0173772
0.0168109
0.0155854
0.0134276
0.0102214
0.0064702
0.00328421
0.00180234
0.00249309
0.00494664
0.00815023
0.0110774
0.0130918
0.0140251
0.0140134
0.0132314
0.0116737
0.0092704
0.00617811
0.00300402
0.000669351
-6.01761e-05
0.000993312
0.00335933
0.00618689
0.00867378
0.0103344
0.0110282
0.0108248
0.00982317
0.00806843
0.0056698
0.00296237
0.000552535
-0.000873684
-0.000888898
0.000459392
0.00267908
0.00508534
0.00708698
0.00834191
0.00875172
0.00835775
0.00723818
0.00550265
0.00338276
0.00127562
-0.000279774
-0.000852271
-0.000232707
0.00131744
0.0034484
0.00542813
0.00715347
0.00789929
0.00832402
0.00745592
0.00645887
0.00466433
0.00103588
0.0032588
0.0824568
0.0814362
0.0779065
0.0725103
0.0644686
0.0530475
0.0376834
0.0176669
-0.00618837
-0.0324657
-0.0564878
-0.0715659
-0.0785065
-0.0769337
-0.0652853
-0.0477692
-0.0284682
-0.0105779
0.00363992
0.0128339
0.0163934
0.0153906
0.0130592
0.0125489
0.0147573
0.0186172
0.022889
0.0269156
0.0305529
0.0339343
0.0371406
0.0401251
0.0420232
0.041172
0.0365721
0.0296098
0.0238469
0.0218953
0.0234824
0.026495
0.0292454
0.0311449
0.0322795
0.0329725
0.0335764
0.0343412
0.0345896
0.0328005
0.0279888
0.0212823
0.0158297
0.0142906
0.0167829
0.0210941
0.0249419
0.0272877
0.0281792
0.02822
0.028136
0.0281763
0.0275444
0.0249156
0.0198396
0.0137518
0.00935425
0.00859116
0.0113961
0.0159605
0.0202206
0.0229722
0.0240926
0.0241758
0.0239501
0.0234935
0.0220262
0.0186358
0.0134319
0.00799738
0.00458239
0.0045378
0.00756846
0.012068
0.0162802
0.0191366
0.0204611
0.0206873
0.0203375
0.0193676
0.0171932
0.0133616
0.00836557
0.00374327
0.00127294
0.00182293
0.00494102
0.00920705
0.013151
0.0158874
0.0172398
0.0174843
0.0169253
0.015466
0.0127746
0.00880872
0.00429368
0.0006049
-0.000946345
0.000105164
0.00320082
0.00711389
0.0106485
0.0130972
0.0142963
0.0143999
0.0135553
0.0116885
0.00871911
0.0049177
0.00110575
-0.0015818
-0.00227192
-0.000824771
0.00214071
0.00559519
0.00860325
0.0106242
0.0115167
0.011356
0.0102119
0.0080975
0.0051527
0.0018398
-0.00105086
-0.00267801
-0.00256284
-0.000812994
0.00194089
0.0048702
0.00728459
0.00880275
0.00932432
0.00889139
0.00756465
0.00545508
0.00285082
0.000269382
-0.00160777
-0.00225017
-0.00143699
0.000497084
0.00308963
0.00548938
0.00754715
0.00847068
0.00901243
0.00802157
0.00702416
0.00466352
0.00132696
0.00224891
0.0857363
0.084813
0.0816069
0.0765828
0.0688716
0.0575104
0.0416324
0.0199949
-0.00672478
-0.0375011
-0.0658348
-0.0826659
-0.0903387
-0.0882464
-0.0734809
-0.0518794
-0.0287515
-0.00791718
0.00806637
0.0176643
0.020035
0.0165426
0.0116729
0.00979457
0.0119488
0.0163482
0.0211833
0.0256238
0.029547
0.0331588
0.0365766
0.0397678
0.0417776
0.0405063
0.0345011
0.0254374
0.018085
0.0160941
0.0188658
0.0232508
0.0269508
0.0293319
0.0305874
0.0311318
0.0314658
0.0321074
0.0323333
0.0302557
0.0245855
0.0166519
0.0102576
0.00865144
0.0119938
0.0175889
0.0225493
0.0255268
0.0265922
0.0265729
0.0264464
0.0264838
0.0256374
0.0223219
0.0161422
0.00895158
0.00398457
0.00345644
0.00716109
0.0128648
0.018108
0.0214902
0.0229094
0.0231128
0.0229545
0.0224252
0.0205396
0.016298
0.0100092
0.00365649
-0.000127459
0.000145728
0.00402646
0.00955275
0.0146516
0.0181153
0.0197958
0.0202188
0.0199355
0.0187789
0.0160369
0.0112916
0.005293
-6.57077e-05
-0.00273699
-0.00180491
0.00211418
0.00730697
0.0120529
0.01536
0.017071
0.0175101
0.0169587
0.0152017
0.0118487
0.00697062
0.00156843
-0.00268078
-0.00428584
-0.00279541
0.00105939
0.00580725
0.010056
0.0130167
0.0145331
0.0147773
0.0138495
0.0115914
0.00792411
0.00327477
-0.00127332
-0.00434502
-0.00496282
-0.00303486
0.000640728
0.00483168
0.00845123
0.0108975
0.0120284
0.0119201
0.0105928
0.00802473
0.0044062
0.000368622
-0.00307474
-0.00490997
-0.00461408
-0.00237409
0.00101638
0.00456271
0.00746294
0.00929327
0.00995005
0.00946891
0.00788094
0.00530142
0.00209897
-0.00105219
-0.00329858
-0.00400066
-0.00293545
-0.000531937
0.00261247
0.00550996
0.00795729
0.00909329
0.00976743
0.00863304
0.0076125
0.00456923
0.00165025
0.00084441
0.0893936
0.0885978
0.0858161
0.0813091
0.0741132
0.0630051
0.0467173
0.02328
-0.00693151
-0.0437159
-0.0776954
-0.0963282
-0.104727
-0.102123
-0.0833765
-0.056608
-0.0287387
-0.00432849
0.0137497
0.0237417
0.0243813
0.0173613
0.00899691
0.00545142
0.00782496
0.0131529
0.0188023
0.0237556
0.0279644
0.031728
0.0351262
0.0381972
0.0401781
0.0386493
0.0314884
0.0201057
0.0104685
0.00803272
0.012384
0.0187871
0.0238613
0.0268561
0.0281457
0.0283524
0.0283057
0.0288388
0.0290621
0.0265505
0.0197192
0.0102997
0.00292069
0.00143171
0.00592699
0.0131059
0.0194036
0.0231191
0.0243705
0.0242882
0.0241491
0.0241958
0.0230634
0.018907
0.0114561
0.00304062
-0.0025419
-0.00277182
0.00200408
0.00905277
0.0154324
0.0195239
0.0212808
0.0216405
0.0215768
0.0209529
0.0185626
0.0133491
0.00586971
-0.00146254
-0.00562651
-0.00498977
-0.000156292
0.00652595
0.0126207
0.0167607
0.0188416
0.0194969
0.019292
0.0179072
0.0145038
0.00873596
0.00165413
-0.0044736
-0.00733352
-0.00596898
-0.00116796
0.00504546
0.0106765
0.0146153
0.0167286
0.017391
0.0168408
0.0147267
0.0106115
0.00472072
-0.00163147
-0.00645372
-0.00808478
-0.00609777
-0.00140941
0.00425089
0.00928181
0.012808
0.0146811
0.0150851
0.0140475
0.0113218
0.00685199
0.00126407
-0.00406564
-0.00751658
-0.00801975
-0.0055487
-0.0010905
0.00390605
0.00819535
0.0111125
0.0125121
0.0124593
0.0109054
0.00779577
0.00340059
-0.00144002
-0.00546575
-0.00749088
-0.00696278
-0.00416455
-6.68465e-05
0.00415876
0.00759412
0.00977204
0.0105816
0.010039
0.00813394
0.0049948
0.00110068
-0.00268433
-0.00531733
-0.00605283
-0.00468086
-0.00174042
0.00202125
0.00547127
0.00834776
0.00972326
0.0105383
0.0092406
0.00816136
0.00434551
0.00194558
-0.000892251
0.0933783
0.0927456
0.0905068
0.0866961
0.0802607
0.0696951
0.0532104
0.027872
-0.00658023
-0.0515272
-0.0930061
-0.11375
-0.123502
-0.120584
-0.0962899
-0.0625093
-0.0285441
0.00027464
0.0208575
0.0312389
0.029421
0.0174517
0.00423734
-0.00138832
0.00171176
0.0086435
0.0155159
0.0211223
0.0255864
0.0292688
0.0320702
0.0344167
0.0361257
0.034591
0.0268739
0.0134553
0.00115543
-0.00222481
0.00379381
0.0128092
0.0197572
0.0235331
0.0247607
0.0244651
0.0240012
0.0244804
0.0246859
0.0215754
0.0133685
0.00231121
-0.00609077
-0.007346
-0.00143794
0.00760151
0.0154271
0.0199632
0.0214185
0.0212916
0.0211731
0.0212337
0.0197651
0.014695
0.00592764
-0.00372653
-0.00993032
-0.00984511
-0.00392777
0.00457457
0.0121795
0.0170246
0.0191434
0.0196868
0.0197357
0.0190012
0.0160633
0.00984247
0.00116847
-0.00712291
-0.0116451
-0.0106269
-0.00481407
0.00306397
0.0101923
0.0150334
0.0175347
0.0184423
0.0183195
0.0166804
0.0125739
0.00575877
-0.00239706
-0.00926065
-0.0122757
-0.0104559
-0.00475704
0.00249281
0.00902471
0.0136102
0.0161428
0.0170423
0.0164827
0.0139736
0.00905148
0.00212875
-0.00515573
-0.010511
-0.0121315
-0.00962042
-0.00408419
0.00249681
0.00831781
0.0124213
0.0146661
0.0152368
0.0140636
0.0108197
0.00549955
-0.00104157
-0.00712849
-0.0109138
-0.0112609
-0.00821867
-0.00296251
0.00284765
0.0078141
0.0112136
0.0128933
0.0128904
0.0110718
0.00736102
0.00214038
-0.00351443
-0.00809575
-0.0102662
-0.00946361
-0.00607636
-0.00125233
0.00366386
0.00764397
0.0101802
0.011148
0.0105268
0.00825766
0.00449744
-0.000134032
-0.0045629
-0.00755933
-0.00829133
-0.00657158
-0.00306192
0.00133889
0.00535678
0.00867178
0.010298
0.0112514
0.00977387
0.00859392
0.00396549
0.00214731
-0.00282433
0.0976265
0.0971974
0.0956361
0.0927394
0.0873812
0.0777837
0.0614868
0.0343278
-0.00518767
-0.0612843
-0.112567
-0.13459
-0.145596
-0.143072
-0.111991
-0.0694698
-0.0280791
0.00593247
0.0294236
0.0401124
0.0347887
0.015777
-0.0041941
-0.0120265
-0.0071435
0.00244458
0.0110845
0.017505
0.022127
0.0252682
0.0266784
0.0277908
0.0292204
0.0279178
0.0196455
0.00420647
-0.010581
-0.0147496
-0.00693021
0.00515788
0.0144444
0.0191802
0.0202793
0.0193862
0.0185271
0.0190133
0.0191837
0.0153967
0.00579792
-0.00685826
-0.0162764
-0.0172917
-0.00988803
0.00115371
0.0106116
0.0160062
0.0176761
0.0175254
0.0174519
0.0175344
0.0157366
0.00979941
-0.00018665
-0.0109756
-0.017753
-0.0173722
-0.0103567
-0.000426043
0.00839041
0.0139731
0.016445
0.0171772
0.017345
0.0165054
0.0130475
0.00589317
-0.00386358
-0.0130063
-0.0178294
-0.0164394
-0.00970359
-0.000697186
0.00740703
0.0129078
0.0158078
0.0169629
0.0169209
0.0150339
0.0102594
0.00247713
-0.00664203
-0.0141395
-0.0172565
-0.0149902
-0.00845156
-0.000242605
0.00711953
0.012303
0.0152312
0.0163604
0.0157837
0.012883
0.00719029
-0.00068333
-0.00879327
-0.0145883
-0.0161543
-0.0131315
-0.00680492
0.000620562
0.00716263
0.011798
0.0143945
0.015122
0.0138008
0.0100372
0.0039013
-0.00351394
-0.0102579
-0.0142956
-0.0144518
-0.0108559
-0.00485675
0.00169854
0.00728335
0.0111298
0.0130745
0.0131083
0.011007
0.0066889
0.000674227
-0.0057227
-0.0107726
-0.0130222
-0.0119226
-0.00796654
-0.00246394
0.00308774
0.00756895
0.0104397
0.0115551
0.0108383
0.00818407
0.00379566
-0.00154609
-0.00655994
-0.00985413
-0.0105382
-0.00846016
-0.00439943
0.00060248
0.00514918
0.00887011
0.010735
0.0118091
0.0101465
0.0088318
0.0034236
0.00220714
-0.00476613
0.102057
0.101875
0.101137
0.0994014
0.0955129
0.0874527
0.0719427
0.043315
-0.0023326
-0.0739557
-0.13832
-0.161883
-0.175643
-0.174002
-0.132794
-0.0781793
-0.0274226
0.012704
0.0395965
0.0501176
0.0393872
0.0103603
-0.0189727
-0.0287531
-0.0201958
-0.00613519
0.0051875
0.0126799
0.0172703
0.0192151
0.0185745
0.0184008
0.0198401
0.0188447
0.00961455
-0.00800272
-0.0249579
-0.0295264
-0.0196269
-0.00413881
0.00782279
0.0136653
0.0146145
0.0131002
0.0118943
0.0124479
0.0126174
0.00823647
-0.00255176
-0.0165764
-0.0269161
-0.0277601
-0.0189823
-0.00600798
0.00504355
0.0112606
0.0131253
0.0129521
0.0129328
0.013065
0.0110262
0.00440181
-0.00656232
-0.0182691
-0.0255162
-0.0248822
-0.016915
-0.00572355
0.00416531
0.0103857
0.0131499
0.0140424
0.0143266
0.013423
0.00955874
0.00166309
-0.00894912
-0.0187521
-0.0237858
-0.0220581
-0.0145348
-0.00457761
0.00433746
0.0103739
0.0135958
0.0149626
0.0150012
0.0129204
0.00760413
-0.000953474
-0.0108254
-0.018791
-0.0219401
-0.0192683
-0.0120218
-0.00302798
0.00499826
0.0106544
0.0139036
0.0152318
0.0146425
0.0114118
0.00508025
-0.00355757
-0.0123002
-0.0183945
-0.0198576
-0.0163781
-0.00939317
-0.00128939
0.00581881
0.0108734
0.0137583
0.0146177
0.013162
0.00894536
0.00212543
-0.00598777
-0.0132179
-0.0173958
-0.0173381
-0.0132554
-0.00664294
0.000505501
0.0065748
0.0107773
0.0129407
0.0129956
0.0106301
0.00577281
-0.000910475
-0.00789215
-0.0132698
-0.0155205
-0.0141261
-0.00967739
-0.00361775
0.00243944
0.00731617
0.0104564
0.0116911
0.010871
0.0078552
0.00290656
-0.00303295
-0.00850305
-0.0119932
-0.0125864
-0.0101748
-0.00564039
-0.000144101
0.0048289
0.00887338
0.0109363
0.0120998
0.0102674
0.00880897
0.00274103
0.00210771
-0.00652401
0.106573
0.106681
0.106917
0.106622
0.10467
0.0989444
0.0851591
0.0560337
0.00317198
-0.0907051
-0.171903
-0.19251
-0.209388
-0.212208
-0.159105
-0.0893038
-0.0272103
0.019881
0.0501239
0.0599659
0.0418277
-0.00142531
-0.0434159
-0.0547236
-0.0391165
-0.0177002
-0.00240765
0.00644754
0.0107123
0.0108065
0.007794
0.00654642
0.00836676
0.00772244
-0.00249735
-0.0220409
-0.0408449
-0.0457076
-0.0337181
-0.014784
-3.9819e-05
0.00696687
0.00776828
0.00564854
0.0041443
0.00483552
0.00513055
0.000418392
-0.0111612
-0.0261626
-0.0372323
-0.0380003
-0.0281338
-0.0135191
-0.00108906
0.00581175
0.00779495
0.00756291
0.00759296
0.00783597
0.00573535
-0.00126909
-0.012844
-0.0251537
-0.0327154
-0.0318827
-0.023193
-0.011038
-0.00034486
0.00631574
0.00924503
0.0102302
0.0106243
0.00974325
0.00567662
-0.00265674
-0.0137944
-0.0239951
-0.0291208
-0.0271105
-0.0190039
-0.0083743
0.00108063
0.0074401
0.0108444
0.012355
0.0124818
0.010317
0.0046792
-0.00435728
-0.0146836
-0.0228979
-0.0259969
-0.0229903
-0.0152351
-0.00572164
0.0027083
0.00863204
0.0120726
0.0135465
0.0129713
0.00953956
0.00279781
-0.00632024
-0.0154294
-0.021645
-0.0229587
-0.0191153
-0.0116733
-0.00314352
0.00429055
0.00958208
0.0126481
0.0136054
0.012065
0.00753932
0.000263746
-0.00828423
-0.0157721
-0.0199564
-0.0196766
-0.0152209
-0.00819654
-0.00068849
0.00565606
0.0100669
0.0123726
0.0124391
0.00987767
0.00463291
-0.0025016
-0.00983701
-0.0153606
-0.0175285
-0.0158694
-0.0110593
-0.00463623
0.00172194
0.00682574
0.0101288
0.0114391
0.0105295
0.00723436
0.00187661
-0.00446611
-0.010205
-0.0137637
-0.0142302
-0.0115466
-0.00667473
-0.000859881
0.004372
0.00860638
0.0107981
0.0120115
0.0100552
0.00848332
0.00196366
0.00186431
-0.00793115
0.111058
0.111495
0.112846
0.114258
0.114785
0.112308
0.101604
0.0735587
0.0115826
-0.112714
-0.217955
-0.236566
-0.258752
-0.266711
-0.194454
-0.103501
-0.0276181
0.0271029
0.0587024
0.0668331
0.0445306
-0.0105502
-0.0687934
-0.0888808
-0.0658272
-0.0334154
-0.0120455
-0.00132047
0.00230771
4.52519e-05
-0.00536651
-0.00736975
-0.00476311
-0.00482382
-0.0155512
-0.0363075
-0.056512
-0.0617696
-0.0481563
-0.0261812
-0.00886599
-0.00078413
-0.00015392
-0.00286869
-0.00463639
-0.00371323
-0.00305918
-0.0076783
-0.0194985
-0.0349639
-0.0464878
-0.0472676
-0.0367029
-0.0209268
-0.0075101
-0.000184449
0.001765
0.00139108
0.00145591
0.00191138
1.33604e-05
-0.00695916
-0.0186798
-0.0312039
-0.0388848
-0.0379119
-0.0287866
-0.0160679
-0.00495324
0.00185234
0.00474943
0.00572144
0.00622073
0.00549516
0.00151098
-0.00686482
-0.0181184
-0.0284012
-0.03348
-0.0312577
-0.0228247
-0.0118827
-0.00225102
0.00413588
0.00752246
0.00908045
0.00931623
0.0072327
0.00157632
-0.00755722
-0.0179722
-0.0261772
-0.0291367
-0.0258906
-0.0178802
-0.00818761
0.000303675
0.00621729
0.00966894
0.0112173
0.0107108
0.00727265
0.000433641
-0.00880277
-0.0179575
-0.0240911
-0.0252129
-0.0211312
-0.013491
-0.00486063
0.00258447
0.00786814
0.0109699
0.0119887
0.0104543
0.00583769
-0.00158266
-0.010235
-0.0177113
-0.0217565
-0.0212612
-0.0165873
-0.00941319
-0.00184939
0.00449507
0.00891657
0.0112648
0.011348
0.00871287
0.00331044
-0.00398211
-0.011386
-0.0168478
-0.0188503
-0.0169816
-0.0119889
-0.00545857
0.000930924
0.00603825
0.00936163
0.0106951
0.00974111
0.00631075
0.000770555
-0.00571576
-0.011495
-0.0149803
-0.0152944
-0.0124329
-0.00741105
-0.00151415
0.00375177
0.00799739
0.0102252
0.011449
0.00945222
0.00784062
0.00115141
0.00151448
-0.00886586
0.115378
0.116178
0.118752
0.122149
0.125702
0.127791
0.122096
0.0993136
0.0260481
-0.14971
-0.275824
-0.275948
-0.311019
-0.337134
-0.242607
-0.123986
-0.030561
0.0292212
0.0548802
0.0602071
0.0354997
-0.0171114
-0.0850326
-0.120333
-0.0965339
-0.05293
-0.0238556
-0.0106817
-0.00791598
-0.012838
-0.0205499
-0.0229142
-0.0190291
-0.0179623
-0.0283381
-0.0493185
-0.0702965
-0.0760881
-0.0616425
-0.0374907
-0.0181742
-0.00929661
-0.00894014
-0.0122843
-0.0142994
-0.0130124
-0.011666
-0.0156504
-0.0270664
-0.0424123
-0.0540558
-0.0549091
-0.044084
-0.0277508
-0.013885
-0.00651103
-0.00482983
-0.00547466
-0.00539323
-0.00458453
-0.00594937
-0.0124078
-0.02375
-0.0360569
-0.0436368
-0.0425807
-0.0333382
-0.0205217
-0.00945463
-0.00288165
-0.000276386
0.000545277
0.00115032
0.000753216
-0.00280375
-0.0107656
-0.0216767
-0.0316954
-0.0365778
-0.0342243
-0.025755
-0.0149153
-0.00553748
0.000515938
0.00363591
0.0051246
0.00550453
0.00371266
-0.00159906
-0.0103911
-0.0204879
-0.0284042
-0.0311329
-0.0277607
-0.0197855
-0.010307
-0.00215623
0.00341439
0.00665843
0.00819954
0.00784312
0.00464575
-0.00191677
-0.0108588
-0.019706
-0.0255418
-0.026436
-0.0222659
-0.0147273
-0.00637377
0.000713491
0.00569853
0.00866375
0.00971198
0.00831139
0.00387999
-0.00331642
-0.0117005
-0.0188744
-0.0226318
-0.0219422
-0.0172357
-0.0102184
-0.00295336
0.00306816
0.00726719
0.00954504
0.00966876
0.00712988
0.00185947
-0.00524719
-0.0124031
-0.0175841
-0.0193447
-0.017343
-0.0123825
-0.00604694
5.75698e-05
0.00490607
0.00808375
0.0093882
0.00846661
0.00509847
-0.000342028
-0.00667118
-0.0122405
-0.0155061
-0.0156529
-0.0127336
-0.00778769
-0.00209001
0.00294374
0.00699047
0.00914753
0.0103497
0.00843175
0.00689203
0.000365818
0.00110451
-0.00925334
0.119389
0.120559
0.124426
0.129945
0.137117
0.144683
0.146977
0.13209
0.046851
-0.177135
-0.377545
-0.351305
-0.393367
-0.440041
-0.307266
-0.150289
-0.0365717
0.0213347
0.0323718
0.0292098
0.00868309
-0.0315888
-0.100019
-0.146837
-0.127047
-0.0745558
-0.0373976
-0.02146
-0.0197008
-0.0274353
-0.037332
-0.0395977
-0.0337947
-0.0307871
-0.0397746
-0.0599092
-0.0809232
-0.0873132
-0.0729272
-0.0477733
-0.0273368
-0.0181439
-0.0182791
-0.0223532
-0.0246137
-0.0227892
-0.0203444
-0.0230945
-0.0334353
-0.0480641
-0.0594681
-0.0604247
-0.0497733
-0.0335415
-0.0198578
-0.0129054
-0.0117982
-0.0128791
-0.0127974
-0.0114651
-0.0119293
-0.0173645
-0.0277898
-0.0394404
-0.0466924
-0.0456043
-0.0365674
-0.0241456
-0.0136422
-0.00773323
-0.00572244
-0.00520768
-0.00448938
-0.00435974
-0.00711471
-0.0141832
-0.0242805
-0.0336838
-0.0382202
-0.0358204
-0.0276163
-0.0173168
-0.00865735
-0.00333568
-0.000759946
0.000532487
0.00110363
-0.000159609
-0.00473401
-0.0127239
-0.0220842
-0.0294306
-0.0318417
-0.0284666
-0.0208331
-0.0119851
-0.00460583
0.000260142
0.00305815
0.00450816
0.0044011
0.00172206
-0.00416096
-0.0123765
-0.0205555
-0.0258799
-0.0265189
-0.0224247
-0.0153072
-0.00763217
-0.00129707
0.00307632
0.00572131
0.00677352
0.00565967
0.00172275
-0.00485403
-0.0125833
-0.0191615
-0.0224889
-0.0216384
-0.0171033
-0.0105721
-0.00398381
0.00137044
0.00509852
0.00719072
0.00739506
0.005154
0.000338415
-0.0062167
-0.0128005
-0.0174846
-0.0189356
-0.0168943
-0.0122025
-0.00638694
-0.000904554
0.00340653
0.00626432
0.00749454
0.00670612
0.00363146
-0.00139854
-0.00725434
-0.01236
-0.0152643
-0.0152399
-0.0124003
-0.00777804
-0.00258292
0.00193407
0.00555891
0.00753524
0.00869426
0.00700046
0.00566803
-0.000340193
0.00067769
-0.00906126
0.122936
0.124473
0.1296
0.137355
0.148451
0.163238
0.177188
0.186508
0.0879274
-0.170509
-0.436498
-0.385825
-0.486328
-0.583604
-0.407573
-0.189968
-0.0501
-0.00517778
-0.00395312
-0.0167215
-0.0234763
-0.051123
-0.113234
-0.165735
-0.152718
-0.095691
-0.0516861
-0.0332024
-0.0325915
-0.0432157
-0.0551701
-0.0568097
-0.0483007
-0.0424
-0.0489794
-0.0672843
-0.0875912
-0.094528
-0.0810209
-0.0561464
-0.0356681
-0.0268099
-0.0277751
-0.0327421
-0.0352504
-0.0326813
-0.0287015
-0.0296276
-0.0382663
-0.0516258
-0.0624433
-0.0635029
-0.0534149
-0.0379286
-0.0250869
-0.019077
-0.0188943
-0.020595
-0.0205237
-0.018484
-0.0176793
-0.0216024
-0.0306054
-0.0411895
-0.0478985
-0.0468214
-0.0382927
-0.0267431
-0.0173219
-0.0125238
-0.0114252
-0.011378
-0.0105334
-0.00967357
-0.0112569
-0.0169709
-0.0258074
-0.0342657
-0.0383175
-0.0359543
-0.0283056
-0.0189729
-0.0114919
-0.00730278
-0.00555219
-0.00458148
-0.00376697
-0.00426228
-0.00771314
-0.0144563
-0.0226819
-0.0291948
-0.0312115
-0.0279574
-0.0209653
-0.0131555
-0.00697145
-0.00316868
-0.0010534
0.000225846
0.00047281
-0.0014081
-0.00621483
-0.0132864
-0.0204546
-0.0250704
-0.0254364
-0.0215844
-0.0152032
-0.00859987
-0.00340299
5.12384e-05
0.0021964
0.00323335
0.00256639
-0.000564
-0.00613196
-0.0128344
-0.0185415
-0.0213121
-0.020344
-0.0161874
-0.0104678
-0.0049258
-0.000574201
0.00244085
0.00423784
0.00457227
0.00283974
-0.00119579
-0.00684169
-0.0125448
-0.0165331
-0.0176202
-0.0156425
-0.0114585
-0.00648342
-0.00195068
0.00155343
0.0039238
0.00504279
0.00449922
0.00195837
-0.0023503
-0.00742603
-0.0118287
-0.0142443
-0.0140558
-0.0114399
-0.00738997
-0.00299531
0.00072866
0.00371597
0.00540742
0.00651037
0.00519615
0.00421265
-0.000928163
0.000267008
-0.0082961
0.12587
0.127723
0.133999
0.14374
0.158978
0.180348
0.212342
0.212705
0.178219
-0.209395
-0.581794
-0.415803
-0.472915
-0.68792
-0.500304
-0.238067
-0.0805861
-0.0505784
-0.0531986
-0.0625542
-0.0519769
-0.0672701
-0.119894
-0.173015
-0.167998
-0.112522
-0.0649227
-0.0449687
-0.0458579
-0.0594894
-0.0733823
-0.073774
-0.0616696
-0.0519673
-0.0553207
-0.0710419
-0.0899989
-0.0973291
-0.0853273
-0.0619198
-0.0425205
-0.0347446
-0.0369674
-0.0430318
-0.0457837
-0.0422449
-0.0363139
-0.0349042
-0.0413255
-0.0529629
-0.0628937
-0.0640327
-0.0548232
-0.040652
-0.0292752
-0.0247261
-0.0258243
-0.028326
-0.0282683
-0.025344
-0.0229392
-0.0249288
-0.0320818
-0.0412523
-0.0472334
-0.0462
-0.0384399
-0.0281867
-0.0203227
-0.0170555
-0.0171696
-0.017739
-0.0167527
-0.0149762
-0.0150597
-0.0190171
-0.0262072
-0.0334376
-0.0368878
-0.0346361
-0.0278004
-0.0198152
-0.0139284
-0.0112378
-0.0105693
-0.0100344
-0.00892743
-0.00843913
-0.010423
-0.0155279
-0.0222715
-0.0277245
-0.029285
-0.0262674
-0.0201865
-0.0137793
-0.00916997
-0.0067526
-0.0055335
-0.00449627
-0.00379984
-0.00463012
-0.00800583
-0.0135635
-0.019422
-0.0231621
-0.0232481
-0.0197936
-0.0144332
-0.0092525
-0.00553664
-0.00327561
-0.00179145
-0.000785961
-0.000859098
-0.00289962
-0.00710936
-0.0124556
-0.0170538
-0.0191655
-0.0181285
-0.014543
-0.00992835
-0.00575977
-0.00270655
-0.000619709
0.000783965
0.00129641
0.000267779
-0.00269086
-0.00710664
-0.0116583
-0.0147835
-0.0154696
-0.0136586
-0.0102027
-0.00635337
-0.00305706
-0.000596287
0.00113809
0.00211493
0.00192236
0.000138645
-0.0031654
-0.00718735
-0.0106794
-0.0125021
-0.0121664
-0.00991219
-0.00666041
-0.00332939
-0.000639826
0.00152007
0.00283449
0.00387229
0.00308399
0.00257931
-0.00137675
-0.000108715
-0.00700177
0.128054
0.130156
0.137295
0.148725
0.167138
0.195831
0.24137
0.276727
0.322829
-0.194814
-0.430983
-0.497563
-0.696197
-0.547861
-0.280838
-0.127001
-0.102922
-0.11795
-0.103196
-0.074183
-0.0770109
-0.119278
-0.169357
-0.171463
-0.122339
-0.0751834
-0.0554912
-0.0585133
-0.075355
-0.090983
-0.0894632
-0.0729355
-0.0587713
-0.0584284
-0.0711354
-0.0882789
-0.0957913
-0.085675
-0.0646764
-0.0473664
-0.041418
-0.0453547
-0.052723
-0.0556975
-0.0509731
-0.0427505
-0.0386351
-0.0424899
-0.0520942
-0.0609126
-0.0620926
-0.0539848
-0.0415775
-0.0321907
-0.0295612
-0.0322602
-0.0357179
-0.0356694
-0.0317117
-0.0274497
-0.0271932
-0.0321847
-0.0396864
-0.0447995
-0.0438322
-0.0370413
-0.0284226
-0.022505
-0.0211195
-0.0226974
-0.0240058
-0.0228643
-0.0200242
-0.0183542
-0.0202487
-0.0255001
-0.0312886
-0.0340505
-0.0319722
-0.0261548
-0.0198213
-0.015863
-0.0149665
-0.0155886
-0.0155831
-0.0141465
-0.0125063
-0.0127557
-0.0159179
-0.0209107
-0.0251317
-0.0261944
-0.0235109
-0.0185587
-0.0138438
-0.0111094
-0.0103328
-0.0101812
-0.00944598
-0.00822776
-0.00780944
-0.00947428
-0.0132267
-0.0175427
-0.0202829
-0.0200924
-0.0171664
-0.0130558
-0.00957364
-0.00760638
-0.00675435
-0.00606197
-0.00510492
-0.00446993
-0.0051951
-0.00776757
-0.011497
-0.014804
-0.0161866
-0.01513
-0.0122756
-0.00899865
-0.00645701
-0.00493124
-0.00394362
-0.0030158
-0.00228987
-0.00245814
-0.00409981
-0.00702754
-0.0102157
-0.0123541
-0.0126218
-0.01107
-0.00852033
-0.00601814
-0.00417702
-0.00294262
-0.00196432
-0.00115784
-0.000914942
-0.00175945
-0.00382812
-0.00657693
-0.00899807
-0.0101553
-0.0096965
-0.00792085
-0.00564642
-0.00358085
-0.00210983
-0.000926615
-6.53418e-05
0.000896393
0.000752695
0.000828695
-0.00168187
-0.000445072
-0.00525791
0.129384
0.131623
0.139265
0.151638
0.17205
0.205023
0.260396
0.325167
0.430414
-0.498556
-0.663845
-0.541615
-0.300551
-0.174858
-0.165721
-0.184678
-0.135981
-0.0876553
-0.0785777
-0.1104
-0.155226
-0.163189
-0.123528
-0.0807381
-0.0633578
-0.06937
-0.0896788
-0.106723
-0.102648
-0.0811255
-0.0622724
-0.0581984
-0.0678159
-0.0828994
-0.0903723
-0.0822747
-0.0642951
-0.0498491
-0.0463656
-0.0524246
-0.061262
-0.064415
-0.0583276
-0.0476022
-0.0406037
-0.0417469
-0.0491741
-0.0567469
-0.0579237
-0.0510414
-0.0406961
-0.0336791
-0.0333166
-0.0378578
-0.0423793
-0.0423295
-0.0372385
-0.030967
-0.0282934
-0.0309557
-0.0366454
-0.0408062
-0.0399174
-0.0342248
-0.0274675
-0.0237658
-0.0245076
-0.0277235
-0.0298541
-0.0285508
-0.0245573
-0.0209818
-0.0206313
-0.0237694
-0.0279879
-0.0300123
-0.0281524
-0.0234911
-0.0190118
-0.017204
-0.0182979
-0.0203498
-0.0209396
-0.019156
-0.016263
-0.0146126
-0.0156418
-0.0187157
-0.0216006
-0.0221473
-0.0198697
-0.0161926
-0.0133592
-0.0126923
-0.013721
-0.0147515
-0.0143647
-0.0125867
-0.010798
-0.0105733
-0.0123325
-0.0149588
-0.0166271
-0.0161737
-0.0138702
-0.0111609
-0.0095523
-0.00950097
-0.0101966
-0.010387
-0.00949904
-0.00808961
-0.00735536
-0.00810722
-0.0100496
-0.0119528
-0.012572
-0.0115405
-0.00952841
-0.00773771
-0.00697865
-0.00712241
-0.00734756
-0.00695869
-0.00600532
-0.00521482
-0.00537987
-0.00664674
-0.0083344
-0.00941573
-0.00926756
-0.00804498
-0.00651813
-0.00549766
-0.00524246
-0.00534951
-0.00521139
-0.0046029
-0.00387496
-0.00365966
-0.00433594
-0.00566452
-0.0069145
-0.00736995
-0.00681533
-0.00560006
-0.00441552
-0.00373602
-0.00359451
-0.0034856
-0.00313404
-0.00226545
-0.00168915
-0.000972209
-0.00185492
-0.000748869
-0.00317594
0.129804
0.132054
0.139744
0.152205
0.172767
0.206087
0.262068
0.33898
0.500136
-0.458448
-0.543119
-0.443741
-0.266755
-0.200469
-0.234141
-0.234336
-0.154454
-0.0909908
-0.0727697
-0.0951376
-0.133562
-0.145304
-0.11613
-0.0805312
-0.0672997
-0.0771641
-0.101131
-0.119161
-0.112004
-0.0853744
-0.062176
-0.0547847
-0.0615576
-0.0745435
-0.0817773
-0.0756283
-0.0609256
-0.0498046
-0.0492228
-0.0576875
-0.0680748
-0.0713369
-0.063781
-0.0505167
-0.0406841
-0.0391883
-0.0444664
-0.0507584
-0.0518902
-0.0462609
-0.0381121
-0.0336676
-0.0357682
-0.0422806
-0.04791
-0.0478449
-0.0415864
-0.0332808
-0.0281801
-0.0285034
-0.0323592
-0.0355448
-0.0347382
-0.0301961
-0.0254014
-0.0240415
-0.0270252
-0.0319566
-0.0349454
-0.0334839
-0.028318
-0.0228035
-0.0201672
-0.02115
-0.0237659
-0.0250453
-0.0234296
-0.0199853
-0.0174446
-0.0178768
-0.0210384
-0.0245769
-0.0257962
-0.0236725
-0.0195053
-0.0159086
-0.0147455
-0.0158473
-0.0173688
-0.0174068
-0.0155749
-0.0132358
-0.0123549
-0.0138226
-0.0167148
-0.0189759
-0.0189688
-0.0166336
-0.0134427
-0.0112683
-0.0109663
-0.0118534
-0.0124364
-0.011742
-0.0101091
-0.00886024
-0.00918235
-0.0110987
-0.0133917
-0.0145099
-0.0137161
-0.0115231
-0.00928222
-0.00814324
-0.00823367
-0.0086993
-0.00856008
-0.0075879
-0.00646727
-0.00621193
-0.00727876
-0.00913521
-0.0106205
-0.0108106
-0.00964189
-0.00786457
-0.00649049
-0.00602467
-0.00616146
-0.00617315
-0.0056292
-0.00477477
-0.00431211
-0.0048081
-0.00617065
-0.00765742
-0.00840149
-0.00801799
-0.00679833
-0.00547833
-0.00469467
-0.00454099
-0.00458702
-0.00434208
-0.00371711
-0.00309863
-0.00303776
-0.00377309
-0.00499041
-0.00599448
-0.00618638
-0.00543535
-0.0041175
-0.00275023
-0.00191882
-0.00103173
-0.000893202
0.129307
0.131438
0.138719
0.1504
0.169241
0.198869
0.246029
0.312945
0.430684
-0.412499
-0.418417
-0.369382
-0.263995
-0.188895
-0.212866
-0.286919
-0.256069
-0.155382
-0.0851563
-0.0615953
-0.0757235
-0.107268
-0.120735
-0.101486
-0.0743801
-0.0664495
-0.0807432
-0.108323
-0.126771
-0.116285
-0.0850902
-0.0584997
-0.0485842
-0.0529858
-0.0639966
-0.0708353
-0.0664193
-0.0549312
-0.0472555
-0.0497486
-0.0607156
-0.072615
-0.0758958
-0.0668692
-0.0512373
-0.0388562
-0.0350007
-0.0383134
-0.0433806
-0.0444342
-0.0400007
-0.0340225
-0.0321639
-0.0367487
-0.045227
-0.0519346
-0.05184
-0.0444572
-0.0342317
-0.0268597
-0.0249905
-0.0271096
-0.0293587
-0.0286313
-0.0252163
-0.0223563
-0.0233109
-0.0285071
-0.0351242
-0.038956
-0.0373524
-0.0310717
-0.0237101
-0.0188932
-0.0178134
-0.0188917
-0.0194606
-0.0180958
-0.0158496
-0.0152078
-0.0178287
-0.0230085
-0.0280021
-0.0298505
-0.0274205
-0.0220418
-0.0165764
-0.0132982
-0.0124943
-0.0127039
-0.0122661
-0.0108857
-0.00985862
-0.0108767
-0.014414
-0.0191169
-0.0225872
-0.0229745
-0.0201271
-0.0155955
-0.0115358
-0.00923124
-0.00843214
-0.00797628
-0.00706966
-0.00610514
-0.00627726
-0.0084641
-0.0122801
-0.0161274
-0.018169
-0.017498
-0.0145711
-0.0108785
-0.00789889
-0.00618402
-0.00526033
-0.00440613
-0.00351281
-0.00326573
-0.00449047
-0.00731086
-0.0108213
-0.013544
-0.0143269
-0.0129804
-0.0102625
-0.00739121
-0.00522962
-0.00385604
-0.00284361
-0.00193831
-0.0014546
-0.00201794
-0.00396302
-0.00687488
-0.00969989
-0.0113218
-0.0111872
-0.0095137
-0.00712592
-0.00491241
-0.00330591
-0.00218468
-0.0012769
-0.000601074
-0.000565603
-0.00158078
-0.00366702
-0.00618955
-0.00828274
-0.00902545
-0.00842201
-0.00639903
-0.00442644
-0.00190239
-0.00130191
0.00143365
0.127939
0.12984
0.136344
0.146478
0.162378
0.185113
0.219417
0.261946
0.277668
-0.257835
-0.436119
-0.394217
-0.200526
-0.0885357
-0.10627
-0.218513
-0.300281
-0.244513
-0.14031
-0.0730868
-0.0479283
-0.0549801
-0.0794478
-0.0927718
-0.0817282
-0.0629256
-0.0605061
-0.0792582
-0.110025
-0.128238
-0.114604
-0.0801038
-0.0516088
-0.0402023
-0.0428074
-0.0520541
-0.0583855
-0.055407
-0.0468193
-0.0423889
-0.0478415
-0.061184
-0.074423
-0.0776212
-0.0672496
-0.049641
-0.0352173
-0.0294518
-0.0311038
-0.0350761
-0.0360305
-0.0326688
-0.0286932
-0.0292509
-0.0361604
-0.0464583
-0.0541382
-0.0540035
-0.0456219
-0.0337287
-0.0243963
-0.0206205
-0.021204
-0.0226102
-0.0219558
-0.0195772
-0.0185028
-0.0215957
-0.0288319
-0.0369977
-0.0416065
-0.0398911
-0.0326288
-0.0236322
-0.0168765
-0.0139517
-0.0136468
-0.0135798
-0.0124553
-0.0113137
-0.0124126
-0.017035
-0.0240599
-0.0303916
-0.032836
-0.030158
-0.0237101
-0.0165713
-0.0113844
-0.0088539
-0.00787819
-0.00702176
-0.00606583
-0.00623993
-0.00898439
-0.0144005
-0.0207544
-0.025345
-0.0261244
-0.0228482
-0.0171257
-0.0113632
-0.00723605
-0.00490193
-0.00351023
-0.00242588
-0.00207832
-0.00353828
-0.00740725
-0.0129416
-0.0182116
-0.0211232
-0.0206042
-0.0170471
-0.0120541
-0.00739998
-0.0040347
-0.00184805
-0.000356792
0.000453086
-9.10958e-05
-0.00264255
-0.00703628
-0.0120456
-0.0159144
-0.0172753
-0.0158099
-0.0122667
-0.00804092
-0.00432704
-0.00157174
0.000365417
0.00158632
0.00173249
0.000255701
-0.00297705
-0.0072767
-0.0113218
-0.0137699
-0.0139011
-0.0118512
-0.00851088
-0.00499398
-0.00205438
0.000131192
0.00163219
0.00234705
0.00186084
-0.000107894
-0.00339632
-0.00709292
-0.0101898
-0.0114619
-0.0110375
-0.00840048
-0.00591808
-0.00183405
-0.00155651
0.00363542
0.125795
0.127394
0.13282
0.141076
0.153005
0.169327
0.186003
0.200185
0.159067
-0.184803
-0.517566
-0.419075
-0.294262
-0.120027
-0.0189075
-0.0873379
-0.227975
-0.28208
-0.211709
-0.117093
-0.0588201
-0.0343328
-0.0351641
-0.0525193
-0.0642589
-0.0591591
-0.0474228
-0.0498094
-0.0723783
-0.105474
-0.12286
-0.106718
-0.0707999
-0.0422096
-0.0303975
-0.0317505
-0.0394545
-0.0452036
-0.0433386
-0.0371728
-0.0355263
-0.0435491
-0.0589131
-0.0731862
-0.0762064
-0.0647575
-0.0457697
-0.029986
-0.022874
-0.023242
-0.0262978
-0.0271456
-0.0246871
-0.0224335
-0.0250785
-0.0339871
-0.0458247
-0.0543011
-0.0541232
-0.0449487
-0.0317639
-0.0209111
-0.0156225
-0.0149506
-0.0156511
-0.0150628
-0.0135769
-0.0140372
-0.0189612
-0.0279356
-0.0374162
-0.0426906
-0.0409064
-0.032864
-0.0225491
-0.0142116
-0.00976165
-0.00830189
-0.0077072
-0.0067993
-0.00660639
-0.00918594
-0.0155037
-0.0240919
-0.0315683
-0.0345452
-0.031699
-0.0243926
-0.0158766
-0.00909708
-0.0051149
-0.00314366
-0.00194657
-0.00136127
-0.00255391
-0.00675008
-0.0137451
-0.0214975
-0.0270593
-0.0282117
-0.0246212
-0.0179316
-0.0107498
-0.00508448
-0.00145132
0.000724407
0.00194685
0.00177015
-0.000765002
-0.00603437
-0.0130085
-0.0194922
-0.0231757
-0.0228352
-0.0187942
-0.0127332
-0.00667088
-0.00190459
0.00135062
0.00337115
0.0041057
0.00290639
-0.000736587
-0.00643248
-0.0127027
-0.0175647
-0.0194606
-0.0179482
-0.0137508
-0.00839957
-0.00337078
0.000559708
0.00327574
0.00475699
0.00462814
0.00241116
-0.00187032
-0.00731759
-0.0123973
-0.0155753
-0.0159782
-0.0136588
-0.00954666
-0.00493747
-0.000865292
0.00222328
0.0042209
0.00496917
0.00406106
0.00132194
-0.00294976
-0.00762308
-0.011583
-0.0133347
-0.0131166
-0.0100009
-0.00714341
-0.00173648
-0.00177654
0.00553924
0.123003
0.124247
0.128472
0.134565
0.142676
0.151876
0.156758
0.146733
0.0693651
-0.145731
-0.349117
-0.314619
-0.252376
-0.110847
-0.0300332
-0.0984369
-0.214766
-0.23421
-0.166885
-0.0917225
-0.0449867
-0.0222779
-0.0178308
-0.028114
-0.0372504
-0.0357675
-0.0294454
-0.0353411
-0.0604992
-0.0946873
-0.110776
-0.093218
-0.0581268
-0.0312638
-0.0199953
-0.0205089
-0.0268391
-0.0319495
-0.0308869
-0.026592
-0.0270918
-0.037073
-0.0539055
-0.0687995
-0.0715722
-0.0594527
-0.0398474
-0.0234944
-0.0156434
-0.0151212
-0.0174574
-0.0182035
-0.0164592
-0.0155722
-0.0198542
-0.030301
-0.0432875
-0.0523282
-0.052115
-0.0424239
-0.028422
-0.0165786
-0.0102371
-0.00863559
-0.00879529
-0.00826907
-0.00749814
-0.00916781
-0.0155146
-0.0258228
-0.0363053
-0.0420968
-0.0402985
-0.0317319
-0.0204952
-0.011016
-0.00543116
-0.00309482
-0.00210468
-0.00138301
-0.00193914
-0.00566402
-0.0132799
-0.023064
-0.0314304
-0.0348513
-0.0319318
-0.0240296
-0.0145076
-0.00653214
-0.00144223
0.00128836
0.00273129
0.00301805
0.00104103
-0.00425644
-0.0124477
-0.0212738
-0.0276093
-0.0291002
-0.0253308
-0.0179516
-0.00970901
-0.0028674
0.00176562
0.00453678
0.00585226
0.00527211
0.00193112
-0.00438391
-0.0124459
-0.0198731
-0.0241932
-0.024052
-0.0197018
-0.0128631
-0.00573332
0.000112942
0.00419049
0.00660939
0.00728358
0.00560154
0.00116011
-0.00549979
-0.0127292
-0.0183814
-0.0207438
-0.0192611
-0.0146175
-0.00843278
-0.002398
0.0024407
0.00575351
0.0074307
0.00710759
0.00436415
-0.000672282
-0.00696827
-0.0128441
-0.0166179
-0.0172854
-0.0148199
-0.0101616
-0.00473454
0.000206692
0.00399087
0.00636665
0.0071448
0.00593894
0.00265371
-0.00233189
-0.00773443
-0.0123724
-0.0145291
-0.0145354
-0.0111057
-0.00803005
-0.00162358
-0.00192765
0.00698352
0.119707
0.120588
0.123563
0.127581
0.13213
0.135821
0.132566
0.113401
0.0456842
-0.122547
-0.247537
-0.235077
-0.197507
-0.11228
-0.0641738
-0.102436
-0.168579
-0.173219
-0.124585
-0.0703527
-0.0334911
-0.0124731
-0.00389406
-0.0072907
-0.0130622
-0.0130551
-0.0106095
-0.0186366
-0.0448353
-0.0786792
-0.0931483
-0.0755599
-0.0434814
-0.0198406
-0.00978278
-0.00969312
-0.0147335
-0.0191494
-0.0186139
-0.0156519
-0.0175842
-0.0287675
-0.0463745
-0.0614109
-0.063913
-0.0516452
-0.0322762
-0.0161655
-0.00815436
-0.00710083
-0.0089034
-0.00956198
-0.0083452
-0.00843703
-0.013833
-0.0252655
-0.0389332
-0.0482694
-0.0480428
-0.0381646
-0.0238816
-0.0116195
-0.00470364
-0.0025071
-0.00230006
-0.00183682
-0.00159023
-0.00410443
-0.0114027
-0.0225718
-0.0336898
-0.039825
-0.0380755
-0.0292766
-0.0175634
-0.0074266
-0.00112911
0.00178379
0.00302471
0.00359104
0.00250625
-0.00198616
-0.0104467
-0.021004
-0.0299645
-0.0337226
-0.0308328
-0.0226282
-0.0125153
-0.00378512
0.00203236
0.00526236
0.00684686
0.00691244
0.00441067
-0.00159501
-0.0105493
-0.0200773
-0.0269557
-0.0287374
-0.0249345
-0.0171733
-0.0082707
-0.00065893
0.00463936
0.00779613
0.00915386
0.00830241
0.00445318
-0.00251171
-0.0112641
-0.0193246
-0.0241188
-0.0241894
-0.019717
-0.0124222
-0.0046083
0.00195512
0.00657815
0.00924935
0.0098777
0.00789999
0.00298186
-0.00426559
-0.012112
-0.0183167
-0.0210561
-0.0196765
-0.0148116
-0.00811896
-0.00142905
0.00401413
0.00771871
0.00951864
0.00908596
0.00604579
0.000576106
-0.00623471
-0.0126329
-0.0168411
-0.0177523
-0.0152671
-0.0103099
-0.00437479
0.00113381
0.00537716
0.00799747
0.00879833
0.00742578
0.00383645
-0.00156635
-0.00741977
-0.012521
-0.0149886
-0.0152256
-0.0116588
-0.00852584
-0.00150063
-0.00196752
0.00784011
0.116055
0.116579
0.11836
0.12042
0.121964
0.121048
0.112612
0.087798
0.0302577
-0.0878798
-0.188212
-0.19351
-0.172248
-0.113015
-0.0717572
-0.089325
-0.128635
-0.129995
-0.0954049
-0.054823
-0.0245082
-0.00493929
0.00634365
0.00910545
0.00734699
0.00771343
0.00757159
-0.00173308
-0.0275686
-0.0596268
-0.0721833
-0.0558497
-0.0284433
-0.00892304
-0.00039795
0.000210868
-0.00354983
-0.00720312
-0.00696442
-0.00487527
-0.00755146
-0.0191326
-0.0367559
-0.051448
-0.0537165
-0.0418888
-0.0236049
-0.00847434
-0.000790636
0.000509772
-0.000909456
-0.00149798
-0.000643967
-0.0013367
-0.00730445
-0.0191319
-0.0329777
-0.0423281
-0.0421259
-0.0324195
-0.0184076
-0.006288
0.000752456
0.00323564
0.00364494
0.00403837
0.00394285
0.000952218
-0.00680681
-0.0183357
-0.0296982
-0.0359919
-0.0343586
-0.0256344
-0.0139026
-0.00359435
0.00300114
0.00619848
0.00754642
0.00798302
0.00658652
0.00171042
-0.00712433
-0.0180102
-0.0272493
-0.0312271
-0.0284706
-0.020266
-0.00998742
-0.000949542
0.00521455
0.00868439
0.010304
0.01022
0.0074507
0.00113622
-0.00813293
-0.0179723
-0.0251456
-0.0271604
-0.0234679
-0.0156377
-0.00648471
0.00148342
0.00710778
0.0104372
0.0117813
0.0107845
0.0067221
-0.000490637
-0.00952197
-0.0178874
-0.0229772
-0.0232624
-0.0188523
-0.0114267
-0.00332026
0.00358885
0.00847449
0.0112469
0.0118365
0.00974188
0.00466594
-0.00278548
-0.0108916
-0.0173932
-0.0204046
-0.0191921
-0.0143278
-0.00745697
-0.000471915
0.00526286
0.00914785
0.0109909
0.0105222
0.00740508
0.00182234
-0.00516046
-0.011792
-0.0162571
-0.017378
-0.0149918
-0.00998108
-0.00385294
0.00191208
0.00637002
0.00909484
0.0099028
0.00848384
0.00482477
-0.000696847
-0.00671311
-0.0120486
-0.0147209
-0.015182
-0.0116514
-0.00860936
-0.00136723
-0.00185918
0.00804055
0.112191
0.112389
0.113073
0.113436
0.112499
0.10827
0.0965809
0.0702965
0.0210356
-0.0678183
-0.143733
-0.153034
-0.140575
-0.103585
-0.076153
-0.0840022
-0.104284
-0.100886
-0.0744392
-0.0430018
-0.0175479
0.000577516
0.0131272
0.0203729
0.0231277
0.0251346
0.0236905
0.0131486
-0.011595
-0.040435
-0.0506341
-0.0363263
-0.0144313
0.000766152
0.00775094
0.00886774
0.00640267
0.0035935
0.00372646
0.00528356
0.00243449
-0.00879303
-0.0256982
-0.0396077
-0.0417412
-0.0309353
-0.0144675
-0.000895676
0.006106
0.00746327
0.00632822
0.00579566
0.00641664
0.00545294
-0.000579463
-0.012228
-0.0257587
-0.0348559
-0.0347305
-0.0255546
-0.0123324
-0.000854013
0.00593028
0.00844626
0.0089194
0.00923149
0.00894967
0.00581873
-0.00193441
-0.0133354
-0.0245577
-0.0308277
-0.0293779
-0.0210266
-0.0097106
0.000321778
0.00684462
0.0100691
0.0113947
0.011718
0.0102012
0.00529586
-0.00346535
-0.0142474
-0.0234534
-0.0275311
-0.0250043
-0.0170879
-0.00704592
0.0018836
0.00804594
0.01152
0.0130748
0.0128974
0.0100897
0.00383639
-0.00532041
-0.0150902
-0.0223106
-0.0244945
-0.0210442
-0.0134401
-0.00442221
0.00351566
0.00915233
0.012457
0.0137293
0.0126917
0.0086794
0.00159231
-0.00732332
-0.0156705
-0.0208733
-0.0213656
-0.0171859
-0.00993333
-0.00190187
0.0050051
0.0098895
0.0126193
0.0131656
0.0111042
0.00615571
-0.00114076
-0.00916009
-0.0157023
-0.0188724
-0.0178766
-0.0132147
-0.00647226
0.000470387
0.00620284
0.0100689
0.0118744
0.0114205
0.00841254
0.00300555
-0.0038249
-0.0104059
-0.0149459
-0.0162319
-0.014046
-0.00920534
-0.00317641
0.00255363
0.00699587
0.00969061
0.0104801
0.00910942
0.00558267
0.000215224
-0.0056886
-0.0110312
-0.0137966
-0.014463
-0.0111242
-0.00829722
-0.00122173
-0.00158601
0.00759666
0.108245
0.108153
0.107873
0.106795
0.103905
0.0972715
0.083715
0.0576568
0.0152338
-0.0520251
-0.11105
-0.124987
-0.120597
-0.0966812
-0.0758
-0.0766198
-0.0860368
-0.0805332
-0.0595196
-0.034269
-0.0124454
0.00434643
0.017138
0.0267413
0.0332705
0.0373541
0.0358264
0.0238746
0.000382466
-0.0237196
-0.0306893
-0.0187775
-0.00242224
0.00885808
0.0145064
0.0160976
0.0149012
0.0130206
0.0132086
0.0144464
0.0118066
0.00153276
-0.0140293
-0.0268176
-0.0289514
-0.019647
-0.00550067
0.00615375
0.0122656
0.0135808
0.0126847
0.0122046
0.0126825
0.0117005
0.0060266
-0.00493952
-0.0177152
-0.026328
-0.026344
-0.0180239
-0.00602618
0.00441937
0.0106635
0.0130299
0.0134663
0.0136842
0.0133331
0.0103366
0.0029918
-0.00784667
-0.0185798
-0.0246606
-0.0234563
-0.0157447
-0.0052203
0.00416331
0.0103153
0.0133648
0.0145642
0.014781
0.0132932
0.00865307
0.000354302
-0.00993676
-0.0188235
-0.0228877
-0.0206727
-0.0132976
-0.00384109
0.00462686
0.0104989
0.013785
0.0151902
0.0149558
0.0122898
0.00640695
-0.00226448
-0.0116207
-0.0186572
-0.0209419
-0.0178463
-0.0107244
-0.00217476
0.00540304
0.0107889
0.0139041
0.015049
0.0140441
0.0102895
0.00364173
-0.00481048
-0.0128433
-0.017984
-0.0186654
-0.0148564
-0.00803825
-0.000397629
0.00621044
0.0108708
0.0134345
0.0139217
0.0120006
0.00740522
0.000567885
-0.00705495
-0.0133977
-0.0166114
-0.015864
-0.0115726
-0.00521935
0.00139236
0.00687193
0.010549
0.0122426
0.0118284
0.00906407
0.00406312
-0.00233671
-0.00860943
-0.0130498
-0.0144462
-0.0125389
-0.0080537
-0.00237043
0.0030774
0.00730826
0.00985668
0.0105956
0.00933394
0.00608934
0.00109763
-0.00445471
-0.00959579
-0.0123441
-0.0131856
-0.0101645
-0.00764526
-0.00106543
-0.00116203
0.00660509
0.104332
0.103995
0.102892
0.100645
0.0962596
0.0880193
0.0735426
0.0487207
0.0120841
-0.0402911
-0.0869525
-0.101796
-0.101388
-0.0866413
-0.0722597
-0.0706861
-0.0733812
-0.0661638
-0.0485753
-0.0276863
-0.00874889
0.00672936
0.0191866
0.0294258
0.0376645
0.0430032
0.0418717
0.0299986
0.00925044
-0.00902647
-0.0129566
-0.00415748
0.00719534
0.0153264
0.0199123
0.0218618
0.021806
0.0209125
0.0212969
0.0223245
0.0200506
0.0110939
-0.00269189
-0.0141572
-0.0164045
-0.00886887
0.00275153
0.0123659
0.0175132
0.0187552
0.018096
0.0176805
0.0180697
0.0172284
0.0122129
0.00231618
-0.00935561
-0.0173097
-0.0175347
-0.0103263
0.000141979
0.0093011
0.0148291
0.0169379
0.01728
0.0173947
0.0170479
0.0143789
0.00774874
-0.00217953
-0.0121367
-0.0178917
-0.0169845
-0.0101255
-0.000679812
0.00778298
0.0133554
0.016093
0.0170961
0.0172059
0.0158457
0.0116837
0.00414789
-0.00533815
-0.0136652
-0.0176139
-0.0157733
-0.00914038
-0.000540863
0.00719859
0.0125692
0.0155307
0.0167245
0.0164499
0.0140456
0.00875846
0.000863482
-0.00779654
-0.0144505
-0.0167723
-0.0141122
-0.00767204
0.000150236
0.00711637
0.0120559
0.0148618
0.0158339
0.0149012
0.0115417
0.00556281
-0.00215125
-0.00962152
-0.0145439
-0.0153869
-0.0120521
-0.00587013
0.00113567
0.0072187
0.0114889
0.013794
0.0142003
0.0124789
0.0083855
0.00223176
-0.00474577
-0.0106825
-0.0138301
-0.013342
-0.00954473
-0.00377954
0.00228081
0.00731778
0.0106785
0.0122007
0.0118284
0.00938364
0.00494119
-0.000820643
-0.00657461
-0.0107606
-0.0122105
-0.0106272
-0.00663205
-0.00147883
0.00350106
0.00737429
0.00968925
0.0103469
0.00922076
0.00634561
0.00187955
-0.00314091
-0.00790772
-0.0105378
-0.0115137
-0.00889696
-0.00674295
-0.000905148
-0.00063287
0.00523056
0.100551
0.100009
0.0982266
0.095052
0.0895586
0.0802813
0.0655003
0.0423019
0.0104668
-0.0312478
-0.068766
-0.0839971
-0.0868831
-0.0783767
-0.0680528
-0.0646499
-0.0634587
-0.0555732
-0.0405037
-0.0227881
-0.00615439
0.00805056
0.0199112
0.0298837
0.0382288
0.0437885
0.0431992
0.0336508
0.0177164
0.00452384
0.00156416
0.00696021
0.0144638
0.0203478
0.0241177
0.0262418
0.0270746
0.0271462
0.0278507
0.0287313
0.0267776
0.019197
0.00735035
-0.00270815
-0.00507575
0.000721229
0.00991383
0.0175698
0.0217799
0.0229515
0.0225462
0.0222235
0.0225555
0.0219201
0.0177155
0.00912404
-0.00121544
-0.00840796
-0.00889785
-0.00294938
0.00584779
0.0136161
0.0183535
0.020161
0.0203918
0.0204037
0.0200949
0.0178568
0.0121303
0.0033475
-0.00562956
-0.0109601
-0.0103856
-0.00451936
0.00367175
0.0110569
0.0159342
0.0182883
0.019061
0.0190617
0.0178771
0.0143143
0.00773405
-0.000728159
-0.00831703
-0.0120703
-0.0106399
-0.00488211
0.00268378
0.00952732
0.0142698
0.0168291
0.017777
0.0174643
0.0153802
0.0108187
0.00388993
-0.00387201
-0.00999046
-0.0122933
-0.0101134
-0.00448625
0.00243798
0.00863066
0.0130036
0.0154303
0.0162015
0.0153502
0.01245
0.00727236
0.000478624
-0.00624661
-0.0108236
-0.0117927
-0.00899295
-0.00357863
0.00263238
0.00804487
0.0118223
0.0138138
0.014119
0.0126135
0.00908981
0.00374917
-0.0024149
-0.0077884
-0.0107737
-0.0105347
-0.00730361
-0.00225305
0.00311401
0.00758807
0.0105544
0.0118678
0.0115259
0.00942158
0.00560576
0.000601604
-0.00448964
-0.0082993
-0.00974365
-0.00849739
-0.00506934
-0.000559415
0.00383688
0.00726254
0.00929192
0.00984687
0.0088557
0.00637706
0.00250644
-0.00187683
-0.00614889
-0.00857757
-0.0096398
-0.00746915
-0.00570076
-0.000752674
-6.60821e-05
0.00367263
0.0969815
0.0962764
0.0939444
0.0900576
0.0837707
0.0738855
0.0591923
0.0377162
0.00986069
-0.0241717
-0.0549695
-0.0697785
-0.074415
-0.0699666
-0.0628523
-0.059065
-0.0558399
-0.0477038
-0.0344447
-0.019096
-0.00433978
0.0086577
0.019784
0.0292146
0.0370478
0.0423463
0.042616
0.0360423
0.0246208
0.0148375
0.0118278
0.0148179
0.0198255
0.024194
0.0273151
0.029423
0.0307996
0.0316804
0.0327831
0.0335954
0.031823
0.0253757
0.0153376
0.00671933
0.00440477
0.0087565
0.015817
0.0217328
0.0250982
0.0262035
0.0260577
0.0258646
0.026164
0.0257241
0.0223336
0.0151132
0.00619434
-0.000203234
-0.000981226
0.00369449
0.0108522
0.0172618
0.0212149
0.0227225
0.0228555
0.022778
0.022512
0.0207242
0.0159669
0.00843853
0.000549795
-0.00430122
-0.00407291
0.000747481
0.00763064
0.0138967
0.0180473
0.0200013
0.0205424
0.020436
0.0194334
0.0165022
0.0109555
0.00362909
-0.00311634
-0.00662118
-0.00560749
-0.000780846
0.00567696
0.0115579
0.0156253
0.0177586
0.0184537
0.0180987
0.0163404
0.0125406
0.00665903
-9.5955e-05
-0.00558119
-0.00781617
-0.00612651
-0.0013704
0.00457817
0.00992632
0.0136845
0.0157099
0.0162729
0.0154918
0.0130517
0.00871087
0.00291791
-0.00295826
-0.00710189
-0.00815684
-0.00590769
-0.00131785
0.00402526
0.00870245
0.0119462
0.0136064
0.013799
0.0124943
0.00953661
0.00504242
-0.000231657
-0.00494718
-0.00769546
-0.00767643
-0.00503062
-0.000746604
0.00386478
0.0077244
0.0102667
0.0113584
0.0110319
0.00924778
0.00605121
0.00183392
-0.00252847
-0.00588463
-0.00726832
-0.00634172
-0.00349977
0.000325092
0.0040915
0.00703458
0.00876087
0.00920582
0.00833289
0.00623137
0.00295294
-0.000766731
-0.00448636
-0.00665784
-0.00775611
-0.00602936
-0.00463258
-0.000621806
0.000465137
0.00212644
0.0936899
0.0928561
0.0900912
0.0856701
0.0788347
0.0686352
0.0542527
0.0344176
0.0098193
-0.0186065
-0.044412
-0.0586069
-0.064493
-0.0629252
-0.0581176
-0.0542553
-0.0498982
-0.0417868
-0.0298993
-0.0163404
-0.00310179
0.00881137
0.0191799
0.0280167
0.035274
0.0402284
0.0411259
0.0367526
0.0286446
0.0214049
0.0186567
0.0203083
0.0237623
0.0270949
0.029694
0.0316552
0.0332392
0.0346271
0.036079
0.0369152
0.035251
0.0296019
0.0211092
0.0139638
0.0119591
0.0151885
0.0204652
0.0249315
0.0275801
0.0286052
0.0286871
0.0286532
0.0289492
0.0286544
0.0259599
0.0200088
0.0124529
0.00682161
0.00579233
0.00933064
0.0150291
0.0202122
0.02344
0.0246725
0.0247366
0.0245954
0.0243631
0.0229798
0.019144
0.0128523
0.00606011
0.0016994
0.00159697
0.00541209
0.0110526
0.0162577
0.0197149
0.0212909
0.0216242
0.0214212
0.0205797
0.0182384
0.0136964
0.00750938
0.00163558
-0.00158873
-0.000972837
0.00294058
0.0083151
0.0132577
0.016669
0.0183945
0.0188534
0.018453
0.0169887
0.0139078
0.00905159
0.00331723
-0.00149781
-0.00362871
-0.0024047
0.00149489
0.00647857
0.0109928
0.0141491
0.0157896
0.0161554
0.0154256
0.0134012
0.00985071
0.00504153
3.57482e-05
-0.00363152
-0.00473198
-0.00300691
0.000772851
0.00525555
0.0092045
0.0119261
0.0132686
0.0133486
0.0122136
0.0097662
0.00606982
0.0016732
-0.00235788
-0.00482365
-0.00498228
-0.00289223
0.000642377
0.00450757
0.0077612
0.00989084
0.0107696
0.0104467
0.00893928
0.00630013
0.00282181
-0.000822295
-0.00369904
-0.00497907
-0.00433046
-0.00204278
0.00111873
0.00426946
0.00674158
0.00817572
0.00851427
0.00773955
0.00596842
0.00322572
0.000128894
-0.00304265
-0.00493434
-0.00602397
-0.00470291
-0.00363648
-0.00052317
0.000899925
0.000750001
0.0907268
0.0897947
0.0866967
0.0818862
0.0746881
0.0643727
0.0504131
0.0320548
0.0100981
-0.0141992
-0.0362938
-0.0497558
-0.0563098
-0.056599
-0.0534639
-0.0498471
-0.0450502
-0.0371835
-0.026398
-0.0142428
-0.00225
0.00870806
0.0183574
0.0266188
0.0333802
0.0380412
0.0393507
0.0365216
0.0307782
0.0254557
0.023179
0.0241333
0.0266304
0.0292504
0.0314331
0.0331902
0.0347494
0.0363006
0.0378953
0.0387618
0.0372687
0.0323524
0.0252713
0.0195102
0.0178465
0.0201299
0.0239722
0.0273097
0.02938
0.0302942
0.0305287
0.030654
0.0309799
0.0307836
0.0286089
0.0236963
0.0173206
0.0123951
0.0112213
0.0138658
0.0183662
0.0225056
0.025095
0.0260831
0.0261052
0.0259328
0.0257262
0.0246661
0.0216186
0.0164353
0.0106547
0.00675718
0.0063725
0.0093097
0.0138682
0.0181411
0.0209783
0.022219
0.0223819
0.0221024
0.0213894
0.0195479
0.015897
0.0107582
0.00571079
0.00276958
0.00303427
0.00612336
0.0105227
0.0146212
0.0174413
0.0188034
0.0190589
0.018616
0.0173952
0.0149359
0.0110004
0.00621511
0.00204821
4.21805e-05
0.00085441
0.00397409
0.00807716
0.0118321
0.0144438
0.0157413
0.0159346
0.0152397
0.0135625
0.0106992
0.0067779
0.00258834
-0.000606315
-0.00171878
-0.00045596
0.00258717
0.00628237
0.00956588
0.0118149
0.0128752
0.0128553
0.0118538
0.00983365
0.00683051
0.00322665
-0.000157123
-0.00232804
-0.00261742
-0.00101694
0.00184006
0.00502486
0.00772645
0.00948426
0.0101742
0.00984969
0.00856827
0.00639638
0.00355783
0.000560678
-0.00185947
-0.00301331
-0.00258792
-0.00078511
0.0017824
0.00437662
0.00642315
0.00759615
0.00784061
0.00714604
0.00564836
0.00335705
0.000798576
-0.00187797
-0.00349993
-0.00454964
-0.00357299
-0.00278035
-0.000461066
0.00120193
-0.00035657
0.0881316
0.0871261
0.0837776
0.078691
0.0712651
0.060955
0.04745
0.0303617
0.010515
-0.0107339
-0.0300737
-0.0428391
-0.0498126
-0.0514185
-0.0495411
-0.0462568
-0.0413209
-0.0337307
-0.0237822
-0.0126924
-0.00168836
0.00846907
0.0174867
0.0252388
0.0315868
0.0360262
0.0376415
0.0359266
0.0318703
0.0279658
0.0261824
0.0268018
0.0287045
0.0308293
0.0326826
0.03423
0.0356569
0.0371444
0.0386835
0.0395252
0.0382923
0.0342099
0.0284379
0.0237607
0.0222436
0.0237374
0.026517
0.0290365
0.0306578
0.0314301
0.0317214
0.0319626
0.0323372
0.0322224
0.0304118
0.0262675
0.0208332
0.0165483
0.0153668
0.0173735
0.0209348
0.0242229
0.0262733
0.0270454
0.0270376
0.0268616
0.0266816
0.0258602
0.0234259
0.0191466
0.0142208
0.0107342
0.0101469
0.0123938
0.0160837
0.0195865
0.0218949
0.0228494
0.0228812
0.0225505
0.0219355
0.0204835
0.0175585
0.0133068
0.00898097
0.006301
0.00628371
0.00868953
0.0122785
0.0156697
0.0179878
0.0190429
0.0191344
0.018659
0.017628
0.0156665
0.0124944
0.00852295
0.00493257
0.00305623
0.0035307
0.00599225
0.00934998
0.0124613
0.0146111
0.0156204
0.0156721
0.0150024
0.0135991
0.0112922
0.00811226
0.00462786
0.00186152
0.000762102
0.00164518
0.00406535
0.0070901
0.00980661
0.011655
0.0124794
0.0123778
0.0114787
0.00979671
0.00735593
0.00441516
0.00159365
-0.000300853
-0.000677422
0.000520697
0.00280714
0.00541363
0.00764521
0.00908858
0.00962168
0.00929536
0.00819179
0.00639081
0.00407036
0.00161263
-0.000410073
-0.00143431
-0.00117646
0.000229549
0.00230028
0.00442422
0.00611017
0.00706359
0.00723065
0.00660106
0.00532072
0.00338981
0.00126689
-0.000995817
-0.00238224
-0.00337556
-0.00267466
-0.00209564
-0.000431397
0.00136542
-0.00115546
0.0859336
0.0848748
0.0813431
0.0760667
0.0685075
0.0582693
0.0451986
0.0291614
0.0109682
-0.00803651
-0.0253423
-0.0374801
-0.0446538
-0.0471061
-0.0461062
-0.0431546
-0.0382742
-0.03101
-0.021752
-0.0115084
-0.00130178
0.00819116
0.0166725
0.0239967
0.0300134
0.0342939
0.0361466
0.0352403
0.03239
0.0295096
0.0281638
0.0286446
0.0301849
0.0319689
0.0335656
0.0349226
0.0361943
0.0375431
0.0389418
0.0397291
0.0387609
0.0354289
0.0306935
0.0267749
0.025308
0.0262524
0.0283161
0.0302696
0.0315493
0.0321676
0.0324361
0.0327212
0.0331295
0.0330918
0.031557
0.0279837
0.0232872
0.0195605
0.0184494
0.0199994
0.0228386
0.0254607
0.0270772
0.0276595
0.0276179
0.0274516
0.0273052
0.0266592
0.0246699
0.0210673
0.0168065
0.0136682
0.0129704
0.0147256
0.0177607
0.0206553
0.0225291
0.0232451
0.023178
0.0228203
0.0222815
0.0211157
0.0187392
0.0151799
0.011435
0.00898003
0.00875982
0.0106464
0.0136104
0.016444
0.0183557
0.0191609
0.0191271
0.0186327
0.0177453
0.0161581
0.0135736
0.0102475
0.00712967
0.00537368
0.00559229
0.00753909
0.0103098
0.0129099
0.014689
0.0154677
0.0154104
0.0147621
0.0135665
0.0116833
0.00907976
0.00615856
0.00374802
0.00267545
0.00326746
0.00519618
0.00768767
0.00995099
0.0114788
0.0121163
0.0119529
0.0111327
0.00970784
0.0076976
0.00527425
0.00290377
0.00124354
0.000812533
0.00170189
0.00353844
0.00568411
0.00753937
0.00873166
0.00914173
0.0088163
0.0078498
0.00633164
0.00440845
0.00237146
0.000667841
-0.000241595
-0.000103234
0.000997352
0.00267732
0.00442702
0.00582456
0.00660316
0.00671039
0.00613343
0.00502112
0.00336659
0.00157797
-0.000360376
-0.001558
-0.00249288
-0.00200286
-0.00158295
-0.00042552
0.00140993
-0.00166482
0.0841541
0.0830579
0.0793965
0.0739943
0.0663637
0.0562231
0.0435304
0.0283233
0.0113847
-0.00599798
-0.0218344
-0.033459
-0.040739
-0.0437766
-0.0434272
-0.0407902
-0.0360338
-0.0290461
-0.0202943
-0.0106689
-0.00106109
0.00791711
0.0159745
0.0229605
0.0287247
0.0328955
0.0349274
0.0345959
0.0325948
0.0304578
0.0294621
0.0298998
0.0312213
0.0327731
0.0341764
0.0353742
0.0365052
0.0377205
0.0389814
0.0397053
0.0389195
0.0361206
0.0321172
0.0287389
0.0273441
0.0279589
0.0295635
0.0311327
0.0321585
0.0326347
0.0328405
0.0331102
0.0335191
0.0335418
0.0322351
0.0291196
0.0250071
0.0217209
0.0206719
0.0218812
0.0241872
0.0263186
0.0276051
0.0280265
0.0279409
0.0277806
0.0276692
0.0271564
0.0254823
0.0223602
0.0185877
0.0157326
0.0149968
0.0164235
0.0189836
0.0214158
0.0229466
0.0234695
0.0233266
0.022958
0.0224807
0.0215186
0.0195318
0.0164741
0.0131616
0.0108882
0.0105407
0.0120654
0.0145784
0.0169947
0.0185908
0.0191993
0.0190728
0.0185716
0.0177912
0.0164709
0.0143091
0.0114571
0.00869648
0.00704221
0.00708359
0.00865807
0.0109976
0.0132154
0.0147117
0.0153133
0.0151762
0.014548
0.0135052
0.0119276
0.00974278
0.00723841
0.00509951
0.00405776
0.00444247
0.00601011
0.00810494
0.0100274
0.011312
0.0118083
0.0116006
0.0108414
0.00960516
0.00790781
0.00586291
0.00382804
0.002349
0.00188681
0.00255401
0.00405822
0.00585918
0.00743035
0.00843243
0.00875048
0.00842816
0.0075646
0.00625421
0.00462097
0.00289271
0.00142731
0.000609006
0.000665942
0.00154463
0.00293513
0.00440411
0.00558339
0.00622953
0.00629246
0.00575669
0.00476998
0.00331928
0.00177527
7.69706e-05
-0.000980103
-0.00186379
-0.00152787
-0.00122114
-0.000431734
0.00137407
-0.00194064
0.082808
0.0816869
0.0779381
0.0724567
0.0647925
0.054747
0.0423537
0.0277615
0.0117255
-0.00453081
-0.0193469
-0.0305771
-0.0378912
-0.0412896
-0.0413639
-0.0389617
-0.0343383
-0.0275889
-0.0192248
-0.0100597
-0.000898145
0.00769352
0.0154313
0.0221658
0.0277486
0.0318473
0.0340088
0.0340719
0.0326466
0.0310209
0.0302851
0.0307241
0.0319177
0.0333169
0.0345813
0.0356571
0.0366759
0.0377857
0.0389398
0.0396097
0.0389367
0.0364872
0.0329708
0.0299643
0.0286495
0.0290774
0.0303963
0.0317118
0.0325573
0.0329197
0.0330598
0.0332933
0.0336853
0.0337487
0.032618
0.0298489
0.0261629
0.0231837
0.0221685
0.0231411
0.0250858
0.0268825
0.0279355
0.0282303
0.0280976
0.0279334
0.0278495
0.0274368
0.0259865
0.0232006
0.0197748
0.0171328
0.0163903
0.0175997
0.0198274
0.0219269
0.0232039
0.023579
0.0233776
0.0230051
0.0225768
0.0217577
0.0200364
0.0173212
0.0143093
0.0121721
0.0117534
0.0130422
0.0152473
0.0173674
0.0187312
0.0191923
0.0189991
0.0184985
0.0177963
0.0166585
0.0147828
0.0122546
0.00974281
0.00816624
0.00809479
0.00941961
0.0114635
0.0134129
0.0147057
0.0151787
0.0149862
0.0143764
0.0134421
0.0120735
0.010173
0.00795384
0.00600453
0.00498949
0.00523677
0.0065579
0.00837792
0.010061
0.0111725
0.0115685
0.0113317
0.0106185
0.00951502
0.00803268
0.00624631
0.00444193
0.00308982
0.00261004
0.00312734
0.00440251
0.00596299
0.00733392
0.00820121
0.0084549
0.00813707
0.00734825
0.00618372
0.00475072
0.00323454
0.00193334
0.00117967
0.0011825
0.00190936
0.00309892
0.00437091
0.0053957
0.00594789
0.00598028
0.00547555
0.00457875
0.0032713
0.00189673
0.000364945
-0.000595583
-0.00144077
-0.00121195
-0.000982584
-0.000442279
0.00129976
-0.00205794
0.0819057
0.0807694
0.0769671
0.0714398
0.0637623
0.0537899
0.0416027
0.0274158
0.0119631
-0.00358324
-0.0177572
-0.0287249
-0.0360512
-0.0396721
-0.0400229
-0.0377925
-0.0332762
-0.0266865
-0.0185653
-0.00968818
-0.000810579
0.00753057
0.015059
0.0216288
0.0270952
0.0311505
0.0333961
0.0337058
0.032638
0.031334
0.0307708
0.0312244
0.0323479
0.0336539
0.0348281
0.0358211
0.0367627
0.0377999
0.0388819
0.0395135
0.0389063
0.036669
0.0334511
0.0306784
0.0294277
0.0297567
0.0309092
0.032069
0.0327978
0.0330815
0.0331724
0.0333754
0.0337505
0.0338362
0.032815
0.0302627
0.0268436
0.0240583
0.0230701
0.0239051
0.0256332
0.0272241
0.0281274
0.0283349
0.028164
0.0279913
0.0279239
0.0275772
0.0262727
0.0237049
0.0205043
0.0180027
0.0172611
0.0183368
0.0203547
0.0222396
0.0233492
0.0236236
0.0233805
0.0230056
0.0226107
0.0218838
0.0203302
0.0178304
0.0150097
0.0129639
0.0125091
0.0136572
0.0156701
0.0175988
0.0188081
0.0191693
0.0189319
0.0184337
0.0177827
0.0167593
0.0150604
0.012733
0.0103778
0.00885443
0.00871909
0.00989336
0.0117536
0.0135321
0.0146918
0.0150795
0.0148514
0.0142555
0.0133909
0.0121523
0.0104266
0.00838336
0.00655288
0.005558
0.00572405
0.00689447
0.00854309
0.010074
0.0110739
0.0114047
0.0111498
0.0104675
0.00944854
0.00810012
0.00647331
0.00481137
0.00353899
0.00305075
0.00347754
0.00461135
0.00602107
0.00726468
0.00804526
0.00825751
0.00794312
0.0072028
0.00613074
0.0048229
0.00343836
0.00223917
0.0015264
0.0014972
0.00213104
0.00319553
0.00434331
0.00526951
0.00576114
0.00577379
0.0052892
0.00444989
0.00323317
0.00196469
0.000537271
-0.000363333
-0.00118263
-0.00102055
-0.00083858
-0.00044983
0.00122842
-0.00208873
0.0814529
0.0803098
0.0764818
0.070934
0.0632525
0.0533194
0.0412374
0.0272518
0.0120855
-0.00311703
-0.0169802
-0.0278151
-0.0351406
-0.0388605
-0.0393369
-0.037188
-0.0327287
-0.0262242
-0.0182293
-0.00949989
-0.000767149
0.0074466
0.0148691
0.0213572
0.0267672
0.0308033
0.0330917
0.0335213
0.0326252
0.0314758
0.0309974
0.0314609
0.0325525
0.0338135
0.0349425
0.035893
0.036795
0.0377958
0.0388431
0.0394573
0.0388829
0.0367477
0.0336725
0.0310117
0.0297936
0.0300782
0.0311527
0.0322375
0.0329082
0.0331511
0.0332158
0.0334032
0.0337706
0.0338675
0.0328986
0.0304494
0.0271579
0.0244661
0.0234932
0.0242649
0.0258909
0.0273831
0.0282129
0.0283752
0.0281829
0.0280051
0.0279471
0.0276349
0.0264036
0.0239434
0.0208533
0.0184209
0.0176803
0.0186913
0.0206066
0.0223858
0.0234116
0.0236341
0.0233686
0.022992
0.022615
0.0219356
0.0204662
0.018074
0.0153486
0.0133491
0.0128777
0.0139575
0.0158758
0.0177091
0.01884
0.0191496
0.0188891
0.0183925
0.0177681
0.0168017
0.0151897
0.0129607
0.0106825
0.00918592
0.00902058
0.0101226
0.0118936
0.0135877
0.0146809
0.0150254
0.0147794
0.0141912
0.0133617
0.0121868
0.0105457
0.00858717
0.00681404
0.00582912
0.00595657
0.00705475
0.00862037
0.0100771
0.0110219
0.0113206
0.0110572
0.010391
0.00941398
0.00813071
0.00658059
0.00498669
0.00375225
0.00325982
0.00364323
0.004709
0.00604572
0.00722734
0.00796559
0.00815781
0.00784584
0.00713014
0.00610379
0.00485677
0.00353546
0.00238483
0.00169117
0.00164619
0.00223512
0.00323902
0.00432647
0.00520462
0.00566678
0.00567016
0.00519617
0.00438573
0.00321374
0.00199694
0.000619791
-0.000252368
-0.00105957
-0.000930195
-0.000771607
-0.000455016
0.00118547
-0.00208919
-0.609061
-0.346147
-0.209395
-0.609061
-0.346144
-0.445709
-0.455005
-0.581794
-0.445709
-0.455004
0.0784203
0.410831
0.274694
0.322829
0.0784224
0.410832
0.274695
-0.19481
-0.439774
-0.439774
-0.426477
-0.434603
-0.437994
-0.430982
-0.426477
-0.434603
-0.437994
0.497812
0.430414
0.497812
-0.444127
-0.445548
-0.444127
-0.445547
0.445611
0.500136
0.445612
-0.435409
-0.431711
-0.435408
-0.431711
0.336451
0.347893
0.140872
0.430684
0.336452
0.347893
0.140874
-0.11292
-0.112917
-0.45068
-0.45068
-0.417706
-0.430991
-0.426576
-0.412499
-0.417705
-0.430991
-0.426575
-0.15234
-0.555082
-0.257832
-0.15234
-0.555082
-0.462909
-0.54703
-0.457791
-0.462909
-0.547028
-0.457791
-0.379668
-0.233693
-0.46792
-0.170509
-0.379668
-0.233693
-0.46792
-0.418709
-0.547916
-0.449296
-0.436498
-0.41871
-0.547915
-0.449297
0.0694617
0.251824
0.0641754
0.17822
0.0694622
0.251824
0.0641772
-0.556058
-0.583079
-0.539073
-0.610903
-0.540398
-0.611443
-0.555588
-0.40101
-0.429306
-0.411695
-0.415802
-0.40101
-0.429305
-0.411695
-0.186512
-0.428724
-0.431902
-0.416991
-0.439258
-0.417317
-0.438952
-0.428571
-0.440162
-0.442919
-0.44254
-0.440589
-0.41325
-0.422585
-0.422237
-0.413586
-0.41123
-0.412588
-0.411836
-0.41781
-0.411532
-0.417777
-0.411601
0.123503
0.204008
0.110019
0.277668
0.123504
0.204009
0.11002
-0.412039
-0.255305
-0.173549
-0.175636
-0.415628
-0.435944
-0.447274
-0.432807
-0.436119
-0.435944
-0.447274
-0.432806
-0.417212
-0.133768
-0.335822
-0.184803
-0.417212
-0.133767
-0.335821
-0.445644
-0.408135
-0.403622
-0.517564
-0.445644
-0.408135
-0.403622
-0.490276
-0.611263
-0.473549
-0.63814
-0.474845
-0.639717
-0.489356
-0.494579
-0.343633
-0.24532
-0.248039
-0.498297
-0.490278
-0.611264
-0.473552
-0.63814
-0.474849
-0.639717
-0.489358
-0.494577
-0.343631
-0.245317
-0.248037
-0.498295
-0.476045
-0.455071
-0.45112
-0.451529
-0.476036
-0.556058
-0.583079
-0.539072
-0.610904
-0.540399
-0.611444
-0.555588
-0.476045
-0.455071
-0.451119
-0.451529
-0.476035
0.308351
0.0771745
0.236849
0.0579007
0.235952
0.0560551
0.31034
0.358234
0.296105
0.159311
0.422036
0.125985
0.426627
0.361264
0.308352
0.077176
0.23685
0.0579028
0.235953
0.0560568
0.310341
0.358235
0.296106
0.159313
0.422037
0.125987
0.426627
0.361265
-0.186509
-0.439987
-0.439987
-0.435885
-0.431151
-0.437701
-0.427146
-0.440362
-0.426818
-0.435207
-0.428724
-0.431902
-0.41699
-0.439258
-0.417317
-0.438952
-0.428571
-0.435885
-0.431151
-0.4377
-0.427145
-0.440362
-0.426817
-0.435206
0.528355
0.452303
0.455867
0.526025
0.572997
0.600154
0.601331
0.571425
0.528355
0.452304
0.455868
0.526026
0.572998
0.600154
0.601332
0.571426
-0.438155
-0.431776
-0.431432
-0.438521
-0.440162
-0.442918
-0.442539
-0.440587
-0.438155
-0.431774
-0.431431
-0.438519
0.589893
0.605927
0.607051
0.588502
0.554736
0.489405
0.492466
0.552757
0.589893
0.605927
0.607052
0.588502
0.554737
0.489405
0.492466
0.552757
-0.40583
-0.399748
-0.399413
-0.406095
-0.413249
-0.422583
-0.422236
-0.413585
-0.405829
-0.399747
-0.399412
-0.406093
0.398588
0.355093
0.458701
0.226708
0.462679
0.198412
0.400996
0.348805
0.139434
0.130071
0.27823
0.128449
0.277615
0.350271
0.398589
0.355094
0.458701
0.226709
0.46268
0.198414
0.400997
0.348806
0.139435
0.130072
0.278231
0.128451
0.277616
0.350272
-0.105348
-0.105345
-0.450456
-0.450456
-0.421198
-0.430816
-0.425985
-0.426648
-0.426108
-0.42645
-0.42148
-0.41123
-0.412587
-0.411836
-0.41781
-0.411531
-0.417777
-0.411601
-0.421198
-0.430816
-0.425985
-0.426648
-0.426108
-0.42645
-0.42148
-0.429787
-0.556837
-0.581764
-0.414446
-0.582918
-0.415485
-0.429232
-0.412038
-0.255303
-0.173546
-0.175634
-0.415626
-0.429788
-0.556836
-0.581765
-0.414447
-0.582918
-0.415486
-0.429234
-0.475784
-0.462848
-0.461453
-0.46143
-0.476106
-0.540864
-0.547874
-0.576892
-0.523923
-0.577046
-0.524791
-0.540692
-0.475783
-0.462847
-0.461453
-0.46143
-0.476105
-0.540864
-0.547872
-0.57689
-0.523923
-0.577044
-0.524791
-0.540692
-0.490948
-0.210555
-0.429376
-0.236259
-0.429346
-0.238855
-0.492017
0.326328
0.305896
0.371981
0.276727
0.326328
0.305896
0.371981
-0.599809
-0.505975
-0.627201
-0.497563
-0.599809
-0.505976
-0.627202
0.407628
0.337289
0.427635
0.325167
0.407628
0.337289
0.427635
0.536669
0.431765
0.508053
0.469602
0.509616
0.470771
0.535367
-0.588586
-0.486039
-0.584105
-0.498557
-0.588586
-0.486039
-0.584105
0.430142
0.329929
0.414405
0.33898
0.430142
0.329929
0.414405
0.570463
0.501279
0.577451
0.493527
0.578673
0.494694
0.569215
-0.518809
-0.437314
-0.486942
-0.458449
-0.518809
-0.437314
-0.486942
0.38288
0.286494
0.340208
0.312946
0.38288
0.286494
0.340208
-0.431074
-0.407769
-0.383376
-0.418417
-0.431074
-0.407769
-0.383376
-0.436109
-0.436833
-0.440195
-0.436682
-0.440049
-0.435366
-0.435472
-0.490948
-0.210555
-0.429375
-0.236258
-0.429346
-0.238855
-0.492015
-0.480401
-0.44614
-0.468148
-0.46469
-0.468948
-0.464843
-0.480172
-0.480401
-0.44614
-0.468148
-0.46469
-0.468948
-0.464843
-0.480172
0.562469
0.498966
0.486441
0.574701
0.487645
0.575921
0.561221
0.536669
0.431766
0.508053
0.469602
0.509617
0.470771
0.535367
0.562469
0.498966
0.486441
0.574701
0.487645
0.575921
0.561221
-0.436542
-0.443949
-0.436704
-0.450193
-0.436467
-0.449983
-0.436796
-0.434648
-0.445322
-0.444168
-0.42981
-0.44397
-0.429636
-0.434847
-0.436542
-0.44395
-0.436703
-0.450193
-0.436467
-0.449983
-0.436795
-0.434648
-0.445323
-0.444167
-0.429808
-0.44397
-0.429636
-0.434846
0.549479
0.44689
0.480492
0.524707
0.481608
0.526262
0.548186
0.570463
0.501279
0.577451
0.493527
0.578673
0.494695
0.569215
0.54948
0.446891
0.480492
0.524707
0.481609
0.526263
0.548186
-0.415425
-0.435229
-0.422099
-0.432136
-0.421951
-0.431962
-0.415562
-0.40991
-0.431578
-0.426452
-0.403013
-0.426341
-0.403044
-0.41001
-0.415424
-0.435229
-0.422098
-0.432136
-0.421951
-0.431962
-0.415561
-0.409909
-0.431576
-0.426451
-0.403013
-0.42634
-0.403043
-0.410009
-0.414418
-0.153226
-0.16963
-0.360244
-0.171771
-0.36011
-0.415561
-0.414417
-0.153225
-0.169629
-0.360243
-0.17177
-0.360109
-0.415559
-0.478289
-0.458217
-0.475284
-0.466318
-0.475103
-0.46668
-0.478332
-0.478289
-0.458217
-0.475284
-0.466318
-0.475102
-0.466679
-0.478331
0.0580866
0.0486855
0.182636
0.043846
0.181714
0.124495
0.125209
0.058088
0.0486864
0.182637
0.0438473
0.181715
0.124496
0.12521
-0.429807
-0.427901
-0.415358
-0.428645
-0.415727
-0.402611
-0.401925
-0.429807
-0.4279
-0.415358
-0.428645
-0.415727
-0.40261
-0.401924
0.118128
0.224363
0.102647
0.223701
0.098518
0.165739
0.166249
0.11813
0.224364
0.102647
0.223702
0.0985197
0.165741
0.16625
-0.436109
-0.436833
-0.440194
-0.436682
-0.440049
-0.435367
-0.435472
0.0324056
0.134303
0.0463387
0.0879275
0.0324059
0.134303
0.046339
-0.392399
-0.401904
-0.432458
-0.385824
-0.392399
-0.401903
-0.432458
0.246047
0.250937
0.280791
0.212705
0.246047
0.250938
0.280791
-0.573945
-0.486942
-0.601473
-0.472916
-0.573945
-0.486943
-0.601474
0.295956
0.225186
0.261876
0.261946
0.295956
0.225186
0.261876
-0.361624
-0.389024
-0.298049
-0.394217
-0.361624
-0.389025
-0.298049
0.0802956
0.111495
0.0625484
0.159068
0.080296
0.111495
0.0625486
-0.431986
-0.376309
-0.354949
-0.419074
-0.431986
-0.376309
-0.354949
)
;

boundaryField
{
    inlet
    {
        type            zeroGradient;
    }
    outlet
    {
        type            fixedValue;
        value           uniform 0;
    }
    top
    {
        type            symmetryPlane;
    }
    bottom
    {
        type            symmetryPlane;
    }
    front
    {
        type            symmetryPlane;
    }
    back
    {
        type            symmetryPlane;
    }
    cylinder
    {
        type            zeroGradient;
    }
}


// ************************************************************************* //
