/*--------------------------------*- C++ -*----------------------------------*\
  =========                 |
  \\      /  F ield         | OpenFOAM: The Open Source CFD Toolbox
   \\    /   O peration     | Website:  https://openfoam.org
    \\  /    A nd           | Version:  11
     \\/     M anipulation  |
\*---------------------------------------------------------------------------*/
FoamFile
{
    format      ascii;
    class       volScalarField;
    location    "3.82685";
    object      p;
}
// * * * * * * * * * * * * * * * * * * * * * * * * * * * * * * * * * * * * * //

dimensions      [0 2 -2 0 0 0 0];

internalField   nonuniform List<scalar> 
7132
(
0.0506575
0.0492017
0.0442903
0.0370943
0.0270023
0.0136752
-0.00302737
-0.0231894
-0.0464035
-0.0718527
-0.0982774
-0.123936
-0.147823
-0.168965
-0.186594
-0.200179
-0.209279
-0.213586
-0.212973
-0.207558
-0.197769
-0.184351
-0.168291
-0.150691
-0.132614
-0.114957
-0.0983889
-0.0833353
-0.0700092
-0.0584568
-0.0486085
-0.0403238
-0.0334264
-0.0277289
-0.0230494
-0.0192206
-0.0160943
-0.013543
-0.011459
-0.00975285
-0.0083513
-0.00719471
-0.00623499
-0.0054336
-0.00475973
-0.00418886
-0.00370152
-0.00328222
-0.00291867
-0.00260113
-0.00232183
-0.00207458
-0.00185444
-0.00165746
-0.00148048
-0.00132092
-0.00117673
-0.00104623
-0.000928056
-0.000821065
-0.000724292
-0.00063685
-0.000557853
-0.000486354
-0.00042134
-0.000361809
-0.000306958
-0.000256396
-0.000210269
-0.000169154
-0.000133715
-0.000104275
-8.05839e-05
-6.1898e-05
-4.72912e-05
-3.5945e-05
-2.72462e-05
-2.07182e-05
-1.59146e-05
-1.23889e-05
-9.73952e-06
-7.66607e-06
-5.98672e-06
-4.61189e-06
-3.50029e-06
-2.62407e-06
-1.95232e-06
-1.44928e-06
-1.0787e-06
-8.08231e-07
-6.11444e-07
-4.68036e-07
-3.62971e-07
-2.85421e-07
-2.27722e-07
-1.8451e-07
-1.51999e-07
-1.27477e-07
-1.08942e-07
-9.48856e-08
-8.41544e-08
-7.58732e-08
-6.93876e-08
-6.42155e-08
-6.00123e-08
-5.65256e-08
-5.35801e-08
-5.10394e-08
-4.88129e-08
-4.68207e-08
-4.50176e-08
-4.33535e-08
-4.18096e-08
-4.03515e-08
-3.8976e-08
-3.76561e-08
-3.6398e-08
-3.51775e-08
-3.40067e-08
-3.28622e-08
-3.17604e-08
-3.06771e-08
-2.96322e-08
-2.86001e-08
-2.76037e-08
-2.66156e-08
-2.56614e-08
-2.47116e-08
-2.37944e-08
-2.28785e-08
-2.1994e-08
-2.1108e-08
-2.02526e-08
-1.93931e-08
-1.85636e-08
-1.77275e-08
-1.69209e-08
-1.61055e-08
-1.53191e-08
-1.4522e-08
-1.37534e-08
-1.29722e-08
-1.22192e-08
-1.14518e-08
-1.07124e-08
-9.95689e-09
-9.22931e-09
-8.48358e-09
-7.76666e-09
-7.02816e-09
-6.32184e-09
-5.58596e-09
-4.89347e-09
-4.1498e-09
-3.48343e-09
-2.70675e-09
-2.10177e-09
-1.23056e-09
-7.5715e-10
2.87329e-10
0.051238
0.0497946
0.044927
0.037778
0.0277262
0.0144055
-0.00234916
-0.0226593
-0.0461166
-0.0718995
-0.0986754
-0.124587
-0.148671
-0.169952
-0.187676
-0.201332
-0.210478
-0.214801
-0.214158
-0.208655
-0.198717
-0.185096
-0.168804
-0.150969
-0.132681
-0.114853
-0.0981617
-0.0830315
-0.0696684
-0.0581095
-0.0482759
-0.0400188
-0.0331557
-0.0274945
-0.0228504
-0.0190541
-0.0159566
-0.0134301
-0.0113671
-0.00967849
-0.00829128
-0.00714635
-0.00619604
-0.00540219
-0.00473435
-0.0041683
-0.00368477
-0.00326851
-0.00290739
-0.00259177
-0.002314
-0.00206797
-0.0018488
-0.00165261
-0.00147624
-0.00131719
-0.00117341
-0.00104324
-0.000925327
-0.000818564
-0.000721993
-0.000634742
-0.000555934
-0.000484623
-0.00041979
-0.000360422
-0.000305703
-0.000255233
-0.000209162
-0.000168086
-0.000132688
-0.000103312
-7.97122e-05
-6.1137e-05
-4.66439e-05
-3.54003e-05
-2.67871e-05
-2.03298e-05
-1.5588e-05
-1.21202e-05
-9.52573e-06
-7.5026e-06
-5.86672e-06
-4.52725e-06
-3.44281e-06
-2.58634e-06
-1.92808e-06
-1.4336e-06
-1.06802e-06
-8.0028e-07
-6.04997e-07
-4.62572e-07
-3.58348e-07
-2.81633e-07
-2.24757e-07
-1.82298e-07
-1.50417e-07
-1.26378e-07
-1.08184e-07
-9.43553e-08
-8.37717e-08
-7.55882e-08
-6.91715e-08
-6.40515e-08
-5.98895e-08
-5.64348e-08
-5.35139e-08
-5.0991e-08
-4.87775e-08
-4.67943e-08
-4.49979e-08
-4.33383e-08
-4.17981e-08
-4.03424e-08
-3.89692e-08
-3.76505e-08
-3.63938e-08
-3.51737e-08
-3.4004e-08
-3.28595e-08
-3.17585e-08
-3.0675e-08
-2.96309e-08
-2.85985e-08
-2.76028e-08
-2.66143e-08
-2.56607e-08
-2.47105e-08
-2.37939e-08
-2.28774e-08
-2.19937e-08
-2.11071e-08
-2.02524e-08
-1.93923e-08
-1.85635e-08
-1.77268e-08
-1.69209e-08
-1.61048e-08
-1.53192e-08
-1.45214e-08
-1.37536e-08
-1.29716e-08
-1.22195e-08
-1.14513e-08
-1.07128e-08
-9.95643e-09
-9.22974e-09
-8.48317e-09
-7.76717e-09
-7.02781e-09
-6.32245e-09
-5.58564e-09
-4.89429e-09
-4.14936e-09
-3.48492e-09
-2.70544e-09
-2.10655e-09
-1.22416e-09
-7.80129e-10
3.28825e-10
0.0523936
0.0509766
0.0461983
0.0391481
0.0291821
0.0158805
-0.000972845
-0.0215793
-0.0455292
-0.0719972
-0.0994922
-0.125912
-0.150386
-0.171943
-0.189854
-0.203649
-0.21289
-0.21725
-0.216555
-0.210881
-0.200643
-0.186613
-0.169847
-0.151533
-0.132814
-0.11464
-0.0977002
-0.0824164
-0.0689802
-0.0574097
-0.0476068
-0.0394064
-0.0326129
-0.0270251
-0.0224521
-0.0187212
-0.0156816
-0.0132049
-0.0111839
-0.00953021
-0.00817163
-0.00704996
-0.00611842
-0.00533963
-0.00468382
-0.00412734
-0.00365144
-0.00324124
-0.00288493
-0.00257315
-0.00229843
-0.00205483
-0.00183761
-0.00164297
-0.00146786
-0.00130981
-0.00116683
-0.00103732
-0.000919948
-0.000813644
-0.000717485
-0.000630631
-0.000552226
-0.000481331
-0.00041691
-0.000357919
-0.000303499
-0.000253222
-0.000207238
-0.000166171
-0.000130764
-0.000101415
-7.79124e-05
-5.95052e-05
-4.52279e-05
-3.42162e-05
-2.58252e-05
-1.95669e-05
-1.49963e-05
-1.16706e-05
-9.18916e-06
-7.25133e-06
-5.67696e-06
-4.38132e-06
-3.32926e-06
-2.49827e-06
-1.86089e-06
-1.38343e-06
-1.03122e-06
-7.7353e-07
-5.85517e-07
-4.48237e-07
-3.47647e-07
-2.7355e-07
-2.18625e-07
-1.77666e-07
-1.46958e-07
-1.23832e-07
-1.06334e-07
-9.30197e-08
-8.28081e-08
-7.4889e-08
-6.866e-08
-6.36747e-08
-5.96111e-08
-5.62292e-08
-5.33626e-08
-5.08797e-08
-4.86959e-08
-4.67341e-08
-4.49535e-08
-4.33052e-08
-4.17735e-08
-4.03238e-08
-3.89552e-08
-3.76397e-08
-3.63856e-08
-3.51672e-08
-3.39989e-08
-3.28553e-08
-3.17552e-08
-3.06721e-08
-2.96286e-08
-2.85964e-08
-2.76011e-08
-2.66126e-08
-2.56593e-08
-2.4709e-08
-2.37928e-08
-2.28762e-08
-2.19927e-08
-2.1106e-08
-2.02516e-08
-1.93913e-08
-1.85628e-08
-1.77259e-08
-1.69203e-08
-1.6104e-08
-1.53187e-08
-1.45206e-08
-1.37531e-08
-1.2971e-08
-1.22191e-08
-1.14507e-08
-1.07124e-08
-9.95587e-09
-9.22947e-09
-8.48267e-09
-7.76697e-09
-7.02735e-09
-6.32239e-09
-5.58519e-09
-4.89456e-09
-4.14863e-09
-3.48647e-09
-2.70311e-09
-2.1142e-09
-1.21244e-09
-8.19931e-10
4.00254e-10
0.0541141
0.0527388
0.0481012
0.0412097
0.0313865
0.0181293
0.00114136
-0.0199098
-0.0446151
-0.0721588
-0.100775
-0.127957
-0.153012
-0.174973
-0.193157
-0.207161
-0.216548
-0.220966
-0.220194
-0.214259
-0.203562
-0.188903
-0.17141
-0.152365
-0.13299
-0.114292
-0.0969801
-0.0814693
-0.0679284
-0.0563457
-0.0465939
-0.0384824
-0.0317963
-0.0263207
-0.0218557
-0.0182235
-0.015271
-0.0128691
-0.0109111
-0.00930952
-0.00799367
-0.00690667
-0.00600306
-0.00524665
-0.00460871
-0.00406646
-0.00360187
-0.00320066
-0.0028515
-0.0025454
-0.0022752
-0.00203522
-0.00182089
-0.00162856
-0.0014553
-0.00129874
-0.00115697
-0.00102842
-0.000911846
-0.000806214
-0.000710656
-0.000624374
-0.000546545
-0.000476241
-0.000412404
-0.000353946
-0.000299951
-0.000249951
-0.000204096
-0.00016306
-0.000127662
-9.83827e-05
-7.50554e-05
-5.69305e-05
-4.30062e-05
-3.23711e-05
-2.43407e-05
-1.84054e-05
-1.41108e-05
-1.10112e-05
-8.70551e-06
-6.89634e-06
-5.41141e-06
-4.17713e-06
-3.16904e-06
-2.37213e-06
-1.76267e-06
-1.30815e-06
-9.74256e-07
-7.30702e-07
-5.53373e-07
-4.24104e-07
-3.29535e-07
-2.59989e-07
-2.0852e-07
-1.70187e-07
-1.41462e-07
-1.19817e-07
-1.03411e-07
-9.08919e-08
-8.12557e-08
-7.37525e-08
-6.78259e-08
-6.30617e-08
-5.9161e-08
-5.58991e-08
-5.31211e-08
-5.0703e-08
-4.85668e-08
-4.66394e-08
-4.48842e-08
-4.32542e-08
-4.17362e-08
-4.02962e-08
-3.89351e-08
-3.76247e-08
-3.63748e-08
-3.5159e-08
-3.39931e-08
-3.28507e-08
-3.17522e-08
-3.06696e-08
-2.9627e-08
-2.85949e-08
-2.76003e-08
-2.66117e-08
-2.5659e-08
-2.47085e-08
-2.37927e-08
-2.28758e-08
-2.19928e-08
-2.11057e-08
-2.02518e-08
-1.93911e-08
-1.85631e-08
-1.77257e-08
-1.69206e-08
-1.61039e-08
-1.5319e-08
-1.45205e-08
-1.37535e-08
-1.29708e-08
-1.22195e-08
-1.14506e-08
-1.07129e-08
-9.9558e-09
-9.22998e-09
-8.48262e-09
-7.76754e-09
-7.02732e-09
-6.32309e-09
-5.58511e-09
-4.89569e-09
-4.14816e-09
-3.4893e-09
-2.70042e-09
-2.12479e-09
-1.19744e-09
-8.69566e-10
4.88082e-10
0.0563829
0.0550671
0.0506298
0.0439693
0.0343634
0.021197
0.00405656
-0.0175857
-0.0433292
-0.0724031
-0.1026
-0.130792
-0.156611
-0.179091
-0.197622
-0.211901
-0.221496
-0.226015
-0.225164
-0.218894
-0.207576
-0.19205
-0.173548
-0.153486
-0.133207
-0.113791
-0.0959765
-0.0801652
-0.0664916
-0.0549012
-0.0452256
-0.0372396
-0.0307019
-0.0253796
-0.021061
-0.0175619
-0.0147262
-0.0124242
-0.01055
-0.00901777
-0.00775858
-0.00671749
-0.00585082
-0.00512398
-0.00450962
-0.00398615
-0.00353648
-0.00314712
-0.00280737
-0.00250876
-0.00224454
-0.00200931
-0.00179879
-0.0016095
-0.00143868
-0.00128409
-0.00114389
-0.00101662
-0.000901088
-0.000796334
-0.000701552
-0.000616005
-0.000538913
-0.000469362
-0.000406273
-0.000348501
-0.000295062
-0.000245438
-0.000199775
-0.000158805
-0.000123448
-9.42847e-05
-7.12091e-05
-5.34728e-05
-4.00301e-05
-2.99103e-05
-2.23776e-05
-1.68907e-05
-1.29788e-05
-1.01877e-05
-8.11448e-06
-6.46725e-06
-5.08798e-06
-3.9219e-06
-2.96171e-06
-2.20354e-06
-1.62819e-06
-1.2036e-06
-8.94802e-07
-6.71259e-07
-5.09294e-07
-3.91541e-07
-3.05486e-07
-2.42202e-07
-1.95349e-07
-1.60437e-07
-1.34263e-07
-1.14522e-07
-9.95308e-08
-8.80571e-08
-7.91868e-08
-7.22416e-08
-6.6721e-08
-6.22523e-08
-5.85675e-08
-5.54638e-08
-5.2802e-08
-5.04692e-08
-4.83955e-08
-4.65139e-08
-4.47923e-08
-4.31866e-08
-4.16866e-08
-4.02596e-08
-3.89082e-08
-3.76047e-08
-3.63601e-08
-3.51479e-08
-3.39851e-08
-3.28445e-08
-3.17477e-08
-3.0666e-08
-2.96245e-08
-2.85927e-08
-2.75988e-08
-2.66103e-08
-2.56581e-08
-2.47075e-08
-2.37922e-08
-2.28751e-08
-2.19926e-08
-2.11052e-08
-2.02517e-08
-1.93906e-08
-1.8563e-08
-1.77253e-08
-1.69206e-08
-1.61035e-08
-1.53191e-08
-1.45202e-08
-1.37536e-08
-1.29706e-08
-1.22196e-08
-1.14504e-08
-1.07131e-08
-9.95558e-09
-9.23018e-09
-8.48242e-09
-7.76781e-09
-7.02713e-09
-6.32352e-09
-5.58487e-09
-4.89662e-09
-4.14743e-09
-3.49219e-09
-2.69715e-09
-2.13618e-09
-1.18077e-09
-9.20313e-10
5.77605e-10
0.0591766
0.0579414
0.0537743
0.0474343
0.0381442
0.0251443
0.0078608
-0.014514
-0.0416063
-0.072765
-0.105084
-0.134522
-0.161274
-0.184371
-0.203311
-0.21793
-0.227793
-0.232456
-0.231516
-0.224823
-0.212705
-0.196054
-0.176239
-0.154858
-0.133413
-0.113085
-0.0946402
-0.0784627
-0.0646378
-0.0530538
-0.0434878
-0.0356703
-0.029327
-0.0242021
-0.0200703
-0.0167396
-0.0140508
-0.0118739
-0.0101042
-0.00865804
-0.00746902
-0.00648464
-0.00566351
-0.00497308
-0.00438773
-0.00388731
-0.00345595
-0.00308114
-0.00275295
-0.00246354
-0.00220664
-0.00197727
-0.00177141
-0.00158587
-0.00141805
-0.00126586
-0.0011276
-0.00100189
-0.00088763
-0.000783936
-0.00069008
-0.000605393
-0.000529151
-0.000460459
-0.000398222
-0.000341239
-0.000288455
-0.0002393
-0.000193917
-0.000153103
-0.000117887
-8.89581e-05
-6.62722e-05
-4.9077e-05
-3.62744e-05
-2.68236e-05
-1.99325e-05
-1.50233e-05
-1.16029e-05
-9.20487e-06
-7.42196e-06
-5.97041e-06
-4.71312e-06
-3.62234e-06
-2.71445e-06
-1.99993e-06
-1.46447e-06
-1.07566e-06
-7.97093e-07
-5.9774e-07
-4.54454e-07
-3.50837e-07
-2.75359e-07
-2.19936e-07
-1.78911e-07
-1.48322e-07
-1.25353e-07
-1.07986e-07
-9.47458e-08
-8.45578e-08
-7.6628e-08
-7.03694e-08
-6.53502e-08
-6.1248e-08
-5.78319e-08
-5.4925e-08
-5.24077e-08
-5.01806e-08
-4.81845e-08
-4.63594e-08
-4.46794e-08
-4.31038e-08
-4.16262e-08
-4.02152e-08
-3.8876e-08
-3.7581e-08
-3.6343e-08
-3.51353e-08
-3.39761e-08
-3.28379e-08
-3.17432e-08
-3.06625e-08
-2.96223e-08
-2.85909e-08
-2.75979e-08
-2.66094e-08
-2.56579e-08
-2.47072e-08
-2.37924e-08
-2.28751e-08
-2.19929e-08
-2.11052e-08
-2.02522e-08
-1.93908e-08
-1.85636e-08
-1.77255e-08
-1.69212e-08
-1.61037e-08
-1.53197e-08
-1.45204e-08
-1.37542e-08
-1.29708e-08
-1.22203e-08
-1.14506e-08
-1.07137e-08
-9.95577e-09
-9.23084e-09
-8.48261e-09
-7.76851e-09
-7.02731e-09
-6.32438e-09
-5.58495e-09
-4.898e-09
-4.14698e-09
-3.49557e-09
-2.69401e-09
-2.14784e-09
-1.16443e-09
-9.66846e-10
6.58573e-10
0.0624635
0.0613338
0.0575197
0.0516109
0.0427664
0.0300505
0.0126732
-0.0105623
-0.0393493
-0.0732968
-0.108397
-0.139286
-0.167114
-0.190888
-0.210266
-0.225289
-0.235514
-0.240421
-0.239444
-0.232271
-0.219163
-0.201079
-0.17958
-0.156514
-0.133597
-0.112134
-0.0929232
-0.076316
-0.0623296
-0.0507757
-0.041362
-0.0337637
-0.0276661
-0.0227868
-0.0188844
-0.0157587
-0.0132475
-0.0112209
-0.00957622
-0.00823268
-0.00712704
-0.00620988
-0.00544263
-0.00479518
-0.00424404
-0.00377079
-0.003361
-0.0030033
-0.00268872
-0.00241012
-0.00216185
-0.00193935
-0.00173899
-0.00155785
-0.00139356
-0.0012442
-0.00110821
-0.000984326
-0.000871545
-0.000769074
-0.00067627
-0.000592544
-0.00051723
-0.000449469
-0.000388156
-0.00033204
-0.000280003
-0.00023142
-0.000186434
-0.000145904
-0.000110971
-8.24281e-05
-6.0291e-05
-4.37973e-05
-3.17919e-05
-2.31613e-05
-1.70555e-05
-1.2855e-05
-1.00375e-05
-8.11575e-06
-6.67467e-06
-5.44149e-06
-4.30981e-06
-3.29024e-06
-2.43139e-06
-1.76151e-06
-1.27054e-06
-9.2357e-07
-6.81041e-07
-5.10705e-07
-3.89848e-07
-3.03175e-07
-2.40305e-07
-1.9417e-07
-1.59956e-07
-1.3437e-07
-1.15089e-07
-1.00446e-07
-8.9217e-08
-8.051e-08
-7.36672e-08
-6.82042e-08
-6.37665e-08
-6.00889e-08
-5.69834e-08
-5.43036e-08
-5.19529e-08
-4.98475e-08
-4.79409e-08
-4.6181e-08
-4.4549e-08
-4.30083e-08
-4.15565e-08
-4.0164e-08
-3.88387e-08
-3.75536e-08
-3.63232e-08
-3.51207e-08
-3.39657e-08
-3.28302e-08
-3.17378e-08
-3.06585e-08
-2.96197e-08
-2.85889e-08
-2.75968e-08
-2.66085e-08
-2.56576e-08
-2.47068e-08
-2.37925e-08
-2.2875e-08
-2.19933e-08
-2.11053e-08
-2.02526e-08
-1.9391e-08
-1.85641e-08
-1.77257e-08
-1.69217e-08
-1.61039e-08
-1.53203e-08
-1.45206e-08
-1.37548e-08
-1.2971e-08
-1.22208e-08
-1.14508e-08
-1.07143e-08
-9.95595e-09
-9.23142e-09
-8.48278e-09
-7.76912e-09
-7.02746e-09
-6.32513e-09
-5.585e-09
-4.89927e-09
-4.14646e-09
-3.49877e-09
-2.69087e-09
-2.15854e-09
-1.14931e-09
-1.00587e-09
7.25966e-10
0.0662018
0.0652069
0.0618427
0.056501
0.0482711
0.0360117
0.0186462
-0.00555173
-0.0364241
-0.0740885
-0.11279
-0.145266
-0.174277
-0.198759
-0.218588
-0.234067
-0.244732
-0.24996
-0.248975
-0.241257
-0.226961
-0.207119
-0.183539
-0.158394
-0.133679
-0.110853
-0.0907475
-0.0736611
-0.0595192
-0.0480349
-0.0388295
-0.0315109
-0.0257172
-0.021136
-0.0175082
-0.0146254
-0.0123228
-0.0104714
-0.0089717
-0.00774658
-0.00673677
-0.00589662
-0.00519092
-0.00459249
-0.00408028
-0.00363792
-0.00325263
-0.00291437
-0.00261524
-0.00234894
-0.00211046
-0.0018958
-0.0017017
-0.00152558
-0.0013653
-0.00121916
-0.00108575
-0.000963931
-0.000852816
-0.000751707
-0.000660051
-0.000577343
-0.000502991
-0.000436175
-0.000375799
-0.000320583
-0.000269358
-0.000221458
-0.000177025
-0.000136974
-0.000102538
-7.46024e-05
-5.32249e-05
-3.76247e-05
-2.65892e-05
-1.89358e-05
-1.37637e-05
-1.04094e-05
-8.31259e-06
-6.9542e-06
-5.90478e-06
-4.90627e-06
-3.89576e-06
-2.93659e-06
-2.11964e-06
-1.49393e-06
-1.05165e-06
-7.52096e-07
-5.50518e-07
-4.12919e-07
-3.17238e-07
-2.49577e-07
-2.0089e-07
-1.65221e-07
-1.38687e-07
-1.18738e-07
-1.03606e-07
-9.20203e-08
-8.30433e-08
-7.59906e-08
-7.03605e-08
-6.57849e-08
-6.19962e-08
-5.87933e-08
-5.60352e-08
-5.36096e-08
-5.14451e-08
-4.94761e-08
-4.76694e-08
-4.59824e-08
-4.4404e-08
-4.29023e-08
-4.14792e-08
-4.01076e-08
-3.87978e-08
-3.75238e-08
-3.63018e-08
-3.51051e-08
-3.39548e-08
-3.28223e-08
-3.17325e-08
-3.06547e-08
-2.96174e-08
-2.85873e-08
-2.75961e-08
-2.66081e-08
-2.56578e-08
-2.4707e-08
-2.37932e-08
-2.28755e-08
-2.19941e-08
-2.1106e-08
-2.02536e-08
-1.93917e-08
-1.85651e-08
-1.77264e-08
-1.69228e-08
-1.61046e-08
-1.53213e-08
-1.45212e-08
-1.37558e-08
-1.29716e-08
-1.22218e-08
-1.14513e-08
-1.07152e-08
-9.95649e-09
-9.23231e-09
-8.48328e-09
-7.77003e-09
-7.02791e-09
-6.32616e-09
-5.58532e-09
-4.90077e-09
-4.1462e-09
-3.502e-09
-2.68815e-09
-2.16812e-09
-1.1363e-09
-1.03696e-09
7.78776e-10
0.0703384
0.0695124
0.06671
0.0621002
0.0547015
0.043145
0.0259775
0.000769662
-0.0326325
-0.075273
-0.118623
-0.152713
-0.182933
-0.208049
-0.228277
-0.244289
-0.255574
-0.261355
-0.260517
-0.252226
-0.236491
-0.214452
-0.188261
-0.160533
-0.133621
-0.109169
-0.0880321
-0.0704265
-0.0561514
-0.0447933
-0.0358664
-0.0288991
-0.0234755
-0.0192497
-0.0159445
-0.0133437
-0.011281
-0.0096298
-0.0082946
-0.00720321
-0.0063012
-0.00554738
-0.00491051
-0.00436677
-0.00389792
-0.00348991
-0.00313184
-0.00281518
-0.0025332
-0.00228056
-0.00205298
-0.00184701
-0.00165988
-0.00148932
-0.00133351
-0.00119093
-0.00106038
-0.000940844
-0.000831556
-0.00073192
-0.00064148
-0.000559818
-0.000486418
-0.00042052
-0.000361055
-0.00030674
-0.000256386
-0.0002093
-0.00016562
-0.000126297
-9.26323e-05
-6.55676e-05
-4.51799e-05
-3.06631e-05
-2.07561e-05
-1.42234e-05
-1.01263e-05
-7.75675e-06
-6.50221e-06
-5.79369e-06
-5.17696e-06
-4.41321e-06
-3.50122e-06
-2.57651e-06
-1.78513e-06
-1.19932e-06
-8.09147e-07
-5.62778e-07
-4.07215e-07
-3.06021e-07
-2.38114e-07
-1.91366e-07
-1.58243e-07
-1.34008e-07
-1.1581e-07
-1.01945e-07
-9.1275e-08
-8.29724e-08
-7.64118e-08
-7.11349e-08
-6.68076e-08
-6.31861e-08
-6.00953e-08
-5.74027e-08
-5.50177e-08
-5.2865e-08
-5.09005e-08
-4.90776e-08
-4.73781e-08
-4.57694e-08
-4.42484e-08
-4.27886e-08
-4.13964e-08
-4.00472e-08
-3.8754e-08
-3.74919e-08
-3.62789e-08
-3.50886e-08
-3.39432e-08
-3.2814e-08
-3.17269e-08
-3.06508e-08
-2.9615e-08
-2.85858e-08
-2.75955e-08
-2.66078e-08
-2.56581e-08
-2.47074e-08
-2.37939e-08
-2.28762e-08
-2.19951e-08
-2.11068e-08
-2.02547e-08
-1.93925e-08
-1.85662e-08
-1.77273e-08
-1.69239e-08
-1.61054e-08
-1.53224e-08
-1.4522e-08
-1.37568e-08
-1.29723e-08
-1.22228e-08
-1.1452e-08
-1.07161e-08
-9.95712e-09
-9.23322e-09
-8.48385e-09
-7.77093e-09
-7.02841e-09
-6.32715e-09
-5.58569e-09
-4.90218e-09
-4.14601e-09
-3.5049e-09
-2.68574e-09
-2.17618e-09
-1.1254e-09
-1.06065e-09
8.18618e-10
0.0748066
0.0741877
0.0720733
0.0683903
0.062094
0.0515793
0.0349059
0.00873555
-0.0277079
-0.0770909
-0.126412
-0.161902
-0.193311
-0.218973
-0.239505
-0.256048
-0.268038
-0.274514
-0.27396
-0.265112
-0.24774
-0.223078
-0.193713
-0.162847
-0.133305
-0.106957
-0.0846649
-0.0665238
-0.0521643
-0.0410124
-0.0324531
-0.0259221
-0.0209432
-0.0171352
-0.0142031
-0.0119242
-0.0101325
-0.00870549
-0.0075532
-0.0066096
-0.00582613
-0.00516686
-0.00460512
-0.00412092
-0.0036992
-0.00332848
-0.00299994
-0.00270669
-0.00244332
-0.00220551
-0.00198977
-0.00179327
-0.00161373
-0.00144925
-0.0012983
-0.00115962
-0.00103216
-0.000915103
-0.00080778
-0.000709706
-0.000620522
-0.000539897
-0.000467398
-0.00040234
-0.000343713
-0.000290271
-0.000240837
-0.000194721
-0.000152056
-0.000113796
-8.12538e-05
-5.53818e-05
-3.62396e-05
-2.29933e-05
-1.43519e-05
-9.06882e-06
-6.18431e-06
-4.94612e-06
-4.66756e-06
-4.70172e-06
-4.55355e-06
-4.00971e-06
-3.15542e-06
-2.22483e-06
-1.43509e-06
-8.82773e-07
-5.48301e-07
-3.60945e-07
-2.55704e-07
-1.93403e-07
-1.54777e-07
-1.3005e-07
-1.13357e-07
-1.01192e-07
-9.17757e-08
-8.43108e-08
-7.83334e-08
-7.34828e-08
-6.94607e-08
-6.60469e-08
-6.3085e-08
-6.04631e-08
-5.81036e-08
-5.59456e-08
-5.39518e-08
-5.20853e-08
-5.03303e-08
-4.86606e-08
-4.70734e-08
-4.55468e-08
-4.4086e-08
-4.26701e-08
-4.13103e-08
-3.99845e-08
-3.87087e-08
-3.74591e-08
-3.62555e-08
-3.50719e-08
-3.39315e-08
-3.28058e-08
-3.17216e-08
-3.06473e-08
-2.96131e-08
-2.85847e-08
-2.75953e-08
-2.6608e-08
-2.56588e-08
-2.47082e-08
-2.37951e-08
-2.28773e-08
-2.19966e-08
-2.11081e-08
-2.02562e-08
-1.93938e-08
-1.85677e-08
-1.77285e-08
-1.69254e-08
-1.61067e-08
-1.53238e-08
-1.45232e-08
-1.37582e-08
-1.29734e-08
-1.2224e-08
-1.1453e-08
-1.07173e-08
-9.95803e-09
-9.23436e-09
-8.48467e-09
-7.77203e-09
-7.02915e-09
-6.32831e-09
-5.58626e-09
-4.90368e-09
-4.14605e-09
-3.50762e-09
-2.68382e-09
-2.18292e-09
-1.11668e-09
-1.07835e-09
8.47858e-10
0.0795245
0.0791548
0.0778664
0.0753367
0.0704757
0.061465
0.0457391
0.0188336
-0.0212395
-0.0798696
-0.13697
-0.173292
-0.205551
-0.231386
-0.252086
-0.269342
-0.282424
-0.290092
-0.290153
-0.280752
-0.261373
-0.233419
-0.200081
-0.165347
-0.13264
-0.104086
-0.0805187
-0.0618501
-0.0474846
-0.0366459
-0.0285641
-0.0225687
-0.0181183
-0.0147958
-0.0122899
-0.0103738
-0.0088841
-0.00770465
-0.00675291
-0.0059704
-0.00531548
-0.00475835
-0.00427751
-0.00385726
-0.00348605
-0.00315523
-0.00285824
-0.00259001
-0.00234652
-0.00212456
-0.00192149
-0.00173514
-0.00156373
-0.00140576
-0.00126002
-0.0011255
-0.00100136
-0.000886924
-0.000781672
-0.000685223
-0.000597306
-0.000517677
-0.000445993
-0.000381662
-0.000323771
-0.000271161
-0.000222712
-0.000177769
-0.000136451
-9.96624e-05
-6.86605e-05
-4.43243e-05
-2.66673e-05
-1.48318e-05
-7.53861e-06
-3.59031e-06
-2.03611e-06
-2.07625e-06
-2.91518e-06
-3.78553e-06
-4.12766e-06
-3.76264e-06
-2.89633e-06
-1.89762e-06
-1.07456e-06
-5.46681e-07
-2.72299e-07
-1.50509e-07
-9.96022e-08
-7.78676e-08
-6.92833e-08
-6.71815e-08
-6.74423e-08
-6.77103e-08
-6.7289e-08
-6.6353e-08
-6.51571e-08
-6.38242e-08
-6.23877e-08
-6.08707e-08
-5.92984e-08
-5.76936e-08
-5.60783e-08
-5.44644e-08
-5.28685e-08
-5.12929e-08
-4.97509e-08
-4.8237e-08
-4.67639e-08
-4.53207e-08
-4.39211e-08
-4.25499e-08
-4.12228e-08
-3.9921e-08
-3.86629e-08
-3.7426e-08
-3.6232e-08
-3.50551e-08
-3.39199e-08
-3.27978e-08
-3.17164e-08
-3.0644e-08
-2.96113e-08
-2.85838e-08
-2.75954e-08
-2.66084e-08
-2.56598e-08
-2.47093e-08
-2.37966e-08
-2.28787e-08
-2.19982e-08
-2.11096e-08
-2.02579e-08
-1.93953e-08
-1.85694e-08
-1.773e-08
-1.6927e-08
-1.61081e-08
-1.53253e-08
-1.45245e-08
-1.37596e-08
-1.29746e-08
-1.22254e-08
-1.14541e-08
-1.07186e-08
-9.95905e-09
-9.23555e-09
-8.4856e-09
-7.77316e-09
-7.02997e-09
-6.32948e-09
-5.58691e-09
-4.90512e-09
-4.1462e-09
-3.51001e-09
-2.6823e-09
-2.18833e-09
-1.10981e-09
-1.0913e-09
8.69042e-10
0.0843937
0.0843162
0.0839984
0.0828708
0.0798427
0.0729324
0.058816
0.0316859
-0.012729
-0.0842782
-0.151203
-0.187216
-0.220222
-0.245877
-0.266309
-0.284074
-0.298331
-0.307526
-0.30866
-0.298976
-0.277429
-0.245564
-0.207377
-0.167935
-0.131457
-0.100375
-0.0754365
-0.0562899
-0.0420384
-0.0316543
-0.0241847
-0.0188407
-0.0150122
-0.0122474
-0.0102223
-0.00870922
-0.00755114
-0.00664071
-0.00590507
-0.0052949
-0.00477674
-0.00432777
-0.00393226
-0.00357928
-0.00326109
-0.0029721
-0.00270818
-0.00246617
-0.00224355
-0.00203826
-0.00184854
-0.00167291
-0.0015101
-0.00135903
-0.00121881
-0.00108869
-0.000968051
-0.000856381
-0.000753294
-0.000658514
-0.000571856
-0.00049316
-0.000422177
-0.000358432
-0.000301156
-0.000249339
-0.00020198
-0.00015847
-0.000118927
-8.41306e-05
-5.51441e-05
-3.27147e-05
-1.67442e-05
-6.37454e-06
-4.42054e-07
2.13676e-06
2.25817e-06
7.80809e-07
-1.33733e-06
-3.14693e-06
-3.99077e-06
-3.73714e-06
-2.75929e-06
-1.60891e-06
-7.08766e-07
-1.96041e-07
1.18141e-08
6.09449e-08
5.48213e-08
3.62444e-08
1.55627e-08
-4.57966e-09
-2.17367e-08
-3.44182e-08
-4.29369e-08
-4.84802e-08
-5.20399e-08
-5.4213e-08
-5.53538e-08
-5.57251e-08
-5.55349e-08
-5.49414e-08
-5.40657e-08
-5.29926e-08
-5.17922e-08
-5.05058e-08
-4.91755e-08
-4.78165e-08
-4.64568e-08
-4.50965e-08
-4.37577e-08
-4.24309e-08
-4.11365e-08
-3.98585e-08
-3.86178e-08
-3.73937e-08
-3.62091e-08
-3.5039e-08
-3.39089e-08
-3.27904e-08
-3.17117e-08
-3.06412e-08
-2.96101e-08
-2.85835e-08
-2.75959e-08
-2.66093e-08
-2.56612e-08
-2.47108e-08
-2.37984e-08
-2.28805e-08
-2.20002e-08
-2.11115e-08
-2.026e-08
-1.93973e-08
-1.85714e-08
-1.77318e-08
-1.69289e-08
-1.61098e-08
-1.53271e-08
-1.45261e-08
-1.37613e-08
-1.29761e-08
-1.2227e-08
-1.14555e-08
-1.07201e-08
-9.9603e-09
-9.23692e-09
-8.48673e-09
-7.77445e-09
-7.03097e-09
-6.33076e-09
-5.58773e-09
-4.90658e-09
-4.14655e-09
-3.51219e-09
-2.68121e-09
-2.19269e-09
-1.10459e-09
-1.10076e-09
8.84221e-10
0.0892982
0.0895559
0.0903502
0.0908947
0.0901559
0.0861367
0.0745866
0.0483139
-0.001269
-0.0912651
-0.171493
-0.204258
-0.236546
-0.261462
-0.281848
-0.300777
-0.317073
-0.3287
-0.33139
-0.321397
-0.297076
-0.260197
-0.21586
-0.170575
-0.129569
-0.0955946
-0.0692155
-0.0496917
-0.0357262
-0.0259799
-0.0192865
-0.0147282
-0.0116256
-0.00949632
-0.00800856
-0.00693935
-0.00614186
-0.00552099
-0.00501598
-0.00458847
-0.00421444
-0.00387892
-0.00357261
-0.00328973
-0.00302665
-0.00278106
-0.00255142
-0.00233658
-0.0021356
-0.00194762
-0.0017718
-0.00160734
-0.0014535
-0.00130964
-0.00117518
-0.00104964
-0.000932629
-0.000823822
-0.000722961
-0.000629871
-0.000544446
-0.000466601
-0.000396189
-0.000332887
-0.000276123
-0.000225105
-0.000179019
-0.000137333
-0.000100062
-6.78103e-05
-4.13632e-05
-2.11342e-05
-6.91963e-06
2.03784e-06
6.71083e-06
7.96287e-06
6.58185e-06
3.50899e-06
-5.89381e-08
-2.90805e-06
-4.24222e-06
-3.99616e-06
-2.77077e-06
-1.36254e-06
-3.35023e-07
1.68811e-07
2.99317e-07
2.67101e-07
2.02225e-07
1.45273e-07
9.7421e-08
5.60933e-08
2.25005e-08
-2.25775e-09
-1.94064e-08
-3.11876e-08
-3.93421e-08
-4.49139e-08
-4.85529e-08
-5.07517e-08
-5.18978e-08
-5.22819e-08
-5.21213e-08
-5.15709e-08
-5.07526e-08
-4.97457e-08
-4.86199e-08
-4.74105e-08
-4.61604e-08
-4.48803e-08
-4.36002e-08
-4.23163e-08
-4.10534e-08
-3.97984e-08
-3.85747e-08
-3.73629e-08
-3.61873e-08
-3.50238e-08
-3.38987e-08
-3.27836e-08
-3.17076e-08
-3.06389e-08
-2.96092e-08
-2.85835e-08
-2.75967e-08
-2.66106e-08
-2.56629e-08
-2.47127e-08
-2.38005e-08
-2.28826e-08
-2.20025e-08
-2.11137e-08
-2.02622e-08
-1.93994e-08
-1.85736e-08
-1.77339e-08
-1.6931e-08
-1.61117e-08
-1.53291e-08
-1.45279e-08
-1.37632e-08
-1.29778e-08
-1.22287e-08
-1.1457e-08
-1.07217e-08
-9.96168e-09
-9.23836e-09
-8.48798e-09
-7.77579e-09
-7.03207e-09
-6.33206e-09
-5.58863e-09
-4.908e-09
-4.14701e-09
-3.5141e-09
-2.68047e-09
-2.19614e-09
-1.10066e-09
-1.1076e-09
8.9507e-10
0.0941047
0.094733
0.0967672
0.0992349
0.101295
0.101069
0.0934301
0.0697418
0.0137898
-0.101489
-0.198132
-0.226244
-0.257906
-0.280382
-0.29924
-0.318746
-0.337349
-0.352189
-0.357485
-0.34792
-0.320685
-0.277732
-0.225709
-0.173174
-0.126724
-0.0894617
-0.0616169
-0.041888
-0.0284479
-0.0195747
-0.0138568
-0.0102395
-0.00797785
-0.00656629
-0.00567314
-0.00508684
-0.0046762
-0.00436234
-0.00409948
-0.00386222
-0.00363733
-0.00341859
-0.00320372
-0.00299246
-0.00278558
-0.0025842
-0.00238945
-0.00220231
-0.00202343
-0.00185319
-0.00169166
-0.00153874
-0.00139421
-0.00125781
-0.00112932
-0.00100853
-0.000895277
-0.000789423
-0.000690848
-0.000599469
-0.00051525
-0.000438183
-0.000368237
-0.000305279
-0.000248995
-0.00019888
-0.00015435
-0.000114955
-8.05793e-05
-5.14522e-05
-2.79108e-05
-1.00534e-05
2.44551e-06
1.02011e-05
1.38329e-05
1.38603e-05
1.09208e-05
6.08118e-06
8.76114e-07
-3.11585e-06
-4.91604e-06
-4.55305e-06
-2.92366e-06
-1.14476e-06
5.49065e-08
5.46752e-07
5.829e-07
4.59545e-07
3.36108e-07
2.45066e-07
1.73734e-07
1.13068e-07
6.40134e-08
2.78939e-08
2.7005e-09
-1.48926e-08
-2.73644e-08
-3.61482e-08
-4.2148e-08
-4.60699e-08
-4.84743e-08
-4.97788e-08
-5.02913e-08
-5.02329e-08
-4.97743e-08
-4.90306e-08
-4.80973e-08
-4.70288e-08
-4.58818e-08
-4.46772e-08
-4.34524e-08
-4.2209e-08
-4.09758e-08
-3.97424e-08
-3.85346e-08
-3.73345e-08
-3.61675e-08
-3.50102e-08
-3.38896e-08
-3.27779e-08
-3.17044e-08
-3.06374e-08
-2.9609e-08
-2.85842e-08
-2.75981e-08
-2.66124e-08
-2.5665e-08
-2.4715e-08
-2.3803e-08
-2.28851e-08
-2.20051e-08
-2.11162e-08
-2.02648e-08
-1.94018e-08
-1.85761e-08
-1.77362e-08
-1.69334e-08
-1.61139e-08
-1.53313e-08
-1.453e-08
-1.37652e-08
-1.29796e-08
-1.22306e-08
-1.14587e-08
-1.07234e-08
-9.96324e-09
-9.23995e-09
-8.48938e-09
-7.77724e-09
-7.0333e-09
-6.33343e-09
-5.58965e-09
-4.90941e-09
-4.14762e-09
-3.51584e-09
-2.68006e-09
-2.1989e-09
-1.09781e-09
-1.11256e-09
9.02768e-10
0.0986651
0.0996915
0.103055
0.107687
0.113046
0.117825
0.115939
0.0988151
0.0345413
-0.124194
-0.238649
-0.248697
-0.278618
-0.300222
-0.318682
-0.339314
-0.360663
-0.379152
-0.387037
-0.378043
-0.347662
-0.29772
-0.236592
-0.175424
-0.122602
-0.0816756
-0.0523988
-0.032712
-0.0201034
-0.0123882
-0.00787711
-0.00537492
-0.0040787
-0.0034709
-0.00323035
-0.00316523
-0.00316627
-0.00317532
-0.00316464
-0.0031239
-0.00305203
-0.00295247
-0.0028305
-0.00269175
-0.00254157
-0.00238469
-0.00222504
-0.00206574
-0.00190912
-0.00175677
-0.0016097
-0.00146848
-0.00133338
-0.00120456
-0.00108212
-0.00096614
-0.000856699
-0.000753839
-0.000657578
-0.000567922
-0.000484896
-0.000408575
-0.000339072
-0.000276481
-0.000220797
-0.000171842
-0.000129272
-9.26668e-05
-6.16719e-05
-3.60563e-05
-1.56157e-05
-4.53619e-08
1.10431e-05
1.79699e-05
2.08661e-05
1.9813e-05
1.52793e-05
8.51866e-06
1.51149e-06
-3.70091e-06
-5.92279e-06
-5.31257e-06
-3.13256e-06
-8.94137e-07
4.95517e-07
9.51612e-07
8.65272e-07
6.3717e-07
4.54931e-07
3.34419e-07
2.43205e-07
1.65159e-07
1.01805e-07
5.52722e-08
2.28222e-08
-1.01509e-11
-1.64177e-08
-2.81484e-08
-3.63107e-08
-4.18053e-08
-4.53562e-08
-4.74993e-08
-4.8625e-08
-4.90147e-08
-4.88838e-08
-4.83796e-08
-4.76217e-08
-4.66816e-08
-4.56285e-08
-4.44927e-08
-4.33183e-08
-4.21117e-08
-4.09055e-08
-3.96919e-08
-3.84987e-08
-3.73091e-08
-3.615e-08
-3.49983e-08
-3.3882e-08
-3.27732e-08
-3.1702e-08
-3.06366e-08
-2.96094e-08
-2.85854e-08
-2.75999e-08
-2.66145e-08
-2.56675e-08
-2.47176e-08
-2.38058e-08
-2.28879e-08
-2.20079e-08
-2.1119e-08
-2.02676e-08
-1.94045e-08
-1.85788e-08
-1.77388e-08
-1.69359e-08
-1.61163e-08
-1.53337e-08
-1.45322e-08
-1.37674e-08
-1.29817e-08
-1.22326e-08
-1.14606e-08
-1.07253e-08
-9.96494e-09
-9.24164e-09
-8.49089e-09
-7.77877e-09
-7.03464e-09
-6.33485e-09
-5.59077e-09
-4.91081e-09
-4.14836e-09
-3.51741e-09
-2.67992e-09
-2.2011e-09
-1.09578e-09
-1.11615e-09
9.08215e-10
0.10282
0.104247
0.108982
0.115883
0.125046
0.135692
0.1423
0.134781
0.0629337
-0.133632
-0.304874
-0.29305
-0.308355
-0.318259
-0.330826
-0.349692
-0.372741
-0.395983
-0.408964
-0.402734
-0.371242
-0.315815
-0.2462
-0.176369
-0.116977
-0.0723279
-0.041757
-0.0223778
-0.0108955
-0.0046027
-0.00150677
-0.000270392
-4.20302e-05
-0.000303998
-0.000756458
-0.00123578
-0.00166079
-0.00199831
-0.0022415
-0.00239687
-0.00247662
-0.00249447
-0.0024636
-0.00239571
-0.00230083
-0.00218729
-0.0020618
-0.00192966
-0.00179479
-0.00166001
-0.00152719
-0.00139753
-0.0012718
-0.00115051
-0.0010341
-0.000922926
-0.000817302
-0.000717457
-0.000623538
-0.000535636
-0.000453854
-0.000378368
-0.000309459
-0.000247479
-0.000192737
-0.000145355
-0.000105162
-7.16886e-05
-4.42571e-05
-2.21039e-05
-4.48523e-06
9.21938e-06
1.9353e-05
2.58393e-05
2.82406e-05
2.6173e-05
1.99665e-05
1.11351e-05
2.18986e-06
-4.30523e-06
-6.9229e-06
-5.99206e-06
-3.20571e-06
-5.03459e-07
1.03577e-06
1.40257e-06
1.15453e-06
8.04566e-07
5.61269e-07
4.14192e-07
3.05489e-07
2.1165e-07
1.35202e-07
7.9352e-08
4.05524e-08
1.31379e-08
-6.75292e-09
-2.11036e-08
-3.11809e-08
-3.80607e-08
-4.2619e-08
-4.54986e-08
-4.71627e-08
-4.79458e-08
-4.81024e-08
-4.78087e-08
-4.72047e-08
-4.63773e-08
-4.54068e-08
-4.43313e-08
-4.32012e-08
-4.20271e-08
-4.08447e-08
-3.96485e-08
-3.8468e-08
-3.72877e-08
-3.61354e-08
-3.49888e-08
-3.38761e-08
-3.277e-08
-3.17007e-08
-3.06367e-08
-2.96108e-08
-2.85874e-08
-2.76023e-08
-2.66172e-08
-2.56705e-08
-2.47206e-08
-2.38089e-08
-2.28911e-08
-2.20111e-08
-2.11221e-08
-2.02707e-08
-1.94075e-08
-1.85818e-08
-1.77416e-08
-1.69387e-08
-1.6119e-08
-1.53363e-08
-1.45346e-08
-1.37698e-08
-1.29839e-08
-1.22348e-08
-1.14627e-08
-1.07272e-08
-9.96678e-09
-9.24343e-09
-8.49253e-09
-7.78038e-09
-7.03606e-09
-6.3363e-09
-5.59195e-09
-4.91218e-09
-4.14917e-09
-3.51883e-09
-2.68001e-09
-2.20288e-09
-1.09442e-09
-1.11876e-09
9.12013e-10
0.106405
0.10822
0.114267
0.123489
0.136688
0.154652
0.173228
0.189376
0.103629
-0.12289
-0.337242
-0.300502
-0.3191
-0.326832
-0.336099
-0.354722
-0.378401
-0.403135
-0.418382
-0.414483
-0.383393
-0.325444
-0.250493
-0.174374
-0.109811
-0.0621636
-0.0306751
-0.011824
-0.00160881
0.00316605
0.00478676
0.00472449
0.0038723
0.00274153
0.00160511
0.000594372
-0.000240351
-0.000892485
-0.00137699
-0.00171759
-0.00193981
-0.0020675
-0.00212153
-0.00211946
-0.00207579
-0.00200228
-0.00190833
-0.0018012
-0.00168639
-0.00156779
-0.0014481
-0.0013291
-0.00121199
-0.00109765
-0.000986827
-0.000880143
-0.000778129
-0.00068118
-0.00058956
-0.000503453
-0.000423048
-0.000348646
-0.000280706
-0.000219809
-0.000166507
-0.000121106
-8.34887e-05
-5.30397e-05
-2.8743e-05
-9.39237e-06
6.14496e-06
1.8649e-05
2.82957e-05
3.45681e-05
3.65008e-05
3.33311e-05
2.53384e-05
1.43546e-05
3.43885e-06
-4.34036e-06
-7.35506e-06
-6.14458e-06
-2.85709e-06
1.77866e-07
1.74534e-06
1.93502e-06
1.47479e-06
9.79585e-07
6.6598e-07
4.88925e-07
3.61907e-07
2.52631e-07
1.64008e-07
9.98819e-08
5.56171e-08
2.42827e-08
1.40422e-09
-1.51864e-08
-2.68869e-08
-3.4932e-08
-4.03342e-08
-4.38295e-08
-4.59432e-08
-4.70545e-08
-4.7451e-08
-4.73328e-08
-4.68574e-08
-4.6124e-08
-4.52224e-08
-4.41974e-08
-4.31042e-08
-4.19572e-08
-4.07947e-08
-3.9613e-08
-3.84432e-08
-3.72708e-08
-3.61242e-08
-3.49817e-08
-3.38721e-08
-3.27682e-08
-3.17006e-08
-3.06379e-08
-2.96126e-08
-2.85898e-08
-2.76051e-08
-2.66204e-08
-2.56738e-08
-2.4724e-08
-2.38124e-08
-2.28945e-08
-2.20145e-08
-2.11254e-08
-2.0274e-08
-1.94107e-08
-1.85849e-08
-1.77447e-08
-1.69417e-08
-1.61218e-08
-1.53391e-08
-1.45372e-08
-1.37724e-08
-1.29863e-08
-1.22372e-08
-1.14648e-08
-1.07294e-08
-9.96875e-09
-9.24534e-09
-8.49429e-09
-7.78209e-09
-7.0376e-09
-6.33783e-09
-5.59324e-09
-4.91358e-09
-4.15012e-09
-3.52016e-09
-2.68031e-09
-2.20432e-09
-1.09357e-09
-1.12064e-09
9.14614e-10
0.109264
0.11141
0.118624
0.129876
0.147183
0.1718
0.20765
0.214221
0.194592
-0.14032
-0.4293
-0.31826
-0.320573
-0.32673
-0.334416
-0.353232
-0.377747
-0.404064
-0.420468
-0.417145
-0.386107
-0.326834
-0.249119
-0.16959
-0.102131
-0.0528244
-0.0209856
-0.0027798
0.00627611
0.00972411
0.0100755
0.00890457
0.00713604
0.00527283
0.00356326
0.00210974
0.000935319
2.33474e-05
-0.000659882
-0.00115272
-0.00149186
-0.00170964
-0.00183332
-0.00188525
-0.00188366
-0.00184312
-0.00177516
-0.0016887
-0.00159045
-0.00148522
-0.00137636
-0.00126615
-0.00115617
-0.00104765
-0.000941556
-0.000838746
-0.000739915
-0.000645593
-0.000556147
-0.000471856
-0.000393015
-0.000320048
-0.000253555
-0.000194255
-0.000142798
-9.95223e-05
-6.42411e-05
-3.6172e-05
-1.40592e-05
3.54538e-06
1.79183e-05
2.98024e-05
3.9139e-05
4.50464e-05
4.62005e-05
4.16406e-05
3.17122e-05
1.85805e-05
5.77427e-06
-3.24023e-06
-6.71988e-06
-5.43538e-06
-1.92885e-06
1.18533e-06
2.61095e-06
2.53578e-06
1.82627e-06
1.16923e-06
7.74824e-07
5.6078e-07
4.12777e-07
2.87912e-07
1.88031e-07
1.16659e-07
6.77711e-08
3.31771e-08
7.85506e-09
-1.05401e-08
-2.35319e-08
-3.24949e-08
-3.85577e-08
-4.2533e-08
-4.49964e-08
-4.63627e-08
-4.69455e-08
-4.69637e-08
-4.65882e-08
-4.5928e-08
-4.508e-08
-4.40943e-08
-4.30299e-08
-4.1904e-08
-4.0757e-08
-3.95867e-08
-3.84253e-08
-3.72589e-08
-3.61169e-08
-3.49776e-08
-3.38704e-08
-3.27682e-08
-3.17019e-08
-3.06398e-08
-2.96152e-08
-2.85928e-08
-2.76087e-08
-2.6624e-08
-2.56776e-08
-2.47279e-08
-2.38163e-08
-2.28984e-08
-2.20183e-08
-2.11292e-08
-2.02777e-08
-1.94143e-08
-1.85884e-08
-1.7748e-08
-1.69449e-08
-1.61249e-08
-1.5342e-08
-1.45401e-08
-1.37751e-08
-1.29889e-08
-1.22396e-08
-1.14672e-08
-1.07316e-08
-9.97084e-09
-9.24733e-09
-8.49613e-09
-7.78384e-09
-7.03919e-09
-6.33936e-09
-5.59456e-09
-4.91492e-09
-4.15109e-09
-3.52138e-09
-2.68076e-09
-2.20551e-09
-1.09315e-09
-1.12198e-09
9.16301e-10
0.111258
0.113656
0.121729
0.134649
0.155064
0.186744
0.235561
0.276069
0.33282
-0.110729
-0.321154
-0.319832
-0.327062
-0.335802
-0.354072
-0.377833
-0.403051
-0.418602
-0.414437
-0.382188
-0.321991
-0.24359
-0.163398
-0.0953539
-0.045835
-0.0142603
0.00329242
0.011498
0.0140434
0.0135535
0.011655
0.00928777
0.00694759
0.00486537
0.00312399
0.00172833
0.000646457
-0.000167494
-0.000761237
-0.00117856
-0.00145715
-0.00162828
-0.0017173
-0.00174485
-0.00172726
-0.00167742
-0.00160533
-0.00151846
-0.00142227
-0.0013206
-0.00121614
-0.00111081
-0.00100608
-0.000903149
-0.000803007
-0.000706465
-0.000614135
-0.000526461
-0.000443796
-0.000366518
-0.000295132
-0.000230297
-0.000172754
-0.000123124
-8.16655e-05
-4.80822e-05
-2.14784e-05
-5.12155e-07
1.62943e-05
3.01674e-05
4.17103e-05
5.06563e-05
5.59044e-05
5.59774e-05
4.98952e-05
3.81454e-05
2.31706e-05
8.81236e-06
-1.22983e-06
-5.19687e-06
-4.06446e-06
-6.31654e-07
2.3289e-06
3.49207e-06
3.12016e-06
2.16663e-06
1.35437e-06
8.78542e-07
6.24575e-07
4.54714e-07
3.15516e-07
2.06209e-07
1.29045e-07
7.65616e-08
3.94996e-08
1.23834e-08
-7.30698e-09
-2.12118e-08
-3.08169e-08
-3.73376e-08
-4.16436e-08
-4.43473e-08
-4.58886e-08
-4.65993e-08
-4.67111e-08
-4.64043e-08
-4.57944e-08
-4.49832e-08
-4.40246e-08
-4.29802e-08
-4.18689e-08
-4.07326e-08
-3.95701e-08
-3.84145e-08
-3.72524e-08
-3.61135e-08
-3.49766e-08
-3.3871e-08
-3.277e-08
-3.17044e-08
-3.06429e-08
-2.96186e-08
-2.85967e-08
-2.76127e-08
-2.66282e-08
-2.56818e-08
-2.4732e-08
-2.38205e-08
-2.29025e-08
-2.20223e-08
-2.1133e-08
-2.02814e-08
-1.9418e-08
-1.8592e-08
-1.77514e-08
-1.69482e-08
-1.61281e-08
-1.53451e-08
-1.4543e-08
-1.37779e-08
-1.29916e-08
-1.22422e-08
-1.14696e-08
-1.07339e-08
-9.97306e-09
-9.24944e-09
-8.4981e-09
-7.78571e-09
-7.0409e-09
-6.34099e-09
-5.59601e-09
-4.91632e-09
-4.15224e-09
-3.52257e-09
-2.68137e-09
-2.2065e-09
-1.09307e-09
-1.1229e-09
9.17287e-10
0.112283
0.114815
0.123359
0.137167
0.159438
0.195082
0.25289
0.320991
0.430837
-0.315567
-0.325598
-0.334685
-0.352533
-0.375195
-0.399162
-0.413381
-0.408192
-0.375623
-0.315421
-0.237542
-0.158206
-0.0910558
-0.042223
-0.0111715
0.00587518
0.013628
0.0157662
0.0149285
0.0127429
0.0101462
0.0076264
0.00540498
0.00355612
0.0020771
0.000930014
6.44888e-05
-0.00057049
-0.00102111
-0.00132677
-0.00152011
-0.00162727
-0.00166968
-0.00166414
-0.00162397
-0.00155952
-0.0014786
-0.00138697
-0.00128877
-0.00118697
-0.00108371
-0.000980663
-0.000879147
-0.000780251
-0.00068484
-0.000593569
-0.000506922
-0.000425293
-0.000349098
-0.000278866
-0.000215257
-0.000158971
-0.000110561
-7.02035e-05
-3.75295e-05
-1.16034e-05
8.91131e-06
2.54398e-05
3.91149e-05
5.04206e-05
5.89726e-05
6.35839e-05
6.27524e-05
5.55494e-05
4.25838e-05
2.64584e-05
1.11622e-05
4.75321e-07
-3.86611e-06
-2.94666e-06
3.21317e-07
3.09806e-06
4.0538e-06
3.48561e-06
2.38108e-06
1.47301e-06
9.4496e-07
6.64359e-07
4.79773e-07
3.31429e-07
2.16416e-07
1.35843e-07
8.12807e-08
4.28368e-08
1.47497e-08
-5.62674e-09
-2.00105e-08
-2.99501e-08
-3.67081e-08
-4.11849e-08
-4.40126e-08
-4.56442e-08
-4.64211e-08
-4.65815e-08
-4.63102e-08
-4.57266e-08
-4.49348e-08
-4.39903e-08
-4.29564e-08
-4.18528e-08
-4.07222e-08
-3.9564e-08
-3.84115e-08
-3.72517e-08
-3.61145e-08
-3.49786e-08
-3.3874e-08
-3.27736e-08
-3.17085e-08
-3.06471e-08
-2.96232e-08
-2.86014e-08
-2.76174e-08
-2.66329e-08
-2.56865e-08
-2.47366e-08
-2.3825e-08
-2.29069e-08
-2.20266e-08
-2.11373e-08
-2.02855e-08
-1.94219e-08
-1.85958e-08
-1.77551e-08
-1.69518e-08
-1.61315e-08
-1.53484e-08
-1.45462e-08
-1.37809e-08
-1.29945e-08
-1.22449e-08
-1.14722e-08
-1.07364e-08
-9.97535e-09
-9.25159e-09
-8.50011e-09
-7.78758e-09
-7.04262e-09
-6.34258e-09
-5.59743e-09
-4.91764e-09
-4.15322e-09
-3.52365e-09
-2.68211e-09
-2.20731e-09
-1.0933e-09
-1.12348e-09
9.17674e-10
0.112284
0.114815
0.12336
0.137168
0.159439
0.195084
0.252892
0.331147
0.488673
-0.314189
-0.325523
-0.334598
-0.352496
-0.375286
-0.399422
-0.41377
-0.408621
-0.375939
-0.315517
-0.237409
-0.157937
-0.0907606
-0.0419789
-0.0110171
0.00594397
0.0136307
0.015727
0.0148694
0.0126804
0.0100913
0.00758444
0.00537807
0.00354343
0.00207624
0.000937825
7.7674e-05
-0.000554932
-0.00100561
-0.00131309
-0.00150913
-0.00161977
-0.00166541
-0.00166268
-0.00162469
-0.00156171
-0.0014816
-0.00139019
-0.00129179
-0.00118948
-0.00108558
-0.000981855
-0.000879717
-0.000780312
-0.000684533
-0.000593037
-0.000506292
-0.000424667
-0.000348548
-0.000278433
-0.000214955
-0.000158794
-0.00011049
-7.02127e-05
-3.75902e-05
-1.16891e-05
8.82196e-06
2.53616e-05
3.90551e-05
5.03805e-05
5.89489e-05
6.35712e-05
6.27454e-05
5.55442e-05
4.25782e-05
2.64522e-05
1.1156e-05
4.70293e-07
-3.86948e-06
-2.94844e-06
3.20717e-07
3.0981e-06
4.05405e-06
3.48587e-06
2.3813e-06
1.47319e-06
9.45132e-07
6.64512e-07
4.79904e-07
3.3154e-07
2.16508e-07
1.35921e-07
8.13453e-08
4.28904e-08
1.47939e-08
-5.59056e-09
-1.99811e-08
-2.99265e-08
-3.66895e-08
-4.11704e-08
-4.40015e-08
-4.56361e-08
-4.64155e-08
-4.6578e-08
-4.63085e-08
-4.57263e-08
-4.49357e-08
-4.39923e-08
-4.29592e-08
-4.18563e-08
-4.07262e-08
-3.95685e-08
-3.84163e-08
-3.72567e-08
-3.61197e-08
-3.4984e-08
-3.38795e-08
-3.27791e-08
-3.1714e-08
-3.06527e-08
-2.96287e-08
-2.86068e-08
-2.76227e-08
-2.66381e-08
-2.56917e-08
-2.47415e-08
-2.383e-08
-2.29116e-08
-2.20313e-08
-2.11419e-08
-2.02899e-08
-1.94261e-08
-1.85998e-08
-1.7759e-08
-1.69555e-08
-1.61351e-08
-1.53518e-08
-1.45495e-08
-1.37841e-08
-1.29975e-08
-1.22478e-08
-1.14749e-08
-1.07389e-08
-9.97778e-09
-9.25388e-09
-8.50226e-09
-7.78958e-09
-7.04449e-09
-6.34429e-09
-5.59901e-09
-4.91903e-09
-4.15464e-09
-3.52458e-09
-2.68295e-09
-2.20795e-09
-1.09378e-09
-1.12374e-09
9.17536e-10
0.11126
0.113659
0.121731
0.134652
0.155067
0.186748
0.235567
0.303204
0.414238
-0.31471
-0.318221
-0.326843
-0.335556
-0.353957
-0.378045
-0.403689
-0.419557
-0.415431
-0.382916
-0.322204
-0.243286
-0.162788
-0.094691
-0.0452872
-0.0139021
0.00346857
0.0115323
0.0139852
0.0134477
0.0115361
0.0091795
0.00686345
0.00481088
0.00309841
0.00172723
0.000663475
-0.000139225
-0.000728068
-0.00114568
-0.00142827
-0.00160559
-0.00170184
-0.00173635
-0.00172477
-0.00167957
-0.00161057
-0.00152534
-0.00142954
-0.00132731
-0.00122168
-0.00111486
-0.00100859
-0.000904258
-0.000802985
-0.000705635
-0.000612822
-0.000524953
-0.000442321
-0.000365235
-0.000294127
-0.000229602
-0.000172352
-0.00012297
-8.16971e-05
-4.82333e-05
-2.16875e-05
-7.28799e-07
1.6105e-05
3.00233e-05
4.1614e-05
5.05995e-05
5.58738e-05
5.59601e-05
4.98817e-05
3.81311e-05
2.31547e-05
8.79647e-06
-1.24325e-06
-5.20612e-06
-4.0693e-06
-6.33162e-07
2.32918e-06
3.49293e-06
3.121e-06
2.16732e-06
1.35495e-06
8.79066e-07
6.25038e-07
4.55109e-07
3.15847e-07
2.06485e-07
1.29276e-07
7.67549e-08
3.96601e-08
1.25155e-08
-7.19891e-09
-2.11242e-08
-3.07465e-08
-3.72819e-08
-4.16003e-08
-4.43144e-08
-4.58646e-08
-4.65828e-08
-4.67009e-08
-4.63992e-08
-4.57937e-08
-4.49862e-08
-4.40306e-08
-4.29887e-08
-4.18794e-08
-4.07447e-08
-3.95836e-08
-3.8429e-08
-3.72677e-08
-3.61293e-08
-3.49928e-08
-3.38875e-08
-3.27865e-08
-3.1721e-08
-3.06594e-08
-2.96351e-08
-2.86129e-08
-2.76287e-08
-2.66439e-08
-2.56972e-08
-2.47469e-08
-2.38354e-08
-2.29168e-08
-2.20362e-08
-2.11464e-08
-2.02944e-08
-1.94305e-08
-1.8604e-08
-1.77631e-08
-1.69594e-08
-1.61388e-08
-1.53554e-08
-1.45529e-08
-1.37873e-08
-1.30006e-08
-1.22507e-08
-1.14777e-08
-1.07416e-08
-9.98026e-09
-9.25618e-09
-8.50442e-09
-7.79156e-09
-7.04633e-09
-6.34593e-09
-5.60052e-09
-4.92032e-09
-4.15574e-09
-3.52553e-09
-2.68393e-09
-2.20844e-09
-1.09456e-09
-1.1237e-09
9.16857e-10
0.109268
0.111413
0.118628
0.129881
0.147189
0.171807
0.20766
0.251343
0.264943
-0.24718
-0.32231
-0.321949
-0.326422
-0.334083
-0.353099
-0.378068
-0.404941
-0.421719
-0.418393
-0.386938
-0.326964
-0.248592
-0.168715
-0.101243
-0.0521309
-0.0205553
-0.00258775
0.00629142
0.00963014
0.00993005
0.00875066
0.00700147
0.0051725
0.00350195
0.0020851
0.00094079
5.036e-05
-0.00062019
-0.00110831
-0.00144909
-0.00167295
-0.00180522
-0.00186666
-0.00187408
-0.00184115
-0.00177893
-0.0016962
-0.00159978
-0.0014948
-0.00138502
-0.00127314
-0.00116116
-0.0010506
-0.0009427
-0.000838452
-0.000738618
-0.000643719
-0.000554072
-0.00046987
-0.000391314
-0.000318737
-0.000252665
-0.000193756
-0.000142625
-9.95924e-05
-6.44647e-05
-3.6467e-05
-1.43588e-05
3.28725e-06
1.77249e-05
2.96761e-05
3.90677e-05
4.5011e-05
4.61827e-05
4.16271e-05
3.16964e-05
1.85615e-05
5.75451e-06
-3.25726e-06
-6.73173e-06
-5.44155e-06
-1.93064e-06
1.18595e-06
2.61238e-06
2.53719e-06
1.82746e-06
1.17024e-06
7.75712e-07
5.61555e-07
4.13435e-07
2.88462e-07
1.8849e-07
1.17043e-07
6.80917e-08
3.34432e-08
8.07426e-09
-1.03608e-08
-2.33865e-08
-3.23782e-08
-3.84653e-08
-4.24611e-08
-4.49419e-08
-4.63229e-08
-4.69181e-08
-4.69467e-08
-4.65799e-08
-4.59269e-08
-4.50849e-08
-4.41042e-08
-4.3044e-08
-4.19215e-08
-4.07771e-08
-3.9609e-08
-3.84493e-08
-3.72842e-08
-3.61431e-08
-3.50045e-08
-3.38977e-08
-3.27957e-08
-3.17293e-08
-3.06672e-08
-2.96423e-08
-2.86197e-08
-2.76351e-08
-2.665e-08
-2.57033e-08
-2.47516e-08
-2.38403e-08
-2.29218e-08
-2.20413e-08
-2.11514e-08
-2.02992e-08
-1.94351e-08
-1.86084e-08
-1.77673e-08
-1.69634e-08
-1.61427e-08
-1.53591e-08
-1.45564e-08
-1.37907e-08
-1.30038e-08
-1.22538e-08
-1.14806e-08
-1.07443e-08
-9.98287e-09
-9.25859e-09
-8.50671e-09
-7.79365e-09
-7.0483e-09
-6.34768e-09
-5.60218e-09
-4.92168e-09
-4.15713e-09
-3.52644e-09
-2.68503e-09
-2.20874e-09
-1.09563e-09
-1.1233e-09
9.15586e-10
0.10641
0.108225
0.114272
0.123495
0.136696
0.154662
0.173242
0.189396
0.151226
-0.166256
-0.4093
-0.30972
-0.318888
-0.326468
-0.33575
-0.354627
-0.378796
-0.40409
-0.419698
-0.41575
-0.38417
-0.325461
-0.249856
-0.173429
-0.108892
-0.0614587
-0.0302364
-0.0116193
-0.0015757
0.00309223
0.00466073
0.00458686
0.00374996
0.00264907
0.00154783
0.000570791
-0.000235935
-0.000867825
-0.00134026
-0.00167624
-0.0018998
-0.00203307
-0.0020951
-0.00210191
-0.0020667
-0.00200038
-0.00191184
-0.00180824
-0.00169515
-0.00157679
-0.00145622
-0.00133562
-0.00121659
-0.00110032
-0.000987774
-0.000879728
-0.000776769
-0.000679286
-0.000587492
-0.000501487
-0.000421372
-0.000347358
-0.000279832
-0.00021932
-0.000166338
-0.000121175
-8.37093e-05
-5.33314e-05
-2.90395e-05
-9.64715e-06
5.95565e-06
1.85278e-05
2.82301e-05
3.45384e-05
3.64881e-05
3.33217e-05
2.53257e-05
1.43377e-05
3.42043e-06
-4.3567e-06
-7.36652e-06
-6.15036e-06
-2.85834e-06
1.79167e-07
1.74748e-06
1.93709e-06
1.47655e-06
9.81062e-07
6.67251e-07
4.90015e-07
3.62827e-07
2.53399e-07
1.64648e-07
1.00416e-07
5.60625e-08
2.46522e-08
1.70864e-09
-1.49374e-08
-2.6685e-08
-3.477e-08
-4.0206e-08
-4.37299e-08
-4.58678e-08
-4.69995e-08
-4.74132e-08
-4.73094e-08
-4.68461e-08
-4.61228e-08
-4.52296e-08
-4.42116e-08
-4.31241e-08
-4.19818e-08
-4.0823e-08
-3.96443e-08
-3.84769e-08
-3.73062e-08
-3.6161e-08
-3.50194e-08
-3.39104e-08
-3.28067e-08
-3.17391e-08
-3.0676e-08
-2.96504e-08
-2.86273e-08
-2.76421e-08
-2.66567e-08
-2.57096e-08
-2.47602e-08
-2.38461e-08
-2.29276e-08
-2.20466e-08
-2.11566e-08
-2.03041e-08
-1.94398e-08
-1.86129e-08
-1.77717e-08
-1.69676e-08
-1.61467e-08
-1.53629e-08
-1.45601e-08
-1.37941e-08
-1.30072e-08
-1.22569e-08
-1.14836e-08
-1.07471e-08
-9.98551e-09
-9.26102e-09
-8.50902e-09
-7.79572e-09
-7.05027e-09
-6.34937e-09
-5.60381e-09
-4.92295e-09
-4.15847e-09
-3.5272e-09
-2.68626e-09
-2.20882e-09
-1.09705e-09
-1.12248e-09
9.13592e-10
0.102826
0.104254
0.108989
0.115891
0.125056
0.135704
0.142316
0.134804
0.0629679
-0.133577
-0.304796
-0.292945
-0.308156
-0.317934
-0.330516
-0.349648
-0.3732
-0.396981
-0.410246
-0.403872
-0.371845
-0.315709
-0.245539
-0.175479
-0.11614
-0.0716939
-0.0413604
-0.0221875
-0.010857
-0.00466006
-0.00161232
-0.000388319
-0.000148396
-0.000385319
-0.000807543
-0.00125748
-0.00165779
-0.00197719
-0.00220933
-0.00236017
-0.00244071
-0.00246318
-0.0024392
-0.00237909
-0.00229173
-0.00218465
-0.00206414
-0.00193529
-0.00180213
-0.00166772
-0.00153424
-0.00140327
-0.00127589
-0.00115292
-0.00103499
-0.000922603
-0.000816125
-0.000715787
-0.000621694
-0.000533869
-0.000452333
-0.000377186
-0.000308643
-0.000247007
-0.000192554
-0.00014539
-0.000105338
-7.19338e-05
-4.45113e-05
-2.23238e-05
-4.64791e-06
9.11754e-06
1.93012e-05
2.58198e-05
2.8236e-05
2.61706e-05
1.99602e-05
1.11239e-05
2.17629e-06
-4.31775e-06
-6.93167e-06
-5.99613e-06
-3.20587e-06
-5.01377e-07
1.03859e-06
1.40526e-06
1.15684e-06
8.06513e-07
5.62923e-07
4.15593e-07
3.06664e-07
2.12629e-07
1.36017e-07
8.00326e-08
4.11194e-08
1.36082e-08
-6.36548e-09
-2.07867e-08
-3.09239e-08
-3.78545e-08
-4.2456e-08
-4.5372e-08
-4.7067e-08
-4.7876e-08
-4.80546e-08
-4.77792e-08
-4.71907e-08
-4.63761e-08
-4.54163e-08
-4.43497e-08
-4.32269e-08
-4.20587e-08
-4.0881e-08
-3.96886e-08
-3.85112e-08
-3.73332e-08
-3.61825e-08
-3.5037e-08
-3.3925e-08
-3.28193e-08
-3.175e-08
-3.06857e-08
-2.96592e-08
-2.86354e-08
-2.76497e-08
-2.66639e-08
-2.57158e-08
-2.47654e-08
-2.38523e-08
-2.29334e-08
-2.20521e-08
-2.11618e-08
-2.03091e-08
-1.94447e-08
-1.86176e-08
-1.77762e-08
-1.69718e-08
-1.61509e-08
-1.53668e-08
-1.45639e-08
-1.37977e-08
-1.30106e-08
-1.22601e-08
-1.14867e-08
-1.07499e-08
-9.98826e-09
-9.26352e-09
-8.51142e-09
-7.79786e-09
-7.05232e-09
-6.35112e-09
-5.60554e-09
-4.92424e-09
-4.15994e-09
-3.52788e-09
-2.68766e-09
-2.20864e-09
-1.0989e-09
-1.1211e-09
9.10675e-10
0.0986723
0.099699
0.103063
0.107696
0.113057
0.117839
0.115958
0.0988397
0.0345755
-0.124144
-0.23858
-0.248607
-0.278466
-0.300009
-0.318523
-0.339391
-0.361134
-0.380016
-0.388078
-0.378927
-0.348092
-0.297586
-0.236034
-0.174695
-0.121917
-0.0811472
-0.0520558
-0.032534
-0.0200506
-0.0124175
-0.00795088
-0.00546371
-0.00416214
-0.00353692
-0.00327361
-0.00318543
-0.00316645
-0.00316033
-0.00313996
-0.00309474
-0.00302277
-0.00292635
-0.00280953
-0.00267686
-0.00253273
-0.00238118
-0.00222574
-0.00206936
-0.00191438
-0.00176257
-0.00161518
-0.00147304
-0.00133672
-0.0012066
-0.00108296
-0.000965992
-0.000855837
-0.000752547
-0.000656112
-0.000566486
-0.000483635
-0.000407572
-0.000338356
-0.000276041
-0.000220594
-0.000171823
-0.000129375
-9.28358e-05
-6.18563e-05
-3.6219e-05
-1.57359e-05
-1.18462e-07
1.10095e-05
1.79617e-05
2.08691e-05
1.98171e-05
1.52793e-05
8.51382e-06
1.50382e-06
-3.70853e-06
-5.92798e-06
-5.31431e-06
-3.13131e-06
-8.91138e-07
4.99046e-07
9.54931e-07
8.68131e-07
6.39578e-07
4.56959e-07
3.36123e-07
2.44628e-07
1.66343e-07
1.02791e-07
5.60945e-08
2.35067e-08
5.57211e-10
-1.59503e-08
-2.77661e-08
-3.60009e-08
-4.15569e-08
-4.51599e-08
-4.7347e-08
-4.851e-08
-4.89311e-08
-4.88266e-08
-4.83447e-08
-4.76054e-08
-4.66808e-08
-4.56407e-08
-4.45156e-08
-4.335e-08
-4.21506e-08
-4.09501e-08
-3.97411e-08
-3.85515e-08
-3.73646e-08
-3.62074e-08
-3.50572e-08
-3.39416e-08
-3.28333e-08
-3.1762e-08
-3.06963e-08
-2.96687e-08
-2.8644e-08
-2.76575e-08
-2.66712e-08
-2.57229e-08
-2.47719e-08
-2.38585e-08
-2.29393e-08
-2.20578e-08
-2.11674e-08
-2.03143e-08
-1.94498e-08
-1.86223e-08
-1.77808e-08
-1.69762e-08
-1.61551e-08
-1.53708e-08
-1.45678e-08
-1.38013e-08
-1.30141e-08
-1.22633e-08
-1.14899e-08
-1.07528e-08
-9.99104e-09
-9.26602e-09
-8.51384e-09
-7.79997e-09
-7.05438e-09
-6.35281e-09
-5.60725e-09
-4.92542e-09
-4.16142e-09
-3.52838e-09
-2.68923e-09
-2.20809e-09
-1.10127e-09
-1.11897e-09
9.06527e-10
0.0941131
0.0947416
0.0967766
0.0992455
0.101307
0.101084
0.0934495
0.0697672
0.0138237
-0.101443
-0.198069
-0.226164
-0.257791
-0.280237
-0.299149
-0.318839
-0.337739
-0.352869
-0.358287
-0.348585
-0.320999
-0.277623
-0.22528
-0.17261
-0.126182
-0.0890322
-0.0613286
-0.0417305
-0.028393
-0.0195896
-0.0139111
-0.0103088
-0.00804488
-0.00662042
-0.00570937
-0.00510441
-0.00467724
-0.00435059
-0.00407931
-0.00383788
-0.00361244
-0.00339593
-0.00318507
-0.0029787
-0.00277681
-0.00257993
-0.00238884
-0.00220433
-0.00202706
-0.00185749
-0.0016959
-0.00154239
-0.00139697
-0.00125958
-0.00113013
-0.00100854
-0.000894688
-0.000788452
-0.000689699
-0.000598311
-0.000514205
-0.000437326
-0.000367601
-0.000304862
-0.00024877
-0.00019881
-0.000154388
-0.000115055
-8.07004e-05
-5.15629e-05
-2.79928e-05
-1.01014e-05
2.42742e-06
1.02024e-05
1.38424e-05
1.387e-05
1.09267e-05
6.08241e-06
8.74247e-07
-3.11851e-06
-4.91751e-06
-4.55236e-06
-2.92097e-06
-1.14089e-06
5.90631e-08
5.50611e-07
5.86244e-07
4.62373e-07
3.38484e-07
2.47056e-07
1.75393e-07
1.14449e-07
6.51635e-08
2.88522e-08
3.49759e-09
-1.42322e-08
-2.68205e-08
-3.57034e-08
-4.17876e-08
-4.57811e-08
-4.82462e-08
-4.9602e-08
-5.0158e-08
-5.01362e-08
-4.97085e-08
-4.89907e-08
-4.80791e-08
-4.70287e-08
-4.58968e-08
-4.47046e-08
-4.34901e-08
-4.2255e-08
-4.10285e-08
-3.98004e-08
-3.85968e-08
-3.73998e-08
-3.62351e-08
-3.50794e-08
-3.39598e-08
-3.28485e-08
-3.1775e-08
-3.07077e-08
-2.96787e-08
-2.86532e-08
-2.76659e-08
-2.66785e-08
-2.57301e-08
-2.47788e-08
-2.38649e-08
-2.29455e-08
-2.20636e-08
-2.1173e-08
-2.03196e-08
-1.9455e-08
-1.86272e-08
-1.77856e-08
-1.69807e-08
-1.61595e-08
-1.53748e-08
-1.45717e-08
-1.3805e-08
-1.30177e-08
-1.22666e-08
-1.14931e-08
-1.07557e-08
-9.99392e-09
-9.26857e-09
-8.51635e-09
-7.80213e-09
-7.05653e-09
-6.35453e-09
-5.60906e-09
-4.92659e-09
-4.16302e-09
-3.52873e-09
-2.69103e-09
-2.2071e-09
-1.10432e-09
-1.11584e-09
9.00701e-10
0.0893075
0.0895655
0.0903606
0.0909064
0.0901695
0.0861531
0.0746068
0.0483395
-0.00123617
-0.0912224
-0.171438
-0.204192
-0.236461
-0.261368
-0.281809
-0.300882
-0.317391
-0.32922
-0.331988
-0.32189
-0.297311
-0.260122
-0.215543
-0.170145
-0.129144
-0.0952469
-0.0689729
-0.0495511
-0.0356684
-0.0259805
-0.0193217
-0.0147784
-0.0116765
-0.00953871
-0.00803779
-0.00695425
-0.00614367
-0.00551237
-0.00500025
-0.00456894
-0.00419404
-0.00385992
-0.00355654
-0.00327741
-0.00301828
-0.00277636
-0.00254978
-0.00233723
-0.00213774
-0.0019505
-0.00177482
-0.00161006
-0.00145564
-0.00131107
-0.0011759
-0.00104974
-0.000932251
-0.000823122
-0.000722093
-0.000628968
-0.000543606
-0.00046589
-0.000395638
-0.000332501
-0.000275888
-0.000224995
-0.000179001
-0.000137372
-0.000100125
-6.78734e-05
-4.14094e-05
-2.1158e-05
-6.92311e-06
2.04753e-06
6.72573e-06
7.9771e-06
6.59236e-06
3.51523e-06
-5.58716e-08
-2.90641e-06
-4.24038e-06
-3.99322e-06
-2.76669e-06
-1.35781e-06
-3.30267e-07
1.73168e-07
3.03101e-07
2.70311e-07
2.04923e-07
1.4753e-07
9.93036e-08
5.76612e-08
2.38063e-08
-1.17017e-09
-1.85024e-08
-3.04388e-08
-3.87257e-08
-4.441e-08
-4.81449e-08
-5.0425e-08
-5.164e-08
-5.20824e-08
-5.19712e-08
-5.14623e-08
-5.06791e-08
-4.97016e-08
-4.86005e-08
-4.74116e-08
-4.61786e-08
-4.49126e-08
-4.36442e-08
-4.23697e-08
-4.11144e-08
-3.98654e-08
-3.86463e-08
-3.74381e-08
-3.62652e-08
-3.51034e-08
-3.39793e-08
-3.28648e-08
-3.17887e-08
-3.07197e-08
-2.96892e-08
-2.86627e-08
-2.76748e-08
-2.66874e-08
-2.57375e-08
-2.47857e-08
-2.38715e-08
-2.29518e-08
-2.20695e-08
-2.11788e-08
-2.0325e-08
-1.94602e-08
-1.86321e-08
-1.77904e-08
-1.69852e-08
-1.61639e-08
-1.53789e-08
-1.45758e-08
-1.38087e-08
-1.30214e-08
-1.22699e-08
-1.14964e-08
-1.07586e-08
-9.99681e-09
-9.27109e-09
-8.51886e-09
-7.80424e-09
-7.05867e-09
-6.35617e-09
-5.61087e-09
-4.92763e-09
-4.16466e-09
-3.52883e-09
-2.69307e-09
-2.20551e-09
-1.10822e-09
-1.1113e-09
8.92572e-10
0.0844039
0.0843267
0.0840097
0.0828834
0.0798571
0.0729495
0.0588366
0.0317113
-0.0126976
-0.0842394
-0.151155
-0.187161
-0.220158
-0.245817
-0.266299
-0.284176
-0.298591
-0.307931
-0.309119
-0.299353
-0.277612
-0.245513
-0.207139
-0.167603
-0.131121
-0.100092
-0.0752332
-0.0561669
-0.0419827
-0.0316475
-0.0242078
-0.0188779
-0.0150514
-0.0122808
-0.0102456
-0.00872118
-0.00755249
-0.00663345
-0.00589179
-0.00527827
-0.00475915
-0.00431113
-0.00391789
-0.00356793
-0.00325299
-0.00296709
-0.00270582
-0.00246585
-0.00224463
-0.00204013
-0.00185069
-0.00167495
-0.00151177
-0.0013602
-0.00121945
-0.00108884
-0.00096781
-0.000855866
-0.000752624
-0.000657792
-0.000571165
-0.000492556
-0.000421689
-0.000358071
-0.000300915
-0.000249201
-0.000201921
-0.000158463
-0.000118948
-8.41574e-05
-5.51631e-05
-3.27199e-05
-1.67365e-05
-6.35858e-06
-4.23084e-07
2.15453e-06
2.27244e-06
7.91113e-07
-1.33022e-06
-3.14171e-06
-3.98613e-06
-3.73226e-06
-2.75399e-06
-1.60343e-06
-7.03484e-07
-1.91256e-07
1.59777e-08
6.44895e-08
5.78075e-08
3.87466e-08
1.76521e-08
-2.83748e-09
-2.02847e-08
-3.32089e-08
-4.19321e-08
-4.76485e-08
-5.13555e-08
-5.36538e-08
-5.49012e-08
-5.53629e-08
-5.52495e-08
-5.47208e-08
-5.39001e-08
-5.28732e-08
-5.17118e-08
-5.04582e-08
-4.91553e-08
-4.78192e-08
-4.64785e-08
-4.51339e-08
-4.3808e-08
-4.24917e-08
-4.12057e-08
-3.99343e-08
-3.86988e-08
-3.74787e-08
-3.62969e-08
-3.51287e-08
-3.39998e-08
-3.28818e-08
-3.18031e-08
-3.07322e-08
-2.97001e-08
-2.86725e-08
-2.76834e-08
-2.66955e-08
-2.57451e-08
-2.4793e-08
-2.38782e-08
-2.29583e-08
-2.20755e-08
-2.11847e-08
-2.03305e-08
-1.94656e-08
-1.86371e-08
-1.77954e-08
-1.69897e-08
-1.61685e-08
-1.53831e-08
-1.45799e-08
-1.38124e-08
-1.30251e-08
-1.22733e-08
-1.14997e-08
-1.07616e-08
-9.9998e-09
-9.27365e-09
-8.52147e-09
-7.80637e-09
-7.0609e-09
-6.35782e-09
-5.61276e-09
-4.92862e-09
-4.16643e-09
-3.52871e-09
-2.69545e-09
-2.20321e-09
-1.11323e-09
-1.10487e-09
8.81234e-10
0.0795356
0.0791661
0.0778785
0.07535
0.0704908
0.0614825
0.0457599
0.0188583
-0.0212099
-0.0798345
-0.136929
-0.173247
-0.205505
-0.231352
-0.252098
-0.269443
-0.282642
-0.290412
-0.290506
-0.281039
-0.261513
-0.233383
-0.199901
-0.16509
-0.132373
-0.103856
-0.0803478
-0.0617418
-0.0474304
-0.0366321
-0.0285761
-0.0225939
-0.0181467
-0.0148208
-0.0123077
-0.010383
-0.00888502
-0.00769866
-0.00674196
-0.00595655
-0.00530063
-0.00474407
-0.0042649
-0.003847
-0.00347839
-0.00315011
-0.00285535
-0.00258891
-0.0023467
-0.00212554
-0.00192284
-0.00173654
-0.00156493
-0.00140664
-0.00126052
-0.00112564
-0.0010012
-0.000886544
-0.000781157
-0.000684651
-0.000596742
-0.000517168
-0.000445567
-0.00038133
-0.000323532
-0.000271005
-0.000222622
-0.000177727
-0.000136436
-9.96593e-05
-6.86566e-05
-4.43137e-05
-2.665e-05
-1.48104e-05
-7.51617e-06
-3.56969e-06
-2.0189e-06
-2.06278e-06
-2.9049e-06
-3.77743e-06
-4.12072e-06
-3.75611e-06
-2.88994e-06
-1.89144e-06
-1.06879e-06
-5.41505e-07
-2.67796e-07
-1.46665e-07
-9.63554e-08
-7.51415e-08
-6.70028e-08
-6.52775e-08
-6.58546e-08
-6.63879e-08
-6.61907e-08
-6.54443e-08
-6.44098e-08
-6.32139e-08
-6.18942e-08
-6.0476e-08
-5.89878e-08
-5.7454e-08
-5.58989e-08
-5.43356e-08
-5.27825e-08
-5.12427e-08
-4.97307e-08
-4.82418e-08
-4.67896e-08
-4.53635e-08
-4.3978e-08
-4.26182e-08
-4.13003e-08
-4.00057e-08
-3.87532e-08
-3.75207e-08
-3.63296e-08
-3.51549e-08
-3.40209e-08
-3.28994e-08
-3.18177e-08
-3.07449e-08
-2.97111e-08
-2.86826e-08
-2.76921e-08
-2.67036e-08
-2.57528e-08
-2.48003e-08
-2.38849e-08
-2.29649e-08
-2.20815e-08
-2.11906e-08
-2.0336e-08
-1.94711e-08
-1.86421e-08
-1.78004e-08
-1.69942e-08
-1.6173e-08
-1.53872e-08
-1.45841e-08
-1.38161e-08
-1.30289e-08
-1.22766e-08
-1.15031e-08
-1.07645e-08
-1.00028e-08
-9.27613e-09
-8.52407e-09
-7.80843e-09
-7.06312e-09
-6.35937e-09
-5.61467e-09
-4.92946e-09
-4.16827e-09
-3.52825e-09
-2.69815e-09
-2.19996e-09
-1.11957e-09
-1.09578e-09
8.65483e-10
0.0748183
0.0741996
0.0720861
0.0684042
0.0621095
0.0515971
0.0349265
0.00875945
-0.0276801
-0.0770593
-0.126377
-0.161867
-0.193279
-0.218956
-0.239529
-0.256142
-0.26822
-0.27477
-0.274236
-0.265336
-0.247851
-0.223054
-0.193576
-0.162646
-0.133092
-0.106769
-0.0845213
-0.0664291
-0.0521133
-0.0409949
-0.0324578
-0.0259386
-0.0209635
-0.0171536
-0.0142163
-0.0119308
-0.0101325
-0.0086999
-0.00754349
-0.00659742
-0.00581302
-0.00515411
-0.00459369
-0.0041114
-0.00369186
-0.0033233
-0.00299669
-0.00270504
-0.00244286
-0.00220584
-0.00199053
-0.00179418
-0.00161457
-0.00144989
-0.00129868
-0.00115974
-0.00103205
-0.000914807
-0.000807366
-0.000709236
-0.000620046
-0.000539455
-0.000467015
-0.000402029
-0.000343476
-0.000290103
-0.000240726
-0.000194653
-0.000152016
-0.000113771
-8.12332e-05
-5.53601e-05
-3.62155e-05
-2.29677e-05
-1.43268e-05
-9.04597e-06
-6.16478e-06
-4.93016e-06
-4.65477e-06
-4.69136e-06
-4.54476e-06
-4.00183e-06
-3.14812e-06
-2.21804e-06
-1.42889e-06
-8.77255e-07
-5.43502e-07
-3.56839e-07
-2.52226e-07
-1.90476e-07
-1.52324e-07
-1.27998e-07
-1.11645e-07
-9.97656e-08
-9.05914e-08
-8.33313e-08
-7.75284e-08
-7.28258e-08
-6.89298e-08
-6.56228e-08
-6.27518e-08
-6.02064e-08
-5.7912e-08
-5.58087e-08
-5.38612e-08
-5.20332e-08
-5.03107e-08
-4.8668e-08
-4.71033e-08
-4.55951e-08
-4.41495e-08
-4.27459e-08
-4.13959e-08
-4.0078e-08
-3.88082e-08
-3.75632e-08
-3.63628e-08
-3.51814e-08
-3.40422e-08
-3.29172e-08
-3.18327e-08
-3.07579e-08
-2.97224e-08
-2.86927e-08
-2.77011e-08
-2.67121e-08
-2.57605e-08
-2.48077e-08
-2.38917e-08
-2.29716e-08
-2.20877e-08
-2.11967e-08
-2.03415e-08
-1.94767e-08
-1.86472e-08
-1.78055e-08
-1.69988e-08
-1.61777e-08
-1.53913e-08
-1.45884e-08
-1.38198e-08
-1.30328e-08
-1.22799e-08
-1.15066e-08
-1.07674e-08
-1.00059e-08
-9.27864e-09
-8.52677e-09
-7.8105e-09
-7.06544e-09
-6.36092e-09
-5.61667e-09
-4.93024e-09
-4.17026e-09
-3.52751e-09
-2.70128e-09
-2.19563e-09
-1.12759e-09
-1.08317e-09
8.43639e-10
0.0703507
0.069525
0.0667233
0.0621146
0.0547174
0.0431629
0.0259978
0.000792587
-0.0326067
-0.0752449
-0.118593
-0.152686
-0.182912
-0.208045
-0.228309
-0.244377
-0.255729
-0.261562
-0.260736
-0.252401
-0.236578
-0.214435
-0.188155
-0.160375
-0.13345
-0.109015
-0.0879108
-0.0703433
-0.0561032
-0.0447726
-0.0358647
-0.0289081
-0.0234887
-0.0192622
-0.0159536
-0.0133479
-0.0112802
-0.00962458
-0.00828605
-0.00719259
-0.00628973
-0.00553611
-0.00490024
-0.00435802
-0.00389095
-0.00348476
-0.00312835
-0.0028131
-0.00253221
-0.00228034
-0.00205323
-0.00184748
-0.00166039
-0.00148974
-0.00133376
-0.00119101
-0.00106027
-0.000940602
-0.000831217
-0.000731529
-0.000641077
-0.000559434
-0.000486075
-0.000420231
-0.000360824
-0.000306565
-0.00025626
-0.000209213
-0.00016556
-0.000126255
-9.25979e-05
-6.55363e-05
-4.51497e-05
-3.0634e-05
-2.07286e-05
-1.41987e-05
-1.01049e-05
-7.73883e-06
-6.48747e-06
-5.78154e-06
-5.16669e-06
-4.40421e-06
-3.49313e-06
-2.56918e-06
-1.77854e-06
-1.19349e-06
-8.04083e-07
-5.58438e-07
-4.03531e-07
-3.02913e-07
-2.35504e-07
-1.89181e-07
-1.56418e-07
-1.32488e-07
-1.14548e-07
-1.00901e-07
-9.04181e-08
-8.22735e-08
-7.58477e-08
-7.06847e-08
-6.64545e-08
-6.29148e-08
-5.98936e-08
-5.72592e-08
-5.49236e-08
-5.28121e-08
-5.08823e-08
-4.90881e-08
-4.74125e-08
-4.58235e-08
-4.43187e-08
-4.2872e-08
-4.14902e-08
-4.01493e-08
-3.88625e-08
-3.76052e-08
-3.63956e-08
-3.52077e-08
-3.40634e-08
-3.29349e-08
-3.18474e-08
-3.07709e-08
-2.97336e-08
-2.87027e-08
-2.77101e-08
-2.67206e-08
-2.57681e-08
-2.48152e-08
-2.38984e-08
-2.29783e-08
-2.20937e-08
-2.12028e-08
-2.0347e-08
-1.94822e-08
-1.86521e-08
-1.78106e-08
-1.70033e-08
-1.61824e-08
-1.53953e-08
-1.45926e-08
-1.38234e-08
-1.30366e-08
-1.22831e-08
-1.15101e-08
-1.07702e-08
-1.00089e-08
-9.28102e-09
-8.52944e-09
-7.81243e-09
-7.06774e-09
-6.36232e-09
-5.61867e-09
-4.93082e-09
-4.1723e-09
-3.52635e-09
-2.7048e-09
-2.18995e-09
-1.13752e-09
-1.06577e-09
8.13618e-10
0.0662147
0.06522
0.0618565
0.0565157
0.0482872
0.0360295
0.018666
-0.00552983
-0.0364002
-0.0740635
-0.112765
-0.145245
-0.174265
-0.198764
-0.218625
-0.234148
-0.244864
-0.25013
-0.24915
-0.241396
-0.227031
-0.207108
-0.183457
-0.158269
-0.133541
-0.110726
-0.0906447
-0.073588
-0.0594742
-0.0480127
-0.0388234
-0.0315145
-0.025725
-0.021144
-0.0175139
-0.0146276
-0.012321
-0.0104661
-0.00896372
-0.00773688
-0.00672634
-0.00588632
-0.00518143
-0.00458428
-0.00407358
-0.00363279
-0.00324896
-0.00291198
-0.00261387
-0.00234832
-0.00211034
-0.00189595
-0.00170196
-0.00152581
-0.00136545
-0.00121918
-0.00108564
-0.000963716
-0.000852523
-0.000751367
-0.000659696
-0.000576999
-0.000502676
-0.000435902
-0.000375573
-0.000320403
-0.000269222
-0.000221357
-0.000176951
-0.000136918
-0.000102493
-7.45641e-05
-5.31902e-05
-3.75928e-05
-2.656e-05
-1.89096e-05
-1.37409e-05
-1.039e-05
-8.29632e-06
-6.94065e-06
-5.89333e-06
-4.89636e-06
-3.88701e-06
-2.92879e-06
-2.1127e-06
-1.48783e-06
-1.04636e-06
-7.47553e-07
-5.46654e-07
-4.09654e-07
-3.14491e-07
-2.47274e-07
-1.98965e-07
-1.63617e-07
-1.37356e-07
-1.17638e-07
-1.02703e-07
-9.12845e-08
-8.24499e-08
-7.55177e-08
-6.99902e-08
-6.55011e-08
-6.1786e-08
-5.86447e-08
-5.59387e-08
-5.35566e-08
-5.14288e-08
-4.94901e-08
-4.77087e-08
-4.60425e-08
-4.4481e-08
-4.29931e-08
-4.1581e-08
-4.02182e-08
-3.8915e-08
-3.76461e-08
-3.64275e-08
-3.52334e-08
-3.40841e-08
-3.29523e-08
-3.1862e-08
-3.07837e-08
-2.97446e-08
-2.87131e-08
-2.77192e-08
-2.67292e-08
-2.57757e-08
-2.48227e-08
-2.39052e-08
-2.2985e-08
-2.20997e-08
-2.1209e-08
-2.03525e-08
-1.94879e-08
-1.86571e-08
-1.78158e-08
-1.70078e-08
-1.61871e-08
-1.53994e-08
-1.45969e-08
-1.38271e-08
-1.30405e-08
-1.22863e-08
-1.15136e-08
-1.0773e-08
-1.00121e-08
-9.28342e-09
-8.53222e-09
-7.8144e-09
-7.07015e-09
-6.36374e-09
-5.62078e-09
-4.93137e-09
-4.17452e-09
-3.52492e-09
-2.7088e-09
-2.1829e-09
-1.14967e-09
-1.04234e-09
7.72893e-10
0.0624768
0.0613472
0.0575338
0.0516259
0.0427826
0.0300682
0.0126926
-0.0105415
-0.0393273
-0.0732746
-0.108377
-0.139271
-0.167108
-0.190899
-0.210305
-0.225365
-0.235629
-0.240563
-0.239587
-0.232384
-0.219221
-0.201071
-0.179516
-0.156413
-0.133484
-0.112027
-0.0928352
-0.0762512
-0.0622874
-0.0507524
-0.0413525
-0.0337628
-0.0276694
-0.0227909
-0.0188872
-0.015759
-0.0132449
-0.0112156
-0.00956874
-0.0082238
-0.00711754
-0.00620047
-0.00543387
-0.00478749
-0.00423762
-0.00376572
-0.00335723
-0.00300068
-0.00268704
-0.00240917
-0.0021614
-0.00193922
-0.00173902
-0.00155792
-0.0013936
-0.00124417
-0.00110809
-0.000984125
-0.000871283
-0.000768773
-0.000675954
-0.000592232
-0.00051694
-0.000449211
-0.000387935
-0.000331859
-0.000279859
-0.000231308
-0.000186348
-0.000145838
-0.000110918
-8.23837e-05
-6.02523e-05
-4.37629e-05
-3.17609e-05
-2.31338e-05
-1.70314e-05
-1.28343e-05
-1.002e-05
-8.10109e-06
-6.66228e-06
-5.43085e-06
-4.3005e-06
-3.28204e-06
-2.42415e-06
-1.75517e-06
-1.26504e-06
-9.1885e-07
-6.7702e-07
-5.07301e-07
-3.86981e-07
-3.00768e-07
-2.38293e-07
-1.92493e-07
-1.58565e-07
-1.33221e-07
-1.14147e-07
-9.96781e-08
-8.85988e-08
-8.0018e-08
-7.32828e-08
-6.79104e-08
-6.35496e-08
-5.99366e-08
-5.68858e-08
-5.42515e-08
-5.19392e-08
-4.98655e-08
-4.79854e-08
-4.62471e-08
-4.46328e-08
-4.31065e-08
-4.16661e-08
-4.02828e-08
-3.89643e-08
-3.76845e-08
-3.64575e-08
-3.52577e-08
-3.41037e-08
-3.29689e-08
-3.18758e-08
-3.07962e-08
-2.97551e-08
-2.87228e-08
-2.77278e-08
-2.67375e-08
-2.5783e-08
-2.483e-08
-2.39116e-08
-2.29916e-08
-2.21055e-08
-2.12149e-08
-2.03576e-08
-1.94933e-08
-1.86617e-08
-1.78208e-08
-1.7012e-08
-1.61917e-08
-1.54032e-08
-1.46011e-08
-1.38304e-08
-1.30444e-08
-1.22893e-08
-1.1517e-08
-1.07756e-08
-1.00152e-08
-9.28558e-09
-8.5349e-09
-7.81612e-09
-7.07246e-09
-6.36494e-09
-5.62283e-09
-4.93167e-09
-4.17672e-09
-3.52305e-09
-2.7131e-09
-2.17427e-09
-1.16398e-09
-1.01145e-09
7.19055e-10
0.0591903
0.0579552
0.0537888
0.0474496
0.0381605
0.0251619
0.00787967
-0.0144941
-0.0415858
-0.0727453
-0.105067
-0.134511
-0.161273
-0.184387
-0.203351
-0.218
-0.227893
-0.232575
-0.231634
-0.224915
-0.212752
-0.196048
-0.176187
-0.154776
-0.13332
-0.112995
-0.0945642
-0.0784049
-0.0645985
-0.0530301
-0.0434759
-0.0356661
-0.0293269
-0.0242033
-0.0200708
-0.0167383
-0.0140473
-0.0118683
-0.0100969
-0.00864963
-0.00746011
-0.0064758
-0.00565525
-0.00496573
-0.00438151
-0.00388229
-0.00345211
-0.00307835
-0.00275106
-0.00246235
-0.00220596
-0.00197692
-0.00177127
-0.00158581
-0.001418
-0.00126578
-0.00112746
-0.00100169
-0.000887383
-0.000783657
-0.000689787
-0.000605103
-0.000528877
-0.000460211
-0.000398006
-0.000341057
-0.000288306
-0.000239181
-0.000193823
-0.000153029
-0.000117828
-8.89093e-05
-6.62307e-05
-4.90406e-05
-3.62419e-05
-2.67949e-05
-1.99074e-05
-1.50016e-05
-1.15845e-05
-9.18934e-06
-7.40883e-06
-5.95917e-06
-4.70336e-06
-3.6138e-06
-2.70696e-06
-1.99338e-06
-1.4588e-06
-1.07079e-06
-7.9294e-07
-5.9422e-07
-4.51486e-07
-3.48344e-07
-2.73273e-07
-2.18198e-07
-1.77469e-07
-1.47131e-07
-1.24377e-07
-1.07192e-07
-9.4107e-08
-8.40502e-08
-7.62322e-08
-7.00678e-08
-6.51287e-08
-6.10935e-08
-5.77342e-08
-5.48745e-08
-5.23971e-08
-5.02029e-08
-4.82342e-08
-4.64316e-08
-4.47699e-08
-4.32093e-08
-4.17434e-08
-4.03419e-08
-3.90095e-08
-3.77201e-08
-3.64855e-08
-3.52805e-08
-3.41222e-08
-3.29848e-08
-3.1889e-08
-3.0808e-08
-2.97653e-08
-2.87325e-08
-2.77362e-08
-2.67458e-08
-2.57903e-08
-2.48373e-08
-2.3918e-08
-2.29982e-08
-2.21112e-08
-2.12209e-08
-2.03628e-08
-1.94989e-08
-1.86664e-08
-1.78259e-08
-1.70163e-08
-1.61964e-08
-1.5407e-08
-1.46054e-08
-1.38338e-08
-1.30482e-08
-1.22923e-08
-1.15206e-08
-1.07782e-08
-1.00183e-08
-9.28779e-09
-8.53767e-09
-7.81791e-09
-7.07488e-09
-6.3662e-09
-5.62499e-09
-4.93203e-09
-4.17907e-09
-3.52108e-09
-2.71778e-09
-2.16448e-09
-1.18038e-09
-9.72581e-10
6.5056e-10
0.0563968
0.0550812
0.0506444
0.0439847
0.0343798
0.0212144
0.00407498
-0.0175666
-0.0433101
-0.0723854
-0.102586
-0.130785
-0.156614
-0.17911
-0.197663
-0.211967
-0.221585
-0.226119
-0.225265
-0.218972
-0.207616
-0.192047
-0.173506
-0.153418
-0.133128
-0.113714
-0.0959097
-0.080113
-0.0664545
-0.0548774
-0.0452119
-0.0372328
-0.0306991
-0.0253783
-0.0210596
-0.0175594
-0.014722
-0.0124185
-0.0105429
-0.00900977
-0.00775017
-0.00670916
-0.00584298
-0.00511695
-0.0045036
-0.0039812
-0.0035326
-0.00314421
-0.00280531
-0.00250738
-0.00224367
-0.0020088
-0.00179849
-0.00160933
-0.00143856
-0.00128395
-0.00114373
-0.00101642
-0.000900851
-0.000796071
-0.000701278
-0.000615732
-0.000538653
-0.000469123
-0.000406061
-0.000348319
-0.000294909
-0.000245313
-0.000199675
-0.000158725
-0.000123384
-9.42323e-05
-7.1165e-05
-5.34347e-05
-3.9997e-05
-2.98809e-05
-2.23517e-05
-1.68683e-05
-1.29596e-05
-1.01715e-05
-8.10078e-06
-6.45555e-06
-5.07786e-06
-3.91308e-06
-2.954e-06
-2.19683e-06
-1.62237e-06
-1.1986e-06
-8.9054e-07
-6.67643e-07
-5.06242e-07
-3.88976e-07
-3.03339e-07
-2.40413e-07
-1.93865e-07
-1.59213e-07
-1.3326e-07
-1.13707e-07
-9.88759e-08
-8.75376e-08
-7.87827e-08
-7.19345e-08
-6.64965e-08
-6.20969e-08
-5.84707e-08
-5.54157e-08
-5.2795e-08
-5.0496e-08
-4.84505e-08
-4.6592e-08
-4.48892e-08
-4.32989e-08
-4.18109e-08
-4.03936e-08
-3.90492e-08
-3.77514e-08
-3.65101e-08
-3.53008e-08
-3.41386e-08
-3.29989e-08
-3.19008e-08
-3.08184e-08
-2.97743e-08
-2.87412e-08
-2.77437e-08
-2.67533e-08
-2.57967e-08
-2.48439e-08
-2.39237e-08
-2.30041e-08
-2.21163e-08
-2.12264e-08
-2.03674e-08
-1.95039e-08
-1.86705e-08
-1.78305e-08
-1.702e-08
-1.62006e-08
-1.54103e-08
-1.46093e-08
-1.38367e-08
-1.30518e-08
-1.22948e-08
-1.15237e-08
-1.07803e-08
-1.00211e-08
-9.28958e-09
-8.54017e-09
-7.8193e-09
-7.07706e-09
-6.36711e-09
-5.62693e-09
-4.93207e-09
-4.18122e-09
-3.51877e-09
-2.72237e-09
-2.15361e-09
-1.19798e-09
-9.26137e-10
5.68379e-10
0.0541282
0.0527531
0.0481161
0.0412252
0.0314029
0.0181466
0.0011594
-0.0198914
-0.0445971
-0.0721427
-0.100763
-0.127952
-0.153018
-0.174994
-0.193198
-0.207223
-0.21663
-0.221058
-0.220281
-0.214326
-0.203597
-0.188901
-0.171375
-0.152307
-0.132922
-0.114225
-0.0969204
-0.0814215
-0.0678933
-0.056322
-0.0465791
-0.0384739
-0.0317915
-0.0263177
-0.0218529
-0.01822
-0.0152663
-0.0128632
-0.0109041
-0.00930174
-0.00798556
-0.00689866
-0.0059955
-0.00523983
-0.00460281
-0.00406156
-0.00359797
-0.00319768
-0.00284932
-0.00254388
-0.0022742
-0.00203458
-0.00182049
-0.0016283
-0.00145511
-0.00129857
-0.00115678
-0.00102821
-0.000911611
-0.00080596
-0.000710392
-0.000624111
-0.000546294
-0.000476008
-0.000412195
-0.000353764
-0.000299796
-0.000249823
-0.000203992
-0.000162976
-0.000127595
-9.83276e-05
-7.50095e-05
-5.68913e-05
-4.2972e-05
-3.23409e-05
-2.43142e-05
-1.83824e-05
-1.40911e-05
-1.09945e-05
-8.69139e-06
-6.88428e-06
-5.40102e-06
-4.1681e-06
-3.16116e-06
-2.36529e-06
-1.75675e-06
-1.30305e-06
-9.69908e-07
-7.2701e-07
-5.50255e-07
-4.21483e-07
-3.27341e-07
-2.5816e-07
-2.07004e-07
-1.68937e-07
-1.40439e-07
-1.18986e-07
-1.02744e-07
-9.0364e-08
-8.0846e-08
-7.34422e-08
-6.76002e-08
-6.29068e-08
-5.9066e-08
-5.5854e-08
-5.31179e-08
-5.07345e-08
-4.8627e-08
-4.67233e-08
-4.49872e-08
-4.33729e-08
-4.1867e-08
-4.04369e-08
-3.90827e-08
-3.77782e-08
-3.65314e-08
-3.53186e-08
-3.41532e-08
-3.30118e-08
-3.19115e-08
-3.08284e-08
-2.97829e-08
-2.87495e-08
-2.77509e-08
-2.67605e-08
-2.5803e-08
-2.48503e-08
-2.39292e-08
-2.301e-08
-2.21213e-08
-2.12318e-08
-2.03719e-08
-1.95089e-08
-1.86746e-08
-1.78351e-08
-1.70236e-08
-1.62048e-08
-1.54136e-08
-1.46131e-08
-1.38397e-08
-1.30553e-08
-1.22974e-08
-1.15269e-08
-1.07826e-08
-1.0024e-08
-9.29144e-09
-8.54272e-09
-7.8208e-09
-7.07931e-09
-6.36816e-09
-5.62896e-09
-4.93231e-09
-4.18344e-09
-3.51678e-09
-2.72697e-09
-2.1429e-09
-1.21584e-09
-8.75408e-10
4.77708e-10
0.0524079
0.0509911
0.0462132
0.0391637
0.0291985
0.0158976
-0.000955118
-0.0215615
-0.0455121
-0.0719824
-0.0994817
-0.125909
-0.150394
-0.171965
-0.189894
-0.203709
-0.212966
-0.217333
-0.216634
-0.210942
-0.200675
-0.186612
-0.169816
-0.151483
-0.132754
-0.114579
-0.0976457
-0.0823718
-0.0689465
-0.0573859
-0.0475911
-0.0393966
-0.0326067
-0.0270208
-0.0224483
-0.018717
-0.0156765
-0.0131988
-0.011177
-0.0095226
-0.00816377
-0.0070422
-0.00611109
-0.00533298
-0.00467802
-0.00412248
-0.00364752
-0.0032382
-0.00288267
-0.00257153
-0.00229732
-0.00205409
-0.00183713
-0.00164265
-0.00146762
-0.00130961
-0.00116663
-0.0010371
-0.000919714
-0.000813395
-0.000717229
-0.000630376
-0.000551981
-0.000481103
-0.000416704
-0.000357738
-0.000303343
-0.000253091
-0.00020713
-0.000166084
-0.000130694
-0.000101358
-7.78651e-05
-5.9465e-05
-4.51929e-05
-3.41854e-05
-2.57982e-05
-1.95435e-05
-1.49763e-05
-1.16536e-05
-9.17476e-06
-7.23904e-06
-5.66637e-06
-4.37213e-06
-3.32127e-06
-2.49132e-06
-1.85488e-06
-1.37826e-06
-1.02681e-06
-7.69782e-07
-5.8235e-07
-4.45574e-07
-3.45419e-07
-2.71693e-07
-2.17086e-07
-1.76398e-07
-1.45921e-07
-1.2299e-07
-1.05659e-07
-9.24866e-08
-8.23954e-08
-7.45774e-08
-6.84346e-08
-6.35212e-08
-5.95185e-08
-5.61873e-08
-5.33632e-08
-5.09156e-08
-4.87609e-08
-4.68231e-08
-4.50618e-08
-4.34295e-08
-4.19099e-08
-4.04703e-08
-3.91085e-08
-3.7799e-08
-3.65479e-08
-3.53326e-08
-3.41645e-08
-3.30219e-08
-3.19199e-08
-3.08364e-08
-2.97896e-08
-2.87561e-08
-2.77565e-08
-2.67662e-08
-2.58078e-08
-2.48555e-08
-2.39335e-08
-2.30147e-08
-2.21251e-08
-2.12361e-08
-2.03753e-08
-1.95128e-08
-1.86776e-08
-1.78386e-08
-1.70263e-08
-1.62081e-08
-1.54159e-08
-1.46162e-08
-1.38417e-08
-1.3058e-08
-1.22991e-08
-1.15294e-08
-1.0784e-08
-1.00262e-08
-9.29258e-09
-8.54466e-09
-7.82164e-09
-7.08101e-09
-6.36863e-09
-5.63048e-09
-4.93212e-09
-4.18513e-09
-3.51465e-09
-2.73074e-09
-2.13286e-09
-1.23187e-09
-8.25807e-10
3.88781e-10
0.0512525
0.0498092
0.044942
0.0377937
0.0277426
0.0144225
-0.00233165
-0.0226419
-0.0461001
-0.0718855
-0.098666
-0.124585
-0.14868
-0.169976
-0.187717
-0.20139
-0.21055
-0.214879
-0.214231
-0.208711
-0.198746
-0.185095
-0.168776
-0.150923
-0.132625
-0.114797
-0.0981105
-0.0829891
-0.0696357
-0.0580859
-0.0482597
-0.0400082
-0.0331486
-0.0274894
-0.0228458
-0.0190493
-0.0159512
-0.0134239
-0.0113601
-0.00967097
-0.00828355
-0.00713873
-0.00618883
-0.00539564
-0.00472862
-0.00416346
-0.00368085
-0.00326544
-0.00290508
-0.0025901
-0.00231283
-0.00206717
-0.00184827
-0.00165225
-0.00147598
-0.00131697
-0.0011732
-0.00104302
-0.000925093
-0.000818317
-0.000721741
-0.000634492
-0.000555692
-0.000484397
-0.000419584
-0.00036024
-0.000305546
-0.0002551
-0.000209053
-0.000167997
-0.000132616
-0.000103254
-7.9664e-05
-6.10962e-05
-4.66086e-05
-3.53694e-05
-2.67599e-05
-2.03061e-05
-1.55678e-05
-1.2103e-05
-9.51115e-06
-7.49016e-06
-5.85601e-06
-4.51796e-06
-3.43473e-06
-2.57932e-06
-1.92202e-06
-1.42839e-06
-1.06357e-06
-7.96496e-07
-6.01799e-07
-4.59883e-07
-3.56098e-07
-2.79758e-07
-2.23204e-07
-1.81019e-07
-1.49372e-07
-1.25531e-07
-1.07506e-07
-9.38199e-08
-8.33581e-08
-7.52768e-08
-6.89472e-08
-6.38999e-08
-5.97994e-08
-5.63959e-08
-5.3518e-08
-5.10307e-08
-4.88465e-08
-4.68875e-08
-4.51105e-08
-4.3467e-08
-4.19389e-08
-4.04935e-08
-3.91269e-08
-3.78143e-08
-3.65604e-08
-3.53435e-08
-3.41737e-08
-3.30303e-08
-3.19271e-08
-3.08434e-08
-2.97956e-08
-2.87621e-08
-2.77617e-08
-2.67715e-08
-2.58124e-08
-2.48602e-08
-2.39376e-08
-2.3019e-08
-2.21287e-08
-2.12401e-08
-2.03786e-08
-1.95165e-08
-1.86806e-08
-1.7842e-08
-1.70289e-08
-1.62113e-08
-1.54183e-08
-1.4619e-08
-1.38438e-08
-1.30606e-08
-1.23009e-08
-1.15318e-08
-1.07856e-08
-1.00284e-08
-9.29394e-09
-8.54659e-09
-7.82275e-09
-7.08273e-09
-6.36944e-09
-5.63203e-09
-4.9324e-09
-4.18677e-09
-3.5135e-09
-2.73396e-09
-2.12559e-09
-1.24444e-09
-7.8584e-10
3.16605e-10
0.050672
0.0492163
0.0443054
0.03711
0.0270186
0.0136922
-0.00300996
-0.0231721
-0.0463873
-0.0718391
-0.0982685
-0.123934
-0.147833
-0.168989
-0.186634
-0.200236
-0.209349
-0.213662
-0.213044
-0.207611
-0.197797
-0.18435
-0.168265
-0.150647
-0.132561
-0.114903
-0.0983393
-0.0832939
-0.069977
-0.0584332
-0.0485921
-0.0403128
-0.0334189
-0.0277233
-0.0230446
-0.0192156
-0.0160888
-0.0135367
-0.011452
-0.00974538
-0.00834364
-0.00718716
-0.00622786
-0.0054271
-0.00475403
-0.00418404
-0.00369759
-0.00327913
-0.00291634
-0.00259943
-0.00232063
-0.00207376
-0.00185389
-0.00165708
-0.0014802
-0.00132069
-0.00117652
-0.00104601
-0.000927821
-0.00082082
-0.000724042
-0.000636602
-0.000557614
-0.00048613
-0.000421135
-0.000361627
-0.000306801
-0.000256263
-0.000210158
-0.000169064
-0.000133642
-0.000104216
-8.05352e-05
-6.18569e-05
-4.72557e-05
-3.59139e-05
-2.72189e-05
-2.06946e-05
-1.58943e-05
-1.23717e-05
-9.72489e-06
-7.65358e-06
-5.97596e-06
-4.60256e-06
-3.49217e-06
-2.61702e-06
-1.94622e-06
-1.44404e-06
-1.07422e-06
-8.04424e-07
-6.08228e-07
-4.65332e-07
-3.60708e-07
-2.83535e-07
-2.26161e-07
-1.83224e-07
-1.50948e-07
-1.26626e-07
-1.08261e-07
-9.4348e-08
-8.37394e-08
-7.55611e-08
-6.9163e-08
-6.40641e-08
-5.99229e-08
-5.64877e-08
-5.35854e-08
-5.10805e-08
-4.88834e-08
-4.69157e-08
-4.5132e-08
-4.34841e-08
-4.19522e-08
-4.05044e-08
-3.91356e-08
-3.78218e-08
-3.65665e-08
-3.5349e-08
-3.41782e-08
-3.30347e-08
-3.19308e-08
-3.08471e-08
-2.97986e-08
-2.87653e-08
-2.77642e-08
-2.67744e-08
-2.58146e-08
-2.48628e-08
-2.39395e-08
-2.30213e-08
-2.21304e-08
-2.12422e-08
-2.038e-08
-1.95184e-08
-1.86818e-08
-1.78438e-08
-1.70299e-08
-1.62128e-08
-1.54191e-08
-1.46204e-08
-1.38444e-08
-1.30619e-08
-1.23014e-08
-1.15329e-08
-1.07859e-08
-1.00293e-08
-9.29413e-09
-8.54746e-09
-7.82279e-09
-7.08349e-09
-6.36933e-09
-5.63269e-09
-4.93199e-09
-4.18742e-09
-3.51229e-09
-2.73547e-09
-2.1212e-09
-1.25122e-09
-7.63133e-10
2.74898e-10
-0.45955
-0.247245
-0.14032
-0.45955
-0.247245
-0.335736
-0.341172
-0.4293
-0.335736
-0.341172
0.126499
0.414223
0.308726
0.33282
0.126499
0.414223
0.308726
-0.110729
-0.330049
-0.33005
-0.31401
-0.314774
-0.31369
-0.321154
-0.31401
-0.314774
-0.31369
0.488671
0.430837
0.488671
-0.311868
-0.310391
-0.311868
-0.310391
0.430847
0.488673
0.430847
-0.310383
-0.311823
-0.310383
-0.311823
0.308759
0.33284
0.126541
0.414238
0.308759
0.33284
0.126541
-0.11067
-0.11067
-0.329981
-0.329981
-0.31363
-0.321084
-0.313936
-0.31471
-0.31363
-0.321084
-0.313936
-0.140264
-0.459465
-0.24718
-0.140265
-0.459465
-0.341101
-0.429215
-0.335669
-0.341101
-0.429213
-0.335669
-0.288113
-0.166312
-0.354697
-0.122889
-0.288113
-0.166312
-0.354697
-0.314954
-0.409384
-0.328208
-0.337241
-0.314954
-0.409382
-0.328208
0.105088
0.26492
0.109835
0.194592
0.105088
0.26492
0.109835
-0.413522
-0.430126
-0.402181
-0.452469
-0.402985
-0.452774
-0.413324
-0.31066
-0.322382
-0.317033
-0.31826
-0.31066
-0.322382
-0.317033
-0.103566
-0.316333
-0.321477
-0.315695
-0.323128
-0.315759
-0.323109
-0.316305
-0.309463
-0.312732
-0.312664
-0.309532
-0.30798
-0.307121
-0.307051
-0.308049
-0.315295
-0.313413
-0.312106
-0.319062
-0.312052
-0.32008
-0.315115
0.109877
0.194619
0.105126
0.264943
0.109877
0.194619
0.105126
-0.369183
-0.244891
-0.161565
-0.163857
-0.372177
-0.316952
-0.318194
-0.310575
-0.32231
-0.316952
-0.318194
-0.310575
-0.354623
-0.122839
-0.288044
-0.166256
-0.354624
-0.122839
-0.288044
-0.328137
-0.337164
-0.314879
-0.409299
-0.328137
-0.337164
-0.31488
-0.362991
-0.461102
-0.352613
-0.480702
-0.353593
-0.481905
-0.362152
-0.36926
-0.244956
-0.161625
-0.163917
-0.372254
-0.362993
-0.461102
-0.352615
-0.480701
-0.353594
-0.481905
-0.362153
-0.36926
-0.244956
-0.161625
-0.163917
-0.372254
-0.355191
-0.341185
-0.338969
-0.339137
-0.355399
-0.413521
-0.430126
-0.40218
-0.452468
-0.402984
-0.452774
-0.413324
-0.355191
-0.341185
-0.338969
-0.339137
-0.355399
0.328012
0.125104
0.262276
0.110771
0.261585
0.108906
0.329647
0.374895
0.327665
0.202919
0.434191
0.17434
0.438183
0.377487
0.328012
0.125104
0.262276
0.110771
0.261585
0.108906
0.329647
0.374895
0.327665
0.202919
0.434191
0.17434
0.438183
0.377487
-0.103566
-0.330053
-0.330053
-0.315359
-0.313475
-0.319134
-0.312158
-0.320154
-0.312104
-0.315178
-0.316333
-0.321477
-0.315695
-0.323128
-0.315759
-0.323109
-0.316305
-0.315359
-0.313474
-0.319134
-0.312158
-0.320154
-0.312104
-0.315178
0.529775
0.463121
0.466216
0.527756
0.567703
0.58808
0.589166
0.566311
0.529775
0.463121
0.466216
0.527756
0.567703
0.58808
0.589166
0.566311
-0.308006
-0.30713
-0.30706
-0.308075
-0.309463
-0.312732
-0.312664
-0.309532
-0.308006
-0.30713
-0.30706
-0.308075
0.567711
0.588083
0.589169
0.56632
0.529788
0.463141
0.466236
0.52777
0.567711
0.588083
0.589169
0.56632
0.529788
0.463141
0.466236
0.52777
-0.309423
-0.312678
-0.312611
-0.309492
-0.30798
-0.307121
-0.307051
-0.308049
-0.309423
-0.312678
-0.312611
-0.309492
0.37492
0.327698
0.434212
0.202958
0.438204
0.174381
0.377511
0.328039
0.125146
0.110814
0.262306
0.108949
0.261615
0.329674
0.37492
0.327698
0.434212
0.202958
0.438204
0.174381
0.377511
0.328039
0.125146
0.110814
0.262306
0.10895
0.261615
0.329674
-0.103508
-0.103508
-0.329985
-0.329985
-0.316267
-0.321407
-0.323053
-0.31563
-0.323034
-0.315694
-0.316239
-0.315295
-0.313412
-0.312106
-0.319062
-0.312052
-0.32008
-0.315115
-0.316267
-0.321407
-0.323053
-0.31563
-0.323034
-0.315694
-0.316239
-0.362913
-0.461017
-0.480614
-0.352537
-0.481817
-0.353517
-0.362074
-0.369183
-0.244891
-0.161565
-0.163856
-0.372177
-0.362915
-0.461017
-0.480614
-0.352539
-0.481817
-0.353518
-0.362075
-0.355118
-0.341114
-0.338901
-0.339069
-0.355327
-0.413441
-0.43004
-0.452381
-0.402101
-0.452686
-0.402905
-0.413243
-0.355118
-0.341115
-0.338901
-0.339069
-0.355327
-0.413441
-0.43004
-0.45238
-0.402102
-0.452685
-0.402905
-0.413244
-0.366829
-0.141196
-0.322432
-0.158299
-0.322312
-0.160361
-0.367663
0.327991
0.303196
0.370545
0.276069
0.327991
0.303196
0.370545
-0.318467
-0.31831
-0.32558
-0.319832
-0.318467
-0.31831
-0.32558
0.402936
0.331145
0.420042
0.320991
0.402936
0.331145
0.420042
0.530642
0.432075
0.504964
0.465889
0.506441
0.46697
0.529404
-0.318528
-0.31421
-0.320896
-0.315567
-0.318528
-0.31421
-0.320896
0.420044
0.320995
0.402941
0.331147
0.420044
0.320995
0.402942
0.552892
0.489761
0.562072
0.480262
0.563232
0.481382
0.551708
-0.320869
-0.315515
-0.318459
-0.314189
-0.320869
-0.315515
-0.318459
0.370555
0.27608
0.328005
0.303204
0.370555
0.27608
0.328005
-0.325461
-0.31972
-0.318314
-0.318221
-0.325461
-0.31972
-0.318314
-0.32248
-0.318065
-0.323423
-0.318111
-0.323591
-0.314002
-0.313912
-0.366828
-0.141196
-0.322432
-0.158299
-0.322312
-0.160361
-0.367662
-0.357996
-0.336034
-0.349024
-0.346103
-0.349481
-0.346267
-0.358032
-0.357996
-0.336034
-0.349024
-0.346103
-0.349481
-0.346268
-0.358032
0.552888
0.489759
0.480259
0.56207
0.481378
0.563229
0.551703
0.530642
0.432075
0.504964
0.465889
0.506441
0.46697
0.529404
0.552888
0.489759
0.480258
0.56207
0.481378
0.563229
0.551703
-0.309533
-0.311812
-0.310617
-0.311505
-0.310508
-0.311454
-0.309628
-0.308566
-0.310335
-0.310599
-0.308123
-0.310545
-0.308057
-0.30864
-0.309533
-0.311812
-0.310617
-0.311505
-0.310508
-0.311454
-0.309627
-0.308566
-0.310335
-0.310599
-0.308123
-0.310545
-0.308057
-0.30864
0.530649
0.432084
0.465896
0.504974
0.466976
0.506451
0.529412
0.552892
0.48976
0.562072
0.480263
0.563231
0.481382
0.551708
0.530649
0.432085
0.465896
0.504975
0.466976
0.506451
0.529412
-0.308545
-0.310327
-0.308116
-0.310578
-0.30805
-0.310524
-0.308618
-0.309499
-0.311767
-0.311471
-0.310572
-0.311421
-0.310463
-0.309593
-0.308545
-0.310327
-0.308116
-0.310578
-0.30805
-0.310524
-0.308618
-0.309499
-0.311767
-0.311471
-0.310572
-0.311421
-0.310463
-0.309593
-0.366753
-0.141141
-0.158242
-0.322362
-0.160304
-0.322242
-0.367586
-0.366752
-0.141141
-0.158242
-0.322361
-0.160304
-0.322242
-0.367586
-0.357923
-0.335966
-0.346033
-0.348953
-0.346197
-0.349409
-0.357959
-0.357923
-0.335966
-0.346033
-0.348952
-0.346197
-0.349409
-0.357959
0.104526
0.0935977
0.211643
0.089379
0.210912
0.156917
0.157477
0.104526
0.0935977
0.211643
0.0893791
0.210912
0.156917
0.157477
-0.322552
-0.323492
-0.318132
-0.323661
-0.318179
-0.314066
-0.313976
-0.322552
-0.323492
-0.318132
-0.323661
-0.318179
-0.314066
-0.313976
0.104568
0.211676
0.0936398
0.210944
0.0894213
0.156953
0.157512
0.104568
0.211676
0.0936398
0.210945
0.0894214
0.156953
0.157512
-0.32248
-0.318065
-0.323423
-0.318111
-0.323591
-0.314002
-0.313912
0.0610403
0.151198
0.0783834
0.103629
0.0610403
0.151198
0.0783834
-0.291636
-0.309789
-0.328732
-0.300502
-0.291636
-0.309789
-0.328732
0.251042
0.25133
0.284541
0.214221
0.251042
0.25133
0.284541
-0.316755
-0.32209
-0.328056
-0.320573
-0.316755
-0.32209
-0.328056
0.284557
0.214236
0.251061
0.251343
0.284557
0.214236
0.251061
-0.327867
-0.320424
-0.316546
-0.321949
-0.327867
-0.320424
-0.316546
0.0784215
0.103659
0.0610789
0.151226
0.0784215
0.103659
0.0610789
-0.328634
-0.30042
-0.291527
-0.30972
-0.328634
-0.30042
-0.291527
)
;

boundaryField
{
    inlet
    {
        type            zeroGradient;
    }
    outlet
    {
        type            fixedValue;
        value           uniform 0;
    }
    top
    {
        type            symmetryPlane;
    }
    bottom
    {
        type            symmetryPlane;
    }
    front
    {
        type            symmetryPlane;
    }
    back
    {
        type            symmetryPlane;
    }
    cylinder
    {
        type            zeroGradient;
    }
}


// ************************************************************************* //
