/*--------------------------------*- C++ -*----------------------------------*\
  =========                 |
  \\      /  F ield         | OpenFOAM: The Open Source CFD Toolbox
   \\    /   O peration     | Website:  https://openfoam.org
    \\  /    A nd           | Version:  11
     \\/     M anipulation  |
\*---------------------------------------------------------------------------*/
FoamFile
{
    format      ascii;
    class       volScalarField;
    location    "2.415753";
    object      p;
}
// * * * * * * * * * * * * * * * * * * * * * * * * * * * * * * * * * * * * * //

dimensions      [0 2 -2 0 0 0 0];

internalField   nonuniform List<scalar> 
7132
(
0.0513209
0.0498834
0.0450345
0.0379373
0.0279978
0.0148996
-0.00146255
-0.0211204
-0.0435858
-0.0679312
-0.0927346
-0.116055
-0.136621
-0.153193
-0.164744
-0.170659
-0.170707
-0.165187
-0.154939
-0.141215
-0.125438
-0.108953
-0.092842
-0.0778628
-0.0644556
-0.0528039
-0.042908
-0.0346529
-0.0278621
-0.0223354
-0.0178738
-0.0142933
-0.0114313
-0.00914926
-0.00733152
-0.00588349
-0.00472882
-0.00380649
-0.00306798
-0.00247473
-0.00199607
-0.00160759
-0.00129021
-0.00102952
-0.000815242
-0.000640108
-0.000498528
-0.000385465
-0.000296064
-0.000225894
-0.000171259
-0.000129196
-9.72402e-05
-7.32325e-05
-5.52799e-05
-4.18166e-05
-3.16421e-05
-2.38944e-05
-1.79734e-05
-1.34557e-05
-1.00277e-05
-7.44545e-06
-5.51424e-06
-4.07856e-06
-3.0159e-06
-2.2314e-06
-1.65288e-06
-1.22625e-06
-9.11438e-07
-6.78972e-07
-5.07233e-07
-3.80308e-07
-2.86479e-07
-2.17048e-07
-1.65611e-07
-1.27399e-07
-9.89419e-08
-7.76415e-08
-6.16422e-08
-4.95264e-08
-4.03107e-08
-3.32093e-08
-2.77093e-08
-2.33641e-08
-1.99167e-08
-1.71027e-08
-1.48052e-08
-1.28569e-08
-1.12178e-08
-9.77217e-09
-8.52261e-09
-7.38031e-09
-6.37209e-09
-5.42288e-09
-4.57357e-09
-3.75582e-09
-3.01895e-09
-2.29762e-09
-1.64653e-09
-1.0014e-09
-4.20467e-10
1.60472e-10
6.80683e-10
1.20478e-09
1.67017e-09
2.1421e-09
2.55654e-09
2.97944e-09
3.34562e-09
3.72173e-09
4.04165e-09
4.37268e-09
4.64795e-09
4.93534e-09
5.16734e-09
5.41236e-09
5.60238e-09
5.80627e-09
5.95556e-09
6.11954e-09
6.22938e-09
6.3547e-09
6.4264e-09
6.51437e-09
6.54931e-09
6.60133e-09
6.60095e-09
6.61847e-09
6.5843e-09
6.56885e-09
6.50249e-09
6.45571e-09
6.35883e-09
6.28241e-09
6.15676e-09
6.05246e-09
5.89985e-09
5.7695e-09
5.59179e-09
5.43729e-09
5.23639e-09
5.05969e-09
4.83754e-09
4.64064e-09
4.39915e-09
4.18414e-09
3.92517e-09
3.69431e-09
3.41951e-09
3.17571e-09
2.88557e-09
2.63504e-09
2.32379e-09
2.0847e-09
1.72835e-09
1.53567e-09
1.10974e-09
9.70425e-10
4.54421e-10
6.41527e-10
0.051894
0.0504684
0.0456615
0.0386083
0.0287044
0.0156056
-0.000818795
-0.0206397
-0.0433695
-0.0680783
-0.0932728
-0.116898
-0.137716
-0.154478
-0.166144
-0.172092
-0.172071
-0.166377
-0.155872
-0.141847
-0.125773
-0.109031
-0.0927242
-0.077614
-0.0641337
-0.0524544
-0.0425631
-0.0343327
-0.0275771
-0.0220896
-0.0176668
-0.014122
-0.0112915
-0.00903623
-0.00724085
-0.00581113
-0.00467126
-0.00376076
-0.00303166
-0.00244587
-0.00197309
-0.00158923
-0.00127544
-0.00101754
-0.000805412
-0.000631979
-0.000491785
-0.000379888
-0.000291481
-0.000222156
-0.000168226
-0.000126747
-9.52795e-05
-7.16829e-05
-5.40766e-05
-4.08989e-05
-3.09524e-05
-2.33805e-05
-1.75919e-05
-1.3173e-05
-9.81869e-06
-7.29123e-06
-5.40046e-06
-3.99442e-06
-2.95338e-06
-2.18471e-06
-1.61792e-06
-1.20009e-06
-8.91944e-07
-6.64533e-07
-4.96601e-07
-3.72508e-07
-2.80764e-07
-2.12856e-07
-1.62532e-07
-1.25133e-07
-9.72741e-08
-7.64137e-08
-6.07399e-08
-4.88626e-08
-3.98234e-08
-3.28502e-08
-2.74457e-08
-2.31692e-08
-1.97738e-08
-1.69965e-08
-1.47275e-08
-1.27986e-08
-1.11755e-08
-9.73984e-09
-8.49941e-09
-7.36204e-09
-6.35931e-09
-5.41226e-09
-4.56647e-09
-3.74935e-09
-3.01495e-09
-2.29342e-09
-1.64424e-09
-9.98433e-10
-4.19111e-10
1.62774e-10
6.81526e-10
1.20673e-09
1.67073e-09
2.14385e-09
2.55694e-09
2.9811e-09
3.34594e-09
3.72334e-09
4.04192e-09
4.37427e-09
4.64819e-09
4.93692e-09
5.16756e-09
5.41394e-09
5.60258e-09
5.80783e-09
5.95575e-09
6.12109e-09
6.22955e-09
6.35623e-09
6.42654e-09
6.51589e-09
6.54943e-09
6.60281e-09
6.60103e-09
6.61991e-09
6.58434e-09
6.57026e-09
6.50248e-09
6.45707e-09
6.35877e-09
6.28372e-09
6.15665e-09
6.05372e-09
5.89968e-09
5.7707e-09
5.59156e-09
5.43843e-09
5.2361e-09
5.06077e-09
4.83719e-09
4.64165e-09
4.39873e-09
4.18508e-09
3.92468e-09
3.69517e-09
3.41893e-09
3.17647e-09
2.88487e-09
2.63573e-09
2.32299e-09
2.0855e-09
1.72722e-09
1.53701e-09
1.10633e-09
9.74909e-10
4.37098e-10
6.72246e-10
0.053035
0.0516348
0.0469135
0.0399533
0.0301262
0.0170329
0.000489793
-0.0196568
-0.0429213
-0.0683747
-0.0943687
-0.118605
-0.13993
-0.157075
-0.168975
-0.17499
-0.174834
-0.168791
-0.157764
-0.143127
-0.126447
-0.109184
-0.0924806
-0.0771069
-0.063481
-0.0517485
-0.0418684
-0.0336891
-0.0270056
-0.0215975
-0.0172528
-0.0137797
-0.0110123
-0.00881086
-0.0070602
-0.00566704
-0.00455669
-0.00366981
-0.00295951
-0.00238863
-0.00192765
-0.00155305
-0.00124646
-0.000994085
-0.000786179
-0.000616006
-0.000478427
-0.000368729
-0.000282234
-0.000214583
-0.000162105
-0.000121865
-9.14407e-05
-6.87122e-05
-5.18138e-05
-3.9196e-05
-2.96768e-05
-2.24221e-05
-1.68672e-05
-1.26225e-05
-9.40072e-06
-6.97556e-06
-5.16374e-06
-3.81803e-06
-2.82252e-06
-2.08784e-06
-1.54622e-06
-1.14701e-06
-8.52649e-07
-6.35475e-07
-4.75154e-07
-3.56712e-07
-2.6915e-07
-2.04324e-07
-1.56266e-07
-1.2053e-07
-9.38915e-08
-7.39272e-08
-5.89124e-08
-4.7519e-08
-3.88359e-08
-3.21239e-08
-2.69117e-08
-2.27759e-08
-1.94843e-08
-1.67828e-08
-1.457e-08
-1.26819e-08
-1.10892e-08
-9.6755e-09
-8.45174e-09
-7.32605e-09
-6.33251e-09
-5.39165e-09
-4.55102e-09
-3.7371e-09
-3.00567e-09
-2.28574e-09
-1.63835e-09
-9.93265e-10
-4.15108e-10
1.66536e-10
6.84471e-10
1.20969e-09
1.67306e-09
2.14634e-09
2.55889e-09
2.98329e-09
3.34765e-09
3.72534e-09
4.04347e-09
4.37613e-09
4.64961e-09
4.93866e-09
5.16888e-09
5.41558e-09
5.60381e-09
5.80939e-09
5.95689e-09
6.12257e-09
6.23061e-09
6.35763e-09
6.42753e-09
6.51721e-09
6.55034e-09
6.60406e-09
6.60186e-09
6.62109e-09
6.5851e-09
6.57137e-09
6.50318e-09
6.45811e-09
6.3594e-09
6.2847e-09
6.15721e-09
6.05463e-09
5.90018e-09
5.77155e-09
5.592e-09
5.43922e-09
5.23648e-09
5.06149e-09
4.8375e-09
4.64231e-09
4.39899e-09
4.18568e-09
3.92488e-09
3.69571e-09
3.41906e-09
3.17696e-09
2.88491e-09
2.63621e-09
2.32283e-09
2.08611e-09
1.72626e-09
1.53847e-09
1.10136e-09
9.82225e-10
4.09611e-10
7.21836e-10
0.0547342
0.0533741
0.0487883
0.0419783
0.0322809
0.0192122
0.00250506
-0.0181295
-0.0422119
-0.0688301
-0.096068
-0.121227
-0.143316
-0.161043
-0.173299
-0.179424
-0.17906
-0.172475
-0.160636
-0.14505
-0.127438
-0.109378
-0.0920768
-0.0763109
-0.0624733
-0.0506686
-0.0408124
-0.0327158
-0.0261446
-0.0208586
-0.0166328
-0.0132684
-0.0105961
-0.00847531
-0.00679156
-0.00545298
-0.00438658
-0.0035348
-0.00285238
-0.0023036
-0.00186005
-0.00149914
-0.00120319
-0.00095898
-0.000757318
-0.00059199
-0.000458316
-0.000351915
-0.000268298
-0.000203175
-0.000152895
-0.000114535
-8.56963e-05
-6.4285e-05
-4.84568e-05
-3.66807e-05
-2.77992e-05
-2.10143e-05
-1.58029e-05
-1.1813e-05
-8.78454e-06
-6.50825e-06
-4.81129e-06
-3.55366e-06
-2.6251e-06
-1.9409e-06
-1.43712e-06
-1.06616e-06
-7.92849e-07
-5.91325e-07
-4.42615e-07
-3.32764e-07
-2.51541e-07
-1.91383e-07
-1.46756e-07
-1.13542e-07
-8.87573e-08
-7.01549e-08
-5.61416e-08
-4.54836e-08
-3.73414e-08
-3.10259e-08
-2.61056e-08
-2.21833e-08
-1.90494e-08
-1.64628e-08
-1.43354e-08
-1.2509e-08
-1.09627e-08
-9.58199e-09
-8.38359e-09
-7.2754e-09
-6.29588e-09
-5.36415e-09
-4.53143e-09
-3.72211e-09
-2.99531e-09
-2.27752e-09
-1.63298e-09
-9.88701e-10
-4.12442e-10
1.69125e-10
6.8567e-10
1.21121e-09
1.67346e-09
2.14729e-09
2.55887e-09
2.98393e-09
3.34739e-09
3.72582e-09
4.04308e-09
4.37652e-09
4.64915e-09
4.939e-09
5.16837e-09
5.4159e-09
5.60328e-09
5.80969e-09
5.95634e-09
6.12286e-09
6.23004e-09
6.35791e-09
6.42695e-09
6.51748e-09
6.54974e-09
6.60432e-09
6.60126e-09
6.62134e-09
6.58448e-09
6.57161e-09
6.50255e-09
6.45834e-09
6.35876e-09
6.28491e-09
6.15656e-09
6.05483e-09
5.89951e-09
5.77174e-09
5.59133e-09
5.4394e-09
5.23579e-09
5.06166e-09
4.8368e-09
4.64246e-09
4.39827e-09
4.18583e-09
3.92415e-09
3.69584e-09
3.41829e-09
3.17707e-09
2.88407e-09
2.63634e-09
2.32178e-09
2.08649e-09
1.7243e-09
1.54015e-09
1.09471e-09
9.91227e-10
3.78095e-10
7.77077e-10
0.0569756
0.055673
0.0512807
0.044691
0.0351942
0.0221907
0.00529338
-0.0159883
-0.0411907
-0.0694576
-0.0984421
-0.124835
-0.14795
-0.166464
-0.179213
-0.185504
-0.18487
-0.177545
-0.164577
-0.147666
-0.128757
-0.1096
-0.091484
-0.0751937
-0.0610818
-0.0491923
-0.0393799
-0.0314033
-0.0249895
-0.0198713
-0.0158073
-0.0125896
-0.0100448
-0.0080317
-0.00643698
-0.00517077
-0.00416252
-0.00335709
-0.00271142
-0.0021917
-0.00177108
-0.00142815
-0.00114617
-0.000912686
-0.000719239
-0.000560294
-0.00043177
-0.000329724
-0.00024991
-0.000188136
-0.000140775
-0.00010492
-7.81991e-05
-5.85447e-05
-4.41354e-05
-3.34625e-05
-2.54043e-05
-1.92162e-05
-1.44365e-05
-1.07665e-05
-7.98295e-06
-5.89752e-06
-4.34951e-06
-3.20708e-06
-2.36656e-06
-1.74889e-06
-1.29494e-06
-9.61054e-07
-7.15242e-07
-5.34078e-07
-4.00429e-07
-3.01707e-07
-2.28698e-07
-1.74591e-07
-1.34417e-07
-1.04476e-07
-8.20974e-08
-6.52618e-08
-5.25472e-08
-4.28426e-08
-3.54013e-08
-2.96e-08
-2.5058e-08
-2.14129e-08
-1.84833e-08
-1.6046e-08
-1.4029e-08
-1.2283e-08
-1.07965e-08
-9.45897e-09
-8.29312e-09
-7.20805e-09
-6.24637e-09
-5.3269e-09
-4.50409e-09
-3.70118e-09
-2.98e-09
-2.26545e-09
-1.62423e-09
-9.8147e-10
-4.07281e-10
1.73706e-10
6.88849e-10
1.21432e-09
1.67553e-09
2.14957e-09
2.5603e-09
2.98573e-09
3.34844e-09
3.72732e-09
4.04389e-09
4.37784e-09
4.6498e-09
4.94019e-09
5.1689e-09
5.41699e-09
5.60372e-09
5.8107e-09
5.9567e-09
6.12379e-09
6.23033e-09
6.35878e-09
6.42718e-09
6.51829e-09
6.54992e-09
6.60508e-09
6.60137e-09
6.62205e-09
6.58455e-09
6.57226e-09
6.50257e-09
6.45895e-09
6.35873e-09
6.28548e-09
6.15648e-09
6.05535e-09
5.89939e-09
5.77223e-09
5.59117e-09
5.43984e-09
5.2356e-09
5.06206e-09
4.83657e-09
4.64284e-09
4.39801e-09
4.18617e-09
3.92385e-09
3.69615e-09
3.41794e-09
3.17736e-09
2.88362e-09
2.63664e-09
2.32106e-09
2.08705e-09
1.72249e-09
1.54207e-09
1.08801e-09
1.00061e-09
3.49048e-10
8.27825e-10
0.0597367
0.0585123
0.0543823
0.0481003
0.0388994
0.0260323
0.00894701
-0.0131345
-0.0397852
-0.070284
-0.101602
-0.129534
-0.15394
-0.173457
-0.186848
-0.193372
-0.192391
-0.184087
-0.16962
-0.150958
-0.130352
-0.10978
-0.090631
-0.0736935
-0.0592584
-0.047286
-0.0375494
-0.0297401
-0.0235356
-0.0186357
-0.014779
-0.0117473
-0.00936297
-0.00748456
-0.00600055
-0.00482398
-0.00388748
-0.00313904
-0.00253844
-0.00205426
-0.00166161
-0.0013406
-0.00107564
-0.000855283
-0.000671931
-0.000520884
-0.00039877
-0.000302161
-0.000227098
-0.000169503
-0.000125782
-9.30549e-05
-6.89809e-05
-5.15235e-05
-3.88826e-05
-2.95738e-05
-2.25207e-05
-1.70514e-05
-1.2787e-05
-9.49884e-06
-7.00915e-06
-5.15438e-06
-3.78711e-06
-2.7847e-06
-2.05128e-06
-1.51463e-06
-1.12143e-06
-8.3281e-07
-6.20591e-07
-4.64299e-07
-3.49038e-07
-2.63891e-07
-2.0089e-07
-1.54151e-07
-1.19399e-07
-9.34421e-08
-7.39919e-08
-5.93076e-08
-4.8174e-08
-3.96301e-08
-3.30421e-08
-2.78667e-08
-2.37851e-08
-2.04773e-08
-1.77963e-08
-1.55407e-08
-1.36581e-08
-1.20099e-08
-1.05963e-08
-9.31125e-09
-8.18499e-09
-7.12805e-09
-6.18804e-09
-5.28353e-09
-4.47273e-09
-3.67763e-09
-2.96325e-09
-2.25265e-09
-1.61542e-09
-9.74515e-10
-4.02791e-10
1.7748e-10
6.90978e-10
1.21635e-09
1.67636e-09
2.15065e-09
2.5604e-09
2.98627e-09
3.34814e-09
3.72757e-09
4.04336e-09
4.37791e-09
4.64913e-09
4.94016e-09
5.16816e-09
5.4169e-09
5.60292e-09
5.81057e-09
5.95587e-09
6.12364e-09
6.22947e-09
6.35861e-09
6.4263e-09
6.51811e-09
6.54902e-09
6.60488e-09
6.60048e-09
6.62185e-09
6.58364e-09
6.57206e-09
6.50166e-09
6.45874e-09
6.35782e-09
6.28527e-09
6.15557e-09
6.05515e-09
5.89849e-09
5.77203e-09
5.59027e-09
5.43965e-09
5.23471e-09
5.06188e-09
4.83569e-09
4.64267e-09
4.39714e-09
4.18601e-09
3.92298e-09
3.696e-09
3.41707e-09
3.17722e-09
2.88267e-09
2.63655e-09
2.31987e-09
2.08729e-09
1.72028e-09
1.54376e-09
1.08138e-09
1.00925e-09
3.24729e-10
8.69297e-10
0.0629865
0.061865
0.058079
0.052214
0.0434367
0.03082
0.0135904
-0.00942829
-0.0378886
-0.0713503
-0.10571
-0.135464
-0.161421
-0.182163
-0.196368
-0.203243
-0.201882
-0.192354
-0.175957
-0.155028
-0.132242
-0.109881
-0.0894584
-0.0717483
-0.0569503
-0.0449106
-0.0352955
-0.0277116
-0.0217763
-0.0171502
-0.0135495
-0.0107447
-0.00855439
-0.00683765
-0.00548581
-0.00441574
-0.00356415
-0.00288292
-0.00233529
-0.00189278
-0.00153284
-0.00123742
-0.000992356
-0.000787379
-0.000615917
-0.000474226
-0.000359746
-0.000269621
-0.000200214
-0.000147583
-0.000108182
-7.91729e-05
-5.82538e-05
-4.34155e-05
-3.28724e-05
-2.51613e-05
-1.92624e-05
-1.46008e-05
-1.09077e-05
-8.04375e-06
-5.88538e-06
-4.29457e-06
-3.13612e-06
-2.29617e-06
-1.68716e-06
-1.24457e-06
-9.21785e-07
-6.85497e-07
-5.12005e-07
-3.84317e-07
-2.90162e-07
-2.20577e-07
-1.69043e-07
-1.30745e-07
-1.02201e-07
-8.08085e-08
-6.4712e-08
-5.24907e-08
-4.31669e-08
-3.59516e-08
-3.03401e-08
-2.58812e-08
-2.23265e-08
-1.94049e-08
-1.70083e-08
-1.49609e-08
-1.3232e-08
-1.1696e-08
-1.03655e-08
-9.14089e-09
-8.05979e-09
-7.03528e-09
-6.11993e-09
-5.23274e-09
-4.43553e-09
-3.64961e-09
-2.94284e-09
-2.237e-09
-1.60416e-09
-9.65613e-10
-3.96533e-10
1.8268e-10
6.94477e-10
1.2195e-09
1.67832e-09
2.15264e-09
2.56148e-09
2.98761e-09
3.34871e-09
3.72851e-09
4.04362e-09
4.37861e-09
4.64919e-09
4.94071e-09
5.16807e-09
5.41732e-09
5.60274e-09
5.81092e-09
5.95561e-09
6.12392e-09
6.22915e-09
6.35883e-09
6.42592e-09
6.51828e-09
6.54861e-09
6.60502e-09
6.60002e-09
6.62195e-09
6.58315e-09
6.57213e-09
6.50114e-09
6.45879e-09
6.35728e-09
6.2853e-09
6.15502e-09
6.05516e-09
5.89792e-09
5.77202e-09
5.58969e-09
5.43964e-09
5.23411e-09
5.06186e-09
4.83509e-09
4.64264e-09
4.39653e-09
4.18597e-09
3.92237e-09
3.69597e-09
3.41643e-09
3.17718e-09
2.88195e-09
2.63657e-09
2.31889e-09
2.08761e-09
1.71835e-09
1.54544e-09
1.07562e-09
1.01687e-09
3.05908e-10
9.00997e-10
0.0666844
0.065695
0.0623494
0.0570364
0.0488502
0.036654
0.0193821
-0.00468192
-0.0353546
-0.0727319
-0.111001
-0.142799
-0.170557
-0.192767
-0.207991
-0.215336
-0.213516
-0.20245
-0.183611
-0.159824
-0.134325
-0.109784
-0.0878502
-0.0692615
-0.0540861
-0.0420186
-0.0325904
-0.0253049
-0.0197085
-0.015418
-0.0121252
-0.00958962
-0.00762711
-0.00609851
-0.00489938
-0.00395163
-0.00319709
-0.00259234
-0.00210473
-0.00170926
-0.00138615
-0.00111951
-0.000896853
-0.000709265
-0.000551355
-0.00042043
-0.000314795
-0.000232204
-0.000169357
-0.000122466
-8.80554e-05
-6.33502e-05
-4.60965e-05
-3.43065e-05
-2.61937e-05
-2.03082e-05
-1.56973e-05
-1.19132e-05
-8.83091e-06
-6.4234e-06
-4.62837e-06
-3.3318e-06
-2.4078e-06
-1.75037e-06
-1.28091e-06
-9.43638e-07
-6.99559e-07
-5.21671e-07
-3.91339e-07
-2.95491e-07
-2.2481e-07
-1.72521e-07
-1.3372e-07
-1.04791e-07
-8.31355e-08
-6.68041e-08
-5.44264e-08
-4.49361e-08
-3.76186e-08
-3.18762e-08
-2.73469e-08
-2.36821e-08
-2.07113e-08
-1.82179e-08
-1.61364e-08
-1.43198e-08
-1.27611e-08
-1.13494e-08
-1.01111e-08
-8.95339e-09
-7.92229e-09
-6.93377e-09
-6.04568e-09
-5.17776e-09
-4.39554e-09
-3.61984e-09
-2.92143e-09
-2.22092e-09
-1.59286e-09
-9.5699e-10
-3.90754e-10
1.87227e-10
6.97226e-10
1.2218e-09
1.67938e-09
2.1537e-09
2.56162e-09
2.98796e-09
3.34831e-09
3.72847e-09
4.04291e-09
4.37834e-09
4.6483e-09
4.94029e-09
5.16707e-09
5.41683e-09
5.60166e-09
5.81036e-09
5.95449e-09
6.12333e-09
6.228e-09
6.35822e-09
6.42475e-09
6.51765e-09
6.54742e-09
6.60439e-09
6.59884e-09
6.62132e-09
6.58197e-09
6.57151e-09
6.49997e-09
6.45817e-09
6.35612e-09
6.28469e-09
6.15387e-09
6.05458e-09
5.8968e-09
5.77146e-09
5.58859e-09
5.4391e-09
5.23304e-09
5.06135e-09
4.83404e-09
4.64216e-09
4.39551e-09
4.18553e-09
3.92138e-09
3.69555e-09
3.41545e-09
3.17681e-09
2.88093e-09
2.63628e-09
2.31766e-09
2.08766e-09
1.71631e-09
1.54675e-09
1.07054e-09
1.02307e-09
2.91708e-10
9.2424e-10
0.0707785
0.0699551
0.0671616
0.0625649
0.0551859
0.043656
0.0265268
0.00136682
-0.0319703
-0.0745433
-0.117818
-0.151781
-0.181541
-0.205447
-0.221948
-0.230047
-0.227819
-0.214893
-0.192953
-0.165524
-0.136619
-0.109412
-0.0856974
-0.0661294
-0.0505838
-0.0385535
-0.0293998
-0.0225022
-0.0173257
-0.0134393
-0.0105101
-0.00828764
-0.00658702
-0.00527281
-0.0042464
-0.00343617
-0.00279014
-0.0022705
-0.00184942
-0.00150586
-0.00122327
-0.000988239
-0.000790223
-0.000621854
-0.000479046
-0.000360223
-0.00026459
-0.000190521
-0.000135064
-9.46029e-05
-6.5781e-05
-4.59111e-05
-3.27993e-05
-2.4463e-05
-1.90867e-05
-1.52162e-05
-1.19785e-05
-9.09285e-06
-6.62231e-06
-4.67858e-06
-3.26557e-06
-2.28656e-06
-1.61829e-06
-1.16012e-06
-8.42627e-07
-6.19734e-07
-4.60876e-07
-3.46019e-07
-2.62127e-07
-2.00459e-07
-1.54934e-07
-1.21158e-07
-9.59783e-08
-7.70641e-08
-6.27701e-08
-5.18465e-08
-4.34412e-08
-3.68679e-08
-3.16928e-08
-2.75233e-08
-2.41494e-08
-2.13328e-08
-1.89852e-08
-1.69491e-08
-1.52041e-08
-1.3634e-08
-1.22571e-08
-1.09784e-08
-9.83833e-09
-8.75233e-09
-7.77454e-09
-6.82461e-09
-5.96556e-09
-5.11837e-09
-4.35207e-09
-3.58744e-09
-2.89787e-09
-2.20322e-09
-1.58017e-09
-9.47312e-10
-3.84006e-10
1.92502e-10
7.0069e-10
1.22463e-09
1.68101e-09
2.15515e-09
2.5622e-09
2.98863e-09
3.34829e-09
3.72867e-09
4.04252e-09
4.37826e-09
4.64769e-09
4.94004e-09
5.16631e-09
5.41645e-09
5.6008e-09
5.8099e-09
5.95356e-09
6.12281e-09
6.22702e-09
6.35766e-09
6.42374e-09
6.51707e-09
6.54638e-09
6.60378e-09
6.59778e-09
6.6207e-09
6.58091e-09
6.57089e-09
6.49891e-09
6.45756e-09
6.35506e-09
6.28409e-09
6.15283e-09
6.05399e-09
5.89577e-09
5.77089e-09
5.58758e-09
5.43855e-09
5.23206e-09
5.06082e-09
4.83309e-09
4.64166e-09
4.39459e-09
4.18507e-09
3.92048e-09
3.69513e-09
3.41457e-09
3.17642e-09
2.88001e-09
2.63598e-09
2.31657e-09
2.08768e-09
1.71456e-09
1.54789e-09
1.06641e-09
1.02809e-09
2.81323e-10
9.41022e-10
0.0752032
0.074584
0.0724688
0.0687837
0.0624836
0.0519597
0.0352707
0.00906306
-0.0274517
-0.0770008
-0.126646
-0.162648
-0.194597
-0.220488
-0.238556
-0.24763
-0.244952
-0.22976
-0.20397
-0.172023
-0.138955
-0.108577
-0.0828294
-0.0622181
-0.0463509
-0.0344594
-0.0256959
-0.0192951
-0.0146317
-0.0112246
-0.00871728
-0.00685249
-0.00544708
-0.00437196
-0.00353651
-0.0028772
-0.00234954
-0.00192223
-0.00157296
-0.0012852
-0.00104601
-0.000844816
-0.000673244
-0.000525643
-0.000399333
-0.000293882
-0.000209379
-0.00014479
-9.7516e-05
-6.41373e-05
-4.14698e-05
-2.69584e-05
-1.84785e-05
-1.40239e-05
-1.17032e-05
-1.00278e-05
-8.21725e-06
-6.21339e-06
-4.32515e-06
-2.83571e-06
-1.81669e-06
-1.17581e-06
-7.82104e-07
-5.37058e-07
-3.81199e-07
-2.79458e-07
-2.10587e-07
-1.62084e-07
-1.26955e-07
-1.01113e-07
-8.19272e-08
-6.75189e-08
-5.6578e-08
-4.8128e-08
-4.15214e-08
-3.62432e-08
-3.19835e-08
-2.84536e-08
-2.55134e-08
-2.29845e-08
-2.08158e-08
-1.88836e-08
-1.71861e-08
-1.56269e-08
-1.42325e-08
-1.29197e-08
-1.17322e-08
-1.05921e-08
-9.55458e-09
-8.54338e-09
-7.62114e-09
-6.71152e-09
-5.88269e-09
-5.05718e-09
-4.30743e-09
-3.55441e-09
-2.87401e-09
-2.18551e-09
-1.56763e-09
-9.37967e-10
-3.7765e-10
1.97264e-10
7.03631e-10
1.22685e-09
1.68205e-09
2.15595e-09
2.56217e-09
2.98863e-09
3.34765e-09
3.72821e-09
4.04153e-09
4.37753e-09
4.64648e-09
4.93913e-09
5.16497e-09
5.41544e-09
5.59937e-09
5.80883e-09
5.95208e-09
6.1217e-09
6.22551e-09
6.35653e-09
6.42221e-09
6.51593e-09
6.54485e-09
6.60265e-09
6.59626e-09
6.61958e-09
6.5794e-09
6.56979e-09
6.49742e-09
6.45648e-09
6.35361e-09
6.28305e-09
6.15141e-09
6.05298e-09
5.89439e-09
5.76993e-09
5.58625e-09
5.43764e-09
5.23077e-09
5.05996e-09
4.83186e-09
4.64086e-09
4.39341e-09
4.18432e-09
3.91936e-09
3.69444e-09
3.41348e-09
3.17579e-09
2.87892e-09
2.63545e-09
2.31535e-09
2.08747e-09
1.71285e-09
1.54868e-09
1.06296e-09
1.0319e-09
2.73698e-10
9.52959e-10
0.0798777
0.079505
0.0782066
0.0756603
0.0707736
0.0617206
0.0459294
0.0189071
-0.0213684
-0.0804075
-0.138271
-0.175826
-0.209882
-0.237957
-0.258131
-0.268904
-0.266009
-0.248057
-0.217318
-0.179579
-0.141305
-0.107117
-0.0790545
-0.0573654
-0.0412717
-0.0296642
-0.02144
-0.0156671
-0.0116234
-0.00877794
-0.00675452
-0.0052929
-0.00421584
-0.0034038
-0.00277661
-0.0022807
-0.00188036
-0.0015518
-0.0012789
-0.0010502
-0.000856769
-0.000691196
-0.000547551
-0.000422054
-0.000313503
-0.000222593
-0.000150243
-9.59678e-05
-5.75098e-05
-3.1712e-05
-1.56368e-05
-6.92342e-06
-3.5238e-06
-3.35785e-06
-4.38289e-06
-5.02733e-06
-4.62103e-06
-3.40507e-06
-2.01234e-06
-9.36445e-07
-3.10607e-07
-2.32473e-08
8.10553e-08
1.03208e-07
9.14321e-08
6.81346e-08
4.44671e-08
2.50013e-08
1.03622e-08
-2.72688e-10
-7.86593e-09
-1.313e-08
-1.66408e-08
-1.88047e-08
-1.99919e-08
-2.04353e-08
-2.0376e-08
-1.99294e-08
-1.92531e-08
-1.83861e-08
-1.74379e-08
-1.64017e-08
-1.53625e-08
-1.42864e-08
-1.32474e-08
-1.21952e-08
-1.11996e-08
-1.02002e-08
-9.26643e-09
-8.33114e-09
-7.46515e-09
-6.59649e-09
-5.79826e-09
-4.99484e-09
-4.26182e-09
-3.52068e-09
-2.84951e-09
-2.16737e-09
-1.55469e-09
-9.2837e-10
-3.71013e-10
2.02179e-10
7.06763e-10
1.22915e-09
1.68322e-09
2.15678e-09
2.56222e-09
2.98861e-09
3.34705e-09
3.72769e-09
4.04054e-09
4.37671e-09
4.64526e-09
4.93813e-09
5.16359e-09
5.41432e-09
5.5979e-09
5.80763e-09
5.95055e-09
6.12046e-09
6.22394e-09
6.35526e-09
6.42062e-09
6.51464e-09
6.54326e-09
6.60136e-09
6.59467e-09
6.61831e-09
6.57783e-09
6.56853e-09
6.49587e-09
6.45526e-09
6.35209e-09
6.28186e-09
6.14993e-09
6.05183e-09
5.89296e-09
5.76883e-09
5.58487e-09
5.43659e-09
5.22945e-09
5.05898e-09
4.8306e-09
4.63993e-09
4.39221e-09
4.18346e-09
3.91823e-09
3.69366e-09
3.41241e-09
3.17509e-09
2.87785e-09
2.63486e-09
2.31421e-09
2.08719e-09
1.71136e-09
1.54926e-09
1.06022e-09
1.03482e-09
2.68196e-10
9.61479e-10
0.0847048
0.0846217
0.0842855
0.083128
0.0800548
0.0730732
0.0588489
0.0315334
-0.0132006
-0.085394
-0.15353
-0.191538
-0.227857
-0.258389
-0.280954
-0.293824
-0.290941
-0.269811
-0.23298
-0.188052
-0.143424
-0.104758
-0.0741375
-0.0514009
-0.0352406
-0.0241151
-0.0166159
-0.0116249
-0.00831961
-0.00612318
-0.00464603
-0.00363127
-0.00291274
-0.00238449
-0.00197972
-0.00165686
-0.00139041
-0.00116504
-0.000971514
-0.000803884
-0.000657629
-0.000528785
-0.000414093
-0.000311781
-0.000222117
-0.000146862
-8.76457e-05
-4.44371e-05
-1.53238e-05
2.49504e-06
1.16049e-05
1.40894e-05
1.192e-05
7.33233e-06
2.63599e-06
-4.40168e-07
-1.35924e-06
-7.68585e-07
2.65891e-07
9.91683e-07
1.22996e-06
1.14895e-06
9.51634e-07
7.45503e-07
5.64268e-07
4.15167e-07
2.98598e-07
2.11121e-07
1.46846e-07
9.98974e-08
6.56655e-08
4.08434e-08
2.29748e-08
1.0273e-08
1.35191e-09
-4.76669e-09
-8.87242e-09
-1.14824e-08
-1.30499e-08
-1.38298e-08
-1.40911e-08
-1.39427e-08
-1.35558e-08
-1.29585e-08
-1.22715e-08
-1.14775e-08
-1.06721e-08
-9.81208e-09
-8.98115e-09
-8.12113e-09
-7.31087e-09
-6.48287e-09
-5.71493e-09
-4.93345e-09
-4.21699e-09
-3.48768e-09
-2.82562e-09
-2.14984e-09
-1.54221e-09
-9.19296e-10
-3.64855e-10
2.06581e-10
7.09442e-10
1.23095e-09
1.68395e-09
2.15712e-09
2.56185e-09
2.98811e-09
3.34603e-09
3.72671e-09
4.03916e-09
4.37544e-09
4.64364e-09
4.93669e-09
5.16184e-09
5.41277e-09
5.59606e-09
5.80601e-09
5.94865e-09
6.1188e-09
6.22202e-09
6.35359e-09
6.4187e-09
6.51297e-09
6.54134e-09
6.59971e-09
6.59278e-09
6.61668e-09
6.57597e-09
6.56695e-09
6.49405e-09
6.45372e-09
6.35032e-09
6.28036e-09
6.14822e-09
6.0504e-09
5.89131e-09
5.76747e-09
5.58328e-09
5.4353e-09
5.22794e-09
5.05776e-09
4.82916e-09
4.63879e-09
4.39086e-09
4.18241e-09
3.91696e-09
3.69269e-09
3.41121e-09
3.17422e-09
2.87669e-09
2.63412e-09
2.31302e-09
2.08673e-09
1.70994e-09
1.54956e-09
1.05797e-09
1.03692e-09
2.64158e-10
9.67494e-10
0.0895694
0.0898193
0.0905877
0.0910911
0.0902908
0.0861772
0.0744864
0.047976
-0.00202089
-0.0929009
-0.174779
-0.210286
-0.247783
-0.281324
-0.307891
-0.324674
-0.322245
-0.296982
-0.252054
-0.19775
-0.145141
-0.101159
-0.06775
-0.0440823
-0.0281056
-0.0177298
-0.0111872
-0.00715898
-0.00472467
-0.00327092
-0.0024044
-0.00188002
-0.00154916
-0.00132406
-0.00115453
-0.00101313
-0.000886052
-0.000767348
-0.000655321
-0.000550035
-0.000451752
-0.000360279
-0.000275245
-0.000196992
-0.000127229
-6.86106e-05
-2.33021e-05
8.3505e-06
2.78819e-05
3.76072e-05
3.95888e-05
3.55304e-05
2.73404e-05
1.75378e-05
8.87142e-06
3.33397e-06
1.29348e-06
1.5451e-06
2.44142e-06
2.91481e-06
2.77704e-06
2.31278e-06
1.80508e-06
1.37113e-06
1.02387e-06
7.51911e-07
5.44652e-07
3.91023e-07
2.7866e-07
1.96595e-07
1.36614e-07
9.28956e-08
6.1166e-08
3.82981e-08
2.19199e-08
1.03311e-08
2.21192e-09
-3.34298e-09
-7.07224e-09
-9.43887e-09
-1.08653e-08
-1.15723e-08
-1.18138e-08
-1.1678e-08
-1.13301e-08
-1.07852e-08
-1.01629e-08
-9.43744e-09
-8.70566e-09
-7.9183e-09
-7.16178e-09
-6.37306e-09
-5.63434e-09
-4.87412e-09
-4.17362e-09
-3.45581e-09
-2.80254e-09
-2.13294e-09
-1.53016e-09
-9.10598e-10
-3.58974e-10
2.10683e-10
7.1191e-10
1.23251e-09
1.6845e-09
2.15723e-09
2.5613e-09
2.98739e-09
3.34485e-09
3.7255e-09
4.03759e-09
4.37393e-09
4.64184e-09
4.93499e-09
5.15989e-09
5.41096e-09
5.59403e-09
5.80414e-09
5.94657e-09
6.11689e-09
6.21991e-09
6.35166e-09
6.41658e-09
6.51105e-09
6.53923e-09
6.5978e-09
6.59069e-09
6.6148e-09
6.57392e-09
6.56511e-09
6.49205e-09
6.45193e-09
6.34837e-09
6.27864e-09
6.14633e-09
6.04875e-09
5.8895e-09
5.76589e-09
5.58156e-09
5.43381e-09
5.2263e-09
5.05636e-09
4.82762e-09
4.63749e-09
4.38942e-09
4.18121e-09
3.91561e-09
3.6916e-09
3.40996e-09
3.17324e-09
2.87551e-09
2.63329e-09
2.31186e-09
2.08619e-09
1.70867e-09
1.54968e-09
1.05618e-09
1.03845e-09
2.61238e-10
9.71777e-10
0.0943393
0.0949578
0.0969598
0.0993769
0.101363
0.101026
0.0932262
0.0692685
0.0128416
-0.103507
-0.202128
-0.233519
-0.272461
-0.308376
-0.339047
-0.360726
-0.359844
-0.330108
-0.275001
-0.208726
-0.146174
-0.0959334
-0.0595555
-0.0351838
-0.0197457
-0.010465
-0.00515892
-0.00229949
-0.00087895
-0.000262529
-6.73834e-05
-7.13338e-05
-0.000151282
-0.000243146
-0.000316872
-0.000361434
-0.000376039
-0.000365018
-0.00033474
-0.000291663
-0.000241146
-0.000187027
-0.000132004
-7.8559e-05
-2.96913e-05
1.13116e-05
4.20127e-05
6.18109e-05
7.17652e-05
7.34835e-05
6.82797e-05
5.73562e-05
4.25994e-05
2.7002e-05
1.39964e-05
5.98792e-06
3.12387e-06
3.42934e-06
4.47402e-06
4.81006e-06
4.3018e-06
3.43546e-06
2.6135e-06
1.96068e-06
1.45755e-06
1.06989e-06
7.76671e-07
5.6046e-07
4.02788e-07
2.87653e-07
2.03399e-07
1.41867e-07
9.70808e-08
6.46446e-08
4.12519e-08
2.45195e-08
1.26277e-08
4.30504e-09
-1.45551e-09
-5.31303e-09
-7.83422e-09
-9.34488e-09
-1.01768e-08
-1.04744e-08
-1.04453e-08
-1.01344e-08
-9.68435e-09
-9.08526e-09
-8.44665e-09
-7.72765e-09
-7.02166e-09
-6.26994e-09
-5.5587e-09
-4.81851e-09
-4.13302e-09
-3.42607e-09
-2.78107e-09
-2.11734e-09
-1.51927e-09
-9.02811e-10
-3.53753e-10
2.14197e-10
7.13907e-10
1.23361e-09
1.68468e-09
2.15695e-09
2.56042e-09
2.98632e-09
3.34337e-09
3.72396e-09
4.03575e-09
4.37212e-09
4.63978e-09
4.933e-09
5.1577e-09
5.40887e-09
5.59175e-09
5.80199e-09
5.94425e-09
6.1147e-09
6.21757e-09
6.34947e-09
6.41424e-09
6.50888e-09
6.53692e-09
6.59566e-09
6.58843e-09
6.61272e-09
6.57171e-09
6.56309e-09
6.48992e-09
6.44998e-09
6.3463e-09
6.27676e-09
6.14433e-09
6.04694e-09
5.88758e-09
5.76416e-09
5.57973e-09
5.43218e-09
5.22457e-09
5.05483e-09
4.82599e-09
4.63606e-09
4.38789e-09
4.17989e-09
3.9142e-09
3.6904e-09
3.40865e-09
3.17216e-09
2.87429e-09
2.63237e-09
2.31068e-09
2.08554e-09
1.70747e-09
1.5496e-09
1.05469e-09
1.03946e-09
2.59069e-10
9.74778e-10
0.0988669
0.099882
0.103208
0.107782
0.113059
0.117718
0.115663
0.0982675
0.0334787
-0.126543
-0.24326
-0.256988
-0.297387
-0.339953
-0.378871
-0.407686
-0.407601
-0.371695
-0.303021
-0.221092
-0.146002
-0.0883969
-0.0489775
-0.0243188
-0.00993717
-0.0022082
0.00151631
0.00296622
0.00321369
0.00289123
0.00235212
0.0017819
0.00126883
0.000847282
0.0005234
0.0002895
0.000131942
3.52813e-05
-1.54952e-05
-3.36743e-05
-3.00805e-05
-1.28747e-05
1.20251e-05
4.00482e-05
6.71719e-05
8.98568e-05
0.000105688
0.000113869
0.000114796
0.00010905
9.6912e-05
7.89532e-05
5.71223e-05
3.51552e-05
1.74944e-05
7.1308e-06
3.90536e-06
4.80693e-06
6.35679e-06
6.6732e-06
5.78042e-06
4.4837e-06
3.34816e-06
2.49415e-06
1.85236e-06
1.3599e-06
9.87888e-07
7.14546e-07
5.15724e-07
3.70536e-07
2.64167e-07
1.864e-07
1.29727e-07
8.85892e-08
5.88199e-08
3.74132e-08
2.20934e-08
1.12562e-08
3.65013e-09
-1.56202e-09
-5.07792e-09
-7.31896e-09
-8.6875e-09
-9.37924e-09
-9.63984e-09
-9.54179e-09
-9.24842e-09
-8.7644e-09
-8.21061e-09
-7.55389e-09
-6.89392e-09
-6.17596e-09
-5.48976e-09
-4.7679e-09
-4.09611e-09
-3.39912e-09
-2.76166e-09
-2.10336e-09
-1.50953e-09
-8.95994e-10
-3.49295e-10
2.17046e-10
7.15369e-10
1.2342e-09
1.68443e-09
2.15625e-09
2.55919e-09
2.98487e-09
3.34157e-09
3.72207e-09
4.0336e-09
4.36995e-09
4.63741e-09
4.93067e-09
5.1552e-09
5.40643e-09
5.58917e-09
5.79949e-09
5.94162e-09
6.11218e-09
6.21493e-09
6.34694e-09
6.41161e-09
6.50636e-09
6.53431e-09
6.59317e-09
6.58584e-09
6.61026e-09
6.56917e-09
6.56068e-09
6.48742e-09
6.44763e-09
6.34389e-09
6.2745e-09
6.14202e-09
6.04479e-09
5.88538e-09
5.76213e-09
5.57764e-09
5.43026e-09
5.2226e-09
5.05303e-09
4.82415e-09
4.6344e-09
4.38618e-09
4.17836e-09
3.91263e-09
3.68902e-09
3.40722e-09
3.17093e-09
2.87298e-09
2.63132e-09
2.30948e-09
2.08477e-09
1.70633e-09
1.54935e-09
1.05345e-09
1.04012e-09
2.57478e-10
9.76895e-10
0.102993
0.104408
0.109102
0.11594
0.125016
0.135539
0.141987
0.134218
0.0618867
-0.136055
-0.309295
-0.300468
-0.327672
-0.365955
-0.409489
-0.447827
-0.45317
-0.413935
-0.332156
-0.233272
-0.144029
-0.0782599
-0.035834
-0.0113936
0.00133544
0.00699767
0.00876385
0.00855317
0.00747155
0.00611883
0.00479511
0.00363297
0.00267528
0.00192031
0.0013465
0.000925363
0.000627716
0.000426397
0.000297402
0.000220353
0.000178736
0.000159927
0.000154802
0.000156941
0.000161708
0.000165747
0.000166924
0.000164204
0.000157032
0.000144592
0.000125846
0.000100646
7.11389e-05
4.21331e-05
1.94583e-05
6.8601e-06
3.75037e-06
5.80146e-06
8.17022e-06
8.52197e-06
7.18899e-06
5.42385e-06
3.98335e-06
2.95591e-06
2.19836e-06
1.61474e-06
1.17311e-06
8.49619e-07
6.14866e-07
4.4336e-07
3.17535e-07
2.25477e-07
1.58361e-07
1.09586e-07
7.42237e-08
4.8718e-08
3.0393e-08
1.73513e-08
8.12746e-09
1.72782e-09
-2.66008e-09
-5.54144e-09
-7.38047e-09
-8.41784e-09
-8.93257e-09
-9.02128e-09
-8.86536e-09
-8.48238e-09
-8.00307e-09
-7.4011e-09
-6.78158e-09
-6.09332e-09
-5.42917e-09
-4.72348e-09
-4.06375e-09
-3.37557e-09
-2.74476e-09
-2.09128e-09
-1.50098e-09
-8.90208e-10
-3.45672e-10
2.19222e-10
7.1632e-10
1.23435e-09
1.68384e-09
2.15523e-09
2.5577e-09
2.98315e-09
3.33954e-09
3.71995e-09
4.03127e-09
4.36758e-09
4.63488e-09
4.92815e-09
5.15255e-09
5.40382e-09
5.58645e-09
5.79683e-09
5.93887e-09
6.1095e-09
6.21218e-09
6.34428e-09
6.40888e-09
6.50374e-09
6.53163e-09
6.59061e-09
6.58324e-09
6.60779e-09
6.56668e-09
6.55832e-09
6.48504e-09
6.44536e-09
6.34158e-09
6.27231e-09
6.13979e-09
6.04268e-09
5.88324e-09
5.76012e-09
5.5756e-09
5.42836e-09
5.22068e-09
5.05125e-09
4.82235e-09
4.63274e-09
4.38451e-09
4.17684e-09
3.91109e-09
3.68764e-09
3.40582e-09
3.1697e-09
2.87171e-09
2.63026e-09
2.30832e-09
2.08397e-09
1.70527e-09
1.549e-09
1.0524e-09
1.04048e-09
2.56278e-10
9.78345e-10
0.106556
0.108357
0.11436
0.123516
0.136627
0.154473
0.172903
0.188889
0.102732
-0.12503
-0.341385
-0.304952
-0.336738
-0.378596
-0.423589
-0.467816
-0.478717
-0.439968
-0.350485
-0.239129
-0.138236
-0.065506
-0.0207686
0.00288904
0.0135045
0.0167384
0.0162929
0.0142583
0.0117515
0.00931763
0.00718639
0.00542556
0.00402501
0.00294232
0.00212575
0.0015247
0.0010938
0.000793862
0.000591668
0.000459615
0.000375492
0.000322369
0.000288263
0.000265328
0.000248702
0.000235406
0.000223538
0.000211598
0.000197791
0.000179683
0.000154816
0.000122348
8.48043e-05
4.83701e-05
2.05501e-05
5.95355e-06
3.3968e-06
6.93145e-06
1.01921e-05
1.04676e-05
8.56151e-06
6.266e-06
4.52222e-06
3.34477e-06
2.49011e-06
1.82874e-06
1.32771e-06
9.62167e-07
6.97595e-07
5.04157e-07
3.62039e-07
2.58026e-07
1.82198e-07
1.27063e-07
8.70457e-08
5.81294e-08
3.7304e-08
2.24281e-08
1.18579e-08
4.46979e-09
-6.44097e-10
-4.05871e-09
-6.28967e-09
-7.61508e-09
-8.3417e-09
-8.5862e-09
-8.54502e-09
-8.24644e-09
-7.82938e-09
-7.2732e-09
-6.68755e-09
-6.02422e-09
-5.37857e-09
-4.68648e-09
-4.0369e-09
-3.35618e-09
-2.73099e-09
-2.0816e-09
-1.49447e-09
-8.85937e-10
-3.43206e-10
2.20431e-10
7.16477e-10
1.23379e-09
1.68265e-09
2.15364e-09
2.55572e-09
2.98096e-09
3.3371e-09
3.7174e-09
4.02853e-09
4.36479e-09
4.63195e-09
4.9252e-09
5.1495e-09
5.40079e-09
5.58334e-09
5.79375e-09
5.93573e-09
6.10641e-09
6.20903e-09
6.34118e-09
6.40574e-09
6.50066e-09
6.52851e-09
6.58756e-09
6.58015e-09
6.60478e-09
6.56363e-09
6.55534e-09
6.48204e-09
6.44248e-09
6.33871e-09
6.26956e-09
6.13706e-09
6.04008e-09
5.88065e-09
5.75766e-09
5.57317e-09
5.42605e-09
5.2184e-09
5.0491e-09
4.82022e-09
4.63076e-09
4.38256e-09
4.17503e-09
3.90931e-09
3.686e-09
3.40421e-09
3.16826e-09
2.87028e-09
2.62903e-09
2.30707e-09
2.08303e-09
1.7042e-09
1.5485e-09
1.05147e-09
1.0406e-09
2.55375e-10
9.79322e-10
0.109397
0.111528
0.118697
0.129881
0.147102
0.171603
0.207351
0.213795
0.193898
-0.142513
-0.433743
-0.321537
-0.333537
-0.378128
-0.423086
-0.470465
-0.483196
-0.445356
-0.353456
-0.236246
-0.128894
-0.0521496
-0.00633678
0.0161582
0.0246526
0.0255707
0.0230581
0.0193397
0.0155327
0.0121238
0.00927243
0.00698328
0.00519553
0.00382863
0.00280291
0.00204766
0.00150286
0.00111852
0.000853258
0.0006732
0.000551401
0.000467575
0.000407676
0.000362923
0.000328297
0.000300923
0.000278725
0.000259447
0.000240026
0.0002166
0.00018556
0.000145624
9.98737e-05
5.5959e-05
2.30314e-05
6.49725e-06
4.39606e-06
9.02887e-06
1.27374e-05
1.25963e-05
9.93579e-06
7.0473e-06
4.99118e-06
3.6697e-06
2.72778e-06
1.99972e-06
1.44949e-06
1.05031e-06
7.62281e-07
5.51592e-07
3.96672e-07
2.83309e-07
2.00697e-07
1.40622e-07
9.69924e-08
6.54314e-08
4.26676e-08
2.63697e-08
1.47553e-08
6.60056e-09
9.23432e-10
-2.90506e-09
-5.44032e-09
-6.98951e-09
-7.88083e-09
-8.24654e-09
-8.29467e-09
-8.06188e-09
-7.69338e-09
-7.17301e-09
-6.61385e-09
-5.97006e-09
-5.33893e-09
-4.65755e-09
-4.01599e-09
-3.34116e-09
-2.72042e-09
-2.07429e-09
-1.48969e-09
-8.82998e-10
-3.41707e-10
2.20896e-10
7.16093e-10
1.23279e-09
1.68113e-09
2.15176e-09
2.55353e-09
2.97854e-09
3.33448e-09
3.71469e-09
4.02567e-09
4.36187e-09
4.62893e-09
4.92217e-09
5.14639e-09
5.39768e-09
5.58017e-09
5.79061e-09
5.93255e-09
6.10326e-09
6.20586e-09
6.33807e-09
6.40262e-09
6.4976e-09
6.52546e-09
6.58459e-09
6.57721e-09
6.60194e-09
6.56083e-09
6.55268e-09
6.4794e-09
6.43988e-09
6.3361e-09
6.26703e-09
6.13454e-09
6.03764e-09
5.87823e-09
5.75534e-09
5.57088e-09
5.42386e-09
5.21624e-09
5.04705e-09
4.81821e-09
4.62886e-09
4.3807e-09
4.17329e-09
3.90762e-09
3.68444e-09
3.40269e-09
3.16687e-09
2.86893e-09
2.62784e-09
2.3059e-09
2.0821e-09
1.70321e-09
1.54794e-09
1.05066e-09
1.04054e-09
2.54686e-10
9.79928e-10
0.111378
0.113762
0.121789
0.13464
0.154969
0.186544
0.23528
0.275733
0.332489
-0.11293
-0.325498
-0.334292
-0.37632
-0.422498
-0.468868
-0.480944
-0.440901
-0.346674
-0.227689
-0.11873
-0.041112
0.00445248
0.0257277
0.0326126
0.0318658
0.0278866
0.0229726
0.0182409
0.0141374
0.0107729
0.00810745
0.00604439
0.00447582
0.003302
0.00243756
0.00181182
0.00136687
0.00105549
0.00083958
0.000689244
0.000582308
0.000503603
0.000443706
0.000397169
0.000360677
0.000331558
0.000306759
0.000282316
0.000253533
0.000216257
0.000169167
0.000115996
6.55879e-05
2.83286e-05
9.99874e-06
7.71562e-06
1.24335e-05
1.57846e-05
1.48221e-05
1.12864e-05
7.78599e-06
5.40777e-06
3.93358e-06
2.90852e-06
2.12428e-06
1.53595e-06
1.11202e-06
8.072e-07
5.84325e-07
4.20467e-07
3.00631e-07
2.13352e-07
1.49893e-07
1.03795e-07
7.04286e-08
4.63412e-08
2.90716e-08
1.67436e-08
8.0644e-09
2.00169e-09
-2.11039e-09
-4.8544e-09
-6.55728e-09
-7.56187e-09
-8.01109e-09
-8.12087e-09
-7.93358e-09
-7.59875e-09
-7.10327e-09
-6.56258e-09
-5.93248e-09
-5.31155e-09
-4.63773e-09
-4.00184e-09
-3.33124e-09
-2.7137e-09
-2.06997e-09
-1.48721e-09
-8.81861e-10
-3.41628e-10
2.20185e-10
7.14754e-10
1.23095e-09
1.67888e-09
2.14921e-09
2.55076e-09
2.97564e-09
3.3314e-09
3.7115e-09
4.02234e-09
4.35848e-09
4.62546e-09
4.91866e-09
5.14282e-09
5.3941e-09
5.57656e-09
5.787e-09
5.92892e-09
6.09965e-09
6.20224e-09
6.33447e-09
6.39901e-09
6.49403e-09
6.52189e-09
6.58106e-09
6.57368e-09
6.59844e-09
6.55735e-09
6.54923e-09
6.47598e-09
6.43658e-09
6.33289e-09
6.26393e-09
6.1315e-09
6.03471e-09
5.87538e-09
5.75259e-09
5.5682e-09
5.42129e-09
5.21375e-09
5.04467e-09
4.8159e-09
4.62666e-09
4.37859e-09
4.17129e-09
3.9057e-09
3.68264e-09
3.40098e-09
3.16529e-09
2.86743e-09
2.6265e-09
2.30463e-09
2.08105e-09
1.70221e-09
1.54727e-09
1.04991e-09
1.04033e-09
2.54166e-10
9.80254e-10
0.112397
0.114914
0.123411
0.137151
0.159336
0.19488
0.252626
0.32073
0.430746
-0.327452
-0.371255
-0.415147
-0.458656
-0.468275
-0.428113
-0.335108
-0.217984
-0.111169
-0.0350241
0.00955946
0.0299203
0.035992
0.0345126
0.029927
0.0245281
0.0194228
0.0150371
0.0114616
0.00863919
0.00645938
0.00480381
0.00356481
0.00265103
0.00198733
0.0015126
0.0011774
0.000942175
0.000776155
0.000656589
0.000567853
0.000500071
0.000447321
0.000405814
0.000372413
0.000343621
0.000315072
0.000281779
0.000239503
0.00018712
0.000128864
7.42255e-05
3.40901e-05
1.42283e-05
1.11971e-05
1.53552e-05
1.80485e-05
1.63553e-05
1.21936e-05
8.2799e-06
5.67942e-06
4.09661e-06
3.01381e-06
2.19358e-06
1.58264e-06
1.14468e-06
8.30632e-07
6.01257e-07
4.32724e-07
3.09536e-07
2.19854e-07
1.54659e-07
1.07297e-07
7.30057e-08
4.82399e-08
3.04719e-08
1.77771e-08
8.82781e-09
2.5661e-09
-1.69274e-09
-4.54509e-09
-6.32803e-09
-7.39186e-09
-7.88494e-09
-8.02726e-09
-7.86414e-09
-7.5473e-09
-7.06523e-09
-6.53457e-09
-5.91197e-09
-5.29667e-09
-4.62711e-09
-3.99445e-09
-3.32628e-09
-2.71059e-09
-2.0683e-09
-1.48667e-09
-8.82172e-10
-3.42601e-10
2.18704e-10
7.1286e-10
1.22867e-09
1.67629e-09
2.1464e-09
2.5478e-09
2.97228e-09
3.3281e-09
3.70818e-09
4.01895e-09
4.35504e-09
4.62197e-09
4.91513e-09
5.13927e-09
5.39053e-09
5.57298e-09
5.78342e-09
5.92534e-09
6.09608e-09
6.19869e-09
6.33095e-09
6.39553e-09
6.49059e-09
6.51849e-09
6.57771e-09
6.5704e-09
6.59524e-09
6.55423e-09
6.54622e-09
6.4731e-09
6.4336e-09
6.32994e-09
6.26101e-09
6.12864e-09
6.03191e-09
5.87263e-09
5.74991e-09
5.56559e-09
5.41877e-09
5.2113e-09
5.04231e-09
4.81363e-09
4.62448e-09
4.37649e-09
4.1693e-09
3.9038e-09
3.68085e-09
3.39929e-09
3.16372e-09
2.86597e-09
2.62516e-09
2.3034e-09
2.07998e-09
1.70124e-09
1.54653e-09
1.04924e-09
1.03997e-09
2.53774e-10
9.80332e-10
0.112397
0.114914
0.123411
0.137151
0.159337
0.19488
0.252626
0.330901
0.488726
-0.324746
-0.37127
-0.41518
-0.458704
-0.468315
-0.428129
-0.335086
-0.217944
-0.111129
-0.0349939
0.00957554
0.029925
0.0359894
0.0345064
0.0299199
0.0245218
0.0194181
0.0150342
0.0114603
0.00863921
0.00646031
0.00480526
0.00356643
0.00265257
0.00198862
0.00151357
0.00117803
0.000942496
0.000776231
0.000656496
0.000567666
0.000499852
0.000447117
0.000405651
0.0003723
0.000343553
0.000315038
0.000281765
0.000239496
0.000187114
0.000128855
7.4215e-05
3.40816e-05
1.42233e-05
1.11952e-05
1.53554e-05
1.80496e-05
1.63565e-05
1.21947e-05
8.28076e-06
5.68017e-06
4.09726e-06
3.01436e-06
2.19406e-06
1.58304e-06
1.14502e-06
8.30921e-07
6.01501e-07
4.3293e-07
3.09711e-07
2.20002e-07
1.54784e-07
1.07402e-07
7.30939e-08
4.8314e-08
3.0534e-08
1.7829e-08
8.87117e-09
2.6022e-09
-1.66281e-09
-4.52035e-09
-6.30771e-09
-7.37525e-09
-7.87149e-09
-8.01647e-09
-7.85561e-09
-7.54067e-09
-7.06022e-09
-6.5309e-09
-5.90947e-09
-5.29514e-09
-4.62641e-09
-3.99445e-09
-3.32691e-09
-2.71174e-09
-2.06989e-09
-1.48863e-09
-8.84462e-10
-3.45136e-10
2.15934e-10
7.09949e-10
1.22551e-09
1.67279e-09
2.1429e-09
2.5443e-09
2.96869e-09
3.32437e-09
3.70438e-09
4.01509e-09
4.35109e-09
4.61799e-09
4.9111e-09
5.13522e-09
5.38645e-09
5.5689e-09
5.77932e-09
5.92125e-09
6.09199e-09
6.19462e-09
6.32689e-09
6.3915e-09
6.48656e-09
6.5145e-09
6.57372e-09
6.56642e-09
6.59123e-09
6.55018e-09
6.54212e-09
6.46895e-09
6.42985e-09
6.32632e-09
6.25752e-09
6.12528e-09
6.02866e-09
5.86951e-09
5.74688e-09
5.56268e-09
5.41595e-09
5.20861e-09
5.0397e-09
4.81115e-09
4.62209e-09
4.37423e-09
4.16714e-09
3.90177e-09
3.67892e-09
3.3975e-09
3.16204e-09
2.86442e-09
2.62374e-09
2.30213e-09
2.07885e-09
1.70029e-09
1.54573e-09
1.04864e-09
1.03951e-09
2.53523e-10
9.802e-10
0.111378
0.113762
0.121788
0.13464
0.154968
0.186544
0.23528
0.302906
0.414099
-0.319251
-0.332476
-0.37636
-0.422589
-0.468988
-0.481033
-0.440925
-0.346631
-0.227601
-0.118641
-0.0410438
0.00449215
0.025744
0.0326135
0.0318583
0.0278759
0.0229621
0.0182324
0.0141317
0.0107701
0.00810712
0.00604583
0.00447832
0.00330492
0.00244041
0.00181426
0.00136872
0.00105671
0.000840222
0.000689423
0.000582161
0.000503267
0.0004433
0.000396783
0.000360367
0.000331341
0.000306628
0.000282248
0.000253501
0.000216238
0.000169148
0.000115973
6.55625e-05
2.83067e-05
9.98488e-06
7.71091e-06
1.2435e-05
1.57885e-05
1.4826e-05
1.12896e-05
7.78864e-06
5.41004e-06
3.93555e-06
2.9102e-06
2.1257e-06
1.53716e-06
1.11303e-06
8.08063e-07
5.85055e-07
4.21084e-07
3.01153e-07
2.13794e-07
1.50266e-07
1.04109e-07
7.06925e-08
4.6563e-08
2.92577e-08
1.68994e-08
8.1945e-09
2.11008e-09
-2.02043e-09
-4.77997e-09
-6.49605e-09
-7.51175e-09
-7.97041e-09
-8.08812e-09
-7.90759e-09
-7.57841e-09
-7.08778e-09
-6.55112e-09
-5.9245e-09
-5.30645e-09
-4.63515e-09
-4.00135e-09
-3.33259e-09
-2.71655e-09
-2.07418e-09
-1.49253e-09
-8.8818e-10
-3.48704e-10
2.12416e-10
7.06589e-10
1.22207e-09
1.66972e-09
2.13933e-09
2.54069e-09
2.96544e-09
3.32081e-09
3.70047e-09
4.01119e-09
4.34715e-09
4.61405e-09
4.90711e-09
5.13125e-09
5.38244e-09
5.56492e-09
5.77531e-09
5.91729e-09
6.08802e-09
6.19071e-09
6.32298e-09
6.38766e-09
6.48274e-09
6.51076e-09
6.57002e-09
6.56282e-09
6.58769e-09
6.54676e-09
6.53878e-09
6.46578e-09
6.42657e-09
6.3231e-09
6.25431e-09
6.12217e-09
6.02558e-09
5.86653e-09
5.74395e-09
5.55987e-09
5.41319e-09
5.20597e-09
5.03713e-09
4.8087e-09
4.61972e-09
4.372e-09
4.16497e-09
3.89975e-09
3.67699e-09
3.39572e-09
3.16034e-09
2.8629e-09
2.62231e-09
2.30088e-09
2.07769e-09
1.69937e-09
1.54486e-09
1.04809e-09
1.0389e-09
2.53385e-10
9.79838e-10
0.109397
0.111528
0.118697
0.129881
0.147102
0.171603
0.207351
0.250953
0.264421
-0.249912
-0.326566
-0.336943
-0.378179
-0.423197
-0.470602
-0.483282
-0.445372
-0.353382
-0.236123
-0.128777
-0.0520659
-0.00629056
0.0161753
0.0246513
0.0255599
0.0230443
0.0193268
0.0155228
0.0121176
0.00926986
0.0069836
0.00519789
0.00383213
0.00280678
0.00205131
0.00150592
0.0011208
0.000854719
0.000673933
0.000551561
0.000467339
0.000407217
0.000362389
0.000327801
0.000300532
0.000278461
0.000259296
0.000239958
0.000216577
0.000185553
0.000145614
9.98546e-05
5.59344e-05
2.30093e-05
6.4836e-06
4.39252e-06
9.03244e-06
1.27439e-05
1.26027e-05
9.94117e-06
7.05178e-06
4.995e-06
3.67298e-06
2.73057e-06
2.00207e-06
1.45149e-06
1.05199e-06
7.63712e-07
5.52803e-07
3.97697e-07
2.84175e-07
2.01429e-07
1.41239e-07
9.75126e-08
6.58691e-08
4.30355e-08
2.66781e-08
1.50136e-08
6.81614e-09
1.10297e-09
-2.75611e-09
-5.31717e-09
-6.88827e-09
-7.79803e-09
-8.17942e-09
-8.24071e-09
-8.01914e-09
-7.66002e-09
-7.1477e-09
-6.59523e-09
-5.95724e-09
-5.33089e-09
-4.65369e-09
-4.01557e-09
-3.34381e-09
-2.72555e-09
-2.0817e-09
-1.49894e-09
-8.93905e-10
-3.53864e-10
2.07585e-10
7.02108e-10
1.21765e-09
1.66503e-09
2.13524e-09
2.53639e-09
2.96111e-09
3.31647e-09
3.69607e-09
4.00681e-09
4.34268e-09
4.6096e-09
4.90259e-09
5.12677e-09
5.3779e-09
5.56044e-09
5.77079e-09
5.91283e-09
6.08352e-09
6.18629e-09
6.31853e-09
6.38329e-09
6.47835e-09
6.50646e-09
6.5657e-09
6.55859e-09
6.58344e-09
6.54262e-09
6.53462e-09
6.46174e-09
6.42259e-09
6.3193e-09
6.25057e-09
6.11859e-09
6.02206e-09
5.86318e-09
5.74066e-09
5.55674e-09
5.41012e-09
5.20306e-09
5.03429e-09
4.80603e-09
4.61711e-09
4.36956e-09
4.16261e-09
3.89757e-09
3.67488e-09
3.3938e-09
3.15851e-09
2.86127e-09
2.62076e-09
2.29958e-09
2.07644e-09
1.69845e-09
1.5439e-09
1.04761e-09
1.03816e-09
2.53395e-10
9.79232e-10
0.106555
0.108357
0.11436
0.123516
0.136627
0.154473
0.172903
0.18889
0.150384
-0.168637
-0.413746
-0.312817
-0.33674
-0.378658
-0.423707
-0.467957
-0.478819
-0.43997
-0.350399
-0.239001
-0.138119
-0.0654229
-0.0207212
0.00290911
0.0135071
0.0167317
0.0162825
0.0142479
0.0117432
0.00931218
0.00718387
0.00542553
0.00402679
0.00294517
0.00212901
0.00152785
0.00109649
0.000795913
0.000593039
0.000460363
0.000375736
0.000322256
0.000287938
0.000264922
0.000248314
0.000235098
0.000223333
0.000211487
0.000197748
0.000179677
0.00015482
0.000122348
8.47951e-05
4.83546e-05
2.05348e-05
5.94485e-06
3.39714e-06
6.93825e-06
1.02014e-05
1.04766e-05
8.56917e-06
6.2724e-06
4.52763e-06
3.34937e-06
2.49399e-06
1.83201e-06
1.33048e-06
9.64514e-07
6.99584e-07
5.05841e-07
3.63464e-07
2.59231e-07
1.83216e-07
1.27922e-07
8.77693e-08
5.87381e-08
3.78155e-08
2.28571e-08
1.2217e-08
4.76964e-09
-3.9436e-10
-3.8515e-09
-6.11832e-09
-7.4742e-09
-8.22643e-09
-8.49273e-09
-8.46983e-09
-8.18685e-09
-7.78282e-09
-7.23785e-09
-6.66149e-09
-6.00621e-09
-5.36721e-09
-4.68094e-09
-4.03614e-09
-3.35967e-09
-2.73791e-09
-2.09168e-09
-1.50709e-09
-9.009e-10
-3.59928e-10
2.02051e-10
6.97631e-10
1.21287e-09
1.66097e-09
2.13081e-09
2.53204e-09
2.95643e-09
3.31205e-09
3.69166e-09
4.00248e-09
4.33826e-09
4.60526e-09
4.89817e-09
5.12243e-09
5.37349e-09
5.55611e-09
5.76639e-09
5.90853e-09
6.07917e-09
6.18205e-09
6.31425e-09
6.37914e-09
6.47417e-09
6.50243e-09
6.56165e-09
6.55471e-09
6.57957e-09
6.53893e-09
6.53097e-09
6.45825e-09
6.41906e-09
6.31591e-09
6.24717e-09
6.11534e-09
6.0188e-09
5.86009e-09
5.73758e-09
5.55383e-09
5.40723e-09
5.20035e-09
5.0316e-09
4.80353e-09
4.61464e-09
4.36729e-09
4.16037e-09
3.89553e-09
3.67288e-09
3.39201e-09
3.15677e-09
2.85976e-09
2.61928e-09
2.29839e-09
2.07523e-09
1.69763e-09
1.54291e-09
1.04726e-09
1.03727e-09
2.53588e-10
9.78324e-10
0.102993
0.104408
0.109101
0.11594
0.125016
0.135539
0.141987
0.134218
0.0618873
-0.136053
-0.309288
-0.300464
-0.327682
-0.366015
-0.409602
-0.447947
-0.453233
-0.413915
-0.332067
-0.233154
-0.143925
-0.0781875
-0.0357919
-0.0113747
0.00133913
0.00699296
0.00875563
0.00854467
0.00746462
0.00611429
0.00479304
0.00363303
0.0026769
0.00192287
0.00134943
0.000928223
0.00063019
0.000428322
0.000298733
0.000221131
0.00017906
0.00015992
0.000154593
0.000156643
0.000161413
0.000165511
0.000166771
0.00016413
0.000157014
0.000144604
0.000125867
0.000100662
7.11452e-05
4.2132e-05
1.94553e-05
6.86072e-06
3.75657e-06
5.812e-06
8.18226e-06
8.53332e-06
7.19877e-06
5.43207e-06
3.99028e-06
2.96178e-06
2.20331e-06
1.61892e-06
1.17665e-06
8.5261e-07
6.174e-07
4.45506e-07
3.19351e-07
2.27012e-07
1.59657e-07
1.1068e-07
7.51452e-08
4.94933e-08
3.10444e-08
1.78976e-08
8.58469e-09
2.10948e-09
-2.34229e-09
-5.27786e-09
-7.16258e-09
-8.23879e-09
-8.78616e-09
-8.90267e-09
-8.77003e-09
-8.40696e-09
-7.94425e-09
-7.35654e-09
-6.74886e-09
-6.07088e-09
-5.41519e-09
-4.71693e-09
-4.06327e-09
-3.38053e-09
-2.75408e-09
-2.10462e-09
-1.51756e-09
-9.09768e-10
-3.67509e-10
1.95132e-10
6.897e-10
1.20696e-09
1.65537e-09
2.12545e-09
2.52701e-09
2.95139e-09
3.30717e-09
3.68668e-09
3.99761e-09
4.3333e-09
4.60041e-09
4.89321e-09
5.11758e-09
5.36854e-09
5.55129e-09
5.76147e-09
5.90375e-09
6.07431e-09
6.17733e-09
6.30945e-09
6.37449e-09
6.46945e-09
6.49787e-09
6.55703e-09
6.55025e-09
6.57505e-09
6.53459e-09
6.52656e-09
6.45403e-09
6.41482e-09
6.31189e-09
6.24315e-09
6.11154e-09
6.01501e-09
5.85652e-09
5.73402e-09
5.5505e-09
5.4039e-09
5.19726e-09
5.02852e-09
4.80069e-09
4.61182e-09
4.36471e-09
4.15782e-09
3.89324e-09
3.67061e-09
3.39002e-09
3.15479e-09
2.85809e-09
2.61761e-09
2.29709e-09
2.07386e-09
1.69679e-09
1.54176e-09
1.04698e-09
1.03616e-09
2.54004e-10
9.77028e-10
0.0988666
0.0998816
0.103208
0.107782
0.113059
0.117718
0.115663
0.0982676
0.0334791
-0.126542
-0.243257
-0.25699
-0.297403
-0.340005
-0.378954
-0.407768
-0.407641
-0.371672
-0.302948
-0.220999
-0.14592
-0.0883376
-0.0489411
-0.0243005
-0.00993133
-0.00220974
0.00151127
0.00296036
0.00320862
0.00288775
0.00235043
0.00178182
0.00126998
0.000849225
0.000525699
0.0002918
0.000133991
3.69341e-05
-1.42899e-05
-3.28991e-05
-2.9671e-05
-1.27421e-05
1.19765e-05
3.9908e-05
6.7013e-05
8.97277e-05
0.000105611
0.000113843
0.000114807
0.000109081
9.69461e-05
7.89817e-05
5.71417e-05
3.5167e-05
1.75029e-05
7.14011e-06
3.91748e-06
4.82133e-06
6.37158e-06
6.68682e-06
5.79221e-06
4.49367e-06
3.35657e-06
2.50124e-06
1.85834e-06
1.36495e-06
9.92156e-07
7.1816e-07
5.18786e-07
3.73129e-07
2.66361e-07
1.88255e-07
1.31294e-07
8.99106e-08
5.99334e-08
3.83501e-08
2.28806e-08
1.19163e-08
4.20256e-09
-1.10093e-09
-4.694e-09
-7.00056e-09
-8.42431e-09
-9.163e-09
-9.46301e-09
-9.39856e-09
-9.13329e-09
-8.67334e-09
-8.13957e-09
-7.50012e-09
-6.85441e-09
-6.14889e-09
-5.47288e-09
-4.76004e-09
-4.09554e-09
-3.40514e-09
-2.77292e-09
-2.11951e-09
-1.52936e-09
-9.19603e-10
-3.75703e-10
1.88123e-10
6.839e-10
1.20101e-09
1.64991e-09
2.12012e-09
2.52205e-09
2.94638e-09
3.30239e-09
3.68181e-09
3.99292e-09
4.32848e-09
4.59576e-09
4.88842e-09
5.11296e-09
5.36377e-09
5.54669e-09
5.75674e-09
5.8992e-09
6.06963e-09
6.17285e-09
6.30485e-09
6.3701e-09
6.46496e-09
6.49361e-09
6.55268e-09
6.54614e-09
6.57087e-09
6.53066e-09
6.52257e-09
6.4503e-09
6.411e-09
6.30832e-09
6.23949e-09
6.10814e-09
6.01153e-09
5.8533e-09
5.73074e-09
5.54748e-09
5.40083e-09
5.19446e-09
5.02567e-09
4.79813e-09
4.60921e-09
4.36238e-09
4.15545e-09
3.89116e-09
3.6685e-09
3.38821e-09
3.15295e-09
2.85659e-09
2.61605e-09
2.29596e-09
2.07255e-09
1.69612e-09
1.54059e-09
1.04692e-09
1.03483e-09
2.54748e-10
9.7522e-10
0.0943389
0.0949574
0.0969594
0.0993765
0.101362
0.101025
0.093226
0.0692684
0.0128416
-0.103507
-0.202128
-0.233523
-0.272476
-0.308415
-0.339107
-0.360785
-0.359875
-0.330091
-0.274947
-0.208656
-0.14611
-0.0958854
-0.0595247
-0.0351674
-0.0197396
-0.0104652
-0.0051623
-0.00230379
-0.000882766
-0.000265135
-6.85671e-05
-7.12114e-05
-0.000150149
-0.000241366
-0.000314796
-0.000359355
-0.000374169
-0.00036348
-0.000333582
-0.000290876
-0.000240679
-0.000186809
-0.000131956
-7.86043e-05
-2.97669e-05
1.12485e-05
4.1983e-05
6.18168e-05
7.17972e-05
7.35287e-05
6.83265e-05
5.7397e-05
4.26314e-05
2.70259e-05
1.40153e-05
6.00522e-06
3.1416e-06
3.44745e-06
4.49142e-06
4.82577e-06
4.3154e-06
3.44703e-06
2.62328e-06
1.96894e-06
1.46452e-06
1.07577e-06
7.8165e-07
5.64675e-07
4.06359e-07
2.90676e-07
2.05956e-07
1.44029e-07
9.89066e-08
6.6185e-08
4.25497e-08
2.56114e-08
1.35449e-08
5.07403e-09
-8.12017e-10
-4.77608e-09
-7.38724e-09
-8.97434e-09
-9.87062e-09
-1.0223e-08
-1.02398e-08
-9.96809e-09
-9.55081e-09
-8.97981e-09
-8.36451e-09
-7.66567e-09
-6.97628e-09
-6.2391e-09
-5.53969e-09
-4.81006e-09
-4.13302e-09
-3.4338e-09
-2.79485e-09
-2.13687e-09
-1.54311e-09
-9.31073e-10
-3.85338e-10
1.79073e-10
6.76786e-10
1.19416e-09
1.64372e-09
2.11405e-09
2.51643e-09
2.94072e-09
3.29704e-09
3.67634e-09
3.9877e-09
4.32308e-09
4.59059e-09
4.88307e-09
5.10783e-09
5.35846e-09
5.54161e-09
5.75148e-09
5.89419e-09
6.06444e-09
6.16792e-09
6.29976e-09
6.36527e-09
6.45998e-09
6.48889e-09
6.54782e-09
6.54156e-09
6.56614e-09
6.52623e-09
6.51801e-09
6.44604e-09
6.40662e-09
6.30425e-09
6.23532e-09
6.10429e-09
6.00758e-09
5.84969e-09
5.72702e-09
5.54411e-09
5.39736e-09
5.19134e-09
5.02247e-09
4.79526e-09
4.60627e-09
4.3598e-09
4.15279e-09
3.88887e-09
3.66614e-09
3.38623e-09
3.1509e-09
2.85496e-09
2.61431e-09
2.29475e-09
2.07108e-09
1.69545e-09
1.53923e-09
1.04702e-09
1.03316e-09
2.55906e-10
9.72712e-10
0.0895689
0.0898189
0.0905872
0.0910906
0.0902903
0.0861767
0.074486
0.0479756
-0.00202133
-0.0929017
-0.174781
-0.210292
-0.247797
-0.281355
-0.307935
-0.324716
-0.322265
-0.296968
-0.252014
-0.197697
-0.145091
-0.10112
-0.0677237
-0.0440672
-0.0280988
-0.0177284
-0.0111887
-0.00716157
-0.00472715
-0.00327265
-0.00240513
-0.0018798
-0.00154817
-0.00132257
-0.00115279
-0.00101138
-0.00088444
-0.000765985
-0.000654252
-0.00054926
-0.00045124
-0.000359977
-0.000275094
-0.000196933
-0.000127212
-6.85992e-05
-2.32774e-05
8.39287e-06
2.79372e-05
3.76675e-05
3.96467e-05
3.55811e-05
2.7382e-05
1.75711e-05
8.89884e-06
3.3581e-06
1.31608e-06
1.56654e-06
2.46124e-06
2.93247e-06
2.79234e-06
2.32583e-06
1.81614e-06
1.38048e-06
1.03178e-06
7.5859e-07
5.50302e-07
3.9581e-07
2.82713e-07
2.00027e-07
1.39518e-07
9.53505e-08
6.32392e-08
4.0047e-08
2.33934e-08
1.15707e-08
3.2532e-09
-2.4701e-09
-6.34187e-09
-8.82953e-09
-1.03582e-08
-1.1152e-08
-1.14665e-08
-1.13929e-08
-1.10971e-08
-1.05968e-08
-1.00117e-08
-9.31809e-09
-8.6127e-09
-7.84828e-09
-7.11054e-09
-6.33839e-09
-5.61304e-09
-4.86485e-09
-4.17388e-09
-3.46491e-09
-2.81845e-09
-2.15542e-09
-1.55757e-09
-9.42981e-10
-3.9495e-10
1.70783e-10
6.69639e-10
1.18739e-09
1.63772e-09
2.10815e-09
2.51106e-09
2.93526e-09
3.29197e-09
3.67108e-09
3.98278e-09
4.31792e-09
4.58574e-09
4.87796e-09
5.10303e-09
5.35339e-09
5.53685e-09
5.74646e-09
5.88949e-09
6.05949e-09
6.16329e-09
6.29489e-09
6.36074e-09
6.45522e-09
6.48449e-09
6.54319e-09
6.5373e-09
6.56167e-09
6.52214e-09
6.51371e-09
6.44212e-09
6.4025e-09
6.30053e-09
6.23139e-09
6.10076e-09
6.00386e-09
5.84636e-09
5.72351e-09
5.54101e-09
5.39408e-09
5.18847e-09
5.01942e-09
4.79264e-09
4.60348e-09
4.35743e-09
4.15026e-09
3.88677e-09
3.66389e-09
3.38444e-09
3.14893e-09
2.8535e-09
2.61263e-09
2.29371e-09
2.06963e-09
1.695e-09
1.53777e-09
1.04745e-09
1.03111e-09
2.57671e-10
9.69249e-10
0.0847042
0.0846211
0.084285
0.0831275
0.0800543
0.0730726
0.0588483
0.0315326
-0.0132015
-0.0853957
-0.153532
-0.191545
-0.22787
-0.258414
-0.280987
-0.293855
-0.290956
-0.269801
-0.23295
-0.188011
-0.143384
-0.104726
-0.0741151
-0.0513873
-0.0352338
-0.0241128
-0.0166162
-0.0116264
-0.00832113
-0.0061242
-0.00464631
-0.00363081
-0.00291169
-0.00238305
-0.00197809
-0.00165522
-0.0013889
-0.00116375
-0.000970479
-0.000803106
-0.000657083
-0.00052843
-0.000413879
-0.000311658
-0.000222042
-0.000146805
-8.75868e-05
-4.43709e-05
-1.52521e-05
2.56717e-06
1.16725e-05
1.41491e-05
1.19704e-05
7.37404e-06
2.6708e-06
-4.10058e-07
-1.33223e-06
-7.44014e-07
2.87995e-07
1.01116e-06
1.24681e-06
1.16335e-06
9.63869e-07
7.55869e-07
5.7304e-07
4.22592e-07
3.04886e-07
2.16448e-07
1.51357e-07
1.03717e-07
6.88967e-08
4.3575e-08
2.52816e-08
1.22188e-08
2.99111e-09
-3.38787e-09
-7.71435e-09
-1.05118e-08
-1.22379e-08
-1.31526e-08
-1.35276e-08
-1.34759e-08
-1.31702e-08
-1.26422e-08
-1.20131e-08
-1.12689e-08
-1.05046e-08
-9.68025e-09
-8.87863e-09
-8.0442e-09
-7.25476e-09
-6.44526e-09
-5.69211e-09
-4.9241e-09
-4.21816e-09
-3.49877e-09
-2.8442e-09
-2.17581e-09
-1.57352e-09
-9.5624e-10
-4.05504e-10
1.61423e-10
6.61612e-10
1.17978e-09
1.63101e-09
2.10149e-09
2.50504e-09
2.92911e-09
3.28632e-09
3.66519e-09
3.97731e-09
4.31215e-09
4.58037e-09
4.87226e-09
5.09773e-09
5.34776e-09
5.53162e-09
5.74091e-09
5.88434e-09
6.05402e-09
6.15824e-09
6.28952e-09
6.35581e-09
6.44998e-09
6.47969e-09
6.5381e-09
6.53266e-09
6.55675e-09
6.51768e-09
6.50897e-09
6.43786e-09
6.39796e-09
6.29647e-09
6.22707e-09
6.09692e-09
5.99977e-09
5.84277e-09
5.71966e-09
5.53766e-09
5.39049e-09
5.18538e-09
5.0161e-09
4.78982e-09
4.60042e-09
4.3549e-09
4.1475e-09
3.88454e-09
3.66142e-09
3.38253e-09
3.14678e-09
2.85196e-09
2.61079e-09
2.29264e-09
2.06803e-09
1.69462e-09
1.53609e-09
1.04819e-09
1.02851e-09
2.60228e-10
9.64449e-10
0.0798771
0.0795044
0.078206
0.0756596
0.0707729
0.0617199
0.0459286
0.018906
-0.0213698
-0.0804097
-0.138274
-0.175833
-0.209895
-0.237977
-0.258156
-0.268927
-0.26602
-0.248049
-0.217294
-0.179548
-0.141273
-0.10709
-0.0790353
-0.057353
-0.0412648
-0.0296612
-0.0214393
-0.0156675
-0.011624
-0.00877828
-0.00675439
-0.00529227
-0.00421479
-0.00340247
-0.00277515
-0.00227923
-0.001879
-0.00155061
-0.00127792
-0.00104943
-0.000856198
-0.00069079
-0.000547273
-0.000421865
-0.000313367
-0.000222485
-0.000150145
-9.58748e-05
-5.74201e-05
-3.16276e-05
-1.556e-05
-6.85599e-06
-3.46627e-06
-3.30951e-06
-4.34218e-06
-4.99237e-06
-4.59031e-06
-3.37774e-06
-1.98814e-06
-9.1528e-07
-2.92323e-07
-7.59502e-09
9.43787e-08
1.14516e-07
1.01016e-07
7.6255e-08
5.13468e-08
3.0831e-08
1.52999e-08
3.90808e-09
-4.32882e-09
-1.01399e-08
-1.41159e-08
-1.66749e-08
-1.81978e-08
-1.89263e-08
-1.91088e-08
-1.88675e-08
-1.83649e-08
-1.76454e-08
-1.68217e-08
-1.58914e-08
-1.49411e-08
-1.3941e-08
-1.29653e-08
-1.19675e-08
-1.10169e-08
-1.00566e-08
-9.15482e-09
-8.24763e-09
-7.40431e-09
-6.556e-09
-5.77384e-09
-4.98527e-09
-4.26364e-09
-3.53349e-09
-2.87037e-09
-2.19645e-09
-1.58941e-09
-9.69381e-10
-4.15977e-10
1.52176e-10
6.53943e-10
1.17248e-09
1.62475e-09
2.0952e-09
2.4995e-09
2.92332e-09
3.28114e-09
3.65965e-09
3.97232e-09
4.30673e-09
4.57547e-09
4.86691e-09
5.09289e-09
5.34247e-09
5.52684e-09
5.73567e-09
5.87962e-09
6.04885e-09
6.15361e-09
6.28445e-09
6.35129e-09
6.44502e-09
6.47529e-09
6.53327e-09
6.52841e-09
6.55207e-09
6.51359e-09
6.50447e-09
6.43395e-09
6.39365e-09
6.29276e-09
6.22296e-09
6.09342e-09
5.99587e-09
5.83948e-09
5.71599e-09
5.53461e-09
5.38705e-09
5.18258e-09
5.01291e-09
4.78727e-09
4.5975e-09
4.35261e-09
4.14485e-09
3.88254e-09
3.65905e-09
3.38083e-09
3.14471e-09
2.85063e-09
2.609e-09
2.29178e-09
2.06642e-09
1.69451e-09
1.53426e-09
1.04946e-09
1.02528e-09
2.63942e-10
9.57812e-10
0.0752025
0.0745833
0.0724681
0.068783
0.0624828
0.0519588
0.0352697
0.00906175
-0.0274534
-0.0770035
-0.12665
-0.162655
-0.194608
-0.220504
-0.238576
-0.247647
-0.24496
-0.229754
-0.203952
-0.171998
-0.138929
-0.108556
-0.0828128
-0.0622069
-0.0463441
-0.0344559
-0.0256945
-0.0192946
-0.0146316
-0.0112244
-0.00871678
-0.00685164
-0.00544593
-0.00437062
-0.00353508
-0.0028758
-0.00234824
-0.00192109
-0.001572
-0.00128443
-0.00104542
-0.000844375
-0.000672924
-0.00052541
-0.000399158
-0.000293741
-0.000209257
-0.000144679
-9.74136e-05
-6.40433e-05
-4.13854e-05
-2.68842e-05
-1.84147e-05
-1.39697e-05
-1.16573e-05
-9.98851e-06
-8.18317e-06
-6.18353e-06
-4.29901e-06
-2.81298e-06
-1.79708e-06
-1.15902e-06
-7.67787e-07
-5.24888e-07
-3.70871e-07
-2.70699e-07
-2.03161e-07
-1.5579e-07
-1.21623e-07
-9.65977e-08
-7.81073e-08
-6.42898e-08
-5.38514e-08
-4.58284e-08
-3.95844e-08
-3.46143e-08
-3.06158e-08
-2.73078e-08
-2.45552e-08
-2.21858e-08
-2.01514e-08
-1.83337e-08
-1.67322e-08
-1.52551e-08
-1.39291e-08
-1.26751e-08
-1.15361e-08
-1.04384e-08
-9.43521e-09
-8.45448e-09
-7.55658e-09
-6.66906e-09
-5.85743e-09
-5.04812e-09
-4.31051e-09
-3.56951e-09
-2.89764e-09
-2.21819e-09
-1.60627e-09
-9.835e-10
-4.27407e-10
1.41975e-10
6.45522e-10
1.16438e-09
1.6178e-09
2.08814e-09
2.49332e-09
2.91681e-09
3.27536e-09
3.65342e-09
3.96675e-09
4.30066e-09
4.57003e-09
4.86094e-09
5.08754e-09
5.33657e-09
5.52158e-09
5.72986e-09
5.87445e-09
6.04314e-09
6.14855e-09
6.27885e-09
6.34636e-09
6.43956e-09
6.47051e-09
6.52797e-09
6.5238e-09
6.54696e-09
6.50917e-09
6.49955e-09
6.42974e-09
6.38894e-09
6.28876e-09
6.21847e-09
6.08966e-09
5.99162e-09
5.83596e-09
5.71199e-09
5.53134e-09
5.38332e-09
5.17958e-09
5.00944e-09
4.78455e-09
4.59431e-09
4.35018e-09
4.14195e-09
3.88042e-09
3.65647e-09
3.37904e-09
3.14244e-09
2.84923e-09
2.60704e-09
2.29091e-09
2.06464e-09
1.69452e-09
1.53212e-09
1.05123e-09
1.02119e-09
2.69157e-10
9.48597e-10
0.0707778
0.0699543
0.0671608
0.0625641
0.055185
0.0436549
0.0265256
0.00136525
-0.0319724
-0.0745463
-0.117823
-0.151788
-0.181551
-0.205461
-0.221963
-0.23006
-0.227825
-0.214888
-0.192939
-0.165505
-0.136599
-0.109393
-0.0856831
-0.0661191
-0.0505771
-0.0385496
-0.0293976
-0.022501
-0.017325
-0.0134387
-0.0105093
-0.00828662
-0.00658582
-0.00527149
-0.00424504
-0.00343485
-0.00278892
-0.00226941
-0.00184849
-0.0015051
-0.00122266
-0.000987767
-0.000789863
-0.000621579
-0.000478831
-0.000360048
-0.000264442
-0.00019039
-0.000134948
-9.44991e-05
-6.56891e-05
-4.58308e-05
-3.27301e-05
-2.4404e-05
-1.90366e-05
-1.51734e-05
-1.19415e-05
-9.06078e-06
-6.59442e-06
-4.65442e-06
-3.24476e-06
-2.26873e-06
-1.60307e-06
-1.14717e-06
-8.31623e-07
-6.10393e-07
-4.52953e-07
-3.39301e-07
-2.56435e-07
-1.95639e-07
-1.50857e-07
-1.17712e-07
-9.30679e-08
-7.46097e-08
-6.07029e-08
-5.01084e-08
-4.19819e-08
-3.56456e-08
-3.06708e-08
-2.66717e-08
-2.34412e-08
-2.07469e-08
-1.85017e-08
-1.65534e-08
-1.48811e-08
-1.3374e-08
-1.20487e-08
-1.08153e-08
-9.7118e-09
-8.65849e-09
-7.70649e-09
-6.78033e-09
-5.93944e-09
-5.10972e-09
-4.35617e-09
-3.60458e-09
-2.9239e-09
-2.23913e-09
-1.62224e-09
-9.9708e-10
-4.37914e-10
1.32459e-10
6.37882e-10
1.15689e-09
1.61162e-09
2.08169e-09
2.48788e-09
2.91087e-09
3.2703e-09
3.64775e-09
3.96188e-09
4.29511e-09
4.56526e-09
4.85546e-09
5.08284e-09
5.33115e-09
5.51694e-09
5.72449e-09
5.86989e-09
6.03785e-09
6.14408e-09
6.27366e-09
6.34199e-09
6.43448e-09
6.46628e-09
6.52303e-09
6.51972e-09
6.54217e-09
6.50526e-09
6.49494e-09
6.426e-09
6.38452e-09
6.28523e-09
6.21425e-09
6.08633e-09
5.98762e-09
5.83286e-09
5.70822e-09
5.52848e-09
5.37978e-09
5.17696e-09
5.00616e-09
4.78219e-09
4.59129e-09
4.34809e-09
4.13921e-09
3.87861e-09
3.65401e-09
3.37754e-09
3.14027e-09
2.8481e-09
2.60514e-09
2.29031e-09
2.06286e-09
1.69491e-09
1.5298e-09
1.0538e-09
1.01614e-09
2.76553e-10
9.3583e-10
0.0666836
0.0656942
0.0623486
0.0570354
0.0488492
0.0366528
0.0193807
-0.00468371
-0.0353569
-0.0727352
-0.111005
-0.142806
-0.170566
-0.192779
-0.208003
-0.215345
-0.213519
-0.202446
-0.183599
-0.159808
-0.134308
-0.109768
-0.0878377
-0.0692522
-0.0540797
-0.0420144
-0.0325878
-0.0253032
-0.0197073
-0.015417
-0.0121241
-0.00958842
-0.00762581
-0.00609715
-0.00489802
-0.00395033
-0.00319589
-0.00259127
-0.00210382
-0.00170849
-0.00138553
-0.00111901
-0.000896464
-0.00070896
-0.000551113
-0.000420232
-0.000314628
-0.00023206
-0.000169231
-0.000122354
-8.79575e-05
-6.32647e-05
-4.60227e-05
-3.42434e-05
-2.61399e-05
-2.02623e-05
-1.56578e-05
-1.18791e-05
-8.80145e-06
-6.39796e-06
-4.60648e-06
-3.31304e-06
-2.39178e-06
-1.73672e-06
-1.2693e-06
-9.33777e-07
-6.91191e-07
-5.14574e-07
-3.85325e-07
-2.90398e-07
-2.20501e-07
-1.68879e-07
-1.30645e-07
-1.02198e-07
-8.09519e-08
-6.49683e-08
-5.28854e-08
-4.36458e-08
-3.65399e-08
-3.09778e-08
-2.65999e-08
-2.30646e-08
-2.02018e-08
-1.78013e-08
-1.57965e-08
-1.40466e-08
-1.25423e-08
-1.11787e-08
-9.97876e-09
-8.85582e-09
-7.85174e-09
-6.88856e-09
-6.01942e-09
-5.17019e-09
-4.40119e-09
-3.63952e-09
-2.95025e-09
-2.26049e-09
-1.63859e-09
-1.01115e-09
-4.49046e-10
1.22187e-10
6.29566e-10
1.14862e-09
1.60474e-09
2.07443e-09
2.48176e-09
2.90416e-09
3.26457e-09
3.64131e-09
3.95637e-09
4.28883e-09
4.55988e-09
4.84928e-09
5.07757e-09
5.32506e-09
5.51176e-09
5.7185e-09
5.86482e-09
6.03197e-09
6.13913e-09
6.2679e-09
6.33718e-09
6.42887e-09
6.46163e-09
6.51758e-09
6.51525e-09
6.53691e-09
6.50098e-09
6.48988e-09
6.42194e-09
6.37967e-09
6.28139e-09
6.20964e-09
6.08273e-09
5.98324e-09
5.82951e-09
5.7041e-09
5.52538e-09
5.37592e-09
5.17413e-09
5.00257e-09
4.77964e-09
4.58799e-09
4.34583e-09
4.1362e-09
3.87665e-09
3.65131e-09
3.37592e-09
3.13789e-09
2.84688e-09
2.60304e-09
2.28967e-09
2.06087e-09
1.69539e-09
1.52711e-09
1.05704e-09
1.00984e-09
2.86733e-10
9.18135e-10
0.0629856
0.0618641
0.0580781
0.0522131
0.0434356
0.0308187
0.0135889
-0.00943027
-0.0378911
-0.0713538
-0.105714
-0.13547
-0.16143
-0.182173
-0.196378
-0.20325
-0.201885
-0.19235
-0.175948
-0.155015
-0.132227
-0.109868
-0.0894473
-0.0717397
-0.0569441
-0.0449063
-0.0352925
-0.0277095
-0.0217746
-0.0171488
-0.0135482
-0.0107433
-0.00855302
-0.00683628
-0.00548447
-0.00441447
-0.00356299
-0.00288188
-0.00233439
-0.00189201
-0.00153221
-0.0012369
-0.000991942
-0.000787046
-0.000615647
-0.000474005
-0.000359561
-0.000269463
-0.000200077
-0.000147464
-0.000108078
-7.90827e-05
-5.8176e-05
-4.33489e-05
-3.28156e-05
-2.51128e-05
-1.92209e-05
-1.45651e-05
-1.08768e-05
-8.01718e-06
-5.86254e-06
-4.27499e-06
-3.11939e-06
-2.2819e-06
-1.67502e-06
-1.23425e-06
-9.13026e-07
-6.78066e-07
-5.05707e-07
-3.78983e-07
-2.85649e-07
-2.16763e-07
-1.65823e-07
-1.2803e-07
-9.99155e-08
-7.88871e-08
-6.30993e-08
-5.11408e-08
-4.20385e-08
-3.50122e-08
-2.95592e-08
-2.5236e-08
-2.17943e-08
-1.89702e-08
-1.66538e-08
-1.46764e-08
-1.30042e-08
-1.15187e-08
-1.02282e-08
-9.04017e-09
-7.98709e-09
-6.98937e-09
-6.09356e-09
-5.22625e-09
-4.44255e-09
-3.67164e-09
-2.97409e-09
-2.27984e-09
-1.65316e-09
-1.02376e-09
-4.58655e-10
1.13125e-10
6.2255e-10
1.1414e-09
1.59906e-09
2.06815e-09
2.47675e-09
2.89833e-09
3.25991e-09
3.63572e-09
3.95189e-09
4.28335e-09
4.55549e-09
4.84387e-09
5.07325e-09
5.3197e-09
5.5075e-09
5.71319e-09
5.86063e-09
6.02673e-09
6.13503e-09
6.26276e-09
6.33319e-09
6.42384e-09
6.45776e-09
6.51268e-09
6.51153e-09
6.53216e-09
6.49743e-09
6.4853e-09
6.41857e-09
6.37528e-09
6.27821e-09
6.20544e-09
6.07976e-09
5.97926e-09
5.82675e-09
5.70034e-09
5.52285e-09
5.3724e-09
5.17184e-09
4.99929e-09
4.7776e-09
4.58496e-09
4.34405e-09
4.13343e-09
3.87514e-09
3.64882e-09
3.37472e-09
3.13567e-09
2.84604e-09
2.60107e-09
2.2894e-09
2.05896e-09
1.69633e-09
1.52427e-09
1.06136e-09
1.00231e-09
3.00811e-10
8.93833e-10
0.0597358
0.0585114
0.0543813
0.0480993
0.0388982
0.0260309
0.00894531
-0.0131367
-0.0397879
-0.0702876
-0.101607
-0.12954
-0.153947
-0.173465
-0.186856
-0.193378
-0.192393
-0.184083
-0.169612
-0.150947
-0.13034
-0.109768
-0.0906211
-0.0736856
-0.0592524
-0.0472816
-0.0375462
-0.0297377
-0.0235336
-0.018634
-0.0147775
-0.0117458
-0.00936152
-0.00748315
-0.0059992
-0.00482271
-0.00388632
-0.00313801
-0.00253754
-0.00205349
-0.00166097
-0.00134007
-0.00107521
-0.000854931
-0.000671644
-0.000520647
-0.000398572
-0.000301994
-0.000226954
-0.000169379
-0.000125674
-9.29608e-05
-6.88998e-05
-5.1454e-05
-3.88233e-05
-2.95232e-05
-2.24774e-05
-1.70142e-05
-1.2755e-05
-9.47129e-06
-6.98549e-06
-5.1341e-06
-3.76977e-06
-2.76991e-06
-2.03869e-06
-1.50392e-06
-1.11233e-06
-8.25092e-07
-6.14049e-07
-4.58758e-07
-3.44351e-07
-2.59929e-07
-1.97546e-07
-1.51332e-07
-1.17025e-07
-9.14478e-08
-7.23185e-08
-5.79072e-08
-4.70038e-08
-3.86563e-08
-3.22328e-08
-2.71986e-08
-2.32342e-08
-2.00278e-08
-1.74298e-08
-1.52472e-08
-1.34233e-08
-1.18277e-08
-1.04553e-08
-9.20859e-09
-8.11109e-09
-7.08228e-09
-6.16222e-09
-5.27868e-09
-4.48157e-09
-3.70242e-09
-2.9972e-09
-2.29897e-09
-1.66779e-09
-1.0368e-09
-4.68797e-10
1.03346e-10
6.14796e-10
1.13333e-09
1.59256e-09
2.06096e-09
2.4709e-09
2.89161e-09
3.25442e-09
3.62924e-09
3.9466e-09
4.27702e-09
4.55034e-09
4.83765e-09
5.06819e-09
5.31357e-09
5.50256e-09
5.70716e-09
5.8558e-09
6.02081e-09
6.13032e-09
6.25697e-09
6.32863e-09
6.4182e-09
6.45337e-09
6.50721e-09
6.50731e-09
6.52687e-09
6.49341e-09
6.48022e-09
6.41476e-09
6.37041e-09
6.27463e-09
6.2008e-09
6.07641e-09
5.97486e-09
5.82365e-09
5.69618e-09
5.52e-09
5.3685e-09
5.16925e-09
4.99566e-09
4.77528e-09
4.58161e-09
4.34202e-09
4.13037e-09
3.87341e-09
3.64605e-09
3.37331e-09
3.1332e-09
2.84501e-09
2.59887e-09
2.28897e-09
2.05681e-09
1.69725e-09
1.52106e-09
1.06636e-09
9.93341e-10
3.19519e-10
8.61027e-10
0.0569747
0.0556721
0.0512797
0.0446899
0.0351929
0.0221892
0.00529157
-0.0159906
-0.0411935
-0.0694613
-0.0984467
-0.12484
-0.147957
-0.166471
-0.17922
-0.185509
-0.184871
-0.177541
-0.16457
-0.147656
-0.128747
-0.10959
-0.091475
-0.0751863
-0.061076
-0.0491879
-0.0393765
-0.0314006
-0.0249873
-0.0198694
-0.0158056
-0.012588
-0.0100433
-0.00803027
-0.00643562
-0.00516952
-0.00416138
-0.00335607
-0.00271053
-0.00219093
-0.00177043
-0.00142761
-0.00114571
-0.000912316
-0.000718934
-0.000560043
-0.00043156
-0.000329547
-0.000249759
-0.000188006
-0.000140662
-0.000104823
-7.81152e-05
-5.84728e-05
-4.4074e-05
-3.34101e-05
-2.53595e-05
-1.91778e-05
-1.44035e-05
-1.07382e-05
-7.95861e-06
-5.87665e-06
-4.33166e-06
-3.19185e-06
-2.35359e-06
-1.73786e-06
-1.28556e-06
-9.53098e-07
-7.08498e-07
-5.28366e-07
-3.95598e-07
-2.97624e-07
-2.25252e-07
-1.71686e-07
-1.31972e-07
-1.02422e-07
-8.03739e-08
-6.38201e-08
-5.13427e-08
-4.18408e-08
-3.4569e-08
-2.89134e-08
-2.4492e-08
-2.09516e-08
-1.81074e-08
-1.57455e-08
-1.37887e-08
-1.20972e-08
-1.06529e-08
-9.3551e-09
-8.21852e-09
-7.16278e-09
-6.22124e-09
-5.32378e-09
-4.51464e-09
-3.72869e-09
-3.0164e-09
-2.31501e-09
-1.67957e-09
-1.0475e-09
-4.76691e-10
9.54397e-11
6.08957e-10
1.12688e-09
1.58778e-09
2.05525e-09
2.46667e-09
2.88626e-09
3.25046e-09
3.62407e-09
3.94278e-09
4.27193e-09
4.5466e-09
4.83261e-09
5.06452e-09
5.30858e-09
5.49893e-09
5.70222e-09
5.85224e-09
6.01593e-09
6.12685e-09
6.25217e-09
6.32526e-09
6.4135e-09
6.45011e-09
6.50263e-09
6.50419e-09
6.52243e-09
6.49043e-09
6.47593e-09
6.41195e-09
6.36629e-09
6.27199e-09
6.19686e-09
6.07396e-09
5.97111e-09
5.8214e-09
5.69264e-09
5.51797e-09
5.36517e-09
5.16743e-09
4.99255e-09
4.77369e-09
4.57873e-09
4.34066e-09
4.12773e-09
3.8723e-09
3.64365e-09
3.37247e-09
3.13105e-09
2.84451e-09
2.59695e-09
2.28902e-09
2.05489e-09
1.69865e-09
1.51793e-09
1.07238e-09
9.83356e-10
3.4381e-10
8.18326e-10
0.0547332
0.0533731
0.0487872
0.0419771
0.0322796
0.0192106
0.00250316
-0.0181318
-0.0422148
-0.0688338
-0.0960726
-0.121232
-0.143322
-0.161049
-0.173305
-0.179429
-0.179061
-0.172472
-0.16063
-0.145041
-0.127429
-0.109369
-0.0920685
-0.0763039
-0.0624677
-0.0506641
-0.0408089
-0.032713
-0.0261423
-0.0208566
-0.016631
-0.0132667
-0.0105945
-0.00847384
-0.00679019
-0.00545172
-0.00438543
-0.00353378
-0.00285149
-0.00230282
-0.00185939
-0.00149859
-0.00120273
-0.000958598
-0.000757002
-0.000591729
-0.000458098
-0.000351732
-0.000268142
-0.000203041
-0.00015278
-0.000114435
-8.56103e-05
-6.42112e-05
-4.83938e-05
-3.66269e-05
-2.77533e-05
-2.0975e-05
-1.57691e-05
-1.17839e-05
-8.75965e-06
-6.48692e-06
-4.79304e-06
-3.53808e-06
-2.61183e-06
-1.9296e-06
-1.42753e-06
-1.05801e-06
-7.85946e-07
-5.85479e-07
-4.3767e-07
-3.28585e-07
-2.48015e-07
-1.88411e-07
-1.44255e-07
-1.11441e-07
-8.69956e-08
-6.86818e-08
-5.49113e-08
-4.4461e-08
-3.64921e-08
-3.03259e-08
-2.55287e-08
-2.17139e-08
-1.86671e-08
-1.61579e-08
-1.40917e-08
-1.23215e-08
-1.08179e-08
-9.47817e-09
-8.30927e-09
-7.23148e-09
-6.27211e-09
-5.36329e-09
-4.54403e-09
-3.75251e-09
-3.03443e-09
-2.33053e-09
-1.69138e-09
-1.05851e-09
-4.85182e-10
8.68111e-11
6.02225e-10
1.11951e-09
1.58199e-09
2.04855e-09
2.46139e-09
2.87992e-09
3.24547e-09
3.61793e-09
3.93797e-09
4.26593e-09
4.54192e-09
4.82671e-09
5.05994e-09
5.30277e-09
5.49447e-09
5.69652e-09
5.8479e-09
6.01035e-09
6.12263e-09
6.24671e-09
6.32118e-09
6.40819e-09
6.4462e-09
6.49749e-09
6.50045e-09
6.51746e-09
6.48688e-09
6.47114e-09
6.4086e-09
6.36171e-09
6.26885e-09
6.19249e-09
6.07104e-09
5.96696e-09
5.8187e-09
5.68871e-09
5.5155e-09
5.36148e-09
5.16521e-09
4.98911e-09
4.77171e-09
4.57554e-09
4.33894e-09
4.1248e-09
3.87085e-09
3.64099e-09
3.3713e-09
3.12865e-09
2.84368e-09
2.59479e-09
2.28875e-09
2.05275e-09
1.69972e-09
1.51458e-09
1.07847e-09
9.72657e-10
3.72863e-10
7.66448e-10
0.053034
0.0516337
0.0469124
0.0399521
0.0301249
0.0170313
0.000487837
-0.0196592
-0.0429243
-0.0683785
-0.0943733
-0.118611
-0.139936
-0.157082
-0.16898
-0.174994
-0.174834
-0.168788
-0.157758
-0.143119
-0.126439
-0.109175
-0.0924728
-0.0771002
-0.0634755
-0.051744
-0.0418648
-0.0336862
-0.0270031
-0.0215954
-0.0172508
-0.013778
-0.0110107
-0.00880937
-0.00705882
-0.00566578
-0.00455555
-0.0036688
-0.00295862
-0.00238786
-0.00192699
-0.00155249
-0.00124599
-0.000993693
-0.000785854
-0.000615736
-0.000478202
-0.000368541
-0.000282074
-0.000214446
-0.000161987
-0.000121763
-9.1353e-05
-6.86371e-05
-5.17496e-05
-3.91413e-05
-2.96301e-05
-2.23821e-05
-1.68328e-05
-1.2593e-05
-9.37542e-06
-6.95388e-06
-5.14519e-06
-3.8022e-06
-2.80903e-06
-2.07635e-06
-1.53646e-06
-1.13872e-06
-8.45629e-07
-6.2953e-07
-4.70126e-07
-3.52464e-07
-2.65566e-07
-2.01305e-07
-1.53725e-07
-1.18397e-07
-9.21028e-08
-7.24324e-08
-5.76642e-08
-4.64823e-08
-3.79752e-08
-3.14153e-08
-2.63279e-08
-2.23016e-08
-1.90981e-08
-1.64756e-08
-1.43247e-08
-1.24939e-08
-1.09443e-08
-9.57252e-09
-8.37834e-09
-7.28386e-09
-6.31036e-09
-5.39312e-09
-4.56579e-09
-3.77006e-09
-3.04714e-09
-2.34185e-09
-1.69947e-09
-1.0664e-09
-4.90757e-10
8.07195e-11
5.97983e-10
1.11436e-09
1.57844e-09
2.04386e-09
2.4582e-09
2.87547e-09
3.24246e-09
3.6136e-09
3.93506e-09
4.26165e-09
4.53907e-09
4.82246e-09
5.05714e-09
5.29855e-09
5.49171e-09
5.69234e-09
5.84519e-09
6.00622e-09
6.11999e-09
6.24265e-09
6.31863e-09
6.40421e-09
6.44374e-09
6.49361e-09
6.4981e-09
6.5137e-09
6.48466e-09
6.4675e-09
6.40651e-09
6.35821e-09
6.26691e-09
6.18914e-09
6.06926e-09
5.96377e-09
5.81708e-09
5.68569e-09
5.51405e-09
5.35863e-09
5.16394e-09
4.98644e-09
4.77063e-09
4.57306e-09
4.33805e-09
4.12252e-09
3.87016e-09
3.63891e-09
3.37083e-09
3.12678e-09
2.84349e-09
2.59311e-09
2.28902e-09
2.05109e-09
1.70115e-09
1.51175e-09
1.08465e-09
9.6247e-10
4.04303e-10
7.10017e-10
0.051893
0.0504674
0.0456603
0.0386071
0.028703
0.0156039
-0.000820792
-0.0206422
-0.0433726
-0.0680821
-0.0932773
-0.116903
-0.137722
-0.154484
-0.166149
-0.172095
-0.172071
-0.166374
-0.155867
-0.14184
-0.125765
-0.109023
-0.0927168
-0.0776075
-0.0641282
-0.05245
-0.0425595
-0.0343297
-0.0275746
-0.0220874
-0.0176648
-0.0141202
-0.0112898
-0.00903473
-0.00723947
-0.00580987
-0.00467012
-0.00375974
-0.00303076
-0.00244509
-0.00197242
-0.00158866
-0.00127496
-0.00101714
-0.000805082
-0.000631705
-0.000491556
-0.000379696
-0.000291319
-0.000222017
-0.000168107
-0.000126644
-9.51908e-05
-7.16069e-05
-5.40117e-05
-4.08436e-05
-3.09051e-05
-2.334e-05
-1.75572e-05
-1.31432e-05
-9.79313e-06
-7.26932e-06
-5.38172e-06
-3.97842e-06
-2.93974e-06
-2.17311e-06
-1.60806e-06
-1.19172e-06
-8.8485e-07
-6.58525e-07
-4.91521e-07
-3.68217e-07
-2.77145e-07
-2.09808e-07
-1.59967e-07
-1.22981e-07
-9.54698e-08
-7.49065e-08
-5.94819e-08
-4.78185e-08
-3.89568e-08
-3.21376e-08
-2.68589e-08
-2.26932e-08
-1.93865e-08
-1.66893e-08
-1.44823e-08
-1.26117e-08
-1.10315e-08
-9.63863e-09
-8.42759e-09
-7.3221e-09
-6.33908e-09
-5.41631e-09
-4.58332e-09
-3.785e-09
-3.05869e-09
-2.35246e-09
-1.70777e-09
-1.07459e-09
-4.97234e-10
7.38656e-11
5.92524e-10
1.10825e-09
1.57357e-09
2.03819e-09
2.45369e-09
2.87007e-09
3.23818e-09
3.60838e-09
3.93094e-09
4.25657e-09
4.5351e-09
4.81751e-09
5.05329e-09
5.29371e-09
5.48799e-09
5.68761e-09
5.84159e-09
6.00162e-09
6.11652e-09
6.23818e-09
6.3153e-09
6.39987e-09
6.44055e-09
6.48941e-09
6.49507e-09
6.50966e-09
6.48179e-09
6.46363e-09
6.4038e-09
6.3545e-09
6.26438e-09
6.18561e-09
6.0669e-09
5.96041e-09
5.81491e-09
5.68252e-09
5.51206e-09
5.35565e-09
5.16215e-09
4.98366e-09
4.76903e-09
4.57048e-09
4.33665e-09
4.12014e-09
3.86897e-09
3.63673e-09
3.36985e-09
3.12481e-09
2.84276e-09
2.59133e-09
2.28868e-09
2.04936e-09
1.70173e-09
1.50913e-09
1.08919e-09
9.54088e-10
4.31994e-10
6.59685e-10
0.0513198
0.0498824
0.0450334
0.0379361
0.0279964
0.0148979
-0.00146457
-0.0211229
-0.0435889
-0.067935
-0.0927391
-0.11606
-0.136627
-0.153199
-0.164749
-0.170662
-0.170708
-0.165184
-0.154934
-0.141208
-0.12543
-0.108945
-0.0928347
-0.0778564
-0.0644502
-0.0527994
-0.0429043
-0.0346499
-0.0278595
-0.0223331
-0.0178718
-0.0142915
-0.0114297
-0.00914775
-0.00733013
-0.00588223
-0.00472769
-0.00380548
-0.00306708
-0.00247396
-0.0019954
-0.00160702
-0.00128973
-0.00102912
-0.000814909
-0.000639831
-0.000498297
-0.000385272
-0.0002959
-0.000225755
-0.000171139
-0.000129092
-9.7151e-05
-7.31561e-05
-5.52147e-05
-4.1761e-05
-3.15946e-05
-2.38537e-05
-1.79385e-05
-1.34258e-05
-1.0002e-05
-7.42343e-06
-5.4954e-06
-4.06247e-06
-3.00219e-06
-2.21973e-06
-1.64296e-06
-1.21783e-06
-9.04305e-07
-6.72932e-07
-5.02126e-07
-3.75994e-07
-2.8284e-07
-2.13983e-07
-1.63034e-07
-1.25237e-07
-9.71294e-08
-7.61277e-08
-6.03791e-08
-4.84783e-08
-3.94412e-08
-3.24944e-08
-2.7121e-08
-2.28871e-08
-1.95289e-08
-1.67953e-08
-1.45602e-08
-1.26703e-08
-1.10745e-08
-9.67161e-09
-8.4517e-09
-7.34122e-09
-6.35295e-09
-5.4279e-09
-4.59164e-09
-3.79267e-09
-3.06399e-09
-2.35777e-09
-1.71136e-09
-1.07868e-09
-4.99905e-10
7.04326e-11
5.90361e-10
1.10518e-09
1.57169e-09
2.03531e-09
2.45196e-09
2.86729e-09
3.23655e-09
3.60566e-09
3.92937e-09
4.25388e-09
4.53355e-09
4.81484e-09
5.05178e-09
5.29106e-09
5.48651e-09
5.68499e-09
5.84014e-09
5.99902e-09
6.11511e-09
6.23562e-09
6.31394e-09
6.39736e-09
6.43925e-09
6.48696e-09
6.49383e-09
6.50727e-09
6.48062e-09
6.46132e-09
6.40272e-09
6.35227e-09
6.26338e-09
6.18347e-09
6.066e-09
5.95837e-09
5.8141e-09
5.68058e-09
5.51137e-09
5.35383e-09
5.16156e-09
4.98194e-09
4.76856e-09
4.56889e-09
4.33631e-09
4.11867e-09
3.86875e-09
3.63538e-09
3.36977e-09
3.1236e-09
2.84285e-09
2.5903e-09
2.28904e-09
2.04843e-09
1.70257e-09
1.5076e-09
1.09201e-09
9.48976e-10
4.48628e-10
6.28605e-10
-0.463793
-0.249909
-0.142513
-0.463792
-0.249909
-0.339051
-0.344815
-0.433743
-0.339051
-0.344815
0.125397
0.4141
0.308245
0.332489
0.125397
0.4141
0.308245
-0.11293
-0.333866
-0.333866
-0.319151
-0.31926
-0.318879
-0.325498
-0.319151
-0.31926
-0.318879
0.488725
0.430746
0.488725
-0.316264
-0.314601
-0.316264
-0.314601
0.430744
0.488725
0.430744
-0.3146
-0.316257
-0.3146
-0.316257
0.30824
0.332487
0.125394
0.414099
0.30824
0.332487
0.125394
-0.112933
-0.112933
-0.333852
-0.333852
-0.318871
-0.325486
-0.319139
-0.319251
-0.318871
-0.325486
-0.319139
-0.142512
-0.463782
-0.249912
-0.142513
-0.463782
-0.344801
-0.433729
-0.339035
-0.344801
-0.433728
-0.339035
-0.291316
-0.168639
-0.358109
-0.12503
-0.291316
-0.168639
-0.35811
-0.318549
-0.41376
-0.331528
-0.341385
-0.318549
-0.413758
-0.331528
0.104004
0.264422
0.10877
0.193898
0.104004
0.264423
0.10877
-0.417716
-0.434587
-0.406256
-0.457036
-0.40708
-0.457356
-0.417506
-0.313755
-0.326579
-0.321274
-0.321537
-0.313755
-0.326579
-0.321274
-0.105734
-0.321343
-0.325887
-0.319788
-0.328139
-0.319865
-0.328107
-0.321308
-0.312154
-0.31663
-0.316534
-0.312257
-0.309935
-0.308578
-0.30848
-0.310033
-0.319986
-0.317739
-0.316112
-0.324108
-0.316025
-0.325312
-0.319759
0.108767
0.193897
0.104004
0.264421
0.108767
0.193897
0.104004
-0.372854
-0.247614
-0.163975
-0.166274
-0.375868
-0.321258
-0.32152
-0.313736
-0.326566
-0.321258
-0.32152
-0.313736
-0.358103
-0.125029
-0.29131
-0.168637
-0.358103
-0.125029
-0.29131
-0.331513
-0.341375
-0.318536
-0.413745
-0.331513
-0.341374
-0.318536
-0.366707
-0.465366
-0.356192
-0.485143
-0.357182
-0.486362
-0.365862
-0.372856
-0.247612
-0.163974
-0.166273
-0.37587
-0.366709
-0.465365
-0.356194
-0.485143
-0.357183
-0.486361
-0.365864
-0.372856
-0.247612
-0.163974
-0.166273
-0.37587
-0.359035
-0.344829
-0.342524
-0.342706
-0.359224
-0.417716
-0.434587
-0.406256
-0.457036
-0.40708
-0.457356
-0.417506
-0.359035
-0.34483
-0.342524
-0.342706
-0.359224
0.327666
0.124005
0.261692
0.109672
0.260999
0.107806
0.329305
0.37469
0.327232
0.202125
0.434111
0.173449
0.438116
0.377287
0.327666
0.124005
0.261692
0.109672
0.260999
0.107807
0.329305
0.37469
0.327232
0.202125
0.434111
0.173449
0.438116
0.377287
-0.105734
-0.333895
-0.333895
-0.319993
-0.317747
-0.324117
-0.316119
-0.325321
-0.316031
-0.319766
-0.321343
-0.325887
-0.319788
-0.328139
-0.319865
-0.328107
-0.321308
-0.319993
-0.317747
-0.324117
-0.316119
-0.325321
-0.316031
-0.319766
0.529971
0.463134
0.466239
0.527946
0.567996
0.588424
0.589513
0.5666
0.529971
0.463134
0.466239
0.527946
0.567996
0.588424
0.589513
0.5666
-0.309936
-0.308578
-0.308481
-0.310034
-0.312154
-0.31663
-0.316534
-0.312257
-0.309936
-0.308578
-0.308481
-0.310034
0.567994
0.588424
0.589513
0.566599
0.529968
0.463131
0.466236
0.527943
0.567994
0.588424
0.589513
0.566599
0.529968
0.463131
0.466236
0.527944
-0.312152
-0.316626
-0.316531
-0.312255
-0.309935
-0.308578
-0.30848
-0.310033
-0.312152
-0.316626
-0.316531
-0.312255
0.374687
0.327227
0.434108
0.202121
0.438113
0.173444
0.377284
0.327663
0.124002
0.109667
0.26169
0.107802
0.260997
0.329303
0.374687
0.327227
0.434108
0.202121
0.438113
0.173444
0.377284
0.327663
0.124002
0.109667
0.26169
0.107802
0.260997
0.329303
-0.105737
-0.105737
-0.333881
-0.333881
-0.321334
-0.325875
-0.328128
-0.319776
-0.328097
-0.319853
-0.321299
-0.319986
-0.317739
-0.316112
-0.324108
-0.316025
-0.325312
-0.319759
-0.321334
-0.325875
-0.328128
-0.319776
-0.328097
-0.319853
-0.321299
-0.3667
-0.465356
-0.485132
-0.356186
-0.486351
-0.357176
-0.365855
-0.372854
-0.247614
-0.163975
-0.166274
-0.375868
-0.366702
-0.465355
-0.485132
-0.356187
-0.486351
-0.357177
-0.365857
-0.35902
-0.344815
-0.342509
-0.342691
-0.359209
-0.417701
-0.434573
-0.457022
-0.406241
-0.457341
-0.407064
-0.417491
-0.35902
-0.344815
-0.342509
-0.342691
-0.359209
-0.417701
-0.434572
-0.457021
-0.406241
-0.457341
-0.407065
-0.417491
-0.370403
-0.143395
-0.325603
-0.160545
-0.325485
-0.162619
-0.371242
0.32771
0.302906
0.370354
0.275733
0.32771
0.302906
0.370354
-0.34003
-0.332478
-0.352671
-0.334292
-0.34003
-0.332478
-0.352671
0.402812
0.330901
0.419951
0.32073
0.402812
0.330901
0.419951
0.530828
0.431987
0.505092
0.465893
0.506573
0.466977
0.529587
-0.339198
-0.324747
-0.343789
-0.327452
-0.339198
-0.324747
-0.343789
0.419951
0.320729
0.402812
0.330901
0.419951
0.320729
0.402812
0.553127
0.489816
0.562329
0.480293
0.563492
0.481416
0.55194
-0.343791
-0.32745
-0.3392
-0.324746
-0.343791
-0.32745
-0.3392
0.370354
0.275732
0.327709
0.302906
0.370354
0.275732
0.327709
-0.352676
-0.334287
-0.340034
-0.332476
-0.352676
-0.334287
-0.340034
-0.326762
-0.322281
-0.327287
-0.322342
-0.327503
-0.31736
-0.31724
-0.370403
-0.143395
-0.325603
-0.160545
-0.325485
-0.162619
-0.371242
-0.361875
-0.339356
-0.352764
-0.349513
-0.35324
-0.349681
-0.361893
-0.361875
-0.339356
-0.352764
-0.349513
-0.353241
-0.349681
-0.361893
0.553129
0.489816
0.480294
0.562329
0.481417
0.563492
0.551941
0.530828
0.431988
0.505092
0.465893
0.506573
0.466977
0.529587
0.553129
0.489816
0.480294
0.562329
0.481417
0.563492
0.551941
-0.31291
-0.316175
-0.31473
-0.31643
-0.314587
-0.316342
-0.313036
-0.311347
-0.314507
-0.31481
-0.310601
-0.31472
-0.310509
-0.311447
-0.31291
-0.316175
-0.31473
-0.31643
-0.314587
-0.316342
-0.313036
-0.311347
-0.314508
-0.31481
-0.310602
-0.31472
-0.310509
-0.311447
0.530826
0.431985
0.465891
0.50509
0.466975
0.506571
0.529586
0.553127
0.489816
0.562329
0.480293
0.563492
0.481416
0.55194
0.530826
0.431986
0.465892
0.50509
0.466975
0.506571
0.529586
-0.311345
-0.314507
-0.310601
-0.314808
-0.310509
-0.314717
-0.311446
-0.312907
-0.316168
-0.316426
-0.314727
-0.316338
-0.314584
-0.313033
-0.311345
-0.314507
-0.310601
-0.314808
-0.310509
-0.314717
-0.311446
-0.312907
-0.316168
-0.316426
-0.314727
-0.316338
-0.314584
-0.313033
-0.3704
-0.143395
-0.160545
-0.3256
-0.16262
-0.325483
-0.371239
-0.3704
-0.143395
-0.160545
-0.3256
-0.162619
-0.325483
-0.371238
-0.36186
-0.339341
-0.349497
-0.352749
-0.349666
-0.353226
-0.361878
-0.36186
-0.339341
-0.349497
-0.352749
-0.349666
-0.353226
-0.361877
0.103443
0.0924578
0.210897
0.0882257
0.210163
0.155988
0.15655
0.103443
0.0924578
0.210897
0.0882258
0.210163
0.155988
0.15655
-0.326775
-0.327301
-0.322294
-0.327517
-0.322355
-0.317376
-0.317256
-0.326775
-0.327301
-0.322294
-0.327517
-0.322356
-0.317376
-0.317256
0.10344
0.210896
0.0924558
0.210162
0.0882236
0.155988
0.156549
0.10344
0.210896
0.0924558
0.210162
0.0882237
0.155988
0.156549
-0.326762
-0.322281
-0.327287
-0.322342
-0.327503
-0.31736
-0.31724
0.0598374
0.150384
0.0772346
0.102733
0.0598374
0.150384
0.0772346
-0.297115
-0.312834
-0.331944
-0.304952
-0.297115
-0.312833
-0.331944
0.2506
0.250953
0.284171
0.213795
0.2506
0.250953
0.284171
-0.338339
-0.336948
-0.354125
-0.333537
-0.338339
-0.336948
-0.354125
0.284171
0.213794
0.2506
0.250953
0.284171
0.213794
0.2506
-0.354131
-0.33353
-0.338344
-0.336943
-0.354131
-0.33353
-0.338344
0.0772348
0.102732
0.0598382
0.150384
0.0772348
0.102732
0.0598382
-0.331924
-0.304939
-0.297101
-0.312817
-0.331924
-0.304939
-0.297101
)
;

boundaryField
{
    inlet
    {
        type            zeroGradient;
    }
    outlet
    {
        type            fixedValue;
        value           uniform 0;
    }
    top
    {
        type            symmetryPlane;
    }
    bottom
    {
        type            symmetryPlane;
    }
    front
    {
        type            symmetryPlane;
    }
    back
    {
        type            symmetryPlane;
    }
    cylinder
    {
        type            zeroGradient;
    }
}


// ************************************************************************* //
