/*--------------------------------*- C++ -*----------------------------------*\
  =========                 |
  \\      /  F ield         | OpenFOAM: The Open Source CFD Toolbox
   \\    /   O peration     | Website:  https://openfoam.org
    \\  /    A nd           | Version:  11
     \\/     M anipulation  |
\*---------------------------------------------------------------------------*/
FoamFile
{
    format      ascii;
    class       volScalarField;
    location    "3.883323";
    object      p;
}
// * * * * * * * * * * * * * * * * * * * * * * * * * * * * * * * * * * * * * //

dimensions      [0 2 -2 0 0 0 0];

internalField   nonuniform List<scalar> 
7132
(
0.0506558
0.0491999
0.044288
0.0370914
0.0269982
0.0136693
-0.00303624
-0.0232029
-0.0464247
-0.0718864
-0.0983312
-0.124022
-0.14796
-0.169181
-0.186927
-0.20068
-0.210007
-0.214604
-0.214331
-0.209282
-0.19985
-0.186736
-0.170894
-0.153407
-0.135334
-0.117586
-0.100855
-0.0855923
-0.0720331
-0.0602427
-0.0501647
-0.0416673
-0.0345788
-0.0287135
-0.0238891
-0.019937
-0.0167067
-0.0140683
-0.0119118
-0.0101454
-0.00869386
-0.00749575
-0.00650148
-0.0056712
-0.00497308
-0.00438173
-0.00387696
-0.00344271
-0.00306625
-0.00273743
-0.0024482
-0.0021921
-0.00196401
-0.0017598
-0.00157616
-0.00141043
-0.00126043
-0.00112442
-0.00100096
-0.000888878
-0.000787191
-0.000695047
-0.000611652
-0.000536192
-0.000467782
-0.000405464
-0.000348292
-0.000295515
-0.000246791
-0.000202297
-0.000162629
-0.000128449
-0.000100081
-7.72817e-05
-5.93236e-05
-4.53031e-05
-3.44233e-05
-2.60897e-05
-1.98424e-05
-1.52512e-05
-1.18854e-05
-9.35633e-06
-7.37394e-06
-5.76376e-06
-4.44157e-06
-3.37006e-06
-2.5244e-06
-1.87596e-06
-1.39069e-06
-1.03362e-06
-7.73378e-07
-5.84313e-07
-4.46705e-07
-3.45992e-07
-2.71699e-07
-2.16446e-07
-1.75069e-07
-1.43948e-07
-1.20482e-07
-1.02763e-07
-8.93429e-08
-7.91182e-08
-7.12477e-08
-6.50989e-08
-6.02114e-08
-5.62474e-08
-5.29722e-08
-5.02077e-08
-4.78351e-08
-4.57539e-08
-4.39035e-08
-4.22223e-08
-4.06828e-08
-3.92441e-08
-3.78984e-08
-3.66151e-08
-3.53982e-08
-3.42216e-08
-3.30963e-08
-3.19977e-08
-3.09419e-08
-2.99037e-08
-2.89031e-08
-2.7914e-08
-2.69593e-08
-2.60113e-08
-2.50957e-08
-2.41829e-08
-2.33011e-08
-2.24189e-08
-2.15667e-08
-2.07112e-08
-1.98849e-08
-1.90528e-08
-1.82493e-08
-1.74378e-08
-1.66544e-08
-1.58608e-08
-1.5095e-08
-1.43171e-08
-1.35666e-08
-1.28024e-08
-1.20652e-08
-1.13127e-08
-1.05871e-08
-9.84447e-09
-9.12888e-09
-8.39439e-09
-7.68784e-09
-6.95914e-09
-6.26172e-09
-5.53459e-09
-4.84946e-09
-4.11411e-09
-3.45341e-09
-2.68532e-09
-2.08294e-09
-1.22453e-09
-7.43493e-10
2.67209e-10
0.0512364
0.0497929
0.0449248
0.0377752
0.0277223
0.0143998
-0.00235764
-0.0226723
-0.0461369
-0.0719316
-0.0987267
-0.12467
-0.148802
-0.17016
-0.187999
-0.20182
-0.211193
-0.215807
-0.215509
-0.21038
-0.200806
-0.187498
-0.171429
-0.153709
-0.135422
-0.117501
-0.100642
-0.0852972
-0.0716966
-0.0598962
-0.0498303
-0.041359
-0.0343038
-0.0284745
-0.0236856
-0.0197662
-0.0165652
-0.0139521
-0.0118171
-0.0100686
-0.00863182
-0.00744571
-0.00646114
-0.00563867
-0.00494679
-0.00436042
-0.00385961
-0.00342851
-0.00305456
-0.00272774
-0.0024401
-0.00218528
-0.0019582
-0.00175481
-0.00157182
-0.00140661
-0.00125704
-0.00112138
-0.000998196
-0.000886345
-0.000784856
-0.000692891
-0.000609668
-0.000534381
-0.000466146
-0.000403998
-0.000346979
-0.000294325
-0.000245685
-0.000201243
-0.000161609
-0.000127467
-9.91596e-05
-7.64474e-05
-5.85956e-05
-4.46845e-05
-3.39032e-05
-2.56512e-05
-1.94708e-05
-1.49382e-05
-1.16272e-05
-9.15043e-06
-7.21629e-06
-5.64806e-06
-4.36016e-06
-3.31507e-06
-2.48863e-06
-1.85328e-06
-1.37623e-06
-1.02388e-06
-7.66137e-07
-5.78384e-07
-4.41611e-07
-3.41631e-07
-2.68095e-07
-2.13612e-07
-1.72953e-07
-1.42437e-07
-1.19437e-07
-1.02047e-07
-8.88448e-08
-7.87599e-08
-7.09808e-08
-6.4896e-08
-6.00571e-08
-5.61314e-08
-5.28866e-08
-5.01452e-08
-4.77899e-08
-4.57206e-08
-4.3879e-08
-4.22037e-08
-4.06689e-08
-3.92332e-08
-3.78903e-08
-3.66086e-08
-3.53935e-08
-3.42175e-08
-3.30934e-08
-3.19949e-08
-3.094e-08
-2.99017e-08
-2.89019e-08
-2.79124e-08
-2.69585e-08
-2.60101e-08
-2.50951e-08
-2.41819e-08
-2.33007e-08
-2.2418e-08
-2.15665e-08
-2.07104e-08
-1.98848e-08
-1.90521e-08
-1.82494e-08
-1.74372e-08
-1.66545e-08
-1.58602e-08
-1.50952e-08
-1.43166e-08
-1.35669e-08
-1.28019e-08
-1.20656e-08
-1.13123e-08
-1.05875e-08
-9.84408e-09
-9.12938e-09
-8.39404e-09
-7.6884e-09
-6.95883e-09
-6.26238e-09
-5.53431e-09
-4.85032e-09
-4.11369e-09
-3.45494e-09
-2.684e-09
-2.0878e-09
-1.21803e-09
-7.66792e-10
3.09221e-10
0.052392
0.0509749
0.0461962
0.0391454
0.0291785
0.0158752
-0.000980558
-0.021591
-0.0455474
-0.0720261
-0.0995384
-0.125987
-0.150506
-0.172134
-0.190155
-0.204111
-0.213578
-0.218232
-0.217891
-0.212606
-0.20275
-0.189049
-0.172517
-0.154321
-0.135601
-0.117325
-0.100208
-0.0846994
-0.0710168
-0.0591977
-0.0491576
-0.0407397
-0.0337525
-0.0279959
-0.0232782
-0.0194248
-0.0162825
-0.0137202
-0.0116281
-0.00991547
-0.00850811
-0.00734597
-0.00638077
-0.00557386
-0.00489442
-0.00431797
-0.00382506
-0.00340026
-0.0030313
-0.00270847
-0.002424
-0.00217171
-0.00194666
-0.0017449
-0.00156322
-0.00139906
-0.00125034
-0.00111536
-0.000992742
-0.000881356
-0.000780267
-0.000688668
-0.000605805
-0.000530891
-0.000463046
-0.000401288
-0.000344624
-0.000292251
-0.000243789
-0.000199421
-0.000159789
-0.000125631
-9.7345e-05
-7.47228e-05
-5.7031e-05
-4.33269e-05
-3.27685e-05
-2.47301e-05
-1.87409e-05
-1.43723e-05
-1.11973e-05
-8.82873e-06
-6.9761e-06
-5.4666e-06
-4.22054e-06
-3.2064e-06
-2.40435e-06
-1.78902e-06
-1.32831e-06
-9.88805e-07
-7.40687e-07
-5.59878e-07
-4.27998e-07
-3.31463e-07
-2.60404e-07
-2.07766e-07
-1.68529e-07
-1.3913e-07
-1.17002e-07
-1.00278e-07
-8.757e-08
-7.78417e-08
-7.03156e-08
-6.44097e-08
-5.9699e-08
-5.58667e-08
-5.26911e-08
-5.00011e-08
-4.76841e-08
-4.56429e-08
-4.38221e-08
-4.21615e-08
-4.06377e-08
-3.92098e-08
-3.78729e-08
-3.65953e-08
-3.53834e-08
-3.42096e-08
-3.30874e-08
-3.19901e-08
-3.09362e-08
-2.98984e-08
-2.88994e-08
-2.79102e-08
-2.69567e-08
-2.60083e-08
-2.50938e-08
-2.41805e-08
-2.32997e-08
-2.24168e-08
-2.15655e-08
-2.07093e-08
-1.9884e-08
-1.90512e-08
-1.82487e-08
-1.74363e-08
-1.66539e-08
-1.58595e-08
-1.50947e-08
-1.43159e-08
-1.35665e-08
-1.28012e-08
-1.20652e-08
-1.13117e-08
-1.05872e-08
-9.84353e-09
-9.12911e-09
-8.39354e-09
-7.68821e-09
-6.95839e-09
-6.26232e-09
-5.53386e-09
-4.8506e-09
-4.11296e-09
-3.45652e-09
-2.68163e-09
-2.09559e-09
-1.2061e-09
-8.07192e-10
3.81703e-10
0.0541127
0.0527373
0.0480994
0.0412073
0.0313833
0.0181248
0.00113474
-0.0199197
-0.0446305
-0.072183
-0.100814
-0.12802
-0.153114
-0.175139
-0.193425
-0.207583
-0.217194
-0.221911
-0.221507
-0.215984
-0.205696
-0.19139
-0.174149
-0.155226
-0.135846
-0.117034
-0.0995289
-0.0837781
-0.0699773
-0.0581353
-0.0481387
-0.0398049
-0.0329226
-0.0272773
-0.0226679
-0.0189142
-0.0158603
-0.0133743
-0.0113466
-0.0096875
-0.00832408
-0.00719767
-0.0062613
-0.00547753
-0.00481658
-0.00425487
-0.00377369
-0.00335821
-0.00299668
-0.00267975
-0.00239999
-0.00215147
-0.00192943
-0.00173008
-0.00155034
-0.00138775
-0.00124028
-0.00110632
-0.000984535
-0.000873834
-0.00077333
-0.000682263
-0.000599917
-0.000525535
-0.000458242
-0.000397033
-0.000340871
-0.000288896
-0.000240689
-0.000196435
-0.00015682
-0.000122662
-9.44363e-05
-7.19795e-05
-5.45579e-05
-4.11935e-05
-3.09979e-05
-2.3307e-05
-1.76287e-05
-1.35255e-05
-1.05675e-05
-8.36723e-06
-6.6376e-06
-5.21342e-06
-4.02577e-06
-3.05343e-06
-2.28383e-06
-1.69515e-06
-1.25638e-06
-9.34393e-07
-6.9979e-07
-5.29178e-07
-4.04937e-07
-3.1414e-07
-2.47422e-07
-1.98086e-07
-1.61362e-07
-1.33864e-07
-1.13157e-07
-9.74808e-08
-8.55359e-08
-7.63585e-08
-6.92304e-08
-6.36132e-08
-5.91138e-08
-5.54368e-08
-5.23761e-08
-4.97705e-08
-4.75158e-08
-4.55197e-08
-4.37321e-08
-4.20955e-08
-4.05895e-08
-3.91742e-08
-3.78469e-08
-3.6576e-08
-3.53695e-08
-3.41991e-08
-3.308e-08
-3.19843e-08
-3.09322e-08
-2.98952e-08
-2.88973e-08
-2.79083e-08
-2.69557e-08
-2.60072e-08
-2.50933e-08
-2.41798e-08
-2.32995e-08
-2.24164e-08
-2.15656e-08
-2.0709e-08
-1.98842e-08
-1.90509e-08
-1.8249e-08
-1.74361e-08
-1.66542e-08
-1.58593e-08
-1.5095e-08
-1.43158e-08
-1.35669e-08
-1.28011e-08
-1.20656e-08
-1.13116e-08
-1.05876e-08
-9.84347e-09
-9.12962e-09
-8.3935e-09
-7.68878e-09
-6.95835e-09
-6.26302e-09
-5.53378e-09
-4.85173e-09
-4.11247e-09
-3.45939e-09
-2.67888e-09
-2.10637e-09
-1.1908e-09
-8.57682e-10
4.71045e-10
0.0563817
0.0550658
0.0506282
0.0439673
0.0343608
0.0211933
0.00405129
-0.0175935
-0.043341
-0.0724215
-0.10263
-0.13084
-0.156691
-0.179224
-0.197844
-0.212267
-0.22208
-0.226905
-0.226442
-0.220616
-0.209746
-0.194609
-0.176382
-0.15645
-0.136158
-0.116611
-0.0985813
-0.0825083
-0.068556
-0.056692
-0.0467615
-0.038547
-0.0318099
-0.0263169
-0.0218544
-0.0182352
-0.0152999
-0.0129158
-0.010974
-0.00938605
-0.00808093
-0.00700184
-0.00610361
-0.00535041
-0.00471389
-0.00417162
-0.00370591
-0.00330273
-0.00295097
-0.00264183
-0.00236828
-0.00212472
-0.00190665
-0.00171048
-0.0015333
-0.00137277
-0.00122696
-0.00109435
-0.000973645
-0.000863841
-0.0007641
-0.000673719
-0.000592036
-0.000518332
-0.000451742
-0.000391235
-0.00033572
-0.000284265
-0.000236405
-0.00019232
-0.000152756
-0.000118627
-9.05043e-05
-6.82849e-05
-5.12354e-05
-3.83347e-05
-2.86359e-05
-2.14249e-05
-1.61788e-05
-1.24438e-05
-9.78218e-06
-7.80469e-06
-6.22971e-06
-4.90591e-06
-3.7827e-06
-2.85551e-06
-2.12254e-06
-1.5663e-06
-1.15615e-06
-8.58225e-07
-6.4283e-07
-4.86961e-07
-3.73759e-07
-2.91118e-07
-2.30394e-07
-1.85473e-07
-1.52023e-07
-1.26966e-07
-1.08084e-07
-9.3764e-08
-8.28215e-08
-7.43785e-08
-6.77854e-08
-6.25568e-08
-5.83402e-08
-5.48696e-08
-5.19603e-08
-4.94657e-08
-4.72926e-08
-4.53562e-08
-4.36125e-08
-4.20077e-08
-4.05252e-08
-3.91269e-08
-3.78122e-08
-3.65503e-08
-3.53507e-08
-3.4185e-08
-3.30697e-08
-3.19765e-08
-3.09266e-08
-2.98908e-08
-2.88942e-08
-2.79057e-08
-2.69539e-08
-2.60056e-08
-2.50923e-08
-2.41787e-08
-2.3299e-08
-2.24156e-08
-2.15653e-08
-2.07084e-08
-1.9884e-08
-1.90505e-08
-1.82489e-08
-1.74357e-08
-1.66542e-08
-1.5859e-08
-1.50951e-08
-1.43154e-08
-1.3567e-08
-1.28008e-08
-1.20658e-08
-1.13113e-08
-1.05878e-08
-9.84323e-09
-9.12981e-09
-8.39328e-09
-7.68903e-09
-6.95815e-09
-6.26344e-09
-5.53352e-09
-4.85267e-09
-4.11172e-09
-3.46233e-09
-2.67552e-09
-2.11799e-09
-1.17376e-09
-9.09455e-10
5.62397e-10
0.0591756
0.0579403
0.0537731
0.0474328
0.0381422
0.0251416
0.00785706
-0.0145193
-0.041614
-0.0727766
-0.105102
-0.134552
-0.161325
-0.184461
-0.203474
-0.218222
-0.228296
-0.233271
-0.232746
-0.22654
-0.214921
-0.198707
-0.179198
-0.157956
-0.136488
-0.116004
-0.0973158
-0.080848
-0.0667204
-0.0548443
-0.0450109
-0.0369574
-0.0304109
-0.0251145
-0.0208397
-0.0173908
-0.0146049
-0.0123485
-0.0105137
-0.00901423
-0.00778135
-0.00676076
-0.00590958
-0.00519403
-0.00458754
-0.00406917
-0.00362245
-0.00323436
-0.00289461
-0.00259502
-0.0023291
-0.00209162
-0.00187844
-0.00168618
-0.00151215
-0.00135414
-0.00121038
-0.00107941
-0.000960039
-0.000851327
-0.000752505
-0.000662938
-0.000582028
-0.0005091
-0.000443308
-0.000383599
-0.000328824
-0.000277983
-0.000230557
-0.000186726
-0.000147296
-0.000113292
-8.53874e-05
-6.3539e-05
-4.70092e-05
-3.47249e-05
-2.5672e-05
-1.90803e-05
-1.43912e-05
-1.11298e-05
-8.84595e-06
-7.14672e-06
-5.75846e-06
-4.5503e-06
-3.49791e-06
-2.61972e-06
-1.92783e-06
-1.40946e-06
-1.03348e-06
-7.64526e-07
-5.72335e-07
-4.34384e-07
-3.34737e-07
-2.62234e-07
-2.09046e-07
-1.69712e-07
-1.40406e-07
-1.18423e-07
-1.01818e-07
-8.91782e-08
-7.94691e-08
-7.19281e-08
-6.59932e-08
-6.12448e-08
-5.73794e-08
-5.41658e-08
-5.14451e-08
-4.90886e-08
-4.70169e-08
-4.51545e-08
-4.34651e-08
-4.18998e-08
-4.04465e-08
-3.90691e-08
-3.77702e-08
-3.65194e-08
-3.53284e-08
-3.41686e-08
-3.3058e-08
-3.19677e-08
-3.09205e-08
-2.98862e-08
-2.88912e-08
-2.79034e-08
-2.69525e-08
-2.60045e-08
-2.50918e-08
-2.41782e-08
-2.3299e-08
-2.24154e-08
-2.15656e-08
-2.07084e-08
-1.98845e-08
-1.90506e-08
-1.82494e-08
-1.74359e-08
-1.66548e-08
-1.58591e-08
-1.50957e-08
-1.43156e-08
-1.35676e-08
-1.2801e-08
-1.20664e-08
-1.13115e-08
-1.05884e-08
-9.84339e-09
-9.13045e-09
-8.39344e-09
-7.68972e-09
-6.9583e-09
-6.26428e-09
-5.53359e-09
-4.85404e-09
-4.11123e-09
-3.46576e-09
-2.67229e-09
-2.1299e-09
-1.15703e-09
-9.57068e-10
6.45284e-10
0.0624627
0.0613329
0.0575187
0.0516097
0.042765
0.0300488
0.0126711
-0.010565
-0.0393526
-0.0733009
-0.108403
-0.139295
-0.167131
-0.190926
-0.210356
-0.225485
-0.235909
-0.241135
-0.240604
-0.233976
-0.221436
-0.203852
-0.182701
-0.159785
-0.136829
-0.115178
-0.095685
-0.0787512
-0.0644319
-0.0525635
-0.0428676
-0.0350245
-0.0287197
-0.0236682
-0.0196242
-0.016383
-0.0137779
-0.0116751
-0.00996846
-0.00857442
-0.00742743
-0.0064762
-0.0056807
-0.00500964
-0.00443857
-0.00394837
-0.00352401
-0.00315369
-0.00282806
-0.00253973
-0.00228277
-0.00205247
-0.00184503
-0.00165738
-0.00148704
-0.00133202
-0.00119065
-0.00106161
-0.000943798
-0.000836355
-0.000738591
-0.000649945
-0.00056989
-0.000497807
-0.000432873
-0.000374025
-0.000320063
-0.000269921
-0.000223028
-0.000179562
-0.000140393
-0.000106649
-7.91106e-05
-5.77873e-05
-4.19325e-05
-3.04169e-05
-2.21556e-05
-1.63219e-05
-1.23167e-05
-9.63619e-06
-7.81047e-06
-6.43883e-06
-5.25861e-06
-4.16889e-06
-3.18273e-06
-2.34989e-06
-1.69974e-06
-1.22351e-06
-8.87502e-07
-6.53109e-07
-4.88789e-07
-3.72383e-07
-2.89008e-07
-2.28611e-07
-1.84336e-07
-1.51537e-07
-1.27028e-07
-1.08581e-07
-9.45882e-08
-8.38775e-08
-7.55894e-08
-6.90911e-08
-6.39194e-08
-5.97283e-08
-5.627e-08
-5.33537e-08
-5.08507e-08
-4.86534e-08
-4.66986e-08
-4.49215e-08
-4.32948e-08
-4.17751e-08
-4.03554e-08
-3.90024e-08
-3.77216e-08
-3.64837e-08
-3.53025e-08
-3.41495e-08
-3.30443e-08
-3.19576e-08
-3.09134e-08
-2.98809e-08
-2.88876e-08
-2.79006e-08
-2.69509e-08
-2.60031e-08
-2.50912e-08
-2.41776e-08
-2.32989e-08
-2.24152e-08
-2.15658e-08
-2.07084e-08
-1.98849e-08
-1.90507e-08
-1.82499e-08
-1.7436e-08
-1.66553e-08
-1.58593e-08
-1.50962e-08
-1.43158e-08
-1.35681e-08
-1.28012e-08
-1.20669e-08
-1.13116e-08
-1.0589e-08
-9.84354e-09
-9.13099e-09
-8.39358e-09
-7.69029e-09
-6.95842e-09
-6.26501e-09
-5.5336e-09
-4.85531e-09
-4.11067e-09
-3.46901e-09
-2.66904e-09
-2.14083e-09
-1.14152e-09
-9.97113e-10
7.14485e-10
0.0662013
0.0652064
0.0618421
0.0565003
0.0482704
0.036011
0.0186457
-0.00555172
-0.036423
-0.074085
-0.112782
-0.145252
-0.174256
-0.198736
-0.218588
-0.234145
-0.24499
-0.250544
-0.250044
-0.242939
-0.229301
-0.210042
-0.186863
-0.161881
-0.137105
-0.114048
-0.0936113
-0.0761529
-0.0616412
-0.0498159
-0.040311
-0.032738
-0.0267333
-0.0219797
-0.0182126
-0.0152177
-0.0128252
-0.0109017
-0.00934379
-0.00807158
-0.00702338
-0.00615168
-0.00541983
-0.00479951
-0.00426879
-0.00381062
-0.00341168
-0.00306153
-0.00275195
-0.00247639
-0.00222963
-0.00200749
-0.00180659
-0.00162419
-0.00145808
-0.00130645
-0.00116781
-0.00104096
-0.000924917
-0.0008189
-0.000722309
-0.000634662
-0.000555507
-0.000484288
-0.000420219
-0.00036224
-0.000309116
-0.000259734
-0.000213481
-0.000170534
-0.000131814
-9.85422e-05
-7.15841e-05
-5.09907e-05
-3.59966e-05
-2.54168e-05
-1.80987e-05
-1.31667e-05
-9.97827e-06
-7.99258e-06
-6.70878e-06
-5.71239e-06
-4.75524e-06
-3.77893e-06
-2.84786e-06
-2.05297e-06
-1.44379e-06
-1.01362e-06
-7.229e-07
-5.27791e-07
-3.94911e-07
-3.02682e-07
-2.37563e-07
-1.90783e-07
-1.56558e-07
-1.31131e-07
-1.12031e-07
-9.75655e-08
-8.65068e-08
-7.7957e-08
-7.12564e-08
-6.59216e-08
-6.16013e-08
-5.80325e-08
-5.50293e-08
-5.24458e-08
-5.01865e-08
-4.81675e-08
-4.63434e-08
-4.46618e-08
-4.31052e-08
-4.16365e-08
-4.02544e-08
-3.89286e-08
-3.76679e-08
-3.64446e-08
-3.52743e-08
-3.4129e-08
-3.30297e-08
-3.19471e-08
-3.09061e-08
-2.98757e-08
-2.88842e-08
-2.78982e-08
-2.69496e-08
-2.60022e-08
-2.50911e-08
-2.41775e-08
-2.32993e-08
-2.24156e-08
-2.15665e-08
-2.0709e-08
-1.98857e-08
-1.90513e-08
-1.82508e-08
-1.74366e-08
-1.66562e-08
-1.58599e-08
-1.50971e-08
-1.43164e-08
-1.3569e-08
-1.28017e-08
-1.20678e-08
-1.13122e-08
-1.05898e-08
-9.84403e-09
-9.13184e-09
-8.39403e-09
-7.69116e-09
-6.95883e-09
-6.266e-09
-5.53388e-09
-4.85679e-09
-4.11037e-09
-3.47228e-09
-2.66622e-09
-2.15063e-09
-1.12813e-09
-1.02908e-09
7.68856e-10
0.0703381
0.0695122
0.0667097
0.0621
0.0547014
0.0431453
0.0259785
0.000772096
-0.0326272
-0.0752621
-0.118602
-0.152675
-0.18287
-0.207956
-0.228169
-0.244218
-0.255654
-0.261759
-0.261454
-0.25387
-0.23891
-0.217564
-0.19184
-0.164288
-0.137283
-0.112545
-0.0910141
-0.0729804
-0.0582916
-0.0465616
-0.037316
-0.0300842
-0.024446
-0.0200484
-0.0166071
-0.0138988
-0.0117511
-0.0100326
-0.00864373
-0.00750923
-0.00657224
-0.00578975
-0.00512911
-0.00456543
-0.00407967
-0.00365713
-0.00328645
-0.00295872
-0.00266696
-0.00240559
-0.00217017
-0.0019571
-0.00176348
-0.00158692
-0.0014255
-0.00127764
-0.00114204
-0.00101761
-0.000903516
-0.00079906
-0.000703733
-0.000617137
-0.000538895
-0.000468522
-0.000405282
-0.000348139
-0.000295853
-0.000247288
-0.000201803
-0.000159569
-0.000121546
-8.9014e-05
-6.28934e-05
-4.32535e-05
-2.93037e-05
-1.98122e-05
-1.35757e-05
-9.68163e-06
-7.44408e-06
-6.27087e-06
-5.61244e-06
-5.03039e-06
-4.29553e-06
-3.4098e-06
-2.50791e-06
-1.73458e-06
-1.16191e-06
-7.80966e-07
-5.41093e-07
-3.9016e-07
-2.92257e-07
-2.26705e-07
-1.81671e-07
-1.49844e-07
-1.26603e-07
-1.0918e-07
-9.59201e-08
-8.57357e-08
-7.78273e-08
-7.15963e-08
-6.66e-08
-6.25153e-08
-5.91104e-08
-5.62111e-08
-5.36973e-08
-5.14715e-08
-4.94739e-08
-4.76463e-08
-4.59623e-08
-4.43832e-08
-4.29017e-08
-4.14878e-08
-4.01459e-08
-3.88494e-08
-3.76104e-08
-3.64027e-08
-3.5244e-08
-3.41071e-08
-3.30141e-08
-3.19358e-08
-3.08984e-08
-2.98701e-08
-2.88807e-08
-2.78958e-08
-2.69483e-08
-2.60014e-08
-2.50909e-08
-2.41775e-08
-2.32998e-08
-2.2416e-08
-2.15673e-08
-2.07096e-08
-1.98867e-08
-1.9052e-08
-1.82518e-08
-1.74374e-08
-1.66573e-08
-1.58607e-08
-1.50981e-08
-1.43171e-08
-1.35699e-08
-1.28024e-08
-1.20687e-08
-1.13128e-08
-1.05907e-08
-9.84458e-09
-9.13268e-09
-8.39454e-09
-7.692e-09
-6.95928e-09
-6.26696e-09
-5.5342e-09
-4.85817e-09
-4.11012e-09
-3.4752e-09
-2.66371e-09
-2.15887e-09
-1.1169e-09
-1.05349e-09
8.09962e-10
0.0748066
0.0741877
0.0720734
0.0683905
0.0620945
0.0515804
0.0349082
0.00874003
-0.0276991
-0.0770734
-0.126378
-0.16184
-0.193204
-0.218803
-0.239273
-0.255797
-0.267895
-0.274694
-0.274724
-0.266696
-0.250247
-0.226419
-0.197609
-0.166934
-0.137254
-0.110546
-0.087781
-0.0691434
-0.0543182
-0.0427594
-0.0338606
-0.0270549
-0.0218586
-0.0178808
-0.0148171
-0.0124365
-0.0105659
-0.00907733
-0.00787664
-0.00689451
-0.00607994
-0.00539525
-0.00481241
-0.00431046
-0.00387357
-0.00348973
-0.00314969
-0.00284628
-0.00257384
-0.00232788
-0.00210478
-0.00190159
-0.0017159
-0.00154572
-0.00138943
-0.00124569
-0.00111339
-0.000991612
-0.000879621
-0.000776842
-0.00068285
-0.000597329
-0.00051998
-0.000450392
-0.000387898
-0.000331515
-0.000280035
-0.000232334
-0.000187772
-0.000146513
-0.000109514
-7.80671e-05
-5.30987e-05
-3.46603e-05
-2.19347e-05
-1.36626e-05
-8.63103e-06
-5.90748e-06
-4.76243e-06
-4.53099e-06
-4.5874e-06
-4.45364e-06
-3.92568e-06
-3.08992e-06
-2.17726e-06
-1.4017e-06
-8.59025e-07
-5.30688e-07
-3.47293e-07
-2.44697e-07
-1.84148e-07
-1.46695e-07
-1.22793e-07
-1.06746e-07
-9.5102e-08
-8.61144e-08
-7.89985e-08
-7.33175e-08
-6.87222e-08
-6.49278e-08
-6.172e-08
-5.89457e-08
-5.65001e-08
-5.43023e-08
-5.23014e-08
-5.04506e-08
-4.87274e-08
-4.71004e-08
-4.55634e-08
-4.40917e-08
-4.2689e-08
-4.13325e-08
-4.00329e-08
-3.87671e-08
-3.75507e-08
-3.63594e-08
-3.52129e-08
-3.40847e-08
-3.29983e-08
-3.19246e-08
-3.08908e-08
-2.98649e-08
-2.88774e-08
-2.78938e-08
-2.69474e-08
-2.60011e-08
-2.50913e-08
-2.4178e-08
-2.33008e-08
-2.24169e-08
-2.15686e-08
-2.07107e-08
-1.9888e-08
-1.90532e-08
-1.82532e-08
-1.74386e-08
-1.66586e-08
-1.58618e-08
-1.50994e-08
-1.43181e-08
-1.35712e-08
-1.28034e-08
-1.20699e-08
-1.13137e-08
-1.05918e-08
-9.84542e-09
-9.13374e-09
-8.3953e-09
-7.69304e-09
-6.95996e-09
-6.26807e-09
-5.53472e-09
-4.85965e-09
-4.1101e-09
-3.47794e-09
-2.6617e-09
-2.16576e-09
-1.1079e-09
-1.07174e-09
8.40179e-10
0.0795248
0.0791551
0.0778668
0.0753373
0.0704767
0.0614668
0.0457423
0.0188396
-0.0212281
-0.0798469
-0.136925
-0.173207
-0.205399
-0.231131
-0.251706
-0.268866
-0.28199
-0.28996
-0.290672
-0.282242
-0.263984
-0.237048
-0.204374
-0.169842
-0.136935
-0.107924
-0.0837841
-0.0645363
-0.0496447
-0.0383601
-0.0299169
-0.0236375
-0.0189685
-0.0154797
-0.0128484
-0.0108376
-0.00927635
-0.00804217
-0.00704806
-0.00623218
-0.00555051
-0.00497154
-0.00447253
-0.00403689
-0.00365243
-0.00331002
-0.00300275
-0.00272531
-0.00247352
-0.00224404
-0.00203412
-0.00184152
-0.00166433
-0.00150101
-0.00135022
-0.0012109
-0.00108213
-0.000963178
-0.000853426
-0.000752412
-0.000659801
-0.000575354
-0.000498849
-0.000429953
-0.000368087
-0.000312359
-0.000261646
-0.000214875
-0.000171438
-0.000131481
-9.59109e-05
-6.59584e-05
-4.2476e-05
-2.54703e-05
-1.41021e-05
-7.12628e-06
-3.37992e-06
-1.93972e-06
-2.0292e-06
-2.87643e-06
-3.73778e-06
-4.0725e-06
-3.71051e-06
-2.85604e-06
-1.87135e-06
-1.05908e-06
-5.37337e-07
-2.65805e-07
-1.45265e-07
-9.48996e-08
-7.32938e-08
-6.46341e-08
-6.24253e-08
-6.26566e-08
-6.29614e-08
-6.26145e-08
-6.1766e-08
-6.06733e-08
-5.94541e-08
-5.81418e-08
-5.67547e-08
-5.53143e-08
-5.38449e-08
-5.23611e-08
-5.08822e-08
-4.94128e-08
-4.79686e-08
-4.65457e-08
-4.51581e-08
-4.37956e-08
-4.24729e-08
-4.11749e-08
-3.99181e-08
-3.86835e-08
-3.74902e-08
-3.63155e-08
-3.51814e-08
-3.40621e-08
-3.29824e-08
-3.19134e-08
-3.08832e-08
-2.98598e-08
-2.88744e-08
-2.78919e-08
-2.69467e-08
-2.60009e-08
-2.50917e-08
-2.41787e-08
-2.33019e-08
-2.24181e-08
-2.157e-08
-2.0712e-08
-1.98895e-08
-1.90545e-08
-1.82547e-08
-1.74399e-08
-1.66601e-08
-1.5863e-08
-1.51009e-08
-1.43193e-08
-1.35726e-08
-1.28045e-08
-1.20711e-08
-1.13147e-08
-1.0593e-08
-9.84635e-09
-9.13485e-09
-8.39615e-09
-7.6941e-09
-6.96071e-09
-6.26918e-09
-5.53531e-09
-4.86104e-09
-4.1102e-09
-3.48033e-09
-2.66008e-09
-2.17128e-09
-1.1008e-09
-1.08511e-09
8.62092e-10
0.0843942
0.0843167
0.0839991
0.0828717
0.079844
0.0729346
0.0588197
0.0316927
-0.0127162
-0.0842524
-0.151151
-0.187115
-0.22003
-0.245536
-0.265767
-0.283335
-0.297545
-0.30701
-0.308854
-0.30032
-0.280149
-0.249546
-0.212165
-0.172934
-0.136168
-0.1045
-0.0788648
-0.0590394
-0.0441924
-0.0333202
-0.0254672
-0.0198313
-0.015785
-0.0128598
-0.0107175
-0.00911877
-0.00789781
-0.00694058
-0.00616945
-0.00553173
-0.00499163
-0.00452474
-0.00411425
-0.00374844
-0.00341904
-0.00312008
-0.00284716
-0.00259694
-0.00236681
-0.00215463
-0.0019586
-0.00177717
-0.001609
-0.00145294
-0.00130801
-0.00117338
-0.00104836
-0.000932389
-0.000824995
-0.000725823
-0.000634624
-0.000551233
-0.000475499
-0.000407175
-0.000345796
-0.000290603
-0.000240621
-0.000194886
-0.000152833
-0.000114605
-8.0975e-05
-5.29814e-05
-3.13453e-05
-1.59635e-05
-6.00023e-06
-3.27976e-07
2.10296e-06
2.16234e-06
6.85191e-07
-1.39681e-06
-3.16214e-06
-3.97527e-06
-3.71272e-06
-2.74202e-06
-1.6035e-06
-7.1158e-07
-2.01582e-07
6.88351e-09
5.76182e-08
5.31196e-08
3.60741e-08
1.6751e-08
-2.32598e-09
-1.87698e-08
-3.10046e-08
-3.92445e-08
-4.46142e-08
-4.80844e-08
-5.02304e-08
-5.13925e-08
-5.18185e-08
-5.17047e-08
-5.12059e-08
-5.04318e-08
-4.94718e-08
-4.83817e-08
-4.72149e-08
-4.59948e-08
-4.47557e-08
-4.35018e-08
-4.22586e-08
-4.10187e-08
-3.98045e-08
-3.8601e-08
-3.74305e-08
-3.62725e-08
-3.51507e-08
-3.40402e-08
-3.29671e-08
-3.19028e-08
-3.08762e-08
-2.98553e-08
-2.88718e-08
-2.78906e-08
-2.69464e-08
-2.60012e-08
-2.50927e-08
-2.41799e-08
-2.33034e-08
-2.24196e-08
-2.15717e-08
-2.07137e-08
-1.98914e-08
-1.90563e-08
-1.82566e-08
-1.74416e-08
-1.66619e-08
-1.58646e-08
-1.51026e-08
-1.43208e-08
-1.35741e-08
-1.28059e-08
-1.20726e-08
-1.1316e-08
-1.05944e-08
-9.8475e-09
-9.13612e-09
-8.39719e-09
-7.6953e-09
-6.96163e-09
-6.27038e-09
-5.53606e-09
-4.86246e-09
-4.11048e-09
-3.4825e-09
-2.65891e-09
-2.17574e-09
-1.09538e-09
-1.09486e-09
8.77807e-10
0.0892989
0.0895567
0.090351
0.0908959
0.0901575
0.0861391
0.0745906
0.0483208
-0.00125614
-0.0912385
-0.171438
-0.204145
-0.236321
-0.261032
-0.281115
-0.299703
-0.315813
-0.327647
-0.331139
-0.32254
-0.299931
-0.264634
-0.221281
-0.176202
-0.134781
-0.10005
-0.0728169
-0.0524955
-0.0378561
-0.027577
-0.0204797
-0.0156243
-0.0123079
-0.010027
-0.00843273
-0.00728886
-0.00643872
-0.0057801
-0.00524732
-0.00479866
-0.00440791
-0.00405871
-0.00374081
-0.00344783
-0.00317571
-0.00292187
-0.00268457
-0.00246257
-0.0022549
-0.00206069
-0.0018791
-0.00170932
-0.00155057
-0.00140211
-0.00126329
-0.00113357
-0.00101247
-0.000899598
-0.000794646
-0.000697367
-0.000607594
-0.000525224
-0.000450174
-0.000382293
-0.000321257
-0.000266503
-0.000217261
-0.000172751
-0.000132473
-9.64604e-05
-6.5312e-05
-3.97856e-05
-2.02747e-05
-6.57669e-06
2.03999e-06
6.51248e-06
7.67324e-06
6.28646e-06
3.26955e-06
-2.11352e-07
-2.97653e-06
-4.25591e-06
-3.99146e-06
-2.77218e-06
-1.37661e-06
-3.56154e-07
1.48178e-07
2.82953e-07
2.5531e-07
1.94216e-07
1.40427e-07
9.52121e-08
5.59068e-08
2.37029e-08
-1.34425e-10
-1.66669e-08
-2.80205e-08
-3.58977e-08
-4.13056e-08
-4.48665e-08
-4.70472e-08
-4.82162e-08
-4.86558e-08
-4.85679e-08
-4.81094e-08
-4.73858e-08
-4.6487e-08
-4.5463e-08
-4.43673e-08
-4.32182e-08
-4.20518e-08
-4.0868e-08
-3.96951e-08
-3.85216e-08
-3.73732e-08
-3.62312e-08
-3.51213e-08
-3.40194e-08
-3.29527e-08
-3.1893e-08
-3.08698e-08
-2.98512e-08
-2.88696e-08
-2.78896e-08
-2.69464e-08
-2.60018e-08
-2.50938e-08
-2.41813e-08
-2.33051e-08
-2.24214e-08
-2.15737e-08
-2.07157e-08
-1.98934e-08
-1.90582e-08
-1.82586e-08
-1.74434e-08
-1.66638e-08
-1.58664e-08
-1.51044e-08
-1.43224e-08
-1.35758e-08
-1.28074e-08
-1.20742e-08
-1.13173e-08
-1.05958e-08
-9.84877e-09
-9.13746e-09
-8.39833e-09
-7.69655e-09
-6.96264e-09
-6.27161e-09
-5.53688e-09
-4.86382e-09
-4.11087e-09
-3.4844e-09
-2.65808e-09
-2.17925e-09
-1.09129e-09
-1.10192e-09
8.89043e-10
0.0941056
0.0947339
0.0967683
0.0992362
0.101296
0.101071
0.0934338
0.0697479
0.0138011
-0.101465
-0.198081
-0.226134
-0.257667
-0.279879
-0.298312
-0.317285
-0.335504
-0.350467
-0.35662
-0.348723
-0.323656
-0.282726
-0.231926
-0.179584
-0.13254
-0.0942955
-0.0653979
-0.0447299
-0.0305282
-0.0210766
-0.0149369
-0.0110216
-0.00855426
-0.00700354
-0.00601762
-0.00537001
-0.00491881
-0.00457764
-0.0042957
-0.00404437
-0.00380845
-0.00358055
-0.00335769
-0.0031392
-0.00292554
-0.00271767
-0.00251663
-0.00232338
-0.00213862
-0.00196279
-0.00179603
-0.00163828
-0.00148928
-0.00134873
-0.00121628
-0.00109166
-0.000974626
-0.000864976
-0.00076255
-0.000667215
-0.000578881
-0.000497503
-0.000423062
-0.00035552
-0.000294736
-0.000240395
-0.000192006
-0.000149004
-0.000110961
-7.77744e-05
-4.96645e-05
-2.69514e-05
-9.72198e-06
2.34033e-06
9.82255e-06
1.33124e-05
1.33054e-05
1.04205e-05
5.7002e-06
6.41396e-07
-3.22153e-06
-4.94249e-06
-4.55568e-06
-2.93699e-06
-1.17586e-06
1.60326e-08
5.11365e-07
5.55655e-07
4.39864e-07
3.22203e-07
2.35802e-07
1.68304e-07
1.1058e-07
6.35566e-08
2.87974e-08
4.53997e-09
-1.23852e-08
-2.44011e-08
-3.28918e-08
-3.87202e-08
-4.25556e-08
-4.49325e-08
-4.62555e-08
-4.68136e-08
-4.68272e-08
-4.64487e-08
-4.58022e-08
-4.49627e-08
-4.40021e-08
-4.29518e-08
-4.18577e-08
-4.07268e-08
-3.95926e-08
-3.84475e-08
-3.73198e-08
-3.6193e-08
-3.50942e-08
-3.40004e-08
-3.29397e-08
-3.18843e-08
-3.08643e-08
-2.9848e-08
-2.88681e-08
-2.78893e-08
-2.6947e-08
-2.6003e-08
-2.50955e-08
-2.41832e-08
-2.33072e-08
-2.24236e-08
-2.1576e-08
-2.07179e-08
-1.98958e-08
-1.90604e-08
-1.82609e-08
-1.74456e-08
-1.6666e-08
-1.58684e-08
-1.51064e-08
-1.43243e-08
-1.35777e-08
-1.28091e-08
-1.2076e-08
-1.13189e-08
-1.05974e-08
-9.85021e-09
-9.13893e-09
-8.39962e-09
-7.6979e-09
-6.96378e-09
-6.27289e-09
-5.53782e-09
-4.86516e-09
-4.11141e-09
-3.4861e-09
-2.65759e-09
-2.18204e-09
-1.0883e-09
-1.10703e-09
8.97025e-10
0.0986661
0.0996926
0.103056
0.107688
0.113048
0.117828
0.115943
0.09882
0.03455
-0.124175
-0.238605
-0.248598
-0.278375
-0.299645
-0.317511
-0.337344
-0.358035
-0.37651
-0.385366
-0.378338
-0.350668
-0.303323
-0.243752
-0.182773
-0.129132
-0.0869383
-0.056364
-0.0355712
-0.022104
-0.0137648
-0.00881826
-0.00602246
-0.00453392
-0.00380368
-0.00348742
-0.00337681
-0.00335114
-0.00334449
-0.00332421
-0.00327698
-0.00320007
-0.00309608
-0.00296985
-0.00282682
-0.00267221
-0.00251067
-0.00234612
-0.00218177
-0.00202006
-0.00186276
-0.00171101
-0.00156545
-0.00142637
-0.00129385
-0.00116789
-0.00104846
-0.000935555
-0.000829175
-0.000729316
-0.000635954
-0.000549071
-0.000468672
-0.000394817
-0.000327599
-0.0002671
-0.000213304
-0.000166028
-0.000124933
-8.9609e-05
-5.97078e-05
-3.49977e-05
-1.52702e-05
-2.24921e-07
1.05081e-05
1.72223e-05
2.0027e-05
1.89921e-05
1.45757e-05
8.00556e-06
1.21273e-06
-3.82056e-06
-5.93989e-06
-5.30643e-06
-3.14952e-06
-9.39434e-07
4.39628e-07
9.02179e-07
8.28218e-07
6.10646e-07
4.35873e-07
3.21189e-07
2.34853e-07
1.60588e-07
9.98485e-08
5.50674e-08
2.38398e-08
1.89489e-09
-1.38926e-08
-2.52121e-08
-3.31183e-08
-3.84643e-08
-4.19419e-08
-4.40698e-08
-4.52164e-08
-4.566e-08
-4.55956e-08
-4.5179e-08
-4.45075e-08
-4.36699e-08
-4.27096e-08
-4.16814e-08
-4.05987e-08
-3.94997e-08
-3.83804e-08
-3.72717e-08
-3.61587e-08
-3.50701e-08
-3.39836e-08
-3.29284e-08
-3.18769e-08
-3.08599e-08
-2.98457e-08
-2.88673e-08
-2.78896e-08
-2.69481e-08
-2.60045e-08
-2.50975e-08
-2.41854e-08
-2.33096e-08
-2.2426e-08
-2.15786e-08
-2.07204e-08
-1.98983e-08
-1.90629e-08
-1.82633e-08
-1.74479e-08
-1.66683e-08
-1.58706e-08
-1.51086e-08
-1.43264e-08
-1.35798e-08
-1.2811e-08
-1.20778e-08
-1.13207e-08
-1.05991e-08
-9.85177e-09
-9.14049e-09
-8.40101e-09
-7.69932e-09
-6.96501e-09
-6.27422e-09
-5.53885e-09
-4.86649e-09
-4.11207e-09
-3.48763e-09
-2.65738e-09
-2.18425e-09
-1.08616e-09
-1.11072e-09
9.02676e-10
0.102821
0.104249
0.108983
0.115884
0.125048
0.135694
0.142303
0.134784
0.0629379
-0.133624
-0.30486
-0.293003
-0.308194
-0.317738
-0.329606
-0.347432
-0.369522
-0.39246
-0.406313
-0.402305
-0.374042
-0.321856
-0.254249
-0.184687
-0.124273
-0.0780532
-0.045913
-0.025242
-0.0127952
-0.00583176
-0.00228939
-0.000767912
-0.000364539
-0.000524181
-0.000920686
-0.0013724
-0.00178603
-0.00212049
-0.0023642
-0.00252102
-0.00260191
-0.00262012
-0.00258874
-0.00251951
-0.00242249
-0.00230606
-0.00217702
-0.0020408
-0.00190159
-0.00176243
-0.00162542
-0.00149191
-0.00136267
-0.00123815
-0.00111865
-0.00100441
-0.000895644
-0.000792557
-0.000695294
-0.000603942
-0.000518551
-0.000439193
-0.00036602
-0.000299291
-0.000239331
-0.000186423
-0.000140667
-0.00010188
-6.95912e-05
-4.31311e-05
-2.1748e-05
-4.7144e-06
8.56802e-06
1.84172e-05
2.47371e-05
2.70849e-05
2.50824e-05
1.90587e-05
1.04972e-05
1.84351e-06
-4.41763e-06
-6.91104e-06
-5.96391e-06
-3.22042e-06
-5.61512e-07
9.63208e-07
1.34003e-06
1.10918e-06
7.72651e-07
5.38094e-07
3.97639e-07
2.94635e-07
2.05295e-07
1.31958e-07
7.81864e-08
4.08507e-08
1.45149e-08
-4.61121e-09
-1.84473e-08
-2.81946e-08
-3.48718e-08
-3.93167e-08
-4.21515e-08
-4.38149e-08
-4.4636e-08
-4.48473e-08
-4.46324e-08
-4.41085e-08
-4.33789e-08
-4.24976e-08
-4.15272e-08
-4.04868e-08
-3.94189e-08
-3.83223e-08
-3.72303e-08
-3.61294e-08
-3.50497e-08
-3.39697e-08
-3.29193e-08
-3.18712e-08
-3.08567e-08
-2.98444e-08
-2.88674e-08
-2.78907e-08
-2.69499e-08
-2.60066e-08
-2.50999e-08
-2.4188e-08
-2.33124e-08
-2.24288e-08
-2.15815e-08
-2.07233e-08
-1.99012e-08
-1.90656e-08
-1.82661e-08
-1.74506e-08
-1.66709e-08
-1.58731e-08
-1.5111e-08
-1.43286e-08
-1.3582e-08
-1.28131e-08
-1.20799e-08
-1.13225e-08
-1.0601e-08
-9.85347e-09
-9.14215e-09
-8.40252e-09
-7.70081e-09
-6.96632e-09
-6.27557e-09
-5.53994e-09
-4.86778e-09
-4.11281e-09
-3.48899e-09
-2.6574e-09
-2.18603e-09
-1.08471e-09
-1.1134e-09
9.06621e-10
0.106407
0.108222
0.114268
0.12349
0.13669
0.154654
0.17323
0.189377
0.103632
-0.122886
-0.337245
-0.300505
-0.319026
-0.326386
-0.334857
-0.35231
-0.374913
-0.399229
-0.415242
-0.413593
-0.385982
-0.331711
-0.259177
-0.183472
-0.117773
-0.0683103
-0.0350095
-0.0146914
-0.00340895
0.00208198
0.00415928
0.0043728
0.0036778
0.00262885
0.00152867
0.00052803
-0.000310072
-0.000971127
-0.0014656
-0.00181498
-0.00204399
-0.00217644
-0.00223343
-0.00223277
-0.00218912
-0.0021144
-0.00201814
-0.00190788
-0.0017894
-0.00166697
-0.00154357
-0.00142115
-0.00130098
-0.00118384
-0.00107031
-0.00096088
-0.000855997
-0.000756038
-0.000661289
-0.000571933
-0.000488097
-0.000409933
-0.000337709
-0.000271852
-0.000212902
-0.00016137
-0.000117523
-8.12186e-05
-5.18375e-05
-2.83781e-05
-9.66322e-06
5.40435e-06
1.7569e-05
2.69806e-05
3.31147e-05
3.50207e-05
3.19598e-05
2.42182e-05
1.35897e-05
3.0476e-06
-4.44117e-06
-7.31236e-06
-6.09664e-06
-2.87394e-06
1.0291e-07
1.65382e-06
1.85906e-06
1.42196e-06
9.43364e-07
6.39597e-07
4.69719e-07
3.49026e-07
2.44832e-07
1.59722e-07
9.79291e-08
5.53195e-08
2.52209e-08
3.22772e-09
-1.27626e-08
-2.40724e-08
-3.187e-08
-3.71255e-08
-4.05515e-08
-4.26464e-08
-4.37823e-08
-4.42237e-08
-4.4177e-08
-4.37763e-08
-4.31368e-08
-4.23214e-08
-4.13993e-08
-4.03943e-08
-3.93523e-08
-3.82746e-08
-3.71965e-08
-3.61058e-08
-3.50335e-08
-3.3959e-08
-3.29125e-08
-3.18673e-08
-3.0855e-08
-2.98442e-08
-2.88685e-08
-2.78923e-08
-2.69521e-08
-2.60092e-08
-2.51028e-08
-2.4191e-08
-2.33155e-08
-2.24319e-08
-2.15846e-08
-2.07263e-08
-1.99042e-08
-1.90686e-08
-1.8269e-08
-1.74534e-08
-1.66737e-08
-1.58757e-08
-1.51136e-08
-1.43311e-08
-1.35843e-08
-1.28153e-08
-1.2082e-08
-1.13246e-08
-1.06029e-08
-9.85528e-09
-9.14391e-09
-8.40414e-09
-7.70239e-09
-6.96774e-09
-6.27699e-09
-5.54113e-09
-4.86909e-09
-4.11366e-09
-3.49026e-09
-2.65763e-09
-2.18746e-09
-1.08379e-09
-1.11532e-09
9.09326e-10
0.109266
0.111411
0.118626
0.129878
0.147185
0.171801
0.207651
0.214222
0.194592
-0.140322
-0.429323
-0.318283
-0.320527
-0.326258
-0.333184
-0.350815
-0.37418
-0.400002
-0.417199
-0.416153
-0.388686
-0.333295
-0.258205
-0.179187
-0.11054
-0.0592691
-0.025451
-0.00564903
0.0045541
0.00875506
0.00957212
0.00866994
0.00704416
0.00524639
0.00355701
0.00209936
0.000909732
-2.06634e-05
-0.000721317
-0.00122873
-0.00157917
-0.00180524
-0.00193465
-0.00199023
-0.0019904
-0.00194999
-0.00188075
-0.00179193
-0.0016906
-0.001582
-0.00146983
-0.00135657
-0.00124387
-0.00113283
-0.0010243
-0.000918964
-0.000817446
-0.000720266
-0.00062782
-0.000540382
-0.000458161
-0.000381404
-0.000310494
-0.000245986
-0.000188548
-0.000138777
-9.6963e-05
-6.28905e-05
-3.57753e-05
-1.43853e-05
2.68619e-06
1.66692e-05
2.82666e-05
3.7399e-05
4.31906e-05
4.43486e-05
3.99493e-05
3.03473e-05
1.76597e-05
5.30931e-06
-3.35935e-06
-6.67576e-06
-5.39288e-06
-1.96522e-06
1.08373e-06
2.4961e-06
2.44489e-06
1.76573e-06
1.12901e-06
7.45747e-07
5.39465e-07
3.98314e-07
2.79005e-07
1.8295e-07
1.14104e-07
6.70144e-08
3.37768e-08
9.43288e-09
-8.2961e-09
-2.08504e-08
-2.95317e-08
-3.54221e-08
-3.93089e-08
-4.17394e-08
-4.312e-08
-4.37401e-08
-4.38241e-08
-4.3519e-08
-4.29496e-08
-4.21855e-08
-4.1301e-08
-4.03235e-08
-3.93016e-08
-3.82387e-08
-3.71714e-08
-3.60886e-08
-3.50222e-08
-3.39519e-08
-3.29086e-08
-3.18656e-08
-3.08549e-08
-2.98452e-08
-2.88702e-08
-2.78947e-08
-2.69549e-08
-2.60124e-08
-2.51061e-08
-2.41944e-08
-2.3319e-08
-2.24354e-08
-2.15881e-08
-2.07297e-08
-1.99076e-08
-1.90718e-08
-1.82721e-08
-1.74564e-08
-1.66766e-08
-1.58785e-08
-1.51163e-08
-1.43337e-08
-1.35868e-08
-1.28177e-08
-1.20843e-08
-1.13267e-08
-1.0605e-08
-9.8572e-09
-9.14574e-09
-8.40584e-09
-7.70401e-09
-6.96921e-09
-6.27841e-09
-5.54235e-09
-4.87035e-09
-4.11456e-09
-3.4914e-09
-2.65802e-09
-2.18862e-09
-1.08331e-09
-1.11668e-09
9.11087e-10
0.11126
0.113658
0.121731
0.134651
0.155065
0.186746
0.235562
0.276069
0.332819
-0.110734
-0.321166
-0.31976
-0.326593
-0.334575
-0.35168
-0.374327
-0.399103
-0.415451
-0.413652
-0.385007
-0.328665
-0.25289
-0.173193
-0.103934
-0.052389
-0.0187624
0.000445073
0.00983479
0.0131487
0.013126
0.0114891
0.00925429
0.00696859
0.00489711
0.00314381
0.00172691
0.000622049
-0.000212811
-0.000823859
-0.00125471
-0.00154345
-0.00172193
-0.00181604
-0.00184653
-0.00183009
-0.00177984
-0.0017061
-0.00161678
-0.00151773
-0.00141318
-0.001306
-0.00119818
-0.0010911
-0.000985819
-0.000883207
-0.000784011
-0.000688841
-0.000598162
-0.000512312
-0.000431568
-0.000356252
-0.000286818
-0.000223874
-0.000168103
-0.000120068
-7.99795e-05
-4.7515e-05
-2.17812e-05
-1.46449e-06
1.48678e-05
2.83945e-05
3.96816e-05
4.8449e-05
5.36111e-05
5.3731e-05
4.78699e-05
3.65223e-05
2.20721e-05
8.2399e-06
-1.40976e-06
-5.19366e-06
-4.06009e-06
-7.06905e-07
2.19199e-06
3.3509e-06
3.01333e-06
2.09787e-06
1.31002e-06
8.47024e-07
6.01575e-07
4.3908e-07
3.05818e-07
2.00572e-07
1.26073e-07
7.54891e-08
3.98669e-08
1.37925e-08
-5.18657e-09
-1.86221e-08
-2.79218e-08
-3.42526e-08
-3.84571e-08
-4.11182e-08
-4.26666e-08
-4.34092e-08
-4.35829e-08
-4.33435e-08
-4.28222e-08
-4.20933e-08
-4.12347e-08
-4.02761e-08
-3.92682e-08
-3.82155e-08
-3.71557e-08
-3.60784e-08
-3.5016e-08
-3.39487e-08
-3.29076e-08
-3.18661e-08
-3.08565e-08
-2.98474e-08
-2.88729e-08
-2.78976e-08
-2.69584e-08
-2.60161e-08
-2.511e-08
-2.41982e-08
-2.33228e-08
-2.24392e-08
-2.15918e-08
-2.07333e-08
-1.9911e-08
-1.90752e-08
-1.82754e-08
-1.74596e-08
-1.66797e-08
-1.58815e-08
-1.51192e-08
-1.43364e-08
-1.35895e-08
-1.28202e-08
-1.20867e-08
-1.1329e-08
-1.06072e-08
-9.85925e-09
-9.14769e-09
-8.40765e-09
-7.70572e-09
-6.97078e-09
-6.27991e-09
-5.54368e-09
-4.87165e-09
-4.11557e-09
-3.4925e-09
-2.65856e-09
-2.18956e-09
-1.08317e-09
-1.11761e-09
9.12122e-10
0.112285
0.114817
0.123361
0.137169
0.159439
0.195084
0.252891
0.320991
0.430835
-0.315508
-0.325135
-0.333483
-0.350226
-0.371836
-0.395409
-0.410507
-0.407645
-0.378703
-0.322296
-0.246939
-0.168023
-0.0996216
-0.048745
-0.0156357
0.00307507
0.0120132
0.0149154
0.0145375
0.0126048
0.0101325
0.00766076
0.00544564
0.00358214
0.00208045
0.000909787
2.32429e-05
-0.000628977
-0.00109306
-0.00140893
-0.0016097
-0.00172228
-0.00176804
-0.00176418
-0.00172419
-0.00165871
-0.00157591
-0.00148193
-0.00138125
-0.00127701
-0.00117142
-0.00106609
-0.000962222
-0.000860815
-0.000762691
-0.000668509
-0.000578772
-0.00049385
-0.000414059
-0.000339752
-0.000271404
-0.000209618
-0.000155037
-0.000108157
-6.91084e-05
-3.74992e-05
-1.2398e-05
7.50277e-06
2.35844e-05
3.69344e-05
4.80042e-05
5.64003e-05
6.09558e-05
6.02111e-05
5.32784e-05
4.07694e-05
2.52216e-05
1.04956e-05
2.31541e-07
-3.91023e-06
-2.98138e-06
2.12881e-07
2.9349e-06
3.89445e-06
3.36794e-06
2.30659e-06
1.42573e-06
9.11803e-07
6.40316e-07
4.63461e-07
3.21292e-07
2.10477e-07
1.3265e-07
8.00426e-08
4.30821e-08
1.60699e-08
-3.5718e-09
-1.74695e-08
-2.70917e-08
-3.36505e-08
-3.80189e-08
-4.07988e-08
-4.24336e-08
-4.32395e-08
-4.34596e-08
-4.32543e-08
-4.27579e-08
-4.20474e-08
-4.12023e-08
-4.02537e-08
-3.92531e-08
-3.82058e-08
-3.715e-08
-3.60756e-08
-3.50153e-08
-3.39495e-08
-3.29094e-08
-3.18688e-08
-3.08598e-08
-2.98511e-08
-2.88767e-08
-2.79018e-08
-2.69627e-08
-2.60204e-08
-2.51143e-08
-2.42025e-08
-2.33269e-08
-2.24433e-08
-2.15958e-08
-2.07372e-08
-1.99149e-08
-1.90789e-08
-1.8279e-08
-1.74631e-08
-1.6683e-08
-1.58847e-08
-1.51222e-08
-1.43393e-08
-1.35923e-08
-1.28228e-08
-1.20892e-08
-1.13314e-08
-1.06094e-08
-9.86136e-09
-9.14967e-09
-8.4095e-09
-7.70745e-09
-6.97237e-09
-6.28138e-09
-5.54499e-09
-4.87287e-09
-4.1166e-09
-3.49338e-09
-2.65924e-09
-2.19034e-09
-1.08336e-09
-1.11818e-09
9.1254e-10
0.112286
0.114817
0.123362
0.13717
0.159441
0.195086
0.252893
0.331147
0.488672
-0.314148
-0.325055
-0.333369
-0.350131
-0.37185
-0.395599
-0.410866
-0.408097
-0.379156
-0.322562
-0.246949
-0.167834
-0.0993383
-0.0484694
-0.0154273
0.00319837
0.0120598
0.0149057
0.0144933
0.0125453
0.0100719
0.0076086
0.00540633
0.00355728
0.00206915
0.000909686
3.12935e-05
-0.000615929
-0.00107787
-0.00139392
-0.00159654
-0.00171186
-0.00176091
-0.00176017
-0.00172288
-0.00165948
-0.00157809
-0.00148487
-0.00138439
-0.00127993
-0.00117385
-0.00106789
-0.000963365
-0.000861357
-0.000762741
-0.000668205
-0.000578252
-0.000493239
-0.000413454
-0.000339221
-0.000270986
-0.000209328
-0.000154868
-0.000108091
-6.91193e-05
-3.75595e-05
-1.24821e-05
7.41553e-06
2.35081e-05
3.68763e-05
4.79652e-05
5.63772e-05
6.09433e-05
6.02041e-05
5.32731e-05
4.07637e-05
2.52154e-05
1.04895e-05
2.26501e-07
-3.91363e-06
-2.98321e-06
2.12226e-07
2.93489e-06
3.89465e-06
3.36815e-06
2.30677e-06
1.42589e-06
9.11948e-07
6.40446e-07
4.63574e-07
3.21386e-07
2.10555e-07
1.32715e-07
8.00972e-08
4.31273e-08
1.61069e-08
-3.54162e-09
-1.74452e-08
-2.70723e-08
-3.36353e-08
-3.80073e-08
-4.07901e-08
-4.24275e-08
-4.32355e-08
-4.34574e-08
-4.32535e-08
-4.27584e-08
-4.20489e-08
-4.12046e-08
-4.02567e-08
-3.92567e-08
-3.82098e-08
-3.71543e-08
-3.60802e-08
-3.50202e-08
-3.39545e-08
-3.29145e-08
-3.1874e-08
-3.0865e-08
-2.98563e-08
-2.8882e-08
-2.79069e-08
-2.69676e-08
-2.60253e-08
-2.5119e-08
-2.42071e-08
-2.33313e-08
-2.24479e-08
-2.16001e-08
-2.07414e-08
-1.99191e-08
-1.90829e-08
-1.82828e-08
-1.74666e-08
-1.66865e-08
-1.5888e-08
-1.51254e-08
-1.43424e-08
-1.35952e-08
-1.28256e-08
-1.20918e-08
-1.13339e-08
-1.06118e-08
-9.8636e-09
-9.15178e-09
-8.41148e-09
-7.70929e-09
-6.97408e-09
-6.28295e-09
-5.54643e-09
-4.87417e-09
-4.11774e-09
-3.49463e-09
-2.65998e-09
-2.19093e-09
-1.0838e-09
-1.11842e-09
9.12414e-10
0.111262
0.113661
0.121733
0.134654
0.155069
0.18675
0.235568
0.303204
0.414237
-0.314735
-0.318156
-0.326357
-0.334247
-0.351401
-0.374325
-0.399558
-0.416361
-0.414818
-0.386053
-0.32927
-0.252907
-0.172762
-0.103303
-0.0517752
-0.018293
0.000733681
0.0099616
0.0131539
0.0130541
0.0113795
0.00913719
0.00686468
0.00481784
0.0030937
0.00170466
0.00062304
-0.000194797
-0.000795446
-0.00122197
-0.00151133
-0.00169393
-0.00179422
-0.00183177
-0.0018221
-0.00177768
-0.0017084
-0.00162203
-0.00152453
-0.00142031
-0.00131255
-0.00120357
-0.00109503
-0.000988238
-0.000884267
-0.000783973
-0.000688022
-0.000596878
-0.000510843
-0.000430136
-0.000355009
-0.000285848
-0.000223205
-0.000167719
-0.000119924
-8.00154e-05
-4.76661e-05
-2.19876e-05
-1.67729e-06
1.46824e-05
2.82535e-05
3.95874e-05
4.83932e-05
5.35808e-05
5.37136e-05
4.78562e-05
3.65077e-05
2.2056e-05
8.22403e-06
-1.42313e-06
-5.20294e-06
-4.06505e-06
-7.08585e-07
2.19209e-06
3.3516e-06
3.01404e-06
2.09845e-06
1.31051e-06
8.47468e-07
6.0197e-07
4.39418e-07
3.06101e-07
2.00806e-07
1.26269e-07
7.56524e-08
4.0002e-08
1.39033e-08
-5.09647e-09
-1.85495e-08
-2.78641e-08
-3.42074e-08
-3.84225e-08
-4.10925e-08
-4.26484e-08
-4.33974e-08
-4.35764e-08
-4.33414e-08
-4.28238e-08
-4.2098e-08
-4.12418e-08
-4.02853e-08
-3.9279e-08
-3.82277e-08
-3.71689e-08
-3.60924e-08
-3.50306e-08
-3.39637e-08
-3.29227e-08
-3.18815e-08
-3.08719e-08
-2.98628e-08
-2.88882e-08
-2.79129e-08
-2.69733e-08
-2.60307e-08
-2.51243e-08
-2.42122e-08
-2.3336e-08
-2.24526e-08
-2.16048e-08
-2.07459e-08
-1.99231e-08
-1.90869e-08
-1.82867e-08
-1.74704e-08
-1.66901e-08
-1.58915e-08
-1.51287e-08
-1.43455e-08
-1.35982e-08
-1.28285e-08
-1.20945e-08
-1.13364e-08
-1.06142e-08
-9.86589e-09
-9.1539e-09
-8.41348e-09
-7.71111e-09
-6.97578e-09
-6.28446e-09
-5.54784e-09
-4.87536e-09
-4.11888e-09
-3.49536e-09
-2.66091e-09
-2.19136e-09
-1.08455e-09
-1.11835e-09
9.11728e-10
0.10927
0.111415
0.11863
0.129883
0.147191
0.171809
0.207662
0.251344
0.264942
-0.247188
-0.322345
-0.321909
-0.325927
-0.332738
-0.350458
-0.374222
-0.400658
-0.418419
-0.417633
-0.389953
-0.333928
-0.25807
-0.178502
-0.109657
-0.0584635
-0.0248656
-0.00530913
0.00468498
0.0087361
0.0094633
0.00852169
0.00689368
0.00511769
0.0034628
0.00204324
0.000888857
-1.29415e-05
-0.000693355
-0.00118907
-0.00153543
-0.00176349
-0.00189909
-0.00196319
-0.00197267
-0.00194102
-0.00187917
-0.00179588
-0.00169811
-0.00159123
-0.00147925
-0.00136505
-0.0012507
-0.00113768
-0.00102716
-0.00092006
-0.000817143
-0.000718991
-0.00062599
-0.00053836
-0.00045623
-0.000379754
-0.000309226
-0.000245129
-0.000188072
-0.000138618
-9.70387e-05
-6.31143e-05
-3.60674e-05
-1.46806e-05
2.43248e-06
1.64793e-05
2.81426e-05
3.73287e-05
4.31552e-05
4.43303e-05
3.99351e-05
3.0331e-05
1.76403e-05
5.28934e-06
-3.37654e-06
-6.68781e-06
-5.39931e-06
-1.9673e-06
1.08406e-06
2.49727e-06
2.44608e-06
1.76674e-06
1.12986e-06
7.46502e-07
5.40127e-07
3.98876e-07
2.79473e-07
1.8334e-07
1.14429e-07
6.72852e-08
3.40008e-08
9.61666e-09
-8.14662e-09
-2.073e-08
-2.94359e-08
-3.53471e-08
-3.92515e-08
-4.16968e-08
-4.30899e-08
-4.37204e-08
-4.38133e-08
-4.35156e-08
-4.29522e-08
-4.21931e-08
-4.13128e-08
-4.03387e-08
-3.93196e-08
-3.82589e-08
-3.71933e-08
-3.61119e-08
-3.50464e-08
-3.39768e-08
-3.29339e-08
-3.18912e-08
-3.08805e-08
-2.98706e-08
-2.88954e-08
-2.79196e-08
-2.69796e-08
-2.60367e-08
-2.513e-08
-2.42179e-08
-2.33404e-08
-2.24571e-08
-2.16093e-08
-2.07505e-08
-1.99276e-08
-1.90913e-08
-1.82908e-08
-1.74743e-08
-1.66938e-08
-1.58951e-08
-1.51321e-08
-1.43488e-08
-1.36013e-08
-1.28315e-08
-1.20973e-08
-1.13391e-08
-1.06167e-08
-9.86829e-09
-9.15611e-09
-8.41558e-09
-7.71302e-09
-6.97759e-09
-6.28605e-09
-5.54936e-09
-4.87659e-09
-4.12013e-09
-3.49615e-09
-2.66195e-09
-2.19159e-09
-1.0856e-09
-1.1179e-09
9.1043e-10
0.106412
0.108228
0.114275
0.123498
0.136699
0.154664
0.173245
0.189397
0.151226
-0.166263
-0.409339
-0.309765
-0.318838
-0.325983
-0.334361
-0.351959
-0.375012
-0.399966
-0.416549
-0.415131
-0.387233
-0.33225
-0.258925
-0.1827
-0.116845
-0.0674897
-0.0344177
-0.0143429
-0.00326403
0.00208137
0.00407019
0.00424288
0.00354248
0.00251156
0.00144178
0.000475637
-0.000329954
-0.000964344
-0.00143978
-0.00177804
-0.00200308
-0.00213728
-0.0022
-0.00220733
-0.00217243
-0.00210597
-0.00201669
-0.00191166
-0.00179654
-0.00167573
-0.00155249
-0.00142916
-0.00130739
-0.00118834
-0.00107291
-0.000961793
-0.000855579
-0.0007547
-0.000659435
-0.000569913
-0.000486183
-0.000408305
-0.000336463
-0.00027101
-0.000212437
-0.000161216
-0.0001176
-8.14422e-05
-5.21289e-05
-2.86725e-05
-9.91555e-06
5.21702e-06
1.74489e-05
2.69151e-05
3.30844e-05
3.50069e-05
3.19494e-05
2.42046e-05
1.35721e-05
3.02866e-06
-4.45791e-06
-7.3242e-06
-6.10284e-06
-2.87563e-06
1.03794e-07
1.6556e-06
1.86083e-06
1.42346e-06
9.44624e-07
6.40683e-07
4.70652e-07
3.49812e-07
2.45486e-07
1.60265e-07
9.83813e-08
5.56956e-08
2.55319e-08
3.48288e-09
-1.25551e-08
-2.39052e-08
-3.17371e-08
-3.70216e-08
-4.0472e-08
-4.25874e-08
-4.37407e-08
-4.41967e-08
-4.41623e-08
-4.37717e-08
-4.31407e-08
-4.23324e-08
-4.14161e-08
-4.04158e-08
-3.93776e-08
-3.83029e-08
-3.72272e-08
-3.61383e-08
-3.50674e-08
-3.39938e-08
-3.2948e-08
-3.19031e-08
-3.08908e-08
-2.98798e-08
-2.89036e-08
-2.79271e-08
-2.69865e-08
-2.60432e-08
-2.51361e-08
-2.42238e-08
-2.33487e-08
-2.24626e-08
-2.16144e-08
-2.07554e-08
-1.99323e-08
-1.90957e-08
-1.8295e-08
-1.74784e-08
-1.66977e-08
-1.58988e-08
-1.51356e-08
-1.43522e-08
-1.36045e-08
-1.28345e-08
-1.21002e-08
-1.13419e-08
-1.06193e-08
-9.87073e-09
-9.15834e-09
-8.4177e-09
-7.71492e-09
-6.97939e-09
-6.2876e-09
-5.55085e-09
-4.87774e-09
-4.12137e-09
-3.4968e-09
-2.66312e-09
-2.1916e-09
-1.087e-09
-1.11702e-09
9.08385e-10
0.102828
0.104256
0.108991
0.115893
0.125058
0.135707
0.142319
0.134807
0.0629706
-0.133574
-0.304794
-0.292911
-0.308
-0.317362
-0.329142
-0.347128
-0.369694
-0.393272
-0.40763
-0.40374
-0.375112
-0.322228
-0.253922
-0.183936
-0.123419
-0.0773125
-0.0453806
-0.024925
-0.0126579
-0.00582384
-0.00236135
-0.00087803
-0.000481427
-0.000626915
-0.000997724
-0.00141964
-0.00180481
-0.00211563
-0.0023422
-0.00248876
-0.00256567
-0.00258502
-0.0025584
-0.00249605
-0.00240671
-0.00229763
-0.00217488
-0.00204345
-0.00190739
-0.00176983
-0.00163312
-0.00149891
-0.00136833
-0.00124218
-0.00112102
-0.00100528
-0.000895322
-0.000791401
-0.000693661
-0.000602143
-0.000516831
-0.000437717
-0.000364878
-0.000298508
-0.000238884
-0.000186257
-0.000140712
-0.000102061
-6.98389e-05
-4.33858e-05
-2.19676e-05
-4.87675e-06
8.46605e-06
1.83646e-05
2.47163e-05
2.70786e-05
2.50784e-05
1.9051e-05
1.04849e-05
1.82908e-06
-4.43086e-06
-6.92044e-06
-5.96858e-06
-3.22116e-06
-5.59952e-07
9.65571e-07
1.34233e-06
1.11116e-06
7.74319e-07
5.39511e-07
3.9884e-07
2.95641e-07
2.06129e-07
1.32651e-07
7.87625e-08
4.13294e-08
1.49106e-08
-4.28653e-09
-1.81833e-08
-2.7982e-08
-3.47027e-08
-3.91845e-08
-4.20505e-08
-4.37401e-08
-4.45833e-08
-4.48133e-08
-4.46139e-08
-4.4103e-08
-4.33843e-08
-4.25119e-08
-4.15489e-08
-4.05145e-08
-3.94514e-08
-3.83587e-08
-3.72697e-08
-3.61711e-08
-3.50931e-08
-3.40144e-08
-3.29647e-08
-3.1917e-08
-3.09026e-08
-2.989e-08
-2.89126e-08
-2.79353e-08
-2.6994e-08
-2.60501e-08
-2.51426e-08
-2.42295e-08
-2.33534e-08
-2.24684e-08
-2.16197e-08
-2.07604e-08
-1.99369e-08
-1.91002e-08
-1.82993e-08
-1.74826e-08
-1.67016e-08
-1.59026e-08
-1.51392e-08
-1.43557e-08
-1.36077e-08
-1.28377e-08
-1.21032e-08
-1.13447e-08
-1.06219e-08
-9.87326e-09
-9.16064e-09
-8.41991e-09
-7.71688e-09
-6.98128e-09
-6.28919e-09
-5.55244e-09
-4.87889e-09
-4.12273e-09
-3.49736e-09
-2.66446e-09
-2.19132e-09
-1.08884e-09
-1.11556e-09
9.05385e-10
0.0986745
0.0997012
0.103065
0.107699
0.11306
0.117843
0.115962
0.0988449
0.0345838
-0.124127
-0.238541
-0.248508
-0.27821
-0.299368
-0.317212
-0.337213
-0.358294
-0.377259
-0.386482
-0.379496
-0.351495
-0.303578
-0.243461
-0.182158
-0.128438
-0.0863297
-0.0559152
-0.0352919
-0.0219699
-0.0137386
-0.00886153
-0.00610177
-0.00462331
-0.00388524
-0.00355068
-0.0034174
-0.00336922
-0.0033433
-0.00330859
-0.00325228
-0.00317133
-0.00306752
-0.00294456
-0.0028067
-0.00265809
-0.00250247
-0.00234311
-0.00218283
-0.00202391
-0.00186815
-0.00171686
-0.00157093
-0.00143092
-0.00129718
-0.00116992
-0.0010493
-0.000935417
-0.000828337
-0.000728057
-0.000634528
-0.000547677
-0.000467452
-0.00039385
-0.000326914
-0.000266685
-0.000213119
-0.000166021
-0.000125045
-8.97834e-05
-5.98955e-05
-3.51625e-05
-1.53919e-05
-2.99456e-07
1.04727e-05
1.72121e-05
2.00279e-05
1.89942e-05
1.4574e-05
7.99927e-06
1.20387e-06
-3.82918e-06
-5.94594e-06
-5.30897e-06
-3.14899e-06
-9.37072e-07
4.42606e-07
9.0503e-07
8.3068e-07
6.12718e-07
4.37616e-07
3.22651e-07
2.36071e-07
1.61599e-07
1.00687e-07
5.57636e-08
2.44176e-08
2.37219e-09
-1.35011e-08
-2.48937e-08
-3.2862e-08
-3.82606e-08
-4.17828e-08
-4.39484e-08
-4.51267e-08
-4.5597e-08
-4.55551e-08
-4.51573e-08
-4.45015e-08
-4.3677e-08
-4.27275e-08
-4.17082e-08
-4.06327e-08
-3.95396e-08
-3.84249e-08
-3.73199e-08
-3.62097e-08
-3.51231e-08
-3.40381e-08
-3.29837e-08
-3.19327e-08
-3.09158e-08
-2.99013e-08
-2.89225e-08
-2.79441e-08
-2.70019e-08
-2.60574e-08
-2.51493e-08
-2.42359e-08
-2.33591e-08
-2.2474e-08
-2.1625e-08
-2.07655e-08
-1.99418e-08
-1.91049e-08
-1.83038e-08
-1.74869e-08
-1.67057e-08
-1.59066e-08
-1.51429e-08
-1.43593e-08
-1.36111e-08
-1.28409e-08
-1.21061e-08
-1.13476e-08
-1.06245e-08
-9.87582e-09
-9.16293e-09
-8.42214e-09
-7.71881e-09
-6.98317e-09
-6.29072e-09
-5.55402e-09
-4.87994e-09
-4.1241e-09
-3.49774e-09
-2.66596e-09
-2.19067e-09
-1.09123e-09
-1.11332e-09
9.01114e-10
0.0941153
0.0947439
0.096779
0.0992483
0.10131
0.101088
0.0934545
0.0697743
0.0138355
-0.101419
-0.198019
-0.226049
-0.257534
-0.27968
-0.298113
-0.317224
-0.335743
-0.351075
-0.35749
-0.349607
-0.324275
-0.282914
-0.231705
-0.179112
-0.131997
-0.0938078
-0.0650282
-0.0444917
-0.030407
-0.0210449
-0.0149648
-0.0110818
-0.00862526
-0.00706997
-0.00607024
-0.00540465
-0.00493514
-0.00457795
-0.00428375
-0.00402444
-0.00378466
-0.00355642
-0.00333586
-0.00312137
-0.00291253
-0.00270953
-0.00251287
-0.00232314
-0.0021409
-0.00196657
-0.00180043
-0.00164256
-0.00149296
-0.0013515
-0.00121806
-0.00109249
-0.000974661
-0.000864418
-0.000761615
-0.000666107
-0.000577764
-0.000496497
-0.000422241
-0.000354914
-0.000294343
-0.00024019
-0.000191951
-0.000149052
-0.000111069
-7.79008e-05
-4.97791e-05
-2.70363e-05
-9.77197e-06
2.31988e-06
9.8212e-06
1.33194e-05
1.33128e-05
1.04243e-05
5.69967e-06
6.38047e-07
-3.22545e-06
-4.94504e-06
-4.55594e-06
-2.93513e-06
-1.17272e-06
1.95544e-08
5.14683e-07
5.58539e-07
4.423e-07
3.24247e-07
2.3751e-07
1.69724e-07
1.11758e-07
6.4534e-08
2.96085e-08
5.21289e-09
-1.18297e-08
-2.39456e-08
-3.25215e-08
-3.84221e-08
-4.2319e-08
-4.47478e-08
-4.61148e-08
-4.67098e-08
-4.67546e-08
-4.64022e-08
-4.57777e-08
-4.49565e-08
-4.40111e-08
-4.29734e-08
-4.18897e-08
-4.07672e-08
-3.96398e-08
-3.85001e-08
-3.73767e-08
-3.62531e-08
-3.51567e-08
-3.40645e-08
-3.30048e-08
-3.195e-08
-3.09301e-08
-2.99135e-08
-2.8933e-08
-2.79535e-08
-2.70103e-08
-2.60652e-08
-2.5156e-08
-2.42426e-08
-2.33652e-08
-2.24799e-08
-2.16305e-08
-2.07708e-08
-1.99468e-08
-1.91098e-08
-1.83083e-08
-1.74914e-08
-1.67098e-08
-1.59106e-08
-1.51467e-08
-1.4363e-08
-1.36145e-08
-1.28443e-08
-1.21092e-08
-1.13506e-08
-1.06272e-08
-9.87847e-09
-9.16527e-09
-8.42444e-09
-7.72078e-09
-6.98514e-09
-6.29228e-09
-5.55568e-09
-4.88096e-09
-4.12559e-09
-3.49796e-09
-2.6677e-09
-2.18957e-09
-1.09431e-09
-1.11005e-09
8.95106e-10
0.0893098
0.0895679
0.0903631
0.0909092
0.0901728
0.0861572
0.0746125
0.0483481
-0.00122162
-0.0911936
-0.17138
-0.204069
-0.236213
-0.260888
-0.280989
-0.299692
-0.316024
-0.328119
-0.331794
-0.323198
-0.300397
-0.264784
-0.221125
-0.17585
-0.134362
-0.0996628
-0.0725136
-0.0522922
-0.0377452
-0.0275393
-0.0204923
-0.0156658
-0.0123607
-0.0100784
-0.00847465
-0.00731739
-0.00645306
-0.00578167
-0.00523882
-0.00478335
-0.00438904
-0.00403908
-0.00372262
-0.00343255
-0.00316411
-0.00291411
-0.00268036
-0.00246131
-0.00225583
-0.00206302
-0.00188212
-0.00171243
-0.00155335
-0.00140429
-0.00126476
-0.00113433
-0.00101261
-0.000899258
-0.000793987
-0.000696542
-0.000606732
-0.000524424
-0.000449498
-0.000381772
-0.000320897
-0.000266289
-0.000217167
-0.000172745
-0.000132521
-9.65312e-05
-6.53806e-05
-3.98363e-05
-2.03019e-05
-6.58349e-06
2.04638e-06
6.52436e-06
7.68477e-06
6.2946e-06
3.27374e-06
-2.10029e-07
-2.97637e-06
-4.25534e-06
-3.98962e-06
-2.76907e-06
-1.37272e-06
-3.52115e-07
1.51923e-07
2.86217e-07
2.58076e-07
1.96538e-07
1.42365e-07
9.68228e-08
5.72436e-08
2.48125e-08
7.85559e-10
-1.59038e-08
-2.7391e-08
-3.53817e-08
-4.08863e-08
-4.45293e-08
-4.67798e-08
-4.80076e-08
-4.84972e-08
-4.84512e-08
-4.80281e-08
-4.73342e-08
-4.64604e-08
-4.54571e-08
-4.43787e-08
-4.32439e-08
-4.20892e-08
-4.0915e-08
-3.97497e-08
-3.85824e-08
-3.74388e-08
-3.63005e-08
-3.51932e-08
-3.40931e-08
-3.30275e-08
-3.19684e-08
-3.09453e-08
-2.99265e-08
-2.89441e-08
-2.79633e-08
-2.70191e-08
-2.60735e-08
-2.51637e-08
-2.42494e-08
-2.33714e-08
-2.24859e-08
-2.16361e-08
-2.07763e-08
-1.99519e-08
-1.91147e-08
-1.83129e-08
-1.74959e-08
-1.6714e-08
-1.59148e-08
-1.51505e-08
-1.43667e-08
-1.36179e-08
-1.28477e-08
-1.21122e-08
-1.13536e-08
-1.06299e-08
-9.88114e-09
-9.16758e-09
-8.42676e-09
-7.7227e-09
-6.98711e-09
-6.29376e-09
-5.55734e-09
-4.88186e-09
-4.12712e-09
-3.49793e-09
-2.66969e-09
-2.18784e-09
-1.09827e-09
-1.10532e-09
8.86718e-10
0.0844062
0.084329
0.0840122
0.0828862
0.0798605
0.0729538
0.0588426
0.0317205
-0.012682
-0.0842096
-0.151098
-0.187047
-0.219943
-0.245432
-0.265687
-0.28335
-0.297727
-0.307384
-0.30936
-0.300825
-0.280507
-0.249668
-0.212055
-0.172668
-0.135842
-0.10419
-0.0786158
-0.0588674
-0.0440941
-0.0332819
-0.0254714
-0.0198608
-0.0158254
-0.0129004
-0.0107512
-0.00914216
-0.00790985
-0.00694218
-0.00616266
-0.0055191
-0.00497578
-0.004508
-0.00409845
-0.00373487
-0.00340841
-0.00311259
-0.00284265
-0.00259497
-0.00236679
-0.00215593
-0.00196063
-0.00177943
-0.00161112
-0.00145467
-0.00130922
-0.00117406
-0.00104856
-0.000932194
-0.000824526
-0.000725198
-0.000633946
-0.000550582
-0.00047493
-0.000406718
-0.00034546
-0.000290384
-0.0002405
-0.00019484
-0.000152837
-0.000114634
-8.10085e-05
-5.30062e-05
-3.13558e-05
-1.59604e-05
-5.98811e-06
-3.12443e-07
2.11768e-06
2.17395e-06
6.93204e-07
-1.39167e-06
-3.15859e-06
-3.97206e-06
-3.70908e-06
-2.73779e-06
-1.59894e-06
-7.07092e-07
-1.97475e-07
1.04685e-08
6.06701e-08
5.56868e-08
3.82199e-08
1.85378e-08
-8.41064e-10
-1.7536e-08
-2.99795e-08
-3.83963e-08
-4.39152e-08
-4.75117e-08
-4.97653e-08
-5.10187e-08
-5.15223e-08
-5.1474e-08
-5.10308e-08
-5.03034e-08
-4.93828e-08
-4.83257e-08
-4.71867e-08
-4.59896e-08
-4.47698e-08
-4.35317e-08
-4.23015e-08
-4.10722e-08
-3.98666e-08
-3.86699e-08
-3.75047e-08
-3.63507e-08
-3.52318e-08
-3.41233e-08
-3.30515e-08
-3.19879e-08
-3.09613e-08
-2.994e-08
-2.89557e-08
-2.79736e-08
-2.7028e-08
-2.60814e-08
-2.5171e-08
-2.42564e-08
-2.33778e-08
-2.24921e-08
-2.16418e-08
-2.07818e-08
-1.9957e-08
-1.91198e-08
-1.83175e-08
-1.75005e-08
-1.67182e-08
-1.5919e-08
-1.51543e-08
-1.43706e-08
-1.36213e-08
-1.28511e-08
-1.21153e-08
-1.13568e-08
-1.06326e-08
-9.88389e-09
-9.16991e-09
-8.42916e-09
-7.72464e-09
-6.98916e-09
-6.29524e-09
-5.55909e-09
-4.88271e-09
-4.12878e-09
-3.49768e-09
-2.67202e-09
-2.18538e-09
-1.10336e-09
-1.09863e-09
8.75011e-10
0.0795378
0.0791683
0.0778809
0.0753528
0.0704941
0.0614868
0.0457658
0.0188675
-0.0211946
-0.0798064
-0.136876
-0.173149
-0.20533
-0.231057
-0.25166
-0.2689
-0.282152
-0.290262
-0.291065
-0.282629
-0.26426
-0.237147
-0.204296
-0.16964
-0.136681
-0.107676
-0.0835797
-0.0643904
-0.0495569
-0.038321
-0.0299132
-0.0236559
-0.0189972
-0.0155101
-0.0128744
-0.0108561
-0.00928615
-0.00804374
-0.00704282
-0.00622206
-0.00553754
-0.00495758
-0.0044591
-0.00402508
-0.00364288
-0.00330297
-0.00299814
-0.00272283
-0.00247274
-0.00224446
-0.00203529
-0.00184301
-0.00166583
-0.00150229
-0.00135117
-0.00121147
-0.00108234
-0.000963074
-0.000853097
-0.000751945
-0.000659274
-0.000574831
-0.000498376
-0.000429557
-0.000367781
-0.000312142
-0.000261508
-0.0002148
-0.000171407
-0.000131476
-9.59156e-05
-6.59613e-05
-4.24718e-05
-2.54585e-05
-1.40851e-05
-7.10769e-06
-3.36268e-06
-1.92543e-06
-2.01825e-06
-2.86831e-06
-3.73155e-06
-4.06715e-06
-3.70536e-06
-2.85083e-06
-1.86618e-06
-1.05418e-06
-5.32902e-07
-2.61934e-07
-1.41959e-07
-9.21111e-08
-7.09578e-08
-6.26851e-08
-6.08031e-08
-6.13077e-08
-6.18414e-08
-6.16877e-08
-6.10026e-08
-6.00483e-08
-5.89469e-08
-5.77344e-08
-5.64323e-08
-5.50635e-08
-5.3655e-08
-5.22222e-08
-5.07866e-08
-4.93533e-08
-4.79395e-08
-4.65418e-08
-4.51753e-08
-4.38301e-08
-4.25216e-08
-4.12351e-08
-3.99877e-08
-3.87605e-08
-3.75729e-08
-3.64026e-08
-3.52717e-08
-3.41546e-08
-3.30761e-08
-3.20079e-08
-3.09776e-08
-2.99539e-08
-2.89674e-08
-2.7984e-08
-2.70373e-08
-2.60897e-08
-2.51783e-08
-2.42636e-08
-2.33842e-08
-2.24984e-08
-2.16476e-08
-2.07875e-08
-1.99621e-08
-1.91249e-08
-1.83222e-08
-1.75052e-08
-1.67224e-08
-1.59232e-08
-1.51581e-08
-1.43744e-08
-1.36247e-08
-1.28546e-08
-1.21183e-08
-1.13599e-08
-1.06352e-08
-9.88665e-09
-9.17218e-09
-8.43155e-09
-7.7265e-09
-6.9912e-09
-6.29662e-09
-5.56084e-09
-4.88339e-09
-4.1305e-09
-3.49707e-09
-2.67468e-09
-2.18194e-09
-1.10983e-09
-1.08921e-09
8.58744e-10
0.0748205
0.0742018
0.0720884
0.0684069
0.0621127
0.051601
0.034932
0.00876779
-0.0276665
-0.0770354
-0.126334
-0.16179
-0.193149
-0.218751
-0.23925
-0.25584
-0.268037
-0.274939
-0.275034
-0.266998
-0.250464
-0.2265
-0.197554
-0.16678
-0.137055
-0.110347
-0.087613
-0.06902
-0.0542409
-0.0427217
-0.0338525
-0.0270659
-0.0218792
-0.0179036
-0.0148372
-0.0124509
-0.0105735
-0.00907832
-0.00787204
-0.00688581
-0.00606876
-0.0053831
-0.00480056
-0.00429984
-0.00386478
-0.003483
-0.00314502
-0.00284345
-0.00257252
-0.00232768
-0.00210532
-0.00190252
-0.00171694
-0.00154667
-0.00139017
-0.00124615
-0.00111358
-0.000991558
-0.000879381
-0.00077648
-0.000682427
-0.000596896
-0.000519576
-0.000450042
-0.000387615
-0.000331301
-0.000279886
-0.000232239
-0.000187717
-0.000146483
-0.000109498
-7.80542e-05
-5.30838e-05
-3.4642e-05
-2.1914e-05
-1.36417e-05
-8.61185e-06
-5.89111e-06
-4.7492e-06
-4.52056e-06
-4.57906e-06
-4.44658e-06
-3.91929e-06
-3.0839e-06
-2.17156e-06
-1.39644e-06
-8.54305e-07
-5.2657e-07
-3.43768e-07
-2.41714e-07
-1.81643e-07
-1.44599e-07
-1.21046e-07
-1.05292e-07
-9.38947e-08
-8.51154e-08
-7.81761e-08
-7.26445e-08
-6.81766e-08
-6.449e-08
-6.13739e-08
-5.8677e-08
-5.62971e-08
-5.41544e-08
-5.22003e-08
-5.03884e-08
-4.8698e-08
-4.70982e-08
-4.5584e-08
-4.41309e-08
-4.27435e-08
-4.13995e-08
-4.01099e-08
-3.8852e-08
-3.76418e-08
-3.64552e-08
-3.5312e-08
-3.41862e-08
-3.31011e-08
-3.20282e-08
-3.09942e-08
-2.9968e-08
-2.89793e-08
-2.79946e-08
-2.70464e-08
-2.6098e-08
-2.51858e-08
-2.42708e-08
-2.33908e-08
-2.25048e-08
-2.16534e-08
-2.07932e-08
-1.99673e-08
-1.91302e-08
-1.83269e-08
-1.751e-08
-1.67267e-08
-1.59276e-08
-1.51619e-08
-1.43784e-08
-1.36282e-08
-1.28582e-08
-1.21214e-08
-1.13631e-08
-1.06379e-08
-9.88951e-09
-9.17447e-09
-8.43405e-09
-7.72838e-09
-6.99334e-09
-6.298e-09
-5.5627e-09
-4.88402e-09
-4.13239e-09
-3.49618e-09
-2.67778e-09
-2.17741e-09
-1.11802e-09
-1.07614e-09
8.36187e-10
0.0703528
0.0695271
0.0667255
0.0621171
0.0547202
0.0431664
0.0260025
0.000799499
-0.0325959
-0.0752266
-0.118562
-0.152632
-0.182827
-0.207922
-0.228164
-0.244267
-0.255779
-0.261961
-0.261702
-0.254108
-0.239081
-0.217631
-0.191801
-0.16417
-0.137126
-0.112385
-0.0908756
-0.0728758
-0.0582231
-0.0465251
-0.0373041
-0.0300886
-0.0244592
-0.0200645
-0.0166218
-0.0139095
-0.0117567
-0.010033
-0.00863971
-0.00750182
-0.0065627
-0.00577929
-0.00511876
-0.004556
-0.00407165
-0.00365079
-0.00328181
-0.00295566
-0.00266522
-0.00240488
-0.00217018
-0.00195754
-0.0017641
-0.00158755
-0.00142602
-0.00127798
-0.00114218
-0.00101758
-0.000903334
-0.000798776
-0.000703391
-0.000616777
-0.00053855
-0.000468212
-0.000405021
-0.000347932
-0.000295698
-0.000247179
-0.000201729
-0.000159521
-0.000121513
-8.89879e-05
-6.28694e-05
-4.32296e-05
-2.92798e-05
-1.97893e-05
-1.35549e-05
-9.66362e-06
-7.42909e-06
-6.25865e-06
-5.60246e-06
-5.02197e-06
-4.28812e-06
-3.40307e-06
-2.50174e-06
-1.72899e-06
-1.15694e-06
-7.76629e-07
-5.37374e-07
-3.87005e-07
-2.896e-07
-2.24478e-07
-1.79811e-07
-1.48295e-07
-1.25316e-07
-1.08116e-07
-9.50446e-08
-8.50198e-08
-7.72474e-08
-7.11315e-08
-6.62331e-08
-6.2231e-08
-5.88963e-08
-5.60559e-08
-5.35919e-08
-5.14077e-08
-4.94451e-08
-4.76465e-08
-4.59867e-08
-4.44275e-08
-4.29623e-08
-4.15617e-08
-4.02305e-08
-3.89424e-08
-3.77099e-08
-3.65071e-08
-3.53519e-08
-3.42175e-08
-3.31258e-08
-3.20483e-08
-3.10106e-08
-2.9982e-08
-2.89911e-08
-2.80055e-08
-2.7055e-08
-2.61064e-08
-2.51933e-08
-2.4278e-08
-2.33972e-08
-2.25111e-08
-2.1659e-08
-2.07989e-08
-1.99724e-08
-1.91354e-08
-1.83315e-08
-1.75147e-08
-1.67308e-08
-1.59319e-08
-1.51656e-08
-1.43823e-08
-1.36315e-08
-1.28618e-08
-1.21243e-08
-1.13663e-08
-1.06404e-08
-9.89233e-09
-9.17662e-09
-8.43651e-09
-7.73011e-09
-6.99546e-09
-6.29923e-09
-5.56455e-09
-4.88445e-09
-4.13432e-09
-3.49486e-09
-2.68128e-09
-2.17147e-09
-1.12816e-09
-1.05814e-09
8.05207e-10
0.0662166
0.065222
0.0618586
0.056518
0.0482897
0.0360324
0.0186697
-0.00552481
-0.0363929
-0.0740519
-0.112747
-0.145216
-0.174223
-0.198715
-0.218593
-0.234195
-0.245101
-0.250712
-0.250244
-0.243131
-0.229439
-0.210099
-0.186836
-0.161791
-0.136981
-0.113919
-0.0934967
-0.076064
-0.0615809
-0.0497815
-0.040297
-0.032738
-0.0267413
-0.0219908
-0.0182231
-0.0152254
-0.012829
-0.0109014
-0.00933988
-0.00806487
-0.00701485
-0.00614231
-0.00541049
-0.00479088
-0.00426132
-0.00380455
-0.00340708
-0.00305832
-0.00274993
-0.00247532
-0.00222926
-0.00200757
-0.0018069
-0.00162458
-0.00145843
-0.00130669
-0.00116792
-0.00104093
-0.000924768
-0.000818664
-0.00072202
-0.000634353
-0.000555203
-0.000484008
-0.000419975
-0.000362038
-0.000308957
-0.000259615
-0.000213395
-0.000170472
-0.000131769
-9.85065e-05
-7.15535e-05
-5.09627e-05
-3.59703e-05
-2.53924e-05
-1.80766e-05
-1.31474e-05
-9.96192e-06
-7.97898e-06
-6.69751e-06
-5.7029e-06
-4.74701e-06
-3.77162e-06
-2.84129e-06
-2.04708e-06
-1.43859e-06
-1.00909e-06
-7.19012e-07
-5.24486e-07
-3.92122e-07
-3.0034e-07
-2.35604e-07
-1.89151e-07
-1.55202e-07
-1.30009e-07
-1.11109e-07
-9.68117e-08
-8.58968e-08
-7.74685e-08
-7.08715e-08
-6.5624e-08
-6.13778e-08
-5.78713e-08
-5.49208e-08
-5.23812e-08
-5.01589e-08
-4.81706e-08
-4.6372e-08
-4.47114e-08
-4.31719e-08
-4.17172e-08
-4.03462e-08
-3.90293e-08
-3.77754e-08
-3.65574e-08
-3.53905e-08
-3.4248e-08
-3.31498e-08
-3.20681e-08
-3.10267e-08
-2.99958e-08
-2.90027e-08
-2.8016e-08
-2.70642e-08
-2.6115e-08
-2.52009e-08
-2.42853e-08
-2.34036e-08
-2.25176e-08
-2.16648e-08
-2.08048e-08
-1.99776e-08
-1.91407e-08
-1.83361e-08
-1.75196e-08
-1.6735e-08
-1.59364e-08
-1.51694e-08
-1.43864e-08
-1.36348e-08
-1.28654e-08
-1.21272e-08
-1.13696e-08
-1.0643e-08
-9.89527e-09
-9.1788e-09
-8.43909e-09
-7.73188e-09
-6.99769e-09
-6.30048e-09
-5.56652e-09
-4.88484e-09
-4.13643e-09
-3.49327e-09
-2.68527e-09
-2.16416e-09
-1.14057e-09
-1.03396e-09
7.63229e-10
0.0624787
0.0613491
0.0575357
0.0516279
0.0427847
0.0300704
0.012695
-0.0105386
-0.0393238
-0.0732701
-0.108371
-0.139264
-0.167106
-0.190914
-0.210368
-0.225537
-0.236008
-0.241278
-0.24077
-0.234131
-0.221549
-0.2039
-0.182682
-0.159714
-0.13673
-0.115072
-0.0955895
-0.0786752
-0.0643783
-0.0525309
-0.0428519
-0.0350209
-0.0287233
-0.023675
-0.0196311
-0.0163881
-0.0137802
-0.0116742
-0.00996466
-0.00856833
-0.0074198
-0.00646782
-0.00567228
-0.00500176
-0.00443163
-0.0039426
-0.0035195
-0.00315038
-0.00282583
-0.00253837
-0.00228208
-0.00205224
-0.00184507
-0.00165755
-0.00148723
-0.00133216
-0.00119071
-0.00106156
-0.000943666
-0.000836153
-0.000738343
-0.000649675
-0.000569619
-0.000497552
-0.000432645
-0.000373831
-0.000319903
-0.000269796
-0.000222932
-0.000179489
-0.000140338
-0.000106606
-7.90744e-05
-5.77557e-05
-4.1904e-05
-3.03911e-05
-2.21324e-05
-1.63016e-05
-1.22993e-05
-9.62153e-06
-7.79821e-06
-6.4285e-06
-5.24973e-06
-4.1611e-06
-3.17582e-06
-2.34376e-06
-1.69434e-06
-1.21882e-06
-8.83468e-07
-6.49674e-07
-4.85884e-07
-3.6994e-07
-2.86963e-07
-2.26905e-07
-1.82919e-07
-1.50365e-07
-1.26065e-07
-1.07795e-07
-9.39524e-08
-8.33691e-08
-7.51895e-08
-6.87826e-08
-6.36886e-08
-5.95627e-08
-5.61596e-08
-5.32893e-08
-5.0825e-08
-4.86597e-08
-4.67316e-08
-4.49765e-08
-4.33677e-08
-4.18626e-08
-4.04545e-08
-3.91108e-08
-3.78369e-08
-3.66045e-08
-3.54268e-08
-3.42767e-08
-3.31725e-08
-3.20868e-08
-3.10419e-08
-3.0009e-08
-2.90138e-08
-2.8025e-08
-2.70726e-08
-2.61234e-08
-2.5208e-08
-2.42923e-08
-2.34098e-08
-2.25238e-08
-2.16702e-08
-2.08104e-08
-1.99824e-08
-1.91458e-08
-1.83404e-08
-1.75242e-08
-1.67389e-08
-1.59406e-08
-1.51728e-08
-1.43903e-08
-1.36379e-08
-1.2869e-08
-1.213e-08
-1.13728e-08
-1.06453e-08
-9.89809e-09
-9.18075e-09
-8.44156e-09
-7.73343e-09
-6.99983e-09
-6.30151e-09
-5.56842e-09
-4.885e-09
-4.13853e-09
-3.49123e-09
-2.68956e-09
-2.15522e-09
-1.15519e-09
-1.00215e-09
7.07839e-10
0.0591921
0.057957
0.0537905
0.0474513
0.0381621
0.0251633
0.00788078
-0.0144935
-0.0415864
-0.0727478
-0.105074
-0.134526
-0.161306
-0.184456
-0.203492
-0.218272
-0.228385
-0.233394
-0.232885
-0.226669
-0.215015
-0.198748
-0.179186
-0.157901
-0.136408
-0.115917
-0.0972353
-0.0807824
-0.0666726
-0.0548136
-0.0449945
-0.0369513
-0.0304113
-0.0251181
-0.0208438
-0.0173938
-0.0146058
-0.012347
-0.0105098
-0.00900843
-0.00777425
-0.00675301
-0.00590177
-0.00518666
-0.00458096
-0.00406362
-0.003618
-0.00323099
-0.00289222
-0.00259346
-0.00232818
-0.00209117
-0.00187828
-0.00168619
-0.00151222
-0.0013542
-0.00121039
-0.00107935
-0.000959912
-0.000851143
-0.000752282
-0.000662694
-0.00058178
-0.000508862
-0.000443091
-0.000383409
-0.000328664
-0.000277853
-0.000230454
-0.000186646
-0.000147234
-0.000113242
-8.53471e-05
-6.35048e-05
-4.69791e-05
-3.4698e-05
-2.5648e-05
-1.90591e-05
-1.4373e-05
-1.11143e-05
-8.83293e-06
-7.13574e-06
-5.74906e-06
-4.54211e-06
-3.49071e-06
-2.61337e-06
-1.92227e-06
-1.40463e-06
-1.02933e-06
-7.60982e-07
-5.69334e-07
-4.31856e-07
-3.32619e-07
-2.60467e-07
-2.07578e-07
-1.68498e-07
-1.39408e-07
-1.17609e-07
-1.01161e-07
-8.86534e-08
-7.90572e-08
-7.16111e-08
-6.5757e-08
-6.10763e-08
-5.72682e-08
-5.41023e-08
-5.14218e-08
-4.90985e-08
-4.70546e-08
-4.52149e-08
-4.35441e-08
-4.19939e-08
-4.05524e-08
-3.91848e-08
-3.78928e-08
-3.66478e-08
-3.54602e-08
-3.43034e-08
-3.31937e-08
-3.21045e-08
-3.10564e-08
-3.00217e-08
-2.90244e-08
-2.80349e-08
-2.70811e-08
-2.61315e-08
-2.52151e-08
-2.42994e-08
-2.34159e-08
-2.25301e-08
-2.16756e-08
-2.08161e-08
-1.99872e-08
-1.9151e-08
-1.83448e-08
-1.7529e-08
-1.67428e-08
-1.5945e-08
-1.51764e-08
-1.43943e-08
-1.3641e-08
-1.28726e-08
-1.21327e-08
-1.1376e-08
-1.06477e-08
-9.90102e-09
-9.18275e-09
-8.44414e-09
-7.73503e-09
-7.00209e-09
-6.30261e-09
-5.57044e-09
-4.88521e-09
-4.14079e-09
-3.4891e-09
-2.69423e-09
-2.14511e-09
-1.17192e-09
-9.62225e-10
6.37541e-10
0.0563985
0.0550829
0.050646
0.0439862
0.0343809
0.0212151
0.00407483
-0.0175682
-0.0433144
-0.0723945
-0.102604
-0.130818
-0.156677
-0.179224
-0.197866
-0.212317
-0.222161
-0.227012
-0.226561
-0.220726
-0.209825
-0.194645
-0.176373
-0.156405
-0.136092
-0.116538
-0.0985125
-0.0824509
-0.0685129
-0.056663
-0.0467445
-0.038539
-0.0318078
-0.0263179
-0.0218563
-0.0182365
-0.0152997
-0.0129137
-0.01097
-0.00938051
-0.00807429
-0.00699463
-0.00609633
-0.00534349
-0.00470765
-0.00416627
-0.00370154
-0.00329933
-0.00294848
-0.00264011
-0.00236718
-0.00212408
-0.00190633
-0.00171035
-0.00153326
-0.00137275
-0.00122693
-0.00109427
-0.000973517
-0.000863668
-0.000763894
-0.000673494
-0.000591806
-0.000518109
-0.000451535
-0.000391051
-0.000335561
-0.000284133
-0.000236297
-0.000192235
-0.000152688
-0.000118573
-9.04607e-05
-6.82484e-05
-5.12039e-05
-3.83069e-05
-2.86112e-05
-2.14031e-05
-1.61599e-05
-1.24277e-05
-9.7686e-06
-7.79321e-06
-6.2199e-06
-4.89742e-06
-3.77527e-06
-2.84898e-06
-2.11683e-06
-1.56135e-06
-1.15189e-06
-8.54591e-07
-6.39749e-07
-4.84363e-07
-3.71581e-07
-2.89299e-07
-2.28884e-07
-1.84225e-07
-1.50999e-07
-1.26131e-07
-1.0741e-07
-9.32266e-08
-8.24005e-08
-7.40554e-08
-6.75456e-08
-6.23867e-08
-5.82293e-08
-5.48079e-08
-5.19399e-08
-4.94796e-08
-4.7335e-08
-4.5422e-08
-4.36973e-08
-4.21081e-08
-4.06377e-08
-3.92493e-08
-3.79417e-08
-3.66857e-08
-3.54895e-08
-3.4327e-08
-3.32124e-08
-3.21202e-08
-3.10691e-08
-3.00331e-08
-2.90337e-08
-2.80441e-08
-2.70888e-08
-2.61389e-08
-2.52213e-08
-2.43057e-08
-2.34213e-08
-2.25357e-08
-2.16803e-08
-2.08212e-08
-1.99915e-08
-1.91557e-08
-1.83486e-08
-1.75333e-08
-1.67462e-08
-1.59489e-08
-1.51794e-08
-1.43979e-08
-1.36436e-08
-1.28758e-08
-1.2135e-08
-1.1379e-08
-1.06497e-08
-9.90364e-09
-9.18434e-09
-8.44645e-09
-7.73625e-09
-7.0041e-09
-6.30337e-09
-5.57224e-09
-4.88511e-09
-4.14285e-09
-3.48663e-09
-2.69883e-09
-2.13392e-09
-1.18987e-09
-9.14661e-10
5.53446e-10
0.0541298
0.0527546
0.0481175
0.0412264
0.0314036
0.0181466
0.00115811
-0.0198949
-0.0446048
-0.0721574
-0.100791
-0.128001
-0.153104
-0.175143
-0.193448
-0.207632
-0.217269
-0.222007
-0.221611
-0.216079
-0.205765
-0.191423
-0.174143
-0.15519
-0.135791
-0.116971
-0.0994689
-0.083727
-0.0699378
-0.0581078
-0.0481215
-0.0397957
-0.0329187
-0.0272765
-0.0226682
-0.0189143
-0.0158592
-0.0133717
-0.0113425
-0.00968207
-0.00831771
-0.0071908
-0.00625436
-0.0054709
-0.00481056
-0.00424966
-0.00376937
-0.0033548
-0.00299411
-0.00267792
-0.00239876
-0.0021507
-0.00192899
-0.00172985
-0.00155023
-0.00138768
-0.00124022
-0.00110623
-0.000984403
-0.000873666
-0.000773134
-0.000682049
-0.000599698
-0.000525321
-0.000458042
-0.000396852
-0.000340713
-0.000288761
-0.000240578
-0.000196345
-0.000156748
-0.000122605
-9.43903e-05
-7.19414e-05
-5.45254e-05
-4.1165e-05
-3.09727e-05
-2.32848e-05
-1.76094e-05
-1.3509e-05
-1.05535e-05
-8.35538e-06
-6.6275e-06
-5.20469e-06
-4.01816e-06
-3.04677e-06
-2.27802e-06
-1.69011e-06
-1.25204e-06
-9.30688e-07
-6.96647e-07
-5.26527e-07
-4.02713e-07
-3.12282e-07
-2.45879e-07
-1.96811e-07
-1.60316e-07
-1.33012e-07
-1.12471e-07
-9.69344e-08
-8.51088e-08
-7.60317e-08
-6.89889e-08
-6.34431e-08
-5.90041e-08
-5.53775e-08
-5.23591e-08
-4.97886e-08
-4.75628e-08
-4.55908e-08
-4.38224e-08
-4.22018e-08
-4.0708e-08
-3.93029e-08
-3.79827e-08
-3.67178e-08
-3.55146e-08
-3.43474e-08
-3.32288e-08
-3.21343e-08
-3.10807e-08
-3.00435e-08
-2.90425e-08
-2.80524e-08
-2.70959e-08
-2.61459e-08
-2.52274e-08
-2.4312e-08
-2.34265e-08
-2.25413e-08
-2.1685e-08
-2.08263e-08
-1.99957e-08
-1.91603e-08
-1.83523e-08
-1.75376e-08
-1.67496e-08
-1.59528e-08
-1.51824e-08
-1.44015e-08
-1.36463e-08
-1.28791e-08
-1.21373e-08
-1.1382e-08
-1.06517e-08
-9.90631e-09
-9.18602e-09
-8.44882e-09
-7.73758e-09
-7.0062e-09
-6.30427e-09
-5.57415e-09
-4.88523e-09
-4.14498e-09
-3.48449e-09
-2.70343e-09
-2.12292e-09
-1.20804e-09
-8.62867e-10
4.60947e-10
0.0524094
0.0509925
0.0462145
0.0391646
0.0291989
0.0158971
-0.000957341
-0.0215666
-0.0455224
-0.0720016
-0.0995164
-0.12597
-0.150498
-0.17214
-0.19018
-0.204159
-0.213649
-0.21832
-0.217986
-0.212691
-0.202812
-0.189078
-0.172513
-0.15429
-0.135553
-0.11727
-0.100154
-0.0846528
-0.0709801
-0.0591713
-0.0491403
-0.0407296
-0.0337473
-0.0279937
-0.0232773
-0.0194239
-0.0162807
-0.0137173
-0.0116239
-0.00991013
-0.00850194
-0.00733936
-0.0063741
-0.00556746
-0.00488858
-0.00431287
-0.00382079
-0.00339684
-0.00302869
-0.00270656
-0.00242268
-0.00217085
-0.00194614
-0.00174459
-0.00156304
-0.00139895
-0.00125024
-0.00111525
-0.000992605
-0.00088119
-0.000780077
-0.000688463
-0.000605594
-0.000530685
-0.000462851
-0.000401109
-0.000344466
-0.000292115
-0.000243675
-0.000199328
-0.000159714
-0.000125572
-9.72972e-05
-7.46834e-05
-5.69977e-05
-4.32979e-05
-3.27429e-05
-2.47075e-05
-1.87212e-05
-1.43555e-05
-1.11831e-05
-8.81664e-06
-6.96579e-06
-5.4577e-06
-4.2128e-06
-3.19964e-06
-2.39846e-06
-1.78391e-06
-1.32391e-06
-9.85048e-07
-7.37498e-07
-5.57186e-07
-4.2574e-07
-3.29577e-07
-2.58838e-07
-2.06472e-07
-1.67469e-07
-1.38267e-07
-1.16308e-07
-9.97255e-08
-8.71394e-08
-7.7513e-08
-7.00738e-08
-6.42405e-08
-5.95913e-08
-5.58101e-08
-5.26775e-08
-5.00232e-08
-4.77356e-08
-4.57187e-08
-4.39173e-08
-4.2273e-08
-4.07615e-08
-3.93439e-08
-3.80139e-08
-3.67425e-08
-3.55338e-08
-3.43632e-08
-3.32414e-08
-3.21452e-08
-3.10896e-08
-3.00516e-08
-2.90493e-08
-2.8059e-08
-2.71013e-08
-2.61515e-08
-2.5232e-08
-2.43168e-08
-2.34305e-08
-2.25457e-08
-2.16885e-08
-2.08303e-08
-1.99987e-08
-1.91639e-08
-1.83551e-08
-1.75409e-08
-1.67519e-08
-1.59559e-08
-1.51844e-08
-1.44042e-08
-1.36481e-08
-1.28816e-08
-1.21388e-08
-1.13842e-08
-1.06529e-08
-9.90833e-09
-9.18699e-09
-8.45061e-09
-7.73827e-09
-7.00776e-09
-6.30462e-09
-5.57555e-09
-4.88492e-09
-4.14659e-09
-3.48224e-09
-2.70719e-09
-2.11263e-09
-1.22433e-09
-8.12373e-10
3.70504e-10
0.051254
0.0498106
0.0449432
0.0377945
0.0277428
0.0144216
-0.00233453
-0.0226481
-0.0461123
-0.0719078
-0.0987057
-0.124654
-0.148796
-0.170168
-0.188025
-0.201868
-0.211261
-0.21589
-0.215597
-0.210459
-0.200864
-0.187526
-0.171427
-0.153681
-0.135379
-0.11745
-0.100592
-0.0852536
-0.0716617
-0.0598705
-0.049813
-0.0413483
-0.0342979
-0.0284715
-0.0236839
-0.0197647
-0.016563
-0.013949
-0.0118128
-0.0100633
-0.00862576
-0.00743925
-0.00645462
-0.00563241
-0.00494106
-0.00435538
-0.00385537
-0.00342509
-0.00305192
-0.00272579
-0.00243872
-0.00218436
-0.00195762
-0.00175446
-0.00157161
-0.00140647
-0.00125693
-0.00112125
-0.000998055
-0.00088618
-0.000784669
-0.00069269
-0.000609462
-0.000534179
-0.000465954
-0.000403821
-0.000346822
-0.000294189
-0.000245571
-0.000201149
-0.000161532
-0.000127406
-9.91106e-05
-7.64073e-05
-5.85618e-05
-4.46552e-05
-3.38773e-05
-2.56284e-05
-1.9451e-05
-1.49212e-05
-1.16127e-05
-9.1382e-06
-7.20586e-06
-5.63907e-06
-4.35234e-06
-3.30825e-06
-2.48269e-06
-1.84813e-06
-1.3718e-06
-1.02009e-06
-7.62918e-07
-5.75668e-07
-4.39332e-07
-3.39727e-07
-2.66515e-07
-2.12307e-07
-1.71884e-07
-1.41568e-07
-1.18739e-07
-1.01492e-07
-8.84128e-08
-7.8431e-08
-7.07398e-08
-6.47283e-08
-5.99515e-08
-5.60776e-08
-5.28761e-08
-5.01707e-08
-4.7845e-08
-4.58003e-08
-4.39783e-08
-4.23193e-08
-4.07968e-08
-3.93716e-08
-3.80355e-08
-3.67601e-08
-3.55478e-08
-3.43752e-08
-3.32512e-08
-3.2154e-08
-3.1097e-08
-3.00586e-08
-2.90552e-08
-2.80649e-08
-2.71063e-08
-2.61566e-08
-2.52363e-08
-2.43214e-08
-2.34343e-08
-2.25498e-08
-2.16919e-08
-2.0834e-08
-2.00018e-08
-1.91674e-08
-1.83578e-08
-1.75441e-08
-1.67544e-08
-1.59588e-08
-1.51866e-08
-1.44069e-08
-1.365e-08
-1.28841e-08
-1.21405e-08
-1.13864e-08
-1.06543e-08
-9.91033e-09
-9.1882e-09
-8.4524e-09
-7.73925e-09
-7.00937e-09
-6.30532e-09
-5.57701e-09
-4.8851e-09
-4.14816e-09
-3.48098e-09
-2.7104e-09
-2.10516e-09
-1.23707e-09
-7.71779e-10
2.97276e-10
0.0506734
0.0492177
0.0443065
0.0371108
0.0270187
0.0136911
-0.00301319
-0.0231789
-0.0464004
-0.071863
-0.0983108
-0.124007
-0.147955
-0.16919
-0.186954
-0.200727
-0.210074
-0.214685
-0.214416
-0.209358
-0.199905
-0.186763
-0.170893
-0.153381
-0.135292
-0.117538
-0.100808
-0.0855501
-0.0719991
-0.0602174
-0.0501474
-0.0416564
-0.0345725
-0.02871
-0.0238871
-0.0199351
-0.0167043
-0.014065
-0.0119074
-0.0101401
-0.00868787
-0.00748937
-0.00649504
-0.00566502
-0.00496741
-0.00437673
-0.00387273
-0.00343929
-0.00306359
-0.00273546
-0.00244679
-0.00219115
-0.0019634
-0.00175942
-0.00157593
-0.00141027
-0.00126031
-0.00112429
-0.00100082
-0.000888713
-0.000787006
-0.000694849
-0.000611448
-0.000535991
-0.000467592
-0.000405289
-0.000348135
-0.000295379
-0.000246675
-0.000202202
-0.000162551
-0.000128387
-0.000100032
-7.72412e-05
-5.92895e-05
-4.52736e-05
-3.43973e-05
-2.60668e-05
-1.98225e-05
-1.52342e-05
-1.18709e-05
-9.34406e-06
-7.36347e-06
-5.75473e-06
-4.43372e-06
-3.36321e-06
-2.51843e-06
-1.87078e-06
-1.38623e-06
-1.02981e-06
-7.70141e-07
-5.81581e-07
-4.44412e-07
-3.44077e-07
-2.7011e-07
-2.15134e-07
-1.73995e-07
-1.43074e-07
-1.1978e-07
-1.02205e-07
-8.89093e-08
-7.87884e-08
-7.10062e-08
-6.49313e-08
-6.01063e-08
-5.61944e-08
-5.29627e-08
-5.02344e-08
-4.78916e-08
-4.5835e-08
-4.40044e-08
-4.23396e-08
-4.08124e-08
-3.93841e-08
-3.80453e-08
-3.67683e-08
-3.55544e-08
-3.4381e-08
-3.32558e-08
-3.21584e-08
-3.11005e-08
-3.00622e-08
-2.90581e-08
-2.80679e-08
-2.71087e-08
-2.61592e-08
-2.52383e-08
-2.43237e-08
-2.3436e-08
-2.25519e-08
-2.16933e-08
-2.08359e-08
-2.0003e-08
-1.91691e-08
-1.83588e-08
-1.75456e-08
-1.67552e-08
-1.59602e-08
-1.51872e-08
-1.44081e-08
-1.36505e-08
-1.28852e-08
-1.21408e-08
-1.13874e-08
-1.06545e-08
-9.91119e-09
-9.18826e-09
-8.45315e-09
-7.73919e-09
-7.01003e-09
-6.30511e-09
-5.57758e-09
-4.88461e-09
-4.14875e-09
-3.4797e-09
-2.71188e-09
-2.10066e-09
-1.24394e-09
-7.48733e-10
2.55047e-10
-0.45957
-0.247251
-0.140322
-0.45957
-0.247251
-0.33576
-0.341194
-0.429323
-0.33576
-0.341194
0.126495
0.414221
0.308722
0.332819
0.126495
0.414221
0.308722
-0.110734
-0.330069
-0.330069
-0.314018
-0.314785
-0.313694
-0.321166
-0.314018
-0.314785
-0.313694
0.48867
0.430835
0.48867
-0.311888
-0.310412
-0.311888
-0.310412
0.430845
0.488671
0.430846
-0.310405
-0.311854
-0.310405
-0.311854
0.308758
0.332839
0.126537
0.414236
0.308758
0.332839
0.126537
-0.110677
-0.110677
-0.330022
-0.330022
-0.313649
-0.321115
-0.313965
-0.314735
-0.313649
-0.321115
-0.313965
-0.140271
-0.459503
-0.247188
-0.140271
-0.459503
-0.341145
-0.42926
-0.335715
-0.341145
-0.429258
-0.335715
-0.288119
-0.166314
-0.35471
-0.122885
-0.288119
-0.166314
-0.35471
-0.314969
-0.409402
-0.328234
-0.337244
-0.31497
-0.409401
-0.328235
0.105086
0.264919
0.109831
0.194592
0.105086
0.264919
0.109831
-0.413545
-0.430149
-0.402204
-0.452493
-0.403007
-0.452798
-0.413348
-0.31069
-0.322396
-0.317052
-0.318283
-0.31069
-0.322396
-0.317052
-0.103571
-0.31634
-0.32149
-0.315709
-0.323135
-0.315773
-0.323116
-0.316312
-0.309496
-0.312751
-0.312684
-0.309564
-0.308025
-0.307171
-0.307101
-0.308095
-0.315318
-0.313439
-0.312134
-0.319085
-0.31208
-0.320101
-0.315139
0.109873
0.194618
0.105122
0.264942
0.109873
0.194618
0.105122
-0.369201
-0.244899
-0.161575
-0.163866
-0.372196
-0.316999
-0.318241
-0.310637
-0.322345
-0.316999
-0.318241
-0.310637
-0.354649
-0.122839
-0.288061
-0.166263
-0.35465
-0.122839
-0.288061
-0.328186
-0.337183
-0.314915
-0.409338
-0.328186
-0.337183
-0.314915
-0.363005
-0.461122
-0.352626
-0.480723
-0.353606
-0.481926
-0.362166
-0.36927
-0.244962
-0.161631
-0.163922
-0.372264
-0.363007
-0.461122
-0.352628
-0.480722
-0.353607
-0.481926
-0.362168
-0.369269
-0.244962
-0.161631
-0.163922
-0.372264
-0.355212
-0.341208
-0.338991
-0.33916
-0.355421
-0.413545
-0.430149
-0.402203
-0.452493
-0.403007
-0.452798
-0.413348
-0.355212
-0.341208
-0.338992
-0.33916
-0.355421
0.328009
0.1251
0.262273
0.110766
0.261582
0.108901
0.329644
0.374892
0.327662
0.202915
0.434188
0.174336
0.43818
0.377484
0.328009
0.1251
0.262273
0.110767
0.261582
0.108902
0.329644
0.374892
0.327662
0.202915
0.434188
0.174336
0.43818
0.377484
-0.103571
-0.330073
-0.330073
-0.31537
-0.313487
-0.319141
-0.312175
-0.320159
-0.312121
-0.31519
-0.31634
-0.32149
-0.315709
-0.323135
-0.315773
-0.323116
-0.316312
-0.31537
-0.313487
-0.31914
-0.312175
-0.320159
-0.312121
-0.315189
0.529772
0.463118
0.466213
0.527753
0.5677
0.588078
0.589163
0.566309
0.529772
0.463118
0.466213
0.527753
0.5677
0.588078
0.589164
0.566309
-0.308048
-0.307179
-0.307109
-0.308117
-0.309496
-0.312751
-0.312684
-0.309564
-0.308048
-0.307179
-0.307109
-0.308117
0.567709
0.588081
0.589167
0.566318
0.529787
0.46314
0.466234
0.527768
0.567709
0.588081
0.589167
0.566318
0.529787
0.46314
0.466235
0.527768
-0.309462
-0.312705
-0.312638
-0.30953
-0.308025
-0.307171
-0.307101
-0.308095
-0.309462
-0.312705
-0.312638
-0.30953
0.374919
0.327696
0.434211
0.202956
0.438202
0.174379
0.37751
0.328037
0.125142
0.110811
0.262303
0.108947
0.261613
0.329672
0.374919
0.327696
0.434211
0.202956
0.438202
0.17438
0.37751
0.328037
0.125143
0.110812
0.262303
0.108947
0.261613
0.329672
-0.103514
-0.103514
-0.330025
-0.330025
-0.316289
-0.321438
-0.323078
-0.315662
-0.323059
-0.315726
-0.316261
-0.315318
-0.313439
-0.312134
-0.319085
-0.31208
-0.320101
-0.315139
-0.316289
-0.321438
-0.323078
-0.315662
-0.323059
-0.315726
-0.316261
-0.362941
-0.461055
-0.480653
-0.352563
-0.481857
-0.353542
-0.362101
-0.369201
-0.244899
-0.161575
-0.163866
-0.372195
-0.362942
-0.461055
-0.480653
-0.352564
-0.481857
-0.353544
-0.362103
-0.355162
-0.341159
-0.338945
-0.339113
-0.355371
-0.413487
-0.430085
-0.452428
-0.402146
-0.452733
-0.40295
-0.41329
-0.355162
-0.341159
-0.338945
-0.339113
-0.355371
-0.413488
-0.430084
-0.452427
-0.402147
-0.452732
-0.40295
-0.413291
-0.36684
-0.141199
-0.32244
-0.158304
-0.32232
-0.160366
-0.367673
0.32799
0.303196
0.370544
0.276069
0.32799
0.303196
0.370544
-0.318343
-0.318234
-0.32535
-0.31976
-0.318343
-0.318234
-0.32535
0.402935
0.331145
0.420041
0.320991
0.402935
0.331145
0.420041
0.53064
0.432073
0.504961
0.465887
0.506439
0.466968
0.529402
-0.318387
-0.314167
-0.320711
-0.315508
-0.318387
-0.314167
-0.320711
0.420043
0.320996
0.402941
0.331147
0.420043
0.320996
0.402941
0.55289
0.489759
0.56207
0.480261
0.56323
0.481381
0.551706
-0.320686
-0.315463
-0.318326
-0.314148
-0.320686
-0.315463
-0.318326
0.370554
0.27608
0.328004
0.303204
0.370554
0.27608
0.328004
-0.325241
-0.319666
-0.318205
-0.318156
-0.325241
-0.319666
-0.318205
-0.322515
-0.318101
-0.323463
-0.318147
-0.323631
-0.314044
-0.313954
-0.366839
-0.141199
-0.32244
-0.158304
-0.32232
-0.160366
-0.367673
-0.358018
-0.336057
-0.349046
-0.346129
-0.349502
-0.346293
-0.358053
-0.358018
-0.336057
-0.349046
-0.346129
-0.349502
-0.346294
-0.358053
0.552886
0.489757
0.480257
0.562068
0.481377
0.563227
0.551701
0.53064
0.432073
0.504961
0.465887
0.506439
0.466968
0.529402
0.552886
0.489757
0.480257
0.562068
0.481377
0.563227
0.551701
-0.309558
-0.311832
-0.310633
-0.311515
-0.310525
-0.311464
-0.309652
-0.308599
-0.310357
-0.31062
-0.30816
-0.310566
-0.308095
-0.308672
-0.309558
-0.311832
-0.310633
-0.311515
-0.310525
-0.311464
-0.309652
-0.308599
-0.310357
-0.31062
-0.30816
-0.310566
-0.308095
-0.308672
0.530648
0.432083
0.465894
0.504973
0.466975
0.50645
0.52941
0.55289
0.489759
0.56207
0.480261
0.56323
0.481381
0.551706
0.530648
0.432083
0.465895
0.504973
0.466975
0.50645
0.529411
-0.308581
-0.31035
-0.308154
-0.310603
-0.308088
-0.31055
-0.308654
-0.30953
-0.311799
-0.311488
-0.310595
-0.311438
-0.310487
-0.309624
-0.308581
-0.31035
-0.308154
-0.310604
-0.308088
-0.31055
-0.308654
-0.30953
-0.311799
-0.311488
-0.310595
-0.311438
-0.310487
-0.309624
-0.366773
-0.141148
-0.15825
-0.322378
-0.160312
-0.322258
-0.367606
-0.366772
-0.141148
-0.15825
-0.322378
-0.160312
-0.322258
-0.367606
-0.357967
-0.336012
-0.346082
-0.348996
-0.346246
-0.349452
-0.358003
-0.357967
-0.336012
-0.346082
-0.348996
-0.346246
-0.349452
-0.358002
0.104522
0.093594
0.211641
0.0893753
0.210909
0.156915
0.157475
0.104523
0.0935941
0.211641
0.0893754
0.210909
0.156915
0.157475
-0.322567
-0.323511
-0.318148
-0.323679
-0.318194
-0.314086
-0.313996
-0.322567
-0.323511
-0.318148
-0.323679
-0.318194
-0.314086
-0.313996
0.104565
0.211673
0.0936353
0.210942
0.0894169
0.15695
0.157509
0.104565
0.211673
0.0936354
0.210942
0.089417
0.15695
0.157509
-0.322515
-0.318101
-0.323463
-0.318147
-0.323631
-0.314044
-0.313954
0.061041
0.151198
0.0783823
0.103632
0.061041
0.151198
0.0783823
-0.29164
-0.30981
-0.328768
-0.300505
-0.29164
-0.30981
-0.328768
0.251042
0.25133
0.28454
0.214222
0.251042
0.25133
0.28454
-0.316631
-0.322027
-0.32789
-0.320527
-0.316631
-0.322027
-0.32789
0.284557
0.214238
0.251061
0.251344
0.284557
0.214238
0.251061
-0.327721
-0.320407
-0.316443
-0.321909
-0.327721
-0.320407
-0.316443
0.0784181
0.103661
0.0610772
0.151227
0.0784181
0.103661
0.0610772
-0.328704
-0.300444
-0.291559
-0.309765
-0.328704
-0.300443
-0.291559
)
;

boundaryField
{
    inlet
    {
        type            zeroGradient;
    }
    outlet
    {
        type            fixedValue;
        value           uniform 0;
    }
    top
    {
        type            symmetryPlane;
    }
    bottom
    {
        type            symmetryPlane;
    }
    front
    {
        type            symmetryPlane;
    }
    back
    {
        type            symmetryPlane;
    }
    cylinder
    {
        type            zeroGradient;
    }
}


// ************************************************************************* //
