/*--------------------------------*- C++ -*----------------------------------*\
  =========                 |
  \\      /  F ield         | OpenFOAM: The Open Source CFD Toolbox
   \\    /   O peration     | Website:  https://openfoam.org
    \\  /    A nd           | Version:  11
     \\/     M anipulation  |
\*---------------------------------------------------------------------------*/
FoamFile
{
    format      ascii;
    class       volScalarField;
    location    "18.784906";
    object      p;
}
// * * * * * * * * * * * * * * * * * * * * * * * * * * * * * * * * * * * * * //

dimensions      [0 2 -2 0 0 0 0];

internalField   nonuniform List<scalar> 
7132
(
0.060652
0.0592898
0.054665
0.0480557
0.039022
0.0275717
0.0139474
-0.00130066
-0.0172126
-0.0321189
-0.0444593
-0.0520762
-0.0547269
-0.0524847
-0.046508
-0.0385857
-0.0301903
-0.0224109
-0.0155322
-0.00920403
-0.00294947
0.00339693
0.00965564
0.0155394
0.0208431
0.0255314
0.0296605
0.0332499
0.0361261
0.0378442
0.0379505
0.0365001
0.0343504
0.0326632
0.0321123
0.0325851
0.0335402
0.0344862
0.0352039
0.0357551
0.036335
0.0370884
0.0378227
0.0378802
0.0365261
0.0337334
0.0305487
0.0283762
0.0278996
0.0287535
0.0300482
0.0310666
0.0315445
0.031612
0.0315904
0.031749
0.0319735
0.0316431
0.0300317
0.0271061
0.0239057
0.02187
0.0217269
0.0230657
0.0248403
0.0261755
0.0267481
0.0267116
0.0264427
0.0262497
0.0260595
0.025358
0.0235827
0.0207842
0.0178914
0.0161501
0.0162145
0.0177413
0.0197403
0.0212957
0.0220105
0.0219992
0.0216327
0.0212105
0.0206797
0.0196445
0.0177471
0.0151668
0.0127273
0.0114031
0.0116583
0.0131789
0.0151352
0.0167169
0.0175115
0.0175579
0.0171549
0.0165588
0.0157478
0.014467
0.0125565
0.0102934
0.00837976
0.00752159
0.00797693
0.00942252
0.0111847
0.01262
0.0133761
0.013439
0.0130058
0.0122647
0.0112366
0.00982648
0.00805366
0.00624053
0.00493169
0.00457428
0.00524405
0.00661087
0.00813991
0.00935367
0.00999062
0.0100229
0.00956678
0.00874885
0.00763004
0.00625309
0.00476766
0.00349255
0.00280534
0.00293149
0.00380912
0.00511841
0.0064456
0.00745212
0.00796138
0.00795427
0.00750448
0.00670353
0.00563507
0.00441231
0.0032352
0.00238231
0.00210658
0.00249547
0.00343184
0.00461056
0.00574532
0.00651467
0.0069345
0.00670519
0.00640031
0.00507475
0.00467009
0.00188055
0.00305622
-0.00257763
0.00419503
-0.00913141
0.061197
0.0598384
0.0552276
0.0486206
0.0395627
0.0280336
0.0142497
-0.00126361
-0.0175392
-0.0328522
-0.045558
-0.0532947
-0.0558835
-0.0533751
-0.0470189
-0.0387451
-0.0301053
-0.0222432
-0.0154177
-0.00919461
-0.00301676
0.00330928
0.00959046
0.0155185
0.0208738
0.0256155
0.0297966
0.0334329
0.0363451
0.0380645
0.0381063
0.0365208
0.0342123
0.0324138
0.0318305
0.0323322
0.0333393
0.0343376
0.0351008
0.0356915
0.0363046
0.037088
0.0378464
0.0378999
0.0364823
0.0335653
0.0302449
0.0279949
0.0275263
0.0284519
0.0298346
0.0309277
0.0314591
0.0315608
0.0315578
0.0317246
0.0319446
0.0315821
0.0298935
0.0268513
0.0235353
0.0214398
0.0213169
0.0227415
0.0246241
0.0260536
0.0266913
0.0266906
0.026435
0.0262404
0.0260292
0.0252743
0.0234067
0.0204952
0.0175086
0.0157306
0.0158251
0.0174355
0.0195401
0.0211939
0.0219807
0.0220096
0.0216561
0.0212271
0.020665
0.0195646
0.0175698
0.0148845
0.0123711
0.0110317
0.0113301
0.0129338
0.0149859
0.0166551
0.0175158
0.0176009
0.0172092
0.0165998
0.0157471
0.0143937
0.012389
0.0100361
0.00806922
0.00721321
0.00772104
0.00924972
0.0111
0.012611
0.0134215
0.0135144
0.0130856
0.0123226
0.0112441
0.00975873
0.00790051
0.00601641
0.00467507
0.00433389
0.00506071
0.00650637
0.00811392
0.00939097
0.0100694
0.0101198
0.00965781
0.00880934
0.00763576
0.00618747
0.00463044
0.0033043
0.00260281
0.0027549
0.00368902
0.00506798
0.00646044
0.00751635
0.00805437
0.00805467
0.00759101
0.00675512
0.00563333
0.00434778
0.00311346
0.00222543
0.00194718
0.00236613
0.00335542
0.0045949
0.00578429
0.00659334
0.00703464
0.00680784
0.00648897
0.00512909
0.0046879
0.0018339
0.0030179
-0.00273046
0.00429002
-0.00953093
0.062285
0.0609353
0.0563552
0.0497583
0.0406576
0.0289769
0.0148776
-0.00117015
-0.0181864
-0.0343392
-0.0478027
-0.0557783
-0.058233
-0.0551601
-0.0480046
-0.0390004
-0.0298643
-0.0218521
-0.0151641
-0.00918205
-0.00317481
0.00310729
0.00943659
0.0154566
0.0209171
0.025766
0.0300525
0.0337862
0.0367755
0.0385021
0.0384135
0.0365474
0.0339074
0.0318786
0.0312334
0.0318005
0.0329173
0.034022
0.0348751
0.0355417
0.0362195
0.0370634
0.0378723
0.0379185
0.0363702
0.0331943
0.0295905
0.0271805
0.0267338
0.0278149
0.0293833
0.0306301
0.0312675
0.0314339
0.0314655
0.0316491
0.0318621
0.0314344
0.0295844
0.0262977
0.0227412
0.0205235
0.0204479
0.0220546
0.0241635
0.0257875
0.0265555
0.0266224
0.0263896
0.0261916
0.0259418
0.025083
0.023031
0.0198915
0.0167159
0.0148643
0.0150215
0.0168026
0.0191215
0.0209722
0.0219009
0.0220067
0.0216773
0.0212355
0.0206134
0.0193839
0.0171936
0.0142973
0.0116361
0.0102679
0.0106572
0.0124316
0.0146779
0.0165216
0.0175119
0.0176718
0.0173027
0.0166679
0.0157324
0.0142316
0.0120339
0.00949699
0.00742176
0.00657149
0.00719006
0.00889097
0.010922
0.012586
0.0135053
0.0136578
0.0132389
0.0124331
0.0112527
0.00961238
0.00757674
0.00554486
0.00413607
0.00382905
0.00467544
0.00628449
0.00805361
0.00945997
0.0102229
0.0103105
0.0098383
0.0089291
0.00764397
0.00604808
0.00434145
0.00290804
0.00217605
0.00238179
0.00343345
0.00495651
0.00648329
0.00764044
0.0082376
0.00825406
0.00776397
0.00685821
0.00562761
0.00421213
0.00285817
0.00189587
0.00161134
0.00209209
0.00319074
0.00455541
0.00585704
0.00674742
0.00723315
0.00701235
0.00666671
0.00523719
0.00472151
0.00173381
0.00293156
-0.00304738
0.00447361
-0.0103276
0.0639131
0.0625791
0.058053
0.051483
0.042333
0.0304398
0.0158761
-0.000983709
-0.0191462
-0.0366294
-0.0513029
-0.0596461
-0.0618997
-0.0579452
-0.0495355
-0.0393866
-0.0294719
-0.021233
-0.0147784
-0.00918872
-0.00345191
0.00276646
0.00917538
0.0153381
0.020957
0.0259655
0.03041
0.034292
0.0374035
0.0391442
0.0388476
0.0365279
0.0333534
0.0309642
0.0302408
0.0309347
0.0322383
0.0335121
0.0345002
0.0352765
0.0360467
0.0369774
0.0378581
0.0378835
0.0361153
0.032513
0.0284479
0.0257922
0.0254105
0.0267686
0.0286498
0.0301429
0.0309404
0.0311966
0.0312693
0.0314674
0.0316632
0.0311328
0.0290317
0.0253629
0.021428
0.0190205
0.0190241
0.0209317
0.0234087
0.0253417
0.026308
0.0264694
0.0262624
0.0260555
0.0257477
0.0247298
0.0223917
0.0188981
0.0154319
0.0134744
0.0137414
0.0157982
0.0184524
0.0206043
0.0217443
0.0219618
0.0216677
0.0212087
0.0204953
0.0190616
0.0165587
0.0133264
0.0104346
0.00903184
0.00957977
0.0116343
0.0141882
0.0162996
0.0174837
0.0177548
0.0174216
0.0167507
0.0156855
0.0139466
0.011436
0.00860311
0.0063581
0.0055256
0.00633132
0.00831301
0.0106319
0.0125339
0.0136191
0.0138625
0.0134608
0.0125905
0.0112488
0.00935778
0.00703372
0.00476332
0.00324903
0.00300283
0.00404722
0.00592023
0.00794599
0.00955443
0.0104477
0.0105934
0.0101072
0.00910387
0.0076415
0.00580763
0.00385874
0.00225254
0.00147379
0.00176961
0.00301319
0.00476754
0.00650691
0.00782227
0.00851111
0.00855315
0.00802299
0.00700797
0.0056044
0.00398023
0.00243352
0.00135227
0.00105956
0.00164209
0.00291762
0.00448212
0.00596061
0.00697773
0.00753197
0.00732056
0.00693218
0.00539368
0.00475384
0.00155961
0.00275595
-0.00354412
0.00468428
-0.0114612
0.0660747
0.0647666
0.0603275
0.0538157
0.044629
0.0324828
0.0173196
-0.000639434
-0.0203951
-0.0397896
-0.0562131
-0.0650401
-0.0669783
-0.0617017
-0.0514444
-0.0396613
-0.0286855
-0.0202182
-0.0142142
-0.00927608
-0.00395796
0.00218131
0.00872551
0.0151028
0.0209452
0.0261706
0.0308282
0.0349137
0.0382004
0.0399669
0.0393673
0.0363747
0.03241
0.0295104
0.028714
0.0296366
0.0312356
0.032756
0.0339263
0.0348405
0.0357222
0.0367553
0.03772
0.0376997
0.0355964
0.0313572
0.0266096
0.0236079
0.0233663
0.0251792
0.0275495
0.0294078
0.0304231
0.0307803
0.0308771
0.0310676
0.0312297
0.0305637
0.0281322
0.0239507
0.019497
0.0168164
0.0169324
0.0192725
0.0222803
0.0246536
0.02589
0.0261662
0.0259816
0.0257633
0.0253823
0.0241424
0.0213911
0.0173865
0.0135132
0.0114298
0.011885
0.0143509
0.0174808
0.0200458
0.0214672
0.0218307
0.0215868
0.0211118
0.0202728
0.0185407
0.0155778
0.0118558
0.00863754
0.00720249
0.00800217
0.0104755
0.0134739
0.0159587
0.0174047
0.0178263
0.0175476
0.0168324
0.0155818
0.0134921
0.0105204
0.00725712
0.00477262
0.00397725
0.00506601
0.00745984
0.0101938
0.0124319
0.0137472
0.0141178
0.0137451
0.0127876
0.0112136
0.00895454
0.0062069
0.0035901
0.00192817
0.0017775
0.0031148
0.00537083
0.00776413
0.00965846
0.0107351
0.0109644
0.0104626
0.00932823
0.00761067
0.0054294
0.00312637
0.00126978
0.000427025
0.000858115
0.00238215
0.00446988
0.00651229
0.0080513
0.00887003
0.00895059
0.00836736
0.00719879
0.0055466
0.00361937
0.00179234
0.000539483
0.000237688
0.000970283
0.00250206
0.00435275
0.00608203
0.0072777
0.00792852
0.00773207
0.00728359
0.00559175
0.00476481
0.00128304
0.00244036
-0.00424691
0.00484737
-0.012853
0.0687601
0.0674915
0.0631858
0.056783
0.0475985
0.0351883
0.019312
-4.45943e-05
-0.0219003
-0.0439333
-0.0627977
-0.0722508
-0.0738036
-0.0667497
-0.0539669
-0.0399478
-0.0275217
-0.0187821
-0.0134684
-0.00948411
-0.00475559
0.00129306
0.00803956
0.0147084
0.0208364
0.0263286
0.0312476
0.0355881
0.0391094
0.0409156
0.0398893
0.0359352
0.0308466
0.0272605
0.0264364
0.0277601
0.0298156
0.0316833
0.0330845
0.0341517
0.0351333
0.0362363
0.0372609
0.0371762
0.0346635
0.0295978
0.0239063
0.0203951
0.0203564
0.022861
0.0259638
0.0283445
0.0296372
0.0300826
0.0301559
0.0303036
0.0304195
0.0295845
0.0267181
0.0218601
0.0167421
0.013748
0.014044
0.0169752
0.0206937
0.0236482
0.0252266
0.0256333
0.0254705
0.0252484
0.0247792
0.0232295
0.0198929
0.0151776
0.0107622
0.00854937
0.0093135
0.0123676
0.0161437
0.0192449
0.0210191
0.0215656
0.0213952
0.0209104
0.0198997
0.0177463
0.0141429
0.00975487
0.00610717
0.00465081
0.00581792
0.00887807
0.0124828
0.0154601
0.0172423
0.0178585
0.0176595
0.0168909
0.0153842
0.0128047
0.00919842
0.00535661
0.00256295
0.00183387
0.0033179
0.00627499
0.00956829
0.012252
0.0138681
0.014407
0.0140785
0.0130056
0.011112
0.00834416
0.00501795
0.00193842
9.05286e-05
8.18993e-05
0.00182211
0.00459591
0.00748028
0.00975289
0.0110714
0.0114132
0.0108944
0.00958398
0.00751639
0.00485792
0.00207339
-0.000116014
-0.00103426
-0.000410236
0.00149731
0.00403386
0.0064798
0.00831457
0.00930558
0.00943954
0.00878817
0.00741275
0.00542082
0.00307927
0.000872708
-0.000606702
-0.000911964
3.09215e-05
0.00191116
0.00414561
0.00620757
0.0076387
0.00841685
0.00824171
0.00771109
0.00581297
0.00471785
0.000860163
0.0019158
-0.00518648
0.00486335
-0.0143939
0.0719538
0.0707435
0.0666332
0.0604158
0.0513084
0.0386666
0.0219997
0.000943362
-0.02359
-0.0491895
-0.0713667
-0.0815208
-0.0824698
-0.0728714
-0.0566107
-0.0396668
-0.0254697
-0.0166191
-0.0125263
-0.0100297
-0.00613385
-0.000140527
0.00694925
0.0140369
0.0205335
0.0263427
0.0315631
0.0362069
0.0400278
0.0418774
0.0402466
0.0349225
0.0282521
0.0237905
0.0230799
0.0250947
0.0278469
0.0301949
0.0318755
0.0330799
0.0340757
0.0351219
0.0361307
0.0359813
0.0330836
0.0271247
0.0202705
0.016024
0.0161721
0.0196052
0.0237357
0.0268372
0.0284706
0.0289675
0.0289558
0.0290428
0.0291195
0.0280628
0.0245884
0.0188138
0.0128617
0.00954628
0.0101833
0.0139199
0.0185552
0.022237
0.0242271
0.0247827
0.0246541
0.0244472
0.0238654
0.0218892
0.0177663
0.0121275
0.00703459
0.00469487
0.00590482
0.00975441
0.0143705
0.0181408
0.0203411
0.021113
0.0210487
0.0205611
0.0193187
0.0166009
0.0121658
0.00693959
0.00277004
0.00130839
0.00296125
0.00678279
0.0111639
0.0147594
0.0169558
0.0178157
0.0177263
0.0168907
0.0150432
0.01182
0.0074012
0.00284052
-0.000319845
-0.000946585
0.00104674
0.00471968
0.00871898
0.0119606
0.0139521
0.0147043
0.0144362
0.0132125
0.0108971
0.00746679
0.00340425
-0.000246198
-0.00230658
-0.00211823
0.000138513
0.0035663
0.00706654
0.00981196
0.0114341
0.0119204
0.0113819
0.00984093
0.00731346
0.00403552
0.000639234
-0.00195872
-0.00295352
-0.00206984
0.000329663
0.00343358
0.00638568
0.00859073
0.00979941
0.010004
0.00926683
0.00762171
0.00518533
0.0023074
-0.00038054
-0.00213617
-0.00243048
-0.00120827
0.00111863
0.00383797
0.00631678
0.0080426
0.00898114
0.00883509
0.00819553
0.00602947
0.00456901
0.000243696
0.00111623
-0.00638575
0.00463423
-0.0159566
0.0756328
0.0745052
0.0706712
0.0647462
0.055836
0.0430535
0.0255711
0.00251717
-0.0253692
-0.0557838
-0.0824649
-0.0934658
-0.0938054
-0.0809072
-0.0600127
-0.0391212
-0.0225397
-0.0136324
-0.0113426
-0.0109776
-0.00821879
-0.0022369
0.00536279
0.0130044
0.0199388
0.0260885
0.031619
0.0365955
0.0407613
0.0426169
0.0400847
0.0328106
0.023941
0.0184076
0.0181311
0.0213308
0.025153
0.0281665
0.030169
0.0314349
0.0322565
0.0330439
0.0339589
0.0337681
0.0304885
0.0235353
0.0153655
0.0103037
0.010656
0.0152427
0.0207064
0.0247477
0.0267866
0.0272909
0.027147
0.0271871
0.0272348
0.0258645
0.0215627
0.0146139
0.00765891
0.00403828
0.00519385
0.00999557
0.0157778
0.0203334
0.0228009
0.0235311
0.0234644
0.0232945
0.0225614
0.0200288
0.014931
0.00819121
0.00231482
-0.00014901
0.00162532
0.00646414
0.0121085
0.0166767
0.0193745
0.0204171
0.0204959
0.0200077
0.0184647
0.0150411
0.00960666
0.00340726
-0.0013472
-0.00279361
-0.000554111
0.00417924
0.00948761
0.0138154
0.0164995
0.0176524
0.0177019
0.0167786
0.0144997
0.0104862
0.00510272
-0.000282585
-0.00384185
-0.00432543
-0.00172334
0.00279532
0.00762669
0.0115254
0.0139608
0.0149698
0.014775
0.0133571
0.0105124
0.00627362
0.00134111
-0.00295815
-0.00523653
-0.00479273
-0.00191763
0.00228184
0.00650554
0.00980704
0.0117897
0.012451
0.0118854
0.0100508
0.0069477
0.00291411
-0.00120472
-0.00426298
-0.00531903
-0.00410655
-0.00111534
0.00266121
0.00621001
0.00885241
0.0103213
0.0106124
0.0097672
0.00778169
0.00479089
0.00125911
-0.00199718
-0.00406051
-0.00431856
-0.00274524
0.00012087
0.00341701
0.00638843
0.00846314
0.00959316
0.00948334
0.00870168
0.00619914
0.00426746
-0.000608359
-5.99273e-06
-0.00784284
0.00408302
-0.0174036
0.0797649
0.0787506
0.0752946
0.0698059
0.0612707
0.0485214
0.0302838
0.00497103
-0.0270401
-0.0639465
-0.0966587
-0.108381
-0.107676
-0.0902007
-0.0630515
-0.037189
-0.0178495
-0.00938675
-0.0100887
-0.0129354
-0.0116901
-0.00550142
0.00296641
0.0114041
0.0188742
0.0253673
0.0311696
0.0364098
0.0408195
0.0426214
0.0390009
0.0292043
0.0173319
0.0103163
0.0108868
0.01604
0.0215049
0.0254453
0.0277973
0.0289705
0.0293642
0.0297343
0.0305632
0.0303603
0.0265367
0.0182891
0.00862432
0.00277903
0.0036028
0.00963728
0.0167394
0.0219324
0.0244399
0.0249221
0.0246321
0.0246589
0.0246758
0.022883
0.0175648
0.00925864
0.00118539
-0.00274764
-0.000936657
0.00516016
0.0123033
0.0178637
0.0208659
0.0218017
0.021832
0.0217162
0.0207889
0.0175927
0.0113923
0.00345124
-0.00325959
-0.00584216
-0.00342832
0.00253249
0.00934399
0.0148094
0.0180615
0.0194153
0.0196703
0.0191775
0.0172716
0.0130358
0.006496
-0.00074438
-0.00610268
-0.00750902
-0.00461738
0.00112304
0.0074576
0.0125961
0.0158223
0.017308
0.0175182
0.0164829
0.0136939
0.0087822
0.00234147
-0.0039151
-0.00787057
-0.00817091
-0.0048932
0.000552251
0.0062949
0.0109161
0.013845
0.015145
0.0150292
0.0133716
0.00990367
0.00474838
-0.00113338
-0.00610926
-0.00858558
-0.00783392
-0.00427007
0.000776318
0.00579166
0.00970466
0.0120894
0.0129487
0.0123431
0.0101513
0.00637071
0.00147947
-0.00342701
-0.00695858
-0.00804505
-0.00644429
-0.00278974
0.00173021
0.00593591
0.00906236
0.0108238
0.0112135
0.0102333
0.00783771
0.00419612
-7.78706e-05
-0.00395314
-0.00632731
-0.00651329
-0.00452976
-0.00105563
0.00288179
0.00639831
0.00886114
0.0102063
0.0101359
0.00917634
0.00627105
0.00377118
-0.00170968
-0.00145193
-0.00951038
0.00318112
-0.0186022
0.0843052
0.0834413
0.0804862
0.0756172
0.0677029
0.0552652
0.0364484
0.00868963
-0.028367
-0.0741384
-0.115058
-0.12761
-0.126064
-0.102454
-0.0668165
-0.0342772
-0.0112485
-0.0036013
-0.00871606
-0.0161431
-0.0168796
-0.010185
-0.000405562
0.00908894
0.0171573
0.0239334
0.029841
0.0349258
0.0390925
0.0407643
0.0364955
0.0245803
0.00912305
-0.000473884
0.00074533
0.00868329
0.0165986
0.0218474
0.0245684
0.0254409
0.0251745
0.0250834
0.0258909
0.0256484
0.0210445
0.0112111
-9.96176e-05
-0.00665181
-0.00509608
0.00271951
0.0117497
0.018274
0.0213051
0.0217598
0.0213395
0.0213884
0.0213658
0.0190748
0.0126514
0.00293704
-0.00627806
-0.0105281
-0.00801547
-0.000500056
0.00813874
0.0147881
0.0183603
0.0195264
0.0196831
0.0196311
0.0184817
0.0145743
0.00724138
-0.00189831
-0.00942539
-0.0121153
-0.00903724
-0.00191235
0.00611886
0.0125211
0.0163514
0.0180384
0.0184901
0.0179859
0.015682
0.010594
0.00293484
-0.00532769
-0.0112555
-0.0125936
-0.00903082
-0.00226496
0.00511623
0.0110839
0.0148692
0.0167059
0.0170856
0.0159183
0.0125754
0.0067267
-0.000777103
-0.00787662
-0.0121867
-0.0122699
-0.00829595
-0.00191159
0.00475167
0.0101058
0.0135429
0.0151488
0.0151083
0.0131751
0.00902916
0.0029182
-0.00391256
-0.00953024
-0.0121592
-0.0110628
-0.00678771
-0.000882371
0.00493223
0.0094662
0.0122664
0.0133323
0.0126687
0.0100701
0.00555138
-0.000234933
-0.00592562
-0.00989585
-0.0109713
-0.0089448
-0.00460124
0.000677769
0.00555121
0.00917303
0.0112391
0.0117307
0.0105881
0.00772925
0.00337988
-0.00166821
-0.00615774
-0.00881166
-0.00888708
-0.00645887
-0.00235029
0.00224661
0.00632117
0.00918425
0.0107533
0.0107193
0.00954824
0.00619174
0.00305966
-0.00302993
-0.00316102
-0.0112868
0.00196341
-0.0194386
0.0891947
0.0885244
0.0862134
0.0821927
0.0752263
0.063527
0.0444931
0.0142805
-0.0288372
-0.0868182
-0.138724
-0.151183
-0.148214
-0.116464
-0.0697109
-0.0287443
-0.0015304
0.00415422
-0.0077849
-0.0219762
-0.0252464
-0.0172861
-0.00530138
0.00573037
0.0145112
0.0214643
0.0270236
0.0309609
0.0340362
0.0353264
0.0311352
0.01833
-0.000352523
-0.0133093
-0.0121826
-0.0010552
0.0101259
0.0171569
0.0202878
0.0206632
0.0195938
0.0190797
0.0199344
0.0195984
0.0140824
0.00260052
-0.0103617
-0.0176005
-0.0152185
-0.00541298
0.00574499
0.0137144
0.0173021
0.017739
0.0172146
0.0173125
0.0172555
0.0144709
0.00699548
-0.00402766
-0.0143026
-0.0188608
-0.0156788
-0.00676463
0.00337502
0.0111146
0.0152489
0.0166465
0.0169409
0.0169588
0.0155963
0.0110182
0.002643
-0.00757882
-0.0158295
-0.0185953
-0.0148893
-0.0066619
0.00253085
0.00982415
0.0142021
0.0162109
0.0168604
0.0163442
0.0136565
0.00776765
-0.000914969
-0.0100856
-0.0164954
-0.0177362
-0.0135337
-0.00581145
0.00254043
0.00927518
0.0135814
0.0157541
0.0162973
0.0149944
0.0111117
0.00438071
-0.00408961
-0.0119234
-0.0165087
-0.016352
-0.0117159
-0.0044625
0.00304418
0.00906971
0.0129801
0.0148782
0.0149024
0.0126835
0.00786995
0.000857288
-0.0068292
-0.012989
-0.0157041
-0.0142502
-0.00930074
-0.00260227
0.00394236
0.00904556
0.0122346
0.0134961
0.0127578
0.00973726
0.00448839
-0.00214227
-0.00853384
-0.0128606
-0.0138785
-0.0114226
-0.00642512
-0.000442297
0.00504468
0.00912454
0.0114778
0.0120617
0.0107398
0.00740268
0.00235458
-0.00342176
-0.00845605
-0.0113263
-0.0112579
-0.00838791
-0.00367579
0.00153671
0.00612828
0.0093653
0.0111453
0.0111385
0.00973545
0.00591797
0.00214784
-0.00448618
-0.00500942
-0.0130222
0.000528201
-0.0198297
0.0943567
0.0939268
0.0924196
0.0895122
0.0839093
0.0735358
0.054884
0.0224962
-0.0279661
-0.102941
-0.169961
-0.182523
-0.178677
-0.135306
-0.0730263
-0.0207973
0.0120654
0.014496
-0.00781218
-0.0316341
-0.0378558
-0.0273911
-0.0120063
0.00111319
0.0106977
0.0175771
0.0219417
0.0234833
0.0248571
0.0258965
0.0222505
0.00876268
-0.0126808
-0.0286458
-0.0276113
-0.0131377
0.00192236
0.0111859
0.0147965
0.0145466
0.0126279
0.0117667
0.0127402
0.0123188
0.00596234
-0.0069645
-0.0213944
-0.0293058
-0.0261812
-0.0144282
-0.00113178
0.00828512
0.0124166
0.0128356
0.0122217
0.0123869
0.0123376
0.00917168
0.000849854
-0.0112359
-0.022385
-0.0272101
-0.0234568
-0.0133057
-0.00181204
0.0069073
0.0115292
0.0131178
0.0135359
0.0136331
0.0121204
0.00701553
-0.0021868
-0.0132634
-0.0220747
-0.0248736
-0.0206218
-0.0114539
-0.00127587
0.00676126
0.0115849
0.013858
0.0146839
0.0141724
0.0111794
0.00464516
-0.00485137
-0.0147243
-0.0214778
-0.0225923
-0.0178329
-0.00931226
-0.00016819
0.00717978
0.0119007
0.0143517
0.0150395
0.0136267
0.00929326
0.00183993
-0.00739628
-0.01578
-0.0205291
-0.0201238
-0.0149159
-0.00694829
0.00123105
0.00778388
0.0120724
0.0142152
0.0142923
0.0118204
0.0064336
-0.00132298
-0.00967932
-0.0162231
-0.0189434
-0.0171469
-0.011623
-0.00428055
0.00283973
0.00838946
0.0118926
0.0133177
0.0124998
0.00909545
0.00321255
-0.0041144
-0.0110456
-0.0156062
-0.0165186
-0.0136707
-0.00812149
-0.00156862
0.00440353
0.00884649
0.0114339
0.0120887
0.0105936
0.0068214
0.00116751
-0.00520601
-0.0106533
-0.0136505
-0.0134165
-0.0101513
-0.00493092
0.000782593
0.00578698
0.00932527
0.0112773
0.0112853
0.00965658
0.00542618
0.00108713
-0.00595407
-0.00683064
-0.014541
-0.000982623
-0.0197268
0.0996956
0.0995568
0.09902
0.0975329
0.0937985
0.0855906
0.0682962
0.0346553
-0.0244167
-0.12394
-0.21073
-0.219541
-0.215217
-0.157663
-0.0754069
-0.00867834
0.0301054
0.0269215
-0.0103112
-0.0483753
-0.0579154
-0.0424954
-0.0214254
-0.00517857
0.00542921
0.011818
0.0138598
0.0122336
0.0120654
0.0134534
0.0103801
-0.00420991
-0.0281022
-0.0464012
-0.0450724
-0.0271932
-0.00794506
0.00385216
0.00801463
0.00709537
0.00434267
0.00321828
0.00440896
0.00403976
-0.00286079
-0.0168031
-0.032345
-0.0408615
-0.0371979
-0.0237962
-0.00859211
0.00212118
0.00670813
0.00707043
0.00635441
0.00660304
0.00665767
0.00333688
-0.00548491
-0.0182591
-0.0300058
-0.0350208
-0.0308396
-0.0197328
-0.00717993
0.00228461
0.00723495
0.0089189
0.00941822
0.00961596
0.00807922
0.00269481
-0.00700448
-0.0186112
-0.0277604
-0.0305367
-0.0258615
-0.0160027
-0.0051271
0.00340199
0.00848861
0.0109155
0.0118756
0.0114112
0.0082639
0.0013422
-0.00865488
-0.0189448
-0.0258632
-0.0268246
-0.021636
-0.0125552
-0.00289519
0.00481906
0.00977519
0.0124018
0.0132067
0.0117489
0.00713597
-0.000777394
-0.0104855
-0.0191715
-0.023948
-0.0233006
-0.0176637
-0.00921652
-0.000626038
0.00622655
0.010735
0.0130415
0.0131663
0.0105284
0.00475328
-0.00349012
-0.01225
-0.0189736
-0.0216103
-0.0195141
-0.0135752
-0.00581797
0.00163952
0.00744086
0.0111341
0.0126715
0.011793
0.00810986
0.00178225
-0.00600219
-0.0132469
-0.017889
-0.0186546
-0.0154902
-0.00955528
-0.00264315
0.00361121
0.00826308
0.0109958
0.0116948
0.0100668
0.00597306
-0.000106549
-0.00686827
-0.0125463
-0.0155638
-0.0151574
-0.0115864
-0.00601644
1.25679e-05
0.00526077
0.00897943
0.0110393
0.0110532
0.00924432
0.00471778
-4.30484e-05
-0.00728955
-0.00844456
-0.015671
-0.0024112
-0.0191145
0.105096
0.105293
0.105892
0.106128
0.104858
0.0998008
0.0853106
0.0520256
-0.0177191
-0.150576
-0.26716
-0.272788
-0.267656
-0.187835
-0.0772022
0.00890354
0.0559652
0.0407846
-0.0209648
-0.078179
-0.0889416
-0.0640654
-0.0340221
-0.0133246
-0.00150797
0.00378929
0.00248379
-0.00247401
-0.00365936
-0.00119842
-0.00359183
-0.0190568
-0.0447222
-0.0648089
-0.0632867
-0.0423604
-0.0190817
-0.00472754
-2.05332e-06
-0.00158825
-0.00514184
-0.00644809
-0.00489064
-0.00491893
-0.0118719
-0.0262324
-0.0423983
-0.0513762
-0.0474326
-0.0328756
-0.0162278
-0.00454151
0.000311595
0.000516277
-0.000349549
4.37236e-06
0.000319696
-0.00282724
-0.0116901
-0.0246816
-0.0366805
-0.0417817
-0.0373362
-0.0256414
-0.0124473
-0.00259032
0.00243888
0.00406236
0.00457476
0.00491173
0.00353843
-0.00178877
-0.0115629
-0.0233012
-0.0325205
-0.0352093
-0.0302626
-0.0200302
-0.00883709
-0.000162233
0.00492662
0.0073454
0.00838181
0.00803556
0.00495311
-0.0020102
-0.0121119
-0.0224734
-0.0293485
-0.0301334
-0.0246799
-0.0153424
-0.00552498
0.00222595
0.00716993
0.00982843
0.0107206
0.0093245
0.00467955
-0.00334502
-0.0131582
-0.0218523
-0.0265044
-0.0256358
-0.0197562
-0.0111307
-0.00246842
0.00438232
0.00889551
0.0112573
0.0114382
0.00877764
0.00288186
-0.0055095
-0.014346
-0.0210139
-0.0234762
-0.0211486
-0.0150049
-0.00713033
0.000352901
0.00614694
0.00986264
0.0114483
0.0105614
0.00677202
0.000271848
-0.00765933
-0.0149448
-0.0194983
-0.0200844
-0.0167123
-0.0106128
-0.00361895
0.0026491
0.00730325
0.0100626
0.0107817
0.00910177
0.00486932
-0.00138052
-0.00826156
-0.0139531
-0.0168753
-0.0163046
-0.0125549
-0.00684872
-0.000752142
0.00451326
0.00824871
0.0103321
0.0103546
0.00845554
0.00381622
-0.00115205
-0.00835457
-0.00968603
-0.0162636
-0.00360869
-0.0180072
0.110421
0.110996
0.112865
0.115146
0.11696
0.116482
0.106882
0.0782472
-0.00432503
-0.193752
-0.33746
-0.330388
-0.333446
-0.227946
-0.0802216
0.0313381
0.0820721
0.0598344
-0.0305214
-0.117201
-0.134684
-0.0958831
-0.0512849
-0.0236488
-0.0102239
-0.00664955
-0.0119782
-0.0200933
-0.0215897
-0.0172844
-0.0184908
-0.0339264
-0.0602985
-0.0816501
-0.080369
-0.0573443
-0.0307695
-0.0141982
-0.00902921
-0.0113012
-0.0156438
-0.0170538
-0.0149137
-0.0141747
-0.0205507
-0.0346321
-0.0508533
-0.0600798
-0.0561182
-0.0410114
-0.0235627
-0.0113874
-0.00656905
-0.00669592
-0.00779274
-0.0072995
-0.00651186
-0.00908059
-0.0174538
-0.0301337
-0.0419987
-0.0470562
-0.0425231
-0.0306563
-0.0173247
-0.0075233
-0.00274608
-0.00139349
-0.000955692
-0.000421839
-0.00139426
-0.00626399
-0.0156319
-0.0270588
-0.0360555
-0.0385866
-0.0335381
-0.0232922
-0.0122255
-0.00382296
0.000943676
0.00315082
0.00419668
0.00406614
0.00132079
-0.00527649
-0.0150336
-0.025086
-0.031694
-0.0322836
-0.0267544
-0.0175077
-0.00794946
-0.000553024
0.00407899
0.00659545
0.0075473
0.00635634
0.00198532
-0.00574154
-0.0152466
-0.0236288
-0.0279984
-0.0269425
-0.021038
-0.0125825
-0.00424336
0.00224947
0.00651019
0.0088011
0.0090633
0.00657141
0.000884932
-0.00726029
-0.0158102
-0.0221712
-0.0243715
-0.0219019
-0.0158009
-0.00815572
-0.00101077
0.00447086
0.00801129
0.00957775
0.00876623
0.00509983
-0.0012403
-0.00896119
-0.0159887
-0.0202764
-0.0206602
-0.0172158
-0.0112134
-0.00446406
0.00150186
0.0059143
0.00856269
0.00928667
0.00767426
0.00354173
-0.00256981
-0.00926426
-0.0147337
-0.0174431
-0.0167296
-0.012957
-0.0073691
-0.00149884
0.00351528
0.00707381
0.00908553
0.0091347
0.00727663
0.00276034
-0.00215389
-0.00903645
-0.0104251
-0.0162144
-0.00445486
-0.0164457
0.115521
0.116492
0.119729
0.124244
0.129821
0.134983
0.133502
0.1126
0.0165729
-0.226806
-0.460126
-0.421025
-0.427607
-0.281688
-0.082722
0.0488085
0.110216
0.0787116
-0.027477
-0.135936
-0.176757
-0.133132
-0.0728651
-0.0362273
-0.020709
-0.0193706
-0.0290796
-0.0400803
-0.0410148
-0.0339289
-0.0329998
-0.0471684
-0.0730048
-0.0949878
-0.0944364
-0.0706688
-0.0420563
-0.0239858
-0.0186763
-0.0217374
-0.0269018
-0.0283335
-0.025328
-0.0232997
-0.028407
-0.0414882
-0.0571758
-0.0663989
-0.0626447
-0.0476202
-0.0301145
-0.0180543
-0.0136716
-0.0143714
-0.0158055
-0.0151244
-0.0136141
-0.015162
-0.0224912
-0.0343194
-0.0456564
-0.0505335
-0.0460788
-0.0344682
-0.0215427
-0.0123037
-0.00816698
-0.00733451
-0.00706988
-0.0062658
-0.00657029
-0.0105534
-0.0190145
-0.0296776
-0.0381553
-0.0404586
-0.0354826
-0.0255984
-0.0151312
-0.00745841
-0.003377
-0.00160972
-0.000624002
-0.000423098
-0.00252978
-0.00832577
-0.0172709
-0.0266252
-0.0327429
-0.0331239
-0.0277193
-0.0189295
-0.0100739
-0.00345445
0.000537406
0.0027226
0.00371149
0.00289269
-0.000866915
-0.00786046
-0.0166289
-0.0243748
-0.0283082
-0.0271092
-0.0214135
-0.0134982
-0.00590345
-0.000151053
0.00357938
0.00566705
0.00604982
0.00394809
-0.00116594
-0.0086473
-0.016537
-0.0223409
-0.0241998
-0.0216923
-0.0159017
-0.0088568
-0.0024383
0.00240471
0.00555954
0.00704315
0.00641418
0.00313452
-0.00268214
-0.00981776
-0.0162835
-0.0201322
-0.0203016
-0.0169373
-0.0113156
-0.00516065
0.000165887
0.00407626
0.00646999
0.00719477
0.00579645
0.00203546
-0.00360379
-0.00979278
-0.014802
-0.0171863
-0.016363
-0.012741
-0.00754818
-0.00222063
0.00225459
0.00542969
0.00727308
0.00738166
0.00572394
0.00159639
-0.00297918
-0.0092591
-0.0105789
-0.0154729
-0.00487121
-0.0144927
0.120232
0.121604
0.126206
0.133123
0.142861
0.155593
0.166234
0.170146
0.0638247
-0.214811
-0.53164
-0.489324
-0.560866
-0.363539
-0.10425
0.025096
0.0733582
0.0298529
-0.0365582
-0.14074
-0.203755
-0.167296
-0.0957523
-0.0501937
-0.0325812
-0.0339017
-0.048188
-0.0617779
-0.0611309
-0.0501097
-0.0458703
-0.0575342
-0.0816526
-0.103542
-0.104094
-0.0810104
-0.0519244
-0.033375
-0.0284217
-0.0324915
-0.0385582
-0.0399186
-0.0357137
-0.0318383
-0.035006
-0.0464214
-0.0610272
-0.0699819
-0.0666072
-0.0522558
-0.0354517
-0.0241694
-0.0206903
-0.0222505
-0.0241404
-0.0232098
-0.0207121
-0.0208015
-0.026561
-0.0370338
-0.0474734
-0.052034
-0.0478067
-0.0368578
-0.0248747
-0.0167184
-0.0136333
-0.0135855
-0.013593
-0.0124378
-0.011804
-0.0144818
-0.0215589
-0.0310316
-0.0387129
-0.0407235
-0.0359867
-0.0268254
-0.0174219
-0.0109367
-0.00790968
-0.00681397
-0.00595514
-0.0053018
-0.00646831
-0.0110384
-0.0187231
-0.0270114
-0.0324313
-0.0325967
-0.0275134
-0.0195375
-0.0118192
-0.00639477
-0.00337023
-0.00170404
-0.000695929
-0.000970536
-0.00378197
-0.00961666
-0.0172369
-0.0240407
-0.0273988
-0.0261073
-0.0208533
-0.0138419
-0.00740396
-0.0027677
0.000158885
0.00191522
0.0024649
0.000980983
-0.00319799
-0.00960777
-0.0164802
-0.0214944
-0.0229449
-0.020511
-0.0152989
-0.00921888
-0.00390558
-1.93278e-05
0.00254527
0.00388955
0.00355927
0.000937271
-0.00399408
-0.0101803
-0.0157962
-0.0190481
-0.0190019
-0.0158755
-0.0109177
-0.0057006
-0.00134173
0.0018136
0.00381518
0.00454467
0.00351666
0.000404289
-0.00443208
-0.00980763
-0.0141325
-0.0160917
-0.0152003
-0.011907
-0.00738514
-0.00291085
0.000745302
0.0033364
0.00492045
0.00512982
0.00384159
0.000372433
-0.00358157
-0.00898966
-0.0101175
-0.0140403
-0.00482463
-0.0122281
0.124392
0.126122
0.132008
0.141124
0.155345
0.175174
0.204793
0.20138
0.159438
-0.24961
-0.711453
-0.564842
-0.650349
-0.462061
-0.18678
-0.0756614
-0.0452176
-0.0451992
-0.0681146
-0.144208
-0.213896
-0.192201
-0.116581
-0.064214
-0.0451407
-0.0494914
-0.0684802
-0.0842521
-0.0808791
-0.0646639
-0.0560151
-0.0642046
-0.0856753
-0.106764
-0.108589
-0.087424
-0.0594631
-0.041613
-0.0376655
-0.0430698
-0.050151
-0.051329
-0.0455713
-0.0393268
-0.0399871
-0.0491993
-0.062272
-0.0707114
-0.0678283
-0.054645
-0.0392368
-0.0293833
-0.0272927
-0.030014
-0.0324744
-0.0312254
-0.0274896
-0.0257335
-0.0294761
-0.0381712
-0.0474007
-0.0515237
-0.0476447
-0.0377091
-0.0271512
-0.0205632
-0.0189229
-0.019912
-0.0202851
-0.0186968
-0.0168794
-0.0178837
-0.023164
-0.0310806
-0.0377283
-0.0393922
-0.0350413
-0.0269228
-0.0189995
-0.0141195
-0.0124865
-0.0122752
-0.0116028
-0.010386
-0.0103419
-0.0133108
-0.0193424
-0.0262456
-0.0307912
-0.0307405
-0.0261572
-0.0193146
-0.0131226
-0.00926895
-0.00750712
-0.00652963
-0.00551751
-0.00509177
-0.00665253
-0.0109497
-0.0170592
-0.022656
-0.0253237
-0.023993
-0.0193939
-0.013613
-0.00869932
-0.00551369
-0.00363578
-0.00232602
-0.0015657
-0.00222403
-0.00514025
-0.0101141
-0.0156551
-0.0196809
-0.0206733
-0.0184227
-0.0140343
-0.00924503
-0.00537137
-0.00272291
-0.000930801
0.000224889
0.000301573
-0.00141389
-0.00513185
-0.0100434
-0.0145577
-0.0170813
-0.0168288
-0.0140904
-0.0100538
-0.00607929
-0.00297647
-0.000799109
0.000688502
0.00142879
0.000916686
-0.00129263
-0.00502704
-0.00931519
-0.0127615
-0.014215
-0.0133024
-0.0105045
-0.00690307
-0.00355676
-0.000965807
0.000863923
0.00210787
0.002459
0.0016984
-0.000864899
-0.00394033
-0.00823956
-0.00906703
-0.0119709
-0.00433238
-0.00973796
0.127848
0.129877
0.136779
0.147837
0.165628
0.193403
0.237525
0.270041
0.312852
-0.224715
-0.562743
-0.661756
-0.511692
-0.288945
-0.199241
-0.181126
-0.117865
-0.094979
-0.138665
-0.202667
-0.199004
-0.129932
-0.0758325
-0.0570219
-0.0649912
-0.0888051
-0.106167
-0.0988661
-0.0763625
-0.0625989
-0.0668125
-0.0850884
-0.104788
-0.107843
-0.0894662
-0.0640103
-0.0480148
-0.0457867
-0.0529077
-0.0611168
-0.0619834
-0.0543435
-0.0453187
-0.0430801
-0.049738
-0.0609661
-0.068691
-0.0663509
-0.0546992
-0.0412515
-0.0333965
-0.0331392
-0.0372956
-0.0404209
-0.038786
-0.0336057
-0.02971
-0.0311113
-0.0377248
-0.0455138
-0.0491041
-0.0456608
-0.0370108
-0.0282682
-0.0236536
-0.0237915
-0.0260294
-0.026839
-0.0247544
-0.0215609
-0.02061
-0.0237823
-0.0298674
-0.0353031
-0.0365813
-0.032733
-0.0259117
-0.0198028
-0.016866
-0.0169037
-0.0177502
-0.0173137
-0.015447
-0.0139817
-0.0150582
-0.019133
-0.0244059
-0.027945
-0.0276844
-0.0237469
-0.0182937
-0.0139372
-0.0119525
-0.011689
-0.0115379
-0.0105371
-0.00929026
-0.00936283
-0.0118244
-0.0161388
-0.0203247
-0.0222199
-0.0209007
-0.0171318
-0.0128419
-0.00974082
-0.00826785
-0.00763326
-0.00686555
-0.00586345
-0.00553263
-0.00692493
-0.0101724
-0.0141352
-0.0170229
-0.0175279
-0.0155577
-0.0121928
-0.00895008
-0.00677457
-0.0055825
-0.00470905
-0.00378505
-0.00321735
-0.00382656
-0.00606639
-0.00944283
-0.0126594
-0.014359
-0.0139182
-0.0116954
-0.00878568
-0.00629
-0.00466443
-0.00363901
-0.00276529
-0.00201169
-0.00189172
-0.00299225
-0.00538286
-0.00836517
-0.0107837
-0.0116766
-0.0107892
-0.00862564
-0.00614185
-0.00413504
-0.00279843
-0.00186999
-0.00103336
-0.00050955
-0.000615171
-0.00207144
-0.00405975
-0.0070627
-0.00750819
-0.0093734
-0.00346227
-0.00710381
0.130479
0.132697
0.140272
0.15255
0.172786
0.205535
0.260551
0.323671
0.427654
-0.588468
-0.470427
-0.366953
-0.338176
-0.274063
-0.165919
-0.108839
-0.127964
-0.179363
-0.188163
-0.132908
-0.0826853
-0.0664517
-0.07886
-0.107576
-0.125734
-0.113403
-0.0840416
-0.0651076
-0.0653944
-0.0803433
-0.0982595
-0.10234
-0.0871914
-0.065223
-0.0520435
-0.0521974
-0.0613978
-0.0708108
-0.0712259
-0.0614515
-0.049416
-0.0441191
-0.0480928
-0.0573282
-0.0642052
-0.0624073
-0.0525025
-0.0414062
-0.0359782
-0.0379025
-0.0437027
-0.0475529
-0.045475
-0.0387162
-0.0325147
-0.0314059
-0.0357788
-0.0419972
-0.0449948
-0.0420367
-0.0348491
-0.0281885
-0.0258333
-0.0279866
-0.031621
-0.0329171
-0.0302939
-0.025607
-0.0225345
-0.0234171
-0.0275085
-0.0316262
-0.0324987
-0.0292323
-0.0238775
-0.0198066
-0.01904
-0.0209339
-0.0229555
-0.0227918
-0.0202261
-0.0172118
-0.0162163
-0.0181459
-0.0216369
-0.024092
-0.0236339
-0.0204444
-0.0165505
-0.0142309
-0.0143077
-0.0156962
-0.0164659
-0.0154946
-0.0133568
-0.0117932
-0.0122287
-0.0145656
-0.0172143
-0.0182937
-0.0170298
-0.0142125
-0.0115832
-0.0104768
-0.0108817
-0.0116183
-0.0114629
-0.0102082
-0.00878841
-0.008488
-0.00981827
-0.0120434
-0.0137038
-0.013715
-0.0120992
-0.00989089
-0.0083554
-0.00803615
-0.00843759
-0.00858222
-0.00792738
-0.00682186
-0.00619645
-0.00678162
-0.00844913
-0.0102426
-0.0110662
-0.0104607
-0.0088442
-0.00719386
-0.00632089
-0.00630634
-0.00654366
-0.00635398
-0.0055943
-0.00477178
-0.00462814
-0.00551226
-0.00704385
-0.00834211
-0.00864896
-0.00782723
-0.00639274
-0.00515067
-0.00461085
-0.00464398
-0.00470848
-0.00433012
-0.00362016
-0.00299057
-0.00320516
-0.00396587
-0.0055492
-0.00556828
-0.00639702
-0.00232438
-0.00439184
0.132205
0.134489
0.142283
0.154933
0.175767
0.209565
0.266173
0.342471
0.503516
-0.447859
-0.398785
-0.410356
-0.453256
-0.334264
-0.188843
-0.107916
-0.108012
-0.147181
-0.162431
-0.124426
-0.0828826
-0.0715674
-0.0893123
-0.122858
-0.140857
-0.122748
-0.086805
-0.0634224
-0.0603441
-0.0721868
-0.0881171
-0.0929322
-0.0810583
-0.0630851
-0.0533593
-0.0563901
-0.0679283
-0.0785476
-0.0783745
-0.0663447
-0.0513063
-0.0430544
-0.0444423
-0.0517018
-0.0576707
-0.0563736
-0.0482841
-0.0397331
-0.0369778
-0.0412893
-0.0488434
-0.0534328
-0.0508756
-0.0424995
-0.0339787
-0.0303647
-0.0324942
-0.0371195
-0.0395027
-0.0370438
-0.0313917
-0.0269378
-0.0269822
-0.0312649
-0.0363613
-0.038165
-0.0349933
-0.0287875
-0.0235608
-0.0221177
-0.0241793
-0.0269538
-0.0274214
-0.024774
-0.0209586
-0.0190202
-0.0205178
-0.0243434
-0.02759
-0.0277229
-0.0244544
-0.0198603
-0.0167423
-0.0164698
-0.018134
-0.0194887
-0.0188513
-0.0164595
-0.0141947
-0.0139869
-0.0161936
-0.0192917
-0.0210265
-0.0201067
-0.0170686
-0.0138257
-0.01217
-0.0124654
-0.0135384
-0.0138013
-0.0126255
-0.0108152
-0.00990891
-0.0108558
-0.013192
-0.0153505
-0.0158477
-0.0143543
-0.0118218
-0.0097693
-0.00910851
-0.00953769
-0.00994955
-0.00948291
-0.00826403
-0.00726497
-0.00748577
-0.00906614
-0.0111054
-0.0123134
-0.0119586
-0.0103133
-0.00841084
-0.00727046
-0.00715748
-0.00748384
-0.00742604
-0.00668129
-0.00571428
-0.005368
-0.00615571
-0.00778721
-0.00932608
-0.00985646
-0.00910914
-0.00756887
-0.00613094
-0.00544087
-0.00546325
-0.00561291
-0.00533838
-0.00461079
-0.00394494
-0.00398218
-0.00494117
-0.0063762
-0.00746974
-0.00758071
-0.00669284
-0.00530574
-0.00422513
-0.00370051
-0.00381471
-0.00340719
-0.00321653
-0.00105821
-0.00164679
0.133
0.13522
0.142775
0.154918
0.174478
0.205271
0.25415
0.321844
0.442075
-0.327578
-0.339713
-0.352404
-0.452254
-0.501422
-0.348199
-0.185975
-0.0960893
-0.0829949
-0.112018
-0.128029
-0.106059
-0.075715
-0.0709011
-0.0945782
-0.132557
-0.149415
-0.125435
-0.0842337
-0.0578605
-0.0523403
-0.0615149
-0.0754294
-0.0806612
-0.0717956
-0.0578607
-0.0518354
-0.0579772
-0.0719333
-0.0836596
-0.0827874
-0.0685628
-0.0508022
-0.0399616
-0.039068
-0.0445133
-0.0495841
-0.0487188
-0.0423812
-0.0363718
-0.0363299
-0.0430617
-0.0523585
-0.057649
-0.0546059
-0.0446848
-0.0339954
-0.0280562
-0.0280916
-0.0312052
-0.0329916
-0.0310129
-0.0268684
-0.0245981
-0.0270231
-0.0334117
-0.0399439
-0.0422459
-0.0385531
-0.0309018
-0.0236282
-0.0199727
-0.0200957
-0.0215828
-0.0216684
-0.0196349
-0.0173321
-0.0174842
-0.0211977
-0.0269121
-0.0313618
-0.0318013
-0.0278743
-0.0217722
-0.0166158
-0.014221
-0.014123
-0.0144239
-0.0136305
-0.012031
-0.0113591
-0.0132047
-0.0174792
-0.0222434
-0.024934
-0.0240914
-0.0202067
-0.0153513
-0.0116709
-0.00998481
-0.00953519
-0.00902431
-0.00795539
-0.00713663
-0.00790249
-0.0108323
-0.0150371
-0.0185869
-0.0197452
-0.0180515
-0.0144614
-0.0107132
-0.00811205
-0.00679371
-0.00600541
-0.00509767
-0.00428227
-0.00445853
-0.00636867
-0.00977411
-0.0133994
-0.0156584
-0.0156257
-0.0134843
-0.0103536
-0.00753029
-0.0056749
-0.00457529
-0.00367735
-0.00281737
-0.00248992
-0.00339989
-0.00577756
-0.00898927
-0.0117937
-0.0130454
-0.0123369
-0.0101201
-0.00742929
-0.00520016
-0.0037471
-0.00278589
-0.0019636
-0.0013425
-0.00142469
-0.00268907
-0.00508134
-0.00786527
-0.00996501
-0.010573
-0.00953729
-0.00743192
-0.00509045
-0.00331328
-0.00198675
-0.00119927
-1.38788e-05
0.000183828
0.00110806
0.132892
0.13493
0.141858
0.1527
0.169704
0.194205
0.231125
0.275981
0.297347
-0.217654
-0.308836
-0.279702
-0.322745
-0.446713
-0.479763
-0.320429
-0.165683
-0.0793353
-0.0572092
-0.0766152
-0.0903718
-0.0807535
-0.0617813
-0.0638371
-0.0933961
-0.134964
-0.14978
-0.120693
-0.0765637
-0.0491622
-0.0422631
-0.0492621
-0.0612254
-0.066575
-0.0602594
-0.0500237
-0.0475515
-0.056725
-0.0729522
-0.0855739
-0.0839447
-0.0678024
-0.0478782
-0.0350442
-0.0323298
-0.0362291
-0.0404703
-0.0399537
-0.035198
-0.0315471
-0.0340554
-0.0430572
-0.0539559
-0.0598571
-0.0563584
-0.0450815
-0.0325339
-0.024609
-0.0228309
-0.0246044
-0.0258473
-0.0243043
-0.0215476
-0.021298
-0.025928
-0.03426
-0.0421098
-0.0448716
-0.0407233
-0.031798
-0.022718
-0.0171016
-0.0154936
-0.015824
-0.0155715
-0.0141084
-0.0131973
-0.0152672
-0.0210101
-0.0284548
-0.0340152
-0.0347578
-0.0302633
-0.0228229
-0.0158395
-0.0115305
-0.00983865
-0.00919125
-0.0082706
-0.00740523
-0.00818873
-0.0119018
-0.0180568
-0.0243461
-0.0279316
-0.0271943
-0.0225751
-0.0162777
-0.0107647
-0.00727555
-0.00544399
-0.00424231
-0.00328545
-0.00337439
-0.00565345
-0.0103737
-0.0162743
-0.0211068
-0.0229017
-0.0210671
-0.0165479
-0.0112706
-0.00689994
-0.00398559
-0.00211155
-0.000817629
-0.000376542
-0.00161194
-0.00503568
-0.0100813
-0.0151496
-0.01839
-0.0186901
-0.0161371
-0.0119125
-0.00755897
-0.00410652
-0.00170413
-5.02755e-05
0.000904218
0.00065318
-0.00137858
-0.00517481
-0.00980698
-0.0137686
-0.0157041
-0.0150673
-0.0122677
-0.00845288
-0.00482038
-0.00201594
-4.435e-05
0.0012664
0.00178552
0.00103314
-0.00132299
-0.00499328
-0.00899321
-0.0120189
-0.0131088
-0.0119705
-0.00924314
-0.00576032
-0.00285289
-0.000189841
0.000886153
0.0030393
0.0012537
0.00386503
0.131957
0.133735
0.139716
0.148883
0.162252
0.180822
0.201038
0.221055
0.186673
-0.131154
-0.394438
-0.27982
-0.235247
-0.325233
-0.439778
-0.427291
-0.272545
-0.138737
-0.0628504
-0.0347924
-0.0438706
-0.0538389
-0.0518917
-0.0427182
-0.0508003
-0.08537
-0.129124
-0.141228
-0.108727
-0.0647287
-0.0383927
-0.0310841
-0.0363134
-0.0464156
-0.0516212
-0.0473142
-0.0401792
-0.0407735
-0.0525836
-0.0706953
-0.0838983
-0.0815358
-0.0639809
-0.0426961
-0.0286281
-0.0246413
-0.0273185
-0.0308365
-0.0305838
-0.027167
-0.0255461
-0.0302592
-0.0412078
-0.0534436
-0.0598197
-0.0559362
-0.0436048
-0.0296496
-0.0202054
-0.0169919
-0.0176634
-0.0184467
-0.0172763
-0.0157143
-0.0172029
-0.0237226
-0.0337093
-0.0426739
-0.0458315
-0.0413298
-0.0313894
-0.0208585
-0.013647
-0.0106094
-0.00997461
-0.00944661
-0.00847975
-0.00876071
-0.0124626
-0.0199267
-0.0288403
-0.0353559
-0.0363855
-0.0314551
-0.0229302
-0.0144399
-0.00853352
-0.00550331
-0.00406345
-0.0030493
-0.00281591
-0.00483108
-0.0101157
-0.017855
-0.0254433
-0.0298157
-0.0292119
-0.0240191
-0.0165382
-0.00949171
-0.00448018
-0.00148247
0.000292262
0.00114314
0.000288049
-0.00325364
-0.00946758
-0.0167961
-0.0227336
-0.0251098
-0.0232082
-0.0179484
-0.011402
-0.00553708
-0.00126821
0.00151999
0.00312936
0.00325535
0.00114567
-0.00352476
-0.00993237
-0.0162215
-0.0203219
-0.0209516
-0.018102
-0.0129889
-0.00735287
-0.00254328
0.000966484
0.00325503
0.00428596
0.0035599
0.000612453
-0.00434709
-0.0101601
-0.0151072
-0.0176524
-0.0171215
-0.013874
-0.00913749
-0.00432523
-0.000373436
0.00245324
0.0041717
0.00460709
0.00330917
6.50604e-05
-0.0046533
-0.00966803
-0.0134881
-0.015018
-0.0138354
-0.0106279
-0.00619611
-0.0023596
0.00146819
0.00270294
0.0057957
0.00202449
0.00662148
0.130308
0.131762
0.136642
0.143802
0.153572
0.165343
0.174154
0.170586
0.104165
-0.0901214
-0.264093
-0.237608
-0.238476
-0.291507
-0.358843
-0.329713
-0.211882
-0.110896
-0.0485013
-0.0173584
-0.0156045
-0.0209607
-0.0220886
-0.0206029
-0.0333555
-0.0713908
-0.115496
-0.124458
-0.0909499
-0.0502649
-0.026767
-0.0197454
-0.0234465
-0.0317516
-0.0365864
-0.0337512
-0.0289964
-0.0319293
-0.0457102
-0.0651073
-0.0785075
-0.0755393
-0.0572832
-0.0356104
-0.0211417
-0.0164413
-0.0182225
-0.0211396
-0.0210733
-0.0187144
-0.0186951
-0.025125
-0.0375534
-0.0507582
-0.0574391
-0.0532832
-0.040295
-0.0254888
-0.0150732
-0.0108558
-0.0107
-0.0111275
-0.0102588
-0.00964955
-0.012505
-0.0204889
-0.0317393
-0.0415475
-0.0450167
-0.0402942
-0.029668
-0.0181275
-0.00976631
-0.00566306
-0.00429564
-0.00356911
-0.00300495
-0.00422185
-0.00918462
-0.017967
-0.0280067
-0.0352713
-0.0365611
-0.0313568
-0.0220652
-0.0124688
-0.0053604
-0.00130941
0.000730533
0.00179908
0.00153282
-0.00142753
-0.00790517
-0.0168492
-0.025443
-0.0304559
-0.0300118
-0.0244409
-0.0160996
-0.00789839
-0.00172048
0.00217172
0.00437522
0.00513249
0.0036931
-0.000794311
-0.00812765
-0.0165432
-0.0233529
-0.0262284
-0.0243408
-0.0185707
-0.0110834
-0.00407729
0.00123649
0.00472381
0.00656465
0.00645412
0.00370231
-0.00188245
-0.00930413
-0.0165304
-0.0213269
-0.0222683
-0.0192553
-0.0135087
-0.00690808
-0.00105355
0.00331239
0.0060854
0.00717438
0.00610446
0.00249688
-0.00331029
-0.0100046
-0.0157157
-0.0187668
-0.0183719
-0.0148367
-0.0094326
-0.00372991
0.00110371
0.00458762
0.00661558
0.00699301
0.0053051
0.00142413
-0.0040583
-0.0098351
-0.0142773
-0.0161855
-0.0150186
-0.0115021
-0.00636606
-0.00186076
0.00290678
0.00414283
0.00814267
0.00240495
0.00936676
0.128075
0.129189
0.13289
0.138073
0.144414
0.150798
0.151567
0.138556
0.0801847
-0.0740811
-0.184398
-0.181175
-0.194359
-0.234933
-0.276588
-0.252505
-0.168448
-0.0909737
-0.0379799
-0.0055765
0.00608369
0.00651004
0.00630385
0.00246487
-0.0141807
-0.0538826
-0.0958902
-0.101527
-0.0697364
-0.0349712
-0.0154098
-0.00903097
-0.0112964
-0.0178171
-0.0220806
-0.0202446
-0.0171577
-0.0215841
-0.0364857
-0.0564198
-0.0696127
-0.066279
-0.0481763
-0.0271464
-0.0130817
-0.00816511
-0.00933
-0.0117609
-0.0118169
-0.0102329
-0.0113387
-0.0189078
-0.0322498
-0.0459841
-0.0527818
-0.0485048
-0.0353267
-0.0202848
-0.00947328
-0.00468942
-0.00398444
-0.00416693
-0.00353187
-0.00361274
-0.00741294
-0.016365
-0.0284187
-0.0387523
-0.0424364
-0.0376481
-0.0267111
-0.014652
-0.00562507
-0.000845464
0.00100523
0.00184462
0.00210618
0.000237926
-0.00556474
-0.0152027
-0.0259716
-0.0337435
-0.0352581
-0.0299607
-0.020259
-0.0100035
-0.00213025
0.00259258
0.00502123
0.00609992
0.00547935
0.00189329
-0.00535061
-0.0150675
-0.0243287
-0.0298085
-0.0295454
-0.023811
-0.0149691
-0.00603716
0.000908945
0.00539315
0.0078653
0.00854145
0.00671772
0.00163638
-0.00639678
-0.0155127
-0.0229239
-0.0261949
-0.0244027
-0.0183735
-0.0103116
-0.0025623
0.00344724
0.00739299
0.00937165
0.00910832
0.00596737
-0.000164968
-0.00821159
-0.0160515
-0.0213497
-0.0225709
-0.0195331
-0.0134325
-0.00622454
0.000320073
0.00525715
0.00834556
0.00946972
0.00819645
0.00420689
-0.00209948
-0.00933912
-0.0155599
-0.0189904
-0.0187542
-0.0151012
-0.00930983
-0.00304302
0.00237033
0.00628745
0.00851404
0.00885876
0.00694761
0.00270316
-0.00322939
-0.00948382
-0.0143489
-0.0165565
-0.0154623
-0.0118198
-0.00625164
-0.00137039
0.0040782
0.00514537
0.0100084
0.00235174
0.0120677
0.125399
0.126169
0.128718
0.131989
0.135365
0.137122
0.132534
0.113185
0.063294
-0.0457845
-0.137152
-0.154183
-0.170895
-0.198712
-0.219846
-0.197664
-0.135273
-0.0747498
-0.0297252
0.0014463
0.0194243
0.027203
0.030207
0.0238575
0.00300485
-0.0367382
-0.0736381
-0.0757628
-0.048028
-0.0205384
-0.00516278
0.000518172
-0.000346261
-0.00505933
-0.00856412
-0.00734131
-0.00532184
-0.0104139
-0.0255155
-0.0451796
-0.0577977
-0.0544351
-0.0373792
-0.0179449
-0.00496257
-0.000213433
-0.000963725
-0.00299666
-0.0031257
-0.00206109
-0.00382091
-0.0119226
-0.0255677
-0.0393612
-0.0460891
-0.0418735
-0.0290042
-0.0143443
-0.00368381
0.00126846
0.00227089
0.00222708
0.00268673
0.00217114
-0.00214268
-0.0115408
-0.0239072
-0.0344264
-0.038224
-0.033537
-0.0226819
-0.010604
-0.00138993
0.00368942
0.00578223
0.00664742
0.00670017
0.00446392
-0.00174689
-0.0117567
-0.0228351
-0.0308559
-0.0325539
-0.0273492
-0.0176051
-0.00714636
0.00105201
0.00609957
0.00870605
0.00974674
0.00891228
0.00502061
-0.00255246
-0.0125926
-0.0221638
-0.0279215
-0.0278545
-0.022173
-0.0131983
-0.00396821
0.00334202
0.00811285
0.0106905
0.0112922
0.00927865
0.00395576
-0.00434773
-0.0137606
-0.0214846
-0.0250343
-0.0234112
-0.0173746
-0.00911009
-0.00102461
0.0053241
0.00948282
0.0115011
0.0111592
0.00787477
0.00156233
-0.00670973
-0.0148234
-0.0204123
-0.0218688
-0.0189383
-0.0127637
-0.00531207
0.00155823
0.00677339
0.010002
0.0111307
0.00978488
0.00568506
-0.000769485
-0.00820762
-0.0146689
-0.0183386
-0.0182742
-0.0146681
-0.00877041
-0.0022717
0.00341138
0.00753128
0.00983997
0.0101689
0.00819166
0.00385216
-0.00221294
-0.00865014
-0.013726
-0.0161429
-0.0151706
-0.0115802
-0.00585402
-0.000892766
0.00496727
0.00570145
0.0113638
0.00187811
0.014655
0.122418
0.122867
0.124333
0.125909
0.126776
0.125085
0.116926
0.0952893
0.0520353
-0.0309493
-0.103304
-0.124458
-0.141734
-0.161018
-0.174689
-0.157289
-0.11074
-0.0626923
-0.0240166
0.00491774
0.025268
0.0384781
0.0446345
0.0383964
0.0141407
-0.0236234
-0.0522193
-0.0503928
-0.0283085
-0.0080916
0.00354902
0.00863308
0.00906951
0.00617558
0.00360595
0.00452142
0.00590095
0.000825498
-0.0136132
-0.032247
-0.0440065
-0.040996
-0.0257808
-0.00867936
0.00274185
0.0070766
0.00662766
0.00494323
0.00477854
0.00552881
0.00353093
-0.00452994
-0.0178825
-0.0312778
-0.037773
-0.0338171
-0.0217407
-0.00802324
0.00201951
0.0068167
0.00791546
0.00792007
0.00824758
0.00752039
0.00309255
-0.00625003
-0.0184487
-0.0288192
-0.0326331
-0.0282143
-0.0178205
-0.00619107
0.00277825
0.00782711
0.00995181
0.0107628
0.0106835
0.00833349
0.00211826
-0.00779881
-0.018776
-0.0267886
-0.0286256
-0.0236914
-0.0142558
-0.00402214
0.00409642
0.00915444
0.0117476
0.0127012
0.0117726
0.00786514
0.000372685
-0.00955827
-0.0190884
-0.0249332
-0.0250694
-0.0196434
-0.0108831
-0.00176103
0.0055381
0.0103146
0.0128455
0.0133702
0.0113345
0.00608977
-0.0020801
-0.0113997
-0.0191493
-0.0228557
-0.0214621
-0.0156506
-0.00753252
0.000507598
0.00686279
0.0110059
0.0129677
0.0126013
0.00938573
0.00322797
-0.004891
-0.0129461
-0.0186117
-0.0202492
-0.0175421
-0.0115519
-0.00419615
0.00265815
0.00787676
0.0110794
0.0121737
0.0108603
0.00688769
0.000607808
-0.00669717
-0.0131334
-0.0168974
-0.0170067
-0.0135951
-0.00784958
-0.00142793
0.00423535
0.00834226
0.0106202
0.0109372
0.00902329
0.00482544
-0.00107818
-0.00741482
-0.0124911
-0.0150216
-0.0142088
-0.0108299
-0.00519862
-0.000428303
0.00558578
0.00584935
0.0122192
0.00105589
0.0170162
0.119262
0.119419
0.119912
0.120014
0.118842
0.114547
0.104113
0.0818722
0.0439928
-0.019829
-0.0779129
-0.102683
-0.121243
-0.137225
-0.143896
-0.127977
-0.091668
-0.0529968
-0.0198993
0.00632483
0.0262304
0.0410055
0.0484791
0.0430113
0.0204165
-0.0108436
-0.0304195
-0.0273091
-0.0119992
0.00194249
0.01066
0.0152531
0.0167576
0.0156179
0.0141408
0.014997
0.0159796
0.0113515
-0.00174889
-0.0187422
-0.0295003
-0.0271516
-0.0143067
4.27604e-05
0.00965565
0.0134579
0.013271
0.0119252
0.0117572
0.0123372
0.0104216
0.00288336
-0.00965212
-0.0222469
-0.0283838
-0.0248856
-0.0140209
-0.00169121
0.0073863
0.0117997
0.0128569
0.0128454
0.0130682
0.0123017
0.00809229
-0.000756466
-0.0123565
-0.0222758
-0.0260205
-0.0220238
-0.0124266
-0.0016415
0.00673203
0.0114914
0.0134856
0.0141776
0.0140195
0.0117589
0.00588062
-0.00353504
-0.0140401
-0.0218078
-0.0237393
-0.0192318
-0.0104125
-0.000771997
0.00692768
0.0117396
0.0141642
0.0149853
0.0140512
0.0103617
0.00329847
-0.0061409
-0.0153099
-0.0210615
-0.0213993
-0.0164035
-0.00815923
0.000505424
0.00747615
0.0120248
0.0143811
0.0148169
0.0128843
0.00797672
0.000286318
-0.00859128
-0.0161002
-0.0198388
-0.0187206
-0.0133338
-0.00566258
0.00200515
0.00808478
0.0120199
0.0138395
0.013478
0.0104907
0.00476
-0.00287859
-0.0105737
-0.0161132
-0.0178702
-0.0154785
-0.00989119
-0.00292151
0.00362518
0.00861423
0.0116485
0.0126656
0.011454
0.00778914
0.00194977
-0.0049318
-0.0110992
-0.0148168
-0.0150899
-0.0119924
-0.0066166
-0.00053354
0.00486503
0.00877682
0.010926
0.0112223
0.00946097
0.00558699
8.91042e-05
-0.00589739
-0.0107796
-0.0133278
-0.0126976
-0.00965906
-0.00433587
2.06875e-05
0.00596365
0.00566374
0.0126182
7.60496e-06
0.0190025
0.116046
0.11595
0.115595
0.114467
0.111679
0.105536
0.0937473
0.0719746
0.0386491
-0.011866
-0.0592659
-0.0836688
-0.101007
-0.113461
-0.117455
-0.104776
-0.0767739
-0.0454985
-0.0172091
0.00628953
0.0247141
0.0388187
0.0464322
0.0427975
0.0260552
0.00344613
-0.0103683
-0.00929643
0.000131894
0.00962949
0.0163036
0.0204547
0.0226843
0.0230808
0.0227977
0.02381
0.0245039
0.0204399
0.00903364
-0.00594819
-0.0156113
-0.0140871
-0.00375962
0.00776622
0.0155416
0.0187913
0.0188671
0.0178787
0.0177428
0.0182377
0.0166028
0.009929
-0.00138615
-0.0128684
-0.0185694
-0.0156987
-0.00634914
0.004309
0.0122141
0.0161121
0.0170535
0.0169923
0.0171256
0.0164314
0.0126799
0.00466404
-0.00598968
-0.0152103
-0.0188187
-0.0153715
-0.00683268
0.00281534
0.0103459
0.0146407
0.016398
0.0169276
0.0167207
0.014688
0.00939993
0.000807276
-0.0089215
-0.0162438
-0.0182279
-0.0142704
-0.00630958
0.0024556
0.00948507
0.0138672
0.0160145
0.0166671
0.0157808
0.0124712
0.00609827
-0.00254524
-0.0110863
-0.0165867
-0.0171154
-0.0126845
-0.00519258
0.00274512
0.00914849
0.0132986
0.015387
0.0157171
0.0139636
0.00957216
0.00262238
-0.00553168
-0.0125727
-0.0162299
-0.0154119
-0.010601
-0.00360928
0.00343471
0.00902606
0.0126109
0.0142221
0.0138721
0.0112097
0.00609469
-0.000813781
-0.00790111
-0.0131358
-0.0149493
-0.0129332
-0.00791325
-0.00155157
0.00446548
0.00905011
0.01181
0.0127108
0.0116332
0.00838689
0.00317417
-0.00305951
-0.00875456
-0.0122981
-0.0127129
-0.0100132
-0.00516961
0.000377999
0.00532836
0.0089102
0.010857
0.0111164
0.00955396
0.00611779
0.00119841
-0.00424346
-0.00876786
-0.0112436
-0.0108016
-0.00819314
-0.00333743
0.000446314
0.00613961
0.00523985
0.0126273
-0.00111376
0.0204546
0.112873
0.112561
0.111485
0.109354
0.105315
0.0978814
0.0853584
0.064527
0.0349931
-0.00600658
-0.0452163
-0.0687269
-0.0854962
-0.0964429
-0.098699
-0.087752
-0.0652225
-0.039476
-0.015276
0.0055486
0.0222991
0.0351124
0.0424162
0.041031
0.0298591
0.0140009
0.00355757
0.00299815
0.00879204
0.0154593
0.0206988
0.0244054
0.0269882
0.0285111
0.0293954
0.0307414
0.0312281
0.0275762
0.0177868
0.00491079
-0.00351634
-0.00267159
0.00532729
0.0142365
0.020316
0.023051
0.0233871
0.0227802
0.02272
0.0231707
0.0218874
0.0162477
0.00639716
-0.00377867
-0.00901375
-0.00688042
0.00081439
0.00970335
0.0163672
0.0197008
0.0205044
0.0203905
0.0204442
0.0198747
0.0167137
0.00974566
0.000276347
-0.00807076
-0.0114973
-0.00868782
-0.00137135
0.00697181
0.0135251
0.0172637
0.0187325
0.0190807
0.0188367
0.0171035
0.0125562
0.00499936
-0.00373671
-0.0104631
-0.0124629
-0.00913616
-0.0021934
0.00551751
0.0117237
0.0155696
0.0173803
0.017843
0.0170261
0.0141811
0.00865687
0.00101473
-0.00670311
-0.0118275
-0.0125278
-0.00874761
-0.00216436
0.0048707
0.010556
0.0142055
0.0159727
0.0161812
0.0146363
0.0108533
0.00480388
-0.00243225
-0.00883322
-0.0123126
-0.0117971
-0.00765707
-0.00149752
0.00475898
0.00972748
0.0128764
0.0142386
0.013892
0.01159
0.00718619
0.00116169
-0.00514308
-0.00993201
-0.0117398
-0.0101246
-0.00577405
-0.00016315
0.00518193
0.00925306
0.0116752
0.0124333
0.0114905
0.00870382
0.00421293
-0.00123285
-0.00630933
-0.00957391
-0.0100974
-0.00783795
-0.00362503
0.00126422
0.00565228
0.00882256
0.0105235
0.01073
0.00937555
0.00642141
0.00217006
-0.00260488
-0.00665265
-0.00897828
-0.00871217
-0.00657829
-0.00228766
0.000835186
0.00615443
0.00467675
0.0123252
-0.0021546
0.0212452
0.109827
0.109337
0.107664
0.104734
0.0997499
0.0914575
0.0786222
0.0589323
0.0325815
-0.00148831
-0.0344454
-0.0562775
-0.071702
-0.0809975
-0.0825203
-0.073698
-0.0557915
-0.0346038
-0.0139153
0.00444413
0.019553
0.0311532
0.0380556
0.0381299
0.0308054
0.0198889
0.0122545
0.0112398
0.0149583
0.0198166
0.0240353
0.0273227
0.0299574
0.032092
0.0338799
0.0356338
0.036051
0.0325986
0.0240474
0.0131939
0.00624064
0.00675048
0.0127499
0.0193981
0.0240311
0.0263116
0.0268683
0.0266419
0.0267071
0.0271333
0.0261663
0.021551
0.0132254
0.00441564
-0.000359012
0.00102683
0.00711823
0.0143178
0.0197853
0.0225644
0.0232402
0.0230941
0.0230809
0.0226412
0.0200988
0.0142583
0.00608646
-0.00129661
-0.00451908
-0.00238226
0.00366253
0.0106649
0.0162134
0.0193746
0.0205484
0.0207204
0.0204415
0.0190199
0.0152609
0.00883401
0.0012065
-0.00483305
-0.00681802
-0.00415408
0.00170382
0.00829046
0.0136168
0.0168905
0.0183503
0.0186197
0.0178711
0.0155053
0.0108833
0.00433919
-0.0024439
-0.00710803
-0.0079534
-0.00485675
0.000747625
0.00680209
0.0117061
0.0148172
0.0162485
0.0163274
0.0149845
0.0118224
0.00672817
0.00050545
-0.00515045
-0.00837756
-0.00814642
-0.00471356
0.000545346
0.00594027
0.0102284
0.0129101
0.0140109
0.0136541
0.0116994
0.0080153
0.00292719
-0.00250592
-0.00675711
-0.00850213
-0.0072801
-0.00363571
0.00116309
0.00577391
0.00928683
0.0113494
0.0119556
0.0111295
0.00878654
0.00502584
0.000416369
-0.00396516
-0.00687838
-0.00747034
-0.00565191
-0.00210248
0.00208001
0.00585983
0.00858828
0.0100299
0.0101747
0.00901189
0.0065257
0.00295149
-0.0011135
-0.00462159
-0.00673978
-0.00662199
-0.00496207
-0.00127129
0.00117137
0.0060467
0.00406268
0.0117935
-0.00299293
0.0213211
0.10698
0.106345
0.104188
0.100634
0.0949512
0.0861088
0.0732253
0.0546913
0.0309744
0.00199103
-0.026207
-0.0463988
-0.0608386
-0.0693429
-0.0705966
-0.0632225
-0.0485038
-0.030721
-0.0128912
0.00330911
0.0169029
0.0274548
0.0339869
0.035079
0.0305081
0.0230934
0.0176689
0.0167609
0.0193391
0.0230424
0.0265227
0.0294318
0.0319385
0.03424
0.0364534
0.0384561
0.0389055
0.0356998
0.0282563
0.0193687
0.0139216
0.014239
0.0185278
0.0233441
0.0268314
0.0287172
0.0294087
0.0295107
0.0297408
0.0301637
0.0294226
0.0256733
0.0187457
0.011229
0.00691175
0.00766223
0.0123712
0.018089
0.0224807
0.0247485
0.0253167
0.0251694
0.0251098
0.0247773
0.0227955
0.0180335
0.011144
0.00472811
0.00171331
0.00320603
0.00804864
0.0137946
0.0183966
0.0210094
0.0219121
0.0219327
0.02162
0.0204788
0.0174655
0.0121486
0.00564214
0.000317343
-0.00162971
0.000390499
0.00519035
0.0106854
0.0151588
0.0178799
0.0190089
0.0190999
0.0184062
0.0164805
0.0127218
0.00726602
0.00144163
-0.00272418
-0.00368319
-0.00125009
0.00338962
0.00847668
0.0126125
0.0152008
0.0163129
0.0162652
0.0150964
0.0125059
0.00832804
0.00311625
-0.00176225
-0.004694
-0.00471144
-0.00196353
0.00240649
0.00694752
0.0105648
0.0127933
0.0136447
0.0132669
0.0116157
0.0085922
0.00440149
-0.000157887
-0.00383561
-0.00547301
-0.004607
-0.00164505
0.00235521
0.00624071
0.00920573
0.0109215
0.0113819
0.0106485
0.00869695
0.00560677
0.00179872
-0.00188371
-0.00441259
-0.00503213
-0.00361946
-0.000706837
0.00278676
0.00597132
0.00827044
0.00946404
0.00954542
0.00854761
0.00647678
0.00352539
0.000141155
-0.00282225
-0.00470228
-0.00469627
-0.0034713
-0.000359496
0.00144202
0.00585244
0.00346637
0.0111114
-0.00356154
0.0207282
0.104388
0.103639
0.101097
0.0970668
0.0908798
0.0817082
0.0689369
0.0514851
0.029937
0.00474845
-0.0197875
-0.0383377
-0.0516672
-0.0593428
-0.0605088
-0.0545047
-0.0424467
-0.0274874
-0.0120722
0.00225779
0.0145212
0.0241831
0.030421
0.0322603
0.0296753
0.0247964
0.0210914
0.02048
0.0224367
0.025399
0.0283436
0.0309244
0.0332313
0.0354412
0.0376707
0.0396594
0.0401413
0.0374294
0.0313062
0.0242489
0.0199399
0.0199052
0.022803
0.0262586
0.0288973
0.0304398
0.0311578
0.0314818
0.0318802
0.0323308
0.0317378
0.0286265
0.0228291
0.0164378
0.012604
0.0129312
0.0165553
0.0210486
0.0245213
0.026337
0.0268112
0.0266866
0.0266088
0.0263564
0.0248256
0.0209909
0.0152528
0.0097272
0.00691679
0.00785788
0.0116693
0.0163306
0.0200994
0.022221
0.0228903
0.0227952
0.0224554
0.0215412
0.0191674
0.0148459
0.00937921
0.00473657
0.00284248
0.00428725
0.0081385
0.0126574
0.0163656
0.0185902
0.0194293
0.0193704
0.0187171
0.0171608
0.0141582
0.00969156
0.00476907
0.00109427
5.45311e-05
0.00188954
0.00565098
0.00985809
0.013297
0.0154148
0.0162453
0.0160851
0.0150558
0.0129504
0.00958047
0.00529361
0.0011554
-0.00146814
-0.00168756
0.00044351
0.00400215
0.00776246
0.0107692
0.0125907
0.0132218
0.0128193
0.011416
0.00895345
0.00555383
0.00179577
-0.00132821
-0.00283163
-0.00226475
8.64241e-05
0.00336129
0.00658552
0.00905361
0.0104595
0.0107911
0.0101298
0.00850161
0.00598178
0.00287952
-0.000161478
-0.00231368
-0.00292841
-0.00186022
0.000486809
0.00335964
0.00600568
0.00791861
0.00889283
0.00892033
0.00805495
0.0063295
0.00390882
0.00112395
-0.00133927
-0.00297914
-0.00304818
-0.00219397
0.000400679
0.00164111
0.00560452
0.00293295
0.0103523
-0.0038545
0.0196047
0.102098
0.10126
0.0984191
0.0940318
0.0874893
0.0781374
0.0655591
0.0490622
0.0292671
0.00690693
-0.0148549
-0.032004
-0.0444755
-0.0516883
-0.0529445
-0.0479693
-0.0378173
-0.0249621
-0.0114428
0.0013554
0.0125004
0.0214281
0.027438
0.0298355
0.0286891
0.0256345
0.0232277
0.0229674
0.0246132
0.0271057
0.0296606
0.0319621
0.0340567
0.0360863
0.0381483
0.0399739
0.0404871
0.038368
0.0335157
0.0278997
0.0243069
0.0239145
0.0258413
0.0283694
0.0304017
0.0316474
0.0323009
0.0327168
0.0332297
0.0337249
0.0332506
0.030591
0.0256449
0.0201923
0.0168625
0.0169704
0.0197699
0.0232858
0.0260094
0.0274393
0.02782
0.0277223
0.0276527
0.0274645
0.0262664
0.0231533
0.0183541
0.0135831
0.0109774
0.0115099
0.0145176
0.0183049
0.0213769
0.0230754
0.0235501
0.0233753
0.0230212
0.0222782
0.0204074
0.0169048
0.0123247
0.00828199
0.00645116
0.0074272
0.0104981
0.0142086
0.0172731
0.0190746
0.0196724
0.0194982
0.018876
0.0176087
0.0152175
0.0115801
0.00743957
0.00420903
0.00311953
0.00445543
0.00747694
0.0109412
0.0137898
0.015509
0.0161054
0.0158544
0.0149328
0.0132128
0.0105037
0.00699847
0.00350873
0.00117437
0.000803108
0.00241859
0.00528938
0.00838541
0.010873
0.012351
0.0127997
0.0123753
0.0111654
0.00915045
0.00639932
0.00331974
0.000685039
-0.000678368
-0.00034554
0.00149654
0.00415787
0.00681988
0.00886611
0.0100118
0.0102375
0.00963253
0.00825948
0.00619598
0.00367234
0.00117428
-0.000642108
-0.00123072
-0.000435674
0.00144249
0.00379317
0.00598358
0.00757052
0.00836205
0.00834617
0.00758628
0.00613479
0.00413974
0.00184627
-0.000193406
-0.00161527
-0.00172925
-0.00117086
0.000991804
0.0017729
0.00533418
0.0024869
0.0095829
-0.00391489
0.0181487
0.100144
0.0992389
0.096171
0.0915233
0.0847372
0.0753015
0.0629451
0.0472542
0.0288514
0.00860072
-0.0110568
-0.0270016
-0.0386889
-0.0454602
-0.0467943
-0.0426663
-0.0340386
-0.0228773
-0.0109014
0.000638508
0.0108639
0.0192
0.0250314
0.0278365
0.0277236
0.0259813
0.0245476
0.0246206
0.0261245
0.0283219
0.0305972
0.0326709
0.0345694
0.0364151
0.0382853
0.0399256
0.0404422
0.03878
0.0348751
0.0302975
0.0272248
0.0266423
0.0279631
0.0298793
0.0314805
0.0324783
0.0330208
0.0334249
0.033966
0.034484
0.0341202
0.0318295
0.0275659
0.0228908
0.0200101
0.0199813
0.0221461
0.0249117
0.0270573
0.0281715
0.0284523
0.028365
0.0283167
0.0281892
0.0272315
0.0246402
0.0205445
0.0163704
0.0139716
0.0142479
0.0166723
0.0197869
0.0222982
0.0236442
0.0239576
0.0237302
0.0233766
0.022761
0.0212606
0.0183805
0.0144965
0.0109407
0.00918091
0.00981313
0.0122936
0.0153785
0.0179292
0.0193841
0.0197878
0.0195312
0.0189373
0.0178857
0.0159558
0.0129623
0.00944787
0.00658714
0.00547376
0.00642574
0.00886971
0.0117492
0.0141271
0.0155252
0.0159358
0.0156183
0.0147796
0.0133508
0.0111474
0.0082549
0.00528915
0.00320223
0.00272521
0.00393892
0.00626608
0.00883363
0.0109061
0.0121097
0.0124154
0.011976
0.0109138
0.00923878
0.0069865
0.0044406
0.00220343
0.000967293
0.00112813
0.00257321
0.00474883
0.00696233
0.0086712
0.00961019
0.00975434
0.0091947
0.00801691
0.00630145
0.00422406
0.00215352
0.000611461
5.70226e-05
0.000647572
0.00216027
0.00409813
0.00592555
0.00725249
0.00789999
0.00785217
0.0071755
0.00593413
0.00426455
0.0023506
0.000644809
-0.000597113
-0.00073611
-0.000400862
0.00142127
0.00184839
0.00506837
0.00213454
0.00886019
-0.00381446
0.0165771
0.0985526
0.0975988
0.0943642
0.0895319
0.0825843
0.0731216
0.0609772
0.045932
0.0285958
0.00988391
-0.00823019
-0.0232361
-0.0343382
-0.0408417
-0.0423
-0.038808
-0.0312671
-0.0213309
-0.0105031
7.71827e-05
0.00959025
0.0174728
0.0231722
0.026271
0.0268885
0.026069
0.0253437
0.0257019
0.0271567
0.0291719
0.0312497
0.0331454
0.0348786
0.0365647
0.0382711
0.0397563
0.0402545
0.0388929
0.0356368
0.0317842
0.0291105
0.0284646
0.0294215
0.0309391
0.0322367
0.0330383
0.0334649
0.0338082
0.0343167
0.0348248
0.0345543
0.0325853
0.0288871
0.0248219
0.0222687
0.0221192
0.0238174
0.026045
0.0277719
0.0286403
0.0288203
0.0287192
0.0286863
0.0286138
0.0278349
0.0256144
0.0220251
0.0183037
0.0160978
0.0162305
0.0182439
0.0208572
0.0229358
0.0240001
0.0241811
0.0239163
0.0235729
0.0230541
0.0218161
0.0193793
0.0160015
0.012813
0.0111275
0.0115347
0.0136004
0.0162272
0.0183858
0.0195669
0.0198186
0.0195058
0.0189395
0.0180441
0.0164426
0.0139145
0.0108637
0.0082868
0.00716934
0.00785092
0.00987666
0.012325
0.0143475
0.015498
0.0157667
0.015404
0.0146299
0.0134122
0.011573
0.00912774
0.00655316
0.00466033
0.00411543
0.00503861
0.00696524
0.00913864
0.0108978
0.0118926
0.0120911
0.0116439
0.0106922
0.00926448
0.0073743
0.00522003
0.00328113
0.00214825
0.00219038
0.0033459
0.00516133
0.00703845
0.00849222
0.00927498
0.00935924
0.00883593
0.00780317
0.00634193
0.00459018
0.00283471
0.0014996
0.000977679
0.00142336
0.00266813
0.00429892
0.00585347
0.00698382
0.00752296
0.00745279
0.00684006
0.00575433
0.00432291
0.00268661
0.00122752
0.000122299
-2.99128e-05
0.000145934
0.0017146
0.00188496
0.00483141
0.00187294
0.00823108
-0.00363015
0.015088
0.0973438
0.096356
0.0930053
0.0880483
0.0809986
0.0715377
0.0595713
0.0450096
0.0284483
0.0108157
-0.00620706
-0.0205057
-0.0311501
-0.0374303
-0.0389675
-0.0359364
-0.0291877
-0.0201546
-0.0101794
-0.000313545
0.00867049
0.0162191
0.0218215
0.0251208
0.0262344
0.0260421
0.02581
0.0263868
0.0278345
0.0297406
0.0316849
0.0334501
0.0350561
0.0366174
0.0381988
0.039569
0.0400477
0.0388828
0.0360561
0.0326897
0.0303028
0.0296482
0.0303903
0.0316532
0.0327438
0.0334003
0.0337299
0.034009
0.0344709
0.0349572
0.0347538
0.0330264
0.0297398
0.0261011
0.0237666
0.0235317
0.0249231
0.0267955
0.0282381
0.0289272
0.0290186
0.0288895
0.028859
0.0288283
0.0281822
0.0262279
0.0230006
0.0196085
0.0175532
0.0175987
0.019328
0.0215859
0.0233519
0.0242061
0.0242831
0.0239883
0.0236572
0.0232119
0.0221566
0.0200224
0.0169921
0.0140633
0.0124447
0.0127157
0.0145051
0.0168129
0.0186872
0.0196636
0.019801
0.0194503
0.0189092
0.0181244
0.016746
0.0145338
0.0118014
0.00942523
0.00831471
0.00882085
0.0105643
0.0127144
0.0144841
0.015454
0.0156196
0.0152281
0.0145033
0.0134327
0.011841
0.00969963
0.00739422
0.0056392
0.00505393
0.00578252
0.00743453
0.00933361
0.0108712
0.0117169
0.0118397
0.0113903
0.0105187
0.00926268
0.00761982
0.00573276
0.00399942
0.00294089
0.00290528
0.00386364
0.00542992
0.00707155
0.00834495
0.00901707
0.00906042
0.00856561
0.00763639
0.00635186
0.00482381
0.00328442
0.0020924
0.00159509
0.00194323
0.00300382
0.00442095
0.0057837
0.00677493
0.00723779
0.00715347
0.00658815
0.0056128
0.00434697
0.00290188
0.00161246
0.00060197
0.000441949
0.000509605
0.00190122
0.00189683
0.00463986
0.00168991
0.00773125
-0.00343402
0.0138442
0.096531
0.0955218
0.0920978
0.0870644
0.0799553
0.0705055
0.0586655
0.0444248
0.0283671
0.0114189
-0.00491125
-0.0187491
-0.0291028
-0.0352582
-0.0368667
-0.0341358
-0.0278825
-0.0194148
-0.00998028
-0.000573785
0.00806678
0.0154001
0.0209413
0.0243669
0.0257884
0.0259853
0.026065
0.0267902
0.0282462
0.0300909
0.0319516
0.0336308
0.0351507
0.0366273
0.0381244
0.039419
0.0398833
0.0388378
0.0362739
0.0332079
0.0310059
0.0303605
0.0309839
0.0320954
0.033056
0.033616
0.0338773
0.0341092
0.034535
0.0350019
0.0348357
0.0332543
0.0302203
0.0268468
0.0246541
0.0243794
0.0255936
0.0272533
0.0285193
0.0290906
0.0291173
0.0289618
0.0289275
0.0289224
0.0283632
0.026583
0.0235913
0.0204131
0.0184567
0.0184499
0.0200025
0.0220357
0.0236003
0.0243151
0.0243195
0.0240019
0.023679
0.0232829
0.0223451
0.0204026
0.0175929
0.0148315
0.0132626
0.0134566
0.0150769
0.0171819
0.0188698
0.0197084
0.019768
0.0193927
0.0188701
0.0181566
0.0169174
0.0149009
0.0123674
0.0101195
0.00901949
0.00942342
0.0109945
0.0129571
0.0145634
0.0154137
0.0155107
0.0151017
0.0144106
0.013433
0.0119944
0.0100399
0.00790144
0.00623445
0.00562855
0.0062407
0.00772332
0.00944998
0.0108456
0.0115942
0.0116681
0.0112185
0.0103991
0.00925131
0.00776151
0.00603905
0.00443307
0.00342239
0.00334137
0.00417975
0.0055913
0.00708441
0.00824241
0.00884308
0.00886033
0.00838477
0.00752204
0.0063487
0.00495969
0.00355407
0.00245111
0.0019704
0.00225974
0.00320693
0.00449058
0.00573194
0.00663409
0.0070478
0.00695463
0.00642019
0.00551515
0.00435335
0.00302728
0.00184323
0.000891942
0.000727967
0.000729924
0.00201076
0.00189967
0.00450757
0.00157703
0.00738513
-0.00327494
0.012958
0.0961223
0.0951031
0.0916435
0.0865739
0.0794377
0.0699965
0.0582224
0.044142
0.028333
0.0117181
-0.00427371
-0.0178801
-0.0280841
-0.0341706
-0.0358092
-0.033225
-0.0272185
-0.0190352
-0.00987343
-0.000697992
0.00777108
0.0149977
0.020509
0.0239958
0.0255656
0.0259488
0.0261789
0.0269777
0.0284402
0.0302566
0.0320764
0.0337121
0.035188
0.0366219
0.0380775
0.0393364
0.0397951
0.0388079
0.03637
0.0334477
0.0313351
0.0306968
0.031266
0.0323057
0.0332026
0.0337137
0.0339392
0.0341464
0.0345542
0.0350118
0.0348638
0.0333522
0.030439
0.0271921
0.0250678
0.0247775
0.0259096
0.0274688
0.0286494
0.0291616
0.029154
0.0289835
0.0289472
0.0289565
0.0284416
0.0267468
0.0238696
0.0207957
0.018888
0.0188569
0.0203242
0.0222482
0.0237137
0.0243585
0.0243247
0.0239943
0.0236756
0.0233057
0.0224279
0.0205817
0.0178821
0.0152045
0.0136609
0.0138182
0.0153557
0.0173601
0.0189544
0.0197226
0.0197417
0.0193536
0.0188408
0.0181638
0.016994
0.0150741
0.0126385
0.0104542
0.00936029
0.00971577
0.0112034
0.0130742
0.0145991
0.0153889
0.015451
0.0150333
0.0143596
0.0134285
0.0120645
0.0102007
0.00814292
0.00651876
0.0059034
0.0064601
0.00786104
0.00950382
0.0108297
0.0115301
0.0115798
0.011131
0.010338
0.00924344
0.00782771
0.00618419
0.00463904
0.00365111
0.00354822
0.00432921
0.00566604
0.00708701
0.00818865
0.00875439
0.00875926
0.00829406
0.00746463
0.00634583
0.00502399
0.00368236
0.00262164
0.00214844
0.00240925
0.00330174
0.00452074
0.00570308
0.0065618
0.00695171
0.00685479
0.00633637
0.00546641
0.00435556
0.00308694
0.00195325
0.00102973
0.000863449
0.000833168
0.00206066
0.00189737
0.00443981
0.0015191
0.00721113
-0.00319813
0.0125113
-0.716642
-0.380751
-0.249611
-0.716642
-0.380753
-0.582095
-0.592107
-0.711452
-0.582094
-0.592108
0.0607201
0.404853
0.270279
0.312852
0.0607188
0.404853
0.270278
-0.224717
-0.576665
-0.576665
-0.592191
-0.552265
-0.574532
-0.562744
-0.592192
-0.552264
-0.574532
0.499822
0.427654
0.499822
-0.556647
-0.469569
-0.556647
-0.46957
0.453884
0.503515
0.453884
-0.43712
-0.354273
-0.437121
-0.354275
0.347087
0.363196
0.164116
0.442075
0.347087
0.363196
0.164115
-0.0776231
-0.0776255
-0.318497
-0.318498
-0.330162
-0.313441
-0.300963
-0.32758
-0.330163
-0.313443
-0.300964
-0.106348
-0.445288
-0.217657
-0.106349
-0.445287
-0.326644
-0.417212
-0.317504
-0.326645
-0.417211
-0.317505
-0.452053
-0.281633
-0.549803
-0.214811
-0.452053
-0.281633
-0.549804
-0.52971
-0.668236
-0.58139
-0.531639
-0.529711
-0.668234
-0.581391
0.0427103
0.237338
0.0454106
0.159438
0.0427101
0.237337
0.0454097
-0.697114
-0.712678
-0.675811
-0.746294
-0.677145
-0.746642
-0.696624
-0.602035
-0.566465
-0.596649
-0.564842
-0.602035
-0.566466
-0.596649
-0.216155
-0.552824
-0.563754
-0.549775
-0.570435
-0.549808
-0.570367
-0.552765
-0.502956
-0.527567
-0.527099
-0.503405
-0.390063
-0.416711
-0.416574
-0.390118
-0.332565
-0.328009
-0.345502
-0.321
-0.345442
-0.320572
-0.332729
0.147971
0.227972
0.142098
0.297347
0.14797
0.227972
0.142098
-0.345924
-0.215294
-0.129105
-0.131394
-0.349124
-0.281233
-0.297591
-0.254298
-0.308837
-0.281234
-0.297591
-0.2543
-0.330169
-0.0835566
-0.257477
-0.131154
-0.33017
-0.0835567
-0.257477
-0.310284
-0.308476
-0.286697
-0.394437
-0.310284
-0.308476
-0.286698
-0.575429
-0.718898
-0.55393
-0.749885
-0.55521
-0.751309
-0.574835
-0.556486
-0.378055
-0.284649
-0.28716
-0.560611
-0.575431
-0.718898
-0.553933
-0.749885
-0.555213
-0.751308
-0.574838
-0.556487
-0.378057
-0.284651
-0.287162
-0.560612
-0.611157
-0.592313
-0.58699
-0.587479
-0.611249
-0.697114
-0.712679
-0.67581
-0.746295
-0.677145
-0.746642
-0.696624
-0.611158
-0.592314
-0.586991
-0.58748
-0.611249
0.299136
0.059513
0.223277
0.0459418
0.222452
0.0439981
0.301005
0.35265
0.291426
0.151405
0.417988
0.11868
0.422553
0.355505
0.299135
0.0595121
0.223276
0.045941
0.222452
0.0439976
0.301004
0.35265
0.291425
0.151404
0.417988
0.11868
0.422552
0.355504
-0.216157
-0.576901
-0.576902
-0.545641
-0.54792
-0.562585
-0.528292
-0.566225
-0.527888
-0.544906
-0.552826
-0.563755
-0.549775
-0.570436
-0.549809
-0.570369
-0.552765
-0.545642
-0.547921
-0.562585
-0.528292
-0.566226
-0.52789
-0.544906
0.529042
0.451836
0.455366
0.526741
0.57492
0.60277
0.603942
0.573363
0.529041
0.451835
0.455365
0.52674
0.57492
0.60277
0.603942
0.573363
-0.47722
-0.447365
-0.447155
-0.477542
-0.502957
-0.527567
-0.5271
-0.503406
-0.477222
-0.447367
-0.447157
-0.477543
0.593974
0.609226
0.610355
0.592571
0.560028
0.495928
0.499022
0.558023
0.593974
0.609226
0.610355
0.592571
0.560028
0.495927
0.499022
0.558023
-0.368634
-0.352748
-0.35277
-0.368632
-0.390065
-0.416713
-0.416576
-0.39012
-0.368636
-0.35275
-0.352772
-0.368634
0.41005
0.365952
0.468524
0.24065
0.472527
0.211856
0.412614
0.363798
0.162651
0.147954
0.297529
0.146361
0.296853
0.365375
0.410049
0.365951
0.468523
0.240649
0.472527
0.211856
0.412613
0.363797
0.16265
0.147954
0.297529
0.146361
0.296853
0.365375
-0.0702906
-0.0702925
-0.318453
-0.318455
-0.32396
-0.313428
-0.316597
-0.313239
-0.316361
-0.313295
-0.324034
-0.332568
-0.328011
-0.345503
-0.321002
-0.345445
-0.320574
-0.332731
-0.323963
-0.31343
-0.316599
-0.31324
-0.316362
-0.313297
-0.324036
-0.341531
-0.447014
-0.468752
-0.329898
-0.470049
-0.330952
-0.340682
-0.345925
-0.215296
-0.129108
-0.131395
-0.349126
-0.341533
-0.447014
-0.468752
-0.3299
-0.470049
-0.330954
-0.340684
-0.340488
-0.326604
-0.324814
-0.32493
-0.340674
-0.401299
-0.418142
-0.442374
-0.387907
-0.442723
-0.388815
-0.401077
-0.340489
-0.326606
-0.324815
-0.324932
-0.340674
-0.4013
-0.418142
-0.442374
-0.387907
-0.442723
-0.388816
-0.401078
-0.55698
-0.250744
-0.489111
-0.274855
-0.489077
-0.277465
-0.558288
0.31812
0.301695
0.366881
0.270041
0.31812
0.301695
0.366881
-0.66621
-0.640085
-0.683455
-0.661756
-0.66621
-0.640085
-0.683455
0.40572
0.338434
0.428684
0.323671
0.405719
0.338434
0.428684
0.535786
0.429009
0.505286
0.468586
0.506884
0.469758
0.534467
-0.610521
-0.521641
-0.553347
-0.588468
-0.610522
-0.521641
-0.553348
0.434001
0.336276
0.421383
0.342471
0.434
0.336276
0.421383
0.575315
0.50466
0.580888
0.498466
0.582107
0.499633
0.574076
-0.469648
-0.385627
-0.38493
-0.44786
-0.469648
-0.385627
-0.38493
0.392891
0.29786
0.353292
0.321844
0.392891
0.29786
0.353292
-0.346025
-0.305462
-0.28579
-0.339713
-0.346025
-0.305463
-0.28579
-0.308881
-0.308778
-0.307753
-0.308836
-0.307925
-0.296598
-0.296375
-0.55698
-0.250745
-0.489111
-0.274856
-0.489077
-0.277466
-0.558288
-0.615046
-0.582655
-0.600765
-0.607794
-0.601123
-0.607925
-0.614704
-0.615046
-0.582655
-0.600766
-0.607795
-0.601124
-0.607926
-0.614704
0.563176
0.500978
0.48707
0.576776
0.488275
0.578001
0.561916
0.535786
0.429008
0.505286
0.468586
0.506884
0.469757
0.534467
0.563176
0.500978
0.48707
0.576776
0.488274
0.578001
0.561916
-0.503793
-0.556242
-0.522342
-0.529241
-0.521714
-0.528952
-0.504228
-0.476317
-0.469357
-0.497714
-0.449882
-0.497458
-0.449656
-0.476631
-0.503794
-0.556243
-0.522341
-0.529241
-0.521716
-0.528953
-0.504228
-0.476318
-0.469359
-0.497715
-0.449884
-0.497459
-0.449658
-0.476632
0.555923
0.455159
0.487004
0.532945
0.488121
0.534468
0.554645
0.575315
0.50466
0.580887
0.498466
0.582107
0.499633
0.574077
0.555923
0.455159
0.487005
0.532946
0.488121
0.534468
0.554645
-0.397467
-0.436956
-0.421849
-0.407619
-0.421701
-0.40751
-0.397529
-0.374969
-0.354324
-0.383396
-0.359957
-0.383366
-0.360041
-0.374922
-0.397469
-0.436958
-0.421851
-0.40762
-0.421703
-0.407512
-0.39753
-0.37497
-0.354327
-0.383397
-0.359956
-0.383368
-0.360043
-0.374924
-0.344209
-0.107258
-0.125348
-0.295607
-0.127476
-0.295482
-0.345126
-0.344209
-0.107259
-0.125349
-0.295608
-0.127477
-0.295483
-0.345127
-0.343188
-0.317764
-0.331153
-0.332348
-0.331233
-0.332872
-0.343173
-0.343188
-0.317766
-0.331154
-0.332348
-0.331234
-0.332874
-0.343174
0.0393827
0.0250552
0.165449
0.0203147
0.164607
0.103966
0.104613
0.0393818
0.025055
0.165448
0.020314
0.164606
0.103966
0.104613
-0.56696
-0.564756
-0.556763
-0.565249
-0.556777
-0.548626
-0.548516
-0.566962
-0.564756
-0.556764
-0.565251
-0.556778
-0.548628
-0.548517
0.142547
0.247119
0.131831
0.246393
0.127599
0.191725
0.192286
0.142546
0.247118
0.131831
0.246392
0.127598
0.191724
0.192286
-0.308882
-0.308779
-0.307754
-0.308838
-0.307927
-0.296601
-0.296376
-0.000738564
0.111661
0.0154587
0.0638247
-0.000738669
0.111661
0.0154584
-0.529113
-0.539194
-0.592805
-0.489324
-0.529112
-0.539194
-0.592805
0.231328
0.241501
0.269324
0.20138
0.231328
0.241501
0.269324
-0.633745
-0.662593
-0.687512
-0.650349
-0.633745
-0.662593
-0.687512
0.312235
0.241068
0.281297
0.275981
0.312235
0.241068
0.281297
-0.282905
-0.260435
-0.236011
-0.279703
-0.282905
-0.260437
-0.236012
0.116409
0.140422
0.100837
0.186672
0.116409
0.140422
0.100837
-0.269895
-0.262739
-0.223435
-0.279821
-0.269896
-0.262739
-0.223435
)
;

boundaryField
{
    inlet
    {
        type            zeroGradient;
    }
    outlet
    {
        type            fixedValue;
        value           uniform 0;
    }
    top
    {
        type            symmetryPlane;
    }
    bottom
    {
        type            symmetryPlane;
    }
    front
    {
        type            symmetryPlane;
    }
    back
    {
        type            symmetryPlane;
    }
    cylinder
    {
        type            zeroGradient;
    }
}


// ************************************************************************* //
