/*--------------------------------*- C++ -*----------------------------------*\
  =========                 |
  \\      /  F ield         | OpenFOAM: The Open Source CFD Toolbox
   \\    /   O peration     | Website:  https://openfoam.org
    \\  /    A nd           | Version:  11
     \\/     M anipulation  |
\*---------------------------------------------------------------------------*/
FoamFile
{
    format      ascii;
    class       volScalarField;
    location    "5.5207";
    object      p;
}
// * * * * * * * * * * * * * * * * * * * * * * * * * * * * * * * * * * * * * //

dimensions      [0 2 -2 0 0 0 0];

internalField   nonuniform List<scalar> 
7132
(
0.0508909
0.0494376
0.0445344
0.0373507
0.0272753
0.0139693
-0.00270944
-0.0228486
-0.0460509
-0.0715178
-0.0980274
-0.1239
-0.148236
-0.170218
-0.189291
-0.205194
-0.217764
-0.226926
-0.232641
-0.234883
-0.233662
-0.229054
-0.221242
-0.210549
-0.197438
-0.182497
-0.166379
-0.14975
-0.13322
-0.1173
-0.102378
-0.0887104
-0.0764341
-0.0655891
-0.0561404
-0.0480021
-0.0410574
-0.035175
-0.0302202
-0.0260634
-0.0225845
-0.0196759
-0.0172426
-0.0152031
-0.013488
-0.0120388
-0.0108072
-0.00975341
-0.00884506
-0.00805599
-0.00736517
-0.00675585
-0.00621465
-0.00573092
-0.00529612
-0.00490335
-0.00454701
-0.00422244
-0.00392575
-0.00365364
-0.00340328
-0.00317221
-0.00295831
-0.00275973
-0.00257487
-0.00240233
-0.00224091
-0.0020896
-0.00194749
-0.00181383
-0.00168798
-0.00156938
-0.00145754
-0.00135205
-0.00125252
-0.00115864
-0.00107011
-0.000986655
-0.000908035
-0.000834031
-0.00076444
-0.000699081
-0.000637791
-0.000580419
-0.000526833
-0.000476909
-0.000430532
-0.000387591
-0.000347962
-0.000311494
-0.000277983
-0.000247152
-0.000218646
-0.000192049
-0.000166953
-0.000143057
-0.000120284
-9.88444e-05
-7.92038e-05
-6.19241e-05
-4.74378e-05
-3.58647e-05
-2.6969e-05
-2.02747e-05
-1.52574e-05
-1.14949e-05
-8.70485e-06
-6.69345e-06
-5.28469e-06
-4.2924e-06
-3.54202e-06
-2.90761e-06
-2.32931e-06
-1.80058e-06
-1.33941e-06
-9.6268e-07
-6.74237e-07
-4.65011e-07
-3.19197e-07
-2.20017e-07
-1.53211e-07
-1.07922e-07
-7.65968e-08
-5.41989e-08
-3.76595e-08
-2.51197e-08
-1.5577e-08
-8.3656e-09
-3.08153e-09
6.88122e-10
3.24286e-09
4.92815e-09
5.95909e-09
6.57718e-09
6.88354e-09
7.01684e-09
6.99476e-09
6.89926e-09
6.71166e-09
6.49486e-09
6.21866e-09
5.94001e-09
5.62271e-09
5.31955e-09
4.98917e-09
4.68145e-09
4.35128e-09
4.04789e-09
3.72308e-09
3.42811e-09
3.10976e-09
2.82613e-09
2.51194e-09
2.24562e-09
1.92337e-09
1.69658e-09
1.34075e-09
1.14257e-09
8.80422e-10
3.77059e-10
0.0514704
0.0500296
0.0451701
0.0380334
0.0279983
0.0146992
-0.00203052
-0.0223154
-0.0457564
-0.0715485
-0.098395
-0.124498
-0.148996
-0.171069
-0.190179
-0.206089
-0.218653
-0.227806
-0.233512
-0.235744
-0.234505
-0.229859
-0.221982
-0.211195
-0.197964
-0.182882
-0.166618
-0.149848
-0.133194
-0.117174
-0.102178
-0.0884615
-0.0761598
-0.065308
-0.0558664
-0.0477446
-0.0408224
-0.0349652
-0.0300365
-0.0259049
-0.0224496
-0.0195622
-0.0171477
-0.0151245
-0.0134232
-0.0119856
-0.0107637
-0.00971786
-0.00881594
-0.00803204
-0.00734536
-0.00673933
-0.00620076
-0.00571912
-0.005286
-0.0048946
-0.00453938
-0.00421575
-0.00391986
-0.00364844
-0.00339867
-0.00316811
-0.00295467
-0.00275648
-0.00257196
-0.00239971
-0.00223855
-0.00208745
-0.00194553
-0.00181203
-0.00168632
-0.00156783
-0.00145609
-0.00135068
-0.00125124
-0.00115742
-0.00106895
-0.000985551
-0.000906981
-0.00083302
-0.000763468
-0.000698144
-0.000636883
-0.000579537
-0.000525972
-0.000476067
-0.000429709
-0.000386788
-0.000347184
-0.000310748
-0.00027728
-0.000246503
-0.00021806
-0.000191529
-0.000166495
-0.000142649
-0.000119907
-9.84817e-05
-7.88437e-05
-6.15653e-05
-4.709e-05
-3.55436e-05
-2.66894e-05
-2.00437e-05
-1.50721e-05
-1.13448e-05
-8.57712e-06
-6.57834e-06
-5.17797e-06
-4.19482e-06
-3.45694e-06
-2.83847e-06
-2.27793e-06
-1.76667e-06
-1.32075e-06
-9.55738e-07
-6.74952e-07
-4.69549e-07
-3.24555e-07
-2.24328e-07
-1.55722e-07
-1.08704e-07
-7.6167e-08
-5.31721e-08
-3.65371e-08
-2.41986e-08
-1.49667e-08
-8.04186e-09
-2.96115e-09
6.99769e-10
3.21563e-09
4.90426e-09
5.95146e-09
6.58589e-09
6.89922e-09
7.03365e-09
7.00671e-09
6.90687e-09
6.71423e-09
6.4957e-09
6.21755e-09
5.93952e-09
5.62149e-09
5.31932e-09
4.98812e-09
4.68123e-09
4.35012e-09
4.04754e-09
3.72181e-09
3.42769e-09
3.10844e-09
2.82588e-09
2.51045e-09
2.2458e-09
1.92087e-09
1.69848e-09
1.33291e-09
1.15328e-09
8.45099e-10
4.40373e-10
0.052624
0.0512095
0.0464393
0.0394013
0.0294524
0.0161732
-0.000653085
-0.0212298
-0.0451544
-0.0716153
-0.0991527
-0.125717
-0.150536
-0.172788
-0.191965
-0.207885
-0.220433
-0.229568
-0.23526
-0.237477
-0.236204
-0.231486
-0.223483
-0.212507
-0.199031
-0.183665
-0.167103
-0.150047
-0.133141
-0.116917
-0.101772
-0.0879587
-0.0756067
-0.064742
-0.0553154
-0.0472278
-0.0403511
-0.0345451
-0.0296688
-0.025588
-0.0221799
-0.0193351
-0.0169582
-0.0149675
-0.0132939
-0.0118796
-0.010677
-0.0096469
-0.00875781
-0.00798423
-0.0073058
-0.00670635
-0.00617302
-0.00569556
-0.00526581
-0.00487714
-0.00452417
-0.00420242
-0.00390812
-0.00363807
-0.00338948
-0.00315996
-0.00294741
-0.00275001
-0.00256616
-0.0023945
-0.00223385
-0.00208318
-0.00194163
-0.00180845
-0.001683
-0.00156475
-0.00145321
-0.00134798
-0.00124868
-0.00115501
-0.00106666
-0.000983373
-0.000904903
-0.000831032
-0.00076156
-0.000696307
-0.000635108
-0.000577816
-0.000524299
-0.000474437
-0.00042812
-0.000385244
-0.000345695
-0.000309335
-0.000275969
-0.000245325
-0.000217039
-0.000190678
-0.000165805
-0.000142088
-0.000119423
-9.8016e-05
-7.83469e-05
-6.10123e-05
-4.64858e-05
-3.49188e-05
-2.60857e-05
-1.94986e-05
-1.46082e-05
-1.09679e-05
-8.28016e-06
-6.34865e-06
-5.0022e-06
-4.06118e-06
-3.3554e-06
-2.76064e-06
-2.21729e-06
-1.71897e-06
-1.28359e-06
-9.2784e-07
-6.55201e-07
-4.56506e-07
-3.16466e-07
-2.19448e-07
-1.5264e-07
-1.06481e-07
-7.43051e-08
-5.14821e-08
-3.50032e-08
-2.28685e-08
-1.38866e-08
-7.2251e-09
-2.38599e-09
1.08046e-09
3.45653e-09
5.05591e-09
6.05103e-09
6.65751e-09
6.95474e-09
7.0786e-09
7.04227e-09
6.93425e-09
6.73397e-09
6.5097e-09
6.22694e-09
5.94618e-09
5.62601e-09
5.32287e-09
4.99062e-09
4.68337e-09
4.35155e-09
4.04886e-09
3.72257e-09
3.42858e-09
3.10874e-09
2.82664e-09
2.51007e-09
2.24705e-09
1.91821e-09
1.70269e-09
1.32007e-09
1.17357e-09
7.82197e-10
5.53805e-10
0.0543416
0.0529687
0.0483391
0.0414597
0.0316538
0.0184202
0.00146205
-0.019553
-0.0442206
-0.0717335
-0.100351
-0.127609
-0.152904
-0.175412
-0.194677
-0.210603
-0.22312
-0.232223
-0.237893
-0.240087
-0.238765
-0.233941
-0.225747
-0.214486
-0.200639
-0.184842
-0.167826
-0.150336
-0.133048
-0.116517
-0.101147
-0.0871907
-0.0747655
-0.063884
-0.0544824
-0.0464479
-0.0396413
-0.0339134
-0.0291166
-0.0251126
-0.0217758
-0.0189952
-0.0166749
-0.0147331
-0.0131011
-0.0117216
-0.0105478
-0.00954138
-0.00867142
-0.0079132
-0.00724704
-0.00665734
-0.00613176
-0.00566048
-0.00523569
-0.00485106
-0.00450142
-0.00418245
-0.00389052
-0.0036225
-0.00337569
-0.00314771
-0.00293651
-0.00274029
-0.00255747
-0.00238669
-0.0022268
-0.00207678
-0.00193578
-0.00180307
-0.00167803
-0.00156012
-0.00144888
-0.00134391
-0.00124484
-0.00115137
-0.00106321
-0.000980086
-0.000901765
-0.000828028
-0.000758675
-0.000693526
-0.000632418
-0.000575205
-0.000521756
-0.000471953
-0.000425693
-0.000382877
-0.000343403
-0.000307143
-0.000273913
-0.000243444
-0.000215369
-0.000189237
-0.00016458
-0.000141037
-0.000118476
-9.70941e-05
-7.7386e-05
-5.99826e-05
-4.54005e-05
-3.38258e-05
-2.50485e-05
-1.85734e-05
-1.38288e-05
-1.03429e-05
-7.79823e-06
-5.98862e-06
-4.7401e-06
-3.87394e-06
-3.22228e-06
-2.66413e-06
-2.14429e-06
-1.66129e-06
-1.23718e-06
-8.91109e-07
-6.27268e-07
-4.36128e-07
-3.01924e-07
-2.08955e-07
-1.44756e-07
-1.00275e-07
-6.92857e-08
-4.74223e-08
-3.17909e-08
-2.04111e-08
-1.20786e-08
-5.94164e-09
-1.50031e-09
1.68512e-09
3.87195e-09
5.34962e-09
6.26497e-09
6.8183e-09
7.07596e-09
7.17017e-09
7.1094e-09
6.98325e-09
6.76829e-09
6.53435e-09
6.24384e-09
5.9587e-09
5.63454e-09
5.32954e-09
4.99495e-09
4.68697e-09
4.35358e-09
4.05077e-09
3.7233e-09
3.42961e-09
3.10863e-09
2.82736e-09
2.5089e-09
2.24836e-09
1.91386e-09
1.70808e-09
1.30224e-09
1.20056e-09
7.0003e-10
7.00604e-10
0.0566065
0.0552931
0.0508635
0.044215
0.0346265
0.0214846
0.00437714
-0.0172217
-0.0429123
-0.0719258
-0.102071
-0.130248
-0.156167
-0.178993
-0.198345
-0.214257
-0.226719
-0.235778
-0.241427
-0.243608
-0.242238
-0.237283
-0.22884
-0.217194
-0.202837
-0.186445
-0.168805
-0.150717
-0.132908
-0.11596
-0.100289
-0.0861418
-0.0736222
-0.0627226
-0.0533587
-0.0453992
-0.0386893
-0.033068
-0.0283794
-0.0244791
-0.0212381
-0.0185436
-0.0162989
-0.0144223
-0.0128456
-0.0115125
-0.010377
-0.00940182
-0.00855717
-0.00781925
-0.00716929
-0.00659245
-0.00607709
-0.00561396
-0.00519572
-0.00481642
-0.00447117
-0.0041559
-0.00386711
-0.0036018
-0.00335734
-0.00313143
-0.00292203
-0.00272737
-0.00254591
-0.00237632
-0.00221743
-0.00206827
-0.00192801
-0.00179592
-0.00167141
-0.00155396
-0.00144312
-0.00133849
-0.00123973
-0.00114653
-0.00105861
-0.000975711
-0.000897591
-0.000824033
-0.000754839
-0.00068983
-0.000628843
-0.000571733
-0.000518372
-0.000468646
-0.000422456
-0.000379714
-0.00034033
-0.000304189
-0.000271123
-0.000240869
-0.000213053
-0.000187204
-0.000162823
-0.000139505
-0.000117089
-9.5756e-05
-7.60174e-05
-5.85451e-05
-4.39082e-05
-3.23371e-05
-2.36419e-05
-1.73202e-05
-1.27744e-05
-9.50128e-06
-7.15816e-06
-5.52372e-06
-4.41694e-06
-3.65721e-06
-3.07817e-06
-2.56365e-06
-2.06652e-06
-1.59452e-06
-1.17743e-06
-8.38896e-07
-5.84129e-07
-4.02583e-07
-2.77061e-07
-1.91014e-07
-1.31875e-07
-9.09225e-08
-6.23699e-08
-4.22183e-08
-2.78322e-08
-1.73943e-08
-9.79972e-09
-4.24747e-09
-2.66041e-10
2.56869e-09
4.49644e-09
5.79047e-09
6.57791e-09
7.04419e-09
7.24087e-09
7.29239e-09
7.19956e-09
7.05003e-09
6.81672e-09
6.56977e-09
6.26901e-09
5.9772e-09
5.6476e-09
5.33945e-09
5.00188e-09
4.69247e-09
4.35728e-09
4.05393e-09
3.72521e-09
3.43152e-09
3.10935e-09
2.82876e-09
2.50824e-09
2.25039e-09
1.90937e-09
1.71482e-09
1.28237e-09
1.23173e-09
6.1078e-10
8.60232e-10
0.0593955
0.0581625
0.0540027
0.0476742
0.0384013
0.0254268
0.0081792
-0.0141445
-0.0411675
-0.0722318
-0.104437
-0.133749
-0.160425
-0.18361
-0.203028
-0.21889
-0.231262
-0.240252
-0.24587
-0.248034
-0.246615
-0.241511
-0.232762
-0.220631
-0.205625
-0.18847
-0.170027
-0.151173
-0.132696
-0.11522
-0.0991711
-0.0847896
-0.0721585
-0.0612438
-0.0519344
-0.0440748
-0.0374909
-0.0320069
-0.027456
-0.0236873
-0.0205674
-0.0179814
-0.0158317
-0.0140369
-0.0125294
-0.0112541
-0.0101662
-0.00922992
-0.00841659
-0.00770373
-0.00707366
-0.00651258
-0.00600968
-0.00555648
-0.00514621
-0.0047734
-0.00443353
-0.00412278
-0.00383787
-0.00357592
-0.0033344
-0.00311106
-0.00290393
-0.00271124
-0.0025315
-0.00236338
-0.00220575
-0.00205767
-0.00191832
-0.00178701
-0.00166316
-0.00154627
-0.00143591
-0.00133171
-0.00123333
-0.00114047
-0.00105285
-0.000970224
-0.000892352
-0.000819018
-0.000750022
-0.000685186
-0.000624347
-0.000567363
-0.000514107
-0.000464468
-0.000418356
-0.00037569
-0.000336395
-0.000300373
-0.000267469
-0.000237431
-0.000209881
-0.000184329
-0.000160244
-0.000137181
-0.000114942
-9.36959e-05
-7.39697e-05
-5.64771e-05
-4.18412e-05
-3.03368e-05
-2.17929e-05
-1.56973e-05
-1.14231e-05
-8.4324e-06
-6.35513e-06
-4.95233e-06
-4.03301e-06
-3.41243e-06
-2.92517e-06
-2.46178e-06
-1.98727e-06
-1.52302e-06
-1.10991e-06
-7.77584e-07
-5.3223e-07
-3.61499e-07
-2.46037e-07
-1.68107e-07
-1.15001e-07
-7.84004e-08
-5.30069e-08
-3.51915e-08
-2.25646e-08
-1.34665e-08
-6.89935e-09
-2.1307e-09
1.26072e-09
3.66228e-09
5.27786e-09
6.35184e-09
6.98374e-09
7.34061e-09
7.45791e-09
7.45214e-09
7.31613e-09
7.13531e-09
6.87809e-09
6.61445e-09
6.30083e-09
6.00058e-09
5.66413e-09
5.35186e-09
5.0105e-09
4.69915e-09
4.36168e-09
4.05754e-09
3.72729e-09
3.43352e-09
3.10996e-09
2.83009e-09
2.50723e-09
2.25235e-09
1.90424e-09
1.72182e-09
1.26156e-09
1.26378e-09
5.23659e-10
1.01515e-09
0.0626767
0.061549
0.0577416
0.0518436
0.0430158
0.0303254
0.0129862
-0.0101913
-0.0388926
-0.0727099
-0.107627
-0.138262
-0.165804
-0.189343
-0.208762
-0.224509
-0.236744
-0.245655
-0.251264
-0.253458
-0.252016
-0.246754
-0.237644
-0.224914
-0.209092
-0.190974
-0.171518
-0.151702
-0.132396
-0.11427
-0.0977636
-0.0831056
-0.07035
-0.0594284
-0.0501954
-0.0424656
-0.0360408
-0.0307274
-0.0263463
-0.0227384
-0.0197656
-0.0173107
-0.0152755
-0.0135788
-0.0121542
-0.0109479
-0.00991678
-0.00902657
-0.00825034
-0.00756707
-0.00696046
-0.00641792
-0.00592969
-0.00548815
-0.00508725
-0.00472209
-0.00438856
-0.00408318
-0.00380288
-0.00354495
-0.00330696
-0.00308672
-0.0028823
-0.00269199
-0.0025143
-0.00234794
-0.00219183
-0.00204502
-0.00190675
-0.00177636
-0.00165329
-0.00153706
-0.00142728
-0.00132358
-0.00122564
-0.00113318
-0.00104593
-0.00096364
-0.000886069
-0.000813004
-0.000744247
-0.000679617
-0.000618955
-0.000562117
-0.000508979
-0.000459436
-0.000413403
-0.00037081
-0.000331595
-0.000295678
-0.000262921
-0.000233081
-0.000205783
-0.000180523
-0.000156741
-0.000133957
-0.00011194
-9.08417e-05
-7.12011e-05
-5.37691e-05
-3.92173e-05
-2.78611e-05
-1.95456e-05
-1.37475e-05
-9.81166e-06
-7.16699e-06
-5.41708e-06
-4.30217e-06
-3.61672e-06
-3.16723e-06
-2.78725e-06
-2.37621e-06
-1.91704e-06
-1.45084e-06
-1.03425e-06
-7.04626e-07
-4.6859e-07
-3.10437e-07
-2.07315e-07
-1.39582e-07
-9.41845e-08
-6.32105e-08
-4.18967e-08
-2.70367e-08
-1.65498e-08
-9.00953e-09
-3.595e-09
3.08869e-10
3.04698e-09
4.95955e-09
6.21349e-09
7.02529e-09
7.4685e-09
7.69151e-09
7.71268e-09
7.63844e-09
7.45209e-09
7.23503e-09
6.9505e-09
6.66744e-09
6.33898e-09
6.02861e-09
5.68419e-09
5.36684e-09
5.02113e-09
4.7073e-09
4.36733e-09
4.06207e-09
3.7302e-09
3.43615e-09
3.11115e-09
2.83188e-09
2.50664e-09
2.25471e-09
1.89948e-09
1.72914e-09
1.24192e-09
1.29478e-09
4.45988e-10
1.15324e-09
0.0664085
0.0654155
0.0620571
0.0567251
0.0485107
0.0362761
0.0189495
-0.00518542
-0.035958
-0.0734573
-0.111904
-0.143985
-0.172467
-0.196328
-0.215653
-0.231191
-0.243205
-0.251987
-0.257574
-0.259806
-0.258381
-0.252977
-0.24347
-0.230042
-0.213242
-0.193953
-0.173261
-0.152276
-0.131969
-0.113068
-0.0960275
-0.0810558
-0.0681697
-0.0572564
-0.0481279
-0.0405625
-0.0343336
-0.0292269
-0.0250493
-0.0216327
-0.018834
-0.0165335
-0.0146327
-0.0130508
-0.0117229
-0.0105969
-0.00963152
-0.00879455
-0.00806094
-0.00741148
-0.00683152
-0.00630993
-0.00583819
-0.00540973
-0.00501934
-0.00466275
-0.00433639
-0.00403711
-0.0037621
-0.00350881
-0.00327492
-0.00305831
-0.00285709
-0.00266957
-0.0024943
-0.00233002
-0.00217567
-0.00203036
-0.00189334
-0.001764
-0.00164182
-0.00152635
-0.00141722
-0.00131409
-0.00121667
-0.00112467
-0.00103785
-0.000955938
-0.000878719
-0.00080597
-0.000737493
-0.000673105
-0.000612645
-0.000555972
-0.000502964
-0.00045352
-0.00040756
-0.000365025
-0.000325867
-0.000290021
-0.000257365
-0.000227672
-0.000200573
-0.000175561
-0.000152059
-0.000129563
-0.000107815
-8.69516e-05
-6.75158e-05
-5.0281e-05
-3.59515e-05
-2.48685e-05
-1.6886e-05
-1.14706e-05
-7.94549e-06
-5.71204e-06
-4.35308e-06
-3.58599e-06
-3.18452e-06
-2.93975e-06
-2.68125e-06
-2.32013e-06
-1.86475e-06
-1.38366e-06
-9.54504e-07
-6.23799e-07
-3.97093e-07
-2.53105e-07
-1.63935e-07
-1.07528e-07
-7.05848e-08
-4.58101e-08
-2.90823e-08
-1.76178e-08
-9.62589e-09
-3.90999e-09
1.59509e-10
3.06305e-09
5.05473e-09
6.41573e-09
7.266e-09
7.7865e-09
8.01959e-09
8.09214e-09
8.00418e-09
7.85139e-09
7.60711e-09
7.34827e-09
7.03253e-09
6.72731e-09
6.38211e-09
6.06024e-09
5.70688e-09
5.38368e-09
5.03308e-09
4.71636e-09
4.37359e-09
4.067e-09
3.73335e-09
3.43889e-09
3.11239e-09
2.83365e-09
2.50601e-09
2.25696e-09
1.89485e-09
1.73605e-09
1.22408e-09
1.3228e-09
3.81023e-10
1.26825e-09
0.070538
0.0697135
0.0669158
0.0623142
0.0549291
0.0433954
0.0262657
0.00112283
-0.0321696
-0.074615
-0.117641
-0.151186
-0.180606
-0.204643
-0.22369
-0.238897
-0.250626
-0.25929
-0.264915
-0.267282
-0.265941
-0.260424
-0.250467
-0.236203
-0.218211
-0.19749
-0.175289
-0.152887
-0.131382
-0.111569
-0.0939139
-0.0785959
-0.0655811
-0.0547003
-0.0457129
-0.0383539
-0.0323635
-0.0275038
-0.0235663
-0.0203732
-0.0177764
-0.015654
-0.0139072
-0.0124565
-0.0112385
-0.0102034
-0.00931218
-0.00853503
-0.00784915
-0.00723742
-0.00668711
-0.00618875
-0.00573526
-0.00532127
-0.00494251
-0.00459547
-0.00427711
-0.00398469
-0.00371567
-0.00346767
-0.00323847
-0.00302602
-0.00282846
-0.00264415
-0.00247164
-0.00230972
-0.00215737
-0.00201374
-0.00187812
-0.00174996
-0.00162877
-0.00151414
-0.00140574
-0.00130326
-0.00120642
-0.00111495
-0.0010286
-0.000947141
-0.000870329
-0.000797947
-0.000729793
-0.000665682
-0.000605453
-0.000548963
-0.000496093
-0.000446746
-0.000400848
-0.00035835
-0.000319214
-0.000283389
-0.000250772
-0.000221152
-0.000194177
-0.000169348
-0.000146089
-0.00012389
-0.000102479
-8.19722e-05
-6.29023e-05
-4.60443e-05
-3.21079e-05
-2.14413e-05
-1.38985e-05
-8.94005e-06
-5.88046e-06
-4.11075e-06
-3.19982e-06
-2.84017e-06
-2.77455e-06
-2.76758e-06
-2.63971e-06
-2.3173e-06
-1.84435e-06
-1.32736e-06
-8.71799e-07
-5.34392e-07
-3.16955e-07
-1.89204e-07
-1.16013e-07
-7.2281e-08
-4.46427e-08
-2.67032e-08
-1.5084e-08
-7.41835e-09
-2.18878e-09
1.54516e-09
4.17797e-09
6.02178e-09
7.22274e-09
7.99602e-09
8.41278e-09
8.61728e-09
8.62082e-09
8.5281e-09
8.32052e-09
8.08185e-09
7.77484e-09
7.4708e-09
7.12159e-09
6.79242e-09
6.42926e-09
6.09482e-09
5.73183e-09
5.40216e-09
5.04635e-09
4.72637e-09
4.38067e-09
4.07251e-09
3.73704e-09
3.44202e-09
3.11402e-09
2.83568e-09
2.50575e-09
2.25935e-09
1.89092e-09
1.7426e-09
1.20894e-09
1.34725e-09
3.29776e-10
1.35917e-09
0.0749984
0.0743806
0.0722697
0.0685929
0.0623074
0.0518121
0.0351728
0.00906512
-0.0272654
-0.0764324
-0.125372
-0.160169
-0.190492
-0.214555
-0.233093
-0.247748
-0.259009
-0.267453
-0.273111
-0.275693
-0.274556
-0.268998
-0.258599
-0.243402
-0.224015
-0.201587
-0.177581
-0.153493
-0.130579
-0.109713
-0.0913681
-0.0756808
-0.0625502
-0.0517362
-0.0429349
-0.0358304
-0.0301254
-0.025556
-0.0218969
-0.0189608
-0.0165946
-0.0146747
-0.0131023
-0.0117995
-0.0107051
-0.00977169
-0.00896314
-0.00825222
-0.0076188
-0.00704822
-0.00652996
-0.00605653
-0.0056225
-0.00522386
-0.00485745
-0.00452058
-0.00421083
-0.00392587
-0.00366344
-0.00342133
-0.00319742
-0.0029897
-0.00279633
-0.00261567
-0.00244632
-0.00228709
-0.00213699
-0.00199523
-0.00186117
-0.00173429
-0.00161418
-0.00150047
-0.00139287
-0.00129109
-0.00119488
-0.001104
-0.00101819
-0.000937234
-0.000860885
-0.000788923
-0.00072114
-0.000657347
-0.000597377
-0.000541089
-0.000488365
-0.00043911
-0.000393259
-0.000350767
-0.000311606
-0.000275738
-0.000243075
-0.00021343
-0.000186477
-0.000161744
-0.000138677
-0.000116786
-9.57968e-05
-7.58096e-05
-5.73261e-05
-4.10825e-05
-2.77567e-05
-1.76706e-05
-1.06698e-05
-6.22434e-06
-3.66208e-06
-2.39427e-06
-1.98339e-06
-2.09309e-06
-2.41964e-06
-2.68493e-06
-2.69275e-06
-2.3896e-06
-1.86856e-06
-1.28793e-06
-7.8893e-07
-4.38773e-07
-2.31153e-07
-1.22031e-07
-6.64799e-08
-3.59712e-08
-1.76708e-08
-6.59209e-09
-2.39908e-10
3.41305e-09
5.69995e-09
7.32372e-09
8.43007e-09
9.14765e-09
9.50893e-09
9.66031e-09
9.62071e-09
9.49354e-09
9.25632e-09
8.98981e-09
8.65601e-09
8.32626e-09
7.95263e-09
7.60051e-09
7.21579e-09
6.86119e-09
6.47908e-09
6.13132e-09
5.75821e-09
5.42165e-09
5.06037e-09
4.73687e-09
4.38811e-09
4.07824e-09
3.74091e-09
3.44521e-09
3.11573e-09
2.83765e-09
2.5056e-09
2.26157e-09
1.8875e-09
1.74841e-09
1.19644e-09
1.36766e-09
2.91022e-10
1.42801e-09
0.0797083
0.0793391
0.0780526
0.0755266
0.0706729
0.0616766
0.0459784
0.019128
-0.0208378
-0.0792456
-0.135926
-0.171417
-0.202292
-0.225935
-0.243649
-0.257616
-0.268368
-0.276654
-0.282466
-0.285424
-0.284615
-0.279095
-0.268215
-0.251915
-0.230847
-0.206351
-0.180169
-0.154067
-0.129497
-0.107423
-0.0883142
-0.0722446
-0.0590252
-0.0483273
-0.0397704
-0.0329795
-0.0276149
-0.0233845
-0.020046
-0.0174025
-0.0152963
-0.013603
-0.0122246
-0.0110854
-0.0101269
-0.00930492
-0.00858641
-0.00794731
-0.00737048
-0.00684406
-0.00636003
-0.00591311
-0.00549972
-0.00511738
-0.0047641
-0.00443812
-0.00413766
-0.00386084
-0.00360567
-0.00337011
-0.0031521
-0.00294966
-0.00276097
-0.00258439
-0.00241854
-0.00226227
-0.00211463
-0.00197491
-0.00184253
-0.00171704
-0.00159808
-0.00148536
-0.00137861
-0.0012776
-0.00118209
-0.00109185
-0.00100665
-0.000926261
-0.000850439
-0.000778957
-0.000711597
-0.000648165
-0.000588487
-0.000532421
-0.000479847
-0.000430679
-0.000384852
-0.00034233
-0.000303091
-0.000267107
-0.000234305
-0.000204528
-0.000177486
-0.000152761
-0.000129852
-0.000108297
-8.78562e-05
-6.86023e-05
-5.09644e-05
-3.56047e-05
-2.31133e-05
-1.37585e-05
-7.37448e-06
-3.45279e-06
-1.38205e-06
-6.25281e-07
-7.5288e-07
-1.39142e-06
-2.16751e-06
-2.73741e-06
-2.87791e-06
-2.56225e-06
-1.95004e-06
-1.26909e-06
-7.05592e-07
-3.3625e-07
-1.40038e-07
-5.27924e-08
-1.67017e-08
3.0389e-10
9.55043e-09
1.39517e-08
1.49679e-08
1.44665e-08
1.37125e-08
1.31857e-08
1.27514e-08
1.23324e-08
1.18428e-08
1.1362e-08
1.08578e-08
1.03922e-08
9.90848e-09
9.46323e-09
8.99964e-09
8.5763e-09
8.13449e-09
7.73317e-09
7.31229e-09
6.93168e-09
6.53029e-09
6.16885e-09
5.78544e-09
5.44175e-09
5.07493e-09
4.74776e-09
4.39593e-09
4.08423e-09
3.74506e-09
3.44859e-09
3.11769e-09
2.83979e-09
2.50576e-09
2.26378e-09
1.88483e-09
1.75361e-09
1.18663e-09
1.38436e-09
2.62903e-10
1.47851e-09
0.0845691
0.0844916
0.0841739
0.0830471
0.0800221
0.0731196
0.0590215
0.031933
-0.0123916
-0.0837327
-0.150235
-0.185322
-0.216683
-0.239523
-0.255824
-0.268587
-0.278462
-0.286449
-0.292469
-0.296015
-0.295861
-0.290606
-0.279323
-0.261814
-0.238782
-0.211823
-0.183039
-0.154552
-0.128057
-0.104617
-0.0846793
-0.0682309
-0.0549665
-0.0444478
-0.0362039
-0.0297923
-0.0248271
-0.020987
-0.0180125
-0.015698
-0.0138824
-0.0124409
-0.0112774
-0.0103186
-0.0095095
-0.00880919
-0.00818833
-0.00762645
-0.00710983
-0.00662984
-0.00618135
-0.0057616
-0.00536916
-0.00500327
-0.00466329
-0.00434842
-0.00405759
-0.00378937
-0.00354203
-0.00331364
-0.00310218
-0.00290567
-0.00272225
-0.00255027
-0.00238834
-0.00223536
-0.00209043
-0.00195292
-0.00182233
-0.00169831
-0.00158056
-0.00146887
-0.00136302
-0.00126281
-0.00116804
-0.00107851
-0.00099398
-0.000914223
-0.000838995
-0.000768058
-0.000701183
-0.000638163
-0.000578817
-0.000522997
-0.000470585
-0.000421497
-0.000375676
-0.000333088
-0.000293716
-0.00025754
-0.000224507
-0.000194491
-0.000167261
-0.000142471
-0.000119707
-9.85703e-05
-7.88283e-05
-6.05527e-05
-4.40776e-05
-2.98918e-05
-1.84599e-05
-9.95669e-06
-4.19319e-06
-7.44187e-07
8.85203e-07
1.1515e-06
4.59304e-07
-7.66403e-07
-2.05118e-06
-2.95622e-06
-3.21928e-06
-2.84941e-06
-2.09326e-06
-1.26991e-06
-6.20042e-07
-2.26922e-07
-4.58033e-08
1.53709e-08
3.04354e-08
3.44845e-08
3.57616e-08
3.41855e-08
3.00923e-08
2.5464e-08
2.16763e-08
1.90231e-08
1.70685e-08
1.55183e-08
1.41755e-08
1.30604e-08
1.20919e-08
1.1289e-08
1.05599e-08
9.93664e-09
9.34362e-09
8.82665e-09
8.31661e-09
7.86595e-09
7.40888e-09
7.0022e-09
6.58155e-09
6.2064e-09
5.81273e-09
5.46187e-09
5.08953e-09
4.75864e-09
4.40378e-09
4.0902e-09
3.74923e-09
3.45194e-09
3.11969e-09
2.84185e-09
2.50605e-09
2.26581e-09
1.88272e-09
1.75804e-09
1.17907e-09
1.39762e-09
2.43085e-10
1.51462e-09
0.0894653
0.0897224
0.0905148
0.0910571
0.0903165
0.0862974
0.0747538
0.0485034
-0.00101774
-0.0908509
-0.170695
-0.20247
-0.232879
-0.254291
-0.269145
-0.280812
-0.28989
-0.29771
-0.304097
-0.308438
-0.309062
-0.304195
-0.292487
-0.273544
-0.24813
-0.218168
-0.186231
-0.154894
-0.12615
-0.101163
-0.0803389
-0.0635349
-0.0502944
-0.0400431
-0.0322021
-0.0262523
-0.021758
-0.0183677
-0.0158058
-0.0138593
-0.0123654
-0.0112003
-0.0102707
-0.00950709
-0.00885838
-0.00828801
-0.00777078
-0.00729028
-0.00683668
-0.00640491
-0.00599307
-0.00560119
-0.00523017
-0.00488113
-0.00455484
-0.00425157
-0.00397093
-0.00371193
-0.00347309
-0.00325255
-0.00304831
-0.00285832
-0.00268069
-0.00251373
-0.00235607
-0.00220661
-0.00206457
-0.00192939
-0.00180067
-0.00167816
-0.00156167
-0.00145105
-0.00134614
-0.00124679
-0.00115283
-0.00106407
-0.000980278
-0.000901229
-0.000826671
-0.000756351
-0.000690026
-0.000627473
-0.000568501
-0.000512954
-0.000460716
-0.000411707
-0.000365874
-0.000323189
-0.00028364
-0.000247214
-0.000213877
-0.00018355
-0.000156073
-0.000131202
-0.000108626
-8.80379e-05
-6.92372e-05
-5.22041e-05
-3.71429e-05
-2.43756e-05
-1.41434e-05
-6.50476e-06
-1.30269e-06
1.77199e-06
3.06134e-06
2.88827e-06
1.62097e-06
-2.42531e-07
-2.08912e-06
-3.35194e-06
-3.71817e-06
-3.24445e-06
-2.28618e-06
-1.27795e-06
-5.23151e-07
-1.06129e-07
5.27114e-08
8.18667e-08
7.39512e-08
6.5781e-08
6.04411e-08
5.36686e-08
4.47435e-08
3.60679e-08
2.93243e-08
2.46402e-08
2.12432e-08
1.86084e-08
1.64386e-08
1.47072e-08
1.32888e-08
1.21598e-08
1.1193e-08
1.03967e-08
9.67768e-09
9.06968e-09
8.49343e-09
7.99487e-09
7.50275e-09
7.07078e-09
6.6315e-09
6.24301e-09
5.83942e-09
5.48155e-09
5.10389e-09
4.76935e-09
4.41157e-09
4.09611e-09
3.75344e-09
3.4553e-09
3.1218e-09
2.84395e-09
2.50658e-09
2.26774e-09
1.88123e-09
1.76185e-09
1.17352e-09
1.40805e-09
2.2954e-10
1.54005e-09
0.0942637
0.0948908
0.0969212
0.0993833
0.101436
0.101202
0.0935561
0.0698652
0.0139311
-0.101267
-0.197669
-0.224845
-0.254534
-0.272856
-0.284596
-0.294043
-0.301679
-0.309198
-0.316195
-0.321708
-0.323632
-0.319593
-0.307639
-0.287148
-0.258955
-0.225415
-0.189713
-0.155011
-0.123672
-0.096966
-0.075216
-0.0581037
-0.0449768
-0.0350953
-0.0277555
-0.0223543
-0.0184037
-0.0155231
-0.0134226
-0.011884
-0.0107442
-0.00988215
-0.00920816
-0.00865687
-0.00818174
-0.00775083
-0.00734366
-0.00694849
-0.00655991
-0.00617699
-0.00580153
-0.0054368
-0.00508634
-0.00475338
-0.00444025
-0.00414831
-0.00387791
-0.00362844
-0.0033986
-0.00318656
-0.00299023
-0.00280746
-0.00263625
-0.00247485
-0.00232187
-0.00217626
-0.00203731
-0.00190458
-0.00177781
-0.00165685
-0.00154164
-0.0014321
-0.00132815
-0.00122968
-0.00113656
-0.00104861
-0.000965614
-0.000887336
-0.000813516
-0.000743884
-0.000678176
-0.000616149
-0.000557599
-0.000502362
-0.000450323
-0.000401404
-0.000355562
-0.000312773
-0.000273031
-0.000236333
-0.000202674
-0.000172027
-0.000144323
-0.00011943
-9.716e-05
-7.72894e-05
-5.963e-05
-4.40854e-05
-3.06601e-05
-1.94159e-05
-1.0397e-05
-3.56085e-06
1.21964e-06
4.08788e-06
5.16568e-06
4.61367e-06
2.76541e-06
2.19312e-07
-2.2345e-06
-3.87133e-06
-4.31948e-06
-3.69612e-06
-2.48793e-06
-1.26539e-06
-3.99126e-07
3.32629e-08
1.57782e-07
1.4694e-07
1.13531e-07
9.38186e-08
8.3245e-08
7.20733e-08
5.86355e-08
4.6061e-08
3.6508e-08
2.99356e-08
2.52014e-08
2.15437e-08
1.8584e-08
1.62641e-08
1.44192e-08
1.29823e-08
1.17912e-08
1.08316e-08
9.99372e-09
9.29968e-09
8.66083e-09
8.11694e-09
7.59166e-09
7.13573e-09
6.67886e-09
6.27772e-09
5.86476e-09
5.50025e-09
5.11757e-09
4.77954e-09
4.41902e-09
4.10176e-09
3.75749e-09
3.4585e-09
3.12387e-09
2.84593e-09
2.50721e-09
2.26948e-09
1.88018e-09
1.76502e-09
1.16948e-09
1.41609e-09
2.20434e-10
1.5578e-09
0.0988165
0.0998411
0.103199
0.107822
0.113169
0.117932
0.116026
0.0988733
0.034569
-0.124213
-0.23856
-0.247804
-0.275749
-0.292568
-0.302031
-0.309116
-0.314772
-0.321478
-0.328651
-0.335302
-0.33852
-0.335607
-0.323676
-0.30174
-0.270618
-0.233131
-0.193192
-0.154693
-0.120457
-0.0918905
-0.0692082
-0.0518682
-0.0389758
-0.0295944
-0.0228762
-0.0181262
-0.0148024
-0.0124967
-0.0109079
-0.00981529
-0.00905817
-0.00851978
-0.00811584
-0.0077868
-0.00749187
-0.00720467
-0.00691013
-0.00660163
-0.00627863
-0.00594466
-0.00560545
-0.00526769
-0.00493766
-0.00462079
-0.00432096
-0.00404063
-0.00378085
-0.00354138
-0.00332103
-0.00311795
-0.00292994
-0.00275472
-0.00259019
-0.00243454
-0.00228637
-0.00214469
-0.00200889
-0.00187866
-0.00175387
-0.0016345
-0.00152061
-0.00141219
-0.00130925
-0.00121172
-0.00111949
-0.0010324
-0.000950249
-0.000872794
-0.000799763
-0.000730865
-0.000665817
-0.000604356
-0.000546261
-0.000491364
-0.00043955
-0.000390749
-0.000344923
-0.000302059
-0.000262157
-0.000225234
-0.000191318
-0.000160445
-0.000132638
-0.000107883
-8.60973e-05
-6.7129e-05
-5.07728e-05
-3.68048e-05
-2.50203e-05
-1.52376e-05
-7.29057e-06
-1.05476e-06
3.51004e-06
6.33802e-06
7.31055e-06
6.42118e-06
3.98309e-06
7.22509e-07
-2.36554e-06
-4.38217e-06
-4.89536e-06
-4.09531e-06
-2.61964e-06
-1.18252e-06
-2.20027e-07
2.06193e-07
2.77875e-07
2.15943e-07
1.52633e-07
1.20597e-07
1.04988e-07
8.96133e-08
7.17244e-08
5.53309e-08
4.31138e-08
3.48073e-08
2.88549e-08
2.42523e-08
2.05568e-08
1.76907e-08
1.54535e-08
1.37348e-08
1.23387e-08
1.12294e-08
1.02828e-08
9.51002e-09
8.81399e-09
8.22866e-09
7.67312e-09
7.19528e-09
6.72236e-09
6.30966e-09
5.88815e-09
5.51754e-09
5.13027e-09
4.78903e-09
4.426e-09
4.10707e-09
3.76135e-09
3.46156e-09
3.12591e-09
2.84781e-09
2.50795e-09
2.27109e-09
1.87955e-09
1.76768e-09
1.16668e-09
1.42227e-09
2.14399e-10
1.57023e-09
0.102964
0.104389
0.109116
0.116006
0.125152
0.135774
0.14235
0.134776
0.0628208
-0.134017
-0.305657
-0.293402
-0.307469
-0.312585
-0.315161
-0.317804
-0.320859
-0.32697
-0.334792
-0.343312
-0.348802
-0.347652
-0.33649
-0.313931
-0.280594
-0.239651
-0.19573
-0.153546
-0.11648
-0.0861264
-0.0626059
-0.0451459
-0.0325937
-0.0238049
-0.0177841
-0.0137449
-0.0110934
-0.00939658
-0.00834463
-0.00771685
-0.00735649
-0.00715255
-0.00702679
-0.00692559
-0.00681409
-0.00667196
-0.00649008
-0.00626739
-0.00600855
-0.00572176
-0.0054169
-0.00510424
-0.00479299
-0.0044908
-0.00420314
-0.00393357
-0.00368379
-0.00345388
-0.00324274
-0.00304845
-0.00286866
-0.00270096
-0.00254313
-0.00239325
-0.00224994
-0.00211225
-0.00197967
-0.00185201
-0.00172926
-0.00161156
-0.00149903
-0.00139178
-0.00128987
-0.00119328
-0.00110194
-0.0010157
-0.000934388
-0.000857745
-0.000785493
-0.000717325
-0.000652936
-0.000592047
-0.000534425
-0.000479897
-0.000428349
-0.000379719
-0.000333977
-0.000291122
-0.000251166
-0.000214151
-0.000180145
-0.000149246
-0.000121561
-9.7164e-05
-7.60502e-05
-5.8094e-05
-4.30436e-05
-3.05447e-05
-2.01894e-05
-1.15807e-05
-4.40665e-06
1.48009e-06
6.0049e-06
8.88531e-06
9.77491e-06
8.52836e-06
5.46805e-06
1.4681e-06
-2.26553e-06
-4.66479e-06
-5.24819e-06
-4.2888e-06
-2.58106e-06
-9.73936e-07
4.10077e-08
4.25962e-07
4.21475e-07
2.95443e-07
1.9598e-07
1.4887e-07
1.26866e-07
1.0669e-07
8.41188e-08
6.39101e-08
4.91441e-08
3.9231e-08
3.21612e-08
2.66896e-08
2.23191e-08
1.89573e-08
1.63683e-08
1.43994e-08
1.28218e-08
1.15804e-08
1.05377e-08
9.69559e-09
8.94919e-09
8.32732e-09
7.74511e-09
7.24796e-09
6.7609e-09
6.33799e-09
5.90896e-09
5.53295e-09
5.14164e-09
4.79755e-09
4.43232e-09
4.11188e-09
3.76489e-09
3.46434e-09
3.12783e-09
2.84954e-09
2.50872e-09
2.27252e-09
1.8792e-09
1.76983e-09
1.16474e-09
1.42694e-09
2.10341e-10
1.57901e-09
0.106544
0.108356
0.114393
0.123601
0.136781
0.154715
0.173253
0.189342
0.103518
-0.123321
-0.338546
-0.301879
-0.319819
-0.322876
-0.321285
-0.322145
-0.323779
-0.329126
-0.336676
-0.345776
-0.352544
-0.353006
-0.343074
-0.320798
-0.286417
-0.243196
-0.196275
-0.151125
-0.111715
-0.079907
-0.0557886
-0.0383856
-0.0263005
-0.0181922
-0.0129207
-0.00961636
-0.0076405
-0.00654196
-0.00600674
-0.00581731
-0.00582323
-0.00592163
-0.00604205
-0.00613986
-0.00618795
-0.00617262
-0.00609044
-0.00594528
-0.00574606
-0.0055047
-0.00523425
-0.00494767
-0.00465649
-0.00437012
-0.00409536
-0.00383678
-0.00359672
-0.00337561
-0.00317254
-0.00298565
-0.00281259
-0.00265091
-0.0024984
-0.00235317
-0.00221386
-0.0020796
-0.00194993
-0.00182473
-0.00170408
-0.00158816
-0.00147716
-0.00137124
-0.00127048
-0.00117493
-0.00108453
-0.000999156
-0.000918644
-0.000842752
-0.000771197
-0.000703667
-0.00063985
-0.000579461
-0.000522263
-0.000468085
-0.00041682
-0.000368411
-0.000322839
-0.000280114
-0.000240266
-0.000203361
-0.000169505
-0.000138844
-0.000111539
-8.77117e-05
-6.73824e-05
-5.04118e-05
-3.64812e-05
-2.51183e-05
-1.57718e-05
-7.91488e-06
-1.16645e-06
4.59154e-06
9.15418e-06
1.20531e-05
1.27732e-05
1.10882e-05
7.36405e-06
2.62492e-06
-1.73623e-06
-4.51172e-06
-5.19358e-06
-4.14197e-06
-2.29203e-06
-6.01672e-07
3.98774e-07
6.99513e-07
5.948e-07
3.91728e-07
2.48497e-07
1.81436e-07
1.50084e-07
1.23663e-07
9.59055e-08
7.18243e-08
5.4589e-08
4.31636e-08
3.50604e-08
2.88003e-08
2.38288e-08
2.00333e-08
1.71412e-08
1.49587e-08
1.32275e-08
1.18748e-08
1.07515e-08
9.85124e-09
9.06266e-09
8.4102e-09
7.80568e-09
7.29236e-09
6.79347e-09
6.36201e-09
5.92668e-09
5.54612e-09
5.15143e-09
4.80493e-09
4.43784e-09
4.11611e-09
3.76805e-09
3.46685e-09
3.12959e-09
2.85113e-09
2.50953e-09
2.27379e-09
1.87911e-09
1.7716e-09
1.16346e-09
1.43047e-09
2.07532e-10
1.58537e-09
0.109398
0.11154
0.118744
0.12998
0.147265
0.171849
0.207661
0.214193
0.194458
-0.140954
-0.431372
-0.320101
-0.321635
-0.322679
-0.319834
-0.320888
-0.322646
-0.328196
-0.335887
-0.345356
-0.352711
-0.354027
-0.344959
-0.323155
-0.288413
-0.243932
-0.195114
-0.14798
-0.106989
-0.0742291
-0.0498006
-0.0325945
-0.0210118
-0.0135524
-0.00896339
-0.00630729
-0.0049107
-0.00431103
-0.00419475
-0.00435097
-0.00463857
-0.00496419
-0.00526763
-0.00551146
-0.0056758
-0.0057537
-0.00574684
-0.00566282
-0.0055132
-0.00531188
-0.00507344
-0.0048123
-0.00454138
-0.00427112
-0.0040092
-0.00376098
-0.00352933
-0.00331516
-0.00311785
-0.00293581
-0.00276687
-0.00260876
-0.00245944
-0.00231706
-0.00218035
-0.00204851
-0.00192111
-0.00179804
-0.00167936
-0.00156525
-0.00145589
-0.00135143
-0.00125197
-0.00115754
-0.00106811
-0.000983593
-0.000903813
-0.000828555
-0.000757548
-0.000690493
-0.000627089
-0.000567061
-0.000510185
-0.000456297
-0.000405298
-0.000357138
-0.000311809
-0.000269329
-0.000229747
-0.00019315
-0.000159668
-0.000129471
-0.000102736
-7.95854e-05
-6.00201e-05
-4.38594e-05
-3.07227e-05
-2.00647e-05
-1.12647e-05
-3.75403e-06
2.83953e-06
8.56762e-06
1.31139e-05
1.58865e-05
1.6281e-05
1.40551e-05
9.64372e-06
4.20269e-06
-7.36087e-07
-3.87168e-06
-4.69663e-06
-3.65184e-06
-1.77718e-06
-1.04062e-07
8.1661e-07
1.00098e-06
7.83857e-07
4.98892e-07
3.07995e-07
2.1719e-07
1.73849e-07
1.39935e-07
1.06723e-07
7.88819e-08
5.93282e-08
4.65051e-08
3.74678e-08
3.05214e-08
2.50433e-08
2.08902e-08
1.77519e-08
1.53983e-08
1.35454e-08
1.21051e-08
1.09187e-08
9.97305e-09
9.15156e-09
8.47524e-09
7.85332e-09
7.32738e-09
6.81926e-09
6.3811e-09
5.94085e-09
5.55674e-09
5.15939e-09
4.81097e-09
4.44242e-09
4.11967e-09
3.77073e-09
3.46903e-09
3.13116e-09
2.85252e-09
2.51032e-09
2.27488e-09
1.87917e-09
1.77298e-09
1.16262e-09
1.43307e-09
2.05449e-10
1.59009e-09
0.111388
0.113783
0.121844
0.134747
0.155137
0.186784
0.235564
0.276039
0.332751
-0.111398
-0.322827
-0.320583
-0.322938
-0.321501
-0.322322
-0.323609
-0.328295
-0.335039
-0.343681
-0.350744
-0.352325
-0.343912
-0.322791
-0.288347
-0.243474
-0.193653
-0.145209
-0.103026
-0.0695458
-0.0449444
-0.0280102
-0.0169784
-0.0101843
-0.00625194
-0.00418478
-0.0032813
-0.00307495
-0.00325945
-0.00363617
-0.0040774
-0.00450479
-0.00487191
-0.00515671
-0.00534993
-0.00545227
-0.00547007
-0.00541299
-0.00529279
-0.00512233
-0.0049147
-0.00468227
-0.00443794
-0.00419028
-0.00394677
-0.00371293
-0.00349188
-0.00328493
-0.00309201
-0.00291212
-0.00274375
-0.0025852
-0.00243505
-0.00229182
-0.00215461
-0.00202275
-0.00189586
-0.00177377
-0.00165646
-0.00154396
-0.00143632
-0.00133357
-0.0012357
-0.00114269
-0.00105448
-0.000970948
-0.00089194
-0.000817256
-0.000746655
-0.000679878
-0.000616661
-0.000556768
-0.000500006
-0.000446237
-0.000395378
-0.000347393
-0.000302278
-0.000260061
-0.000220799
-0.000184589
-0.000151567
-0.000121903
-9.57569e-05
-7.32255e-05
-5.42689e-05
-3.86614e-05
-2.59809e-05
-1.56539e-05
-7.0526e-06
3.71585e-07
6.94377e-06
1.26469e-05
1.70896e-05
1.96203e-05
1.96124e-05
1.68502e-05
1.18395e-05
5.82972e-06
4.34866e-07
-2.99902e-06
-3.98095e-06
-3.0124e-06
-1.19586e-06
3.97092e-07
1.20888e-06
1.27504e-06
9.55446e-07
5.9797e-07
3.63863e-07
2.50131e-07
1.94673e-07
1.53474e-07
1.1542e-07
8.44364e-08
6.29812e-08
4.90181e-08
3.92351e-08
3.17617e-08
2.59072e-08
2.14937e-08
1.81787e-08
1.57038e-08
1.37657e-08
1.22646e-08
1.10346e-08
1.00576e-08
9.21341e-09
8.52065e-09
7.88675e-09
7.3521e-09
6.83761e-09
6.39482e-09
5.95114e-09
5.56454e-09
5.16534e-09
4.81557e-09
4.44598e-09
4.12249e-09
3.77294e-09
3.47081e-09
3.13253e-09
2.85372e-09
2.51107e-09
2.27581e-09
1.87937e-09
1.77405e-09
1.1621e-09
1.43493e-09
2.03808e-10
1.59369e-09
0.112411
0.114939
0.123471
0.137261
0.159506
0.195115
0.252888
0.320965
0.430822
-0.316412
-0.321817
-0.320957
-0.322148
-0.323231
-0.327192
-0.332742
-0.340111
-0.346345
-0.348166
-0.340971
-0.321434
-0.28839
-0.24424
-0.194163
-0.144828
-0.101583
-0.0672328
-0.0421669
-0.0252134
-0.0144549
-0.0081053
-0.00467301
-0.00308306
-0.00258394
-0.00268915
-0.00309062
-0.00359885
-0.00410191
-0.00453981
-0.00488319
-0.0051248
-0.0052688
-0.00532724
-0.00531349
-0.00524025
-0.00511895
-0.00495991
-0.00477248
-0.00456526
-0.00434771
-0.0041259
-0.00390508
-0.00368956
-0.00348194
-0.0032836
-0.00309499
-0.0029159
-0.00274578
-0.00258379
-0.00242979
-0.0022826
-0.00214196
-0.00200754
-0.00187911
-0.00175648
-0.00163948
-0.00152795
-0.0014217
-0.00132057
-0.00122437
-0.00113292
-0.00104604
-0.00096357
-0.000885338
-0.000811159
-0.000740834
-0.000674153
-0.000610915
-0.000550938
-0.000494077
-0.000440229
-0.000389333
-0.000341368
-0.000296337
-0.00025427
-0.000215225
-0.000179295
-0.00014661
-0.000117327
-9.1585e-05
-6.94495e-05
-5.08492e-05
-3.55297e-05
-2.30508e-05
-1.28359e-05
-4.27218e-06
3.15856e-06
9.73946e-06
1.54095e-05
1.97413e-05
2.20651e-05
2.17602e-05
1.86406e-05
1.32584e-05
6.9123e-06
1.25197e-06
-2.36433e-06
-3.45951e-06
-2.56569e-06
-8.13393e-07
7.09491e-07
1.44481e-06
1.43745e-06
1.05759e-06
6.57972e-07
3.98241e-07
2.70392e-07
2.07245e-07
1.61445e-07
1.2044e-07
8.75936e-08
6.50238e-08
5.03946e-08
4.01848e-08
3.24197e-08
2.63625e-08
2.18105e-08
1.84021e-08
1.58636e-08
1.3881e-08
1.23483e-08
1.10958e-08
1.01025e-08
9.24659e-09
8.54527e-09
7.90513e-09
7.36592e-09
6.84807e-09
6.40282e-09
5.95732e-09
5.56937e-09
5.16915e-09
4.81862e-09
4.44845e-09
4.12451e-09
3.7746e-09
3.47221e-09
3.13364e-09
2.85469e-09
2.51175e-09
2.27655e-09
1.87964e-09
1.77481e-09
1.1618e-09
1.43617e-09
2.02429e-10
1.59646e-09
0.112411
0.114939
0.123471
0.13726
0.159505
0.195114
0.252884
0.331115
0.48868
-0.315369
-0.322185
-0.321497
-0.322669
-0.323327
-0.326381
-0.330705
-0.336934
-0.342713
-0.345349
-0.340315
-0.323771
-0.293323
-0.250192
-0.199435
-0.148254
-0.102864
-0.0667063
-0.040515
-0.0231077
-0.0124378
-0.0064968
-0.00361317
-0.0025543
-0.00250487
-0.00294299
-0.00355266
-0.00415396
-0.00465541
-0.0050208
-0.0052522
-0.00536697
-0.00538983
-0.00534455
-0.00525138
-0.00512559
-0.00497762
-0.0048142
-0.00463992
-0.00445811
-0.00427009
-0.00407856
-0.00388572
-0.00369305
-0.00350203
-0.00331387
-0.00312958
-0.00294999
-0.00277583
-0.00260795
-0.00244638
-0.00229211
-0.00214522
-0.00200585
-0.00187394
-0.0017493
-0.00163159
-0.00152038
-0.00141519
-0.00131552
-0.00122094
-0.00113103
-0.00104548
-0.000964045
-0.00088651
-0.00081271
-0.000742491
-0.000675708
-0.000612227
-0.000551933
-0.000494736
-0.000440576
-0.00038942
-0.000341261
-0.000296105
-0.000253975
-0.000214919
-0.000179016
-0.000146382
-0.00011716
-9.14789e-05
-6.93983e-05
-5.08418e-05
-3.55528e-05
-2.30914e-05
-1.28825e-05
-4.31622e-06
3.12242e-06
9.71319e-06
1.53925e-05
1.97312e-05
2.20592e-05
2.17561e-05
1.8637e-05
1.32546e-05
6.9083e-06
1.24823e-06
-2.36736e-06
-3.46164e-06
-2.56697e-06
-8.14016e-07
7.09264e-07
1.44477e-06
1.43746e-06
1.05761e-06
6.57991e-07
3.98267e-07
2.70422e-07
2.07274e-07
1.61472e-07
1.20462e-07
8.76134e-08
6.50411e-08
5.04098e-08
4.01981e-08
3.24312e-08
2.63725e-08
2.18192e-08
1.84097e-08
1.58702e-08
1.38868e-08
1.23534e-08
1.11003e-08
1.01065e-08
9.25018e-09
8.54848e-09
7.90802e-09
7.36851e-09
6.85043e-09
6.40495e-09
5.95926e-09
5.57113e-09
5.17076e-09
4.82008e-09
4.44978e-09
4.12572e-09
3.77571e-09
3.47319e-09
3.1345e-09
2.85545e-09
2.51238e-09
2.27712e-09
1.88e-09
1.77528e-09
1.16171e-09
1.43685e-09
2.01264e-10
1.59852e-09
0.111388
0.113782
0.121843
0.134745
0.155133
0.186777
0.235553
0.303154
0.41417
-0.316605
-0.319339
-0.324021
-0.323089
-0.323793
-0.323808
-0.325926
-0.329336
-0.335023
-0.341177
-0.345465
-0.343143
-0.329152
-0.300242
-0.257514
-0.205864
-0.153025
-0.105907
-0.0683562
-0.0412643
-0.023377
-0.0125402
-0.00663308
-0.00388971
-0.00301169
-0.00312073
-0.00365969
-0.00430116
-0.00487133
-0.00529525
-0.0055564
-0.00567108
-0.00567008
-0.00558896
-0.00545762
-0.00529895
-0.00512835
-0.00495451
-0.0047812
-0.00460915
-0.00443781
-0.00426424
-0.00408867
-0.00391059
-0.00372968
-0.00354646
-0.00336198
-0.00317762
-0.00299498
-0.00281573
-0.00264148
-0.00247344
-0.00231291
-0.00216058
-0.00201686
-0.0018818
-0.00175516
-0.00163647
-0.00152507
-0.00142025
-0.00132128
-0.00122751
-0.00113839
-0.00105348
-0.000972468
-0.000895138
-0.000821331
-0.00075093
-0.000683837
-0.000619966
-0.000559243
-0.000501616
-0.000447053
-0.000395538
-0.000347068
-0.000301646
-0.000259282
-0.000220003
-0.000183869
-0.000150982
-0.000121477
-9.54908e-05
-7.31008e-05
-5.42564e-05
-3.8727e-05
-2.6091e-05
-1.57787e-05
-7.16981e-06
2.75808e-07
6.87444e-06
1.26021e-05
1.70631e-05
1.96049e-05
1.96019e-05
1.68406e-05
1.18292e-05
5.81897e-06
4.24734e-07
-3.00738e-06
-3.98691e-06
-3.01597e-06
-1.19757e-06
3.96493e-07
1.20879e-06
1.2751e-06
9.55515e-07
5.98041e-07
3.63945e-07
2.50222e-07
1.94763e-07
1.53554e-07
1.15489e-07
8.44956e-08
6.30328e-08
4.90634e-08
3.92748e-08
3.17961e-08
2.59371e-08
2.15197e-08
1.82014e-08
1.57237e-08
1.37831e-08
1.22799e-08
1.10482e-08
1.00696e-08
9.22417e-09
8.53025e-09
7.89539e-09
7.35986e-09
6.84466e-09
6.40118e-09
5.95696e-09
5.56982e-09
5.17016e-09
4.81994e-09
4.44998e-09
4.1261e-09
3.77622e-09
3.47373e-09
3.13511e-09
2.85599e-09
2.51294e-09
2.27752e-09
1.88042e-09
1.77547e-09
1.16175e-09
1.43693e-09
2.0031e-10
1.59986e-09
0.109398
0.111539
0.118743
0.129977
0.14726
0.171839
0.207645
0.251273
0.264767
-0.248255
-0.324313
-0.323549
-0.324283
-0.322117
-0.322952
-0.322791
-0.324618
-0.327681
-0.333368
-0.340158
-0.345752
-0.344963
-0.332546
-0.304853
-0.262391
-0.210424
-0.157041
-0.109461
-0.0716194
-0.0443246
-0.026257
-0.0152403
-0.00914058
-0.00618776
-0.00508743
-0.004965
-0.00526773
-0.00567359
-0.00601578
-0.00622626
-0.00629536
-0.0062442
-0.00610599
-0.00591423
-0.00569653
-0.00547292
-0.00525573
-0.00505062
-0.00485831
-0.00467655
-0.00450141
-0.00432871
-0.0041551
-0.00397846
-0.00379765
-0.00361276
-0.00342485
-0.0032356
-0.00304711
-0.00286154
-0.00268098
-0.00250712
-0.00234141
-0.00218474
-0.00203757
-0.00189991
-0.00177146
-0.0016516
-0.00153954
-0.00143442
-0.00133537
-0.0012416
-0.00115246
-0.00106746
-0.000986252
-0.000908616
-0.00083441
-0.000763544
-0.00069595
-0.000631571
-0.000570357
-0.000512271
-0.000457289
-0.000405399
-0.000356593
-0.000310865
-0.000268205
-0.000228621
-0.000192146
-0.000158862
-0.000128893
-0.000102383
-7.94289e-05
-6.00185e-05
-4.39645e-05
-3.08873e-05
-2.02474e-05
-1.14343e-05
-3.89123e-06
2.74141e-06
8.50535e-06
1.30783e-05
1.58668e-05
1.6268e-05
1.4043e-05
9.63018e-06
4.1881e-06
-7.50074e-07
-3.88336e-06
-4.70504e-06
-3.65691e-06
-1.77964e-06
-1.04918e-07
8.16497e-07
1.0011e-06
7.84002e-07
4.99036e-07
3.08147e-07
2.17348e-07
1.74001e-07
1.40068e-07
1.06837e-07
7.89805e-08
5.94143e-08
4.65804e-08
3.75335e-08
3.05785e-08
2.5093e-08
2.09333e-08
1.77896e-08
1.54313e-08
1.35744e-08
1.21306e-08
1.09413e-08
9.99305e-09
9.16943e-09
8.49119e-09
7.86769e-09
7.34029e-09
6.83098e-09
6.39169e-09
5.95051e-09
5.56547e-09
5.16741e-09
4.81823e-09
4.44907e-09
4.12567e-09
3.7762e-09
3.47387e-09
3.13546e-09
2.8563e-09
2.51344e-09
2.27773e-09
1.88094e-09
1.77536e-09
1.16212e-09
1.43642e-09
1.99676e-10
1.60031e-09
0.106543
0.108355
0.114392
0.123598
0.136774
0.154703
0.173231
0.189305
0.150992
-0.167135
-0.411548
-0.311715
-0.32068
-0.324838
-0.323913
-0.324261
-0.323439
-0.324451
-0.326977
-0.332314
-0.339056
-0.344803
-0.344337
-0.332149
-0.304652
-0.262756
-0.21183
-0.15986
-0.113673
-0.0768583
-0.0500447
-0.0319395
-0.0205198
-0.0138102
-0.0101805
-0.00842126
-0.00770169
-0.00748697
-0.00745794
-0.0074432
-0.00736658
-0.00720802
-0.00697844
-0.00670047
-0.00639902
-0.00609504
-0.00580313
-0.00553144
-0.00528257
-0.00505494
-0.0048445
-0.00464595
-0.00445404
-0.00426449
-0.00407441
-0.00388212
-0.00368728
-0.00349067
-0.00329385
-0.0030988
-0.0029076
-0.00272225
-0.00254437
-0.00237526
-0.00221574
-0.00206615
-0.00192646
-0.00179625
-0.00167487
-0.00156149
-0.00145519
-0.00135507
-0.00126032
-0.00117028
-0.00108443
-0.00100242
-0.00092403
-0.00084912
-0.000777606
-0.000709424
-0.000644519
-0.000582842
-0.000524353
-0.000469022
-0.000416828
-0.000367755
-0.000321782
-0.000278887
-0.000239053
-0.000202291
-0.000168654
-0.00013824
-0.000111176
-8.7558e-05
-6.73925e-05
-5.05344e-05
-3.66663e-05
-2.53214e-05
-1.59591e-05
-8.06529e-06
-1.27291e-06
4.5252e-06
9.11755e-06
1.20339e-05
1.2761e-05
1.10765e-05
7.3503e-06
2.6096e-06
-1.75126e-06
-4.52449e-06
-5.20287e-06
-4.1476e-06
-2.29474e-06
-6.02555e-07
3.98753e-07
6.99758e-07
5.95069e-07
3.91978e-07
2.48738e-07
1.8167e-07
1.503e-07
1.23852e-07
9.60664e-08
7.19624e-08
5.47093e-08
4.32685e-08
3.51518e-08
2.88798e-08
2.38979e-08
2.00934e-08
1.71937e-08
1.50046e-08
1.32678e-08
1.19102e-08
1.0783e-08
9.8791e-09
9.08756e-09
8.43242e-09
7.82571e-09
7.31034e-09
6.80982e-09
6.37676e-09
5.94015e-09
5.55831e-09
5.16262e-09
4.81505e-09
4.44712e-09
4.12448e-09
3.77565e-09
3.47362e-09
3.1356e-09
2.85639e-09
2.5139e-09
2.27778e-09
1.88159e-09
1.77492e-09
1.16298e-09
1.4352e-09
1.99504e-10
1.59956e-09
0.102964
0.104389
0.109114
0.116002
0.125145
0.13576
0.142326
0.134734
0.0627456
-0.134163
-0.305898
-0.293778
-0.30834
-0.314378
-0.317517
-0.319515
-0.319926
-0.321548
-0.324377
-0.329717
-0.336192
-0.341089
-0.339395
-0.326177
-0.298618
-0.258041
-0.209812
-0.161145
-0.117925
-0.0831567
-0.057314
-0.0392879
-0.0273613
-0.019839
-0.0152934
-0.0126427
-0.0111239
-0.0102295
-0.00964318
-0.00918332
-0.00875744
-0.00832815
-0.0078892
-0.00744884
-0.00701981
-0.00661372
-0.00623838
-0.00589733
-0.00559009
-0.00531311
-0.00506097
-0.00482736
-0.00460627
-0.00439256
-0.00418262
-0.00397415
-0.00376629
-0.0035593
-0.00335425
-0.00315271
-0.00295638
-0.00276691
-0.00258567
-0.00241371
-0.00225166
-0.00209975
-0.00195784
-0.00182551
-0.00170209
-0.00158674
-0.00147859
-0.00137675
-0.00128044
-0.001189
-0.00110191
-0.00101881
-0.000939472
-0.00086374
-0.000791517
-0.00072273
-0.000657316
-0.000595216
-0.000536381
-0.00048077
-0.000428352
-0.000379099
-0.000332983
-0.000289969
-0.000250028
-0.000213147
-0.000179346
-0.000148679
-0.00012122
-9.70194e-05
-7.60598e-05
-5.82102e-05
-4.32199e-05
-3.07389e-05
-2.03685e-05
-1.17239e-05
-4.50716e-06
1.41872e-06
5.97252e-06
8.86976e-06
9.76585e-06
8.51929e-06
5.45647e-06
1.45446e-06
-2.27933e-06
-4.67675e-06
-5.257e-06
-4.29419e-06
-2.58363e-06
-9.74699e-07
4.11229e-08
4.26355e-07
4.21887e-07
2.95817e-07
1.96322e-07
1.49185e-07
1.27148e-07
1.06933e-07
8.43256e-08
6.40871e-08
4.92976e-08
3.93647e-08
3.22778e-08
2.67909e-08
2.24073e-08
1.9034e-08
1.64353e-08
1.44579e-08
1.28733e-08
1.16257e-08
1.05779e-08
9.73117e-09
8.98101e-09
8.35571e-09
7.77071e-09
7.27094e-09
6.78179e-09
6.35684e-09
5.9262e-09
5.54853e-09
5.15597e-09
4.8105e-09
4.44421e-09
4.12257e-09
3.77463e-09
3.473e-09
3.13552e-09
2.85628e-09
2.51433e-09
2.27761e-09
1.88241e-09
1.77411e-09
1.16417e-09
1.43296e-09
2.00148e-10
1.59706e-09
0.0988167
0.0998409
0.103197
0.107818
0.113162
0.117918
0.116001
0.098832
0.0344986
-0.12434
-0.238769
-0.248134
-0.276433
-0.293806
-0.303425
-0.309645
-0.312912
-0.315926
-0.319327
-0.323961
-0.328656
-0.331213
-0.327343
-0.313
-0.286228
-0.248641
-0.204946
-0.161085
-0.121821
-0.0896274
-0.0649835
-0.0470945
-0.034634
-0.0262326
-0.0206969
-0.0170876
-0.0147149
-0.0131002
-0.0119288
-0.0110065
-0.0102218
-0.00951671
-0.00886573
-0.00826074
-0.00770148
-0.00718988
-0.00672686
-0.00631123
-0.00593954
-0.00560643
-0.00530546
-0.00502978
-0.004773
-0.00452965
-0.00429559
-0.00406798
-0.00384529
-0.00362706
-0.00341367
-0.003206
-0.00300515
-0.00281226
-0.00262828
-0.00245396
-0.0022897
-0.0021356
-0.00199145
-0.00185682
-0.00173105
-0.00161337
-0.00150297
-0.00139902
-0.00130079
-0.00120764
-0.00111908
-0.00103475
-0.00095437
-0.00087778
-0.000804852
-0.000735489
-0.00066961
-0.000607142
-0.000548024
-0.000492203
-0.000439637
-0.000390291
-0.000344129
-0.000301113
-0.000261208
-0.000224386
-0.000190635
-0.000159953
-0.000132335
-0.000107746
-8.60927e-05
-6.72177e-05
-5.09163e-05
-3.69671e-05
-2.51715e-05
-1.53585e-05
-7.37496e-06
-1.10526e-06
3.48476e-06
6.32729e-06
7.30518e-06
6.41535e-06
3.97459e-06
7.11726e-07
-2.37689e-06
-4.39224e-06
-4.90288e-06
-4.09992e-06
-2.62178e-06
-1.18304e-06
-2.19727e-07
2.06756e-07
2.78444e-07
2.16451e-07
1.53083e-07
1.20995e-07
1.05335e-07
8.99098e-08
7.19763e-08
5.55463e-08
4.33003e-08
3.49693e-08
2.89959e-08
2.43749e-08
2.06635e-08
1.77836e-08
1.55347e-08
1.38058e-08
1.24011e-08
1.12843e-08
1.03315e-08
9.55313e-09
8.85258e-09
8.26306e-09
7.70417e-09
7.22314e-09
6.74772e-09
6.3325e-09
5.9091e-09
5.53646e-09
5.14768e-09
4.80475e-09
4.44047e-09
4.12005e-09
3.77321e-09
3.47206e-09
3.13529e-09
2.856e-09
2.51479e-09
2.2773e-09
1.88347e-09
1.77283e-09
1.16594e-09
1.42947e-09
2.0212e-10
1.59196e-09
0.0942645
0.0948911
0.0969202
0.09938
0.101429
0.101189
0.0935335
0.0698269
0.0138679
-0.101374
-0.197845
-0.225118
-0.255021
-0.273642
-0.285359
-0.294014
-0.299737
-0.304429
-0.308625
-0.312861
-0.31621
-0.316674
-0.311017
-0.296313
-0.271371
-0.237701
-0.19911
-0.160274
-0.12499
-0.0953619
-0.0719556
-0.0543025
-0.0414403
-0.0322984
-0.0258943
-0.0214208
-0.0182609
-0.0159683
-0.0142358
-0.0128617
-0.0117198
-0.0107354
-0.00986652
-0.00909056
-0.00839535
-0.00777354
-0.00721928
-0.00672664
-0.00628899
-0.005899
-0.005549
-0.00523137
-0.00493919
-0.00466647
-0.00440852
-0.00416193
-0.00392449
-0.00369507
-0.00347333
-0.00325948
-0.00305405
-0.00285765
-0.00267086
-0.00249408
-0.00232752
-0.00217113
-0.00202467
-0.00188765
-0.00175948
-0.00163942
-0.00152672
-0.00142063
-0.00132045
-0.00122559
-0.00113556
-0.00105
-0.000968603
-0.000891183
-0.000817581
-0.000747676
-0.000681366
-0.000618566
-0.000559201
-0.000503211
-0.000450543
-0.000401156
-0.000355009
-0.000312068
-0.000272295
-0.000235658
-0.000202116
-0.000171613
-0.000144055
-0.000119296
-9.71341e-05
-7.73427e-05
-5.97327e-05
-4.42114e-05
-3.07779e-05
-1.95101e-05
-1.04627e-05
-3.59948e-06
1.20153e-06
4.08163e-06
5.16364e-06
4.61095e-06
2.76009e-06
2.11691e-07
-2.24297e-06
-3.87908e-06
-4.32536e-06
-3.69973e-06
-2.48953e-06
-1.26562e-06
-3.98645e-07
3.39782e-08
1.58494e-07
1.47573e-07
1.14083e-07
9.4297e-08
8.36551e-08
7.24215e-08
5.89311e-08
4.63134e-08
3.67262e-08
3.01247e-08
2.5366e-08
2.16868e-08
1.87087e-08
1.63726e-08
1.45141e-08
1.30652e-08
1.18643e-08
1.08957e-08
1.00507e-08
9.3501e-09
8.70601e-09
8.15719e-09
7.62805e-09
7.16834e-09
6.70859e-09
6.30448e-09
5.88933e-09
5.52242e-09
5.13801e-09
4.79797e-09
4.43602e-09
4.11698e-09
3.77144e-09
3.47082e-09
3.13492e-09
2.85552e-09
2.51527e-09
2.27677e-09
1.88488e-09
1.77107e-09
1.16868e-09
1.42443e-09
2.06189e-10
1.58304e-09
0.0894667
0.0897235
0.0905147
0.0910548
0.0903108
0.0862863
0.0747344
0.0484709
-0.00107019
-0.0909362
-0.170831
-0.202674
-0.233205
-0.254747
-0.269445
-0.280375
-0.28795
-0.293703
-0.298178
-0.30174
-0.303618
-0.302236
-0.295251
-0.280642
-0.257696
-0.227713
-0.193682
-0.159246
-0.127456
-0.100133
-0.0779137
-0.0605841
-0.0474723
-0.0377547
-0.0306325
-0.0254191
-0.0215685
-0.0186696
-0.0164268
-0.0146358
-0.0131601
-0.0119118
-0.0108351
-0.00989475
-0.00906819
-0.00833975
-0.0076973
-0.00713038
-0.00662924
-0.00618451
-0.00578723
-0.00542899
-0.00510234
-0.00480086
-0.00451938
-0.00425397
-0.00400184
-0.0037612
-0.00353105
-0.00331098
-0.00310093
-0.00290103
-0.00271144
-0.00253226
-0.00236349
-0.00220495
-0.0020563
-0.00191705
-0.00178662
-0.00166431
-0.00154944
-0.00144131
-0.00133927
-0.00124277
-0.00115133
-0.00106457
-0.000982201
-0.000903984
-0.000829741
-0.000759326
-0.000692617
-0.000629514
-0.000569932
-0.000513799
-0.000461056
-0.000411655
-0.000365553
-0.000322717
-0.000283114
-0.000246709
-0.000213444
-0.000183214
-0.000155843
-0.000131072
-0.00010858
-8.8057e-05
-6.9299e-05
-5.22884e-05
-3.72256e-05
-2.44429e-05
-1.41905e-05
-6.53176e-06
-1.3143e-06
1.76937e-06
3.06183e-06
2.88798e-06
1.61834e-06
-2.47299e-07
-2.09489e-06
-3.35743e-06
-3.7224e-06
-3.24701e-06
-2.2872e-06
-1.27788e-06
-5.22495e-07
-1.05277e-07
5.35489e-08
8.26128e-08
7.45964e-08
6.63336e-08
6.09114e-08
5.40665e-08
4.50809e-08
3.63559e-08
2.95729e-08
2.48554e-08
2.14305e-08
1.87711e-08
1.65804e-08
1.48306e-08
1.33969e-08
1.22542e-08
1.12762e-08
1.04698e-08
9.74267e-09
9.12717e-09
8.54499e-09
8.04078e-09
7.5443e-09
7.10798e-09
6.66549e-09
6.27356e-09
5.86752e-09
5.50687e-09
5.12729e-09
4.7904e-09
4.43105e-09
4.11351e-09
3.76944e-09
3.46938e-09
3.13449e-09
2.85494e-09
2.51587e-09
2.27602e-09
1.88663e-09
1.76872e-09
1.17267e-09
1.41744e-09
2.13455e-10
1.56854e-09
0.0845714
0.0844935
0.0841748
0.0830463
0.0800184
0.0731115
0.0590067
0.0319082
-0.0124312
-0.0837943
-0.15033
-0.185457
-0.216873
-0.239736
-0.255826
-0.267946
-0.276643
-0.2831
-0.287768
-0.290861
-0.291771
-0.289236
-0.281548
-0.267324
-0.246195
-0.219286
-0.188976
-0.158149
-0.129287
-0.103971
-0.0828643
-0.0659275
-0.0527074
-0.0425777
-0.0348923
-0.0290708
-0.0246332
-0.0212047
-0.0185054
-0.016333
-0.0145458
-0.0130466
-0.0117691
-0.0106683
-0.00971264
-0.00887932
-0.00815048
-0.00751142
-0.00694934
-0.00645272
-0.00601114
-0.00561524
-0.00525681
-0.00492885
-0.00462565
-0.00434274
-0.00407676
-0.00382537
-0.003587
-0.00336068
-0.00314588
-0.00294229
-0.00274974
-0.00256805
-0.00239702
-0.00223633
-0.00208557
-0.00194423
-0.00181172
-0.00168738
-0.00157056
-0.00146059
-0.00135688
-0.0012589
-0.00116617
-0.00107833
-0.000995051
-0.000916092
-0.000841248
-0.000770352
-0.000703267
-0.000639879
-0.000580091
-0.000523825
-0.000471013
-0.000421601
-0.000375543
-0.000332807
-0.000293364
-0.000257179
-0.00022418
-0.000194223
-0.000167065
-0.000142348
-0.000119648
-9.85629e-05
-7.88557e-05
-6.05963e-05
-4.41274e-05
-2.99368e-05
-1.8492e-05
-9.97467e-06
-4.19985e-06
-7.44234e-07
8.87402e-07
1.15298e-06
4.58784e-07
-7.68821e-07
-2.05466e-06
-2.95976e-06
-3.22206e-06
-2.85103e-06
-2.09376e-06
-1.26957e-06
-6.19236e-07
-2.2596e-07
-4.4866e-08
1.62089e-08
3.116e-08
3.51028e-08
3.62852e-08
3.4629e-08
3.0469e-08
2.57855e-08
2.19535e-08
1.9263e-08
1.72773e-08
1.56996e-08
1.43337e-08
1.3198e-08
1.22124e-08
1.13944e-08
1.06529e-08
1.00183e-08
9.41628e-09
8.89088e-09
8.3743e-09
7.91726e-09
7.45541e-09
7.04382e-09
6.61965e-09
6.24059e-09
5.84427e-09
5.49022e-09
5.11582e-09
4.78223e-09
4.42569e-09
4.10969e-09
3.76725e-09
3.46773e-09
3.134e-09
2.85419e-09
2.51656e-09
2.27515e-09
1.88893e-09
1.76571e-09
1.17823e-09
1.40794e-09
2.25317e-10
1.54608e-09
0.0797115
0.0793421
0.0780547
0.0755274
0.0706717
0.0616722
0.0459693
0.0191123
-0.0208628
-0.0792825
-0.135979
-0.171483
-0.202363
-0.225959
-0.243431
-0.256835
-0.266656
-0.273809
-0.278694
-0.281449
-0.281593
-0.278194
-0.270052
-0.256246
-0.236645
-0.212233
-0.184935
-0.15706
-0.130648
-0.107071
-0.0869866
-0.0704723
-0.0572381
-0.0468146
-0.0386839
-0.0323591
-0.0274213
-0.0235318
-0.0204279
-0.0179127
-0.0158418
-0.0141114
-0.0126473
-0.0113962
-0.0103191
-0.00938684
-0.00857652
-0.00786956
-0.00725028
-0.00670511
-0.00622218
-0.00579112
-0.00540298
-0.00505021
-0.00472656
-0.00442708
-0.0041479
-0.00388616
-0.00363979
-0.00340734
-0.00318784
-0.00298059
-0.00278511
-0.00260097
-0.00242776
-0.00226506
-0.00211237
-0.00196914
-0.00183476
-0.00170861
-0.00159004
-0.00147844
-0.00137324
-0.00127392
-0.00118003
-0.00109119
-0.00100708
-0.000927429
-0.000852023
-0.000780676
-0.000713238
-0.000649581
-0.000589599
-0.000533205
-0.000480322
-0.000430889
-0.00038486
-0.000342199
-0.00030288
-0.000266864
-0.000234069
-0.000204321
-0.000177324
-0.000152648
-0.000129786
-0.000108271
-8.78584e-05
-6.86182e-05
-5.09904e-05
-3.56313e-05
-2.31328e-05
-1.3769e-05
-7.37738e-06
-3.45103e-06
-1.37876e-06
-6.22647e-07
-7.51884e-07
-1.39204e-06
-2.16917e-06
-2.73936e-06
-2.87948e-06
-2.56308e-06
-1.95008e-06
-1.26851e-06
-7.04656e-07
-3.35197e-07
-1.39021e-07
-5.18793e-08
-1.59096e-08
9.7997e-10
1.01228e-08
1.4437e-08
1.53813e-08
1.48197e-08
1.4017e-08
1.3449e-08
1.29805e-08
1.25313e-08
1.20165e-08
1.15131e-08
1.09903e-08
1.05079e-08
1.00106e-08
9.55294e-09
9.07963e-09
8.64694e-09
8.19806e-09
7.78963e-09
7.36361e-09
6.9775e-09
6.57234e-09
6.20651e-09
5.8203e-09
5.473e-09
5.10402e-09
4.77376e-09
4.42021e-09
4.10574e-09
3.76505e-09
3.46602e-09
3.13359e-09
2.8534e-09
2.51743e-09
2.27402e-09
1.89179e-09
1.76199e-09
1.18583e-09
1.39549e-09
2.43628e-10
1.51259e-09
0.0750027
0.0743847
0.0722733
0.0685957
0.062309
0.0518118
0.03517
0.0090593
-0.0272748
-0.0764446
-0.125385
-0.160174
-0.190467
-0.214442
-0.232736
-0.246908
-0.25744
-0.265049
-0.270075
-0.272599
-0.272269
-0.268393
-0.260117
-0.246842
-0.228599
-0.206268
-0.181437
-0.155993
-0.131636
-0.109561
-0.090403
-0.0743181
-0.0611376
-0.050516
-0.0420416
-0.0353072
-0.0299492
-0.0256629
-0.0222037
-0.0193817
-0.0170529
-0.0151095
-0.0134713
-0.0120786
-0.0108864
-0.00986008
-0.00897241
-0.00820126
-0.00752827
-0.00693787
-0.00641675
-0.00595346
-0.00553825
-0.00516291
-0.00482067
-0.00450605
-0.00421471
-0.00394333
-0.00368939
-0.00345105
-0.00322695
-0.00301608
-0.00281767
-0.00263108
-0.00245575
-0.00229111
-0.0021366
-0.00199162
-0.00185556
-0.0017278
-0.0016077
-0.00149468
-0.00138817
-0.00128768
-0.00119276
-0.00110303
-0.00101816
-0.000937885
-0.000861962
-0.000790197
-0.000722427
-0.000658514
-0.000598344
-0.000541819
-0.000488856
-0.000439389
-0.000393364
-0.000350744
-0.000311499
-0.000275586
-0.00024291
-0.000213274
-0.000186344
-0.000161643
-0.000138609
-0.000116748
-9.57825e-05
-7.5811e-05
-5.73367e-05
-4.10958e-05
-2.7767e-05
-1.76758e-05
-1.06701e-05
-6.22153e-06
-3.65819e-06
-2.39091e-06
-1.98134e-06
-2.0924e-06
-2.41992e-06
-2.68565e-06
-2.69336e-06
-2.38978e-06
-1.86821e-06
-1.28714e-06
-7.87887e-07
-4.37651e-07
-2.30074e-07
-1.2106e-07
-6.5633e-08
-3.5246e-08
-1.70516e-08
-6.06729e-09
2.07229e-10
3.79561e-09
6.03025e-09
7.6089e-09
8.67824e-09
9.36295e-09
9.69707e-09
9.8239e-09
9.76439e-09
9.61898e-09
9.36731e-09
9.08714e-09
8.74291e-09
8.40291e-09
8.02175e-09
7.66182e-09
7.27166e-09
6.91097e-09
6.52491e-09
6.17227e-09
5.79625e-09
5.45564e-09
5.09215e-09
4.76517e-09
4.41467e-09
4.10166e-09
3.76282e-09
3.46419e-09
3.13319e-09
2.85249e-09
2.5185e-09
2.27276e-09
1.89526e-09
1.75745e-09
1.19572e-09
1.37946e-09
2.70436e-10
1.46434e-09
0.0705433
0.0697187
0.066921
0.0623191
0.0549337
0.0433996
0.0262697
0.00112725
-0.0321634
-0.0746034
-0.117618
-0.151137
-0.180502
-0.204426
-0.223236
-0.238032
-0.249188
-0.257235
-0.262441
-0.264862
-0.26423
-0.26005
-0.251746
-0.23897
-0.221872
-0.201248
-0.178432
-0.154991
-0.132352
-0.111566
-0.0932341
-0.0775641
-0.064477
-0.0537254
-0.0449845
-0.0379161
-0.0322052
-0.0275787
-0.0238101
-0.0207176
-0.0181588
-0.0160236
-0.0142274
-0.0127055
-0.0114077
-0.0102949
-0.00933606
-0.00850587
-0.00778355
-0.0071517
-0.00659562
-0.00610285
-0.00566288
-0.00526688
-0.00490757
-0.00457899
-0.00427639
-0.00399603
-0.00373501
-0.00349111
-0.00326264
-0.00304832
-0.00284713
-0.00265823
-0.00248091
-0.00231448
-0.00215832
-0.00201178
-0.00187424
-0.00174505
-0.00162361
-0.00150933
-0.00140168
-0.00130015
-0.00120432
-0.0011138
-0.00102826
-0.00094741
-0.000871015
-0.000798865
-0.000730786
-0.000666633
-0.000606282
-0.000549627
-0.000496578
-0.000447061
-0.000401017
-0.000358404
-0.000319185
-0.000283308
-0.000250664
-0.000221038
-0.000194072
-0.00016926
-0.000146023
-0.000123847
-0.000102454
-8.19618e-05
-6.29012e-05
-4.60478e-05
-3.21114e-05
-2.14424e-05
-1.38969e-05
-8.93652e-06
-5.87625e-06
-4.10697e-06
-3.19707e-06
-2.83854e-06
-2.77383e-06
-2.76737e-06
-2.63959e-06
-2.31697e-06
-1.84369e-06
-1.32641e-06
-8.70666e-07
-5.33212e-07
-3.15828e-07
-1.88185e-07
-1.15121e-07
-7.15133e-08
-4.39854e-08
-2.61443e-08
-1.46059e-08
-7.00875e-09
-1.83534e-09
1.85055e-09
4.4438e-09
6.25227e-09
7.42434e-09
8.17124e-09
8.56687e-09
8.75165e-09
8.73991e-09
8.63247e-09
8.41392e-09
8.16411e-09
7.84921e-09
7.53664e-09
7.18178e-09
6.8459e-09
6.47868e-09
6.13884e-09
5.77291e-09
5.43872e-09
5.08073e-09
4.75682e-09
4.40944e-09
4.09772e-09
3.76082e-09
3.46244e-09
3.133e-09
2.85163e-09
2.51992e-09
2.27141e-09
1.89947e-09
1.7522e-09
1.20835e-09
1.35955e-09
3.0811e-10
1.3973e-09
0.066415
0.065422
0.0620638
0.0567321
0.0485184
0.0362849
0.0189602
-0.00517088
-0.0359366
-0.0734233
-0.111848
-0.14389
-0.172301
-0.196037
-0.215139
-0.23033
-0.241895
-0.250228
-0.255546
-0.25789
-0.257074
-0.252754
-0.244552
-0.232291
-0.216199
-0.197004
-0.17585
-0.154059
-0.132855
-0.113166
-0.0955607
-0.080279
-0.0673091
-0.0564799
-0.0475377
-0.0402015
-0.0341989
-0.0292851
-0.0252505
-0.0219221
-0.0191601
-0.0168535
-0.0149149
-0.0132755
-0.0118813
-0.0106893
-0.00966519
-0.00878096
-0.00801365
-0.00734419
-0.00675656
-0.00623733
-0.00577522
-0.00536079
-0.00498624
-0.0046452
-0.00433249
-0.00404401
-0.00377652
-0.00352749
-0.00329497
-0.0030774
-0.00287358
-0.0026825
-0.0025033
-0.00233522
-0.00217755
-0.0020296
-0.00189074
-0.0017603
-0.00163769
-0.00152233
-0.00141368
-0.00131127
-0.00121464
-0.00112343
-0.00103729
-0.000955939
-0.00087912
-0.00080662
-0.000738259
-0.000673882
-0.000613357
-0.000556572
-0.000503431
-0.000453851
-0.000407768
-0.00036513
-0.000325893
-0.000289991
-0.0002573
-0.000227591
-0.000200491
-0.000175485
-0.000151997
-0.000129517
-0.000107783
-8.69334e-05
-6.75068e-05
-5.02778e-05
-3.59502e-05
-2.48668e-05
-1.68831e-05
-1.14667e-05
-7.94121e-06
-5.70807e-06
-4.34987e-06
-3.58371e-06
-3.18307e-06
-2.93885e-06
-2.68058e-06
-2.31941e-06
-1.86386e-06
-1.38257e-06
-9.53299e-07
-6.22575e-07
-3.95928e-07
-2.5205e-07
-1.63005e-07
-1.06725e-07
-6.98948e-08
-4.52206e-08
-2.85765e-08
-1.71839e-08
-9.25085e-09
-3.58622e-09
4.41482e-10
3.30739e-09
5.26866e-09
6.60154e-09
7.42968e-09
7.92912e-09
8.14623e-09
8.20298e-09
8.10358e-09
7.9388e-09
7.68638e-09
7.41826e-09
7.09675e-09
6.78421e-09
6.43493e-09
6.1071e-09
5.75083e-09
5.42262e-09
5.06993e-09
4.74881e-09
4.40448e-09
4.09388e-09
3.75892e-09
3.46066e-09
3.13283e-09
2.85066e-09
2.52136e-09
2.26979e-09
1.90419e-09
1.74613e-09
1.22364e-09
1.33545e-09
3.58509e-10
1.3077e-09
0.0626842
0.0615567
0.0577498
0.0518528
0.0430265
0.0303386
0.0130035
-0.0101672
-0.0388572
-0.0726555
-0.107542
-0.138127
-0.165587
-0.188997
-0.20821
-0.223663
-0.235545
-0.244129
-0.249575
-0.251912
-0.251012
-0.246641
-0.238575
-0.226772
-0.211514
-0.193483
-0.173675
-0.153229
-0.133208
-0.114439
-0.0974607
-0.0825302
-0.0696852
-0.0588141
-0.0497201
-0.04217
-0.0359277
-0.0307734
-0.0265132
-0.0229824
-0.0200445
-0.0175884
-0.0155247
-0.0137817
-0.0123021
-0.0110398
-0.00995762
-0.00902535
-0.00821809
-0.00751523
-0.00689963
-0.00635695
-0.00587522
-0.00544444
-0.00505637
-0.00470422
-0.00438249
-0.00408673
-0.00381342
-0.00355976
-0.00332355
-0.00310304
-0.00289683
-0.00270377
-0.00252288
-0.00235333
-0.00219432
-0.00204515
-0.00190513
-0.00177362
-0.00165001
-0.00153372
-0.00142422
-0.00132103
-0.00122372
-0.00113191
-0.00104525
-0.000963453
-0.000886258
-0.000813447
-0.000744831
-0.000680249
-0.000619563
-0.000562654
-0.000509418
-0.000459768
-0.000413631
-0.000370947
-0.000331659
-0.000295686
-0.00026289
-0.000233027
-0.000205719
-0.000180459
-0.000156684
-0.000133911
-0.000111905
-9.08184e-05
-7.11867e-05
-5.3761e-05
-3.92125e-05
-2.78574e-05
-1.95418e-05
-1.37433e-05
-9.80729e-06
-7.1629e-06
-5.41359e-06
-4.29945e-06
-3.61476e-06
-3.16584e-06
-2.78617e-06
-2.3752e-06
-1.91595e-06
-1.44965e-06
-1.03298e-06
-7.03364e-07
-4.67394e-07
-3.09352e-07
-2.06354e-07
-1.38747e-07
-9.34643e-08
-6.25933e-08
-4.1366e-08
-2.6581e-08
-1.61554e-08
-8.6692e-09
-3.29839e-09
5.65711e-10
3.27212e-09
5.15497e-09
6.38591e-09
7.17541e-09
7.60209e-09
7.80824e-09
7.81764e-09
7.73054e-09
7.53588e-09
7.30883e-09
7.01849e-09
6.72747e-09
6.39498e-09
6.07807e-09
5.73087e-09
5.40796e-09
5.06031e-09
4.74159e-09
4.40024e-09
4.09048e-09
3.75751e-09
3.45916e-09
3.13302e-09
2.84986e-09
2.5231e-09
2.26822e-09
1.90961e-09
1.73959e-09
1.24169e-09
1.30761e-09
4.22903e-10
1.1935e-09
0.0594041
0.0581713
0.0540124
0.0476854
0.0384149
0.0254441
0.0082025
-0.0141116
-0.0411194
-0.0721596
-0.104327
-0.133582
-0.16017
-0.183224
-0.202454
-0.218067
-0.23016
-0.238914
-0.244446
-0.246781
-0.245837
-0.241472
-0.233573
-0.222189
-0.207641
-0.190566
-0.171851
-0.152498
-0.133443
-0.115437
-0.0989891
-0.0843675
-0.0716457
-0.0607578
-0.0515523
-0.0438349
-0.0373996
-0.032048
-0.0276
-0.0238989
-0.0208115
-0.0182273
-0.0160556
-0.0142226
-0.0126685
-0.0113446
-0.0102117
-0.0092374
-0.00839523
-0.00766329
-0.00702342
-0.00646046
-0.0059618
-0.00551696
-0.00511726
-0.00475555
-0.00442602
-0.00412395
-0.00384557
-0.00358785
-0.00334838
-0.00312525
-0.00291691
-0.00272208
-0.0025397
-0.00236883
-0.00220866
-0.00205842
-0.00191742
-0.00178499
-0.00166053
-0.00154345
-0.00143324
-0.0013294
-0.00123152
-0.00113919
-0.00105209
-0.000969912
-0.000892394
-0.000819311
-0.000750471
-0.000685706
-0.000624872
-0.000567846
-0.000514518
-0.000464794
-0.000418594
-0.000375847
-0.000336483
-0.000300406
-0.000267462
-0.000237397
-0.000209832
-0.000184275
-0.000160192
-0.000137135
-0.000114905
-9.36695e-05
-7.39518e-05
-5.64659e-05
-4.18341e-05
-3.03317e-05
-2.17886e-05
-1.5693e-05
-1.14187e-05
-8.42824e-06
-6.35146e-06
-4.94932e-06
-4.0307e-06
-3.4107e-06
-2.9238e-06
-2.46055e-06
-1.98604e-06
-1.52174e-06
-1.1086e-06
-7.76292e-07
-5.3101e-07
-3.60389e-07
-2.45051e-07
-1.67247e-07
-1.14255e-07
-7.77598e-08
-5.24544e-08
-3.47168e-08
-2.21532e-08
-1.31116e-08
-6.58981e-09
-1.86285e-09
1.49583e-09
3.86618e-09
5.45808e-09
6.50854e-09
7.1235e-09
7.46255e-09
7.56788e-09
7.54843e-09
7.40405e-09
7.21252e-09
6.94953e-09
6.67729e-09
6.35976e-09
6.05239e-09
5.71334e-09
5.39496e-09
5.05188e-09
4.7351e-09
4.39651e-09
4.08734e-09
3.75625e-09
3.45765e-09
3.13301e-09
2.84879e-09
2.5248e-09
2.26647e-09
1.91515e-09
1.73256e-09
1.26157e-09
1.27667e-09
5.00253e-10
1.05576e-09
0.056616
0.0553029
0.0508745
0.0442279
0.0346425
0.0215056
0.00440577
-0.0171811
-0.0428533
-0.0718385
-0.101941
-0.130056
-0.155883
-0.17858
-0.197758
-0.213457
-0.225697
-0.234586
-0.240202
-0.242563
-0.241621
-0.237297
-0.229561
-0.218529
-0.20455
-0.18823
-0.170377
-0.151885
-0.1336
-0.11621
-0.100197
-0.0858368
-0.0732274
-0.0623376
-0.053051
-0.0452044
-0.0386163
-0.0331062
-0.0285057
-0.024665
-0.0214542
-0.0187636
-0.0165019
-0.0145936
-0.0129769
-0.0116014
-0.0104257
-0.009416
-0.00854444
-0.00778803
-0.00712773
-0.00654772
-0.00603483
-0.00557815
-0.00516864
-0.00479887
-0.00446275
-0.00415534
-0.00387265
-0.00361147
-0.00336923
-0.00314387
-0.0029337
-0.00273737
-0.00255371
-0.00238174
-0.00222058
-0.00206945
-0.00192763
-0.00179445
-0.00166929
-0.00155156
-0.00144076
-0.00133639
-0.00123803
-0.00114529
-0.00105782
-0.000975318
-0.000897527
-0.000824215
-0.000755183
-0.00069026
-0.000629298
-0.000572168
-0.000518755
-0.000468961
-0.000422696
-0.000379883
-0.000340434
-0.000304241
-0.000271134
-0.00024085
-0.000213016
-0.000187158
-0.000162776
-0.000139462
-0.000117052
-9.57277e-05
-7.59972e-05
-5.85316e-05
-4.38994e-05
-3.23311e-05
-2.36372e-05
-1.73159e-05
-1.27702e-05
-9.4972e-06
-7.1544e-06
-5.52053e-06
-4.41439e-06
-3.65524e-06
-3.0766e-06
-2.56227e-06
-2.06518e-06
-1.59318e-06
-1.17608e-06
-8.37579e-07
-5.82888e-07
-4.01452e-07
-2.76053e-07
-1.90132e-07
-1.31108e-07
-9.02617e-08
-6.17987e-08
-4.17272e-08
-2.74061e-08
-1.70269e-08
-9.47885e-09
-3.97001e-09
-2.21612e-11
2.78e-09
4.68357e-09
5.95298e-09
6.72322e-09
7.17073e-09
7.35534e-09
7.39237e-09
7.29121e-09
7.13026e-09
6.89132e-09
6.63511e-09
6.33065e-09
6.03111e-09
5.69915e-09
5.38431e-09
5.04531e-09
4.72991e-09
4.39391e-09
4.08499e-09
3.75576e-09
3.45671e-09
3.1338e-09
2.84829e-09
2.52691e-09
2.26505e-09
1.92106e-09
1.72577e-09
1.28269e-09
1.24455e-09
5.87315e-10
9.00727e-10
0.0543519
0.0529794
0.0483513
0.0414742
0.0316721
0.0184443
0.00149513
-0.0195061
-0.0441527
-0.0716339
-0.100205
-0.127396
-0.152597
-0.17498
-0.194084
-0.209825
-0.222161
-0.231142
-0.236815
-0.239197
-0.238265
-0.23399
-0.226399
-0.215657
-0.20213
-0.186398
-0.16921
-0.151385
-0.133697
-0.116788
-0.10112
-0.0869715
-0.0744584
-0.063575
-0.0542316
-0.0462888
-0.0395841
-0.0339513
-0.0292316
-0.0252808
-0.0219721
-0.0191966
-0.0168626
-0.0148936
-0.0132264
-0.0118089
-0.0105985
-0.0095601
-0.00866471
-0.00788851
-0.00721172
-0.00661796
-0.00609364
-0.00562745
-0.00521009
-0.00483385
-0.00449244
-0.00418072
-0.00389455
-0.00363056
-0.00338606
-0.00315887
-0.00294721
-0.00274963
-0.00256493
-0.00239205
-0.0022301
-0.00207825
-0.00193578
-0.00180199
-0.00167627
-0.00155804
-0.00144677
-0.00134198
-0.00124324
-0.00115016
-0.0010624
-0.000979641
-0.000901632
-0.000828133
-0.000758945
-0.000693891
-0.000632821
-0.000575602
-0.000522115
-0.000472256
-0.000425931
-0.00038305
-0.000343517
-0.000307206
-0.000273936
-0.000243437
-0.000215342
-0.000189198
-0.000164538
-0.000140995
-0.00011844
-9.70648e-05
-7.73644e-05
-5.99677e-05
-4.53906e-05
-3.38192e-05
-2.50436e-05
-1.8569e-05
-1.38247e-05
-1.03388e-05
-7.79442e-06
-5.98533e-06
-4.7374e-06
-3.87181e-06
-3.22056e-06
-2.66264e-06
-2.14289e-06
-1.65991e-06
-1.2358e-06
-8.89774e-07
-6.26011e-07
-4.34981e-07
-3.00898e-07
-2.08055e-07
-1.43971e-07
-9.9598e-08
-6.86991e-08
-4.69178e-08
-3.13526e-08
-2.00333e-08
-1.17482e-08
-5.65619e-09
-1.24902e-09
1.90264e-09
4.06498e-09
5.51703e-09
6.41503e-09
6.94875e-09
7.19435e-09
7.27332e-09
7.20435e-09
7.06609e-09
6.8457e-09
6.60187e-09
6.30791e-09
6.01444e-09
5.68823e-09
5.37597e-09
5.04027e-09
4.72573e-09
4.39187e-09
4.08295e-09
3.75531e-09
3.45579e-09
3.13483e-09
2.84781e-09
2.52861e-09
2.2635e-09
1.92631e-09
1.71918e-09
1.30289e-09
1.21324e-09
6.76733e-10
7.40744e-10
0.0526349
0.0512209
0.0464523
0.039417
0.0294723
0.0161996
-0.000616553
-0.0211779
-0.0450796
-0.0715065
-0.0989947
-0.12549
-0.150214
-0.172343
-0.19137
-0.207124
-0.219521
-0.228566
-0.234287
-0.236695
-0.235784
-0.231559
-0.224086
-0.213564
-0.200368
-0.185062
-0.168355
-0.151011
-0.133758
-0.117202
-0.101789
-0.0878
-0.0753622
-0.0644879
-0.0551062
-0.0470948
-0.0403058
-0.0345832
-0.0297756
-0.0257432
-0.0223616
-0.0195226
-0.0171344
-0.0151198
-0.0134145
-0.0119655
-0.010729
-0.00966888
-0.00875553
-0.00796439
-0.00727516
-0.00667104
-0.00613808
-0.00566472
-0.00524142
-0.00486029
-0.00451487
-0.00419989
-0.00391108
-0.00364496
-0.00339874
-0.00317015
-0.00295736
-0.00275885
-0.00257335
-0.00239979
-0.00223724
-0.00208485
-0.00194188
-0.00180764
-0.00168151
-0.0015629
-0.00145128
-0.00134618
-0.00124716
-0.00115383
-0.00106584
-0.000982897
-0.000904723
-0.000831084
-0.000761777
-0.000696625
-0.000635472
-0.000578184
-0.000524639
-0.000474729
-0.000428355
-0.00038542
-0.000345816
-0.000309406
-0.000276
-0.000245325
-0.000217018
-0.000190644
-0.000165765
-0.000142048
-0.000119387
-9.79862e-05
-7.83243e-05
-6.09963e-05
-4.64752e-05
-3.49118e-05
-2.60806e-05
-1.94943e-05
-1.46041e-05
-1.09638e-05
-8.27636e-06
-6.34531e-06
-4.99943e-06
-4.05897e-06
-3.35361e-06
-2.75908e-06
-2.21584e-06
-1.71756e-06
-1.28219e-06
-9.26487e-07
-6.53928e-07
-4.55344e-07
-3.15424e-07
-2.18533e-07
-1.51841e-07
-1.05791e-07
-7.37061e-08
-5.09668e-08
-3.4555e-08
-2.24822e-08
-1.35484e-08
-6.93302e-09
-2.12852e-09
1.30318e-09
3.65451e-09
5.22744e-09
6.20512e-09
6.79128e-09
7.07648e-09
7.18447e-09
7.14005e-09
7.01936e-09
6.81381e-09
6.57914e-09
6.29314e-09
6.00355e-09
5.68157e-09
5.37069e-09
5.0376e-09
4.72333e-09
4.39132e-09
4.08205e-09
3.75591e-09
3.45563e-09
3.13612e-09
2.84778e-09
2.53074e-09
2.26266e-09
1.93137e-09
1.71398e-09
1.32106e-09
1.18612e-09
7.59143e-10
5.93402e-10
0.0514818
0.0500414
0.0451837
0.0380499
0.0280194
0.0147273
-0.00199163
-0.0222603
-0.045677
-0.0714336
-0.0982291
-0.124261
-0.148664
-0.170617
-0.189583
-0.205341
-0.217772
-0.226856
-0.232605
-0.23503
-0.234135
-0.229945
-0.222554
-0.212179
-0.199202
-0.184178
-0.167785
-0.150758
-0.133789
-0.117466
-0.102224
-0.0883411
-0.0759554
-0.0650893
-0.0556841
-0.0476291
-0.0407853
-0.0350041
-0.0301387
-0.0260524
-0.0226223
-0.0197411
-0.0173167
-0.0152716
-0.0135408
-0.0120705
-0.0108164
-0.00974177
-0.00881634
-0.00801517
-0.0073176
-0.00670654
-0.00616781
-0.00568966
-0.00526239
-0.00487799
-0.0045299
-0.00421275
-0.00392216
-0.00365461
-0.00340723
-0.00317771
-0.00296415
-0.002765
-0.00257896
-0.00240495
-0.00224198
-0.00208924
-0.00194594
-0.0018114
-0.00168499
-0.00156613
-0.00145428
-0.00134897
-0.00124976
-0.00115626
-0.00106813
-0.000985059
-0.000906773
-0.000833039
-0.000763652
-0.000698432
-0.000637222
-0.000579885
-0.000526299
-0.000476352
-0.000429942
-0.000386965
-0.000347307
-0.000310824
-0.000277316
-0.000246509
-0.000218043
-0.000191499
-0.000166457
-0.00014261
-0.000119871
-9.84517e-05
-7.88206e-05
-6.15489e-05
-4.70789e-05
-3.55363e-05
-2.66842e-05
-2.00393e-05
-1.5068e-05
-1.13408e-05
-8.57332e-06
-6.57498e-06
-5.17517e-06
-4.19257e-06
-3.45511e-06
-2.83689e-06
-2.27646e-06
-1.76524e-06
-1.31934e-06
-9.54377e-07
-6.73669e-07
-4.68377e-07
-3.23502e-07
-2.23401e-07
-1.54911e-07
-1.08004e-07
-7.5559e-08
-5.2649e-08
-3.60817e-08
-2.38063e-08
-1.46228e-08
-7.74508e-09
-2.69912e-09
9.26215e-10
3.41732e-09
5.07875e-09
6.10862e-09
6.72206e-09
7.02354e-09
7.1415e-09
7.10671e-09
6.99364e-09
6.79602e-09
6.56655e-09
6.28548e-09
5.99809e-09
5.6786e-09
5.36817e-09
5.03651e-09
4.72207e-09
4.39115e-09
4.08147e-09
3.75627e-09
3.45536e-09
3.13663e-09
2.84746e-09
2.532e-09
2.26177e-09
1.9347e-09
1.70982e-09
1.33423e-09
1.16568e-09
8.22543e-10
4.79642e-10
0.0509024
0.0494497
0.0445483
0.0373676
0.0272969
0.0139983
-0.00266936
-0.0227917
-0.0459692
-0.0713998
-0.0978576
-0.123659
-0.1479
-0.169762
-0.188695
-0.204452
-0.216898
-0.226002
-0.231766
-0.234201
-0.233316
-0.229147
-0.221798
-0.211497
-0.198629
-0.183742
-0.167505
-0.150632
-0.133804
-0.117596
-0.102438
-0.0886088
-0.0762494
-0.0653878
-0.0559715
-0.0478951
-0.0410244
-0.0352141
-0.03032
-0.0262068
-0.0227527
-0.0198504
-0.017408
-0.0153476
-0.013604
-0.0121232
-0.0108603
-0.00977832
-0.00884685
-0.00804065
-0.00733891
-0.00672437
-0.00618274
-0.00570218
-0.00527292
-0.00488688
-0.00453744
-0.00421919
-0.00392772
-0.00365945
-0.00341149
-0.00318149
-0.00296755
-0.00276808
-0.00258178
-0.00240753
-0.00224437
-0.00209144
-0.00194798
-0.00181329
-0.00168674
-0.00156775
-0.00145579
-0.00135038
-0.00125107
-0.00115749
-0.00106929
-0.000986154
-0.000907814
-0.000834034
-0.000764607
-0.000699354
-0.000638118
-0.000580758
-0.000527153
-0.00047719
-0.000430763
-0.000387768
-0.000348087
-0.000311572
-0.000278021
-0.00024716
-0.000218632
-0.00019202
-0.000166917
-0.000143019
-0.000120248
-9.88141e-05
-7.91804e-05
-6.19073e-05
-4.74265e-05
-3.58572e-05
-2.69637e-05
-2.02704e-05
-1.52534e-05
-1.1491e-05
-8.70112e-06
-6.69014e-06
-5.28192e-06
-4.29017e-06
-3.5402e-06
-2.90604e-06
-2.32784e-06
-1.79914e-06
-1.33799e-06
-9.61307e-07
-6.72941e-07
-4.63826e-07
-3.18133e-07
-2.19081e-07
-1.52392e-07
-1.07214e-07
-7.5983e-08
-5.36707e-08
-3.71996e-08
-2.47232e-08
-1.52295e-08
-8.06548e-09
-2.81664e-09
9.17198e-10
3.44676e-09
5.10471e-09
6.11797e-09
6.71502e-09
7.00925e-09
7.12607e-09
7.0959e-09
6.98719e-09
6.79442e-09
6.56671e-09
6.2874e-09
5.99946e-09
5.68052e-09
5.36917e-09
5.03815e-09
4.72298e-09
4.39284e-09
4.08242e-09
3.75798e-09
3.45623e-09
3.13829e-09
2.84817e-09
2.53382e-09
2.26204e-09
1.93749e-09
1.70822e-09
1.34206e-09
1.15497e-09
8.57812e-10
4.16392e-10
-0.461418
-0.248065
-0.140954
-0.461418
-0.248065
-0.337593
-0.343036
-0.431371
-0.337593
-0.343036
0.126176
0.414201
0.308601
0.332751
0.126176
0.414201
0.308601
-0.111398
-0.331858
-0.331858
-0.3156
-0.316382
-0.31522
-0.322827
-0.3156
-0.316382
-0.31522
0.488683
0.430822
0.488683
-0.313586
-0.312131
-0.313586
-0.312131
0.430798
0.48868
0.430798
-0.312161
-0.31373
-0.312161
-0.31373
0.308518
0.332707
0.126066
0.41417
0.308518
0.332708
0.126066
-0.111566
-0.111566
-0.332066
-0.332066
-0.315421
-0.323052
-0.315828
-0.316605
-0.315421
-0.323052
-0.315828
-0.141106
-0.461687
-0.248255
-0.141107
-0.461687
-0.343248
-0.431646
-0.337789
-0.343249
-0.431645
-0.337789
-0.289197
-0.166979
-0.356076
-0.123321
-0.289197
-0.166979
-0.356076
-0.316537
-0.411286
-0.33014
-0.338545
-0.316537
-0.411284
-0.330141
0.104781
0.264818
0.109525
0.194458
0.104781
0.264818
0.109526
-0.415572
-0.432198
-0.404164
-0.454627
-0.404968
-0.454931
-0.415377
-0.312514
-0.324089
-0.318803
-0.320101
-0.312514
-0.324089
-0.318803
-0.104225
-0.317918
-0.323144
-0.317371
-0.324723
-0.317433
-0.324705
-0.317893
-0.311285
-0.3144
-0.314335
-0.31135
-0.31004
-0.309193
-0.309126
-0.310107
-0.317187
-0.315318
-0.314012
-0.320952
-0.313961
-0.321961
-0.31701
0.10942
0.194399
0.104687
0.264767
0.10942
0.194399
0.104687
-0.370756
-0.245962
-0.16255
-0.164843
-0.373762
-0.319033
-0.320289
-0.312738
-0.324313
-0.319033
-0.320289
-0.312738
-0.356298
-0.123456
-0.2894
-0.167135
-0.356299
-0.123456
-0.2894
-0.330352
-0.338784
-0.316761
-0.411547
-0.330352
-0.338784
-0.316761
-0.364483
-0.462974
-0.354029
-0.482659
-0.355011
-0.483863
-0.363646
-0.370519
-0.245772
-0.162378
-0.16467
-0.373523
-0.364485
-0.462974
-0.354031
-0.482659
-0.355013
-0.483863
-0.363648
-0.370518
-0.245772
-0.162378
-0.16467
-0.373523
-0.357086
-0.343048
-0.340831
-0.340997
-0.357296
-0.415572
-0.432198
-0.404163
-0.454627
-0.404968
-0.45493
-0.415377
-0.357086
-0.343048
-0.340831
-0.340997
-0.357296
0.327919
0.124782
0.262114
0.110464
0.261423
0.108599
0.329555
0.374843
0.327553
0.202704
0.43417
0.174101
0.438165
0.377436
0.327919
0.124782
0.262114
0.110464
0.261423
0.1086
0.329555
0.374843
0.327553
0.202704
0.43417
0.174101
0.438165
0.377436
-0.104224
-0.331858
-0.331858
-0.316958
-0.315104
-0.320706
-0.313829
-0.321706
-0.313778
-0.316784
-0.317918
-0.323144
-0.317371
-0.324723
-0.317433
-0.324705
-0.317893
-0.316958
-0.315104
-0.320706
-0.313829
-0.321706
-0.313778
-0.316784
0.529826
0.463127
0.466225
0.527805
0.567775
0.588159
0.589246
0.566382
0.529826
0.463127
0.466225
0.527805
0.567775
0.588159
0.589246
0.566382
-0.309941
-0.309159
-0.309092
-0.310008
-0.311285
-0.3144
-0.314335
-0.31135
-0.309941
-0.309159
-0.309092
-0.310008
0.567755
0.588152
0.589239
0.566363
0.529795
0.463082
0.46618
0.527774
0.567755
0.588152
0.589239
0.566363
0.529795
0.463082
0.46618
0.527774
-0.311434
-0.314603
-0.314537
-0.3115
-0.31004
-0.309193
-0.309126
-0.310107
-0.311434
-0.314603
-0.314537
-0.3115
0.374788
0.327473
0.434121
0.202606
0.438117
0.173996
0.377381
0.327858
0.124673
0.110351
0.262044
0.108486
0.261352
0.329495
0.374788
0.327473
0.43412
0.202606
0.438117
0.173997
0.377381
0.327858
0.124673
0.110351
0.262044
0.108486
0.261352
0.329495
-0.104391
-0.104391
-0.332067
-0.332067
-0.318145
-0.323371
-0.324973
-0.31758
-0.324956
-0.317643
-0.318118
-0.317187
-0.315318
-0.314012
-0.320952
-0.313961
-0.321961
-0.31701
-0.318145
-0.323371
-0.324973
-0.31758
-0.324956
-0.317643
-0.318118
-0.364725
-0.463244
-0.482939
-0.354263
-0.484144
-0.355245
-0.363888
-0.370756
-0.245962
-0.16255
-0.164843
-0.373761
-0.364726
-0.463244
-0.482939
-0.354264
-0.484143
-0.355246
-0.363889
-0.357307
-0.343261
-0.341036
-0.341203
-0.357516
-0.415824
-0.432473
-0.454908
-0.404407
-0.455212
-0.405213
-0.415628
-0.357307
-0.343261
-0.341036
-0.341203
-0.357516
-0.415824
-0.432472
-0.454907
-0.404408
-0.455211
-0.405213
-0.415629
-0.368122
-0.141832
-0.32353
-0.158995
-0.32341
-0.161061
-0.368961
0.32795
0.303169
0.37052
0.276039
0.32795
0.303169
0.37052
-0.31866
-0.318986
-0.324475
-0.320583
-0.31866
-0.318986
-0.324475
0.402922
0.331118
0.420032
0.320965
0.402922
0.331118
0.420032
0.530689
0.432061
0.504999
0.465894
0.506477
0.466976
0.529451
-0.318573
-0.315284
-0.320375
-0.316412
-0.318573
-0.315284
-0.320375
0.420028
0.320955
0.40291
0.331115
0.420028
0.320955
0.40291
0.552936
0.489768
0.562126
0.480258
0.563287
0.481379
0.551751
-0.320484
-0.316612
-0.31886
-0.315369
-0.320484
-0.316612
-0.31886
0.3705
0.276018
0.327923
0.303154
0.3705
0.276018
0.327923
-0.324976
-0.321005
-0.319288
-0.319339
-0.324976
-0.321005
-0.319288
-0.324482
-0.320062
-0.325461
-0.320106
-0.325627
-0.31601
-0.315923
-0.368122
-0.141832
-0.32353
-0.158995
-0.32341
-0.161061
-0.36896
-0.359904
-0.337889
-0.350888
-0.34805
-0.351343
-0.348212
-0.359938
-0.359904
-0.337889
-0.350888
-0.34805
-0.351344
-0.348212
-0.359938
0.552947
0.489771
0.480269
0.562129
0.48139
0.56329
0.551761
0.530689
0.432061
0.504999
0.465894
0.506477
0.466976
0.529451
0.552946
0.489771
0.480269
0.562129
0.48139
0.56329
0.551761
-0.311283
-0.313534
-0.312251
-0.313098
-0.312146
-0.313051
-0.311375
-0.310407
-0.31208
-0.312333
-0.310029
-0.312283
-0.309966
-0.310477
-0.311283
-0.313534
-0.312251
-0.313098
-0.312146
-0.313051
-0.311375
-0.310407
-0.31208
-0.312333
-0.310029
-0.312283
-0.309966
-0.310477
0.530672
0.432037
0.465878
0.504976
0.466959
0.506454
0.529434
0.552936
0.489768
0.562126
0.480258
0.563287
0.481379
0.551751
0.530672
0.432037
0.465878
0.504977
0.46696
0.506454
0.529435
-0.310486
-0.31211
-0.310058
-0.312404
-0.309994
-0.312353
-0.310557
-0.311408
-0.313677
-0.313215
-0.312419
-0.313168
-0.312313
-0.3115
-0.310486
-0.31211
-0.310058
-0.312404
-0.309994
-0.312353
-0.310557
-0.311408
-0.313677
-0.313215
-0.312419
-0.313168
-0.312313
-0.3115
-0.368358
-0.141986
-0.159157
-0.32374
-0.161224
-0.323621
-0.369196
-0.368357
-0.141986
-0.159157
-0.32374
-0.161224
-0.323621
-0.369196
-0.360127
-0.338086
-0.348258
-0.351105
-0.348419
-0.351562
-0.360161
-0.360127
-0.338086
-0.348258
-0.351105
-0.348419
-0.351562
-0.36016
0.104212
0.0932557
0.211436
0.0890338
0.210703
0.156662
0.157223
0.104212
0.0932558
0.211436
0.0890339
0.210703
0.156662
0.157223
-0.324257
-0.32525
-0.319853
-0.325414
-0.319896
-0.315823
-0.315737
-0.324257
-0.32525
-0.319853
-0.325414
-0.319896
-0.315823
-0.315737
0.104105
0.211358
0.0931496
0.210626
0.0889267
0.156578
0.157138
0.104105
0.211358
0.0931496
0.210626
0.0889268
0.156578
0.157138
-0.324482
-0.320062
-0.325461
-0.320106
-0.325627
-0.31601
-0.315923
0.0607758
0.151057
0.0780846
0.103518
0.0607758
0.151057
0.0780846
-0.293024
-0.311521
-0.330805
-0.301879
-0.293024
-0.311521
-0.330805
0.250979
0.251298
0.284486
0.214193
0.250979
0.251298
0.284486
-0.316853
-0.323011
-0.327984
-0.321635
-0.316853
-0.323011
-0.327984
0.284453
0.214163
0.250941
0.251273
0.284453
0.214163
0.250941
-0.328778
-0.322174
-0.317715
-0.323549
-0.328778
-0.322174
-0.317715
0.0779923
0.103452
0.0606845
0.150993
0.0779923
0.103452
0.0606845
-0.331082
-0.302136
-0.293368
-0.311715
-0.331082
-0.302136
-0.293368
)
;

boundaryField
{
    inlet
    {
        type            zeroGradient;
    }
    outlet
    {
        type            fixedValue;
        value           uniform 0;
    }
    top
    {
        type            symmetryPlane;
    }
    bottom
    {
        type            symmetryPlane;
    }
    front
    {
        type            symmetryPlane;
    }
    back
    {
        type            symmetryPlane;
    }
    cylinder
    {
        type            zeroGradient;
    }
}


// ************************************************************************* //
