/*--------------------------------*- C++ -*----------------------------------*\
  =========                 |
  \\      /  F ield         | OpenFOAM: The Open Source CFD Toolbox
   \\    /   O peration     | Website:  https://openfoam.org
    \\  /    A nd           | Version:  11
     \\/     M anipulation  |
\*---------------------------------------------------------------------------*/
FoamFile
{
    format      ascii;
    class       volScalarField;
    location    "4.165689";
    object      p;
}
// * * * * * * * * * * * * * * * * * * * * * * * * * * * * * * * * * * * * * //

dimensions      [0 2 -2 0 0 0 0];

internalField   nonuniform List<scalar> 
7132
(
0.0506788
0.0492227
0.0443101
0.0371122
0.0270167
0.0136834
-0.00303015
-0.0232111
-0.0464583
-0.071964
-0.0984844
-0.124301
-0.148446
-0.169994
-0.188238
-0.202719
-0.21305
-0.218949
-0.220246
-0.216939
-0.209262
-0.197729
-0.183116
-0.166382
-0.148545
-0.130555
-0.113192
-0.097023
-0.0823967
-0.0694754
-0.0582771
-0.0487204
-0.0406638
-0.0339366
-0.0283596
-0.0237603
-0.0199799
-0.0168781
-0.0143335
-0.0122436
-0.0105229
-0.00910095
-0.00792034
-0.00693452
-0.00610602
-0.00540476
-0.00480674
-0.00429279
-0.00384763
-0.00345908
-0.00311745
-0.00281497
-0.00254542
-0.00230381
-0.0020861
-0.00188902
-0.00170992
-0.00154661
-0.00139732
-0.00126059
-0.00113518
-0.0010201
-0.0009145
-0.000817669
-0.000729006
-0.000647982
-0.000574101
-0.000506847
-0.000445631
-0.000389764
-0.000338479
-0.000291032
-0.000246878
-0.000205855
-0.000168264
-0.000134743
-0.00010594
-8.21585e-05
-6.31726e-05
-4.83256e-05
-3.68095e-05
-2.79205e-05
-2.11444e-05
-1.60929e-05
-1.24059e-05
-9.71905e-06
-7.70108e-06
-6.10571e-06
-4.79011e-06
-3.69267e-06
-2.79277e-06
-2.07825e-06
-1.53008e-06
-1.12147e-06
-8.22903e-07
-6.07146e-07
-4.51772e-07
-3.39598e-07
-2.58041e-07
-1.98174e-07
-1.53803e-07
-1.20671e-07
-9.58415e-08
-7.72297e-08
-6.33121e-08
-5.29194e-08
-4.51595e-08
-3.93287e-08
-3.49111e-08
-3.15073e-08
-2.88509e-08
-2.67302e-08
-2.50193e-08
-2.36007e-08
-2.2417e-08
-2.13939e-08
-2.05091e-08
-1.97106e-08
-1.89968e-08
-1.83276e-08
-1.77144e-08
-1.71225e-08
-1.65711e-08
-1.60273e-08
-1.55155e-08
-1.50029e-08
-1.45174e-08
-1.40255e-08
-1.35581e-08
-1.30806e-08
-1.26261e-08
-1.21585e-08
-1.17131e-08
-1.12524e-08
-1.08135e-08
-1.03575e-08
-9.9231e-09
-9.47015e-09
-9.03881e-09
-8.58764e-09
-8.15819e-09
-7.70783e-09
-7.27943e-09
-6.82915e-09
-6.40116e-09
-5.95039e-09
-5.5225e-09
-5.07064e-09
-4.64302e-09
-4.18905e-09
-3.76283e-09
-3.30403e-09
-2.88295e-09
-2.41176e-09
-2.00748e-09
-1.50243e-09
-1.14975e-09
-5.52255e-10
-2.90129e-10
2.99967e-10
0.0512594
0.0498158
0.0449471
0.0377963
0.0277412
0.0144147
-0.00235013
-0.0226781
-0.0461664
-0.0720025
-0.098869
-0.124932
-0.149262
-0.170936
-0.189261
-0.203799
-0.214171
-0.220092
-0.221382
-0.218026
-0.210246
-0.198557
-0.183745
-0.166793
-0.148742
-0.130564
-0.113053
-0.096779
-0.0820895
-0.0691399
-0.0579399
-0.0483998
-0.0403709
-0.0336768
-0.0281346
-0.0235688
-0.0198192
-0.0167447
-0.0142238
-0.012154
-0.01045
-0.00904189
-0.00787256
-0.00689587
-0.00607472
-0.00537938
-0.00478608
-0.0042759
-0.00383375
-0.00344761
-0.0031079
-0.00280695
-0.00253864
-0.00229802
-0.00208112
-0.00188469
-0.00170612
-0.00154325
-0.00139432
-0.00125787
-0.00113271
-0.00101783
-0.000912388
-0.000815694
-0.00072715
-0.000646235
-0.000572462
-0.000505322
-0.00044423
-0.000388494
-0.00033734
-0.000290009
-0.000245946
-0.000204982
-0.000167423
-0.000133921
-0.000105144
-8.14092e-05
-6.24956e-05
-4.77379e-05
-3.6313e-05
-2.75048e-05
-2.07936e-05
-1.57936e-05
-1.21507e-05
-9.50574e-06
-7.52891e-06
-5.97288e-06
-4.69264e-06
-3.6249e-06
-2.74831e-06
-2.0508e-06
-1.51405e-06
-1.11229e-06
-8.17259e-07
-6.02987e-07
-4.48093e-07
-3.36101e-07
-2.54794e-07
-1.95347e-07
-1.51518e-07
-1.18953e-07
-9.46294e-08
-7.64139e-08
-6.27746e-08
-5.25596e-08
-4.4907e-08
-3.91406e-08
-3.47659e-08
-3.13942e-08
-2.8765e-08
-2.66663e-08
-2.49736e-08
-2.35679e-08
-2.2394e-08
-2.13771e-08
-2.04972e-08
-1.97014e-08
-1.89904e-08
-1.83225e-08
-1.77111e-08
-1.71197e-08
-1.65695e-08
-1.60257e-08
-1.55149e-08
-1.50019e-08
-1.45173e-08
-1.4025e-08
-1.35584e-08
-1.30803e-08
-1.26265e-08
-1.21583e-08
-1.17136e-08
-1.12523e-08
-1.08141e-08
-1.03574e-08
-9.92382e-09
-9.47009e-09
-9.03957e-09
-8.58758e-09
-8.15898e-09
-7.70779e-09
-7.28024e-09
-6.8291e-09
-6.40199e-09
-5.95033e-09
-5.52333e-09
-5.07057e-09
-4.64386e-09
-4.18898e-09
-3.76373e-09
-3.30393e-09
-2.88401e-09
-2.41145e-09
-2.00923e-09
-1.50107e-09
-1.15506e-09
-5.4519e-10
-3.15221e-10
3.44684e-10
0.0524152
0.050998
0.0462188
0.0391671
0.0291984
0.0158918
-0.000970319
-0.0215922
-0.0455691
-0.0720839
-0.0996594
-0.126215
-0.150915
-0.172836
-0.191317
-0.205967
-0.216422
-0.222392
-0.223676
-0.220225
-0.212242
-0.200239
-0.185025
-0.167627
-0.149141
-0.130581
-0.112769
-0.0962837
-0.0814678
-0.0684628
-0.0572608
-0.0477552
-0.0397829
-0.0331561
-0.0276839
-0.0231856
-0.019498
-0.0164784
-0.0140049
-0.0119752
-0.0103047
-0.00892414
-0.0077773
-0.00681884
-0.00601237
-0.0053288
-0.00474492
-0.00424226
-0.00380611
-0.00342476
-0.00308887
-0.00279099
-0.00252514
-0.00228651
-0.00207121
-0.00187609
-0.00169858
-0.00153658
-0.00138836
-0.0012525
-0.00112782
-0.00101333
-0.000908227
-0.000811811
-0.000723508
-0.000642817
-0.00056927
-0.000502377
-0.000441562
-0.00038613
-0.000335283
-0.000288232
-0.000244381
-0.000203539
-0.000166013
-0.000132485
-0.000103671
-7.99369e-05
-6.1088e-05
-4.64585e-05
-3.52043e-05
-2.65812e-05
-2.0047e-05
-1.52041e-05
-1.1695e-05
-9.16012e-06
-7.27028e-06
-5.77957e-06
-4.54626e-06
-3.51197e-06
-2.66026e-06
-1.98259e-06
-1.4623e-06
-1.07404e-06
-7.89584e-07
-5.83145e-07
-4.33786e-07
-3.25605e-07
-2.46922e-07
-1.89336e-07
-1.46896e-07
-1.15418e-07
-9.19686e-08
-7.44512e-08
-6.13545e-08
-5.15448e-08
-4.4184e-08
-3.86217e-08
-3.43889e-08
-3.11168e-08
-2.85597e-08
-2.65142e-08
-2.48616e-08
-2.34858e-08
-2.23343e-08
-2.13334e-08
-2.04654e-08
-1.96778e-08
-1.89731e-08
-1.83095e-08
-1.77016e-08
-1.71123e-08
-1.65641e-08
-1.60214e-08
-1.55117e-08
-1.49993e-08
-1.45154e-08
-1.40232e-08
-1.35572e-08
-1.30791e-08
-1.26257e-08
-1.21573e-08
-1.1713e-08
-1.12515e-08
-1.08136e-08
-1.03567e-08
-9.92342e-09
-9.46948e-09
-9.03923e-09
-8.58702e-09
-8.15869e-09
-7.70727e-09
-7.27999e-09
-6.82861e-09
-6.40177e-09
-5.94987e-09
-5.52316e-09
-5.07015e-09
-4.64375e-09
-4.18858e-09
-3.76373e-09
-3.30351e-09
-2.88436e-09
-2.41068e-09
-2.01099e-09
-1.49846e-09
-1.16356e-09
-5.32089e-10
-3.58802e-10
4.22717e-10
0.0541361
0.0527606
0.0481224
0.0412297
0.0314045
0.0181436
0.00114884
-0.0199142
-0.0446408
-0.0722219
-0.100904
-0.128198
-0.153446
-0.175729
-0.194436
-0.209251
-0.21983
-0.225877
-0.227153
-0.223562
-0.215269
-0.202784
-0.186954
-0.168876
-0.149725
-0.130585
-0.112317
-0.0955161
-0.080514
-0.0674302
-0.0562298
-0.0467802
-0.0388961
-0.0323729
-0.0270075
-0.0226116
-0.0190177
-0.0160807
-0.0136784
-0.0117088
-0.0100883
-0.00874891
-0.00763561
-0.00670429
-0.00591966
-0.0052536
-0.00468372
-0.00419222
-0.00376498
-0.00339074
-0.00306053
-0.0027672
-0.002505
-0.00226932
-0.0020564
-0.00186322
-0.00168729
-0.00152658
-0.00137942
-0.00124443
-0.00112047
-0.00100657
-0.000901953
-0.000805946
-0.000717996
-0.000637628
-0.000564405
-0.00049786
-0.000437433
-0.000382424
-0.000332008
-0.000285346
-0.000241793
-0.000201125
-0.000163652
-0.000130099
-0.000101253
-7.75477e-05
-5.88247e-05
-4.44166e-05
-3.34466e-05
-2.51286e-05
-1.8886e-05
-1.43025e-05
-1.1013e-05
-8.65593e-06
-6.90281e-06
-5.51093e-06
-4.34538e-06
-3.35699e-06
-2.53802e-06
-1.88597e-06
-1.387e-06
-1.01645e-06
-7.46158e-07
-5.5057e-07
-4.09317e-07
-3.07159e-07
-2.32995e-07
-1.78844e-07
-1.39041e-07
-1.09591e-07
-8.76902e-08
-7.13373e-08
-5.91002e-08
-4.99137e-08
-4.30002e-08
-3.77577e-08
-3.37557e-08
-3.06513e-08
-2.82179e-08
-2.62636e-08
-2.46789e-08
-2.33526e-08
-2.22377e-08
-2.12628e-08
-2.04143e-08
-1.96403e-08
-1.89461e-08
-1.82895e-08
-1.76873e-08
-1.71017e-08
-1.65568e-08
-1.60158e-08
-1.5508e-08
-1.49963e-08
-1.45136e-08
-1.40216e-08
-1.35564e-08
-1.30782e-08
-1.26255e-08
-1.21569e-08
-1.17131e-08
-1.12512e-08
-1.08139e-08
-1.03566e-08
-9.92381e-09
-9.46938e-09
-9.03967e-09
-8.58695e-09
-8.15916e-09
-7.70721e-09
-7.28048e-09
-6.82856e-09
-6.40228e-09
-5.94982e-09
-5.52369e-09
-5.07011e-09
-4.64432e-09
-4.18854e-09
-3.76445e-09
-3.30341e-09
-2.88555e-09
-2.41011e-09
-2.01409e-09
-1.49534e-09
-1.17534e-09
-5.15162e-10
-4.13831e-10
5.20067e-10
0.0564053
0.0550894
0.0506518
0.0439906
0.0343835
0.0212147
0.00407011
-0.0175798
-0.0433374
-0.0724365
-0.10268
-0.130954
-0.156921
-0.179663
-0.198648
-0.213674
-0.224424
-0.230591
-0.231881
-0.228123
-0.219422
-0.206281
-0.1896
-0.170576
-0.150504
-0.130565
-0.111678
-0.0944519
-0.0792046
-0.0660225
-0.0548322
-0.0454647
-0.0377044
-0.0313238
-0.0261041
-0.021847
-0.018379
-0.0155529
-0.0132456
-0.0113561
-0.00980214
-0.00851732
-0.00744845
-0.00655303
-0.00579727
-0.00515433
-0.00460292
-0.00412616
-0.00371066
-0.00334579
-0.00302307
-0.00273574
-0.00247837
-0.00224657
-0.00203681
-0.00184618
-0.00167234
-0.00151333
-0.00136757
-0.00123373
-0.00111071
-0.000997596
-0.000893619
-0.000798148
-0.000710657
-0.000630707
-0.000557895
-0.000491791
-0.000431854
-0.00037738
-0.00032751
-0.000281349
-0.000238189
-0.000197761
-0.000160378
-0.000126819
-9.79578e-05
-7.43116e-05
-5.57719e-05
-4.16692e-05
-3.10874e-05
-2.3188e-05
-1.73495e-05
-1.31285e-05
-1.01456e-05
-8.03289e-06
-6.46096e-06
-5.19255e-06
-4.10506e-06
-3.16533e-06
-2.37998e-06
-1.75572e-06
-1.28221e-06
-9.34742e-07
-6.84123e-07
-5.04303e-07
-3.75124e-07
-2.81958e-07
-2.144e-07
-1.65083e-07
-1.28833e-07
-1.02019e-07
-8.20897e-08
-6.72161e-08
-5.60848e-08
-4.7717e-08
-4.14033e-08
-3.65961e-08
-3.29091e-08
-3.00324e-08
-2.7765e-08
-2.59317e-08
-2.44362e-08
-2.3175e-08
-2.21082e-08
-2.11682e-08
-2.03454e-08
-1.95898e-08
-1.89094e-08
-1.82624e-08
-1.76677e-08
-1.70871e-08
-1.65463e-08
-1.60078e-08
-1.55024e-08
-1.49919e-08
-1.45105e-08
-1.40191e-08
-1.35548e-08
-1.30767e-08
-1.26246e-08
-1.21559e-08
-1.17127e-08
-1.12505e-08
-1.08137e-08
-1.0356e-08
-9.92369e-09
-9.46893e-09
-9.03963e-09
-8.58655e-09
-8.15917e-09
-7.70683e-09
-7.28052e-09
-6.82821e-09
-6.40235e-09
-5.9495e-09
-5.5238e-09
-5.0698e-09
-4.6445e-09
-4.18826e-09
-3.76481e-09
-3.30305e-09
-2.88649e-09
-2.40921e-09
-2.01726e-09
-1.49153e-09
-1.18813e-09
-4.96174e-10
-4.71031e-10
6.21047e-10
0.0591995
0.0579643
0.0537972
0.047457
0.0381666
0.025166
0.0078811
-0.0144965
-0.0415945
-0.0727641
-0.105106
-0.134587
-0.16143
-0.184712
-0.204012
-0.219287
-0.230251
-0.236582
-0.237904
-0.233944
-0.224727
-0.210742
-0.192958
-0.172708
-0.151445
-0.130479
-0.110805
-0.0930483
-0.0775038
-0.0642122
-0.0530487
-0.0437964
-0.0362011
-0.0300065
-0.0249741
-0.0208936
-0.017585
-0.0148981
-0.0127099
-0.0109202
-0.0094489
-0.00823177
-0.00721785
-0.00636677
-0.0056466
-0.00503213
-0.00450343
-0.00404478
-0.00364371
-0.00329034
-0.00297682
-0.00269685
-0.0024454
-0.00221838
-0.00201249
-0.00182501
-0.00165374
-0.00149684
-0.00135281
-0.00122039
-0.00109853
-0.000986372
-0.000883183
-0.000788363
-0.000701425
-0.000621968
-0.000549631
-0.000484024
-0.000424632
-0.000370751
-0.000321491
-0.0002759
-0.0002332
-0.00019308
-0.000155854
-0.00012236
-9.35649e-05
-7.00765e-05
-5.1835e-05
-3.81644e-05
-2.81019e-05
-2.07489e-05
-1.54339e-05
-1.16819e-05
-9.09474e-06
-7.29448e-06
-5.9492e-06
-4.82933e-06
-3.83061e-06
-2.94287e-06
-2.19277e-06
-1.59895e-06
-1.1548e-06
-8.34701e-07
-6.07673e-07
-4.46844e-07
-3.32308e-07
-2.50189e-07
-1.9088e-07
-1.4769e-07
-1.15985e-07
-9.25457e-08
-7.51254e-08
-6.21135e-08
-5.23573e-08
-4.49982e-08
-3.94209e-08
-3.51492e-08
-3.18519e-08
-2.92591e-08
-2.71995e-08
-2.55181e-08
-2.41343e-08
-2.29546e-08
-2.19478e-08
-2.10511e-08
-2.02604e-08
-1.95276e-08
-1.88643e-08
-1.82294e-08
-1.7644e-08
-1.70696e-08
-1.65339e-08
-1.59987e-08
-1.54961e-08
-1.49871e-08
-1.45075e-08
-1.40166e-08
-1.35534e-08
-1.30755e-08
-1.26242e-08
-1.21553e-08
-1.17127e-08
-1.12503e-08
-1.08139e-08
-1.03559e-08
-9.92406e-09
-9.46891e-09
-9.04006e-09
-8.58656e-09
-8.15963e-09
-7.70686e-09
-7.28099e-09
-6.82824e-09
-6.40285e-09
-5.94953e-09
-5.52431e-09
-5.06983e-09
-4.64507e-09
-4.18828e-09
-3.76557e-09
-3.30299e-09
-2.88786e-09
-2.40854e-09
-2.02094e-09
-1.48778e-09
-1.2013e-09
-4.77318e-10
-5.24361e-10
7.14079e-10
0.0624868
0.0613572
0.0575433
0.0516349
0.0427911
0.0300762
0.0127005
-0.0105327
-0.0393164
-0.0732588
-0.108354
-0.139241
-0.167091
-0.190948
-0.210563
-0.226115
-0.237356
-0.243938
-0.245369
-0.241218
-0.231388
-0.216347
-0.197156
-0.175338
-0.152561
-0.130305
-0.109657
-0.0912595
-0.0753696
-0.0619656
-0.0508547
-0.0417592
-0.0343768
-0.0284163
-0.0236163
-0.0197524
-0.0166376
-0.0141191
-0.0120738
-0.0104037
-0.00903094
-0.00789428
-0.00694554
-0.00614693
-0.00546882
-0.00488794
-0.00438602
-0.0039487
-0.00356462
-0.0032248
-0.0029221
-0.0026508
-0.00240632
-0.00218494
-0.00198362
-0.00179986
-0.00163163
-0.00147722
-0.00133523
-0.00120448
-0.001084
-0.000972964
-0.000870697
-0.000776636
-0.000690333
-0.00061143
-0.000539615
-0.000474538
-0.00041572
-0.000362461
-0.000313847
-0.000268873
-0.0002267
-0.00018697
-0.000149998
-0.000116678
-8.80699e-05
-6.48679e-05
-4.70578e-05
-3.39528e-05
-2.45391e-05
-1.7856e-05
-1.31824e-05
-1.00073e-05
-7.90696e-06
-6.48637e-06
-5.4077e-06
-4.45184e-06
-3.54137e-06
-2.69909e-06
-1.97907e-06
-1.41489e-06
-1.00303e-06
-7.14954e-07
-5.16209e-07
-3.7834e-07
-2.81552e-07
-2.12807e-07
-1.63429e-07
-1.27538e-07
-1.0117e-07
-8.16412e-08
-6.71019e-08
-5.62206e-08
-4.80402e-08
-4.18427e-08
-3.71181e-08
-3.34693e-08
-3.06263e-08
-2.8364e-08
-2.65456e-08
-2.50401e-08
-2.37853e-08
-2.26996e-08
-2.17619e-08
-2.09154e-08
-2.01616e-08
-1.94554e-08
-1.8812e-08
-1.8191e-08
-1.76163e-08
-1.70493e-08
-1.65194e-08
-1.59879e-08
-1.54886e-08
-1.49814e-08
-1.45036e-08
-1.40137e-08
-1.35516e-08
-1.30739e-08
-1.26233e-08
-1.21545e-08
-1.17124e-08
-1.12498e-08
-1.0814e-08
-1.03557e-08
-9.92423e-09
-9.46876e-09
-9.04029e-09
-8.58645e-09
-8.1599e-09
-7.70676e-09
-7.28128e-09
-6.82815e-09
-6.40315e-09
-5.94945e-09
-5.52463e-09
-5.06976e-09
-4.64546e-09
-4.18821e-09
-3.76615e-09
-3.30282e-09
-2.88906e-09
-2.40774e-09
-2.0244e-09
-1.48397e-09
-1.21347e-09
-4.59678e-10
-5.69834e-10
7.92899e-10
0.0662256
0.0652309
0.0618672
0.0565264
0.0482981
0.0360412
0.0186801
-0.00551042
-0.0363704
-0.0740129
-0.112679
-0.145102
-0.174051
-0.198493
-0.218399
-0.234236
-0.245794
-0.252697
-0.254293
-0.249954
-0.239416
-0.223104
-0.202189
-0.178436
-0.153796
-0.129971
-0.10816
-0.0890177
-0.0727467
-0.0592417
-0.0482227
-0.039337
-0.0322239
-0.0265517
-0.0220327
-0.0184276
-0.0155421
-0.0132213
-0.0113429
-0.00981142
-0.00855255
-0.00750853
-0.00663461
-0.00589609
-0.00526602
-0.00472345
-0.00425203
-0.00383897
-0.00347421
-0.00314978
-0.00285937
-0.00259794
-0.0023614
-0.00214643
-0.00195031
-0.00177081
-0.00160606
-0.0014545
-0.00131485
-0.00118602
-0.00106711
-0.000957362
-0.000856141
-0.000762933
-0.000677333
-0.000599028
-0.000527753
-0.000463206
-0.000404943
-0.000352284
-0.000304302
-0.000259955
-0.000218357
-0.000179112
-0.000142533
-0.000109561
-8.13299e-05
-5.86063e-05
-4.14068e-05
-2.90258e-05
-2.0404e-05
-1.45198e-05
-1.06101e-05
-8.12538e-06
-6.60869e-06
-5.638e-06
-4.86428e-06
-4.08217e-06
-3.2525e-06
-2.44334e-06
-1.74499e-06
-1.20854e-06
-8.31675e-07
-5.79904e-07
-4.13321e-07
-3.01329e-07
-2.24414e-07
-1.70656e-07
-1.32455e-07
-1.04812e-07
-8.4487e-08
-6.93859e-08
-5.81032e-08
-4.9623e-08
-4.3212e-08
-3.83143e-08
-3.45417e-08
-3.15882e-08
-2.92528e-08
-2.73607e-08
-2.58128e-08
-2.45048e-08
-2.33946e-08
-2.24144e-08
-2.15542e-08
-2.07639e-08
-2.00515e-08
-1.93751e-08
-1.87538e-08
-1.81486e-08
-1.75858e-08
-1.7027e-08
-1.65036e-08
-1.59764e-08
-1.54806e-08
-1.49755e-08
-1.44998e-08
-1.40108e-08
-1.35499e-08
-1.30726e-08
-1.26228e-08
-1.2154e-08
-1.17125e-08
-1.12498e-08
-1.08143e-08
-1.03558e-08
-9.92473e-09
-9.46895e-09
-9.04085e-09
-8.58667e-09
-8.16047e-09
-7.70698e-09
-7.28185e-09
-6.82836e-09
-6.40371e-09
-5.94964e-09
-5.52521e-09
-5.06994e-09
-4.64608e-09
-4.18837e-09
-3.76694e-09
-3.30288e-09
-2.89046e-09
-2.40718e-09
-2.02786e-09
-1.48058e-09
-1.22442e-09
-4.44286e-10
-6.06543e-10
8.55643e-10
0.0703626
0.0695368
0.0667352
0.0621267
0.0547303
0.0431778
0.0260171
0.00082121
-0.03256
-0.075162
-0.118445
-0.152425
-0.182486
-0.207409
-0.227506
-0.243641
-0.255631
-0.263044
-0.264992
-0.260543
-0.249196
-0.231327
-0.208261
-0.182096
-0.155157
-0.12943
-0.106241
-0.0862479
-0.0695707
-0.0559914
-0.0451192
-0.0365089
-0.0297315
-0.0244085
-0.0202237
-0.0169222
-0.0143027
-0.0122091
-0.0105213
-0.00914739
-0.00801725
-0.00707755
-0.00628758
-0.00561629
-0.00503987
-0.00454002
-0.00410256
-0.00371649
-0.00337319
-0.00306587
-0.00278914
-0.00253866
-0.00231095
-0.00210312
-0.00191282
-0.00173807
-0.00157721
-0.00142884
-0.00129181
-0.00116513
-0.00104798
-0.00093966
-0.000839597
-0.000747324
-0.000662481
-0.000584799
-0.000514062
-0.000450015
-0.000392257
-0.000340137
-0.000292741
-0.000249011
-0.000208037
-0.000169397
-0.000133396
-0.000100999
-7.33907e-05
-5.13748e-05
-3.49805e-05
-2.34796e-05
-1.57764e-05
-1.08069e-05
-7.77631e-06
-6.09611e-06
-5.26328e-06
-4.81252e-06
-4.37449e-06
-3.76186e-06
-2.98958e-06
-2.18804e-06
-1.49495e-06
-9.81025e-07
-6.41319e-07
-4.30451e-07
-3.00171e-07
-2.17016e-07
-1.62043e-07
-1.24786e-07
-9.8886e-08
-8.02838e-08
-6.65358e-08
-5.62184e-08
-4.84371e-08
-4.25333e-08
-3.80203e-08
-3.45179e-08
-3.17688e-08
-2.95639e-08
-2.77754e-08
-2.62821e-08
-2.50255e-08
-2.39298e-08
-2.2975e-08
-2.21082e-08
-2.1331e-08
-2.06011e-08
-1.99331e-08
-1.92888e-08
-1.86912e-08
-1.8103e-08
-1.75529e-08
-1.70031e-08
-1.64866e-08
-1.5964e-08
-1.54719e-08
-1.49692e-08
-1.44956e-08
-1.40077e-08
-1.3548e-08
-1.30712e-08
-1.26222e-08
-1.21535e-08
-1.17125e-08
-1.12497e-08
-1.08146e-08
-1.03559e-08
-9.92516e-09
-9.46914e-09
-9.04133e-09
-8.58688e-09
-8.16096e-09
-7.70718e-09
-7.28234e-09
-6.82855e-09
-6.40419e-09
-5.94981e-09
-5.52569e-09
-5.0701e-09
-4.6466e-09
-4.18851e-09
-3.76764e-09
-3.30291e-09
-2.8917e-09
-2.40663e-09
-2.03091e-09
-1.4775e-09
-1.23364e-09
-4.31253e-10
-6.34822e-10
9.03577e-10
0.0748311
0.0742125
0.072099
0.0684177
0.0621242
0.0516145
0.0349497
0.00879497
-0.0276204
-0.0769496
-0.126174
-0.161493
-0.192636
-0.217923
-0.238065
-0.254421
-0.266855
-0.27489
-0.277338
-0.272888
-0.260694
-0.241023
-0.215376
-0.186283
-0.156566
-0.128574
-0.103791
-0.0828529
-0.0657658
-0.0521621
-0.0415118
-0.0332588
-0.0268945
-0.021989
-0.0181957
-0.0152444
-0.0129283
-0.0110915
-0.00961723
-0.00841869
-0.00743114
-0.00660646
-0.00590872
-0.00531105
-0.00479322
-0.00433989
-0.00393937
-0.00358262
-0.00326263
-0.00297387
-0.00271197
-0.00247339
-0.00225527
-0.00205524
-0.00187129
-0.00170173
-0.00154515
-0.0014003
-0.00126616
-0.00114185
-0.00102663
-0.000919872
-0.00082107
-0.000729803
-0.000645758
-0.00056871
-0.000498486
-0.000434879
-0.000377536
-0.000325856
-0.00027896
-0.000235812
-0.000195511
-0.000157627
-0.000122453
-9.09411e-05
-6.42709e-05
-4.32433e-05
-2.78671e-05
-1.73985e-05
-1.07162e-05
-6.75958e-06
-4.71858e-06
-3.96345e-06
-3.92465e-06
-4.06871e-06
-3.99216e-06
-3.53151e-06
-2.77745e-06
-1.94554e-06
-1.23481e-06
-7.36557e-07
-4.36488e-07
-2.71298e-07
-1.80838e-07
-1.28413e-07
-9.64291e-08
-7.64562e-08
-6.35138e-08
-5.44615e-08
-4.76518e-08
-4.2373e-08
-3.8279e-08
-3.50885e-08
-3.25726e-08
-3.05362e-08
-2.88606e-08
-2.74406e-08
-2.62254e-08
-2.51505e-08
-2.41995e-08
-2.33269e-08
-2.25352e-08
-2.17873e-08
-2.10972e-08
-2.04307e-08
-1.98093e-08
-1.91987e-08
-1.8626e-08
-1.80557e-08
-1.75189e-08
-1.69785e-08
-1.6469e-08
-1.59514e-08
-1.54632e-08
-1.4963e-08
-1.44915e-08
-1.40048e-08
-1.35464e-08
-1.30701e-08
-1.26218e-08
-1.21532e-08
-1.17127e-08
-1.12498e-08
-1.08151e-08
-1.03563e-08
-9.92583e-09
-9.4696e-09
-9.04204e-09
-8.58734e-09
-8.16166e-09
-7.70762e-09
-7.28302e-09
-6.82896e-09
-6.40485e-09
-5.95019e-09
-5.52633e-09
-5.07044e-09
-4.64727e-09
-4.18882e-09
-3.76845e-09
-3.30311e-09
-2.89299e-09
-2.40629e-09
-2.03373e-09
-1.47495e-09
-1.24133e-09
-4.20699e-10
-6.56084e-10
9.39099e-10
0.0795492
0.0791798
0.0778924
0.0753645
0.0705067
0.0615016
0.0457854
0.0188977
-0.0211423
-0.0797062
-0.136682
-0.172773
-0.204649
-0.229892
-0.249865
-0.266505
-0.27964
-0.28869
-0.292018
-0.287744
-0.274584
-0.252698
-0.223833
-0.19111
-0.157999
-0.127307
-0.100685
-0.0787183
-0.0612408
-0.0476892
-0.0373597
-0.0295641
-0.0237034
-0.0192919
-0.0159523
-0.0134004
-0.0114259
-0.00987522
-0.00863708
-0.00763106
-0.00679912
-0.00609934
-0.00550136
-0.00498305
-0.00452821
-0.00412482
-0.00376386
-0.0034385
-0.00314343
-0.00287453
-0.00262849
-0.00240266
-0.00219484
-0.00200316
-0.00182604
-0.0016621
-0.00151014
-0.00136911
-0.0012381
-0.00111636
-0.00100322
-0.000898154
-0.000800698
-0.000710494
-0.000627273
-0.000550853
-0.000481098
-0.000417849
-0.000360807
-0.000309438
-0.000262938
-0.00022034
-0.000180784
-0.000143861
-0.000109828
-7.95791e-05
-5.42198e-05
-3.44733e-05
-2.03091e-05
-1.09705e-05
-5.36322e-06
-2.48031e-06
-1.52084e-06
-1.81096e-06
-2.68272e-06
-3.49676e-06
-3.79524e-06
-3.44672e-06
-2.64721e-06
-1.72854e-06
-9.68056e-07
-4.76555e-07
-2.19507e-07
-1.05581e-07
-5.83061e-08
-3.78285e-08
-2.92451e-08
-2.69149e-08
-2.73164e-08
-2.81126e-08
-2.84156e-08
-2.82748e-08
-2.79345e-08
-2.75078e-08
-2.70264e-08
-2.64827e-08
-2.59001e-08
-2.52793e-08
-2.46481e-08
-2.39994e-08
-2.33596e-08
-2.27139e-08
-2.20881e-08
-2.14612e-08
-2.08597e-08
-2.02577e-08
-1.96835e-08
-1.91072e-08
-1.85597e-08
-1.80076e-08
-1.74843e-08
-1.69535e-08
-1.64513e-08
-1.59386e-08
-1.54544e-08
-1.49568e-08
-1.44874e-08
-1.4002e-08
-1.35447e-08
-1.3069e-08
-1.26214e-08
-1.2153e-08
-1.17129e-08
-1.12501e-08
-1.08157e-08
-1.03567e-08
-9.9265e-09
-9.4701e-09
-9.04274e-09
-8.58784e-09
-8.16235e-09
-7.7081e-09
-7.28367e-09
-6.82939e-09
-6.40547e-09
-5.95059e-09
-5.52693e-09
-5.0708e-09
-4.64789e-09
-4.18915e-09
-3.76919e-09
-3.30333e-09
-2.89415e-09
-2.40602e-09
-2.03612e-09
-1.4728e-09
-1.24747e-09
-4.12279e-10
-6.71709e-10
9.65004e-10
0.0844184
0.0843412
0.0840245
0.0828987
0.0798738
0.0729691
0.0588625
0.0317508
-0.012629
-0.0841044
-0.150885
-0.186617
-0.219123
-0.243942
-0.263242
-0.279842
-0.293622
-0.303928
-0.308542
-0.304843
-0.290833
-0.266444
-0.233716
-0.196567
-0.159352
-0.125473
-0.0967644
-0.0737079
-0.0558969
-0.0425103
-0.0326301
-0.0254131
-0.0201601
-0.0163269
-0.0135068
-0.0114045
-0.0098093
-0.00857297
-0.00759184
-0.00679386
-0.00612904
-0.00556272
-0.00507084
-0.00463663
-0.00424832
-0.00389752
-0.00357817
-0.00328576
-0.00301684
-0.00276877
-0.00253938
-0.00232694
-0.00212994
-0.0019471
-0.00177722
-0.00161927
-0.00147225
-0.00133531
-0.00120769
-0.00108871
-0.000977817
-0.000874551
-0.000778524
-0.000689435
-0.00060706
-0.000531253
-0.000461912
-0.000398921
-0.000342045
-0.000290844
-0.000244632
-0.000202567
-0.000163871
-0.000128168
-9.56903e-05
-6.71735e-05
-4.35392e-05
-2.53829e-05
-1.25762e-05
-4.38293e-06
1.62709e-07
1.96045e-06
1.76227e-06
2.98828e-07
-1.6148e-06
-3.18005e-06
-3.85728e-06
-3.55892e-06
-2.62589e-06
-1.54699e-06
-6.97943e-07
-2.04591e-07
3.93393e-09
6.02932e-08
6.20302e-08
5.09963e-08
3.71376e-08
2.23446e-08
8.70508e-09
-1.9189e-09
-9.29074e-09
-1.42412e-08
-1.76301e-08
-1.99587e-08
-2.15075e-08
-2.24514e-08
-2.29565e-08
-2.31304e-08
-2.308e-08
-2.28551e-08
-2.25246e-08
-2.21047e-08
-2.16439e-08
-2.11374e-08
-2.06239e-08
-2.0086e-08
-1.95588e-08
-1.90167e-08
-1.84942e-08
-1.79602e-08
-1.74503e-08
-1.6929e-08
-1.6434e-08
-1.59264e-08
-1.5446e-08
-1.49509e-08
-1.44836e-08
-1.39994e-08
-1.35433e-08
-1.30682e-08
-1.26213e-08
-1.21531e-08
-1.17134e-08
-1.12506e-08
-1.08165e-08
-1.03574e-08
-9.92737e-09
-9.47083e-09
-9.04362e-09
-8.58855e-09
-8.16319e-09
-7.70876e-09
-7.28447e-09
-6.83e-09
-6.40622e-09
-5.95114e-09
-5.52764e-09
-5.0713e-09
-4.64859e-09
-4.18959e-09
-3.76999e-09
-3.30366e-09
-2.89528e-09
-2.40593e-09
-2.03824e-09
-1.47113e-09
-1.25237e-09
-4.05771e-10
-6.83112e-10
9.8366e-10
0.0893228
0.0895809
0.0903761
0.0909224
0.0901865
0.0861724
0.0746313
0.0483755
-0.00117367
-0.0910946
-0.171168
-0.203613
-0.235285
-0.259078
-0.277801
-0.29479
-0.309819
-0.322107
-0.328596
-0.325712
-0.31067
-0.28312
-0.245501
-0.202805
-0.160553
-0.122887
-0.0918207
-0.0676418
-0.0495997
-0.0365363
-0.0272705
-0.0207796
-0.0162552
-0.0130946
-0.0108653
-0.00926528
-0.00808791
-0.00719375
-0.00648969
-0.0059142
-0.00542688
-0.00500149
-0.00462111
-0.00427493
-0.00395604
-0.00366001
-0.0033839
-0.00312571
-0.00288396
-0.0026575
-0.00244543
-0.00224691
-0.00206121
-0.00188759
-0.00172532
-0.00157366
-0.00143189
-0.0012993
-0.00117526
-0.00105921
-0.000950699
-0.000849331
-0.000754799
-0.000666863
-0.000585345
-0.000510129
-0.000441142
-0.000378306
-0.000321467
-0.000270306
-0.00022431
-0.000182814
-0.000145192
-0.000111085
-8.06057e-05
-5.43092e-05
-3.28315e-05
-1.64753e-05
-5.04598e-06
2.07667e-06
5.67394e-06
6.44123e-06
5.03804e-06
2.27633e-06
-8.14625e-07
-3.20756e-06
-4.24825e-06
-3.91023e-06
-2.72831e-06
-1.39974e-06
-4.19791e-07
8.04877e-08
2.30754e-07
2.21526e-07
1.75946e-07
1.35144e-07
1.00878e-07
7.00057e-08
4.3546e-08
2.33575e-08
9.16519e-09
-6.72753e-10
-7.65493e-09
-1.26526e-08
-1.61703e-08
-1.85545e-08
-2.01113e-08
-2.10537e-08
-2.15648e-08
-2.17497e-08
-2.17183e-08
-2.15166e-08
-2.12152e-08
-2.08249e-08
-2.03964e-08
-1.99205e-08
-1.94386e-08
-1.89295e-08
-1.84311e-08
-1.79146e-08
-1.74176e-08
-1.69056e-08
-1.64175e-08
-1.59147e-08
-1.5438e-08
-1.49454e-08
-1.44801e-08
-1.39972e-08
-1.35422e-08
-1.30676e-08
-1.26212e-08
-1.21533e-08
-1.1714e-08
-1.12512e-08
-1.08173e-08
-1.03582e-08
-9.92828e-09
-9.47162e-09
-9.04452e-09
-8.58931e-09
-8.16405e-09
-7.70947e-09
-7.28527e-09
-6.83065e-09
-6.40696e-09
-5.95173e-09
-5.52834e-09
-5.07184e-09
-4.64928e-09
-4.19007e-09
-3.77074e-09
-3.30403e-09
-2.8963e-09
-2.40592e-09
-2.04001e-09
-1.46983e-09
-1.25617e-09
-4.0078e-10
-6.91338e-10
9.9704e-10
0.0941292
0.0947577
0.0967928
0.0992619
0.101324
0.101102
0.0934709
0.069796
0.0138718
-0.101341
-0.197845
-0.225632
-0.256596
-0.277646
-0.294207
-0.310761
-0.326978
-0.341868
-0.351081
-0.349865
-0.334182
-0.303072
-0.259477
-0.209895
-0.161467
-0.11931
-0.0856058
-0.0603181
-0.0422107
-0.0296863
-0.0212432
-0.0156544
-0.0119965
-0.00961129
-0.00804701
-0.00700196
-0.00627927
-0.00575292
-0.00534374
-0.00500307
-0.0047018
-0.00442323
-0.00415841
-0.00390304
-0.00365548
-0.00341554
-0.00318363
-0.00296034
-0.00274627
-0.00254187
-0.00234744
-0.00216315
-0.00198902
-0.00182491
-0.00167051
-0.00152543
-0.00138916
-0.00126116
-0.00114093
-0.001028
-0.000921995
-0.000822627
-0.000729664
-0.000642927
-0.000562285
-0.00048765
-0.000418971
-0.000356217
-0.000299327
-0.000248147
-0.00020238
-0.000161596
-0.000125328
-9.32502e-05
-6.53044e-05
-4.16768e-05
-2.26108e-05
-8.1477e-06
1.9858e-06
8.25507e-06
1.11114e-05
1.0948e-05
8.3043e-06
4.11382e-06
-2.96885e-07
-3.59192e-06
-4.97031e-06
-4.49054e-06
-2.93435e-06
-1.26718e-06
-1.22226e-07
3.80477e-07
4.56693e-07
3.72284e-07
2.78694e-07
2.11509e-07
1.60042e-07
1.14719e-07
7.62338e-08
4.70288e-08
2.64815e-08
1.21064e-08
1.75864e-09
-5.76126e-09
-1.11424e-08
-1.48863e-08
-1.74335e-08
-1.90993e-08
-2.0139e-08
-2.07097e-08
-2.09598e-08
-2.09635e-08
-2.08121e-08
-2.05314e-08
-2.01829e-08
-1.97653e-08
-1.9326e-08
-1.88479e-08
-1.83723e-08
-1.78722e-08
-1.73873e-08
-1.6884e-08
-1.64024e-08
-1.59042e-08
-1.54308e-08
-1.49406e-08
-1.44771e-08
-1.39954e-08
-1.35413e-08
-1.30673e-08
-1.26215e-08
-1.21539e-08
-1.17148e-08
-1.12521e-08
-1.08183e-08
-1.03592e-08
-9.92936e-09
-9.47261e-09
-9.04558e-09
-8.59024e-09
-8.16504e-09
-7.71032e-09
-7.28618e-09
-6.83142e-09
-6.40781e-09
-5.95243e-09
-5.52912e-09
-5.07247e-09
-4.65003e-09
-4.19063e-09
-3.77153e-09
-3.30448e-09
-2.89728e-09
-2.40603e-09
-2.04153e-09
-1.4689e-09
-1.25913e-09
-3.9706e-10
-6.97277e-10
1.00657e-09
0.0986892
0.0997159
0.10308
0.107713
0.113074
0.117856
0.115975
0.0988592
0.0346053
-0.124079
-0.238414
-0.24816
-0.277312
-0.297145
-0.312464
-0.328772
-0.346223
-0.363866
-0.375958
-0.376587
-0.360436
-0.325534
-0.275137
-0.2175
-0.161813
-0.114478
-0.0778823
-0.0515503
-0.0336027
-0.0218856
-0.014513
-0.0100285
-0.00739024
-0.00589151
-0.0050701
-0.00463337
-0.00440134
-0.00426678
-0.00416821
-0.00407255
-0.00396378
-0.00383607
-0.00368925
-0.00352615
-0.0033508
-0.00316748
-0.00298011
-0.00279199
-0.0026058
-0.00242361
-0.00224698
-0.00207707
-0.00191466
-0.0017602
-0.00161385
-0.00147551
-0.00134491
-0.00122167
-0.00110536
-0.000995648
-0.00089224
-0.000794934
-0.000703586
-0.000618086
-0.000538346
-0.000464301
-0.00039593
-0.000333258
-0.000276342
-0.000225222
-0.000179852
-0.00014005
-0.000105506
-7.58571e-05
-5.07908e-05
-3.00766e-05
-1.34964e-05
-7.77548e-07
8.36508e-06
1.4112e-05
1.64844e-05
1.55094e-05
1.1601e-05
5.86866e-06
2.01212e-08
-4.2286e-06
-5.90688e-06
-5.18742e-06
-3.15231e-06
-1.08695e-06
2.29596e-07
7.10933e-07
6.8712e-07
5.13965e-07
3.70514e-07
2.79955e-07
2.13998e-07
1.55731e-07
1.06064e-07
6.85289e-08
4.2232e-08
2.37773e-08
1.03688e-08
5.32942e-10
-6.5591e-09
-1.15455e-08
-1.49955e-08
-1.73202e-08
-1.88415e-08
-1.97636e-08
-2.027e-08
-2.04606e-08
-2.04458e-08
-2.02647e-08
-1.9989e-08
-1.96244e-08
-1.92239e-08
-1.87741e-08
-1.83191e-08
-1.7834e-08
-1.73601e-08
-1.68648e-08
-1.6389e-08
-1.58949e-08
-1.54247e-08
-1.49366e-08
-1.44747e-08
-1.3994e-08
-1.35409e-08
-1.30674e-08
-1.2622e-08
-1.21546e-08
-1.17158e-08
-1.12531e-08
-1.08195e-08
-1.03603e-08
-9.93052e-09
-9.47368e-09
-9.04668e-09
-8.59124e-09
-8.16606e-09
-7.71124e-09
-7.28713e-09
-6.83226e-09
-6.40867e-09
-5.95318e-09
-5.52991e-09
-5.07314e-09
-4.65077e-09
-4.19122e-09
-3.77228e-09
-3.30497e-09
-2.89816e-09
-2.40622e-09
-2.04281e-09
-1.46824e-09
-1.2614e-09
-3.94311e-10
-7.01522e-10
1.01335e-09
0.102844
0.104271
0.109006
0.115908
0.125072
0.135719
0.142329
0.134813
0.0629688
-0.133586
-0.304818
-0.292815
-0.307511
-0.315518
-0.324431
-0.337777
-0.355348
-0.376093
-0.392645
-0.397028
-0.382106
-0.345088
-0.289058
-0.223841
-0.160907
-0.1083
-0.068822
-0.0415936
-0.0240368
-0.0133729
-0.00728751
-0.00407705
-0.00258145
-0.00205289
-0.00202875
-0.00223416
-0.00251291
-0.00278142
-0.00299928
-0.00315114
-0.00323543
-0.00325801
-0.00322808
-0.00315588
-0.00305135
-0.00292337
-0.0027794
-0.0026255
-0.00246641
-0.0023058
-0.00214648
-0.00199057
-0.00183961
-0.00169464
-0.00155624
-0.00142462
-0.00129969
-0.00118122
-0.00106888
-0.000962422
-0.00086165
-0.000766453
-0.000676771
-0.000592563
-0.000513784
-0.000440403
-0.000372436
-0.000309987
-0.000253251
-0.000202472
-0.000157842
-0.000119384
-8.68771e-05
-5.9861e-05
-3.77111e-05
-1.97426e-05
-5.31225e-06
6.07248e-06
1.46174e-05
2.01475e-05
2.22082e-05
2.04569e-05
1.52192e-05
7.83879e-06
4.63209e-07
-4.77735e-06
-6.73866e-06
-5.73911e-06
-3.20667e-06
-7.61072e-07
6.81571e-07
1.09163e-06
9.32027e-07
6.53029e-07
4.55409e-07
3.42299e-07
2.63036e-07
1.92743e-07
1.32642e-07
8.75232e-08
5.61423e-08
3.41104e-08
1.79887e-08
6.08579e-09
-2.52812e-09
-8.61233e-09
-1.28562e-08
-1.57599e-08
-1.77041e-08
-1.89345e-08
-1.96657e-08
-2.00204e-08
-2.01253e-08
-2.00316e-08
-1.98197e-08
-1.95017e-08
-1.91351e-08
-1.871e-08
-1.82731e-08
-1.78012e-08
-1.73369e-08
-1.68484e-08
-1.63778e-08
-1.58874e-08
-1.54198e-08
-1.49336e-08
-1.4473e-08
-1.39933e-08
-1.3541e-08
-1.30679e-08
-1.26229e-08
-1.21556e-08
-1.1717e-08
-1.12543e-08
-1.08208e-08
-1.03616e-08
-9.93184e-09
-9.47493e-09
-9.04793e-09
-8.59238e-09
-8.1672e-09
-7.71228e-09
-7.28817e-09
-6.83319e-09
-6.40961e-09
-5.95401e-09
-5.53076e-09
-5.07388e-09
-4.65155e-09
-4.19188e-09
-3.77304e-09
-3.3055e-09
-2.899e-09
-2.4065e-09
-2.0439e-09
-1.46784e-09
-1.26314e-09
-3.92355e-10
-7.04561e-10
1.01811e-09
0.106429
0.108244
0.11429
0.123513
0.136712
0.154676
0.173252
0.189397
0.103656
-0.122866
-0.337293
-0.300557
-0.318736
-0.324535
-0.329677
-0.342094
-0.359619
-0.381218
-0.399274
-0.406099
-0.39271
-0.35536
-0.296362
-0.226133
-0.1578
-0.101006
-0.0592128
-0.0313866
-0.0143903
-0.00488378
-0.000151935
0.00174581
0.00208115
0.00163702
0.000871373
3.70756e-05
-0.000736504
-0.00139156
-0.00190996
-0.00229485
-0.00255949
-0.0027216
-0.00279969
-0.00281127
-0.00277195
-0.00269494
-0.00259103
-0.00246876
-0.00233476
-0.00219416
-0.0020509
-0.001908
-0.00176768
-0.00163153
-0.00150051
-0.00137511
-0.00125543
-0.00114136
-0.00103269
-0.000929254
-0.000830957
-0.000737776
-0.000649729
-0.000566834
-0.000489092
-0.000416512
-0.000349168
-0.000287252
-0.000231096
-0.000181106
-0.000137635
-0.000100814
-7.04139e-05
-4.58159e-05
-2.61029e-05
-1.02402e-05
2.70001e-06
1.32996e-05
2.15952e-05
2.70403e-05
2.87609e-05
2.61325e-05
1.94691e-05
1.03893e-05
1.47825e-06
-4.74816e-06
-7.0058e-06
-5.78618e-06
-2.86946e-06
-1.70586e-07
1.28834e-06
1.55064e-06
1.21134e-06
8.04962e-07
5.43298e-07
4.03091e-07
3.08703e-07
2.26048e-07
1.55927e-07
1.03892e-07
6.80444e-08
4.29161e-08
2.44476e-08
1.07637e-08
8.50755e-10
-6.16118e-09
-1.10718e-08
-1.44599e-08
-1.67573e-08
-1.82448e-08
-1.91633e-08
-1.96546e-08
-1.98593e-08
-1.98383e-08
-1.96795e-08
-1.94002e-08
-1.9062e-08
-1.86574e-08
-1.82355e-08
-1.77745e-08
-1.73181e-08
-1.68355e-08
-1.63691e-08
-1.58818e-08
-1.54164e-08
-1.49316e-08
-1.44721e-08
-1.3993e-08
-1.35412e-08
-1.30687e-08
-1.2624e-08
-1.21568e-08
-1.17183e-08
-1.12558e-08
-1.08222e-08
-1.0363e-08
-9.93324e-09
-9.47625e-09
-9.04924e-09
-8.59358e-09
-8.16839e-09
-7.71337e-09
-7.28924e-09
-6.83418e-09
-6.41058e-09
-5.95489e-09
-5.53164e-09
-5.07467e-09
-4.65235e-09
-4.19256e-09
-3.77379e-09
-3.30607e-09
-2.89978e-09
-2.40685e-09
-2.04482e-09
-1.46764e-09
-1.26446e-09
-3.91001e-10
-7.06692e-10
1.0214e-09
0.109287
0.111432
0.118647
0.129899
0.147206
0.171821
0.207668
0.214239
0.194604
-0.140336
-0.429482
-0.318438
-0.320375
-0.324331
-0.328063
-0.340608
-0.358598
-0.381309
-0.400639
-0.408161
-0.39517
-0.357589
-0.297047
-0.224166
-0.152854
-0.0936896
-0.050617
-0.0226127
-0.00623437
0.00223642
0.00580398
0.00658715
0.00594372
0.00468334
0.00325845
0.00190215
0.000720192
-0.00025211
-0.00101601
-0.00159051
-0.00200152
-0.00227677
-0.00244249
-0.0025222
-0.00253608
-0.00250084
-0.00242988
-0.00233373
-0.00222053
-0.00209658
-0.00196672
-0.00183469
-0.00170327
-0.00157447
-0.00144958
-0.00132931
-0.00121394
-0.00110348
-0.00099784
-0.000896943
-0.000800774
-0.000709385
-0.000622852
-0.000541242
-0.000464602
-0.000392993
-0.000326553
-0.000265558
-0.000210428
-0.000161651
-0.000119627
-8.44734e-05
-5.58808e-05
-3.3082e-05
-1.49701e-05
-3.34704e-07
1.18384e-05
2.20736e-05
3.02035e-05
3.53897e-05
3.64877e-05
3.27411e-05
2.45415e-05
1.37836e-05
3.41524e-06
-3.75525e-06
-6.37356e-06
-5.11404e-06
-2.05042e-06
6.91052e-07
2.02595e-06
2.06867e-06
1.51969e-06
9.72473e-07
6.37656e-07
4.63719e-07
3.51119e-07
2.55404e-07
1.7573e-07
1.1748e-07
7.77584e-08
5.00033e-08
2.95857e-08
1.44505e-08
3.49548e-09
-4.25176e-09
-9.68613e-09
-1.34525e-08
-1.60245e-08
-1.77116e-08
-1.87753e-08
-1.93725e-08
-1.96544e-08
-1.96898e-08
-1.95721e-08
-1.93228e-08
-1.90064e-08
-1.86177e-08
-1.82074e-08
-1.77548e-08
-1.73046e-08
-1.68263e-08
-1.63632e-08
-1.58786e-08
-1.54146e-08
-1.49308e-08
-1.44722e-08
-1.39933e-08
-1.35425e-08
-1.30699e-08
-1.26254e-08
-1.21584e-08
-1.172e-08
-1.12574e-08
-1.08239e-08
-1.03646e-08
-9.9348e-09
-9.47775e-09
-9.05067e-09
-8.59491e-09
-8.16968e-09
-7.71457e-09
-7.2904e-09
-6.83525e-09
-6.41161e-09
-5.95584e-09
-5.53255e-09
-5.0755e-09
-4.65317e-09
-4.19328e-09
-3.77454e-09
-3.30667e-09
-2.90051e-09
-2.40725e-09
-2.04561e-09
-1.46762e-09
-1.26545e-09
-3.9015e-10
-7.08161e-10
1.02357e-09
0.11128
0.113679
0.121751
0.134671
0.155084
0.186763
0.235576
0.276081
0.332827
-0.110755
-0.321274
-0.31952
-0.324717
-0.329532
-0.341604
-0.35895
-0.380743
-0.399121
-0.406082
-0.392458
-0.354035
-0.292848
-0.219345
-0.147345
-0.0876085
-0.0443284
-0.0165587
-0.000751292
0.00696839
0.00973678
0.00976956
0.0084717
0.00666815
0.0048072
0.00310847
0.0016615
0.000485884
-0.000433462
-0.00112632
-0.00162812
-0.00197358
-0.00219411
-0.00231708
-0.00236552
-0.00235813
-0.00230978
-0.00223205
-0.00213389
-0.00202221
-0.00190238
-0.00177852
-0.00165376
-0.00153035
-0.00140982
-0.00129306
-0.00118052
-0.00107237
-0.000968627
-0.000869338
-0.000774567
-0.00068442
-0.000599013
-0.000518447
-0.000442801
-0.000372179
-0.000306767
-0.000246884
-0.000192974
-0.00014552
-0.000104877
-7.10843e-05
-4.37388e-05
-2.19845e-05
-4.65422e-06
9.47248e-06
2.13552e-05
3.1396e-05
3.92581e-05
4.39356e-05
4.41766e-05
3.92275e-05
2.96063e-05
1.74283e-05
5.87606e-06
-2.0773e-06
-5.07712e-06
-3.95264e-06
-9.64724e-07
1.64303e-06
2.76352e-06
2.5651e-06
1.81417e-06
1.13456e-06
7.27976e-07
5.18393e-07
3.8672e-07
2.78741e-07
1.90933e-07
1.27646e-07
8.48627e-08
5.50807e-08
3.32096e-08
1.70217e-08
5.32445e-09
-2.93974e-09
-8.73837e-09
-1.27655e-08
-1.55259e-08
-1.73494e-08
-1.85123e-08
-1.91816e-08
-1.95163e-08
-1.95901e-08
-1.95004e-08
-1.92714e-08
-1.89698e-08
-1.8592e-08
-1.81896e-08
-1.77426e-08
-1.72965e-08
-1.68212e-08
-1.63602e-08
-1.58769e-08
-1.54142e-08
-1.49312e-08
-1.44733e-08
-1.39959e-08
-1.35439e-08
-1.30716e-08
-1.26273e-08
-1.21602e-08
-1.17218e-08
-1.12593e-08
-1.08257e-08
-1.03663e-08
-9.93643e-09
-9.47928e-09
-9.05213e-09
-8.59629e-09
-8.17101e-09
-7.71583e-09
-7.2916e-09
-6.83637e-09
-6.41268e-09
-5.95684e-09
-5.5335e-09
-5.07637e-09
-4.654e-09
-4.19404e-09
-3.77529e-09
-3.3073e-09
-2.90119e-09
-2.4077e-09
-2.04627e-09
-1.46774e-09
-1.26617e-09
-3.89689e-10
-7.091e-10
1.0249e-09
0.112305
0.114837
0.12338
0.137188
0.159457
0.195098
0.252902
0.320999
0.430841
-0.315341
-0.323365
-0.328628
-0.340563
-0.357069
-0.377729
-0.394994
-0.401035
-0.386979
-0.348532
-0.28762
-0.214641
-0.143292
-0.0841242
-0.0412616
-0.0138347
0.00160274
0.00895554
0.0113703
0.0110823
0.00950878
0.00747777
0.00543547
0.00359616
0.00204265
0.000787589
-0.000190229
-0.000927044
-0.00146158
-0.00183214
-0.00207255
-0.00221188
-0.0022742
-0.00227889
-0.00224118
-0.00217285
-0.00208298
-0.00197851
-0.00186484
-0.00174612
-0.00162551
-0.00150537
-0.00138732
-0.0012724
-0.00116119
-0.00105401
-0.000951013
-0.000852333
-0.000758106
-0.000668484
-0.000583611
-0.000503605
-0.000428564
-0.000358611
-0.000293947
-0.000234897
-0.00018189
-0.000135368
-9.56232e-05
-6.26288e-05
-3.59243e-05
-1.46253e-05
2.42655e-06
1.64049e-05
2.81903e-05
3.80876e-05
4.56681e-05
4.98623e-05
4.94058e-05
4.35928e-05
3.30403e-05
1.99885e-05
7.72815e-06
-7.12242e-07
-3.99956e-06
-3.04411e-06
-1.8945e-07
2.27119e-06
3.22682e-06
2.87121e-06
1.99696e-06
1.23698e-06
7.85355e-07
5.52471e-07
4.08076e-07
2.9226e-07
1.99512e-07
1.33253e-07
8.86905e-08
5.77603e-08
3.50955e-08
1.83482e-08
6.26191e-09
-2.2711e-09
-8.25758e-09
-1.24183e-08
-1.52748e-08
-1.71678e-08
-1.83811e-08
-1.90871e-08
-1.94485e-08
-1.95417e-08
-1.94662e-08
-1.92475e-08
-1.89535e-08
-1.8581e-08
-1.81825e-08
-1.77384e-08
-1.72944e-08
-1.68205e-08
-1.63602e-08
-1.58769e-08
-1.54151e-08
-1.4933e-08
-1.44754e-08
-1.39977e-08
-1.35462e-08
-1.30738e-08
-1.26294e-08
-1.21624e-08
-1.17239e-08
-1.12613e-08
-1.08278e-08
-1.03682e-08
-9.9382e-09
-9.4813e-09
-9.05382e-09
-8.5978e-09
-8.17244e-09
-7.71717e-09
-7.29287e-09
-6.83756e-09
-6.4138e-09
-5.95788e-09
-5.53448e-09
-5.07728e-09
-4.65485e-09
-4.19481e-09
-3.77601e-09
-3.30794e-09
-2.90182e-09
-2.40818e-09
-2.04681e-09
-1.468e-09
-1.26667e-09
-3.896e-10
-7.09637e-10
1.02547e-09
0.112306
0.114837
0.123381
0.137188
0.159457
0.195099
0.252901
0.331151
0.488673
-0.314102
-0.323384
-0.328574
-0.340374
-0.356742
-0.377334
-0.394683
-0.40095
-0.387277
-0.349199
-0.288392
-0.215296
-0.143675
-0.084224
-0.0411541
-0.0136231
0.00183742
0.00915728
0.0115178
0.011169
0.00954055
0.0074674
0.00539714
0.00354318
0.00198601
0.000735583
-0.000232784
-0.000957157
-0.00147956
-0.00183901
-0.00207052
-0.00220359
-0.00226229
-0.00226567
-0.0022285
-0.002162
-0.00207467
-0.001973
-0.00186196
-0.00174546
-0.00162654
-0.0015075
-0.00139001
-0.00127518
-0.00116373
-0.00105608
-0.000952527
-0.000853276
-0.000758534
-0.000668499
-0.000583333
-0.000503152
-0.000428041
-0.0003581
-0.000293504
-0.000234553
-0.000181656
-0.000135237
-9.55785e-05
-6.26479e-05
-3.59836e-05
-1.4703e-05
2.34784e-06
1.63369e-05
2.81387e-05
3.80529e-05
4.56472e-05
4.98504e-05
4.93985e-05
4.3587e-05
3.30343e-05
1.99821e-05
7.72203e-06
-7.1727e-07
-4.00307e-06
-3.04616e-06
-1.90404e-07
2.27086e-06
3.22675e-06
2.8712e-06
1.99695e-06
1.23697e-06
7.85356e-07
5.52478e-07
4.08085e-07
2.92265e-07
1.99515e-07
1.33255e-07
8.86914e-08
5.77601e-08
3.50942e-08
1.83461e-08
6.25921e-09
-2.2744e-09
-8.26122e-09
-1.24222e-08
-1.5279e-08
-1.71721e-08
-1.83855e-08
-1.90916e-08
-1.94529e-08
-1.95462e-08
-1.94706e-08
-1.92518e-08
-1.89577e-08
-1.85851e-08
-1.81866e-08
-1.77424e-08
-1.72981e-08
-1.68241e-08
-1.63636e-08
-1.588e-08
-1.54183e-08
-1.49361e-08
-1.44784e-08
-1.40005e-08
-1.3549e-08
-1.30765e-08
-1.26319e-08
-1.21648e-08
-1.17262e-08
-1.12636e-08
-1.08302e-08
-1.03702e-08
-9.93997e-09
-9.48297e-09
-9.05548e-09
-8.59934e-09
-8.17388e-09
-7.71856e-09
-7.29417e-09
-6.8388e-09
-6.41495e-09
-5.95897e-09
-5.53549e-09
-5.07822e-09
-4.65571e-09
-4.19561e-09
-3.77674e-09
-3.30861e-09
-2.90241e-09
-2.40871e-09
-2.04725e-09
-1.46836e-09
-1.26694e-09
-3.89797e-10
-7.09727e-10
1.02544e-09
0.111281
0.11368
0.121752
0.134671
0.155084
0.186762
0.235574
0.303204
0.414226
-0.314967
-0.318075
-0.324763
-0.329347
-0.341044
-0.358018
-0.379646
-0.398272
-0.405996
-0.393322
-0.355574
-0.294637
-0.220831
-0.148214
-0.0878616
-0.0441316
-0.016131
-0.000267309
0.00739504
0.0100546
0.00996195
0.00854951
0.00665581
0.0047336
0.00300172
0.00154542
0.000378464
-0.000520574
-0.00118817
-0.00166399
-0.00198584
-0.00218749
-0.00229731
-0.00233829
-0.0023285
-0.00228172
-0.0022083
-0.00211598
-0.00201059
-0.00189667
-0.00177776
-0.0016567
-0.00153566
-0.00141626
-0.0012996
-0.00118641
-0.00107712
-0.000972045
-0.000871409
-0.00077544
-0.000684341
-0.000598268
-0.000517314
-0.000441525
-0.000370949
-0.000305712
-0.000246073
-0.000192427
-0.000145221
-0.000104783
-7.11424e-05
-4.38923e-05
-2.21811e-05
-4.85185e-06
9.30232e-06
2.12264e-05
3.13093e-05
3.92057e-05
4.39056e-05
4.41579e-05
3.92122e-05
2.95904e-05
1.74116e-05
5.85988e-06
-2.09089e-06
-5.08683e-06
-3.95834e-06
-9.67349e-07
1.64217e-06
2.76336e-06
2.56509e-06
1.81415e-06
1.13454e-06
7.27987e-07
5.1842e-07
3.86746e-07
2.78759e-07
1.90943e-07
1.27652e-07
8.48651e-08
5.50799e-08
3.32057e-08
1.70154e-08
5.31621e-09
-2.94948e-09
-8.74925e-09
-1.27773e-08
-1.55384e-08
-1.73624e-08
-1.85256e-08
-1.9195e-08
-1.95297e-08
-1.96034e-08
-1.95136e-08
-1.92844e-08
-1.89826e-08
-1.86044e-08
-1.82017e-08
-1.77544e-08
-1.73079e-08
-1.68322e-08
-1.63705e-08
-1.58863e-08
-1.54235e-08
-1.49406e-08
-1.44824e-08
-1.40041e-08
-1.35524e-08
-1.30796e-08
-1.26348e-08
-1.21676e-08
-1.17287e-08
-1.12658e-08
-1.0832e-08
-1.03722e-08
-9.94176e-09
-9.484e-09
-9.05682e-09
-8.60101e-09
-8.17544e-09
-7.72003e-09
-7.29553e-09
-6.84008e-09
-6.41613e-09
-5.96009e-09
-5.5365e-09
-5.07918e-09
-4.65657e-09
-4.19642e-09
-3.77744e-09
-3.30928e-09
-2.90294e-09
-2.40927e-09
-2.04758e-09
-1.46886e-09
-1.267e-09
-3.90352e-10
-7.09484e-10
1.02471e-09
0.109289
0.111434
0.118648
0.1299
0.147206
0.17182
0.207666
0.251341
0.26492
-0.247315
-0.322621
-0.321976
-0.324401
-0.327807
-0.339828
-0.357341
-0.379892
-0.399651
-0.408172
-0.396391
-0.359681
-0.29935
-0.225985
-0.153826
-0.0938613
-0.0502494
-0.0219972
-0.00558928
0.00278027
0.00618849
0.00680428
0.00601482
0.004644
0.00314761
0.00175584
0.000567953
-0.000388787
-0.00112415
-0.00166437
-0.00204141
-0.00228678
-0.0024292
-0.00249318
-0.00249872
-0.00246152
-0.00239352
-0.00230363
-0.00219841
-0.00208279
-0.0019606
-0.00183486
-0.00170805
-0.00158208
-0.00145842
-0.00133808
-0.00122168
-0.00110962
-0.00100214
-0.000899443
-0.000801703
-0.000709086
-0.000621712
-0.000539634
-0.000462846
-0.000391333
-0.000325151
-0.000264498
-0.000209729
-0.000161284
-0.000119533
-8.45796e-05
-5.61101e-05
-3.33642e-05
-1.52486e-05
-5.71529e-07
1.16614e-05
2.19567e-05
3.01349e-05
3.53524e-05
3.64656e-05
3.27229e-05
2.45219e-05
1.3762e-05
3.39383e-06
-3.77362e-06
-6.38689e-06
-5.12196e-06
-2.05413e-06
6.89805e-07
2.02572e-06
2.06868e-06
1.5197e-06
9.72485e-07
6.37692e-07
4.6377e-07
3.51164e-07
2.55434e-07
1.75748e-07
1.17489e-07
7.7762e-08
5.00017e-08
2.95792e-08
1.44399e-08
3.48168e-09
-4.26902e-09
-9.70461e-09
-1.34723e-08
-1.60454e-08
-1.77332e-08
-1.87974e-08
-1.93947e-08
-1.96767e-08
-1.9712e-08
-1.95941e-08
-1.93444e-08
-1.90276e-08
-1.86384e-08
-1.82276e-08
-1.77744e-08
-1.73235e-08
-1.68446e-08
-1.63804e-08
-1.58946e-08
-1.54303e-08
-1.49464e-08
-1.44874e-08
-1.40084e-08
-1.35563e-08
-1.30831e-08
-1.26379e-08
-1.21704e-08
-1.17317e-08
-1.12682e-08
-1.08337e-08
-1.03738e-08
-9.94374e-09
-9.48588e-09
-9.05863e-09
-8.6027e-09
-8.177e-09
-7.72153e-09
-7.29692e-09
-6.84142e-09
-6.41735e-09
-5.96125e-09
-5.53755e-09
-5.08018e-09
-4.65745e-09
-4.19727e-09
-3.77814e-09
-3.30999e-09
-2.90343e-09
-2.40988e-09
-2.0478e-09
-1.46949e-09
-1.26683e-09
-3.91239e-10
-7.08778e-10
1.02328e-09
0.106431
0.108246
0.114293
0.123514
0.136714
0.154676
0.17325
0.189391
0.151202
-0.166367
-0.409647
-0.310069
-0.318934
-0.324576
-0.329301
-0.341149
-0.358204
-0.379717
-0.398351
-0.40623
-0.394121
-0.357621
-0.298758
-0.22795
-0.158728
-0.10114
-0.0588325
-0.0307788
-0.0137624
-0.00435662
0.000223341
0.00196238
0.00215851
0.00160824
0.000773053
-9.66482e-05
-0.000877452
-0.00151908
-0.00201138
-0.00236433
-0.00259702
-0.00273094
-0.00278699
-0.00278368
-0.00273647
-0.00265764
-0.00255662
-0.00244037
-0.00231403
-0.00218143
-0.00204551
-0.00190863
-0.00177268
-0.0016392
-0.00150929
-0.00138374
-0.001263
-0.00114731
-0.00103682
-0.000931612
-0.000831774
-0.000737397
-0.000648538
-0.000565199
-0.000487328
-0.000414857
-0.000347779
-0.000286209
-0.000230414
-0.000180756
-0.000137557
-0.000100935
-7.06564e-05
-4.61102e-05
-2.6392e-05
-1.04851e-05
2.51795e-06
1.31807e-05
2.15269e-05
2.70045e-05
2.87405e-05
2.61156e-05
1.945e-05
1.03676e-05
1.45623e-06
-4.76733e-06
-7.01993e-06
-5.79473e-06
-2.87352e-06
-1.71922e-07
1.28818e-06
1.55076e-06
1.21145e-06
8.05045e-07
5.43384e-07
4.03176e-07
3.0877e-07
2.26093e-07
1.55953e-07
1.03906e-07
6.8049e-08
4.29134e-08
2.44382e-08
1.07487e-08
8.31248e-10
-6.1854e-09
-1.10979e-08
-1.44876e-08
-1.67865e-08
-1.8275e-08
-1.91942e-08
-1.96857e-08
-1.98905e-08
-1.98694e-08
-1.97102e-08
-1.94305e-08
-1.90916e-08
-1.86863e-08
-1.82637e-08
-1.78019e-08
-1.73446e-08
-1.6861e-08
-1.63934e-08
-1.59051e-08
-1.54388e-08
-1.49535e-08
-1.44933e-08
-1.40135e-08
-1.35607e-08
-1.3087e-08
-1.26414e-08
-1.21735e-08
-1.17338e-08
-1.12708e-08
-1.08356e-08
-1.0376e-08
-9.94582e-09
-9.48826e-09
-9.06059e-09
-8.6045e-09
-8.17864e-09
-7.72311e-09
-7.29834e-09
-6.84279e-09
-6.41858e-09
-5.96244e-09
-5.53859e-09
-5.0812e-09
-4.65831e-09
-4.19812e-09
-3.7788e-09
-3.3107e-09
-2.90385e-09
-2.41052e-09
-2.04787e-09
-1.47025e-09
-1.26637e-09
-3.92542e-10
-7.07547e-10
1.02097e-09
0.102847
0.104274
0.109009
0.11591
0.125074
0.13572
0.142328
0.134806
0.062953
-0.133624
-0.304893
-0.292906
-0.307625
-0.31548
-0.323998
-0.336779
-0.353906
-0.374643
-0.391757
-0.397354
-0.383612
-0.347299
-0.291271
-0.225452
-0.161701
-0.108396
-0.0684764
-0.0410552
-0.0234825
-0.0129056
-0.00695267
-0.0038813
-0.00250859
-0.00207464
-0.00211329
-0.00235153
-0.00263812
-0.00289598
-0.00309156
-0.00321556
-0.00327154
-0.00326886
-0.00321893
-0.00313295
-0.00302083
-0.00289071
-0.00274889
-0.00260004
-0.00244758
-0.00229402
-0.00214124
-0.00199077
-0.0018438
-0.00170131
-0.00156401
-0.00143233
-0.00130652
-0.00118664
-0.00107269
-0.000964645
-0.000862482
-0.000766195
-0.000675766
-0.00059114
-0.000512228
-0.00043893
-0.000371191
-0.000309045
-0.00025263
-0.000202148
-0.000157764
-0.000119486
-8.70924e-05
-6.01258e-05
-3.79733e-05
-1.99655e-05
-5.47785e-06
5.96524e-06
1.45572e-05
2.01175e-05
2.21924e-05
2.04439e-05
1.52037e-05
7.8203e-06
4.43861e-07
-4.79468e-06
-6.7517e-06
-5.74713e-06
-3.21053e-06
-7.62329e-07
6.81483e-07
1.09185e-06
9.32242e-07
6.53199e-07
4.55552e-07
3.42418e-07
2.63125e-07
1.92801e-07
1.32675e-07
8.75407e-08
5.61478e-08
3.41062e-08
1.79761e-08
6.06623e-09
-2.55329e-09
-8.64078e-09
-1.28889e-08
-1.57956e-08
-1.77417e-08
-1.89733e-08
-1.97053e-08
-2.00603e-08
-2.01653e-08
-2.00714e-08
-1.9859e-08
-1.95404e-08
-1.91731e-08
-1.87471e-08
-1.83092e-08
-1.78362e-08
-1.73707e-08
-1.68811e-08
-1.64091e-08
-1.59175e-08
-1.54488e-08
-1.49616e-08
-1.45e-08
-1.40193e-08
-1.35655e-08
-1.30913e-08
-1.26451e-08
-1.2177e-08
-1.17374e-08
-1.12732e-08
-1.08386e-08
-1.03786e-08
-9.94799e-09
-9.49034e-09
-9.06248e-09
-8.60633e-09
-8.1803e-09
-7.72473e-09
-7.29979e-09
-6.84421e-09
-6.41983e-09
-5.96367e-09
-5.53965e-09
-5.08225e-09
-4.65917e-09
-4.199e-09
-3.77945e-09
-3.31144e-09
-2.90421e-09
-2.41122e-09
-2.04779e-09
-1.47119e-09
-1.26558e-09
-3.94344e-10
-7.0563e-10
1.01752e-09
0.0986932
0.0997197
0.103084
0.107716
0.113077
0.117857
0.115974
0.0988546
0.034594
-0.124103
-0.238453
-0.248197
-0.277324
-0.297
-0.311992
-0.327889
-0.34505
-0.362794
-0.375458
-0.377036
-0.361808
-0.327416
-0.276968
-0.218823
-0.16248
-0.114588
-0.0776348
-0.0511361
-0.0331621
-0.0215039
-0.014231
-0.00985564
-0.00731689
-0.005897
-0.00512984
-0.00472337
-0.0045011
-0.00436066
-0.00424598
-0.00412886
-0.00399752
-0.00384912
-0.00368547
-0.00351036
-0.00332795
-0.00314203
-0.00295566
-0.0027711
-0.00258994
-0.00241328
-0.00224193
-0.00207651
-0.00191749
-0.00176522
-0.00161995
-0.00148173
-0.00135054
-0.00122624
-0.00110867
-0.000997676
-0.000893125
-0.000794905
-0.00070291
-0.00061703
-0.000537143
-0.000463134
-0.000394923
-0.00033248
-0.000275815
-0.000224933
-0.000179764
-0.000140113
-0.000105666
-7.60636e-05
-5.09999e-05
-3.02567e-05
-1.3631e-05
-8.64504e-07
8.31703e-06
1.4089e-05
1.64731e-05
1.55002e-05
1.15896e-05
5.85429e-06
4.60846e-09
-4.24273e-06
-5.91771e-06
-5.19425e-06
-3.15564e-06
-1.088e-06
2.29618e-07
7.11266e-07
6.87448e-07
5.14225e-07
3.70719e-07
2.80112e-07
2.1411e-07
1.55803e-07
1.06106e-07
6.85498e-08
4.22378e-08
2.37712e-08
1.03527e-08
5.08618e-10
-6.59022e-09
-1.15811e-08
-1.50359e-08
-1.73639e-08
-1.88873e-08
-1.98109e-08
-2.03183e-08
-2.05093e-08
-2.04946e-08
-2.03132e-08
-2.00369e-08
-1.96716e-08
-1.92702e-08
-1.88192e-08
-1.8363e-08
-1.78767e-08
-1.74013e-08
-1.69046e-08
-1.64272e-08
-1.59318e-08
-1.54601e-08
-1.49708e-08
-1.45075e-08
-1.40256e-08
-1.35708e-08
-1.30959e-08
-1.26489e-08
-1.21801e-08
-1.17398e-08
-1.1276e-08
-1.08413e-08
-1.03811e-08
-9.95026e-09
-9.49256e-09
-9.06445e-09
-8.60823e-09
-8.182e-09
-7.7264e-09
-7.30125e-09
-6.84566e-09
-6.42108e-09
-5.96492e-09
-5.5407e-09
-5.08331e-09
-4.66e-09
-4.19988e-09
-3.78004e-09
-3.31218e-09
-2.90447e-09
-2.41197e-09
-2.04752e-09
-1.47232e-09
-1.26434e-09
-3.96772e-10
-7.02797e-10
1.01257e-09
0.0941339
0.0947624
0.0967973
0.0992662
0.101328
0.101105
0.0934719
0.0697942
0.0138654
-0.101353
-0.197865
-0.22564
-0.256569
-0.277492
-0.293813
-0.31007
-0.326095
-0.341083
-0.350741
-0.350261
-0.335272
-0.304536
-0.260896
-0.210936
-0.162014
-0.119427
-0.0854344
-0.0600025
-0.0418623
-0.0293768
-0.0210095
-0.0155076
-0.0119309
-0.00961148
-0.0080935
-0.00707526
-0.00636238
-0.00583267
-0.00541125
-0.00505345
-0.00473366
-0.00443777
-0.00415853
-0.00389253
-0.00363838
-0.00339555
-0.0031638
-0.00294293
-0.00273263
-0.00253258
-0.00234243
-0.00216189
-0.00199067
-0.00182853
-0.0016752
-0.00153039
-0.00139378
-0.00126503
-0.00114383
-0.00102989
-0.000922961
-0.000822826
-0.0007293
-0.000642211
-0.000561405
-0.000486759
-0.000418177
-0.000355584
-0.000298882
-0.000247886
-0.000202279
-0.00016162
-0.000125435
-9.34005e-05
-6.54622e-05
-4.18156e-05
-2.27159e-05
-8.21594e-06
1.94837e-06
8.23784e-06
1.11036e-05
1.09421e-05
8.29653e-06
4.10353e-06
-3.08429e-07
-3.60276e-06
-4.9788e-06
-4.496e-06
-2.93704e-06
-1.26801e-06
-1.22121e-07
3.80878e-07
4.57097e-07
3.72613e-07
2.78947e-07
2.11697e-07
1.60172e-07
1.14802e-07
7.62819e-08
4.70525e-08
2.64872e-08
1.20982e-08
1.7388e-09
-5.79064e-09
-1.11796e-08
-1.49295e-08
-1.74816e-08
-1.91509e-08
-2.01931e-08
-2.07655e-08
-2.10166e-08
-2.10208e-08
-2.08694e-08
-2.05884e-08
-2.02392e-08
-1.98207e-08
-1.93803e-08
-1.89009e-08
-1.84238e-08
-1.79223e-08
-1.74357e-08
-1.69309e-08
-1.64474e-08
-1.59476e-08
-1.54725e-08
-1.49808e-08
-1.45156e-08
-1.40324e-08
-1.35765e-08
-1.31008e-08
-1.26529e-08
-1.21839e-08
-1.17433e-08
-1.12793e-08
-1.08441e-08
-1.03838e-08
-9.95259e-09
-9.49483e-09
-9.06644e-09
-8.6102e-09
-8.18371e-09
-7.72812e-09
-7.30273e-09
-6.84716e-09
-6.42234e-09
-5.96622e-09
-5.54175e-09
-5.08441e-09
-4.66083e-09
-4.2008e-09
-3.7806e-09
-3.31297e-09
-2.90465e-09
-2.41279e-09
-2.04703e-09
-1.47371e-09
-1.26256e-09
-4.00008e-10
-6.98729e-10
1.00557e-09
0.0893283
0.0895864
0.0903815
0.0909277
0.0901915
0.0861768
0.0746346
0.0483772
-0.00117423
-0.0910965
-0.171169
-0.203594
-0.235225
-0.25891
-0.277454
-0.294239
-0.309152
-0.321534
-0.328364
-0.326025
-0.311496
-0.284227
-0.246587
-0.203624
-0.161008
-0.123012
-0.0917138
-0.0674105
-0.0493318
-0.0362909
-0.0270802
-0.020656
-0.016196
-0.0130889
-0.0108983
-0.00932177
-0.00815422
-0.00725902
-0.00654639
-0.00595794
-0.00545608
-0.00501671
-0.00462439
-0.00426911
-0.00394425
-0.00364522
-0.00336863
-0.00311185
-0.00287273
-0.00264952
-0.00244075
-0.00224522
-0.00206192
-0.00189001
-0.00172874
-0.00157745
-0.00143554
-0.00130246
-0.00117773
-0.00106092
-0.000951685
-0.000849698
-0.000754695
-0.000666444
-0.000584757
-0.000509494
-0.000440551
-0.000377817
-0.000321106
-0.00027008
-0.000224204
-0.000182807
-0.000145253
-0.000111185
-8.07168e-05
-5.441e-05
-3.2909e-05
-1.65261e-05
-5.07374e-06
2.06425e-06
5.66871e-06
6.43748e-06
5.033e-06
2.26927e-06
-8.22849e-07
-3.21552e-06
-4.25464e-06
-3.9144e-06
-2.73041e-06
-1.40036e-06
-4.1962e-07
8.09307e-08
2.31207e-07
2.21902e-07
1.76236e-07
1.35356e-07
1.01023e-07
7.00981e-08
4.35994e-08
2.33836e-08
9.17023e-09
-6.83704e-10
-7.679e-09
-1.26873e-08
-1.62137e-08
-1.86046e-08
-2.01668e-08
-2.11132e-08
-2.16271e-08
-2.18139e-08
-2.17837e-08
-2.15825e-08
-2.1281e-08
-2.08904e-08
-2.04611e-08
-1.99842e-08
-1.95009e-08
-1.89903e-08
-1.84903e-08
-1.79721e-08
-1.74731e-08
-1.69594e-08
-1.64692e-08
-1.59646e-08
-1.54858e-08
-1.49915e-08
-1.45242e-08
-1.40396e-08
-1.35825e-08
-1.3106e-08
-1.26568e-08
-1.21878e-08
-1.17467e-08
-1.12826e-08
-1.08469e-08
-1.03865e-08
-9.95494e-09
-9.49715e-09
-9.06844e-09
-8.6122e-09
-8.18541e-09
-7.72986e-09
-7.30418e-09
-6.84867e-09
-6.42357e-09
-5.96752e-09
-5.54276e-09
-5.08551e-09
-4.66161e-09
-4.20172e-09
-3.7811e-09
-3.31377e-09
-2.90471e-09
-2.41368e-09
-2.04626e-09
-1.47537e-09
-1.26006e-09
-4.04251e-10
-6.92947e-10
9.95754e-10
0.0844247
0.0843475
0.0840309
0.0829051
0.0798801
0.0729752
0.0588683
0.0317562
-0.0126238
-0.084097
-0.150872
-0.186582
-0.219046
-0.243778
-0.262944
-0.279403
-0.293112
-0.303503
-0.308387
-0.305096
-0.291467
-0.267291
-0.234556
-0.197215
-0.159729
-0.125594
-0.0966996
-0.0735372
-0.0556897
-0.0423154
-0.032476
-0.0253113
-0.0201101
-0.0163207
-0.0135331
-0.011451
-0.00986491
-0.00862859
-0.00764104
-0.00683278
-0.00615609
-0.00557812
-0.00507607
-0.00463391
-0.00424016
-0.00388636
-0.00356612
-0.00327445
-0.0030074
-0.00276178
-0.00253501
-0.002325
-0.00213002
-0.00194867
-0.00177973
-0.0016222
-0.00147519
-0.00133794
-0.00120982
-0.00109027
-0.000978805
-0.000875034
-0.000778607
-0.000689235
-0.000606691
-0.000530813
-0.000461479
-0.000398544
-0.000341754
-0.000290648
-0.000244527
-0.000202539
-0.0001639
-0.000128231
-9.57666e-05
-6.72455e-05
-4.35962e-05
-2.54212e-05
-1.25976e-05
-4.39287e-06
1.58564e-07
1.95804e-06
1.75921e-06
2.9425e-07
-1.62041e-06
-3.18564e-06
-3.86188e-06
-3.562e-06
-2.62746e-06
-1.54742e-06
-6.97738e-07
-2.04143e-07
4.40094e-09
6.06908e-08
6.2339e-08
5.12223e-08
3.72929e-08
2.24441e-08
8.7625e-09
-1.89067e-09
-9.28686e-09
-1.42552e-08
-1.76586e-08
-1.99989e-08
-2.15572e-08
-2.25085e-08
-2.30194e-08
-2.31978e-08
-2.31504e-08
-2.29276e-08
-2.25984e-08
-2.2179e-08
-2.17181e-08
-2.12111e-08
-2.06967e-08
-2.01576e-08
-1.96288e-08
-1.90851e-08
-1.85607e-08
-1.80248e-08
-1.75127e-08
-1.69895e-08
-1.64921e-08
-1.59825e-08
-1.54997e-08
-1.50027e-08
-1.45331e-08
-1.40472e-08
-1.35887e-08
-1.31115e-08
-1.26603e-08
-1.21921e-08
-1.17503e-08
-1.1286e-08
-1.08498e-08
-1.03894e-08
-9.95733e-09
-9.49955e-09
-9.07046e-09
-8.61428e-09
-8.18713e-09
-7.73167e-09
-7.30565e-09
-6.85026e-09
-6.4248e-09
-5.96889e-09
-5.54377e-09
-5.08668e-09
-4.66239e-09
-4.2027e-09
-3.78157e-09
-3.31463e-09
-2.90468e-09
-2.41468e-09
-2.04521e-09
-1.47741e-09
-1.2567e-09
-4.09797e-10
-6.84846e-10
9.8202e-10
0.0795563
0.0791869
0.0778997
0.075372
0.0705144
0.0615096
0.0457937
0.0189069
-0.0211315
-0.0796907
-0.136657
-0.172725
-0.204561
-0.229732
-0.249605
-0.266148
-0.279245
-0.288375
-0.291916
-0.287949
-0.275076
-0.253354
-0.224489
-0.191628
-0.158315
-0.127426
-0.100654
-0.0785972
-0.0610845
-0.0475376
-0.037237
-0.0294811
-0.0236611
-0.0192849
-0.0159721
-0.0134374
-0.0114712
-0.0099215
-0.00867891
-0.00766506
-0.00682373
-0.0061145
-0.00550805
-0.00498293
-0.00452323
-0.00411692
-0.00375479
-0.00342964
-0.00313577
-0.00286863
-0.00262459
-0.00240067
-0.00219449
-0.00200408
-0.00182781
-0.00166431
-0.00151244
-0.00137125
-0.00123991
-0.00111774
-0.00100417
-0.0008987
-0.000800912
-0.00071046
-0.000627079
-0.000550575
-0.000480799
-0.000417573
-0.000360581
-0.000309276
-0.000262841
-0.000220301
-0.00018079
-0.000143896
-0.000109877
-7.96281e-05
-5.42599e-05
-3.45009e-05
-2.03254e-05
-1.09773e-05
-5.36607e-06
-2.48177e-06
-1.52257e-06
-1.81382e-06
-2.68645e-06
-3.50064e-06
-3.79853e-06
-3.44899e-06
-2.64838e-06
-1.72884e-06
-9.67833e-07
-4.76118e-07
-2.19044e-07
-1.05179e-07
-5.79888e-08
-3.75944e-08
-2.90831e-08
-2.68105e-08
-2.72564e-08
-2.80869e-08
-2.84137e-08
-2.82924e-08
-2.79679e-08
-2.75538e-08
-2.70826e-08
-2.65469e-08
-2.59706e-08
-2.53545e-08
-2.47267e-08
-2.40802e-08
-2.34416e-08
-2.27964e-08
-2.21705e-08
-2.15431e-08
-2.09404e-08
-2.03371e-08
-1.97611e-08
-1.91832e-08
-1.86334e-08
-1.80793e-08
-1.75535e-08
-1.70205e-08
-1.65157e-08
-1.60008e-08
-1.55139e-08
-1.50142e-08
-1.45422e-08
-1.40548e-08
-1.3595e-08
-1.31177e-08
-1.26689e-08
-1.21968e-08
-1.1754e-08
-1.12894e-08
-1.08526e-08
-1.03922e-08
-9.95966e-09
-9.50196e-09
-9.07242e-09
-8.61637e-09
-8.18879e-09
-7.73349e-09
-7.30705e-09
-6.85184e-09
-6.42597e-09
-5.97026e-09
-5.5447e-09
-5.08784e-09
-4.66307e-09
-4.20368e-09
-3.78193e-09
-3.3155e-09
-2.90448e-09
-2.41575e-09
-2.04377e-09
-1.47982e-09
-1.25222e-09
-4.16917e-10
-6.73536e-10
9.62922e-10
0.074839
0.0742204
0.0721073
0.0684263
0.0621333
0.0516244
0.0349606
0.0088078
-0.0276044
-0.0769271
-0.12614
-0.161436
-0.192544
-0.217773
-0.23784
-0.25413
-0.266548
-0.274655
-0.277273
-0.273057
-0.261082
-0.241538
-0.215895
-0.186702
-0.156832
-0.128686
-0.103781
-0.0827684
-0.0656488
-0.052045
-0.0414152
-0.0331925
-0.0268604
-0.0219835
-0.0182124
-0.0152756
-0.0129669
-0.0111313
-0.00965381
-0.00844904
-0.00745381
-0.00662122
-0.00591626
-0.00531264
-0.00479041
-0.0043343
-0.00393244
-0.00357555
-0.00325629
-0.00296882
-0.00270845
-0.00247141
-0.00225466
-0.00205572
-0.00187253
-0.00170342
-0.00154699
-0.00140208
-0.00126771
-0.00114309
-0.00102753
-0.000920452
-0.00082137
-0.000729885
-0.000645688
-0.00056855
-0.000498286
-0.000434679
-0.000377363
-0.000325723
-0.000278872
-0.000235768
-0.000195503
-0.000157644
-0.000122483
-9.09741e-05
-6.42994e-05
-4.32639e-05
-2.78797e-05
-1.74032e-05
-1.0718e-05
-6.76059e-06
-4.71962e-06
-3.96518e-06
-3.92704e-06
-4.07132e-06
-3.99447e-06
-3.53314e-06
-2.7783e-06
-1.94574e-06
-1.23458e-06
-7.36147e-07
-4.36047e-07
-2.70906e-07
-1.80523e-07
-1.28178e-07
-9.6265e-08
-7.635e-08
-6.3453e-08
-5.44356e-08
-4.76524e-08
-4.23945e-08
-3.83174e-08
-3.51404e-08
-3.26354e-08
-3.06075e-08
-2.89386e-08
-2.75235e-08
-2.63118e-08
-2.52393e-08
-2.42895e-08
-2.34175e-08
-2.26255e-08
-2.18771e-08
-2.11857e-08
-2.05178e-08
-1.98943e-08
-1.92818e-08
-1.87066e-08
-1.81341e-08
-1.75945e-08
-1.70518e-08
-1.65394e-08
-1.60194e-08
-1.55283e-08
-1.50259e-08
-1.45514e-08
-1.40627e-08
-1.36014e-08
-1.31232e-08
-1.26726e-08
-1.22012e-08
-1.17576e-08
-1.12929e-08
-1.08555e-08
-1.03951e-08
-9.96204e-09
-9.50447e-09
-9.07442e-09
-8.61855e-09
-8.19047e-09
-7.73541e-09
-7.30847e-09
-6.85352e-09
-6.42715e-09
-5.97171e-09
-5.54565e-09
-5.08909e-09
-4.66377e-09
-4.20475e-09
-3.78228e-09
-3.31647e-09
-2.90421e-09
-2.41699e-09
-2.042e-09
-1.48272e-09
-1.24649e-09
-4.25997e-10
-6.57969e-10
9.36474e-10
0.0703713
0.0695456
0.0667443
0.0621364
0.0547408
0.0431895
0.0260305
0.000837406
-0.0325395
-0.0751337
-0.118405
-0.152362
-0.182392
-0.207268
-0.227311
-0.243402
-0.255389
-0.262867
-0.264952
-0.260685
-0.249505
-0.231734
-0.208675
-0.182437
-0.155382
-0.129534
-0.106249
-0.0861926
-0.0694857
-0.055903
-0.0450446
-0.036457
-0.0297045
-0.0244043
-0.0202375
-0.0169481
-0.0143351
-0.0122431
-0.010553
-0.00917425
-0.00803796
-0.00709175
-0.00629571
-0.00561928
-0.00503894
-0.00453644
-0.00409754
-0.00371106
-0.00336812
-0.00306167
-0.00278607
-0.00253679
-0.00231019
-0.00210329
-0.00191366
-0.00173933
-0.00157866
-0.0014303
-0.00129313
-0.00116623
-0.00104882
-0.000940245
-0.000839951
-0.000747489
-0.000662506
-0.000584732
-0.000513945
-0.000449881
-0.000392129
-0.000340032
-0.000292666
-0.000248966
-0.00020802
-0.0001694
-0.000133412
-0.00010102
-7.34101e-05
-5.13896e-05
-3.49898e-05
-2.34859e-05
-1.57788e-05
-1.08076e-05
-7.77687e-06
-6.09712e-06
-5.26478e-06
-4.81427e-06
-4.37611e-06
-3.76304e-06
-2.99021e-06
-2.18816e-06
-1.49473e-06
-9.80647e-07
-6.40906e-07
-4.30076e-07
-2.99865e-07
-2.16784e-07
-1.61879e-07
-1.2468e-07
-9.88255e-08
-8.02593e-08
-6.65395e-08
-5.62442e-08
-4.84809e-08
-4.25913e-08
-3.80898e-08
-3.45963e-08
-3.18542e-08
-2.96544e-08
-2.78696e-08
-2.63787e-08
-2.51234e-08
-2.40283e-08
-2.30731e-08
-2.22056e-08
-2.14269e-08
-2.06954e-08
-2.00252e-08
-1.93789e-08
-1.87785e-08
-1.8188e-08
-1.76348e-08
-1.70826e-08
-1.65627e-08
-1.60377e-08
-1.55423e-08
-1.50373e-08
-1.45603e-08
-1.40703e-08
-1.36075e-08
-1.31286e-08
-1.26764e-08
-1.22054e-08
-1.1761e-08
-1.12964e-08
-1.08582e-08
-1.0398e-08
-9.96426e-09
-9.50694e-09
-9.07627e-09
-8.6207e-09
-8.19202e-09
-7.73729e-09
-7.30976e-09
-6.85516e-09
-6.4282e-09
-5.97314e-09
-5.54647e-09
-5.09032e-09
-4.66433e-09
-4.2058e-09
-3.78249e-09
-3.31743e-09
-2.90372e-09
-2.41829e-09
-2.03976e-09
-1.48605e-09
-1.23919e-09
-4.37281e-10
-6.36719e-10
9.00275e-10
0.066235
0.0652404
0.0618772
0.0565371
0.0483099
0.0360546
0.0186958
-0.00549119
-0.0363459
-0.0739798
-0.112633
-0.145036
-0.173957
-0.198362
-0.218228
-0.234037
-0.245602
-0.252563
-0.254271
-0.250074
-0.239665
-0.223431
-0.202524
-0.178717
-0.153988
-0.130069
-0.108179
-0.088984
-0.0726863
-0.0591759
-0.048166
-0.0392972
-0.0322036
-0.0265495
-0.0220453
-0.0184504
-0.0155704
-0.0132511
-0.011371
-0.00983569
-0.00857172
-0.0075222
-0.00664304
-0.00589999
-0.00526636
-0.00472129
-0.0042484
-0.00383474
-0.00347007
-0.00314622
-0.00285667
-0.00259619
-0.00236057
-0.00214638
-0.00195087
-0.00177177
-0.00160723
-0.00145572
-0.00131599
-0.00118701
-0.0010679
-0.000957942
-0.000856527
-0.000763153
-0.000677424
-0.000599028
-0.000527696
-0.000463121
-0.000404852
-0.000352202
-0.000304238
-0.000259913
-0.000218335
-0.000179107
-0.00014254
-0.000109573
-8.13431e-05
-5.86174e-05
-4.14142e-05
-2.90307e-05
-2.04059e-05
-1.45204e-05
-1.06105e-05
-8.12597e-06
-6.6096e-06
-5.63916e-06
-4.86542e-06
-4.08303e-06
-3.25296e-06
-2.44342e-06
-1.74479e-06
-1.20819e-06
-8.31296e-07
-5.79552e-07
-4.13029e-07
-3.01104e-07
-2.24254e-07
-1.70551e-07
-1.32397e-07
-1.0479e-07
-8.44944e-08
-6.94163e-08
-5.81524e-08
-4.96871e-08
-4.32881e-08
-3.83997e-08
-3.46343e-08
-3.16862e-08
-2.93544e-08
-2.74648e-08
-2.59182e-08
-2.46107e-08
-2.35e-08
-2.25191e-08
-2.16571e-08
-2.08652e-08
-2.01503e-08
-1.94718e-08
-1.88474e-08
-1.82398e-08
-1.76736e-08
-1.71123e-08
-1.65852e-08
-1.60555e-08
-1.5556e-08
-1.50485e-08
-1.45691e-08
-1.40778e-08
-1.36132e-08
-1.31338e-08
-1.26805e-08
-1.22097e-08
-1.17644e-08
-1.12999e-08
-1.0861e-08
-1.0401e-08
-9.96654e-09
-9.50953e-09
-9.07818e-09
-8.62297e-09
-8.19362e-09
-7.73929e-09
-7.3111e-09
-6.85693e-09
-6.4293e-09
-5.9747e-09
-5.54733e-09
-5.09167e-09
-4.66493e-09
-4.20696e-09
-3.78272e-09
-3.31852e-09
-2.90321e-09
-2.41978e-09
-2.03722e-09
-1.48992e-09
-1.23033e-09
-4.51093e-10
-6.08418e-10
8.51546e-10
0.0624969
0.0613674
0.0575541
0.0516466
0.0428041
0.0300912
0.0127182
-0.0105108
-0.0392886
-0.0732219
-0.108304
-0.139173
-0.166998
-0.190826
-0.210412
-0.225948
-0.237201
-0.243836
-0.245359
-0.24132
-0.231593
-0.216614
-0.197431
-0.175572
-0.152726
-0.130396
-0.109684
-0.0912425
-0.0753288
-0.0619181
-0.0508127
-0.0417296
-0.0343621
-0.028416
-0.0236278
-0.0197723
-0.0166623
-0.0141453
-0.0120988
-0.0104256
-0.00904868
-0.00790738
-0.00695414
-0.00615155
-0.00547022
-0.00488699
-0.00438358
-0.00394553
-0.00356134
-0.00322185
-0.00291977
-0.00264921
-0.00240548
-0.00218476
-0.00198397
-0.00180059
-0.00163257
-0.00147824
-0.00133621
-0.00120536
-0.00108473
-0.000973528
-0.000871098
-0.000776892
-0.000690471
-0.00061148
-0.000539605
-0.000474494
-0.000415659
-0.0003624
-0.000313795
-0.000268834
-0.000226676
-0.000186959
-0.000149998
-0.000116684
-8.80783e-05
-6.48758e-05
-4.70637e-05
-3.39562e-05
-2.45407e-05
-1.78565e-05
-1.31827e-05
-1.00076e-05
-7.90751e-06
-6.48714e-06
-5.40852e-06
-4.45248e-06
-3.54173e-06
-2.69914e-06
-1.97889e-06
-1.41458e-06
-1.00268e-06
-7.14626e-07
-5.15932e-07
-3.78124e-07
-2.81396e-07
-2.12706e-07
-1.63373e-07
-1.27519e-07
-1.01181e-07
-8.16765e-08
-6.71568e-08
-5.62908e-08
-4.81228e-08
-4.19349e-08
-3.72178e-08
-3.35745e-08
-3.07352e-08
-2.84755e-08
-2.66582e-08
-2.51533e-08
-2.38977e-08
-2.28112e-08
-2.18716e-08
-2.10234e-08
-2.02668e-08
-1.95584e-08
-1.89115e-08
-1.82881e-08
-1.77096e-08
-1.714e-08
-1.66061e-08
-1.6072e-08
-1.55686e-08
-1.5059e-08
-1.45771e-08
-1.4085e-08
-1.36186e-08
-1.31388e-08
-1.26844e-08
-1.22136e-08
-1.17675e-08
-1.13032e-08
-1.08634e-08
-1.04038e-08
-9.96854e-09
-9.51196e-09
-9.07982e-09
-8.6251e-09
-8.19497e-09
-7.74117e-09
-7.31219e-09
-6.8586e-09
-6.43016e-09
-5.97616e-09
-5.54797e-09
-5.09293e-09
-4.66531e-09
-4.20806e-09
-3.78274e-09
-3.31956e-09
-2.90247e-09
-2.42127e-09
-2.03422e-09
-1.49413e-09
-1.21972e-09
-4.67325e-10
-5.71621e-10
7.87844e-10
0.0592102
0.0579751
0.0538087
0.0474696
0.0381807
0.0251824
0.00790065
-0.0144723
-0.0415639
-0.0727242
-0.105053
-0.134517
-0.16134
-0.184597
-0.203877
-0.219144
-0.230124
-0.236502
-0.237902
-0.234033
-0.224898
-0.210964
-0.193187
-0.172907
-0.15159
-0.130564
-0.110838
-0.0930437
-0.0774778
-0.064179
-0.0530184
-0.0437751
-0.0361914
-0.0300081
-0.0249854
-0.0209119
-0.0176073
-0.0149218
-0.0127326
-0.0109404
-0.00946553
-0.00824439
-0.0072265
-0.00637185
-0.00564873
-0.00503203
-0.00450184
-0.00404238
-0.00364106
-0.00328786
-0.00297478
-0.0026954
-0.00244456
-0.00221812
-0.0020127
-0.00182557
-0.00165452
-0.00149771
-0.00135368
-0.00122119
-0.00109921
-0.000986918
-0.000883589
-0.000788641
-0.000701595
-0.000622053
-0.000549655
-0.000484008
-0.000424595
-0.000370706
-0.000321448
-0.000275865
-0.000233175
-0.000193066
-0.00015585
-0.000122362
-9.35702e-05
-7.00825e-05
-5.18402e-05
-3.81683e-05
-2.8104e-05
-2.07498e-05
-1.54342e-05
-1.16821e-05
-9.09508e-06
-7.29501e-06
-5.9498e-06
-4.82984e-06
-3.8309e-06
-2.94292e-06
-2.19262e-06
-1.59868e-06
-1.15448e-06
-8.34397e-07
-6.07412e-07
-4.46638e-07
-3.32159e-07
-2.50092e-07
-1.90828e-07
-1.47676e-07
-1.16001e-07
-9.25861e-08
-7.51858e-08
-6.21898e-08
-5.24462e-08
-4.5097e-08
-3.95272e-08
-3.52611e-08
-3.19676e-08
-2.93774e-08
-2.73188e-08
-2.5638e-08
-2.42533e-08
-2.30727e-08
-2.20637e-08
-2.11653e-08
-2.03714e-08
-1.96364e-08
-1.89693e-08
-1.83319e-08
-1.77423e-08
-1.71654e-08
-1.66253e-08
-1.60875e-08
-1.55804e-08
-1.5069e-08
-1.45848e-08
-1.40916e-08
-1.36237e-08
-1.31439e-08
-1.26883e-08
-1.22177e-08
-1.17706e-08
-1.13066e-08
-1.0866e-08
-1.04067e-08
-9.97061e-09
-9.51453e-09
-9.08155e-09
-8.62738e-09
-8.19642e-09
-7.7432e-09
-7.31339e-09
-6.86041e-09
-6.43113e-09
-5.97776e-09
-5.54871e-09
-5.09434e-09
-4.6658e-09
-4.20931e-09
-3.78288e-09
-3.32075e-09
-2.90181e-09
-2.42293e-09
-2.03114e-09
-1.49875e-09
-1.20785e-09
-4.85822e-10
-5.2602e-10
7.07977e-10
0.0564165
0.0551008
0.0506639
0.0440039
0.0343985
0.0212323
0.00409116
-0.0175537
-0.0433045
-0.0723943
-0.102625
-0.130883
-0.156833
-0.179556
-0.198526
-0.21355
-0.224317
-0.230528
-0.231884
-0.228202
-0.219568
-0.206469
-0.189795
-0.170748
-0.150633
-0.130645
-0.111714
-0.0944564
-0.07919
-0.0660003
-0.0548111
-0.04545
-0.0376986
-0.0313271
-0.0261153
-0.0218639
-0.0183994
-0.0155745
-0.0132665
-0.0113748
-0.00981781
-0.0085295
-0.0074571
-0.00655846
-0.00579998
-0.00515492
-0.00460204
-0.00412441
-0.00370856
-0.00334372
-0.0030213
-0.00273443
-0.00247757
-0.00224626
-0.00203692
-0.00184661
-0.00167298
-0.00151409
-0.00136835
-0.00123446
-0.00111135
-0.000998122
-0.000894025
-0.000798439
-0.000710849
-0.000630818
-0.000557945
-0.000491799
-0.000431835
-0.000377348
-0.000327475
-0.000281318
-0.000238165
-0.000197745
-0.000160371
-0.000126818
-9.79606e-05
-7.43161e-05
-5.57764e-05
-4.16728e-05
-3.10896e-05
-2.3189e-05
-1.73498e-05
-1.31287e-05
-1.01458e-05
-8.03329e-06
-6.46145e-06
-5.19297e-06
-4.10532e-06
-3.16537e-06
-2.37985e-06
-1.75548e-06
-1.28193e-06
-9.34459e-07
-6.83877e-07
-5.04108e-07
-3.74982e-07
-2.81866e-07
-2.14352e-07
-1.65073e-07
-1.28854e-07
-1.02064e-07
-8.21556e-08
-6.72981e-08
-5.61798e-08
-4.78219e-08
-4.15159e-08
-3.67144e-08
-3.3031e-08
-3.0157e-08
-2.78905e-08
-2.60577e-08
-2.4561e-08
-2.3299e-08
-2.22297e-08
-2.1288e-08
-2.04618e-08
-1.97039e-08
-1.90193e-08
-1.83698e-08
-1.77706e-08
-1.71874e-08
-1.66418e-08
-1.61008e-08
-1.55905e-08
-1.50776e-08
-1.45914e-08
-1.40978e-08
-1.36283e-08
-1.31484e-08
-1.26914e-08
-1.22212e-08
-1.1773e-08
-1.13096e-08
-1.08679e-08
-1.04092e-08
-9.97218e-09
-9.51672e-09
-9.08281e-09
-8.62931e-09
-8.19742e-09
-7.74492e-09
-7.31417e-09
-6.86194e-09
-6.4317e-09
-5.97911e-09
-5.54908e-09
-5.09553e-09
-4.66595e-09
-4.21036e-09
-3.7827e-09
-3.32176e-09
-2.90087e-09
-2.42442e-09
-2.02775e-09
-1.5033e-09
-1.19491e-09
-5.05546e-10
-4.72494e-10
6.13774e-10
0.0541476
0.0527724
0.048135
0.0412436
0.0314203
0.0181621
0.00117111
-0.0198867
-0.0446063
-0.0721778
-0.100848
-0.128128
-0.15336
-0.175627
-0.194324
-0.209141
-0.219739
-0.225826
-0.227159
-0.223633
-0.215397
-0.202947
-0.187125
-0.169027
-0.149842
-0.13066
-0.112356
-0.0955271
-0.0805077
-0.0674163
-0.0562157
-0.0467707
-0.0388935
-0.0323776
-0.0270187
-0.0226278
-0.0190368
-0.0161009
-0.0136979
-0.0117265
-0.0101033
-0.00876074
-0.00764423
-0.00670993
-0.00592274
-0.00525466
-0.00468333
-0.00419093
-0.00376326
-0.00338895
-0.00305896
-0.00276599
-0.00250424
-0.00226899
-0.00205646
-0.00186357
-0.00168785
-0.00152725
-0.00138013
-0.00124511
-0.00112107
-0.00100708
-0.000902356
-0.000806245
-0.000718201
-0.000637756
-0.000564472
-0.000497884
-0.000437429
-0.000382404
-0.00033198
-0.000285319
-0.00024177
-0.000201109
-0.000163643
-0.000130096
-0.000101255
-7.75513e-05
-5.88289e-05
-4.44202e-05
-3.3449e-05
-2.51298e-05
-1.88864e-05
-1.43027e-05
-1.10132e-05
-8.65626e-06
-6.90323e-06
-5.51132e-06
-4.34563e-06
-3.35705e-06
-2.53791e-06
-1.88576e-06
-1.38674e-06
-1.01619e-06
-7.45927e-07
-5.50384e-07
-4.09182e-07
-3.07072e-07
-2.32952e-07
-1.78838e-07
-1.39066e-07
-1.09641e-07
-8.77614e-08
-7.14248e-08
-5.92007e-08
-5.00244e-08
-4.31185e-08
-3.78818e-08
-3.38833e-08
-3.07816e-08
-2.83489e-08
-2.63952e-08
-2.48091e-08
-2.34819e-08
-2.23642e-08
-2.13876e-08
-2.05352e-08
-1.9759e-08
-1.90603e-08
-1.84012e-08
-1.77941e-08
-1.7206e-08
-1.66558e-08
-1.61124e-08
-1.55993e-08
-1.50853e-08
-1.45971e-08
-1.41032e-08
-1.36325e-08
-1.31527e-08
-1.26946e-08
-1.22246e-08
-1.17755e-08
-1.13125e-08
-1.08699e-08
-1.04118e-08
-9.97387e-09
-9.51902e-09
-9.08421e-09
-8.63138e-09
-8.19858e-09
-7.74678e-09
-7.31512e-09
-6.86361e-09
-6.43246e-09
-5.98062e-09
-5.54964e-09
-5.09688e-09
-4.66631e-09
-4.21157e-09
-3.78275e-09
-3.32293e-09
-2.90023e-09
-2.42604e-09
-2.02478e-09
-1.50784e-09
-1.1823e-09
-5.25359e-10
-4.15041e-10
5.1169e-10
0.0524271
0.0510101
0.0462318
0.0391815
0.0292147
0.015911
-0.000947133
-0.0215635
-0.0455332
-0.0720386
-0.0996025
-0.126144
-0.15083
-0.172738
-0.191212
-0.205866
-0.216341
-0.222349
-0.223685
-0.220292
-0.212358
-0.200385
-0.185178
-0.167765
-0.149249
-0.130654
-0.112809
-0.0962992
-0.0814674
-0.0684548
-0.0572517
-0.0477494
-0.0397826
-0.0331619
-0.0276952
-0.0232011
-0.0195162
-0.0164975
-0.0140235
-0.0119921
-0.0103191
-0.0089357
-0.00778589
-0.00682463
-0.00601574
-0.00533022
-0.00474491
-0.00424132
-0.00380469
-0.00342321
-0.00308746
-0.00278988
-0.00252441
-0.00228617
-0.00207122
-0.00187638
-0.00169907
-0.00153719
-0.00138901
-0.00125314
-0.0011284
-0.00101383
-0.000908626
-0.000812113
-0.000723722
-0.000642957
-0.000569351
-0.000502413
-0.000441568
-0.000386117
-0.000335261
-0.000288207
-0.000244359
-0.000203522
-0.000166003
-0.00013248
-0.000103671
-7.99398e-05
-6.10919e-05
-4.64621e-05
-3.52068e-05
-2.65826e-05
-2.00475e-05
-1.52043e-05
-1.16952e-05
-9.16045e-06
-7.27069e-06
-5.77994e-06
-4.5465e-06
-3.51204e-06
-2.66017e-06
-1.98239e-06
-1.46205e-06
-1.07379e-06
-7.89364e-07
-5.82967e-07
-4.33657e-07
-3.25523e-07
-2.46883e-07
-1.89334e-07
-1.46926e-07
-1.15473e-07
-9.20444e-08
-7.45435e-08
-6.14599e-08
-5.16605e-08
-4.43072e-08
-3.87507e-08
-3.45214e-08
-3.1252e-08
-2.86953e-08
-2.66503e-08
-2.49961e-08
-2.36195e-08
-2.24649e-08
-2.14622e-08
-2.05901e-08
-1.98003e-08
-1.90908e-08
-1.84247e-08
-1.78115e-08
-1.72198e-08
-1.66661e-08
-1.6121e-08
-1.56056e-08
-1.5091e-08
-1.46012e-08
-1.41072e-08
-1.36353e-08
-1.31557e-08
-1.26965e-08
-1.22271e-08
-1.1777e-08
-1.13146e-08
-1.0871e-08
-1.04136e-08
-9.97468e-09
-9.52056e-09
-9.0848e-09
-8.63274e-09
-8.19898e-09
-7.74799e-09
-7.31535e-09
-6.86469e-09
-6.43254e-09
-5.98157e-09
-5.54959e-09
-5.09773e-09
-4.6661e-09
-4.21233e-09
-3.78232e-09
-3.32367e-09
-2.89922e-09
-2.42716e-09
-2.02178e-09
-1.51152e-09
-1.17064e-09
-5.43002e-10
-3.59809e-10
4.13275e-10
0.0512715
0.0498281
0.0449604
0.037811
0.027758
0.0144344
-0.00232634
-0.0226487
-0.0461297
-0.0719564
-0.0988115
-0.124861
-0.149179
-0.170841
-0.189161
-0.203704
-0.214096
-0.220054
-0.221393
-0.218088
-0.210354
-0.198692
-0.183887
-0.166921
-0.148845
-0.130635
-0.113094
-0.0967973
-0.0820927
-0.0691357
-0.0579341
-0.0483964
-0.0403722
-0.0336834
-0.028146
-0.023584
-0.0198368
-0.0167632
-0.0142418
-0.0121704
-0.0104641
-0.00905327
-0.00788111
-0.00690175
-0.00607825
-0.005381
-0.00478629
-0.00427517
-0.0038325
-0.0034462
-0.00310658
-0.0028059
-0.00253793
-0.00229767
-0.0020811
-0.00188495
-0.00170657
-0.00154382
-0.00139494
-0.00125848
-0.00113327
-0.00101831
-0.000912783
-0.000815998
-0.000727369
-0.000646381
-0.00057255
-0.000505365
-0.000444242
-0.000388486
-0.000337321
-0.000289987
-0.000245924
-0.000204965
-0.000167412
-0.000133916
-0.000105143
-8.14117e-05
-6.24994e-05
-4.77415e-05
-3.63156e-05
-2.75063e-05
-2.07942e-05
-1.57938e-05
-1.2151e-05
-9.50608e-06
-7.52933e-06
-5.97327e-06
-4.6929e-06
-3.62499e-06
-2.74824e-06
-2.05062e-06
-1.51382e-06
-1.11205e-06
-8.17047e-07
-6.02815e-07
-4.47968e-07
-3.36023e-07
-2.5476e-07
-1.95349e-07
-1.51552e-07
-1.19011e-07
-9.4709e-08
-7.65102e-08
-6.2884e-08
-5.26793e-08
-4.50341e-08
-3.92735e-08
-3.49021e-08
-3.15332e-08
-2.89042e-08
-2.68061e-08
-2.51115e-08
-2.3705e-08
-2.25277e-08
-2.1509e-08
-2.06247e-08
-1.98267e-08
-1.91106e-08
-1.84403e-08
-1.78234e-08
-1.72296e-08
-1.66735e-08
-1.61275e-08
-1.56105e-08
-1.50956e-08
-1.46047e-08
-1.41107e-08
-1.36379e-08
-1.31585e-08
-1.26986e-08
-1.22294e-08
-1.17786e-08
-1.13166e-08
-1.08724e-08
-1.04154e-08
-9.97579e-09
-9.5222e-09
-9.08572e-09
-8.63422e-09
-8.19973e-09
-7.74934e-09
-7.31597e-09
-6.86591e-09
-6.43302e-09
-5.98269e-09
-5.54995e-09
-5.09874e-09
-4.66634e-09
-4.21327e-09
-3.78238e-09
-3.32458e-09
-2.89885e-09
-2.42833e-09
-2.01994e-09
-1.51462e-09
-1.16215e-09
-5.56686e-10
-3.15876e-10
3.34532e-10
0.050691
0.0492351
0.0443236
0.0371271
0.0270336
0.0137033
-0.00300605
-0.0231814
-0.0464212
-0.0719176
-0.0984266
-0.124231
-0.148363
-0.1699
-0.18814
-0.202627
-0.212979
-0.218913
-0.220257
-0.217
-0.209366
-0.19786
-0.183253
-0.166506
-0.148645
-0.130625
-0.113234
-0.0970427
-0.0824017
-0.069473
-0.0582728
-0.0487182
-0.0406659
-0.0339435
-0.0283711
-0.0237754
-0.0199972
-0.0168962
-0.0143511
-0.0122597
-0.0105368
-0.00911224
-0.00792888
-0.00694045
-0.00610963
-0.0054065
-0.00480707
-0.00429217
-0.00384648
-0.00345775
-0.00311619
-0.00281394
-0.00254472
-0.00230346
-0.00208607
-0.00188926
-0.00171035
-0.00154717
-0.00139793
-0.00126119
-0.00113574
-0.00102058
-0.000914894
-0.000817974
-0.000729228
-0.000648132
-0.000574192
-0.000506893
-0.000445646
-0.000389758
-0.000338462
-0.00029101
-0.000246857
-0.000205838
-0.000168253
-0.000134737
-0.000105939
-8.21608e-05
-6.31762e-05
-4.83292e-05
-3.68122e-05
-2.79221e-05
-2.11451e-05
-1.60932e-05
-1.24062e-05
-9.71945e-06
-7.70154e-06
-6.10613e-06
-4.79039e-06
-3.69277e-06
-2.79271e-06
-2.07807e-06
-1.52986e-06
-1.12123e-06
-8.2269e-07
-6.06973e-07
-4.51648e-07
-3.39519e-07
-2.58006e-07
-1.98176e-07
-1.53837e-07
-1.2073e-07
-9.59219e-08
-7.73268e-08
-6.34225e-08
-5.30403e-08
-4.52879e-08
-3.9463e-08
-3.50487e-08
-3.16476e-08
-2.89916e-08
-2.68713e-08
-2.51585e-08
-2.3739e-08
-2.25519e-08
-2.15271e-08
-2.06379e-08
-1.98371e-08
-1.91182e-08
-1.84465e-08
-1.78277e-08
-1.72333e-08
-1.6676e-08
-1.61299e-08
-1.56119e-08
-1.50972e-08
-1.46055e-08
-1.41119e-08
-1.36384e-08
-1.31594e-08
-1.26987e-08
-1.22301e-08
-1.17786e-08
-1.13172e-08
-1.08722e-08
-1.04158e-08
-9.9755e-09
-9.52254e-09
-9.08533e-09
-8.6345e-09
-8.19927e-09
-7.74956e-09
-7.31544e-09
-6.8661e-09
-6.43244e-09
-5.98284e-09
-5.54933e-09
-5.09887e-09
-4.66568e-09
-4.21339e-09
-3.78165e-09
-3.3247e-09
-2.89791e-09
-2.42858e-09
-2.01824e-09
-1.51595e-09
-1.15705e-09
-5.64006e-10
-2.90974e-10
2.89637e-10
-0.459705
-0.24728
-0.140336
-0.459705
-0.24728
-0.335917
-0.341345
-0.429481
-0.335917
-0.341345
0.126491
0.414229
0.308727
0.332827
0.126491
0.414229
0.308727
-0.110755
-0.330209
-0.330209
-0.314104
-0.314886
-0.31377
-0.321274
-0.314104
-0.314886
-0.31377
0.488673
0.430841
0.488673
-0.312032
-0.310582
-0.312032
-0.310582
0.430839
0.488673
0.430839
-0.31059
-0.312097
-0.31059
-0.312097
0.308724
0.332821
0.126477
0.414226
0.308724
0.332821
0.126477
-0.110784
-0.110784
-0.330317
-0.330317
-0.313852
-0.321377
-0.314216
-0.314967
-0.313852
-0.321377
-0.314216
-0.140371
-0.459808
-0.247315
-0.140371
-0.459808
-0.341458
-0.429601
-0.33603
-0.341458
-0.429599
-0.33603
-0.288165
-0.166327
-0.354796
-0.122866
-0.288165
-0.166327
-0.354796
-0.315077
-0.409536
-0.328402
-0.337292
-0.315078
-0.409535
-0.328403
0.105085
0.264928
0.109829
0.194605
0.105085
0.264928
0.109829
-0.413708
-0.430308
-0.402359
-0.452661
-0.403163
-0.452965
-0.413511
-0.310859
-0.322512
-0.317184
-0.318438
-0.310859
-0.322512
-0.317184
-0.103591
-0.316425
-0.321595
-0.315826
-0.323215
-0.315889
-0.323197
-0.316397
-0.309692
-0.312886
-0.31282
-0.309759
-0.308313
-0.307463
-0.307394
-0.308381
-0.315545
-0.313677
-0.312368
-0.319312
-0.312316
-0.320324
-0.315367
0.109815
0.194594
0.105066
0.26492
0.109815
0.194594
0.105066
-0.369398
-0.245026
-0.161696
-0.163988
-0.372394
-0.317322
-0.318556
-0.311017
-0.322621
-0.317322
-0.318556
-0.311017
-0.354874
-0.1229
-0.288233
-0.166367
-0.354875
-0.1229
-0.288233
-0.328519
-0.337382
-0.315184
-0.409646
-0.328519
-0.337382
-0.315185
-0.363101
-0.461257
-0.352714
-0.480865
-0.353694
-0.482068
-0.362262
-0.369335
-0.244991
-0.161659
-0.16395
-0.37233
-0.363102
-0.461257
-0.352716
-0.480865
-0.353695
-0.482068
-0.362263
-0.369334
-0.24499
-0.161659
-0.16395
-0.37233
-0.355362
-0.341359
-0.339144
-0.339312
-0.355571
-0.413707
-0.430307
-0.402359
-0.452661
-0.403162
-0.452965
-0.413511
-0.355362
-0.341359
-0.339144
-0.339312
-0.355571
0.328015
0.125096
0.262277
0.110764
0.261586
0.108899
0.32965
0.3749
0.327667
0.202917
0.434195
0.174337
0.438187
0.377491
0.328015
0.125096
0.262277
0.110765
0.261586
0.1089
0.32965
0.3749
0.327667
0.202917
0.434195
0.174337
0.438187
0.377491
-0.103591
-0.330211
-0.330211
-0.31547
-0.313597
-0.31922
-0.312305
-0.32023
-0.312252
-0.315291
-0.316425
-0.321595
-0.315826
-0.323215
-0.315889
-0.323197
-0.316397
-0.315469
-0.313597
-0.31922
-0.312305
-0.32023
-0.312252
-0.315291
0.52978
0.463126
0.466221
0.527761
0.567708
0.588083
0.589169
0.566316
0.52978
0.463126
0.466221
0.527761
0.567708
0.588083
0.589169
0.566316
-0.308288
-0.307455
-0.307386
-0.308357
-0.309692
-0.312886
-0.31282
-0.309759
-0.308288
-0.307455
-0.307386
-0.308357
0.567708
0.588083
0.58917
0.566317
0.529781
0.463127
0.466222
0.527762
0.567708
0.588084
0.58917
0.566317
0.529781
0.463127
0.466222
0.527762
-0.309732
-0.312941
-0.312875
-0.309799
-0.308313
-0.307463
-0.307394
-0.308381
-0.309732
-0.312941
-0.312875
-0.309799
0.374897
0.327664
0.434193
0.202911
0.438185
0.174332
0.377489
0.32801
0.125082
0.110754
0.262268
0.10889
0.261577
0.329645
0.374897
0.327665
0.434193
0.202911
0.438185
0.174332
0.377488
0.32801
0.125082
0.110755
0.262268
0.10889
0.261578
0.329645
-0.10362
-0.10362
-0.33032
-0.33032
-0.316512
-0.321698
-0.323317
-0.315922
-0.323299
-0.315985
-0.316485
-0.315545
-0.313677
-0.312368
-0.319312
-0.312316
-0.320324
-0.315367
-0.316512
-0.321698
-0.323317
-0.315922
-0.323299
-0.315985
-0.316485
-0.363183
-0.46136
-0.480972
-0.352792
-0.482175
-0.353772
-0.362344
-0.369397
-0.245026
-0.161696
-0.163987
-0.372393
-0.363184
-0.46136
-0.480972
-0.352794
-0.482175
-0.353773
-0.362345
-0.355476
-0.341472
-0.339256
-0.339423
-0.355685
-0.413827
-0.430427
-0.452784
-0.402475
-0.453088
-0.403278
-0.41363
-0.355475
-0.341472
-0.339256
-0.339423
-0.355685
-0.413827
-0.430426
-0.452783
-0.402475
-0.453087
-0.403278
-0.413631
-0.36691
-0.141213
-0.322493
-0.158326
-0.322373
-0.160389
-0.367745
0.327999
0.303206
0.370551
0.276081
0.327999
0.303206
0.370551
-0.317889
-0.317987
-0.324481
-0.31952
-0.317889
-0.317987
-0.324481
0.402941
0.331151
0.420045
0.320999
0.402941
0.331151
0.420045
0.530647
0.432079
0.504969
0.465893
0.506447
0.466974
0.529409
-0.317907
-0.314085
-0.320073
-0.315341
-0.317907
-0.314085
-0.320073
0.420044
0.320997
0.402939
0.331151
0.420044
0.320997
0.402939
0.552891
0.48976
0.562073
0.48026
0.563233
0.48138
0.551706
-0.320089
-0.315393
-0.31797
-0.314102
-0.320089
-0.315393
-0.31797
0.370549
0.276078
0.327995
0.303204
0.370549
0.276078
0.327995
-0.324574
-0.319644
-0.318023
-0.318075
-0.324574
-0.319644
-0.318023
-0.32279
-0.318375
-0.323754
-0.31842
-0.32392
-0.314336
-0.314248
-0.36691
-0.141213
-0.322493
-0.158326
-0.322373
-0.160388
-0.367744
-0.358168
-0.336214
-0.349193
-0.346298
-0.349649
-0.346462
-0.358204
-0.358168
-0.336214
-0.349193
-0.346298
-0.349649
-0.346462
-0.358204
0.552892
0.48976
0.480261
0.562073
0.481381
0.563232
0.551707
0.530647
0.432079
0.504969
0.465893
0.506447
0.466974
0.529409
0.552892
0.48976
0.480261
0.562073
0.481381
0.563232
0.551707
-0.309728
-0.311977
-0.31076
-0.311626
-0.310653
-0.311577
-0.309821
-0.308805
-0.310529
-0.310782
-0.308391
-0.31073
-0.308327
-0.308877
-0.309728
-0.311977
-0.31076
-0.311626
-0.310653
-0.311577
-0.309821
-0.308805
-0.310529
-0.310782
-0.308391
-0.31073
-0.308327
-0.308877
0.530645
0.432077
0.465891
0.504968
0.466971
0.506445
0.529408
0.552891
0.48976
0.562073
0.48026
0.563233
0.48138
0.551707
0.530646
0.432077
0.465891
0.504968
0.466972
0.506445
0.529408
-0.308827
-0.310536
-0.308399
-0.310809
-0.308334
-0.310757
-0.308899
-0.309766
-0.312042
-0.311668
-0.310808
-0.311619
-0.310701
-0.309859
-0.308827
-0.310536
-0.308399
-0.310809
-0.308334
-0.310757
-0.308899
-0.309766
-0.312042
-0.311668
-0.310808
-0.311619
-0.310701
-0.309859
-0.366977
-0.141248
-0.158361
-0.322551
-0.160424
-0.322431
-0.367811
-0.366976
-0.141248
-0.158361
-0.32255
-0.160424
-0.322431
-0.367811
-0.358283
-0.336327
-0.346414
-0.349306
-0.346578
-0.349761
-0.358318
-0.358282
-0.336327
-0.346415
-0.349305
-0.346578
-0.349761
-0.358318
0.10452
0.0935896
0.211643
0.0893708
0.210911
0.156916
0.157476
0.10452
0.0935896
0.211643
0.0893708
0.210911
0.156916
0.157476
-0.322681
-0.323642
-0.318269
-0.323809
-0.318314
-0.314226
-0.314138
-0.322681
-0.323642
-0.318269
-0.323809
-0.318314
-0.314226
-0.314138
0.104506
0.211632
0.0935719
0.2109
0.089353
0.156903
0.157462
0.104506
0.211632
0.0935719
0.2109
0.0893531
0.156903
0.157462
-0.32279
-0.318375
-0.323754
-0.31842
-0.32392
-0.314336
-0.314248
0.0610531
0.151215
0.0783864
0.103656
0.061053
0.151215
0.0783863
-0.291685
-0.30995
-0.328966
-0.300557
-0.291685
-0.30995
-0.328966
0.251056
0.251344
0.284551
0.214239
0.251056
0.251344
0.284551
-0.316143
-0.321817
-0.327273
-0.320375
-0.316143
-0.321817
-0.327273
0.284546
0.214235
0.251048
0.251341
0.284546
0.214235
0.251048
-0.327441
-0.320555
-0.316325
-0.321976
-0.327441
-0.320555
-0.316325
0.0783649
0.103644
0.0610314
0.151202
0.0783649
0.103644
0.0610314
-0.329138
-0.30067
-0.291841
-0.310069
-0.329137
-0.30067
-0.291841
)
;

boundaryField
{
    inlet
    {
        type            zeroGradient;
    }
    outlet
    {
        type            fixedValue;
        value           uniform 0;
    }
    top
    {
        type            symmetryPlane;
    }
    bottom
    {
        type            symmetryPlane;
    }
    front
    {
        type            symmetryPlane;
    }
    back
    {
        type            symmetryPlane;
    }
    cylinder
    {
        type            zeroGradient;
    }
}


// ************************************************************************* //
