/*--------------------------------*- C++ -*----------------------------------*\
  =========                 |
  \\      /  F ield         | OpenFOAM: The Open Source CFD Toolbox
   \\    /   O peration     | Website:  https://openfoam.org
    \\  /    A nd           | Version:  11
     \\/     M anipulation  |
\*---------------------------------------------------------------------------*/
FoamFile
{
    format      ascii;
    class       volScalarField;
    location    "4.730365";
    object      p;
}
// * * * * * * * * * * * * * * * * * * * * * * * * * * * * * * * * * * * * * //

dimensions      [0 2 -2 0 0 0 0];

internalField   nonuniform List<scalar> 
7132
(
0.0507731
0.0493182
0.0444097
0.0372177
0.0271305
0.0138082
-0.00289198
-0.0230583
-0.0462929
-0.0717948
-0.0983347
-0.124219
-0.148521
-0.17038
-0.189179
-0.204569
-0.216284
-0.224133
-0.227972
-0.227718
-0.223397
-0.215211
-0.203581
-0.18915
-0.172733
-0.155218
-0.137462
-0.120196
-0.103972
-0.0891535
-0.07593
-0.0643521
-0.0543699
-0.0458686
-0.0386977
-0.0326931
-0.0276915
-0.0235397
-0.0200997
-0.0172507
-0.014889
-0.0129271
-0.0112922
-0.00992427
-0.008774
-0.00780128
-0.00697351
-0.00626433
-0.00565241
-0.00512052
-0.00465477
-0.00424396
-0.00387903
-0.00355269
-0.00325901
-0.00299322
-0.00275142
-0.00253045
-0.0023277
-0.00214104
-0.00196869
-0.00180917
-0.00166124
-0.00152385
-0.00139608
-0.00127716
-0.00116642
-0.00106329
-0.00096727
-0.000877919
-0.000794862
-0.000717768
-0.000646345
-0.000580336
-0.000519501
-0.000463601
-0.000412366
-0.00036546
-0.000322453
-0.000282823
-0.000245992
-0.000211458
-0.000178929
-0.00014846
-0.000120468
-9.55904e-05
-7.43954e-05
-5.71119e-05
-4.35183e-05
-3.30511e-05
-2.50441e-05
-1.89344e-05
-1.4326e-05
-1.09331e-05
-8.49422e-06
-6.73994e-06
-5.42167e-06
-4.35654e-06
-3.44623e-06
-2.65969e-06
-1.99842e-06
-1.46696e-06
-1.05925e-06
-7.58329e-07
-5.4219e-07
-3.89281e-07
-2.81617e-07
-2.0546e-07
-1.5099e-07
-1.11404e-07
-8.22107e-08
-6.04298e-08
-4.41492e-08
-3.20149e-08
-2.3089e-08
-1.65894e-08
-1.19426e-08
-8.63066e-09
-6.30764e-09
-4.65598e-09
-3.50707e-09
-2.68429e-09
-2.12728e-09
-1.73167e-09
-1.48692e-09
-1.31826e-09
-1.23749e-09
-1.18363e-09
-1.18174e-09
-1.17904e-09
-1.20926e-09
-1.22397e-09
-1.26209e-09
-1.27686e-09
-1.31032e-09
-1.31606e-09
-1.33831e-09
-1.3304e-09
-1.33813e-09
-1.31451e-09
-1.30647e-09
-1.26652e-09
-1.24257e-09
-1.18652e-09
-1.14723e-09
-1.07581e-09
-1.02223e-09
-9.36432e-10
-8.70118e-10
-7.70765e-10
-6.93998e-10
-5.8103e-10
-4.97656e-10
-3.68658e-10
-2.85845e-10
-1.34109e-10
-5.85784e-11
1.13378e-10
2.32289e-10
2.65044e-10
0.0513533
0.0499108
0.0450461
0.0379013
0.0278545
0.0145391
-0.00221206
-0.0225245
-0.0459986
-0.0718277
-0.0987081
-0.124829
-0.149302
-0.171267
-0.190123
-0.205544
-0.217279
-0.225142
-0.228989
-0.228725
-0.224364
-0.216095
-0.204337
-0.18974
-0.173132
-0.155426
-0.137496
-0.120087
-0.103758
-0.0888719
-0.0756139
-0.0640279
-0.0540563
-0.0455778
-0.0384365
-0.032464
-0.0274943
-0.0233725
-0.0199595
-0.0171341
-0.0147927
-0.0128479
-0.0112273
-0.00987119
-0.0087306
-0.00776578
-0.00694445
-0.00624048
-0.00563279
-0.00510432
-0.00464134
-0.00423276
-0.00386964
-0.00354476
-0.00325227
-0.00298744
-0.00274643
-0.00252609
-0.00232387
-0.00213764
-0.00196565
-0.00180644
-0.00165876
-0.00152158
-0.001394
-0.00127524
-0.00116464
-0.00106162
-0.000965702
-0.000876436
-0.000793451
-0.000716418
-0.000645048
-0.000579088
-0.0005183
-0.000462452
-0.000411278
-0.000364444
-0.000321522
-0.000281984
-0.000245244
-0.000210787
-0.000178315
-0.000147877
-0.000119898
-9.50261e-05
-7.38457e-05
-5.65963e-05
-4.30573e-05
-3.2657e-05
-2.47167e-05
-1.86634e-05
-1.4097e-05
-1.07343e-05
-8.31988e-06
-6.58944e-06
-5.29668e-06
-4.25825e-06
-3.37388e-06
-2.61053e-06
-1.96822e-06
-1.45085e-06
-1.05241e-06
-7.56579e-07
-5.42421e-07
-3.89596e-07
-2.81197e-07
-2.04239e-07
-1.49283e-07
-1.09605e-07
-8.06246e-08
-5.92082e-08
-4.33116e-08
-3.14946e-08
-2.27902e-08
-1.64203e-08
-1.18391e-08
-8.55402e-09
-6.24344e-09
-4.59953e-09
-3.46097e-09
-2.64837e-09
-2.1025e-09
-1.71472e-09
-1.47681e-09
-1.31134e-09
-1.23369e-09
-1.18054e-09
-1.18041e-09
-1.17767e-09
-1.20929e-09
-1.22367e-09
-1.26295e-09
-1.27715e-09
-1.31159e-09
-1.31667e-09
-1.33974e-09
-1.33105e-09
-1.33964e-09
-1.31517e-09
-1.30799e-09
-1.26714e-09
-1.24406e-09
-1.18709e-09
-1.14866e-09
-1.07632e-09
-1.0236e-09
-9.36857e-10
-8.71428e-10
-7.71105e-10
-6.95284e-10
-5.81245e-10
-4.99054e-10
-3.68531e-10
-2.88045e-10
-1.32682e-10
-6.50686e-11
1.21668e-10
2.03164e-10
3.1677e-10
0.0525081
0.0510921
0.0463168
0.0392709
0.0293105
0.0160152
-0.00083257
-0.0214374
-0.0453969
-0.0718985
-0.0994767
-0.126072
-0.150886
-0.173059
-0.19202
-0.207501
-0.219273
-0.227169
-0.231035
-0.230759
-0.226322
-0.21789
-0.205874
-0.190938
-0.173944
-0.155847
-0.137563
-0.119864
-0.103323
-0.0883019
-0.0749758
-0.0633745
-0.0534255
-0.0449938
-0.0379125
-0.032005
-0.0270996
-0.023038
-0.0196792
-0.0169013
-0.0146005
-0.01269
-0.0110979
-0.00976535
-0.00864408
-0.00769504
-0.00688653
-0.00619298
-0.00559371
-0.00507205
-0.00461458
-0.00421046
-0.00385094
-0.00352897
-0.00323884
-0.00297593
-0.00273647
-0.00251741
-0.00231624
-0.00213087
-0.00195961
-0.001801
-0.00165384
-0.00151709
-0.00138988
-0.00127144
-0.00116111
-0.00105833
-0.00096261
-0.000873517
-0.000790679
-0.000713773
-0.000642514
-0.000576654
-0.000515966
-0.000460229
-0.000409189
-0.000362522
-0.0003198
-0.000280481
-0.000243969
-0.000209709
-0.000177372
-0.000146995
-0.000119007
-9.40855e-05
-7.28535e-05
-5.55873e-05
-4.20856e-05
-3.17741e-05
-2.39559e-05
-1.80351e-05
-1.3594e-05
-1.03406e-05
-8.01707e-06
-6.36009e-06
-5.12459e-06
-4.12884e-06
-3.27509e-06
-2.53379e-06
-1.9083e-06
-1.40475e-06
-1.01806e-06
-7.31926e-07
-5.25242e-07
-3.77738e-07
-2.72876e-07
-1.98168e-07
-1.44646e-07
-1.05942e-07
-7.76972e-08
-5.68942e-08
-4.15319e-08
-3.01726e-08
-2.1842e-08
-1.57579e-08
-1.13818e-08
-8.23569e-09
-6.01683e-09
-4.43322e-09
-3.33669e-09
-2.55469e-09
-2.03281e-09
-1.66335e-09
-1.43983e-09
-1.28465e-09
-1.21475e-09
-1.16668e-09
-1.17049e-09
-1.17018e-09
-1.20395e-09
-1.21952e-09
-1.26007e-09
-1.27481e-09
-1.31004e-09
-1.31524e-09
-1.33888e-09
-1.33017e-09
-1.33916e-09
-1.31456e-09
-1.3077e-09
-1.26667e-09
-1.24387e-09
-1.18669e-09
-1.14852e-09
-1.07595e-09
-1.0235e-09
-9.36507e-10
-8.71367e-10
-7.70754e-10
-6.95336e-10
-5.80819e-10
-4.99505e-10
-3.6767e-10
-2.90249e-10
-1.2958e-10
-7.53561e-11
1.37349e-10
1.52099e-10
4.08221e-10
0.0542276
0.0528532
0.0482188
0.0413318
0.0315149
0.0182655
0.00128583
-0.0197581
-0.0444629
-0.0720217
-0.100691
-0.127996
-0.153316
-0.175789
-0.194898
-0.21046
-0.222285
-0.230228
-0.234127
-0.233833
-0.229283
-0.220607
-0.2082
-0.192746
-0.175162
-0.156469
-0.137646
-0.119509
-0.102649
-0.0874268
-0.0740019
-0.0623818
-0.0524706
-0.0441125
-0.0371238
-0.0313157
-0.0265081
-0.0225375
-0.0192604
-0.0165537
-0.0143138
-0.0124545
-0.0109051
-0.00960767
-0.00851522
-0.00758966
-0.00680026
-0.00612219
-0.00553546
-0.00502396
-0.0045747
-0.0041772
-0.00382305
-0.00350542
-0.0032188
-0.00295874
-0.0027216
-0.00250444
-0.00230482
-0.00212075
-0.00195055
-0.00179284
-0.00164644
-0.00151034
-0.00138368
-0.00126572
-0.0011558
-0.00105337
-0.000957947
-0.000869109
-0.00078649
-0.00070977
-0.000638671
-0.000572955
-0.000512409
-0.000456826
-0.000405971
-0.000359532
-0.000317085
-0.000278073
-0.000241868
-0.000207876
-0.000175726
-0.000145433
-0.000117439
-9.24571e-05
-7.11698e-05
-5.39042e-05
-4.04852e-05
-3.03336e-05
-2.27247e-05
-1.70286e-05
-1.28002e-05
-9.73297e-06
-7.564e-06
-6.02955e-06
-4.88619e-06
-3.95546e-06
-3.1452e-06
-2.43282e-06
-1.82797e-06
-1.34102e-06
-9.6857e-07
-6.94466e-07
-4.97343e-07
-3.56983e-07
-2.57269e-07
-1.86273e-07
-1.3551e-07
-9.89341e-08
-7.23766e-08
-5.29179e-08
-3.8614e-08
-2.80652e-08
-2.03368e-08
-1.4685e-08
-1.06134e-08
-7.67883e-09
-5.60932e-09
-4.13215e-09
-3.11472e-09
-2.39108e-09
-1.9138e-09
-1.57671e-09
-1.37777e-09
-1.23951e-09
-1.18261e-09
-1.14298e-09
-1.15377e-09
-1.15763e-09
-1.19536e-09
-1.2129e-09
-1.25584e-09
-1.27136e-09
-1.30811e-09
-1.31346e-09
-1.33816e-09
-1.32924e-09
-1.33906e-09
-1.31407e-09
-1.30793e-09
-1.2664e-09
-1.24425e-09
-1.18653e-09
-1.14899e-09
-1.07585e-09
-1.02402e-09
-9.36428e-10
-8.71958e-10
-7.70677e-10
-6.9609e-10
-5.80649e-10
-5.00833e-10
-3.66902e-10
-2.93942e-10
-1.25698e-10
-8.96164e-11
1.57967e-10
8.64209e-11
5.24316e-10
0.056495
0.0551802
0.0507461
0.0440905
0.0344915
0.0213343
0.00420559
-0.0174228
-0.0431532
-0.072219
-0.102428
-0.130678
-0.15666
-0.179509
-0.198787
-0.214437
-0.226327
-0.23434
-0.238301
-0.238009
-0.23333
-0.224333
-0.211393
-0.195226
-0.176824
-0.157306
-0.137741
-0.119005
-0.101714
-0.0862248
-0.0726732
-0.0610346
-0.0511805
-0.0429264
-0.036066
-0.0303938
-0.0257189
-0.0218712
-0.0187038
-0.0160924
-0.0139337
-0.0121427
-0.0106499
-0.00939915
-0.00834486
-0.00745041
-0.00668626
-0.00602867
-0.00545852
-0.00496042
-0.00452198
-0.00413324
-0.00378616
-0.00347425
-0.00319227
-0.00293597
-0.00270189
-0.00248724
-0.00228968
-0.0021073
-0.00193853
-0.00178201
-0.00163662
-0.00150138
-0.00137545
-0.00125812
-0.00114874
-0.00104677
-0.00095175
-0.000863252
-0.000780921
-0.000704445
-0.000633556
-0.000568026
-0.00050766
-0.000452269
-0.000401642
-0.000355486
-0.000313379
-0.000274752
-0.000238936
-0.000205288
-0.000173387
-0.000143221
-0.000115237
-9.02014e-05
-6.88642e-05
-5.16176e-05
-3.83208e-05
-2.83898e-05
-2.10668e-05
-1.56798e-05
-1.17482e-05
-8.94404e-06
-6.99384e-06
-5.62986e-06
-4.60912e-06
-3.75839e-06
-2.99561e-06
-2.31071e-06
-1.72431e-06
-1.25356e-06
-8.97294e-07
-6.38753e-07
-4.55274e-07
-3.25885e-07
-2.34474e-07
-1.69554e-07
-1.23181e-07
-8.97806e-08
-6.55463e-08
-4.78162e-08
-3.48198e-08
-2.52661e-08
-1.82922e-08
-1.32034e-08
-9.54517e-09
-6.90807e-09
-5.05151e-09
-3.72565e-09
-2.81751e-09
-2.17274e-09
-1.75405e-09
-1.4596e-09
-1.29275e-09
-1.17738e-09
-1.13779e-09
-1.11004e-09
-1.13008e-09
-1.13997e-09
-1.18275e-09
-1.2033e-09
-1.24912e-09
-1.26605e-09
-1.30452e-09
-1.31042e-09
-1.33623e-09
-1.3274e-09
-1.33801e-09
-1.31287e-09
-1.30734e-09
-1.26554e-09
-1.24393e-09
-1.18585e-09
-1.14881e-09
-1.07527e-09
-1.02395e-09
-9.35925e-10
-8.71991e-10
-7.7021e-10
-6.96361e-10
-5.80101e-10
-5.01825e-10
-3.6568e-10
-2.97742e-10
-1.20895e-10
-1.05303e-10
1.81434e-10
1.65663e-11
6.47732e-10
0.0592869
0.0580527
0.0538889
0.0475539
0.0382713
0.0252823
0.00801395
-0.0143398
-0.0414049
-0.0725286
-0.104812
-0.134225
-0.161012
-0.184292
-0.203742
-0.219477
-0.231431
-0.239532
-0.243579
-0.243304
-0.238476
-0.229083
-0.215468
-0.198383
-0.178921
-0.158334
-0.137813
-0.118312
-0.100479
-0.0846616
-0.0709622
-0.0593128
-0.0495421
-0.0414281
-0.0347357
-0.029239
-0.0247337
-0.0210418
-0.0180125
-0.0155206
-0.0134634
-0.0117572
-0.0103347
-0.00914161
-0.0081345
-0.00727844
-0.00654548
-0.00591315
-0.00536345
-0.00488188
-0.00445682
-0.00407888
-0.00374053
-0.00343568
-0.00315941
-0.00290775
-0.00267745
-0.00246588
-0.00227085
-0.00209057
-0.00192355
-0.0017685
-0.00162435
-0.00149018
-0.00136516
-0.00124861
-0.00113991
-0.00103852
-0.000943988
-0.000855908
-0.00077393
-0.000697752
-0.000627115
-0.000561804
-0.000501642
-0.000446464
-0.000396083
-0.000350227
-0.000308483
-0.000270268
-0.000234877
-0.000201615
-0.000170009
-0.000140016
-0.000112096
-8.70619e-05
-6.57411e-05
-4.85923e-05
-3.55081e-05
-2.58959e-05
-1.89591e-05
-1.39784e-05
-1.04339e-05
-7.97287e-06
-6.30754e-06
-5.16323e-06
-4.2964e-06
-3.5411e-06
-2.83041e-06
-2.17248e-06
-1.60335e-06
-1.14911e-06
-8.10899e-07
-5.70518e-07
-4.03215e-07
-2.86924e-07
-2.0553e-07
-1.48083e-07
-1.07252e-07
-7.79646e-08
-5.67904e-08
-4.13449e-08
-3.00595e-08
-2.17839e-08
-1.57584e-08
-1.13648e-08
-8.21204e-09
-5.93914e-09
-4.34578e-09
-3.20972e-09
-2.44044e-09
-1.89669e-09
-1.55288e-09
-1.31272e-09
-1.18632e-09
-1.09971e-09
-1.08173e-09
-1.06892e-09
-1.10055e-09
-1.11811e-09
-1.16724e-09
-1.19165e-09
-1.24106e-09
-1.25982e-09
-1.30041e-09
-1.30705e-09
-1.3342e-09
-1.32554e-09
-1.33708e-09
-1.31179e-09
-1.30699e-09
-1.26488e-09
-1.24388e-09
-1.18541e-09
-1.14894e-09
-1.07496e-09
-1.02419e-09
-9.35684e-10
-8.72357e-10
-7.70005e-10
-6.96988e-10
-5.79801e-10
-5.03243e-10
-3.64635e-10
-3.02118e-10
-1.16033e-10
-1.21628e-10
2.05141e-10
-5.0196e-11
7.64455e-10
0.0625716
0.0614428
0.0576319
0.0517283
0.0428918
0.0301881
0.0128292
-0.0103783
-0.0391237
-0.0730071
-0.108018
-0.138786
-0.166493
-0.190217
-0.209796
-0.225587
-0.237608
-0.24584
-0.250046
-0.249854
-0.244894
-0.235037
-0.220582
-0.20233
-0.181516
-0.159572
-0.137847
-0.117397
-0.0989035
-0.0826978
-0.0688355
-0.0571911
-0.0475374
-0.039606
-0.0331265
-0.0278485
-0.023552
-0.0200501
-0.0171883
-0.0148404
-0.0129048
-0.0113
-0.00996121
-0.00883679
-0.00788565
-0.0070751
-0.00637903
-0.00577659
-0.00525105
-0.00478902
-0.00437974
-0.00401455
-0.00368649
-0.00338996
-0.00312043
-0.00287424
-0.00264839
-0.00244045
-0.00224842
-0.00207062
-0.00190566
-0.00175236
-0.00160969
-0.00147678
-0.00135285
-0.00123724
-0.00112934
-0.00102864
-0.000934697
-0.000847114
-0.000765553
-0.000689721
-0.000619373
-0.000554308
-0.000494366
-0.000439409
-0.000389275
-0.000343716
-0.000302332
-0.000264533
-0.000229581
-0.000196737
-0.000165476
-0.000135724
-0.000107948
-8.30091e-05
-6.18049e-05
-4.48577e-05
-3.20899e-05
-2.28975e-05
-1.6444e-05
-1.19618e-05
-8.89264e-06
-6.85541e-06
-5.54241e-06
-4.66623e-06
-3.98007e-06
-3.32771e-06
-2.66451e-06
-2.0248e-06
-1.46613e-06
-1.02588e-06
-7.06905e-07
-4.87748e-07
-3.40024e-07
-2.39801e-07
-1.70772e-07
-1.22566e-07
-8.85543e-08
-6.42538e-08
-4.67108e-08
-3.39165e-08
-2.45844e-08
-1.77582e-08
-1.28111e-08
-9.21515e-09
-6.64905e-09
-4.80338e-09
-3.52041e-09
-2.60845e-09
-2.00212e-09
-1.5763e-09
-1.31914e-09
-1.14182e-09
-1.06199e-09
-1.00884e-09
-1.01585e-09
-1.02062e-09
-1.06563e-09
-1.0923e-09
-1.14868e-09
-1.17774e-09
-1.23117e-09
-1.25222e-09
-1.29513e-09
-1.3028e-09
-1.33136e-09
-1.32306e-09
-1.33553e-09
-1.31025e-09
-1.30614e-09
-1.26384e-09
-1.2434e-09
-1.18465e-09
-1.14868e-09
-1.07436e-09
-1.02407e-09
-9.35181e-10
-8.72395e-10
-7.69565e-10
-6.97319e-10
-5.79284e-10
-5.04415e-10
-3.63376e-10
-3.06224e-10
-1.11027e-10
-1.36906e-10
2.27688e-10
-1.08555e-10
8.66006e-10
0.0663073
0.0653134
0.0619522
0.0566155
0.0483938
0.0361474
0.0188026
-0.0053611
-0.0361785
-0.0737498
-0.112305
-0.144553
-0.173262
-0.197411
-0.217048
-0.232838
-0.244895
-0.253272
-0.257683
-0.257634
-0.252569
-0.2422
-0.22675
-0.20708
-0.184602
-0.160986
-0.13779
-0.116196
-0.096925
-0.0802796
-0.0662514
-0.0546399
-0.045148
-0.0374508
-0.0312356
-0.0262237
-0.0221777
-0.0189015
-0.0162368
-0.0140572
-0.0122629
-0.0107754
-0.00953304
-0.00848747
-0.00760053
-0.00684209
-0.00618826
-0.00562002
-0.00512215
-0.00468249
-0.00429129
-0.00394069
-0.00362443
-0.00333742
-0.0030756
-0.00283565
-0.00261488
-0.0024111
-0.00222248
-0.00204751
-0.00188492
-0.00173361
-0.00159264
-0.00146119
-0.00133852
-0.00122399
-0.00111702
-0.00101712
-0.000923858
-0.000836847
-0.000755763
-0.000680323
-0.000610295
-0.000545492
-0.000485774
-0.000431026
-0.000381114
-0.000335815
-0.000294747
-0.000257321
-0.000222781
-0.000190357
-0.000159483
-0.000130059
-0.000102553
-7.78633e-05
-5.69397e-05
-4.03527e-05
-2.80431e-05
-1.93921e-05
-1.35277e-05
-9.63923e-06
-7.13677e-06
-5.60851e-06
-4.71992e-06
-4.16263e-06
-3.68242e-06
-3.13578e-06
-2.50985e-06
-1.87511e-06
-1.31767e-06
-8.88195e-07
-5.89587e-07
-3.94464e-07
-2.68992e-07
-1.86807e-07
-1.31538e-07
-9.36372e-08
-6.73017e-08
-4.86696e-08
-3.52763e-08
-2.55155e-08
-1.84139e-08
-1.32354e-08
-9.50622e-09
-6.80583e-09
-4.89523e-09
-3.52645e-09
-2.59049e-09
-1.93017e-09
-1.50746e-09
-1.21503e-09
-1.05585e-09
-9.49601e-10
-9.22246e-10
-9.06802e-10
-9.41852e-10
-9.66446e-10
-1.02646e-09
-1.06346e-09
-1.12796e-09
-1.16233e-09
-1.22023e-09
-1.24392e-09
-1.28938e-09
-1.29827e-09
-1.32835e-09
-1.32052e-09
-1.33398e-09
-1.30877e-09
-1.30535e-09
-1.26292e-09
-1.24303e-09
-1.18402e-09
-1.14854e-09
-1.0739e-09
-1.02409e-09
-9.34837e-10
-8.72579e-10
-7.69289e-10
-6.97806e-10
-5.78935e-10
-5.05724e-10
-3.62302e-10
-3.10277e-10
-1.06434e-10
-1.50762e-10
2.47718e-10
-1.56709e-10
9.48842e-10
0.070441
0.0696158
0.0668162
0.0622111
0.0548202
0.0432768
0.0261313
0.000961822
-0.0323746
-0.0748953
-0.118043
-0.151789
-0.181503
-0.205943
-0.225483
-0.241195
-0.253294
-0.261911
-0.266683
-0.266931
-0.261836
-0.250896
-0.234241
-0.212813
-0.188268
-0.162591
-0.137605
-0.114648
-0.0944762
-0.0773461
-0.063161
-0.0516237
-0.0423505
-0.0349482
-0.0290556
-0.024362
-0.0206112
-0.0175981
-0.0151609
-0.0131742
-0.011541
-0.0101864
-0.00905307
-0.00809628
-0.00728143
-0.00658143
-0.0059749
-0.00544491
-0.00497796
-0.00456329
-0.00419226
-0.00385795
-0.00355482
-0.00327843
-0.00302518
-0.00279219
-0.00257708
-0.00237793
-0.00219313
-0.00202132
-0.00186138
-0.00171232
-0.00157327
-0.00144346
-0.00132221
-0.00120891
-0.00110301
-0.00100402
-0.00091153
-0.000825165
-0.000744612
-0.000669604
-0.000599919
-0.000535388
-0.000475886
-0.000421323
-0.000371587
-0.000326486
-0.000285659
-0.000248535
-0.000214358
-0.000182344
-0.000151911
-0.000122932
-9.58687e-05
-7.16325e-05
-5.11989e-05
-3.51591e-05
-2.34587e-05
-1.54633e-05
-1.02777e-05
-7.06508e-06
-5.21372e-06
-4.27992e-06
-3.89063e-06
-3.70278e-06
-3.44754e-06
-2.99806e-06
-2.38625e-06
-1.73254e-06
-1.16062e-06
-7.36144e-07
-4.58744e-07
-2.90894e-07
-1.90706e-07
-1.28673e-07
-8.85923e-08
-6.20499e-08
-4.42e-08
-3.18235e-08
-2.29714e-08
-1.64941e-08
-1.1787e-08
-8.37137e-09
-5.94535e-09
-4.20533e-09
-2.99993e-09
-2.14614e-09
-1.58577e-09
-1.19817e-09
-9.74123e-10
-8.25816e-10
-7.72117e-10
-7.424e-10
-7.71373e-10
-7.96587e-10
-8.61741e-10
-9.07798e-10
-9.83911e-10
-1.03215e-09
-1.10532e-09
-1.1455e-09
-1.20814e-09
-1.23477e-09
-1.28287e-09
-1.29319e-09
-1.32482e-09
-1.31759e-09
-1.33202e-09
-1.30699e-09
-1.30423e-09
-1.26175e-09
-1.24237e-09
-1.18319e-09
-1.14814e-09
-1.07327e-09
-1.02386e-09
-9.34333e-10
-8.72533e-10
-7.68867e-10
-6.98078e-10
-5.78467e-10
-5.06789e-10
-3.61174e-10
-3.13804e-10
-1.02158e-10
-1.62532e-10
2.64952e-10
-1.94502e-10
1.01345e-09
0.0749059
0.0742877
0.0721756
0.0684967
0.0622073
0.051705
0.0350531
0.00892257
-0.0274485
-0.0766908
-0.125759
-0.16079
-0.191473
-0.216064
-0.235299
-0.250758
-0.262785
-0.271642
-0.276873
-0.277579
-0.272595
-0.261107
-0.243088
-0.219567
-0.192517
-0.164341
-0.137212
-0.112658
-0.0914654
-0.073821
-0.059508
-0.0481058
-0.0391246
-0.0320908
-0.0265875
-0.0222695
-0.0188615
-0.0161496
-0.0139703
-0.0122002
-0.0107464
-0.00953929
-0.0085261
-0.00766694
-0.00693121
-0.00629526
-0.00574055
-0.00525249
-0.00481947
-0.00443221
-0.00408332
-0.00376689
-0.00347818
-0.00321341
-0.00296956
-0.00274417
-0.00253524
-0.00234114
-0.0021605
-0.00199215
-0.00183511
-0.00168851
-0.00155157
-0.00142359
-0.00130393
-0.00119201
-0.0010873
-0.000989333
-0.000897707
-0.000812063
-0.000732098
-0.000657558
-0.000588237
-0.000523978
-0.000464676
-0.000410256
-0.000360631
-0.000315637
-0.000274944
-0.000238015
-0.000204124
-0.0001725
-0.000142567
-0.00011419
-8.78066e-05
-6.43006e-05
-4.46277e-05
-2.93612e-05
-1.84283e-05
-1.11893e-05
-6.74792e-06
-4.27736e-06
-3.15611e-06
-2.90633e-06
-3.0984e-06
-3.33363e-06
-3.31781e-06
-2.94608e-06
-2.31265e-06
-1.60629e-06
-9.99292e-07
-5.72944e-07
-3.18078e-07
-1.81018e-07
-1.08666e-07
-6.79643e-08
-4.35717e-08
-2.87708e-08
-1.98028e-08
-1.40364e-08
-9.99014e-09
-6.98209e-09
-4.80391e-09
-3.25105e-09
-2.20098e-09
-1.47265e-09
-1.00816e-09
-6.94779e-10
-5.28552e-10
-4.27525e-10
-4.12468e-10
-4.16034e-10
-4.73467e-10
-5.2445e-10
-6.12703e-10
-6.80748e-10
-7.77526e-10
-8.46204e-10
-9.39204e-10
-9.99318e-10
-1.08156e-09
-1.12791e-09
-1.19548e-09
-1.22526e-09
-1.27611e-09
-1.28796e-09
-1.32117e-09
-1.31464e-09
-1.33003e-09
-1.30524e-09
-1.30312e-09
-1.26064e-09
-1.24174e-09
-1.18243e-09
-1.14778e-09
-1.07272e-09
-1.02369e-09
-9.33916e-10
-8.72541e-10
-7.68541e-10
-6.9839e-10
-5.78109e-10
-5.07835e-10
-3.60226e-10
-3.1698e-10
-9.84708e-11
-1.7236e-10
2.79146e-10
-2.23301e-10
1.06213e-09
0.0796203
0.0792511
0.0779644
0.0754378
0.0705824
0.0615822
0.0458755
0.0190077
-0.0209925
-0.0794699
-0.136279
-0.172031
-0.203333
-0.227638
-0.246279
-0.261403
-0.273416
-0.282717
-0.288704
-0.290163
-0.285451
-0.27337
-0.253704
-0.227603
-0.197462
-0.166234
-0.136539
-0.110122
-0.0877896
-0.0696172
-0.0552268
-0.0440414
-0.0354425
-0.0288629
-0.0238243
-0.0199448
-0.0169303
-0.0145595
-0.0126692
-0.0111397
-0.00988389
-0.00883826
-0.00795618
-0.00720311
-0.00655311
-0.00598642
-0.00548768
-0.00504485
-0.00464838
-0.00429065
-0.00396559
-0.00366837
-0.00339514
-0.00314285
-0.00290907
-0.00269183
-0.00248954
-0.00230087
-0.00212471
-0.0019601
-0.00180621
-0.00166229
-0.00152765
-0.00140167
-0.00128376
-0.00117337
-0.00106998
-0.000973157
-0.00088249
-0.00079764
-0.000718315
-0.000644276
-0.000575331
-0.00051134
-0.000452209
-0.00039788
-0.000348287
-0.000303291
-0.000262607
-0.000225753
-0.000192066
-0.000160823
-0.000131489
-0.000103927
-7.85138e-05
-5.60702e-05
-3.74639e-05
-2.31944e-05
-1.31638e-05
-6.73505e-06
-3.05652e-06
-1.35865e-06
-1.03013e-06
-1.55273e-06
-2.41215e-06
-3.12338e-06
-3.35135e-06
-3.02056e-06
-2.31114e-06
-1.50466e-06
-8.35262e-07
-3.9893e-07
-1.68914e-07
-6.70206e-08
-2.50669e-08
-6.38775e-09
2.30604e-09
5.31011e-09
5.17904e-09
4.1165e-09
3.22383e-09
2.69682e-09
2.30724e-09
1.96673e-09
1.61612e-09
1.31408e-09
1.0239e-09
7.86267e-10
5.50255e-10
3.5851e-10
1.60199e-10
1.61379e-12
-1.69053e-10
-3.02291e-10
-4.50843e-10
-5.62552e-10
-6.91482e-10
-7.83266e-10
-8.93422e-10
-9.65701e-10
-1.05713e-09
-1.10984e-09
-1.18238e-09
-1.21543e-09
-1.269e-09
-1.2825e-09
-1.31725e-09
-1.3115e-09
-1.32781e-09
-1.30333e-09
-1.3018e-09
-1.25939e-09
-1.24091e-09
-1.18155e-09
-1.14724e-09
-1.07205e-09
-1.02334e-09
-9.33393e-10
-8.72381e-10
-7.68123e-10
-6.98533e-10
-5.77681e-10
-5.08641e-10
-3.59296e-10
-3.19588e-10
-9.52431e-11
-1.80198e-10
2.90653e-10
-2.44661e-10
1.09806e-09
0.0844858
0.0844085
0.0840917
0.0829659
0.0799416
0.0730387
0.0589371
0.0318386
-0.0125104
-0.0839086
-0.150528
-0.18589
-0.217728
-0.241361
-0.258837
-0.273156
-0.284882
-0.294634
-0.301619
-0.304254
-0.300218
-0.287721
-0.266238
-0.237057
-0.203149
-0.168215
-0.135459
-0.106893
-0.0833131
-0.0646286
-0.0502452
-0.0393887
-0.0312861
-0.0252634
-0.0207753
-0.0174026
-0.0148341
-0.0128442
-0.0112724
-0.0100052
-0.00896342
-0.00809123
-0.00734922
-0.00670912
-0.00615025
-0.00565713
-0.00521787
-0.00482317
-0.00446565
-0.00413941
-0.00383978
-0.00356305
-0.00330631
-0.00306729
-0.0028442
-0.0026356
-0.00244032
-0.00225738
-0.00208596
-0.0019253
-0.00177475
-0.00163368
-0.00150152
-0.00137771
-0.00126171
-0.00115299
-0.00105107
-0.000955502
-0.0008659
-0.000781924
-0.000703297
-0.000629794
-0.00056124
-0.000497508
-0.00043852
-0.000384225
-0.000334574
-0.00028946
-0.000248654
-0.000211754
-0.000178198
-0.000147368
-0.000118766
-9.22735e-05
-6.82149e-05
-4.72249e-05
-3.0012e-05
-1.69609e-05
-7.90338e-06
-2.25849e-06
6.95517e-07
1.63056e-06
1.11873e-06
-2.67374e-07
-1.88801e-06
-3.12992e-06
-3.5973e-06
-3.25437e-06
-2.39747e-06
-1.43213e-06
-6.69238e-07
-2.15899e-07
-1.52011e-08
4.62724e-08
5.58899e-08
5.31159e-08
4.72171e-08
3.90816e-08
3.00249e-08
2.21597e-08
1.63578e-08
1.23344e-08
9.40033e-09
7.17227e-09
5.42091e-09
4.08952e-09
3.04732e-09
2.26129e-09
1.62499e-09
1.14175e-09
7.30921e-10
4.17821e-10
1.34307e-10
-8.09647e-11
-2.89592e-10
-4.44844e-10
-6.0577e-10
-7.20606e-10
-8.47819e-10
-9.3225e-10
-1.0328e-09
-1.09188e-09
-1.16933e-09
-1.20568e-09
-1.26193e-09
-1.27709e-09
-1.31336e-09
-1.3084e-09
-1.32561e-09
-1.30146e-09
-1.30049e-09
-1.25818e-09
-1.24009e-09
-1.18071e-09
-1.1467e-09
-1.07142e-09
-1.023e-09
-9.32918e-10
-8.72224e-10
-7.67754e-10
-6.98659e-10
-5.77323e-10
-5.09358e-10
-3.58523e-10
-3.21786e-10
-9.25755e-11
-1.86402e-10
2.99708e-10
-2.60315e-10
1.12417e-09
0.0893864
0.0896442
0.0904385
0.0909835
0.0902461
0.0862304
0.074689
0.0484374
-0.00109462
-0.0909605
-0.170895
-0.202954
-0.233883
-0.256221
-0.272516
-0.286205
-0.29788
-0.308476
-0.316919
-0.321143
-0.318033
-0.305101
-0.281388
-0.248363
-0.209757
-0.170266
-0.133843
-0.1028
-0.0778728
-0.0587243
-0.0444692
-0.0340858
-0.026618
-0.0212713
-0.0174302
-0.0146392
-0.0125735
-0.0110066
-0.00978402
-0.00880165
-0.00799015
-0.00730331
-0.00671015
-0.00618958
-0.00572684
-0.00531116
-0.00493444
-0.00459029
-0.00427363
-0.0039804
-0.00370738
-0.00345206
-0.00321253
-0.00298734
-0.00277537
-0.00257576
-0.00238779
-0.00221086
-0.00204441
-0.00188792
-0.0017409
-0.00160287
-0.00147337
-0.00135189
-0.00123795
-0.00113106
-0.00103075
-0.000936567
-0.00084813
-0.000765107
-0.000687231
-0.000614295
-0.000546142
-0.000482663
-0.000423786
-0.000369472
-0.000319683
-0.000274348
-0.000233311
-0.000196283
-0.000162844
-0.00013251
-0.000104883
-7.98008e-05
-5.7453e-05
-3.8298e-05
-2.27706e-05
-1.10401e-05
-2.92543e-06
2.02966e-06
4.37463e-06
4.60573e-06
3.22839e-06
8.93464e-07
-1.58065e-06
-3.40091e-06
-4.089e-06
-3.66366e-06
-2.572e-06
-1.38139e-06
-4.94089e-07
-2.08367e-08
1.42135e-07
1.56136e-07
1.31546e-07
1.08655e-07
8.99717e-08
7.16677e-08
5.40483e-08
3.95507e-08
2.9005e-08
2.16381e-08
1.6267e-08
1.22155e-08
9.10483e-09
6.7754e-09
5.00566e-09
3.6892e-09
2.66545e-09
1.89985e-09
1.28329e-09
8.20578e-10
4.27891e-10
1.3323e-10
-1.33466e-10
-3.30854e-10
-5.22689e-10
-6.5985e-10
-8.03531e-10
-8.99752e-10
-1.0091e-09
-1.07437e-09
-1.15654e-09
-1.19612e-09
-1.25493e-09
-1.27173e-09
-1.30943e-09
-1.30529e-09
-1.3233e-09
-1.29954e-09
-1.29908e-09
-1.25691e-09
-1.23915e-09
-1.17979e-09
-1.14604e-09
-1.07072e-09
-1.02253e-09
-9.32364e-10
-8.71942e-10
-7.67318e-10
-6.98643e-10
-5.76914e-10
-5.09861e-10
-3.57788e-10
-3.23491e-10
-9.03257e-11
-1.9113e-10
3.06789e-10
-2.71618e-10
1.14303e-09
0.0941891
0.0948171
0.0968505
0.0993171
0.101376
0.101149
0.0935111
0.0698294
0.0139026
-0.101292
-0.197723
-0.225161
-0.255376
-0.274736
-0.288191
-0.300171
-0.311275
-0.322826
-0.333255
-0.339888
-0.338508
-0.325579
-0.299446
-0.261789
-0.217385
-0.172303
-0.13149
-0.0976119
-0.0712647
-0.0517533
-0.0378037
-0.0280853
-0.0214251
-0.0168963
-0.0138111
-0.011682
-0.010176
-0.00907165
-0.00822537
-0.00754601
-0.00697717
-0.00648415
-0.00604582
-0.0056492
-0.00528602
-0.00495062
-0.00463883
-0.00434729
-0.00407326
-0.00381452
-0.00356932
-0.00333635
-0.00311473
-0.00290386
-0.00270338
-0.00251303
-0.00233257
-0.00216179
-0.00200044
-0.00184824
-0.00170487
-0.00157001
-0.00144329
-0.00132428
-0.00121256
-0.00110765
-0.00100908
-0.000916417
-0.000829259
-0.000747277
-0.000670218
-0.000597891
-0.000530164
-0.000466943
-0.000408168
-0.000353803
-0.00030383
-0.000258222
-0.000216913
-0.000179758
-0.00014651
-0.000116847
-9.04533e-05
-6.71391e-05
-4.68948e-05
-2.98453e-05
-1.61244e-05
-5.71794e-06
1.57605e-06
6.04762e-06
7.9608e-06
7.5739e-06
5.31454e-06
1.94725e-06
-1.4699e-06
-3.91015e-06
-4.79372e-06
-4.21272e-06
-2.80087e-06
-1.32688e-06
-2.95266e-07
1.91306e-07
3.02492e-07
2.59999e-07
1.99459e-07
1.58515e-07
1.29444e-07
1.02245e-07
7.66297e-08
5.58422e-08
4.08588e-08
3.03982e-08
2.27569e-08
1.69836e-08
1.2582e-08
9.30717e-09
6.85104e-09
5.035e-09
3.64624e-09
2.61451e-09
1.80403e-09
1.20029e-09
7.047e-10
3.35164e-10
1.37364e-11
-2.23392e-10
-4.44342e-10
-6.02567e-10
-7.61749e-10
-8.691e-10
-9.86714e-10
-1.05785e-09
-1.14445e-09
-1.18708e-09
-1.24829e-09
-1.26665e-09
-1.30568e-09
-1.30235e-09
-1.32111e-09
-1.29771e-09
-1.2977e-09
-1.25568e-09
-1.23823e-09
-1.17891e-09
-1.14538e-09
-1.07004e-09
-1.02205e-09
-9.31835e-10
-8.71641e-10
-7.66904e-10
-6.9859e-10
-5.76543e-10
-5.10253e-10
-3.57168e-10
-3.24844e-10
-8.8518e-11
-1.94723e-10
3.12203e-10
-2.79754e-10
1.15656e-09
0.0987457
0.0997716
0.103133
0.107763
0.113118
0.117892
0.115999
0.0988654
0.0345878
-0.124135
-0.238457
-0.247924
-0.276379
-0.29431
-0.305709
-0.315839
-0.32596
-0.338209
-0.350531
-0.359661
-0.36034
-0.347814
-0.319357
-0.276668
-0.225656
-0.174095
-0.128226
-0.0911801
-0.0633718
-0.0436353
-0.0302011
-0.0213638
-0.0157002
-0.0121401
-0.0099247
-0.00854025
-0.00765235
-0.00705074
-0.00660809
-0.00625
-0.00593593
-0.00564478
-0.00536668
-0.0050977
-0.00483667
-0.00458343
-0.00433793
-0.00410001
-0.00386934
-0.00364557
-0.0034285
-0.00321809
-0.0030145
-0.00281806
-0.00262914
-0.00244812
-0.00227527
-0.00211075
-0.00195461
-0.00180681
-0.00166722
-0.00153564
-0.00141181
-0.0012954
-0.00118601
-0.00108319
-0.000986484
-0.000895427
-0.000809623
-0.000728745
-0.00065255
-0.000580872
-0.000513601
-0.000450663
-0.000392008
-0.000337612
-0.00028748
-0.000241645
-0.000200147
-0.000163001
-0.000130141
-0.000101402
-7.65273e-05
-5.52304e-05
-3.72533e-05
-2.23819e-05
-1.04087e-05
-1.12561e-06
5.62196e-06
9.86681e-06
1.15318e-05
1.06074e-05
7.45162e-06
2.98449e-06
-1.44186e-06
-4.52636e-06
-5.57737e-06
-4.78091e-06
-2.9928e-06
-1.20941e-06
-3.96971e-08
4.36887e-07
4.73644e-07
3.61851e-07
2.61844e-07
2.03806e-07
1.65806e-07
1.30586e-07
9.74193e-08
7.07085e-08
5.16571e-08
3.84098e-08
2.87096e-08
2.13528e-08
1.57599e-08
1.16168e-08
8.53376e-09
6.2622e-09
4.54051e-09
3.26599e-09
2.27871e-09
1.54641e-09
9.57053e-10
5.19272e-10
1.47996e-10
-1.2535e-10
-3.72805e-10
-5.50228e-10
-7.23515e-10
-8.41027e-10
-9.6616e-10
-1.04265e-09
-1.13327e-09
-1.17871e-09
-1.24207e-09
-1.26186e-09
-1.3021e-09
-1.29952e-09
-1.31903e-09
-1.29595e-09
-1.29629e-09
-1.25444e-09
-1.23724e-09
-1.17798e-09
-1.14464e-09
-1.06931e-09
-1.02149e-09
-9.31238e-10
-8.71241e-10
-7.66431e-10
-6.98417e-10
-5.7613e-10
-5.10466e-10
-3.56579e-10
-3.25816e-10
-8.70258e-11
-1.97348e-10
3.16338e-10
-2.85534e-10
1.16624e-09
0.102897
0.104324
0.109055
0.115952
0.125109
0.135746
0.14234
0.134794
0.062894
-0.133795
-0.305228
-0.29312
-0.307499
-0.313717
-0.318351
-0.324317
-0.332468
-0.345215
-0.359885
-0.372643
-0.376494
-0.365574
-0.336198
-0.289651
-0.23269
-0.174842
-0.123898
-0.08367
-0.0544771
-0.0346759
-0.0219514
-0.0141831
-0.0096723
-0.00719885
-0.00593535
-0.00534875
-0.00511098
-0.00502975
-0.00499914
-0.00496513
-0.00490576
-0.00481498
-0.00469513
-0.00455187
-0.0043914
-0.00421908
-0.00403903
-0.00385415
-0.00366646
-0.00347743
-0.00328829
-0.00310024
-0.0029145
-0.0027323
-0.00255478
-0.00238294
-0.00221755
-0.00205917
-0.00190815
-0.00176468
-0.0016288
-0.00150046
-0.00137951
-0.00126568
-0.00115864
-0.00105793
-0.000963104
-0.000873685
-0.000789271
-0.000709534
-0.000634249
-0.000563272
-0.000496518
-0.000433932
-0.000375481
-0.00032116
-0.000271009
-0.000225134
-0.000183688
-0.000146832
-0.000114652
-8.70868e-05
-6.38888e-05
-4.46387e-05
-2.88096e-05
-1.58487e-05
-5.27063e-06
3.24134e-06
9.73357e-06
1.39469e-05
1.54525e-05
1.39924e-05
9.89157e-06
4.26513e-06
-1.21251e-06
-4.95667e-06
-6.16989e-06
-5.15213e-06
-3.00455e-06
-9.4917e-07
3.10924e-07
7.33882e-07
6.66018e-07
4.69131e-07
3.23686e-07
2.47162e-07
1.99973e-07
1.56828e-07
1.16323e-07
8.40283e-08
6.12802e-08
4.55545e-08
3.40149e-08
2.5232e-08
1.85681e-08
1.36513e-08
1.00139e-08
7.34089e-09
5.32621e-09
3.83823e-09
2.69566e-09
1.85046e-09
1.17875e-09
6.81018e-10
2.65972e-10
-3.91872e-11
-3.09903e-10
-5.04194e-10
-6.89853e-10
-8.16294e-10
-9.48015e-10
-1.02922e-09
-1.12336e-09
-1.17128e-09
-1.23652e-09
-1.25756e-09
-1.29886e-09
-1.29695e-09
-1.31699e-09
-1.29428e-09
-1.29496e-09
-1.25326e-09
-1.23628e-09
-1.17709e-09
-1.14391e-09
-1.0686e-09
-1.02091e-09
-9.30651e-10
-8.70817e-10
-7.65963e-10
-6.98198e-10
-5.75733e-10
-5.10572e-10
-3.56066e-10
-3.26519e-10
-8.58463e-11
-1.99251e-10
3.19418e-10
-2.89626e-10
1.17311e-09
0.106479
0.108293
0.114336
0.123553
0.136745
0.154695
0.173253
0.189369
0.103588
-0.123086
-0.337906
-0.301235
-0.319459
-0.323581
-0.32411
-0.328527
-0.335789
-0.348499
-0.363586
-0.377536
-0.383235
-0.373893
-0.344779
-0.296513
-0.235884
-0.173557
-0.118677
-0.0758716
-0.0455807
-0.0258421
-0.013876
-0.00719197
-0.00383317
-0.00243719
-0.00211184
-0.00230715
-0.00270311
-0.00312625
-0.00349273
-0.00376886
-0.00395167
-0.00405011
-0.00407863
-0.00405236
-0.0039847
-0.00388644
-0.00376576
-0.00362861
-0.00347929
-0.00332111
-0.00315677
-0.00298865
-0.00281895
-0.00264972
-0.00248275
-0.00231954
-0.00216129
-0.00200884
-0.00186279
-0.00172352
-0.00159124
-0.00146603
-0.00134782
-0.00123644
-0.00113158
-0.00103282
-0.000939714
-0.000851788
-0.000768647
-0.000689976
-0.000615568
-0.000545303
-0.000479118
-0.000416978
-0.00035887
-0.000304817
-0.000254906
-0.00020931
-0.000168274
-0.000132058
-0.000100832
-7.45672e-05
-5.29623e-05
-3.54498e-05
-2.12816e-05
-9.67189e-06
2.91281e-08
8.15473e-06
1.45932e-05
1.88066e-05
2.00792e-05
1.79826e-05
1.28666e-05
6.0603e-06
-4.57512e-07
-4.85209e-06
-6.25133e-06
-5.08321e-06
-2.68482e-06
-4.69191e-07
7.90747e-07
1.09972e-06
8.92894e-07
5.931e-07
3.92813e-07
2.92578e-07
2.33504e-07
1.8139e-07
1.33419e-07
9.57936e-08
6.96638e-08
5.17289e-08
3.8564e-08
2.85308e-08
2.09389e-08
1.53603e-08
1.12536e-08
8.24268e-09
5.98237e-09
4.31584e-09
3.04359e-09
2.10416e-09
1.36377e-09
8.16036e-10
3.64504e-10
3.28218e-11
-2.57272e-10
-4.6563e-10
-6.61593e-10
-7.95484e-10
-9.32693e-10
-1.01784e-09
-1.11491e-09
-1.16489e-09
-1.23169e-09
-1.25371e-09
-1.29597e-09
-1.29463e-09
-1.31503e-09
-1.29265e-09
-1.29367e-09
-1.25211e-09
-1.2353e-09
-1.17618e-09
-1.14312e-09
-1.06784e-09
-1.02026e-09
-9.30002e-10
-8.7031e-10
-7.65442e-10
-6.97878e-10
-5.75297e-10
-5.1053e-10
-3.5557e-10
-3.26939e-10
-8.48845e-11
-2.00545e-10
3.21702e-10
-2.92451e-10
1.17795e-09
0.109335
0.111479
0.11869
0.129936
0.147234
0.171836
0.207667
0.214218
0.19453
-0.140634
-0.43041
-0.31927
-0.321105
-0.323261
-0.322662
-0.327439
-0.33504
-0.348267
-0.363924
-0.378553
-0.384572
-0.375483
-0.346355
-0.297236
-0.23485
-0.170232
-0.113223
-0.0689815
-0.0381232
-0.0185765
-0.00728156
-0.00149871
0.000917657
0.00143556
0.000997297
0.000165653
-0.000746143
-0.00158
-0.00227024
-0.00279916
-0.00317948
-0.00343185
-0.00358059
-0.00364855
-0.00365509
-0.00361555
-0.00354156
-0.0034417
-0.00332231
-0.00318823
-0.00304336
-0.00289108
-0.00273437
-0.00257585
-0.00241778
-0.00226203
-0.00211003
-0.00196286
-0.00182127
-0.00168578
-0.00155672
-0.00143426
-0.00131844
-0.00120912
-0.00110606
-0.00100888
-0.000917134
-0.000830392
-0.00074828
-0.000670498
-0.000596864
-0.000527276
-0.000461687
-0.000400082
-0.000342471
-0.00028891
-0.000239526
-0.000194541
-0.000154249
-0.00011894
-8.87877e-05
-6.37251e-05
-4.33726e-05
-2.70496e-05
-1.38818e-05
-2.98341e-06
6.3238e-06
1.4303e-05
2.06826e-05
2.47218e-05
2.55347e-05
2.26294e-05
1.64355e-05
8.48392e-06
9.93501e-07
-4.02171e-06
-5.66305e-06
-4.48577e-06
-2.01334e-06
2.08172e-07
1.36616e-06
1.50977e-06
1.1432e-06
7.31419e-07
4.69637e-07
3.40211e-07
2.66107e-07
2.03877e-07
1.48454e-07
1.05855e-07
7.66776e-08
5.67982e-08
4.22394e-08
3.11627e-08
2.28126e-08
1.67016e-08
1.22218e-08
8.94492e-09
6.49247e-09
4.68683e-09
3.31376e-09
2.30117e-09
1.50747e-09
9.20932e-10
4.41101e-10
8.88409e-11
-2.16273e-10
-4.35537e-10
-6.39494e-10
-7.79166e-10
-9.20623e-10
-1.00883e-09
-1.10817e-09
-1.15979e-09
-1.2278e-09
-1.25038e-09
-1.29359e-09
-1.29262e-09
-1.31338e-09
-1.29124e-09
-1.29247e-09
-1.25103e-09
-1.23436e-09
-1.17529e-09
-1.14234e-09
-1.0671e-09
-1.0196e-09
-9.29344e-10
-8.6978e-10
-7.64921e-10
-6.97513e-10
-5.74861e-10
-5.10389e-10
-3.55122e-10
-3.27156e-10
-8.41404e-11
-2.01384e-10
3.23322e-10
-2.94353e-10
1.18124e-09
0.111327
0.113724
0.121792
0.134705
0.15511
0.186776
0.235574
0.276063
0.332784
-0.111063
-0.322033
-0.320023
-0.323461
-0.324184
-0.328865
-0.336301
-0.349008
-0.363834
-0.377374
-0.382526
-0.372582
-0.342602
-0.293144
-0.230627
-0.165855
-0.108594
-0.064162
-0.0333174
-0.0140235
-0.0031491
0.00211096
0.00398165
0.00397917
0.00307427
0.00184049
0.000591486
-0.000519607
-0.00143444
-0.00214185
-0.0026638
-0.00302692
-0.0032615
-0.00339529
-0.00345177
-0.00344971
-0.00340361
-0.00332445
-0.00322052
-0.0030983
-0.00296288
-0.00281853
-0.00266876
-0.00251656
-0.00236434
-0.00221399
-0.00206697
-0.0019243
-0.00178671
-0.00165472
-0.00152865
-0.00140871
-0.00129497
-0.00118734
-0.00108561
-0.000989483
-0.000898573
-0.000812502
-0.00073096
-0.000653683
-0.000580525
-0.000511404
-0.000446287
-0.000385173
-0.000328088
-0.000275109
-0.000226389
-0.000182163
-0.000142724
-0.00010834
-7.91345e-05
-5.49778e-05
-3.54217e-05
-1.97286e-05
-6.99442e-06
3.6574e-06
1.28503e-05
2.07506e-05
2.69663e-05
3.06479e-05
3.08517e-05
2.71058e-05
1.99403e-05
1.1039e-05
2.76956e-06
-2.759e-06
-4.65994e-06
-3.5902e-06
-1.1884e-06
9.25815e-07
1.92556e-06
1.89355e-06
1.37688e-06
8.62769e-07
5.42909e-07
3.83847e-07
2.94119e-07
2.22167e-07
1.6026e-07
1.13563e-07
8.19247e-08
6.05014e-08
4.48722e-08
3.30215e-08
2.41223e-08
1.76317e-08
1.28893e-08
9.42722e-09
6.84213e-09
4.94092e-09
3.49879e-09
2.43612e-09
1.60597e-09
9.92911e-10
4.93751e-10
1.27433e-10
-1.8794e-10
-4.14661e-10
-6.2407e-10
-7.67699e-10
-9.12059e-10
-1.00236e-09
-1.10325e-09
-1.15601e-09
-1.22493e-09
-1.24903e-09
-1.29171e-09
-1.291e-09
-1.31205e-09
-1.29001e-09
-1.29136e-09
-1.25001e-09
-1.23343e-09
-1.17442e-09
-1.14154e-09
-1.06634e-09
-1.0189e-09
-9.28629e-10
-8.69188e-10
-7.64353e-10
-6.97058e-10
-5.74386e-10
-5.10124e-10
-3.5468e-10
-3.27155e-10
-8.35455e-11
-2.01818e-10
3.24421e-10
-2.95519e-10
1.18335e-09
0.11235
0.11488
0.12342
0.137221
0.159482
0.195111
0.252901
0.320987
0.430827
-0.315718
-0.321996
-0.323388
-0.328647
-0.336228
-0.348604
-0.362553
-0.374767
-0.378265
-0.367055
-0.336623
-0.287253
-0.225515
-0.161832
-0.105586
-0.0618638
-0.0314436
-0.0124307
-0.0017508
0.0033533
0.00508763
0.00495766
0.00393033
0.0025779
0.00121503
-3.10398e-06
-0.00101923
-0.00181119
-0.00240843
-0.00283394
-0.00311816
-0.00328969
-0.00337336
-0.00338967
-0.00335499
-0.00328218
-0.00318121
-0.00306003
-0.0029248
-0.00278058
-0.00263139
-0.00248043
-0.00233014
-0.00218231
-0.00203818
-0.00189856
-0.00176403
-0.00163488
-0.00151134
-0.00139351
-0.00128143
-0.00117503
-0.00107416
-0.000978573
-0.000887975
-0.000802052
-0.000720621
-0.000643422
-0.000570362
-0.000501385
-0.000436471
-0.000375625
-0.00031888
-0.000266318
-0.000218092
-0.000174432
-0.000135608
-0.000101848
-7.3232e-05
-4.95793e-05
-3.04066e-05
-1.49623e-05
-2.35499e-06
8.25261e-06
1.74235e-05
2.52543e-05
3.12912e-05
3.46466e-05
3.43758e-05
3.00469e-05
2.22616e-05
1.27869e-05
4.05791e-06
-1.78687e-06
-3.87886e-06
-2.92733e-06
-6.21978e-07
1.38681e-06
2.26981e-06
2.12573e-06
1.51904e-06
9.44137e-07
5.88838e-07
4.10944e-07
3.11014e-07
2.32861e-07
1.67001e-07
1.17877e-07
8.48005e-08
6.24862e-08
4.62597e-08
3.39912e-08
2.48012e-08
1.81114e-08
1.32322e-08
9.67449e-09
7.02124e-09
5.07111e-09
3.59369e-09
2.50545e-09
1.65671e-09
1.03011e-09
5.21087e-10
1.47592e-10
-1.73014e-10
-4.0355e-10
-6.15747e-10
-7.61401e-10
-9.07246e-10
-9.98624e-10
-1.10031e-09
-1.1536e-09
-1.22298e-09
-1.24713e-09
-1.29031e-09
-1.28975e-09
-1.3109e-09
-1.28895e-09
-1.29038e-09
-1.24907e-09
-1.23256e-09
-1.17359e-09
-1.14075e-09
-1.06559e-09
-1.01817e-09
-9.2786e-10
-8.68571e-10
-7.63778e-10
-6.96559e-10
-5.73904e-10
-5.09766e-10
-3.54267e-10
-3.26989e-10
-8.31144e-11
-2.01932e-10
3.25046e-10
-2.96095e-10
1.18447e-09
0.11235
0.11488
0.123419
0.137221
0.159482
0.195112
0.252902
0.331143
0.488676
-0.314438
-0.321948
-0.323452
-0.328943
-0.336797
-0.349345
-0.363213
-0.375025
-0.377847
-0.365839
-0.334785
-0.285461
-0.224274
-0.161358
-0.105784
-0.0624815
-0.0322002
-0.0131222
-0.00227322
0.00303495
0.00495704
0.00497417
0.0040458
0.00274638
0.00139845
0.000167054
-0.000872113
-0.00171326
-0.00235157
-0.00281405
-0.00312779
-0.00332003
-0.0034156
-0.00343599
-0.00339915
-0.00331977
-0.00320985
-0.00307888
-0.00293442
-0.00278236
-0.00262725
-0.00247241
-0.00232016
-0.00217199
-0.00202876
-0.00189086
-0.0017584
-0.00163139
-0.00150979
-0.00139354
-0.00128261
-0.00117691
-0.00107634
-0.000980733
-0.000889881
-0.000803609
-0.000721681
-0.000644043
-0.000570602
-0.000501328
-0.00043621
-0.000375251
-0.000318469
-0.000265929
-0.000217763
-0.000174183
-0.000135443
-0.000101761
-7.32084e-05
-4.96019e-05
-3.04571e-05
-1.50244e-05
-2.41595e-06
8.20108e-06
1.7385e-05
2.52288e-05
3.12759e-05
3.46378e-05
3.43702e-05
3.00422e-05
2.22566e-05
1.27817e-05
4.05295e-06
-1.79097e-06
-3.88174e-06
-2.92902e-06
-6.22781e-07
1.38652e-06
2.26974e-06
2.12572e-06
1.51904e-06
9.44139e-07
5.88849e-07
4.10961e-07
3.11032e-07
2.32877e-07
1.67014e-07
1.17888e-07
8.48104e-08
6.24947e-08
4.6267e-08
3.39973e-08
2.48064e-08
1.81158e-08
1.32359e-08
9.67766e-09
7.02397e-09
5.07347e-09
3.59576e-09
2.50728e-09
1.65836e-09
1.03159e-09
5.22446e-10
1.48839e-10
-1.7183e-10
-4.02435e-10
-6.14681e-10
-7.60382e-10
-9.06247e-10
-9.97655e-10
-1.09936e-09
-1.15268e-09
-1.22204e-09
-1.2461e-09
-1.28937e-09
-1.28883e-09
-1.31e-09
-1.28807e-09
-1.28949e-09
-1.24821e-09
-1.23165e-09
-1.17271e-09
-1.13991e-09
-1.06483e-09
-1.01746e-09
-9.26899e-10
-8.67927e-10
-7.63171e-10
-6.9598e-10
-5.73384e-10
-5.09293e-10
-3.53857e-10
-3.26633e-10
-8.28087e-11
-2.01722e-10
3.25259e-10
-2.96123e-10
1.1847e-09
0.111325
0.113722
0.121791
0.134704
0.155109
0.186776
0.235577
0.303196
0.414217
-0.315446
-0.318228
-0.323319
-0.324403
-0.32975
-0.337943
-0.351111
-0.365702
-0.378093
-0.381242
-0.369288
-0.3383
-0.288991
-0.227805
-0.164793
-0.109027
-0.0655083
-0.0349669
-0.0155408
-0.00430592
0.00139049
0.003666
0.00398531
0.00330012
0.00218641
0.000973606
-0.000163695
-0.00114282
-0.00193871
-0.00254922
-0.0029923
-0.0032906
-0.0034686
-0.00354974
-0.00355504
-0.00350268
-0.00340786
-0.00328308
-0.00313844
-0.00298203
-0.00282004
-0.00265708
-0.00249641
-0.00234015
-0.00218948
-0.0020449
-0.00190646
-0.00177392
-0.00164704
-0.00152557
-0.00140933
-0.00129822
-0.00119216
-0.00109105
-0.000994776
-0.000903183
-0.000816124
-0.000733452
-0.000655101
-0.000581018
-0.000511183
-0.000445586
-0.000384211
-0.000327052
-0.000274139
-0.000225575
-0.000181551
-0.000142324
-0.000108133
-7.9086e-05
-5.50431e-05
-3.55556e-05
-1.98905e-05
-7.15222e-06
3.52449e-06
1.27515e-05
2.06852e-05
2.69271e-05
3.06254e-05
3.0837e-05
2.70932e-05
1.99271e-05
1.10251e-05
2.7563e-06
-2.77002e-06
-4.66784e-06
-3.5949e-06
-1.19063e-06
9.25041e-07
1.92541e-06
1.89356e-06
1.3769e-06
8.62789e-07
5.42949e-07
3.83902e-07
2.94175e-07
2.22216e-07
1.603e-07
1.13597e-07
8.19539e-08
6.05267e-08
4.48937e-08
3.30397e-08
2.41377e-08
1.76447e-08
1.29003e-08
9.43663e-09
6.85023e-09
4.94791e-09
3.50493e-09
2.44154e-09
1.61084e-09
9.97286e-10
4.97761e-10
1.31119e-10
-1.84487e-10
-4.11421e-10
-6.20926e-10
-7.64685e-10
-9.09106e-10
-9.99498e-10
-1.10042e-09
-1.15322e-09
-1.22215e-09
-1.24589e-09
-1.28898e-09
-1.28833e-09
-1.30937e-09
-1.28738e-09
-1.28874e-09
-1.24743e-09
-1.23086e-09
-1.17196e-09
-1.13914e-09
-1.06411e-09
-1.01679e-09
-9.27222e-10
-8.67282e-10
-7.6256e-10
-6.95354e-10
-5.72855e-10
-5.08727e-10
-3.53472e-10
-3.26115e-10
-8.26544e-11
-2.01212e-10
3.25033e-10
-2.95617e-10
1.18404e-09
0.109332
0.111476
0.118687
0.129934
0.147233
0.171837
0.207671
0.251331
0.264888
-0.247577
-0.323103
-0.322173
-0.323054
-0.322977
-0.3287
-0.337331
-0.351094
-0.366272
-0.379177
-0.382598
-0.371055
-0.34068
-0.292058
-0.231586
-0.169325
-0.114199
-0.0709929
-0.040374
-0.0205431
-0.0087092
-0.00233433
0.000606016
0.00152321
0.00134468
0.000643528
-0.000242834
-0.00112677
-0.0019118
-0.00255865
-0.0030549
-0.00340865
-0.00363601
-0.00375655
-0.00379033
-0.00375609
-0.00367048
-0.00354772
-0.0033996
-0.00323566
-0.00306345
-0.00288868
-0.00271555
-0.00254692
-0.00238453
-0.00222919
-0.00208109
-0.00193994
-0.0018053
-0.00167667
-0.00155365
-0.00143596
-0.00132345
-0.00121603
-0.0011136
-0.00101606
-0.000923276
-0.000835121
-0.000751461
-0.000672223
-0.000597356
-0.000526834
-0.000460631
-0.000398709
-0.000341028
-0.00028758
-0.000238426
-0.000193728
-0.000153729
-0.000118684
-8.87455e-05
-6.3835e-05
-4.35725e-05
-2.7284e-05
-1.4107e-05
-3.17094e-06
6.18605e-06
1.42134e-05
2.06305e-05
2.46932e-05
2.5517e-05
2.2614e-05
1.64187e-05
8.46559e-06
9.75595e-07
-4.0369e-06
-5.67405e-06
-4.49237e-06
-2.01652e-06
2.07055e-07
1.36595e-06
1.50982e-06
1.14326e-06
7.31483e-07
4.69721e-07
3.40309e-07
2.66202e-07
2.03958e-07
1.48521e-07
1.05912e-07
7.67262e-08
5.68401e-08
4.22751e-08
3.11929e-08
2.28382e-08
1.67232e-08
1.22402e-08
8.96058e-09
6.50596e-09
4.69847e-09
3.32401e-09
2.31022e-09
1.5156e-09
9.28235e-10
4.47807e-10
9.50013e-11
-2.10489e-10
-4.30102e-10
-6.34225e-10
-7.74128e-10
-9.15683e-10
-1.00404e-09
-1.10343e-09
-1.15516e-09
-1.22325e-09
-1.24642e-09
-1.28909e-09
-1.28817e-09
-1.30897e-09
-1.28687e-09
-1.28807e-09
-1.24674e-09
-1.23016e-09
-1.17121e-09
-1.13836e-09
-1.06332e-09
-1.01602e-09
-9.26227e-10
-8.66552e-10
-7.61903e-10
-6.94648e-10
-5.72295e-10
-5.08046e-10
-3.53097e-10
-3.25403e-10
-8.26419e-11
-2.00355e-10
3.24347e-10
-2.945e-10
1.18238e-09
0.106475
0.108289
0.114333
0.12355
0.136743
0.154696
0.173258
0.189382
0.151161
-0.166565
-0.410199
-0.310544
-0.319081
-0.323399
-0.324619
-0.330115
-0.338447
-0.351608
-0.366026
-0.378031
-0.380867
-0.368949
-0.338759
-0.291243
-0.232772
-0.17289
-0.119851
-0.0779971
-0.0478757
-0.0278134
-0.0153014
-0.0080329
-0.00416102
-0.00237495
-0.00179504
-0.00186086
-0.0022291
-0.00269783
-0.00315414
-0.00354182
-0.00383552
-0.00403102
-0.00413474
-0.00415857
-0.00411652
-0.00402269
-0.00389014
-0.00373027
-0.00355275
-0.00336539
-0.00317441
-0.0029845
-0.00279903
-0.00262023
-0.00244937
-0.00228692
-0.00213278
-0.00198651
-0.00184748
-0.00171507
-0.00158879
-0.00146827
-0.00135329
-0.00124369
-0.00113935
-0.00104014
-0.000945913
-0.000856505
-0.000771773
-0.000691616
-0.000615963
-0.000544764
-0.000477973
-0.00041553
-0.00035737
-0.000303449
-0.000253784
-0.000208487
-0.000167755
-0.00013181
-0.000100803
-7.46939e-05
-5.31806e-05
-3.57021e-05
-2.15225e-05
-9.87156e-06
-1.16423e-07
8.06142e-06
1.45404e-05
1.87788e-05
2.00626e-05
1.7968e-05
1.28499e-05
6.04145e-06
-4.76314e-07
-4.8683e-06
-6.26323e-06
-5.09046e-06
-2.68833e-06
-4.70387e-07
7.906e-07
1.09987e-06
8.93058e-07
5.93248e-07
3.92963e-07
2.92729e-07
2.33641e-07
1.81505e-07
1.33514e-07
9.58727e-08
6.97314e-08
5.1787e-08
3.86135e-08
2.85727e-08
2.09744e-08
1.53903e-08
1.12791e-08
8.26441e-09
6.00108e-09
4.33199e-09
3.05782e-09
2.11673e-09
1.37506e-09
8.26173e-10
3.7382e-10
4.13755e-11
-2.4921e-10
-4.58054e-10
-6.5427e-10
-7.88484e-10
-9.25816e-10
-1.01118e-09
-1.1083e-09
-1.15846e-09
-1.22532e-09
-1.24768e-09
-1.28969e-09
-1.28838e-09
-1.30881e-09
-1.28653e-09
-1.28752e-09
-1.2462e-09
-1.22931e-09
-1.17048e-09
-1.13757e-09
-1.06258e-09
-1.01518e-09
-9.25384e-10
-8.65751e-10
-7.61222e-10
-6.93876e-10
-5.71726e-10
-5.0726e-10
-3.52755e-10
-3.24495e-10
-8.28089e-11
-1.99109e-10
3.23109e-10
-2.9265e-10
1.1795e-09
0.102891
0.104318
0.10905
0.115948
0.125106
0.135745
0.142343
0.134807
0.0629244
-0.133725
-0.305094
-0.292954
-0.307269
-0.313696
-0.318992
-0.32603
-0.335218
-0.348286
-0.36206
-0.372675
-0.373757
-0.360593
-0.330481
-0.284913
-0.230058
-0.174425
-0.125078
-0.0856382
-0.0565581
-0.0364542
-0.0232391
-0.0149498
-0.0099812
-0.00715775
-0.00566347
-0.00495678
-0.0046898
-0.00464547
-0.00469272
-0.00475661
-0.00479602
-0.00479256
-0.00474111
-0.00464412
-0.00450805
-0.00434101
-0.00415134
-0.00394679
-0.00373412
-0.00351894
-0.0033057
-0.00309776
-0.00289747
-0.0027063
-0.00252497
-0.00235356
-0.00219172
-0.00203881
-0.00189409
-0.00175683
-0.00162641
-0.00150238
-0.0013844
-0.00127225
-0.00116572
-0.00106463
-0.000968799
-0.000878038
-0.000792175
-0.00071108
-0.000634651
-0.000562812
-0.000495496
-0.000432625
-0.000374119
-0.000319912
-0.000269983
-0.000224379
-0.00018321
-0.000146602
-0.000114622
-8.72015e-05
-6.40893e-05
-4.48722e-05
-2.90334e-05
-1.60344e-05
-5.40548e-06
3.15597e-06
9.68672e-06
1.39238e-05
1.54398e-05
1.39811e-05
9.87774e-06
4.24871e-06
-1.22942e-06
-4.97156e-06
-6.18099e-06
-5.15899e-06
-3.00791e-06
-9.50279e-07
3.10875e-07
7.34149e-07
6.66302e-07
4.6938e-07
3.23913e-07
2.47369e-07
2.00153e-07
1.56977e-07
1.16445e-07
8.41298e-08
6.13665e-08
4.56284e-08
3.40778e-08
2.52853e-08
1.86133e-08
1.36897e-08
1.00465e-08
7.3686e-09
5.35007e-09
3.85883e-09
2.71386e-09
1.86653e-09
1.1932e-09
6.93994e-10
2.77912e-10
-2.8228e-11
-2.99548e-10
-4.94476e-10
-6.80451e-10
-8.07311e-10
-9.39177e-10
-1.02067e-09
-1.11486e-09
-1.163e-09
-1.22826e-09
-1.24958e-09
-1.29072e-09
-1.28892e-09
-1.30885e-09
-1.28635e-09
-1.28704e-09
-1.24566e-09
-1.22872e-09
-1.16982e-09
-1.13672e-09
-1.0618e-09
-1.01432e-09
-9.24573e-10
-8.64893e-10
-7.60516e-10
-6.93028e-10
-5.71141e-10
-5.06351e-10
-3.52445e-10
-3.23354e-10
-8.31811e-11
-1.97382e-10
3.21203e-10
-2.89843e-10
1.17506e-09
0.0987388
0.0997647
0.103127
0.107757
0.113113
0.117889
0.116001
0.0988748
0.03461
-0.12409
-0.238384
-0.247851
-0.276332
-0.294504
-0.306474
-0.317421
-0.328247
-0.340589
-0.351982
-0.359231
-0.35769
-0.343433
-0.31454
-0.272774
-0.223519
-0.173744
-0.129156
-0.0927563
-0.0650643
-0.045109
-0.0312954
-0.0220428
-0.0160047
-0.0121508
-0.00973515
-0.00823995
-0.00731658
-0.00673586
-0.00635045
-0.0060685
-0.00583397
-0.00561494
-0.00539477
-0.00516631
-0.00492809
-0.00468179
-0.00443058
-0.0041781
-0.00392789
-0.00368305
-0.00344609
-0.0032189
-0.00300272
-0.0027982
-0.00260545
-0.00242419
-0.0022538
-0.00209348
-0.00194237
-0.00179966
-0.00166462
-0.00153671
-0.00141548
-0.0013006
-0.00119177
-0.00108875
-0.000991289
-0.000899172
-0.000812193
-0.00073019
-0.000653032
-0.000580615
-0.000512849
-0.000449645
-0.000390918
-0.000336595
-0.000286629
-0.000241008
-0.000199733
-0.000162791
-0.000130099
-0.000101482
-7.66833e-05
-5.54181e-05
-3.74364e-05
-2.25353e-05
-1.05202e-05
-1.19556e-06
5.58461e-06
9.8496e-06
1.15232e-05
1.05997e-05
7.44136e-06
2.97158e-06
-1.45563e-06
-4.53876e-06
-5.58671e-06
-4.78678e-06
-2.99569e-06
-1.2103e-06
-3.96079e-08
4.37286e-07
4.74057e-07
3.62208e-07
2.62152e-07
2.04072e-07
1.66029e-07
1.30768e-07
9.75678e-08
7.08319e-08
5.17616e-08
3.84989e-08
2.87855e-08
2.14171e-08
1.58145e-08
1.16631e-08
8.57316e-09
6.29564e-09
4.56925e-09
3.29083e-09
2.30073e-09
1.56585e-09
9.74537e-10
5.34962e-10
1.62456e-10
-1.12086e-10
-3.60252e-10
-5.38462e-10
-7.12105e-10
-8.30137e-10
-9.55416e-10
-1.03227e-09
-1.12292e-09
-1.16865e-09
-1.23198e-09
-1.25206e-09
-1.29214e-09
-1.28974e-09
-1.30908e-09
-1.28632e-09
-1.28666e-09
-1.24506e-09
-1.22798e-09
-1.16913e-09
-1.13588e-09
-1.06104e-09
-1.01341e-09
-9.23774e-10
-8.63979e-10
-7.59798e-10
-6.92102e-10
-5.70552e-10
-5.05311e-10
-3.52185e-10
-3.21946e-10
-8.38037e-11
-1.95057e-10
3.18451e-10
-2.85764e-10
1.16852e-09
0.0941808
0.0948088
0.0968425
0.0993096
0.101369
0.101144
0.0935097
0.0698336
0.0139156
-0.101267
-0.197683
-0.225139
-0.255406
-0.274972
-0.288856
-0.301428
-0.313018
-0.324564
-0.334215
-0.339392
-0.336304
-0.322104
-0.295686
-0.258757
-0.21569
-0.171977
-0.132172
-0.0988291
-0.0726088
-0.0529516
-0.0387146
-0.0286673
-0.021702
-0.016928
-0.0136714
-0.0114436
-0.00990122
-0.00880823
-0.00800514
-0.00738626
-0.00688241
-0.00644962
-0.00606078
-0.00569985
-0.00535794
-0.00503061
-0.00471608
-0.00441402
-0.00412483
-0.00384913
-0.0035875
-0.00334033
-0.00310771
-0.00288946
-0.00268508
-0.00249386
-0.00231488
-0.00214715
-0.00198968
-0.00184154
-0.00170193
-0.00157018
-0.00144573
-0.00132814
-0.00121705
-0.00111212
-0.00101306
-0.000919616
-0.000831547
-0.000748666
-0.000670814
-0.000597862
-0.000529698
-0.000466223
-0.000407352
-0.000353014
-0.00030315
-0.000257697
-0.000216558
-0.000179562
-0.000146449
-0.000116888
-9.0561e-05
-6.72776e-05
-4.70342e-05
-2.99642e-05
-1.62116e-05
-5.77252e-06
1.54761e-06
6.0355e-06
7.95568e-06
7.56939e-06
5.30772e-06
1.93796e-06
-1.48025e-06
-3.91974e-06
-4.80114e-06
-4.21744e-06
-2.80318e-06
-1.32753e-06
-2.95053e-07
1.91809e-07
3.03009e-07
2.60451e-07
1.9984e-07
1.58834e-07
1.29707e-07
1.02458e-07
7.68039e-08
5.59866e-08
4.09808e-08
3.05019e-08
2.28452e-08
1.70584e-08
1.26456e-08
9.36108e-09
6.89706e-09
5.07405e-09
3.67948e-09
2.64348e-09
1.82985e-09
1.22304e-09
7.25188e-10
3.53535e-10
3.07054e-11
-2.07841e-10
-4.29586e-10
-5.88751e-10
-7.4832e-10
-8.56307e-10
-9.74054e-10
-1.04564e-09
-1.13223e-09
-1.17523e-09
-1.23634e-09
-1.25504e-09
-1.29389e-09
-1.29082e-09
-1.30944e-09
-1.28642e-09
-1.28637e-09
-1.24476e-09
-1.22723e-09
-1.16846e-09
-1.13501e-09
-1.06029e-09
-1.01247e-09
-9.22985e-10
-8.63016e-10
-7.59077e-10
-6.91105e-10
-5.69971e-10
-5.04139e-10
-3.51995e-10
-3.20238e-10
-8.47364e-11
-1.91986e-10
3.14625e-10
-2.79958e-10
1.15911e-09
0.0893766
0.0896345
0.0904289
0.0909742
0.0902374
0.0862229
0.0746836
0.0484352
-0.00109223
-0.0909546
-0.17089
-0.20298
-0.233977
-0.256497
-0.273121
-0.287222
-0.299199
-0.309726
-0.31756
-0.32068
-0.316305
-0.302445
-0.278518
-0.246017
-0.208395
-0.169939
-0.134307
-0.103712
-0.0789189
-0.0596835
-0.0452185
-0.0345815
-0.0268707
-0.0213236
-0.0173381
-0.0144601
-0.0123578
-0.0107939
-0.00960153
-0.00866493
-0.00790452
-0.00726632
-0.00671417
-0.00622416
-0.00578065
-0.00537358
-0.00499654
-0.00464542
-0.0043176
-0.0040113
-0.00372521
-0.00345827
-0.00320945
-0.00297773
-0.00276199
-0.00256107
-0.00237376
-0.00219886
-0.00203525
-0.00188187
-0.00173782
-0.00160233
-0.00147475
-0.00135456
-0.00124128
-0.00113452
-0.00103393
-0.000939216
-0.000850114
-0.000766405
-0.000687904
-0.000614456
-0.000545928
-0.000482213
-0.000423226
-0.000368899
-0.000319169
-0.000273935
-0.000233017
-0.000196106
-0.000162771
-0.000132519
-0.000104947
-7.98938e-05
-5.75515e-05
-3.83843e-05
-2.28346e-05
-1.10801e-05
-2.94593e-06
2.02162e-06
4.372e-06
4.60354e-06
3.22429e-06
8.87233e-07
-1.58797e-06
-3.40794e-06
-4.0946e-06
-3.66727e-06
-2.57372e-06
-1.38179e-06
-4.93765e-07
-2.02521e-08
1.42735e-07
1.56664e-07
1.31989e-07
1.09022e-07
9.02711e-08
7.19106e-08
5.42469e-08
3.97154e-08
2.91437e-08
2.17556e-08
1.63668e-08
1.23002e-08
9.1769e-09
6.83653e-09
5.05795e-09
3.73372e-09
2.70387e-09
1.93299e-09
1.31275e-09
8.46453e-10
4.51233e-10
1.54131e-10
-1.14107e-10
-3.1314e-10
-5.05825e-10
-6.44094e-10
-7.88163e-10
-8.85146e-10
-9.94586e-10
-1.06042e-09
-1.14251e-09
-1.18254e-09
-1.24119e-09
-1.2584e-09
-1.29585e-09
-1.2921e-09
-1.3099e-09
-1.28661e-09
-1.28595e-09
-1.24438e-09
-1.22652e-09
-1.16782e-09
-1.13409e-09
-1.05954e-09
-1.01148e-09
-9.22203e-10
-8.61989e-10
-7.58349e-10
-6.90011e-10
-5.69394e-10
-5.02805e-10
-3.51878e-10
-3.18162e-10
-8.60302e-11
-1.8796e-10
3.09446e-10
-2.71782e-10
1.14579e-09
0.0844746
0.0843973
0.0840805
0.0829547
0.0799305
0.073028
0.0589272
0.0318297
-0.0125185
-0.0839198
-0.150548
-0.185947
-0.217856
-0.241642
-0.259365
-0.273973
-0.285889
-0.295549
-0.302044
-0.303841
-0.298859
-0.285673
-0.264024
-0.235226
-0.202051
-0.167907
-0.135776
-0.107583
-0.0841326
-0.0653987
-0.0508601
-0.0398055
-0.0315075
-0.0253197
-0.02071
-0.0172616
-0.0146587
-0.0126676
-0.0111178
-0.00988648
-0.00888599
-0.00805403
-0.00734667
-0.00673307
-0.00619161
-0.00570717
-0.00526909
-0.00486982
-0.00450394
-0.00416743
-0.00385719
-0.00357076
-0.00330605
-0.0030612
-0.00283448
-0.00262429
-0.00242908
-0.00224745
-0.00207808
-0.00191981
-0.00177162
-0.00163264
-0.00150214
-0.00137948
-0.00126414
-0.00115565
-0.00105362
-0.000957708
-0.000867629
-0.000783135
-0.000704015
-0.000630093
-0.000561217
-0.000497268
-0.000438159
-0.000383825
-0.000334194
-0.000289139
-0.000248412
-0.000211596
-0.000178119
-0.000147353
-0.000118797
-9.23311e-05
-6.8281e-05
-4.72852e-05
-3.00581e-05
-1.69901e-05
-7.91801e-06
-2.26373e-06
6.9443e-07
1.6299e-06
1.11663e-06
-2.71204e-07
-1.89288e-06
-3.13483e-06
-3.60137e-06
-3.25701e-06
-2.39869e-06
-1.43231e-06
-6.68829e-07
-2.15264e-07
-1.45505e-08
4.68525e-08
5.63803e-08
5.3521e-08
4.75481e-08
3.93508e-08
3.02457e-08
2.2343e-08
1.65121e-08
1.24649e-08
9.51124e-09
7.2663e-09
5.50102e-09
4.15749e-09
3.10554e-09
2.31112e-09
1.66838e-09
1.17926e-09
7.63854e-10
4.46691e-10
1.60435e-10
-5.76059e-11
-2.67881e-10
-4.25016e-10
-5.86819e-10
-7.02945e-10
-8.3052e-10
-9.15857e-10
-1.01644e-09
-1.0762e-09
-1.15348e-09
-1.1904e-09
-1.24639e-09
-1.26206e-09
-1.29799e-09
-1.29355e-09
-1.31044e-09
-1.28694e-09
-1.28569e-09
-1.24403e-09
-1.22579e-09
-1.16723e-09
-1.13317e-09
-1.05883e-09
-1.01046e-09
-9.21459e-10
-8.60927e-10
-7.57654e-10
-6.88862e-10
-5.68863e-10
-5.01334e-10
-3.51879e-10
-3.15703e-10
-8.77814e-11
-1.8278e-10
3.02552e-10
-2.60393e-10
1.12703e-09
0.0796077
0.0792384
0.0779515
0.0754245
0.0705688
0.0615681
0.0458609
0.018992
-0.0210107
-0.0794958
-0.136321
-0.172113
-0.203483
-0.227916
-0.246746
-0.262071
-0.274194
-0.283386
-0.288972
-0.289785
-0.284364
-0.271771
-0.25198
-0.22616
-0.196568
-0.165945
-0.136744
-0.110636
-0.0884251
-0.0702302
-0.0557278
-0.0443903
-0.0356366
-0.028923
-0.0237832
-0.0198385
-0.0167919
-0.0144163
-0.0125409
-0.0110385
-0.00981514
-0.00880201
-0.00794863
-0.00721814
-0.00658362
-0.00602537
-0.00552889
-0.00508345
-0.00468101
-0.00431544
-0.00398199
-0.00367685
-0.00339692
-0.00313953
-0.00290239
-0.00268343
-0.0024808
-0.00229285
-0.0021181
-0.00195526
-0.0018032
-0.00166096
-0.00152771
-0.00140275
-0.00128547
-0.00117536
-0.00107198
-0.00097496
-0.000883969
-0.000798739
-0.000719036
-0.00064466
-0.000575446
-0.00051126
-0.000452008
-0.000397622
-0.00034802
-0.000303051
-0.000262416
-0.000225618
-0.000191987
-0.000160792
-0.000131496
-0.000103957
-7.85548e-05
-5.61099e-05
-3.74951e-05
-2.32146e-05
-1.3174e-05
-6.73843e-06
-3.05668e-06
-1.35837e-06
-1.03088e-06
-1.55483e-06
-2.41518e-06
-3.12662e-06
-3.3541e-06
-3.02237e-06
-2.31194e-06
-1.50466e-06
-8.34789e-07
-3.98263e-07
-1.68232e-07
-6.64046e-08
-2.45414e-08
-5.95134e-09
2.66438e-09
5.60308e-09
5.42019e-09
4.31685e-09
3.39265e-09
2.83941e-09
2.42843e-09
2.0694e-09
1.70369e-09
1.38838e-09
1.0877e-09
8.40952e-10
5.98342e-10
3.99769e-10
1.96437e-10
3.32854e-11
-1.40309e-10
-2.76649e-10
-4.26912e-10
-5.40757e-10
-6.70548e-10
-7.63823e-10
-8.74276e-10
-9.47632e-10
-1.03899e-09
-1.09253e-09
-1.16478e-09
-1.19854e-09
-1.25171e-09
-1.26586e-09
-1.30016e-09
-1.29507e-09
-1.31091e-09
-1.2872e-09
-1.28526e-09
-1.24372e-09
-1.22498e-09
-1.16664e-09
-1.13216e-09
-1.05812e-09
-1.00936e-09
-9.20712e-10
-8.59768e-10
-7.56955e-10
-6.87589e-10
-5.68342e-10
-4.99667e-10
-3.51974e-10
-3.12761e-10
-9.0017e-11
-1.76141e-10
2.93587e-10
-2.44623e-10
1.10088e-09
0.0748919
0.0742735
0.072161
0.0684814
0.0621912
0.0516876
0.0350339
0.00890028
-0.0274761
-0.0767293
-0.125817
-0.160887
-0.191634
-0.216329
-0.235705
-0.251301
-0.263384
-0.272129
-0.277031
-0.277237
-0.271716
-0.259842
-0.241728
-0.218417
-0.191783
-0.164075
-0.13734
-0.113041
-0.0919588
-0.0743088
-0.0599149
-0.0483954
-0.039291
-0.0321478
-0.0265602
-0.0221863
-0.0187493
-0.0160309
-0.0138618
-0.0121127
-0.0106851
-0.00950478
-0.00851578
-0.00767612
-0.00695422
-0.00632634
-0.00577452
-0.00528515
-0.00484782
-0.00445448
-0.00409881
-0.0037758
-0.00348136
-0.00321208
-0.0029651
-0.00273792
-0.00252838
-0.00233459
-0.00215489
-0.00198787
-0.00183226
-0.00168703
-0.00155125
-0.00142417
-0.00130511
-0.00119351
-0.00108888
-0.000990821
-0.00089898
-0.000813059
-0.000732803
-0.000657993
-0.000588444
-0.000524011
-0.000464591
-0.000410103
-0.000360452
-0.000315462
-0.000274794
-0.000237901
-0.000204049
-0.000172461
-0.000142559
-0.000114203
-8.78297e-05
-6.43256e-05
-4.46486e-05
-2.93751e-05
-1.84354e-05
-1.11915e-05
-6.74764e-06
-4.2766e-06
-3.156e-06
-2.90723e-06
-3.10009e-06
-3.33561e-06
-3.31956e-06
-2.94724e-06
-2.31309e-06
-1.60615e-06
-9.98774e-07
-5.72263e-07
-3.17382e-07
-1.80383e-07
-1.08117e-07
-6.75042e-08
-4.31909e-08
-2.84573e-08
-1.95429e-08
-1.38199e-08
-9.8079e-09
-6.82839e-09
-4.67323e-09
-3.14039e-09
-2.10648e-09
-1.39248e-09
-9.39166e-10
-6.35744e-10
-4.76952e-10
-3.83067e-10
-3.73128e-10
-3.81714e-10
-4.42205e-10
-4.96636e-10
-5.86615e-10
-6.57064e-10
-7.54649e-10
-8.25043e-10
-9.18235e-10
-9.79623e-10
-1.06165e-09
-1.10903e-09
-1.17615e-09
-1.20681e-09
-1.25708e-09
-1.26978e-09
-1.30235e-09
-1.29668e-09
-1.31148e-09
-1.28756e-09
-1.2849e-09
-1.24352e-09
-1.22419e-09
-1.16614e-09
-1.13116e-09
-1.05749e-09
-1.00827e-09
-9.20047e-10
-8.58608e-10
-7.56337e-10
-6.86289e-10
-5.67913e-10
-4.97889e-10
-3.52244e-10
-3.09389e-10
-9.28526e-11
-1.67865e-10
2.82098e-10
-2.231e-10
1.06478e-09
0.0704256
0.0696003
0.0667999
0.0621939
0.0548015
0.0432562
0.0261076
0.000933438
-0.0324104
-0.0749445
-0.118113
-0.151898
-0.181668
-0.206193
-0.225837
-0.24164
-0.25376
-0.262265
-0.266767
-0.266621
-0.261116
-0.249884
-0.233157
-0.211888
-0.187661
-0.162347
-0.137675
-0.114929
-0.0948556
-0.0777315
-0.0634896
-0.0518631
-0.0424928
-0.0350023
-0.0290399
-0.0242987
-0.0205219
-0.0175011
-0.0150704
-0.0130995
-0.0114868
-0.0101541
-0.00904081
-0.00810067
-0.00729806
-0.00660564
-0.0060024
-0.00547213
-0.00500227
-0.004583
-0.0042066
-0.00386691
-0.00355894
-0.00327861
-0.00302251
-0.00278774
-0.00257184
-0.00237269
-0.00218846
-0.0020176
-0.00185876
-0.00171079
-0.00157271
-0.00144368
-0.00132298
-0.00121001
-0.00110424
-0.00100524
-0.000912614
-0.000826055
-0.000745282
-0.000670059
-0.000600185
-0.0005355
-0.000475888
-0.000421252
-0.000371478
-0.000326365
-0.000285546
-0.000248441
-0.00021429
-0.000182302
-0.000151892
-0.000122932
-9.58787e-05
-7.16465e-05
-5.12117e-05
-3.51682e-05
-2.34635e-05
-1.54647e-05
-1.02772e-05
-7.06407e-06
-5.21308e-06
-4.28001e-06
-3.89139e-06
-3.70388e-06
-3.44859e-06
-2.99874e-06
-2.38644e-06
-1.73229e-06
-1.16007e-06
-7.35456e-07
-4.58042e-07
-2.90246e-07
-1.90141e-07
-1.28195e-07
-8.81927e-08
-6.17183e-08
-4.39241e-08
-3.15932e-08
-2.27772e-08
-1.63303e-08
-1.16476e-08
-8.25345e-09
-5.84453e-09
-4.11986e-09
-2.92622e-09
-2.0832e-09
-1.53071e-09
-1.15077e-09
-9.31948e-10
-7.89102e-10
-7.38518e-10
-7.12605e-10
-7.43262e-10
-7.71174e-10
-8.37028e-10
-8.85056e-10
-9.61203e-10
-1.01095e-09
-1.08372e-09
-1.12514e-09
-1.18712e-09
-1.21486e-09
-1.26217e-09
-1.27355e-09
-1.30432e-09
-1.2982e-09
-1.31178e-09
-1.28789e-09
-1.28439e-09
-1.24328e-09
-1.22326e-09
-1.1656e-09
-1.13001e-09
-1.05684e-09
-1.00703e-09
-9.19369e-10
-8.57309e-10
-7.55708e-10
-6.84836e-10
-5.67489e-10
-4.95882e-10
-3.52605e-10
-3.05458e-10
-9.62356e-11
-1.57613e-10
2.67801e-10
-1.94086e-10
1.01574e-09
0.0662906
0.0652965
0.0619344
0.0565964
0.0483728
0.0361237
0.0187749
-0.00539497
-0.0362215
-0.0738077
-0.112385
-0.144669
-0.173428
-0.197644
-0.217357
-0.233205
-0.245259
-0.253529
-0.257715
-0.257354
-0.251971
-0.241379
-0.225874
-0.206326
-0.184093
-0.160764
-0.137819
-0.1164
-0.0972163
-0.0805839
-0.0665163
-0.0548367
-0.045268
-0.0374992
-0.0312262
-0.0261738
-0.0221047
-0.0188206
-0.0161599
-0.0139924
-0.0122147
-0.0107452
-0.00951993
-0.00848879
-0.00761276
-0.00686142
-0.00621108
-0.00564323
-0.0051434
-0.00470022
-0.00430467
-0.00394958
-0.00362916
-0.00333867
-0.00307421
-0.00283252
-0.00261084
-0.00240685
-0.00221856
-0.00204426
-0.00188251
-0.00173209
-0.00159194
-0.00146116
-0.001339
-0.00122479
-0.00111799
-0.00101813
-0.000924791
-0.000837646
-0.000756395
-0.000680783
-0.000610595
-0.000545658
-0.000485836
-0.000431014
-0.000381057
-0.000335736
-0.000294663
-0.000257245
-0.000222721
-0.000190315
-0.000159459
-0.00013005
-0.000102555
-7.78696e-05
-5.69472e-05
-4.03586e-05
-2.80465e-05
-1.93932e-05
-1.35272e-05
-9.63819e-06
-7.13586e-06
-5.60809e-06
-4.72004e-06
-4.1631e-06
-3.68294e-06
-3.13611e-06
-2.50984e-06
-1.87477e-06
-1.31709e-06
-8.87509e-07
-5.88888e-07
-3.93813e-07
-2.68417e-07
-1.86315e-07
-1.31123e-07
-9.32907e-08
-6.70113e-08
-4.84265e-08
-3.50712e-08
-2.53426e-08
-1.82667e-08
-1.3111e-08
-9.39967e-09
-6.71557e-09
-4.81722e-09
-3.45998e-09
-2.53219e-09
-1.88009e-09
-1.46266e-09
-1.17611e-09
-1.02004e-09
-9.17965e-10
-8.92198e-10
-8.7977e-10
-9.15361e-10
-9.4221e-10
-1.00206e-09
-1.04084e-09
-1.10471e-09
-1.14057e-09
-1.19757e-09
-1.22263e-09
-1.26703e-09
-1.27726e-09
-1.30622e-09
-1.29978e-09
-1.31204e-09
-1.28837e-09
-1.28394e-09
-1.24317e-09
-1.22237e-09
-1.16521e-09
-1.12893e-09
-1.05633e-09
-1.00586e-09
-9.1883e-10
-8.56069e-10
-7.55219e-10
-6.83426e-10
-5.67211e-10
-4.93846e-10
-3.53179e-10
-3.01169e-10
-1.00267e-10
-1.45429e-10
2.50383e-10
-1.56024e-10
9.50602e-10
0.0625537
0.0614247
0.0576127
0.0517075
0.0428686
0.0301616
0.0127977
-0.010417
-0.0391728
-0.073072
-0.108105
-0.138906
-0.166657
-0.190434
-0.210068
-0.225892
-0.237895
-0.246026
-0.250042
-0.2496
-0.24439
-0.234361
-0.219864
-0.201707
-0.181086
-0.159368
-0.137846
-0.117541
-0.0991257
-0.0829372
-0.0690486
-0.0573527
-0.0476385
-0.0396493
-0.0331221
-0.0278097
-0.0234927
-0.0199829
-0.0171231
-0.0147844
-0.012862
-0.011272
-0.00994763
-0.00883568
-0.00789425
-0.0070903
-0.00639779
-0.00579626
-0.00526954
-0.00480487
-0.00439212
-0.0040232
-0.00369159
-0.00339199
-0.00312005
-0.00287218
-0.00264537
-0.00243707
-0.00224515
-0.00206781
-0.00190349
-0.00175089
-0.00160891
-0.00147659
-0.00135312
-0.00123782
-0.0011301
-0.00102947
-0.000935498
-0.000847827
-0.000766141
-0.000690173
-0.000619691
-0.000554508
-0.00049447
-0.000439441
-0.000389258
-0.000343671
-0.000302274
-0.000264474
-0.00022953
-0.000196697
-0.000165449
-0.00013571
-0.000107943
-8.30099e-05
-6.18082e-05
-4.48611e-05
-3.20922e-05
-2.28983e-05
-1.64436e-05
-1.19608e-05
-8.8916e-06
-6.85468e-06
-5.54211e-06
-4.66628e-06
-3.98025e-06
-3.32779e-06
-2.66436e-06
-2.0244e-06
-1.46555e-06
-1.0252e-06
-7.06209e-07
-4.87096e-07
-3.39442e-07
-2.39298e-07
-1.70345e-07
-1.22206e-07
-8.82518e-08
-6.40001e-08
-4.64962e-08
-3.37356e-08
-2.44302e-08
-1.7628e-08
-1.26994e-08
-9.12066e-09
-6.56718e-09
-4.73379e-09
-3.45915e-09
-2.55598e-09
-1.95492e-09
-1.53543e-09
-1.28129e-09
-1.10853e-09
-1.03013e-09
-9.80341e-10
-9.87673e-10
-9.95026e-10
-1.03961e-09
-1.06837e-09
-1.12384e-09
-1.15471e-09
-1.20692e-09
-1.22966e-09
-1.27119e-09
-1.28053e-09
-1.30763e-09
-1.30107e-09
-1.31206e-09
-1.28864e-09
-1.28318e-09
-1.24292e-09
-1.22124e-09
-1.16472e-09
-1.12762e-09
-1.05574e-09
-1.00448e-09
-9.18233e-10
-8.5463e-10
-7.5468e-10
-6.81819e-10
-5.66901e-10
-4.91576e-10
-3.53779e-10
-2.96365e-10
-1.04712e-10
-1.31168e-10
2.30056e-10
-1.07521e-10
8.6701e-10
0.059268
0.0580334
0.0538684
0.0475316
0.0382462
0.0252533
0.00797925
-0.0143826
-0.041459
-0.072599
-0.104905
-0.134348
-0.161172
-0.184495
-0.203983
-0.219734
-0.23166
-0.239666
-0.243551
-0.243071
-0.238044
-0.228516
-0.214869
-0.197859
-0.17855
-0.158146
-0.137791
-0.118413
-0.100649
-0.0848506
-0.0711341
-0.0594456
-0.0496268
-0.0414657
-0.0347335
-0.0292075
-0.0246842
-0.0209846
-0.0179562
-0.0154713
-0.0134249
-0.0117312
-0.0103211
-0.00913899
-0.00814063
-0.00729074
-0.00656133
-0.00593024
-0.00537988
-0.00489631
-0.00446841
-0.0040873
-0.00374584
-0.00343823
-0.00315975
-0.00290647
-0.00267517
-0.00246314
-0.00226809
-0.0020881
-0.00192157
-0.0017671
-0.00162353
-0.00148987
-0.00136528
-0.00124903
-0.00114052
-0.00103922
-0.000944687
-0.000856552
-0.00077448
-0.000698191
-0.000627441
-0.000562026
-0.000501775
-0.000446527
-0.000396096
-0.000350206
-0.000308444
-0.000270222
-0.000234833
-0.000201577
-0.000169981
-0.000139999
-0.000112087
-8.7059e-05
-6.57417e-05
-4.85941e-05
-3.55097e-05
-2.58966e-05
-1.89589e-05
-1.39776e-05
-1.04328e-05
-7.97196e-06
-6.30698e-06
-5.16299e-06
-4.29633e-06
-3.54101e-06
-2.83016e-06
-2.17203e-06
-1.60276e-06
-1.14843e-06
-8.1021e-07
-5.69868e-07
-4.0263e-07
-2.86414e-07
-2.05093e-07
-1.47713e-07
-1.0694e-07
-7.77019e-08
-5.65677e-08
-4.11572e-08
-2.98993e-08
-2.16487e-08
-1.56423e-08
-1.12666e-08
-8.12677e-09
-5.86682e-09
-4.28188e-09
-3.15513e-09
-2.39105e-09
-1.85408e-09
-1.51314e-09
-1.27795e-09
-1.15275e-09
-1.06988e-09
-1.05195e-09
-1.04208e-09
-1.07297e-09
-1.09297e-09
-1.14086e-09
-1.16742e-09
-1.21526e-09
-1.23606e-09
-1.27492e-09
-1.28359e-09
-1.30893e-09
-1.30234e-09
-1.31209e-09
-1.28905e-09
-1.28253e-09
-1.24286e-09
-1.22025e-09
-1.16443e-09
-1.12648e-09
-1.05537e-09
-1.00326e-09
-9.17855e-10
-8.53363e-10
-7.54359e-10
-6.80381e-10
-5.66798e-10
-4.89448e-10
-3.54602e-10
-2.9152e-10
-1.09629e-10
-1.15495e-10
2.0716e-10
-4.87527e-11
7.64563e-10
0.0564752
0.0551599
0.0507245
0.0440668
0.0344647
0.0213031
0.00416816
-0.017469
-0.0432113
-0.0722937
-0.102524
-0.130802
-0.156816
-0.179699
-0.199003
-0.214658
-0.226511
-0.234437
-0.238257
-0.237794
-0.232953
-0.223847
-0.210883
-0.194778
-0.1765
-0.157131
-0.137705
-0.119073
-0.101843
-0.0863747
-0.0728128
-0.0611445
-0.0512521
-0.0429594
-0.0360655
-0.0303681
-0.0256772
-0.0218222
-0.0186547
-0.0160487
-0.013899
-0.0121185
-0.0106365
-0.00939538
-0.00834902
-0.00746033
-0.00669971
-0.00604359
-0.00547319
-0.00497358
-0.00453282
-0.00414138
-0.00379157
-0.00347718
-0.00319314
-0.0029353
-0.00270022
-0.00248503
-0.00228734
-0.00210514
-0.00193673
-0.00178069
-0.00163579
-0.00150101
-0.00137546
-0.00125842
-0.00114923
-0.00104737
-0.000952366
-0.000863836
-0.000781434
-0.000704868
-0.000633882
-0.00056826
-0.000507812
-0.000452355
-0.000401677
-0.000355485
-0.000313355
-0.000274718
-0.000238899
-0.000205253
-0.00017336
-0.000143201
-0.000115226
-9.01958e-05
-6.88628e-05
-5.16183e-05
-3.83219e-05
-2.83905e-05
-2.10667e-05
-1.56791e-05
-1.17471e-05
-8.94305e-06
-6.99313e-06
-5.62945e-06
-4.6089e-06
-3.75818e-06
-2.99529e-06
-2.31024e-06
-1.72371e-06
-1.25289e-06
-8.9661e-07
-6.38105e-07
-4.54686e-07
-3.25369e-07
-2.34029e-07
-1.69175e-07
-1.2286e-07
-8.951e-08
-6.53165e-08
-4.76226e-08
-3.46544e-08
-2.51267e-08
-1.81722e-08
-1.31021e-08
-9.4569e-09
-6.83337e-09
-4.98523e-09
-3.6692e-09
-2.76614e-09
-2.1286e-09
-1.71256e-09
-1.42349e-09
-1.25758e-09
-1.14634e-09
-1.10649e-09
-1.08204e-09
-1.10101e-09
-1.11371e-09
-1.15488e-09
-1.17796e-09
-1.22183e-09
-1.24119e-09
-1.27753e-09
-1.28587e-09
-1.3095e-09
-1.30318e-09
-1.31154e-09
-1.28909e-09
-1.28142e-09
-1.24252e-09
-1.21888e-09
-1.16392e-09
-1.12499e-09
-1.05481e-09
-1.00173e-09
-9.17308e-10
-8.51805e-10
-7.53889e-10
-6.78682e-10
-5.66558e-10
-4.87093e-10
-3.5528e-10
-2.86415e-10
-1.14464e-10
-9.87667e-11
1.83043e-10
1.84953e-11
6.4677e-10
0.054207
0.0528322
0.0481963
0.0413071
0.0314868
0.0182325
0.00124621
-0.019807
-0.0445242
-0.0720995
-0.100789
-0.128121
-0.153469
-0.175969
-0.195095
-0.210653
-0.222438
-0.230297
-0.234071
-0.233631
-0.228946
-0.220181
-0.207754
-0.192352
-0.174872
-0.156305
-0.1376
-0.119554
-0.102749
-0.0875477
-0.0741171
-0.062474
-0.0525316
-0.0441411
-0.0371238
-0.0312937
-0.0264717
-0.0224942
-0.0192165
-0.0165141
-0.0142818
-0.0124317
-0.0108919
-0.00960323
-0.00851809
-0.00759798
-0.00681204
-0.00613559
-0.00554889
-0.00503622
-0.00458498
-0.00418512
-0.0038285
-0.00350859
-0.00322004
-0.0029585
-0.00272035
-0.00250261
-0.00230279
-0.00211881
-0.0019489
-0.00179159
-0.00164562
-0.00150993
-0.00138363
-0.00126593
-0.00115621
-0.00105389
-0.000958502
-0.000869648
-0.000786975
-0.000710178
-0.000638995
-0.000573195
-0.000512573
-0.000456926
-0.00040602
-0.000359544
-0.000317072
-0.000278048
-0.000241837
-0.000207844
-0.000175699
-0.000145413
-0.000117425
-9.24498e-05
-7.1167e-05
-5.3904e-05
-4.0486e-05
-3.03342e-05
-2.27247e-05
-1.70279e-05
-1.27992e-05
-9.73195e-06
-7.5632e-06
-6.02904e-06
-4.88586e-06
-3.95518e-06
-3.14484e-06
-2.43234e-06
-1.82737e-06
-1.34036e-06
-9.67893e-07
-6.93821e-07
-4.96755e-07
-3.56464e-07
-2.56818e-07
-1.85888e-07
-1.35182e-07
-9.86577e-08
-7.21412e-08
-5.27198e-08
-3.84444e-08
-2.79224e-08
-2.02135e-08
-1.45811e-08
-1.05227e-08
-7.60219e-09
-5.541e-09
-4.07417e-09
-3.06161e-09
-2.34562e-09
-1.87075e-09
-1.53943e-09
-1.34112e-09
-1.20738e-09
-1.14988e-09
-1.11394e-09
-1.12328e-09
-1.13034e-09
-1.16606e-09
-1.18654e-09
-1.22712e-09
-1.24548e-09
-1.27967e-09
-1.28788e-09
-1.3099e-09
-1.304e-09
-1.31116e-09
-1.28931e-09
-1.2806e-09
-1.24244e-09
-1.21784e-09
-1.16372e-09
-1.12387e-09
-1.05457e-09
-1.00057e-09
-9.17082e-10
-8.50617e-10
-7.5373e-10
-6.77366e-10
-5.66604e-10
-4.85181e-10
-3.56165e-10
-2.81906e-10
-1.19279e-10
-8.26836e-11
1.59173e-10
8.89038e-11
5.2233e-10
0.052487
0.0510705
0.0462936
0.0392453
0.0292813
0.015981
-0.000873841
-0.0214882
-0.0454604
-0.0719786
-0.0995773
-0.126196
-0.151036
-0.17323
-0.192203
-0.207674
-0.219404
-0.22722
-0.230973
-0.230567
-0.226013
-0.217506
-0.205474
-0.190582
-0.173678
-0.155691
-0.13751
-0.119893
-0.103402
-0.0884021
-0.0750735
-0.0634539
-0.0534788
-0.0450193
-0.0379129
-0.0319858
-0.0270673
-0.022999
-0.0196393
-0.0168648
-0.0145706
-0.0126683
-0.0110849
-0.00976041
-0.008646
-0.00770215
-0.00689705
-0.0062052
-0.00560616
-0.00508359
-0.00462442
-0.00421817
-0.0038564
-0.00353231
-0.00324035
-0.002976
-0.00273553
-0.00251587
-0.00231445
-0.00212911
-0.00195807
-0.0017998
-0.00165303
-0.00151666
-0.00138978
-0.0012716
-0.00116146
-0.00105879
-0.000963119
-0.00087402
-0.000791141
-0.000714169
-0.000642834
-0.000576896
-0.000516137
-0.000460338
-0.000409248
-0.000362544
-0.000319796
-0.000280463
-0.000243942
-0.00020968
-0.000177346
-0.000146974
-0.000118993
-9.4077e-05
-7.28498e-05
-5.55866e-05
-4.20862e-05
-3.17748e-05
-2.3956e-05
-1.80346e-05
-1.35931e-05
-1.03396e-05
-8.01625e-06
-6.35953e-06
-5.12423e-06
-4.12853e-06
-3.27471e-06
-2.5333e-06
-1.9077e-06
-1.40409e-06
-1.01739e-06
-7.31281e-07
-5.24651e-07
-3.77215e-07
-2.7242e-07
-1.97778e-07
-1.44313e-07
-1.05661e-07
-7.74574e-08
-5.66924e-08
-4.13588e-08
-3.00269e-08
-2.17161e-08
-1.56519e-08
-1.12889e-08
-8.15739e-09
-5.94675e-09
-4.37387e-09
-3.28204e-09
-2.50805e-09
-1.98833e-09
-1.62498e-09
-1.40183e-09
-1.25149e-09
-1.18069e-09
-1.13663e-09
-1.13868e-09
-1.1419e-09
-1.17332e-09
-1.19216e-09
-1.23002e-09
-1.24794e-09
-1.28027e-09
-1.28869e-09
-1.30936e-09
-1.30394e-09
-1.30995e-09
-1.28887e-09
-1.27909e-09
-1.24183e-09
-1.21621e-09
-1.16305e-09
-1.1222e-09
-1.0539e-09
-9.98919e-10
-9.16473e-10
-8.48982e-10
-7.53215e-10
-6.75671e-10
-5.66296e-10
-4.83021e-10
-3.56591e-10
-2.77558e-10
-1.23125e-10
-6.80529e-11
1.38214e-10
1.55083e-10
4.05252e-10
0.0513317
0.0498888
0.0450224
0.0378751
0.0278246
0.014504
-0.00225443
-0.0225767
-0.0460637
-0.0719093
-0.0988096
-0.124953
-0.14945
-0.171434
-0.190297
-0.205705
-0.217396
-0.225182
-0.228923
-0.22854
-0.224073
-0.215737
-0.203965
-0.189408
-0.172882
-0.155275
-0.13744
-0.120105
-0.103824
-0.0889588
-0.0757003
-0.064099
-0.0541045
-0.045601
-0.0384369
-0.0324463
-0.0274643
-0.0233361
-0.019922
-0.0170996
-0.0147641
-0.012827
-0.0112145
-0.00986601
-0.00873196
-0.00777217
-0.00695421
-0.006252
-0.00564465
-0.00511542
-0.0046509
-0.00424034
-0.0038751
-0.00354819
-0.00325393
-0.0029877
-0.00274568
-0.00252472
-0.00232222
-0.00213598
-0.00196418
-0.00180528
-0.00165796
-0.00152114
-0.00139387
-0.00127536
-0.00116495
-0.00106205
-0.000966182
-0.000876918
-0.000793897
-0.000716805
-0.000645365
-0.000579331
-0.000518475
-0.000462567
-0.000411343
-0.000364472
-0.000321522
-0.000281965
-0.000245217
-0.000210759
-0.000178289
-0.000147855
-0.000119883
-9.5017e-05
-7.38415e-05
-5.65953e-05
-4.30578e-05
-3.26577e-05
-2.47169e-05
-1.86629e-05
-1.40961e-05
-1.07333e-05
-8.31907e-06
-6.58888e-06
-5.2963e-06
-4.25793e-06
-3.3735e-06
-2.61004e-06
-1.96763e-06
-1.4502e-06
-1.05174e-06
-7.55934e-07
-5.41828e-07
-3.89069e-07
-2.80737e-07
-2.03845e-07
-1.48946e-07
-1.09321e-07
-8.03817e-08
-5.90038e-08
-4.31361e-08
-3.13471e-08
-2.26623e-08
-1.63129e-08
-1.17446e-08
-8.4746e-09
-6.17203e-09
-4.53924e-09
-3.40511e-09
-2.60089e-09
-2.05688e-09
-1.67557e-09
-1.43768e-09
-1.27743e-09
-1.19851e-09
-1.14975e-09
-1.14746e-09
-1.14864e-09
-1.17751e-09
-1.19556e-09
-1.23172e-09
-1.24952e-09
-1.28063e-09
-1.28929e-09
-1.30897e-09
-1.30405e-09
-1.30925e-09
-1.28877e-09
-1.27824e-09
-1.24162e-09
-1.21528e-09
-1.16281e-09
-1.12126e-09
-1.05369e-09
-9.98001e-10
-9.16305e-10
-8.48089e-10
-7.53126e-10
-6.74742e-10
-5.6636e-10
-4.81767e-10
-3.57203e-10
-2.74735e-10
-1.26295e-10
-5.74229e-11
1.2225e-10
2.06818e-10
3.13245e-10
0.0507513
0.049296
0.0443857
0.0371913
0.0271003
0.0137726
-0.0029349
-0.0231111
-0.0463587
-0.0718771
-0.0984367
-0.124343
-0.148667
-0.170544
-0.189349
-0.204724
-0.216394
-0.224167
-0.227903
-0.227536
-0.223115
-0.214865
-0.203223
-0.188831
-0.17249
-0.15507
-0.137404
-0.120209
-0.104031
-0.0892339
-0.0760107
-0.0644191
-0.0544156
-0.0458907
-0.0386982
-0.0326762
-0.0276627
-0.0235046
-0.0200634
-0.0172172
-0.0148611
-0.0129065
-0.0112795
-0.00991895
-0.00877507
-0.00780729
-0.00698288
-0.00627548
-0.00566396
-0.00513138
-0.00466418
-0.00425147
-0.00388449
-0.00355616
-0.00326076
-0.00299358
-0.00275077
-0.00252917
-0.00232613
-0.00213944
-0.00196726
-0.00180803
-0.00166045
-0.00152339
-0.00139593
-0.00127727
-0.00116672
-0.0010637
-0.000967735
-0.00087839
-0.000795301
-0.000718151
-0.00064666
-0.00058058
-0.000519678
-0.000463719
-0.000412435
-0.000365491
-0.000322456
-0.000282806
-0.000245967
-0.000211431
-0.000178903
-0.000148438
-0.000120453
-9.55808e-05
-7.43908e-05
-5.71107e-05
-4.35187e-05
-3.30518e-05
-2.50444e-05
-1.89341e-05
-1.43252e-05
-1.09322e-05
-8.49346e-06
-6.73942e-06
-5.42132e-06
-4.35624e-06
-3.44586e-06
-2.65921e-06
-1.99782e-06
-1.4663e-06
-1.05857e-06
-7.57677e-07
-5.4159e-07
-3.88749e-07
-2.81152e-07
-2.05062e-07
-1.5065e-07
-1.11117e-07
-8.19652e-08
-6.0223e-08
-4.39717e-08
-3.18655e-08
-2.29596e-08
-1.64807e-08
-1.1847e-08
-8.55018e-09
-6.23538e-09
-4.59484e-09
-3.45054e-09
-2.63609e-09
-2.08108e-09
-1.69189e-09
-1.44729e-09
-1.28376e-09
-1.20184e-09
-1.15228e-09
-1.14835e-09
-1.14946e-09
-1.17705e-09
-1.19531e-09
-1.23043e-09
-1.24868e-09
-1.27893e-09
-1.28821e-09
-1.30711e-09
-1.30288e-09
-1.30733e-09
-1.28759e-09
-1.27632e-09
-1.24048e-09
-1.21342e-09
-1.16174e-09
-1.11947e-09
-1.0527e-09
-9.96293e-10
-9.15425e-10
-8.46472e-10
-7.52368e-10
-6.73183e-10
-5.65756e-10
-4.8011e-10
-3.56945e-10
-2.72323e-10
-1.27527e-10
-5.10023e-11
1.13858e-10
2.35989e-10
2.61531e-10
-0.46054
-0.247652
-0.140634
-0.46054
-0.247652
-0.33675
-0.342184
-0.430409
-0.33675
-0.342184
0.126332
0.414208
0.308656
0.332784
0.126332
0.414208
0.308656
-0.111063
-0.33102
-0.33102
-0.314849
-0.315591
-0.314442
-0.322033
-0.314849
-0.315591
-0.314442
0.488675
0.430827
0.488675
-0.312738
-0.311189
-0.312738
-0.311189
0.430832
0.488676
0.430833
-0.311175
-0.312624
-0.311175
-0.312624
0.308673
0.332798
0.126368
0.414217
0.308673
0.332798
0.126369
-0.111
-0.111
-0.330833
-0.330833
-0.314298
-0.321854
-0.314654
-0.315446
-0.314298
-0.321854
-0.314654
-0.140564
-0.460361
-0.247577
-0.140564
-0.460361
-0.341989
-0.430206
-0.336556
-0.34199
-0.430204
-0.336556
-0.288669
-0.166644
-0.355422
-0.123086
-0.288669
-0.166643
-0.355422
-0.315812
-0.410393
-0.329269
-0.337906
-0.315813
-0.410392
-0.32927
0.104931
0.26487
0.109676
0.19453
0.104931
0.26487
0.109676
-0.414626
-0.431236
-0.403248
-0.453626
-0.404052
-0.453929
-0.41443
-0.311767
-0.323293
-0.318033
-0.31927
-0.311767
-0.323293
-0.318033
-0.103895
-0.317132
-0.322352
-0.316574
-0.32395
-0.316636
-0.323932
-0.317105
-0.310403
-0.313574
-0.313508
-0.310469
-0.308963
-0.308157
-0.308089
-0.309031
-0.31603
-0.314164
-0.312886
-0.319769
-0.312835
-0.320774
-0.315854
0.109712
0.194553
0.104971
0.264888
0.109712
0.194553
0.104971
-0.369784
-0.245286
-0.161931
-0.164223
-0.372783
-0.317794
-0.319069
-0.311495
-0.323103
-0.317794
-0.319069
-0.311495
-0.355282
-0.123022
-0.288548
-0.166565
-0.355283
-0.123022
-0.288548
-0.329071
-0.337749
-0.315628
-0.410198
-0.329072
-0.337748
-0.315629
-0.363774
-0.462094
-0.353354
-0.481738
-0.354335
-0.482942
-0.362936
-0.369902
-0.245361
-0.162007
-0.164298
-0.372901
-0.363775
-0.462094
-0.353356
-0.481738
-0.354336
-0.482941
-0.362938
-0.369901
-0.245361
-0.162007
-0.164298
-0.372901
-0.356213
-0.342197
-0.339978
-0.340145
-0.356422
-0.414625
-0.431235
-0.403248
-0.453625
-0.404052
-0.453929
-0.414429
-0.356213
-0.342197
-0.339978
-0.340145
-0.356422
0.327958
0.124938
0.26219
0.110615
0.261499
0.10875
0.329593
0.374861
0.327601
0.202807
0.43417
0.174218
0.438163
0.377453
0.327958
0.124938
0.26219
0.110615
0.261499
0.10875
0.329593
0.374861
0.327601
0.202807
0.43417
0.174218
0.438163
0.377453
-0.103895
-0.331022
-0.331022
-0.316166
-0.314306
-0.319933
-0.313
-0.32094
-0.312948
-0.315989
-0.317132
-0.322352
-0.316574
-0.32395
-0.316636
-0.323932
-0.317105
-0.316166
-0.314306
-0.319933
-0.313
-0.32094
-0.312948
-0.315989
0.529787
0.463113
0.466209
0.527767
0.567726
0.588107
0.589193
0.566334
0.529787
0.463113
0.466209
0.527767
0.567726
0.588107
0.589193
0.566334
-0.309009
-0.308172
-0.308104
-0.309076
-0.310403
-0.313574
-0.313508
-0.310469
-0.309009
-0.308172
-0.308104
-0.309076
0.567728
0.588108
0.589194
0.566336
0.529792
0.463121
0.466217
0.527772
0.567728
0.588108
0.589194
0.566336
0.529792
0.463121
0.466217
0.527772
-0.31033
-0.313473
-0.313408
-0.310395
-0.308963
-0.308157
-0.308089
-0.309031
-0.31033
-0.313473
-0.313408
-0.310395
0.374874
0.327618
0.434181
0.202832
0.438174
0.174243
0.377466
0.327975
0.124974
0.110647
0.262213
0.108782
0.261523
0.329611
0.374874
0.327618
0.43418
0.202832
0.438174
0.174243
0.377466
0.327975
0.124974
0.110647
0.262214
0.108782
0.261523
0.329611
-0.103832
-0.103832
-0.330834
-0.330834
-0.316977
-0.322173
-0.323771
-0.316406
-0.323753
-0.316469
-0.31695
-0.31603
-0.314164
-0.312886
-0.319769
-0.312835
-0.320773
-0.315854
-0.316977
-0.322173
-0.323771
-0.316406
-0.323753
-0.316469
-0.31695
-0.363628
-0.461915
-0.481553
-0.353215
-0.482756
-0.354195
-0.36279
-0.369783
-0.245286
-0.161931
-0.164223
-0.372782
-0.363629
-0.461915
-0.481553
-0.353216
-0.482756
-0.354197
-0.362791
-0.356018
-0.342002
-0.339786
-0.339953
-0.356227
-0.41442
-0.431032
-0.453415
-0.403047
-0.453719
-0.403851
-0.414224
-0.356017
-0.342003
-0.339786
-0.339953
-0.356227
-0.41442
-0.431031
-0.453414
-0.403048
-0.453718
-0.403851
-0.414225
-0.367493
-0.141512
-0.322992
-0.158649
-0.322872
-0.160713
-0.368329
0.327973
0.303191
0.370534
0.276063
0.327973
0.303191
0.370534
-0.318257
-0.318391
-0.324254
-0.320023
-0.318257
-0.318391
-0.324254
0.402931
0.331142
0.42004
0.320987
0.402931
0.331142
0.42004
0.530656
0.432065
0.504972
0.465888
0.506449
0.466969
0.529418
-0.318022
-0.314472
-0.319863
-0.315718
-0.318022
-0.314472
-0.319863
0.420041
0.320989
0.402934
0.331143
0.420041
0.32099
0.402935
0.552909
0.489764
0.562092
0.480262
0.563252
0.481383
0.551724
-0.319831
-0.315622
-0.317903
-0.314438
-0.319831
-0.315622
-0.317903
0.370541
0.276069
0.327982
0.303196
0.370541
0.276069
0.327982
-0.324072
-0.319795
-0.318002
-0.318228
-0.324072
-0.319795
-0.318001
-0.323271
-0.318864
-0.324249
-0.318908
-0.324414
-0.314829
-0.314742
-0.367492
-0.141512
-0.322992
-0.158649
-0.322872
-0.160713
-0.368329
-0.359025
-0.337046
-0.35003
-0.347169
-0.350486
-0.347332
-0.359059
-0.359024
-0.337046
-0.350031
-0.347169
-0.350486
-0.347332
-0.359059
0.552907
0.489763
0.480261
0.562091
0.481381
0.563251
0.551722
0.530656
0.432065
0.504972
0.465888
0.506449
0.466969
0.529418
0.552907
0.489763
0.480261
0.562091
0.481381
0.563251
0.551722
-0.310403
-0.312685
-0.311417
-0.312245
-0.311311
-0.312198
-0.310495
-0.309481
-0.311137
-0.311423
-0.30906
-0.311372
-0.308996
-0.309552
-0.310403
-0.312685
-0.311417
-0.312245
-0.311311
-0.312198
-0.310495
-0.309481
-0.311137
-0.311423
-0.30906
-0.311372
-0.308996
-0.309552
0.530659
0.43207
0.465891
0.504977
0.466972
0.506454
0.529421
0.552909
0.489764
0.562091
0.480263
0.563252
0.481383
0.551724
0.530659
0.432071
0.465892
0.504977
0.466972
0.506454
0.529422
-0.309441
-0.311123
-0.309046
-0.311376
-0.308983
-0.311325
-0.309512
-0.310335
-0.312571
-0.312171
-0.311329
-0.312124
-0.311223
-0.310427
-0.309441
-0.311123
-0.309046
-0.311376
-0.308983
-0.311325
-0.309512
-0.310335
-0.312571
-0.312171
-0.311329
-0.312124
-0.311223
-0.310427
-0.36737
-0.141442
-0.158577
-0.322884
-0.160641
-0.322764
-0.368206
-0.36737
-0.141442
-0.158577
-0.322884
-0.160641
-0.322764
-0.368206
-0.358829
-0.336853
-0.34697
-0.349838
-0.347132
-0.350294
-0.358864
-0.358829
-0.336853
-0.34697
-0.349838
-0.347133
-0.350294
-0.358864
0.104365
0.093421
0.211535
0.0892009
0.210803
0.156788
0.157348
0.104365
0.093421
0.211536
0.0892009
0.210804
0.156788
0.157348
-0.323461
-0.324441
-0.319047
-0.324606
-0.319091
-0.315019
-0.314932
-0.323461
-0.324441
-0.319047
-0.324606
-0.319091
-0.315019
-0.314932
0.104401
0.211564
0.093462
0.210832
0.0892419
0.156821
0.157381
0.104401
0.211564
0.093462
0.210832
0.089242
0.156821
0.157381
-0.323271
-0.318864
-0.324249
-0.318908
-0.324414
-0.314829
-0.314742
0.0609129
0.151135
0.0782338
0.103588
0.0609129
0.151135
0.0782337
-0.292456
-0.310748
-0.329983
-0.301234
-0.292456
-0.310748
-0.329983
0.251015
0.251323
0.284517
0.214218
0.251015
0.251323
0.284517
-0.316605
-0.322467
-0.327633
-0.321105
-0.316605
-0.322467
-0.327633
0.284529
0.214227
0.25103
0.251331
0.284529
0.214227
0.25103
-0.327309
-0.320777
-0.316256
-0.322173
-0.327309
-0.320777
-0.316256
0.0782761
0.103613
0.0609552
0.151161
0.0782761
0.103613
0.0609552
-0.329687
-0.301037
-0.29218
-0.310544
-0.329687
-0.301037
-0.29218
)
;

boundaryField
{
    inlet
    {
        type            zeroGradient;
    }
    outlet
    {
        type            fixedValue;
        value           uniform 0;
    }
    top
    {
        type            symmetryPlane;
    }
    bottom
    {
        type            symmetryPlane;
    }
    front
    {
        type            symmetryPlane;
    }
    back
    {
        type            symmetryPlane;
    }
    cylinder
    {
        type            zeroGradient;
    }
}


// ************************************************************************* //
