/*--------------------------------*- C++ -*----------------------------------*\
  =========                 |
  \\      /  F ield         | OpenFOAM: The Open Source CFD Toolbox
   \\    /   O peration     | Website:  https://openfoam.org
    \\  /    A nd           | Version:  11
     \\/     M anipulation  |
\*---------------------------------------------------------------------------*/
FoamFile
{
    format      ascii;
    class       volScalarField;
    location    "2.021538";
    object      p;
}
// * * * * * * * * * * * * * * * * * * * * * * * * * * * * * * * * * * * * * //

dimensions      [0 2 -2 0 0 0 0];

internalField   nonuniform List<scalar> 
7132
(
0.0520138
0.0505927
0.045799
0.0387884
0.0289805
0.0160763
-4.27271e-06
-0.019258
-0.0411453
-0.0646766
-0.0883472
-0.110139
-0.128696
-0.142754
-0.151315
-0.153956
-0.150786
-0.142543
-0.130473
-0.116053
-0.100695
-0.0855481
-0.0714144
-0.0587613
-0.0477872
-0.0384996
-0.0307874
-0.0244776
-0.0193741
-0.0152827
-0.0120249
-0.00944383
-0.00740647
-0.00580179
-0.00453873
-0.00354372
-0.00275861
-0.00213862
-0.00164982
-0.00126616
-0.000966777
-0.000734456
-0.000555113
-0.000417505
-0.000312751
-0.000233695
-0.000174467
-0.000130268
-9.72931e-05
-7.26375e-05
-5.41527e-05
-4.02755e-05
-2.98652e-05
-2.20756e-05
-1.62676e-05
-1.1953e-05
-8.7583e-06
-6.39864e-06
-4.65872e-06
-3.377e-06
-2.43335e-06
-1.73884e-06
-1.22796e-06
-8.52363e-07
-5.76511e-07
-3.74093e-07
-2.25785e-07
-1.17258e-07
-3.8042e-08
1.96486e-08
6.14575e-08
9.16131e-08
1.13147e-07
1.28367e-07
1.38895e-07
1.46e-07
1.50543e-07
1.53231e-07
1.54513e-07
1.54791e-07
1.54295e-07
1.5326e-07
1.51795e-07
1.50047e-07
1.4806e-07
1.4593e-07
1.43668e-07
1.41342e-07
1.38944e-07
1.36525e-07
1.3407e-07
1.3162e-07
1.29152e-07
1.26705e-07
1.24253e-07
1.21829e-07
1.19407e-07
1.17018e-07
1.14636e-07
1.12289e-07
1.09951e-07
1.0765e-07
1.05359e-07
1.03105e-07
1.00862e-07
9.86549e-08
9.64604e-08
9.42994e-08
9.21516e-08
9.00358e-08
8.79331e-08
8.58608e-08
8.38013e-08
8.17706e-08
7.97523e-08
7.7761e-08
7.57817e-08
7.38276e-08
7.18851e-08
6.9966e-08
6.80579e-08
6.61716e-08
6.42958e-08
6.244e-08
6.05942e-08
5.87668e-08
5.6949e-08
5.51479e-08
5.33559e-08
5.15792e-08
4.98111e-08
4.80567e-08
4.63106e-08
4.45768e-08
4.28508e-08
4.11358e-08
3.94281e-08
3.77303e-08
3.60393e-08
3.4357e-08
3.2681e-08
3.10126e-08
2.93501e-08
2.76942e-08
2.60435e-08
2.43987e-08
2.27581e-08
2.11232e-08
1.94905e-08
1.78648e-08
1.62377e-08
1.46222e-08
1.29928e-08
1.14065e-08
9.72884e-09
8.24496e-09
6.39673e-09
5.33165e-09
2.65889e-09
2.54841e-09
0.0525804
0.0511707
0.0464175
0.0394487
0.0296731
0.0167636
0.000614184
-0.0188113
-0.0409741
-0.0648823
-0.0889585
-0.111069
-0.129883
-0.144123
-0.152762
-0.15537
-0.152045
-0.143547
-0.131166
-0.116434
-0.100806
-0.0854531
-0.0711822
-0.0584529
-0.04745
-0.0381665
-0.0304787
-0.0242039
-0.0191391
-0.0150856
-0.0118624
-0.00931182
-0.00730023
-0.00571691
-0.00447125
-0.00349021
-0.00271621
-0.002105
-0.00162314
-0.00124499
-0.000950011
-0.000721217
-0.000544691
-0.000409325
-0.000306351
-0.000228717
-0.000170628
-0.000127339
-9.50829e-05
-7.09825e-05
-5.29187e-05
-3.93571e-05
-2.91827e-05
-2.15693e-05
-1.58928e-05
-1.16759e-05
-8.55338e-06
-6.24693e-06
-4.54628e-06
-3.29363e-06
-2.3716e-06
-1.6932e-06
-1.19431e-06
-8.27607e-07
-5.5832e-07
-3.60727e-07
-2.15965e-07
-1.10039e-07
-3.27363e-08
2.35494e-08
6.43224e-08
9.37186e-08
1.14692e-07
1.29503e-07
1.39728e-07
1.46612e-07
1.50991e-07
1.5356e-07
1.54753e-07
1.54968e-07
1.54423e-07
1.53354e-07
1.51862e-07
1.50096e-07
1.48094e-07
1.45955e-07
1.43684e-07
1.41354e-07
1.3895e-07
1.3653e-07
1.34071e-07
1.3162e-07
1.29151e-07
1.26704e-07
1.2425e-07
1.21826e-07
1.19404e-07
1.17015e-07
1.14632e-07
1.12285e-07
1.09948e-07
1.07646e-07
1.05356e-07
1.03101e-07
1.00859e-07
9.86517e-08
9.64569e-08
9.42963e-08
9.21482e-08
9.00328e-08
8.79298e-08
8.58579e-08
8.37982e-08
8.17679e-08
7.97494e-08
7.77584e-08
7.5779e-08
7.38252e-08
7.18825e-08
6.99637e-08
6.80555e-08
6.61694e-08
6.42935e-08
6.24379e-08
6.05922e-08
5.87649e-08
5.69471e-08
5.51461e-08
5.33541e-08
5.15775e-08
4.98094e-08
4.80551e-08
4.6309e-08
4.45753e-08
4.28493e-08
4.11344e-08
3.94268e-08
3.7729e-08
3.60381e-08
3.43558e-08
3.26799e-08
3.10116e-08
2.93492e-08
2.76932e-08
2.60427e-08
2.43978e-08
2.27573e-08
2.11224e-08
1.94898e-08
1.7864e-08
1.6237e-08
1.46215e-08
1.29922e-08
1.1406e-08
9.72806e-09
8.24494e-09
6.39438e-09
5.33434e-09
2.64413e-09
2.57747e-09
0.0537085
0.0523233
0.0476529
0.0407727
0.0310674
0.0181538
0.00187272
-0.0178959
-0.0406156
-0.0652957
-0.0902011
-0.112952
-0.132285
-0.146894
-0.155693
-0.158234
-0.154594
-0.145575
-0.132562
-0.117195
-0.10102
-0.0852523
-0.0707067
-0.0578264
-0.0467682
-0.0374954
-0.0298587
-0.0236554
-0.0186688
-0.0146918
-0.0115384
-0.00904867
-0.00708871
-0.00554816
-0.00433732
-0.00338421
-0.00263236
-0.00203856
-0.00157038
-0.00120303
-0.000916669
-0.000694812
-0.000523887
-0.000393031
-0.000293677
-0.00021894
-0.000163159
-0.000121691
-9.08454e-05
-6.78158e-05
-5.05517e-05
-3.75841e-05
-2.7853e-05
-2.05731e-05
-1.51486e-05
-1.11219e-05
-8.14236e-06
-5.9427e-06
-4.32141e-06
-3.12753e-06
-2.24898e-06
-1.60273e-06
-1.12762e-06
-7.78493e-07
-5.22182e-07
-3.34154e-07
-1.96434e-07
-9.56853e-08
-2.21892e-08
3.12995e-08
7.00162e-08
9.79018e-08
1.17765e-07
1.3176e-07
1.41385e-07
1.4783e-07
1.51885e-07
1.54217e-07
1.55235e-07
1.55322e-07
1.54683e-07
1.53545e-07
1.52002e-07
1.50199e-07
1.4817e-07
1.46011e-07
1.43725e-07
1.41384e-07
1.38972e-07
1.36546e-07
1.34083e-07
1.31629e-07
1.29158e-07
1.26709e-07
1.24254e-07
1.21829e-07
1.19406e-07
1.17017e-07
1.14633e-07
1.12286e-07
1.09948e-07
1.07647e-07
1.05356e-07
1.03102e-07
1.00859e-07
9.86522e-08
9.64572e-08
9.42967e-08
9.21485e-08
9.00332e-08
8.79301e-08
8.58583e-08
8.37985e-08
8.17682e-08
7.97497e-08
7.77588e-08
7.57793e-08
7.38255e-08
7.18828e-08
6.9964e-08
6.80558e-08
6.61697e-08
6.42939e-08
6.24383e-08
6.05925e-08
5.87652e-08
5.69474e-08
5.51464e-08
5.33544e-08
5.15778e-08
4.98097e-08
4.80555e-08
4.63093e-08
4.45756e-08
4.28497e-08
4.11347e-08
3.94271e-08
3.77293e-08
3.60384e-08
3.43561e-08
3.26802e-08
3.10118e-08
2.93495e-08
2.76935e-08
2.6043e-08
2.43981e-08
2.27576e-08
2.11226e-08
1.94901e-08
1.78643e-08
1.62373e-08
1.46217e-08
1.29923e-08
1.14064e-08
9.72756e-09
8.2462e-09
6.3907e-09
5.34061e-09
2.61967e-09
2.62134e-09
0.0553887
0.0540425
0.0495034
0.0427668
0.0331815
0.0202786
0.00381412
-0.0164685
-0.04004
-0.0659265
-0.0921231
-0.115842
-0.135965
-0.15114
-0.160188
-0.162629
-0.158503
-0.148672
-0.134672
-0.118325
-0.101311
-0.0849138
-0.0699579
-0.0568575
-0.0457242
-0.0364748
-0.0289206
-0.0228289
-0.0179627
-0.014102
-0.0110542
-0.00865635
-0.00677383
-0.00529722
-0.00413828
-0.00322673
-0.00250776
-0.0019398
-0.00149189
-0.00114056
-0.000866995
-0.000655453
-0.000492869
-0.000368742
-0.000274796
-0.000204391
-0.000152062
-0.000113314
-8.45723e-05
-6.31345e-05
-4.70555e-05
-3.49656e-05
-2.58883e-05
-1.90996e-05
-1.40458e-05
-1.02991e-05
-7.53018e-06
-5.48841e-06
-3.98497e-06
-2.87876e-06
-2.06528e-06
-1.46724e-06
-1.02779e-06
-7.05008e-07
-4.68129e-07
-2.94413e-07
-1.67225e-07
-7.42214e-08
-6.42055e-09
4.28828e-08
7.85226e-08
1.04148e-07
1.2235e-07
1.35126e-07
1.43855e-07
1.49642e-07
1.53213e-07
1.55191e-07
1.55948e-07
1.55845e-07
1.55065e-07
1.53824e-07
1.52206e-07
1.50348e-07
1.48277e-07
1.46089e-07
1.43781e-07
1.41424e-07
1.39001e-07
1.36567e-07
1.34097e-07
1.31639e-07
1.29164e-07
1.26713e-07
1.24256e-07
1.21831e-07
1.19406e-07
1.17017e-07
1.14633e-07
1.12286e-07
1.09947e-07
1.07646e-07
1.05355e-07
1.03101e-07
1.00858e-07
9.86515e-08
9.64564e-08
9.42961e-08
9.21478e-08
9.00327e-08
8.79295e-08
8.58579e-08
8.3798e-08
8.17679e-08
7.97493e-08
7.77586e-08
7.5779e-08
7.38254e-08
7.18826e-08
6.99639e-08
6.80557e-08
6.61697e-08
6.42938e-08
6.24383e-08
6.05924e-08
5.87653e-08
5.69474e-08
5.51465e-08
5.33545e-08
5.15779e-08
4.98097e-08
4.80555e-08
4.63094e-08
4.45757e-08
4.28497e-08
4.11348e-08
3.94272e-08
3.77294e-08
3.60385e-08
3.43561e-08
3.26803e-08
3.10118e-08
2.93495e-08
2.76935e-08
2.6043e-08
2.43981e-08
2.27576e-08
2.11226e-08
1.949e-08
1.78642e-08
1.62371e-08
1.46216e-08
1.2992e-08
1.14064e-08
9.72638e-09
8.24725e-09
6.38563e-09
5.34781e-09
2.59321e-09
2.66901e-09
0.0576057
0.0563154
0.0519644
0.0454397
0.0360423
0.0231863
0.00650631
-0.0144581
-0.039195
-0.0667878
-0.094798
-0.119821
-0.141014
-0.156966
-0.166361
-0.168674
-0.163874
-0.152909
-0.137531
-0.119821
-0.101651
-0.084401
-0.0688992
-0.0555155
-0.0442953
-0.0350899
-0.0276561
-0.0217209
-0.0170202
-0.0133179
-0.0104124
-0.00813748
-0.00635821
-0.00496652
-0.00387632
-0.00301967
-0.00234407
-0.00181012
-0.00138888
-0.00105861
-0.000801861
-0.000603867
-0.000452245
-0.000336969
-0.000250146
-0.000185451
-0.000137669
-0.000102492
-7.64961e-05
-5.71197e-05
-4.25634e-05
-3.15955e-05
-2.33533e-05
-1.71936e-05
-1.26168e-05
-9.23172e-06
-6.73593e-06
-4.89925e-06
-3.54901e-06
-2.55672e-06
-1.82767e-06
-1.29207e-06
-8.98766e-07
-6.1003e-07
-3.98255e-07
-2.43031e-07
-1.29456e-07
-4.64653e-08
1.39728e-08
5.78648e-08
8.9527e-08
1.12231e-07
1.28285e-07
1.39484e-07
1.47054e-07
1.5199e-07
1.54937e-07
1.56456e-07
1.56876e-07
1.56526e-07
1.55564e-07
1.5419e-07
1.52474e-07
1.50545e-07
1.48421e-07
1.46195e-07
1.43859e-07
1.41481e-07
1.39042e-07
1.36597e-07
1.3412e-07
1.31656e-07
1.29176e-07
1.26722e-07
1.24263e-07
1.21836e-07
1.1941e-07
1.1702e-07
1.14635e-07
1.12288e-07
1.09949e-07
1.07648e-07
1.05356e-07
1.03102e-07
1.00859e-07
9.86525e-08
9.64572e-08
9.42971e-08
9.21485e-08
9.00336e-08
8.79302e-08
8.58588e-08
8.37988e-08
8.17687e-08
7.975e-08
7.77593e-08
7.57796e-08
7.38261e-08
7.18832e-08
6.99646e-08
6.80563e-08
6.61704e-08
6.42944e-08
6.24389e-08
6.0593e-08
5.87659e-08
5.69479e-08
5.5147e-08
5.3355e-08
5.15784e-08
4.98102e-08
4.8056e-08
4.63098e-08
4.45761e-08
4.28501e-08
4.11352e-08
3.94276e-08
3.77298e-08
3.60389e-08
3.43565e-08
3.26806e-08
3.10122e-08
2.93498e-08
2.76938e-08
2.60433e-08
2.43984e-08
2.27579e-08
2.11229e-08
1.94903e-08
1.78645e-08
1.62373e-08
1.46219e-08
1.29919e-08
1.14068e-08
9.72536e-09
8.24877e-09
6.38068e-09
5.35551e-09
2.56977e-09
2.71073e-09
0.0603374
0.0591233
0.0550282
0.0488011
0.0396844
0.0269427
0.0100436
-0.0117637
-0.0380063
-0.0679056
-0.0983406
-0.125002
-0.147558
-0.164527
-0.174388
-0.176549
-0.170856
-0.158373
-0.141157
-0.121649
-0.101981
-0.0836454
-0.0674687
-0.0537513
-0.0424467
-0.0333187
-0.0260532
-0.0203265
-0.0158412
-0.0123417
-0.0096167
-0.00749629
-0.00584591
-0.00455965
-0.00355442
-0.0027654
-0.00214311
-0.00165092
-0.00126241
-0.000957981
-0.000721879
-0.000540531
-0.000402379
-0.000297985
-0.00021993
-0.000162275
-0.000120103
-8.93274e-05
-6.67016e-05
-4.98394e-05
-3.7127e-05
-2.75133e-05
-2.02783e-05
-1.48793e-05
-1.08808e-05
-7.93478e-06
-5.77077e-06
-4.18334e-06
-3.01931e-06
-2.16552e-06
-1.53913e-06
-1.07945e-06
-7.42214e-07
-4.94833e-07
-3.13535e-07
-1.8075e-07
-8.36846e-08
-1.28347e-08
3.86778e-08
7.6011e-08
1.02853e-07
1.22016e-07
1.35469e-07
1.44757e-07
1.50924e-07
1.54831e-07
1.57021e-07
1.57984e-07
1.57997e-07
1.57347e-07
1.56165e-07
1.54631e-07
1.52797e-07
1.50781e-07
1.48593e-07
1.46321e-07
1.4395e-07
1.41548e-07
1.3909e-07
1.36633e-07
1.34145e-07
1.31674e-07
1.29189e-07
1.26732e-07
1.24269e-07
1.2184e-07
1.19413e-07
1.17022e-07
1.14636e-07
1.12289e-07
1.09949e-07
1.07648e-07
1.05356e-07
1.03103e-07
1.00859e-07
9.86527e-08
9.64572e-08
9.42972e-08
9.21485e-08
9.00338e-08
8.79303e-08
8.5859e-08
8.37989e-08
8.1769e-08
7.97501e-08
7.77596e-08
7.57798e-08
7.38264e-08
7.18834e-08
6.99649e-08
6.80565e-08
6.61706e-08
6.42946e-08
6.24392e-08
6.05932e-08
5.87661e-08
5.69481e-08
5.51473e-08
5.33552e-08
5.15786e-08
4.98104e-08
4.80562e-08
4.631e-08
4.45763e-08
4.28503e-08
4.11354e-08
3.94278e-08
3.77299e-08
3.6039e-08
3.43566e-08
3.26808e-08
3.10123e-08
2.93499e-08
2.76939e-08
2.60434e-08
2.43984e-08
2.27579e-08
2.11229e-08
1.94903e-08
1.78645e-08
1.62372e-08
1.46219e-08
1.29915e-08
1.1407e-08
9.72407e-09
8.25004e-09
6.37583e-09
5.36241e-09
2.55077e-09
2.74381e-09
0.0635538
0.0624404
0.0586819
0.0528602
0.0441497
0.0316327
0.0145534
-0.008242
-0.0363637
-0.0693191
-0.102915
-0.131537
-0.155762
-0.174006
-0.184475
-0.18648
-0.179663
-0.165219
-0.14562
-0.123805
-0.102247
-0.0825764
-0.0655982
-0.0515102
-0.0401399
-0.0311372
-0.0240994
-0.0186411
-0.0144261
-0.0111767
-0.00867142
-0.00673747
-0.00524144
-0.0040807
-0.00317613
-0.00246697
-0.00190745
-0.00146438
-0.00111435
-0.000840288
-0.00062843
-0.00046661
-0.000344245
-0.000252601
-0.000184828
-0.000135439
-9.98542e-05
-7.42327e-05
-5.55258e-05
-4.1555e-05
-3.09403e-05
-2.28559e-05
-1.67597e-05
-1.22253e-05
-8.88797e-06
-6.44584e-06
-4.66321e-06
-3.3624e-06
-2.41244e-06
-1.71769e-06
-1.20905e-06
-8.36348e-07
-5.6327e-07
-3.63181e-07
-2.16718e-07
-1.09575e-07
-3.13765e-08
2.56004e-08
6.69138e-08
9.6752e-08
1.18086e-07
1.33203e-07
1.43683e-07
1.50789e-07
1.55352e-07
1.58081e-07
1.59406e-07
1.59735e-07
1.59281e-07
1.58289e-07
1.56856e-07
1.55138e-07
1.53168e-07
1.51053e-07
1.48793e-07
1.46467e-07
1.44057e-07
1.41626e-07
1.39148e-07
1.36675e-07
1.34176e-07
1.31697e-07
1.29206e-07
1.26744e-07
1.24279e-07
1.21848e-07
1.19418e-07
1.17027e-07
1.1464e-07
1.12292e-07
1.09952e-07
1.0765e-07
1.05358e-07
1.03104e-07
1.00861e-07
9.86542e-08
9.64585e-08
9.42987e-08
9.21498e-08
9.00351e-08
8.79315e-08
8.58603e-08
8.38e-08
8.17702e-08
7.97512e-08
7.77607e-08
7.57809e-08
7.38275e-08
7.18844e-08
6.9966e-08
6.80575e-08
6.61716e-08
6.42955e-08
6.24401e-08
6.05941e-08
5.8767e-08
5.69489e-08
5.51481e-08
5.3356e-08
5.15794e-08
4.98112e-08
4.80569e-08
4.63107e-08
4.4577e-08
4.28509e-08
4.1136e-08
3.94283e-08
3.77305e-08
3.60395e-08
3.43571e-08
3.26813e-08
3.10128e-08
2.93504e-08
2.76943e-08
2.60438e-08
2.43988e-08
2.27583e-08
2.11232e-08
1.94906e-08
1.78647e-08
1.62374e-08
1.46221e-08
1.29914e-08
1.14073e-08
9.72306e-09
8.25143e-09
6.37178e-09
5.36856e-09
2.53647e-09
2.76855e-09
0.067215
0.0662313
0.0629051
0.0576226
0.0494841
0.0373594
0.0201973
-0.00370131
-0.0341166
-0.071101
-0.10876
-0.139614
-0.165822
-0.185662
-0.196928
-0.198779
-0.190532
-0.173569
-0.150925
-0.12621
-0.102333
-0.0810766
-0.0631883
-0.0487178
-0.0373255
-0.0285167
-0.0217812
-0.0166614
-0.0127776
-0.00982887
-0.00758405
-0.00586854
-0.00455167
-0.00353551
-0.00274623
-0.00212811
-0.00163998
-0.00125268
-0.00094633
-0.000706765
-0.000522427
-0.000382806
-0.000278374
-0.000201213
-0.000145142
-0.000105188
-7.71361e-05
-5.73972e-05
-4.31298e-05
-3.23935e-05
-2.40944e-05
-1.7687e-05
-1.28426e-05
-9.26586e-06
-6.66537e-06
-4.78638e-06
-3.43002e-06
-2.44929e-06
-1.73808e-06
-1.2205e-06
-8.42852e-07
-5.66813e-07
-3.64978e-07
-2.17362e-07
-1.09525e-07
-3.07995e-08
2.65014e-08
6.81172e-08
9.81415e-08
1.19686e-07
1.34927e-07
1.45568e-07
1.52761e-07
1.57453e-07
1.60243e-07
1.61671e-07
1.62039e-07
1.61667e-07
1.60697e-07
1.59328e-07
1.57617e-07
1.55696e-07
1.53576e-07
1.51352e-07
1.49012e-07
1.46627e-07
1.44174e-07
1.41712e-07
1.3921e-07
1.36721e-07
1.34209e-07
1.31722e-07
1.29224e-07
1.26757e-07
1.24288e-07
1.21855e-07
1.19424e-07
1.17031e-07
1.14643e-07
1.12295e-07
1.09954e-07
1.07652e-07
1.0536e-07
1.03106e-07
1.00862e-07
9.86554e-08
9.64595e-08
9.42997e-08
9.21507e-08
9.00361e-08
8.79324e-08
8.58612e-08
8.38009e-08
8.17711e-08
7.97521e-08
7.77616e-08
7.57817e-08
7.38283e-08
7.18852e-08
6.99668e-08
6.80582e-08
6.61724e-08
6.42962e-08
6.24409e-08
6.05948e-08
5.87677e-08
5.69496e-08
5.51488e-08
5.33566e-08
5.158e-08
4.98117e-08
4.80575e-08
4.63112e-08
4.45775e-08
4.28514e-08
4.11364e-08
3.94288e-08
3.77309e-08
3.60399e-08
3.43575e-08
3.26816e-08
3.10131e-08
2.93507e-08
2.76946e-08
2.6044e-08
2.4399e-08
2.27585e-08
2.11234e-08
1.94907e-08
1.78649e-08
1.62374e-08
1.46222e-08
1.29912e-08
1.14076e-08
9.72203e-09
8.25256e-09
6.36829e-09
5.37355e-09
2.52584e-09
2.78651e-09
0.0712702
0.0704499
0.0676672
0.0630877
0.0557361
0.0442475
0.0271847
0.00212612
-0.0310457
-0.0733607
-0.116221
-0.149486
-0.177974
-0.199749
-0.212067
-0.213865
-0.203893
-0.183736
-0.157209
-0.128853
-0.102145
-0.0790245
-0.0601289
-0.0452911
-0.0339485
-0.0254257
-0.0190839
-0.0143837
-0.0108983
-0.00830411
-0.00636156
-0.00489655
-0.00378315
-0.00292992
-0.00226974
-0.00175311
-0.00134432
-0.00101892
-0.000761034
-0.000559737
-0.000405979
-0.000290813
-0.000206139
-0.000144948
-0.000101807
-7.23094e-05
-5.26189e-05
-3.93862e-05
-2.99721e-05
-2.27043e-05
-1.68397e-05
-1.2179e-05
-8.64619e-06
-6.08617e-06
-4.27621e-06
-3.00401e-06
-2.10716e-06
-1.47107e-06
-1.01654e-06
-6.89097e-07
-4.51781e-07
-2.7913e-07
-1.53414e-07
-6.18202e-08
4.79928e-09
5.32112e-08
8.82239e-08
1.13458e-07
1.31445e-07
1.44145e-07
1.52888e-07
1.58758e-07
1.62444e-07
1.64562e-07
1.65461e-07
1.65501e-07
1.6485e-07
1.6373e-07
1.62211e-07
1.60439e-07
1.58432e-07
1.56293e-07
1.54014e-07
1.51673e-07
1.49247e-07
1.468e-07
1.443e-07
1.41805e-07
1.39278e-07
1.36771e-07
1.34246e-07
1.31749e-07
1.29244e-07
1.26773e-07
1.243e-07
1.21864e-07
1.19431e-07
1.17036e-07
1.14647e-07
1.12299e-07
1.09957e-07
1.07655e-07
1.05362e-07
1.03108e-07
1.00864e-07
9.86576e-08
9.64615e-08
9.43018e-08
9.21526e-08
9.0038e-08
8.79342e-08
8.5863e-08
8.38025e-08
8.17728e-08
7.97536e-08
7.77632e-08
7.57831e-08
7.38298e-08
7.18866e-08
6.99681e-08
6.80595e-08
6.61737e-08
6.42974e-08
6.24421e-08
6.05959e-08
5.87688e-08
5.69506e-08
5.51498e-08
5.33575e-08
5.1581e-08
4.98126e-08
4.80583e-08
4.6312e-08
4.45783e-08
4.28521e-08
4.11371e-08
3.94294e-08
3.77315e-08
3.60405e-08
3.4358e-08
3.26821e-08
3.10136e-08
2.93512e-08
2.7695e-08
2.60445e-08
2.43994e-08
2.27589e-08
2.11238e-08
1.9491e-08
1.78652e-08
1.62376e-08
1.46224e-08
1.29911e-08
1.14079e-08
9.72127e-09
8.25366e-09
6.36558e-09
5.37767e-09
2.51821e-09
2.79947e-09
0.0756546
0.075036
0.072923
0.0692412
0.0629478
0.0524341
0.0357662
0.00959192
-0.0268587
-0.076307
-0.125779
-0.161406
-0.192501
-0.216698
-0.230387
-0.232192
-0.220062
-0.195855
-0.164428
-0.131578
-0.101485
-0.0762385
-0.056278
-0.0411326
-0.0299508
-0.0218357
-0.0159992
-0.0118118
-0.00879878
-0.00661539
-0.00501721
-0.00383366
-0.00294631
-0.00227245
-0.00175337
-0.0013471
-0.00102433
-0.000765977
-0.000560583
-0.000400771
-0.000280006
-0.000191476
-0.000128143
-8.42453e-05
-5.51634e-05
-3.70984e-05
-2.65848e-05
-2.04705e-05
-1.62917e-05
-1.26726e-05
-9.30225e-06
-6.4122e-06
-4.22424e-06
-2.72716e-06
-1.754e-06
-1.12603e-06
-7.16142e-07
-4.443e-07
-2.60398e-07
-1.32944e-07
-4.29173e-08
2.14028e-08
6.74592e-08
1.0048e-07
1.24037e-07
1.40798e-07
1.52552e-07
1.607e-07
1.66135e-07
1.69617e-07
1.7159e-07
1.72488e-07
1.72524e-07
1.71961e-07
1.70891e-07
1.69486e-07
1.67774e-07
1.65875e-07
1.63784e-07
1.61593e-07
1.59277e-07
1.56914e-07
1.54468e-07
1.52006e-07
1.49491e-07
1.46979e-07
1.44431e-07
1.41901e-07
1.39349e-07
1.36823e-07
1.34284e-07
1.31777e-07
1.29265e-07
1.26789e-07
1.24311e-07
1.21873e-07
1.19437e-07
1.17042e-07
1.14652e-07
1.12302e-07
1.0996e-07
1.07658e-07
1.05365e-07
1.03111e-07
1.00866e-07
9.86597e-08
9.64635e-08
9.43037e-08
9.21544e-08
9.00399e-08
8.79359e-08
8.58648e-08
8.38041e-08
8.17745e-08
7.97552e-08
7.77648e-08
7.57846e-08
7.38313e-08
7.18879e-08
6.99695e-08
6.80608e-08
6.6175e-08
6.42986e-08
6.24433e-08
6.0597e-08
5.877e-08
5.69517e-08
5.51509e-08
5.33585e-08
5.15819e-08
4.98135e-08
4.80592e-08
4.63128e-08
4.45791e-08
4.28529e-08
4.11379e-08
3.94301e-08
3.77322e-08
3.60411e-08
3.43586e-08
3.26827e-08
3.10141e-08
2.93516e-08
2.76955e-08
2.60449e-08
2.43998e-08
2.27592e-08
2.11241e-08
1.94913e-08
1.78654e-08
1.62377e-08
1.46226e-08
1.2991e-08
1.14082e-08
9.72059e-09
8.25455e-09
6.36341e-09
5.38088e-09
2.51266e-09
2.80873e-09
0.0802888
0.079914
0.0786092
0.0760526
0.0711521
0.0620787
0.0462636
0.0192048
-0.0211138
-0.0802342
-0.138222
-0.175804
-0.209611
-0.236725
-0.252398
-0.254637
-0.239944
-0.210546
-0.172817
-0.134332
-0.100167
-0.0725136
-0.0514678
-0.0361272
-0.0252639
-0.0177123
-0.0125147
-0.00894612
-0.00648582
-0.00477243
-0.00356132
-0.0026897
-0.00205002
-0.00157081
-0.00120376
-0.00091576
-0.000684879
-0.000498063
-0.000348663
-0.000233044
-0.000147482
-8.69852e-05
-4.62142e-05
-2.05785e-05
-6.41459e-06
-5.72317e-07
8.61796e-08
-1.40266e-06
-2.69696e-06
-2.74783e-06
-1.78585e-06
-5.82289e-07
2.93398e-07
7.17655e-07
8.29983e-07
7.92935e-07
7.0183e-07
6.00304e-07
5.0758e-07
4.3114e-07
3.7138e-07
3.25743e-07
2.91042e-07
2.64728e-07
2.44684e-07
2.2941e-07
2.1763e-07
2.08491e-07
2.01229e-07
1.95386e-07
1.90511e-07
1.86379e-07
1.82722e-07
1.79447e-07
1.76386e-07
1.73519e-07
1.70733e-07
1.68046e-07
1.65377e-07
1.62761e-07
1.60134e-07
1.57542e-07
1.54929e-07
1.52344e-07
1.49738e-07
1.4716e-07
1.44565e-07
1.41999e-07
1.39421e-07
1.36876e-07
1.34323e-07
1.31807e-07
1.29287e-07
1.26805e-07
1.24324e-07
1.21883e-07
1.19445e-07
1.17049e-07
1.14657e-07
1.12307e-07
1.09964e-07
1.07662e-07
1.05368e-07
1.03114e-07
1.00869e-07
9.86626e-08
9.64661e-08
9.43064e-08
9.21569e-08
9.00423e-08
8.79382e-08
8.58671e-08
8.38063e-08
8.17766e-08
7.97572e-08
7.77668e-08
7.57864e-08
7.38331e-08
7.18897e-08
6.99712e-08
6.80624e-08
6.61766e-08
6.43001e-08
6.24448e-08
6.05984e-08
5.87714e-08
5.6953e-08
5.51521e-08
5.33597e-08
5.15831e-08
4.98146e-08
4.80603e-08
4.63138e-08
4.458e-08
4.28538e-08
4.11387e-08
3.94309e-08
3.77329e-08
3.60418e-08
3.43593e-08
3.26833e-08
3.10147e-08
2.93522e-08
2.7696e-08
2.60454e-08
2.44003e-08
2.27597e-08
2.11245e-08
1.94917e-08
1.78657e-08
1.62379e-08
1.46229e-08
1.29909e-08
1.14085e-08
9.72011e-09
8.25537e-09
6.3618e-09
5.38345e-09
2.50873e-09
2.81541e-09
0.0850763
0.0849887
0.0846378
0.0834571
0.0803508
0.0733194
0.0590286
0.0316084
-0.013278
-0.0857545
-0.154365
-0.192902
-0.229858
-0.260606
-0.278712
-0.281646
-0.263862
-0.227939
-0.182264
-0.136849
-0.0978892
-0.0675908
-0.0455141
-0.0301636
-0.0198336
-0.0130402
-0.00863826
-0.00580643
-0.00398357
-0.00279922
-0.00201548
-0.00148287
-0.0011089
-0.000836379
-0.000629458
-0.000465395
-0.000330582
-0.000218545
-0.000127733
-5.8346e-05
-9.45361e-06
2.17769e-05
3.90752e-05
4.56723e-05
4.41453e-05
3.69739e-05
2.70549e-05
1.74496e-05
1.04736e-05
6.81599e-06
5.55129e-06
5.22247e-06
4.85121e-06
4.203e-06
3.43548e-06
2.71937e-06
2.12084e-06
1.64338e-06
1.273e-06
9.92453e-07
7.83165e-07
6.27989e-07
5.12942e-07
4.27646e-07
3.64295e-07
3.17224e-07
2.82098e-07
2.55819e-07
2.35974e-07
2.20893e-07
2.09235e-07
2.00124e-07
1.9281e-07
1.86851e-07
1.81819e-07
1.77506e-07
1.73658e-07
1.70192e-07
1.6695e-07
1.63915e-07
1.6098e-07
1.58162e-07
1.55384e-07
1.52678e-07
1.49983e-07
1.4734e-07
1.44696e-07
1.42096e-07
1.39492e-07
1.36929e-07
1.34362e-07
1.31836e-07
1.29308e-07
1.26822e-07
1.24337e-07
1.21893e-07
1.19453e-07
1.17055e-07
1.14663e-07
1.12312e-07
1.09968e-07
1.07666e-07
1.05371e-07
1.03117e-07
1.00872e-07
9.86655e-08
9.64689e-08
9.43091e-08
9.21595e-08
9.00449e-08
8.79407e-08
8.58695e-08
8.38086e-08
8.17789e-08
7.97594e-08
7.77689e-08
7.57885e-08
7.38352e-08
7.18916e-08
6.99732e-08
6.80642e-08
6.61784e-08
6.43019e-08
6.24465e-08
6.06001e-08
5.87729e-08
5.69545e-08
5.51536e-08
5.33611e-08
5.15844e-08
4.98158e-08
4.80615e-08
4.63149e-08
4.45811e-08
4.28548e-08
4.11397e-08
3.94318e-08
3.77338e-08
3.60427e-08
3.43601e-08
3.26841e-08
3.10154e-08
2.93529e-08
2.76966e-08
2.6046e-08
2.44008e-08
2.27602e-08
2.11249e-08
1.9492e-08
1.78661e-08
1.62382e-08
1.46232e-08
1.2991e-08
1.14089e-08
9.71976e-09
8.25605e-09
6.36059e-09
5.38542e-09
2.50591e-09
2.82019e-09
0.0899033
0.0901463
0.0908924
0.0913606
0.0905099
0.0863208
0.0745257
0.0478489
-0.00240614
-0.0938116
-0.176564
-0.213147
-0.252558
-0.288226
-0.310606
-0.315407
-0.2938
-0.249222
-0.193102
-0.138936
-0.0942771
-0.0611267
-0.038173
-0.0230961
-0.0135862
-0.00779056
-0.00436619
-0.00240132
-0.00130568
-0.000710686
-0.000393996
-0.000226114
-0.000134295
-7.89472e-05
-3.89217e-05
-3.33383e-06
3.21496e-05
6.69192e-05
9.72342e-05
0.00011902
0.000130351
0.000131856
0.000125413
0.000112684
9.50323e-05
7.42657e-05
5.31832e-05
3.50895e-05
2.24182e-05
1.54523e-05
1.23624e-05
1.08045e-05
9.32522e-06
7.63473e-06
5.98556e-06
4.59305e-06
3.49625e-06
2.65248e-06
2.01223e-06
1.53377e-06
1.17992e-06
9.19067e-07
7.26575e-07
5.84453e-07
4.79396e-07
4.01715e-07
3.44122e-07
3.01352e-07
2.694e-07
2.45432e-07
2.27249e-07
2.13348e-07
2.02516e-07
1.93975e-07
1.87047e-07
1.81342e-07
1.76473e-07
1.72257e-07
1.68465e-07
1.65026e-07
1.61795e-07
1.58759e-07
1.55821e-07
1.52999e-07
1.50218e-07
1.47513e-07
1.44823e-07
1.4219e-07
1.39561e-07
1.3698e-07
1.344e-07
1.31864e-07
1.2933e-07
1.26839e-07
1.2435e-07
1.21904e-07
1.19462e-07
1.17062e-07
1.14669e-07
1.12317e-07
1.09973e-07
1.0767e-07
1.05375e-07
1.03121e-07
1.00876e-07
9.8669e-08
9.64722e-08
9.43123e-08
9.21626e-08
9.00479e-08
8.79435e-08
8.58723e-08
8.38113e-08
8.17815e-08
7.97619e-08
7.77714e-08
7.57908e-08
7.38374e-08
7.18938e-08
6.99752e-08
6.80662e-08
6.61803e-08
6.43037e-08
6.24482e-08
6.06017e-08
5.87746e-08
5.69561e-08
5.51551e-08
5.33625e-08
5.15857e-08
4.98171e-08
4.80627e-08
4.63161e-08
4.45822e-08
4.28558e-08
4.11407e-08
3.94328e-08
3.77347e-08
3.60435e-08
3.43609e-08
3.26848e-08
3.10161e-08
2.93535e-08
2.76973e-08
2.60466e-08
2.44014e-08
2.27607e-08
2.11254e-08
1.94925e-08
1.78665e-08
1.62385e-08
1.46235e-08
1.29911e-08
1.14092e-08
9.71954e-09
8.25666e-09
6.35974e-09
5.38698e-09
2.50393e-09
2.82366e-09
0.0946382
0.0952477
0.0972207
0.0995923
0.101513
0.101079
0.0931454
0.0689692
0.0121877
-0.104931
-0.204867
-0.237918
-0.2805
-0.321353
-0.348632
-0.356479
-0.330518
-0.27492
-0.205321
-0.140236
-0.088886
-0.0527591
-0.0292134
-0.0148103
-0.00648853
-0.00197842
0.000263357
0.00122362
0.00150361
0.00145453
0.00127148
0.00105584
0.000855144
0.000687867
0.000558151
0.000463603
0.000398496
0.000354851
0.000323683
0.000297204
0.000270711
0.00024253
0.000212449
0.000180312
0.00014613
0.000111078
7.80852e-05
5.10262e-05
3.26701e-05
2.28299e-05
1.84713e-05
1.60854e-05
1.36657e-05
1.09603e-05
8.42764e-06
6.3712e-06
4.79766e-06
3.60654e-06
2.71032e-06
2.04421e-06
1.5537e-06
1.19314e-06
9.2762e-07
7.31934e-07
5.87593e-07
4.81103e-07
4.02378e-07
3.44105e-07
3.00777e-07
2.68461e-07
2.44151e-07
2.25752e-07
2.11619e-07
2.00655e-07
1.91948e-07
1.84938e-07
1.7911e-07
1.74191e-07
1.69883e-07
1.66066e-07
1.62557e-07
1.59318e-07
1.56231e-07
1.53299e-07
1.50438e-07
1.47674e-07
1.44942e-07
1.42277e-07
1.39626e-07
1.37028e-07
1.34436e-07
1.31891e-07
1.29351e-07
1.26855e-07
1.24362e-07
1.21914e-07
1.1947e-07
1.17069e-07
1.14675e-07
1.12322e-07
1.09978e-07
1.07674e-07
1.0538e-07
1.03125e-07
1.00879e-07
9.86727e-08
9.64757e-08
9.43158e-08
9.21659e-08
9.00512e-08
8.79467e-08
8.58754e-08
8.38143e-08
8.17844e-08
7.97646e-08
7.77741e-08
7.57934e-08
7.38399e-08
7.18962e-08
6.99776e-08
6.80685e-08
6.61826e-08
6.43058e-08
6.24503e-08
6.06037e-08
5.87765e-08
5.69579e-08
5.51569e-08
5.33642e-08
5.15873e-08
4.98186e-08
4.80641e-08
4.63175e-08
4.45835e-08
4.2857e-08
4.11418e-08
3.94339e-08
3.77357e-08
3.60445e-08
3.43618e-08
3.26857e-08
3.10169e-08
2.93543e-08
2.7698e-08
2.60472e-08
2.4402e-08
2.27612e-08
2.11259e-08
1.94929e-08
1.78669e-08
1.62388e-08
1.46238e-08
1.29912e-08
1.14095e-08
9.71943e-09
8.25719e-09
6.35915e-09
5.38818e-09
2.50253e-09
2.82617e-09
0.0991344
0.100139
0.10343
0.107951
0.11315
0.117698
0.115489
0.0978457
0.0326175
-0.128491
-0.246913
-0.262901
-0.30996
-0.362338
-0.39841
-0.410133
-0.377752
-0.307064
-0.219299
-0.140204
-0.0809533
-0.0418773
-0.0182501
-0.00510067
0.00155238
0.00442779
0.0052518
0.00505659
0.00442773
0.003679
0.00296437
0.00234795
0.00184612
0.00145239
0.00115144
0.000926155
0.000760024
0.000637565
0.000544753
0.000470325
0.00040683
0.000350058
0.000297345
0.000246389
0.000195695
0.000145886
0.000100366
6.40327e-05
4.02807e-05
2.83476e-05
2.35762e-05
2.09273e-05
1.77804e-05
1.40883e-05
1.06773e-05
7.98878e-06
5.97961e-06
4.47439e-06
3.345e-06
2.50771e-06
1.89296e-06
1.44193e-06
1.11011e-06
8.65766e-07
6.85753e-07
5.53117e-07
4.55219e-07
3.82882e-07
3.29236e-07
2.89348e-07
2.5948e-07
2.37002e-07
2.19875e-07
2.06713e-07
1.96393e-07
1.88198e-07
1.81501e-07
1.75945e-07
1.71169e-07
1.67008e-07
1.63248e-07
1.59825e-07
1.56602e-07
1.53572e-07
1.50638e-07
1.47821e-07
1.4505e-07
1.42357e-07
1.39685e-07
1.37072e-07
1.34469e-07
1.31916e-07
1.2937e-07
1.2687e-07
1.24374e-07
1.21924e-07
1.19478e-07
1.17076e-07
1.14681e-07
1.12328e-07
1.09983e-07
1.07679e-07
1.05384e-07
1.03129e-07
1.00884e-07
9.86768e-08
9.64796e-08
9.43196e-08
9.21696e-08
9.00548e-08
8.79501e-08
8.58787e-08
8.38175e-08
8.17876e-08
7.97676e-08
7.7777e-08
7.57962e-08
7.38426e-08
7.18987e-08
6.99801e-08
6.80709e-08
6.61849e-08
6.43081e-08
6.24525e-08
6.06058e-08
5.87785e-08
5.69598e-08
5.51587e-08
5.33659e-08
5.1589e-08
4.98202e-08
4.80656e-08
4.63189e-08
4.45848e-08
4.28583e-08
4.11431e-08
3.9435e-08
3.77368e-08
3.60455e-08
3.43628e-08
3.26866e-08
3.10178e-08
2.93551e-08
2.76987e-08
2.60479e-08
2.44026e-08
2.27619e-08
2.11265e-08
1.94934e-08
1.78674e-08
1.62392e-08
1.46242e-08
1.29914e-08
1.14098e-08
9.71944e-09
8.25768e-09
6.35879e-09
5.38916e-09
2.50157e-09
2.82802e-09
0.103234
0.104636
0.109291
0.116068
0.12506
0.135461
0.14175
0.133722
0.060892
-0.138474
-0.313824
-0.307654
-0.344796
-0.400357
-0.44573
-0.465441
-0.428684
-0.342295
-0.233723
-0.13822
-0.0699995
-0.0281155
-0.00506333
0.00611535
0.0105253
0.0113674
0.010521
0.00902083
0.00740014
0.00590921
0.00464383
0.00362027
0.00281739
0.00219996
0.00173102
0.00137755
0.00111198
0.000911607
0.000757949
0.000636739
0.000537853
0.000454246
0.000380349
0.000311352
0.000244114
0.000178873
0.000119965
7.39244e-05
4.50717e-05
3.19083e-05
2.76972e-05
2.53647e-05
2.16508e-05
1.69571e-05
1.26691e-05
9.39892e-06
7.01364e-06
5.23753e-06
3.90294e-06
2.9146e-06
2.19076e-06
1.66038e-06
1.27029e-06
9.83151e-07
7.71797e-07
6.16213e-07
5.01499e-07
4.16833e-07
3.54146e-07
3.07626e-07
2.72891e-07
2.46842e-07
2.27094e-07
2.12009e-07
2.00277e-07
1.91047e-07
1.8359e-07
1.77476e-07
1.72291e-07
1.67831e-07
1.63851e-07
1.60266e-07
1.56926e-07
1.53809e-07
1.50812e-07
1.47949e-07
1.45144e-07
1.42426e-07
1.39736e-07
1.3711e-07
1.34498e-07
1.31938e-07
1.29387e-07
1.26883e-07
1.24385e-07
1.21933e-07
1.19486e-07
1.17083e-07
1.14687e-07
1.12334e-07
1.09988e-07
1.07684e-07
1.05389e-07
1.03134e-07
1.00888e-07
9.86811e-08
9.64838e-08
9.43237e-08
9.21735e-08
9.00586e-08
8.79539e-08
8.58824e-08
8.3821e-08
8.1791e-08
7.97709e-08
7.77801e-08
7.57992e-08
7.38455e-08
7.19015e-08
6.99827e-08
6.80734e-08
6.61873e-08
6.43104e-08
6.24547e-08
6.06079e-08
5.87806e-08
5.69618e-08
5.51606e-08
5.33677e-08
5.15907e-08
4.98218e-08
4.80671e-08
4.63203e-08
4.45862e-08
4.28596e-08
4.11443e-08
3.94362e-08
3.77379e-08
3.60466e-08
3.43638e-08
3.26875e-08
3.10187e-08
2.93559e-08
2.76995e-08
2.60487e-08
2.44033e-08
2.27625e-08
2.11271e-08
1.94939e-08
1.78678e-08
1.62395e-08
1.46245e-08
1.29917e-08
1.14102e-08
9.71946e-09
8.25807e-09
6.35853e-09
5.38989e-09
2.5009e-09
2.82935e-09
0.106774
0.108562
0.114522
0.123614
0.136635
0.154361
0.172636
0.188433
0.101867
-0.127238
-0.346113
-0.310237
-0.35624
-0.420912
-0.470063
-0.498659
-0.463251
-0.367134
-0.241907
-0.132107
-0.0558562
-0.0119068
0.00987026
0.0184654
0.0201682
0.0186602
0.0159464
0.0130278
0.0103555
0.00809505
0.00627015
0.00484049
0.00374201
0.00290754
0.00227674
0.0018001
0.00143906
0.00116424
0.000953186
0.000788823
0.000658189
0.000551028
0.000458509
0.000373078
0.000289909
0.000209076
0.000136384
8.06075e-05
4.72935e-05
3.3934e-05
3.12086e-05
2.95934e-05
2.53138e-05
1.95299e-05
1.43569e-05
1.05658e-05
7.87336e-06
5.87367e-06
4.36698e-06
3.25235e-06
2.43805e-06
1.84194e-06
1.4034e-06
1.08065e-06
8.43233e-07
6.68593e-07
5.39915e-07
4.45014e-07
3.74821e-07
3.22795e-07
2.84021e-07
2.55007e-07
2.33084e-07
2.16402e-07
2.03499e-07
1.93409e-07
1.85321e-07
1.78745e-07
1.73221e-07
1.68512e-07
1.6435e-07
1.60632e-07
1.57194e-07
1.54005e-07
1.50956e-07
1.48055e-07
1.45222e-07
1.42484e-07
1.3978e-07
1.37143e-07
1.34523e-07
1.31958e-07
1.29402e-07
1.26896e-07
1.24396e-07
1.21941e-07
1.19494e-07
1.1709e-07
1.14693e-07
1.1234e-07
1.09994e-07
1.07689e-07
1.05394e-07
1.03139e-07
1.00893e-07
9.86857e-08
9.64883e-08
9.4328e-08
9.21777e-08
9.00628e-08
8.79578e-08
8.58863e-08
8.38248e-08
8.17946e-08
7.97744e-08
7.77836e-08
7.58025e-08
7.38487e-08
7.19047e-08
6.99859e-08
6.80765e-08
6.61905e-08
6.43135e-08
6.24577e-08
6.06109e-08
5.87834e-08
5.69645e-08
5.51632e-08
5.33701e-08
5.1593e-08
4.9824e-08
4.80692e-08
4.63223e-08
4.45881e-08
4.28614e-08
4.1146e-08
3.94378e-08
3.77394e-08
3.6048e-08
3.43651e-08
3.26888e-08
3.10199e-08
2.93571e-08
2.77006e-08
2.60497e-08
2.44042e-08
2.27633e-08
2.11279e-08
1.94947e-08
1.78685e-08
1.62401e-08
1.46251e-08
1.29921e-08
1.14106e-08
9.71972e-09
8.25858e-09
6.35855e-09
5.39057e-09
2.5005e-09
2.83035e-09
0.109598
0.111715
0.118839
0.129955
0.147087
0.171467
0.207099
0.213397
0.193173
-0.144978
-0.439459
-0.325977
-0.348809
-0.420886
-0.472408
-0.504071
-0.46962
-0.371485
-0.239003
-0.121461
-0.0405582
0.0041156
0.0241959
0.0301236
0.0291592
0.0253812
0.0208913
0.0166435
0.0130002
0.0100391
0.00771096
0.00591949
0.00455931
0.0035332
0.00275956
0.00217428
0.0017294
0.00138978
0.00112941
0.000928417
0.000770962
0.000643669
0.000534691
0.000434016
0.000335392
0.000239029
0.000152535
8.71508e-05
4.97674e-05
3.65992e-05
3.52869e-05
3.4058e-05
2.88857e-05
2.18481e-05
1.57751e-05
1.15093e-05
8.55861e-06
6.37635e-06
4.73045e-06
3.51545e-06
2.63042e-06
1.98308e-06
1.50673e-06
1.15621e-06
8.98545e-07
7.0912e-07
5.69625e-07
4.66799e-07
3.90799e-07
3.34514e-07
2.92615e-07
2.61309e-07
2.37704e-07
2.19789e-07
2.05981e-07
1.95228e-07
1.86654e-07
1.79721e-07
1.73935e-07
1.69035e-07
1.64732e-07
1.60912e-07
1.57399e-07
1.54156e-07
1.51067e-07
1.48137e-07
1.45283e-07
1.42529e-07
1.39813e-07
1.37169e-07
1.34543e-07
1.31974e-07
1.29415e-07
1.26906e-07
1.24405e-07
1.21949e-07
1.19501e-07
1.17097e-07
1.147e-07
1.12345e-07
1.09999e-07
1.07695e-07
1.05399e-07
1.03144e-07
1.00898e-07
9.86906e-08
9.6493e-08
9.43326e-08
9.21822e-08
9.00671e-08
8.7962e-08
8.58903e-08
8.38286e-08
8.17983e-08
7.97779e-08
7.77868e-08
7.58055e-08
7.38515e-08
7.19071e-08
6.99881e-08
6.80786e-08
6.61923e-08
6.43151e-08
6.24592e-08
6.06122e-08
5.87846e-08
5.69658e-08
5.51644e-08
5.33713e-08
5.15941e-08
4.9825e-08
4.80701e-08
4.63231e-08
4.45889e-08
4.28622e-08
4.11467e-08
3.94384e-08
3.77401e-08
3.60486e-08
3.43657e-08
3.26893e-08
3.10203e-08
2.93575e-08
2.7701e-08
2.605e-08
2.44046e-08
2.27636e-08
2.11281e-08
1.94949e-08
1.78687e-08
1.62403e-08
1.46252e-08
1.29921e-08
1.14107e-08
9.71967e-09
8.25873e-09
6.35838e-09
5.39092e-09
2.50016e-09
2.83103e-09
0.111568
0.113937
0.121917
0.134699
0.154939
0.1864
0.23504
0.275412
0.332124
-0.115457
-0.330809
-0.350142
-0.417507
-0.471393
-0.502927
-0.466274
-0.364819
-0.229536
-0.109864
-0.0277872
0.0163409
0.0348283
0.0387219
0.0357957
0.0303524
0.0245563
0.0193279
0.0149674
0.0114887
0.00878868
0.00672957
0.00517515
0.00400629
0.00312627
0.00246082
0.00195523
0.00156978
0.00127503
0.0010483
0.000871212
0.00072811
0.000605198
0.000490976
0.000378466
0.000268343
0.00016989
9.64579e-05
5.56551e-05
4.20615e-05
4.08176e-05
3.89038e-05
3.23415e-05
2.39388e-05
1.6977e-05
1.22541e-05
9.06609e-06
6.73545e-06
4.98432e-06
3.69698e-06
2.76243e-06
2.07959e-06
1.57718e-06
1.20764e-06
9.36138e-07
7.36637e-07
5.89791e-07
4.81586e-07
4.0164e-07
3.42462e-07
2.98442e-07
2.6558e-07
2.40834e-07
2.22081e-07
2.0766e-07
1.96457e-07
1.87553e-07
1.80378e-07
1.74416e-07
1.69386e-07
1.64989e-07
1.611e-07
1.57536e-07
1.54256e-07
1.51141e-07
1.48191e-07
1.45323e-07
1.4256e-07
1.39836e-07
1.37187e-07
1.34557e-07
1.31985e-07
1.29425e-07
1.26915e-07
1.24412e-07
1.21956e-07
1.19507e-07
1.17103e-07
1.14705e-07
1.12351e-07
1.10005e-07
1.077e-07
1.05404e-07
1.03149e-07
1.00903e-07
9.86956e-08
9.64981e-08
9.43376e-08
9.21871e-08
9.00719e-08
8.79667e-08
8.5895e-08
8.38332e-08
8.18028e-08
7.97824e-08
7.77912e-08
7.58099e-08
7.38558e-08
7.19114e-08
6.99923e-08
6.80828e-08
6.61966e-08
6.43196e-08
6.24636e-08
6.06165e-08
5.87888e-08
5.69698e-08
5.5168e-08
5.33747e-08
5.15972e-08
4.9828e-08
4.8073e-08
4.63258e-08
4.45914e-08
4.28646e-08
4.1149e-08
3.94406e-08
3.77421e-08
3.60506e-08
3.43676e-08
3.26911e-08
3.1022e-08
2.93591e-08
2.77025e-08
2.60514e-08
2.44059e-08
2.27649e-08
2.11293e-08
1.9496e-08
1.78697e-08
1.62412e-08
1.4626e-08
1.29928e-08
1.14114e-08
9.72019e-09
8.25934e-09
6.35873e-09
5.39149e-09
2.50012e-09
2.83155e-09
0.112581
0.115083
0.123533
0.137202
0.1593
0.194733
0.252401
0.320483
0.43064
-0.339922
-0.408905
-0.459334
-0.487294
-0.450368
-0.350629
-0.218114
-0.101084
-0.0208125
0.022165
0.0395717
0.0424682
0.0386847
0.0325398
0.0262001
0.0205633
0.0159015
0.0122016
0.00933858
0.00715815
0.00551244
0.00427437
0.00334168
0.00263615
0.00209997
0.00169094
0.0013777
0.00113609
0.000946538
0.000792408
0.000659076
0.000534509
0.000411691
0.000291883
0.000185416
0.000106524
6.28595e-05
4.78885e-05
4.56067e-05
4.25181e-05
3.47221e-05
2.53291e-05
1.77527e-05
1.27103e-05
9.35951e-06
6.93323e-06
5.11962e-06
3.79182e-06
2.83054e-06
2.12897e-06
1.61305e-06
1.23373e-06
9.55174e-07
7.50552e-07
5.99975e-07
4.89042e-07
4.071e-07
3.46459e-07
3.01367e-07
2.67719e-07
2.42398e-07
2.23224e-07
2.08494e-07
1.97065e-07
1.87996e-07
1.80701e-07
1.74651e-07
1.69557e-07
1.65113e-07
1.6119e-07
1.57602e-07
1.54305e-07
1.51177e-07
1.48218e-07
1.45343e-07
1.42575e-07
1.39849e-07
1.37197e-07
1.34566e-07
1.31993e-07
1.29432e-07
1.26921e-07
1.24419e-07
1.21962e-07
1.19513e-07
1.17109e-07
1.14711e-07
1.12357e-07
1.10011e-07
1.07706e-07
1.0541e-07
1.03155e-07
1.00908e-07
9.87011e-08
9.65033e-08
9.43427e-08
9.2192e-08
9.00766e-08
8.79713e-08
8.58994e-08
8.38374e-08
8.18068e-08
7.97862e-08
7.77948e-08
7.58133e-08
7.3859e-08
7.19143e-08
6.99949e-08
6.8085e-08
6.61985e-08
6.43211e-08
6.24646e-08
6.06173e-08
5.87895e-08
5.69707e-08
5.51691e-08
5.33757e-08
5.15984e-08
4.98291e-08
4.80741e-08
4.6327e-08
4.45925e-08
4.28657e-08
4.115e-08
3.94416e-08
3.77431e-08
3.60515e-08
3.43684e-08
3.2692e-08
3.10228e-08
2.93599e-08
2.77032e-08
2.60521e-08
2.44065e-08
2.27655e-08
2.11298e-08
1.94965e-08
1.78701e-08
1.62416e-08
1.46264e-08
1.29931e-08
1.14116e-08
9.72034e-09
8.2595e-09
6.35867e-09
5.39168e-09
2.50003e-09
2.83184e-09
0.112581
0.115083
0.123533
0.137202
0.1593
0.194733
0.252401
0.330671
0.488777
-0.335887
-0.408906
-0.459322
-0.487264
-0.450328
-0.3506
-0.218103
-0.101087
-0.0208233
0.0221534
0.0395624
0.0424625
0.0386821
0.0325396
0.0262013
0.0205652
0.0159035
0.0122034
0.00934
0.00715908
0.00551292
0.00427448
0.00334154
0.00263586
0.00209963
0.00169061
0.00137744
0.0011359
0.000946421
0.000792345
0.000659046
0.000534494
0.000411678
0.000291865
0.000185395
0.000106521
6.28608e-05
4.78838e-05
4.56029e-05
4.25168e-05
3.47215e-05
2.53285e-05
1.77522e-05
1.27099e-05
9.35917e-06
6.93294e-06
5.11935e-06
3.79159e-06
2.83034e-06
2.12879e-06
1.6129e-06
1.2336e-06
9.55053e-07
7.50448e-07
5.99882e-07
4.88959e-07
4.07027e-07
3.46395e-07
3.01311e-07
2.6767e-07
2.42355e-07
2.23187e-07
2.08462e-07
1.97037e-07
1.87973e-07
1.80681e-07
1.74634e-07
1.69543e-07
1.65102e-07
1.61181e-07
1.57595e-07
1.543e-07
1.51173e-07
1.48216e-07
1.45342e-07
1.42576e-07
1.3985e-07
1.37199e-07
1.34568e-07
1.31996e-07
1.29436e-07
1.26925e-07
1.24423e-07
1.21968e-07
1.19518e-07
1.17115e-07
1.14717e-07
1.12362e-07
1.10016e-07
1.07711e-07
1.05416e-07
1.0316e-07
1.00914e-07
9.87065e-08
9.65087e-08
9.43481e-08
9.21974e-08
9.00819e-08
8.79766e-08
8.59045e-08
8.38426e-08
8.1812e-08
7.97914e-08
7.78001e-08
7.58186e-08
7.38644e-08
7.19198e-08
7.00004e-08
6.80903e-08
6.62033e-08
6.43255e-08
6.24694e-08
6.06219e-08
5.87938e-08
5.6974e-08
5.51722e-08
5.3379e-08
5.16016e-08
4.98323e-08
4.80773e-08
4.63301e-08
4.45956e-08
4.28686e-08
4.11529e-08
3.94444e-08
3.77458e-08
3.60541e-08
3.43709e-08
3.26943e-08
3.10251e-08
2.9362e-08
2.77052e-08
2.6054e-08
2.44083e-08
2.27671e-08
2.11314e-08
1.94979e-08
1.78715e-08
1.62427e-08
1.46274e-08
1.2994e-08
1.14124e-08
9.72099e-09
8.25998e-09
6.3591e-09
5.39197e-09
2.50015e-09
2.83203e-09
0.111567
0.113937
0.121917
0.134698
0.154938
0.186398
0.235038
0.30263
0.413953
-0.32458
-0.347548
-0.417514
-0.471365
-0.50286
-0.466192
-0.364757
-0.229511
-0.109869
-0.0278074
0.0163185
0.0348099
0.0387094
0.0357888
0.03035
0.0245568
0.0193301
0.0149704
0.0114916
0.00879108
0.00673125
0.00517609
0.00400661
0.00312612
0.00246038
0.00195468
0.00156923
0.00127457
0.00104796
0.000870989
0.000727978
0.000605123
0.000490926
0.000378421
0.000268294
0.000169843
9.64094e-05
5.56194e-05
4.20434e-05
4.08117e-05
3.89026e-05
3.23404e-05
2.39373e-05
1.69755e-05
1.22529e-05
9.06507e-06
6.73456e-06
4.98352e-06
3.69628e-06
2.76182e-06
2.07905e-06
1.57671e-06
1.20722e-06
9.35771e-07
7.36317e-07
5.8951e-07
4.81336e-07
4.01421e-07
3.4227e-07
2.98273e-07
2.65432e-07
2.40705e-07
2.21969e-07
2.07563e-07
1.96373e-07
1.87482e-07
1.80318e-07
1.74365e-07
1.69344e-07
1.64955e-07
1.61073e-07
1.57515e-07
1.54241e-07
1.5113e-07
1.48185e-07
1.4532e-07
1.4256e-07
1.3984e-07
1.37193e-07
1.34565e-07
1.31995e-07
1.29436e-07
1.26928e-07
1.24427e-07
1.21972e-07
1.19523e-07
1.1712e-07
1.14723e-07
1.12368e-07
1.10022e-07
1.07718e-07
1.05422e-07
1.03166e-07
1.0092e-07
9.87124e-08
9.65145e-08
9.43536e-08
9.22028e-08
9.00871e-08
8.79816e-08
8.59094e-08
8.38472e-08
8.18164e-08
7.97956e-08
7.78041e-08
7.58224e-08
7.38679e-08
7.19231e-08
7.00033e-08
6.80928e-08
6.62054e-08
6.43272e-08
6.24706e-08
6.0623e-08
5.87947e-08
5.69751e-08
5.51735e-08
5.33803e-08
5.16029e-08
4.98336e-08
4.80786e-08
4.63314e-08
4.45969e-08
4.28699e-08
4.11541e-08
3.94456e-08
3.77469e-08
3.60551e-08
3.43719e-08
3.26953e-08
3.1026e-08
2.93629e-08
2.7706e-08
2.60548e-08
2.4409e-08
2.27678e-08
2.1132e-08
1.94985e-08
1.7872e-08
1.62432e-08
1.46279e-08
1.29944e-08
1.14127e-08
9.72124e-09
8.26012e-09
6.35919e-09
5.39203e-09
2.50027e-09
2.83201e-09
0.109597
0.111714
0.118838
0.129954
0.147086
0.171465
0.207097
0.250592
0.263885
-0.252981
-0.331882
-0.353763
-0.420894
-0.472373
-0.503989
-0.469526
-0.371419
-0.238983
-0.121476
-0.0405874
0.00408637
0.0241731
0.0301089
0.0291517
0.0253791
0.0208927
0.0166467
0.0130041
0.0100427
0.0077138
0.00592139
0.00456029
0.00353343
0.00275924
0.00217364
0.00172864
0.00138905
0.00112881
0.000927989
0.000770692
0.000643518
0.000534612
0.000433969
0.000335349
0.000238975
0.00015248
8.71025e-05
4.97334e-05
3.65759e-05
3.52754e-05
3.40541e-05
2.88833e-05
2.18456e-05
1.57729e-05
1.15073e-05
8.55694e-06
6.37488e-06
4.72914e-06
3.5143e-06
2.6294e-06
1.98219e-06
1.50595e-06
1.15552e-06
8.97936e-07
7.0858e-07
5.6915e-07
4.66385e-07
3.90435e-07
3.34195e-07
2.92335e-07
2.61065e-07
2.37491e-07
2.19604e-07
2.05821e-07
1.9509e-07
1.86536e-07
1.7962e-07
1.73851e-07
1.68965e-07
1.64675e-07
1.60867e-07
1.57364e-07
1.54129e-07
1.51049e-07
1.48126e-07
1.45278e-07
1.4253e-07
1.39819e-07
1.37179e-07
1.34556e-07
1.3199e-07
1.29434e-07
1.26928e-07
1.24428e-07
1.21976e-07
1.19526e-07
1.17123e-07
1.14727e-07
1.12374e-07
1.10028e-07
1.07723e-07
1.05428e-07
1.03172e-07
1.00926e-07
9.87181e-08
9.65202e-08
9.43593e-08
9.22084e-08
9.00927e-08
8.79871e-08
8.59148e-08
8.38526e-08
8.18217e-08
7.98008e-08
7.78092e-08
7.58274e-08
7.38728e-08
7.19279e-08
7.00081e-08
6.80976e-08
6.62103e-08
6.43322e-08
6.24755e-08
6.06277e-08
5.87993e-08
5.69795e-08
5.51775e-08
5.3384e-08
5.16064e-08
4.98369e-08
4.80817e-08
4.63343e-08
4.45997e-08
4.28725e-08
4.11566e-08
3.9448e-08
3.77492e-08
3.60573e-08
3.4374e-08
3.26972e-08
3.10278e-08
2.93646e-08
2.77077e-08
2.60563e-08
2.44105e-08
2.27692e-08
2.11333e-08
1.94996e-08
1.78731e-08
1.62442e-08
1.46287e-08
1.29952e-08
1.14134e-08
9.72195e-09
8.26067e-09
6.35982e-09
5.39228e-09
2.50064e-09
2.83187e-09
0.106773
0.108561
0.114521
0.123612
0.136633
0.154359
0.172633
0.188429
0.149548
-0.171254
-0.419267
-0.317018
-0.356271
-0.420917
-0.470023
-0.498578
-0.463162
-0.367076
-0.241893
-0.132124
-0.0558841
-0.0119339
0.00984904
0.0184512
0.0201601
0.018657
0.0159465
0.0130297
0.0103582
0.00809781
0.00627245
0.00484211
0.00374293
0.00290783
0.00227657
0.00179964
0.00143848
0.00116367
0.000952704
0.000788469
0.000657959
0.000550893
0.000458432
0.000373028
0.000289863
0.000209025
0.000136331
8.05613e-05
4.72591e-05
3.39118e-05
3.11973e-05
2.95888e-05
2.53105e-05
1.95267e-05
1.43539e-05
1.05632e-05
7.87104e-06
5.87162e-06
4.36516e-06
3.25074e-06
2.43664e-06
1.8407e-06
1.40231e-06
1.07968e-06
8.42384e-07
6.67841e-07
5.39254e-07
4.44435e-07
3.74314e-07
3.2235e-07
2.8363e-07
2.54666e-07
2.32786e-07
2.16143e-07
2.03275e-07
1.93216e-07
1.85156e-07
1.78605e-07
1.73103e-07
1.68414e-07
1.6427e-07
1.60568e-07
1.57145e-07
1.53969e-07
1.50931e-07
1.4804e-07
1.45216e-07
1.42486e-07
1.39788e-07
1.37157e-07
1.34542e-07
1.31981e-07
1.29429e-07
1.26926e-07
1.24429e-07
1.21977e-07
1.19532e-07
1.17127e-07
1.14732e-07
1.12379e-07
1.10034e-07
1.0773e-07
1.05434e-07
1.03178e-07
1.00932e-07
9.87244e-08
9.65264e-08
9.43653e-08
9.22143e-08
9.00984e-08
8.79926e-08
8.59201e-08
8.38577e-08
8.18265e-08
7.98054e-08
7.78135e-08
7.58315e-08
7.38766e-08
7.19314e-08
7.00112e-08
6.81005e-08
6.62129e-08
6.43347e-08
6.24777e-08
6.06298e-08
5.88013e-08
5.69815e-08
5.51794e-08
5.33857e-08
5.1608e-08
4.98385e-08
4.80832e-08
4.63357e-08
4.4601e-08
4.28737e-08
4.11578e-08
3.94491e-08
3.77502e-08
3.60582e-08
3.43749e-08
3.2698e-08
3.10286e-08
2.93653e-08
2.77083e-08
2.60569e-08
2.44111e-08
2.27697e-08
2.11338e-08
1.95001e-08
1.78735e-08
1.62446e-08
1.46291e-08
1.29955e-08
1.14136e-08
9.72222e-09
8.26073e-09
6.3601e-09
5.39216e-09
2.501e-09
2.83147e-09
0.103232
0.104635
0.109289
0.116066
0.125058
0.135459
0.141747
0.133717
0.0608841
-0.138487
-0.313842
-0.307674
-0.344819
-0.400357
-0.445691
-0.465368
-0.42861
-0.342251
-0.233715
-0.138235
-0.0700232
-0.0281384
-0.0050815
0.00610295
0.0105182
0.0113644
0.0105209
0.00902244
0.00740249
0.0059116
0.00464585
0.0036217
0.00281821
0.00220023
0.00173088
0.00137716
0.00111147
0.000911097
0.000757517
0.00063642
0.000537643
0.000454122
0.000380279
0.000311307
0.000244075
0.000178829
0.00011992
7.38773e-05
4.50355e-05
3.18853e-05
2.76839e-05
2.53581e-05
2.16463e-05
1.6953e-05
1.26654e-05
9.39563e-06
7.01071e-06
5.23491e-06
3.90061e-06
2.91256e-06
2.18896e-06
1.65879e-06
1.26889e-06
9.81921e-07
7.70713e-07
6.15258e-07
5.00658e-07
4.16095e-07
3.53498e-07
3.07057e-07
2.72393e-07
2.46406e-07
2.26714e-07
2.11678e-07
1.99991e-07
1.90801e-07
1.8338e-07
1.77297e-07
1.72141e-07
1.67706e-07
1.63749e-07
1.60185e-07
1.56863e-07
1.53762e-07
1.5078e-07
1.4793e-07
1.45136e-07
1.42428e-07
1.39747e-07
1.37128e-07
1.34522e-07
1.31968e-07
1.29422e-07
1.26922e-07
1.24428e-07
1.21978e-07
1.19533e-07
1.17132e-07
1.14737e-07
1.12384e-07
1.10039e-07
1.07735e-07
1.0544e-07
1.03184e-07
1.00938e-07
9.87304e-08
9.65324e-08
9.43712e-08
9.22201e-08
9.0104e-08
8.79981e-08
8.59254e-08
8.38629e-08
8.18315e-08
7.98103e-08
7.78182e-08
7.58361e-08
7.3881e-08
7.19357e-08
7.00154e-08
6.81047e-08
6.6217e-08
6.43387e-08
6.24816e-08
6.06335e-08
5.88049e-08
5.69849e-08
5.51827e-08
5.33889e-08
5.1611e-08
4.98413e-08
4.80858e-08
4.63382e-08
4.46033e-08
4.2876e-08
4.11599e-08
3.94511e-08
3.77521e-08
3.606e-08
3.43766e-08
3.26997e-08
3.10301e-08
2.93668e-08
2.77097e-08
2.60582e-08
2.44122e-08
2.27708e-08
2.11348e-08
1.9501e-08
1.78743e-08
1.62454e-08
1.46298e-08
1.29963e-08
1.14142e-08
9.72289e-09
8.26107e-09
6.36076e-09
5.39211e-09
2.50164e-09
2.83084e-09
0.0991329
0.100137
0.103428
0.107949
0.113148
0.117695
0.115485
0.0978404
0.03261
-0.128501
-0.246927
-0.262915
-0.309972
-0.362332
-0.398376
-0.410079
-0.377699
-0.307032
-0.219293
-0.140215
-0.080971
-0.0418951
-0.0182648
-0.00511117
0.00154591
0.00442465
0.00525105
0.00505734
0.00442923
0.00368068
0.00296587
0.00234908
0.00184681
0.00145268
0.00115141
0.000925908
0.00075967
0.000637196
0.000544431
0.000470082
0.000406663
0.000349956
0.000297282
0.000246344
0.000195656
0.000145846
0.000100327
6.39979e-05
4.02537e-05
2.8328e-05
2.35626e-05
2.09191e-05
1.77746e-05
1.40833e-05
1.06728e-05
7.98477e-06
5.97604e-06
4.4712e-06
3.34218e-06
2.50523e-06
1.89077e-06
1.44e-06
1.10841e-06
8.64272e-07
6.84438e-07
5.51959e-07
4.542e-07
3.81986e-07
3.2845e-07
2.88658e-07
2.58876e-07
2.36474e-07
2.19414e-07
2.06312e-07
1.96046e-07
1.879e-07
1.81246e-07
1.75728e-07
1.70987e-07
1.66857e-07
1.63125e-07
1.59727e-07
1.56527e-07
1.53515e-07
1.506e-07
1.47798e-07
1.45041e-07
1.42359e-07
1.39698e-07
1.37094e-07
1.34499e-07
1.31953e-07
1.29412e-07
1.26916e-07
1.24425e-07
1.21977e-07
1.19535e-07
1.17135e-07
1.14742e-07
1.1239e-07
1.10045e-07
1.07742e-07
1.05446e-07
1.03191e-07
1.00945e-07
9.87369e-08
9.65389e-08
9.43775e-08
9.22263e-08
9.01101e-08
8.80041e-08
8.59311e-08
8.38685e-08
8.18369e-08
7.98155e-08
7.78232e-08
7.58408e-08
7.38856e-08
7.19401e-08
7.00196e-08
6.81087e-08
6.62209e-08
6.43424e-08
6.24851e-08
6.06369e-08
5.88081e-08
5.6988e-08
5.51856e-08
5.33917e-08
5.16136e-08
4.98438e-08
4.80882e-08
4.63405e-08
4.46055e-08
4.2878e-08
4.11618e-08
3.94529e-08
3.77538e-08
3.60617e-08
3.43781e-08
3.27011e-08
3.10315e-08
2.9368e-08
2.77109e-08
2.60593e-08
2.44133e-08
2.27718e-08
2.11357e-08
1.95019e-08
1.78751e-08
1.62461e-08
1.46304e-08
1.29969e-08
1.14146e-08
9.72351e-09
8.26126e-09
6.36144e-09
5.39182e-09
2.50247e-09
2.82983e-09
0.0946364
0.0952459
0.0972188
0.09959
0.101511
0.101075
0.0931412
0.0689638
0.0121805
-0.10494
-0.204878
-0.23793
-0.280509
-0.321349
-0.348609
-0.356441
-0.33048
-0.274897
-0.205316
-0.140244
-0.0888995
-0.0527733
-0.0292255
-0.0148191
-0.00649406
-0.00198119
0.00026263
0.00122418
0.00150483
0.00145593
0.00127274
0.00105679
0.00085573
0.000688113
0.000558124
0.000463391
0.00039819
0.000354528
0.000323399
0.00029699
0.000270561
0.000242438
0.000212389
0.000180268
0.000146094
0.000111043
7.80517e-05
5.09945e-05
3.2644e-05
2.28107e-05
1.84573e-05
1.60759e-05
1.36586e-05
1.09543e-05
8.4223e-06
6.36648e-06
4.79346e-06
3.6028e-06
2.70701e-06
2.04129e-06
1.55113e-06
1.19088e-06
9.25634e-07
7.30187e-07
5.86055e-07
4.7975e-07
4.01187e-07
3.43057e-07
2.99858e-07
2.67654e-07
2.43444e-07
2.25133e-07
2.1108e-07
2.00186e-07
1.91543e-07
1.84588e-07
1.78811e-07
1.73938e-07
1.69671e-07
1.65889e-07
1.62413e-07
1.59204e-07
1.56143e-07
1.53234e-07
1.50394e-07
1.47648e-07
1.44931e-07
1.4228e-07
1.39641e-07
1.37054e-07
1.34471e-07
1.31934e-07
1.294e-07
1.2691e-07
1.24422e-07
1.21977e-07
1.19537e-07
1.17138e-07
1.14746e-07
1.12395e-07
1.10051e-07
1.07747e-07
1.05453e-07
1.03197e-07
1.00951e-07
9.87432e-08
9.65451e-08
9.43836e-08
9.22324e-08
9.01159e-08
8.80098e-08
8.59366e-08
8.38738e-08
8.1842e-08
7.98205e-08
7.78279e-08
7.58454e-08
7.38899e-08
7.19443e-08
7.00236e-08
6.81126e-08
6.62246e-08
6.4346e-08
6.24885e-08
6.06402e-08
5.88112e-08
5.6991e-08
5.51884e-08
5.33944e-08
5.16162e-08
4.98462e-08
4.80905e-08
4.63427e-08
4.46075e-08
4.288e-08
4.11637e-08
3.94547e-08
3.77555e-08
3.60632e-08
3.43796e-08
3.27025e-08
3.10328e-08
2.93693e-08
2.7712e-08
2.60604e-08
2.44143e-08
2.27727e-08
2.11366e-08
1.95027e-08
1.78758e-08
1.62468e-08
1.4631e-08
1.29976e-08
1.14151e-08
9.7242e-09
8.2614e-09
6.36228e-09
5.39134e-09
2.50361e-09
2.82831e-09
0.0899013
0.0901443
0.0908902
0.0913582
0.090507
0.0863174
0.0745215
0.0478436
-0.0024129
-0.0938199
-0.176574
-0.213156
-0.252564
-0.288222
-0.310588
-0.315379
-0.293773
-0.249204
-0.193097
-0.138942
-0.0942872
-0.0611377
-0.0381827
-0.0231034
-0.013591
-0.00779319
-0.00436716
-0.00240118
-0.00130494
-0.000709727
-0.00039308
-0.00022539
-0.000133825
-7.87271e-05
-3.89112e-05
-3.47154e-06
3.19307e-05
6.6679e-05
9.70178e-05
0.000118855
0.000130231
0.00013178
0.000125357
0.00011264
9.49946e-05
7.42313e-05
5.31512e-05
3.50602e-05
2.23935e-05
1.54332e-05
1.23476e-05
1.07935e-05
9.31682e-06
7.62763e-06
5.97934e-06
4.58758e-06
3.49141e-06
2.6482e-06
2.00845e-06
1.53043e-06
1.17699e-06
9.16488e-07
7.24307e-07
5.82458e-07
4.7764e-07
4.0017e-07
3.42763e-07
3.00157e-07
2.68351e-07
2.44511e-07
2.26442e-07
2.12642e-07
2.01901e-07
1.9344e-07
1.86585e-07
1.80943e-07
1.76132e-07
1.71968e-07
1.68222e-07
1.64825e-07
1.61631e-07
1.58629e-07
1.55721e-07
1.52924e-07
1.50167e-07
1.47482e-07
1.44812e-07
1.42194e-07
1.3958e-07
1.3701e-07
1.34441e-07
1.31914e-07
1.29386e-07
1.26902e-07
1.24419e-07
1.21976e-07
1.19539e-07
1.17142e-07
1.14751e-07
1.124e-07
1.10057e-07
1.07754e-07
1.05459e-07
1.03204e-07
1.00958e-07
9.87499e-08
9.65519e-08
9.43902e-08
9.22389e-08
9.01222e-08
8.8016e-08
8.59426e-08
8.38797e-08
8.18476e-08
7.9826e-08
7.78332e-08
7.58505e-08
7.38948e-08
7.1949e-08
7.00281e-08
6.8117e-08
6.62288e-08
6.435e-08
6.24924e-08
6.06439e-08
5.88147e-08
5.69944e-08
5.51917e-08
5.33975e-08
5.16191e-08
4.9849e-08
4.80931e-08
4.63452e-08
4.46099e-08
4.28822e-08
4.11658e-08
3.94567e-08
3.77574e-08
3.6065e-08
3.43813e-08
3.27041e-08
3.10343e-08
2.93707e-08
2.77134e-08
2.60617e-08
2.44155e-08
2.27738e-08
2.11376e-08
1.95037e-08
1.78767e-08
1.62477e-08
1.46317e-08
1.29983e-08
1.14156e-08
9.72503e-09
8.26151e-09
6.36335e-09
5.39062e-09
2.50519e-09
2.82613e-09
0.0850742
0.0849865
0.0846355
0.0834544
0.0803478
0.0733159
0.0590243
0.0316032
-0.0132843
-0.0857619
-0.154373
-0.192909
-0.229863
-0.260603
-0.2787
-0.281626
-0.263842
-0.227926
-0.18226
-0.136853
-0.0978969
-0.0675995
-0.0455219
-0.0301696
-0.0198377
-0.0130424
-0.00863916
-0.00580641
-0.00398302
-0.00279847
-0.00201475
-0.00148229
-0.00110852
-0.000836204
-0.000629459
-0.00046552
-0.000330777
-0.000218759
-0.000127929
-5.84931e-05
-9.55887e-06
2.17106e-05
3.90189e-05
4.56263e-05
4.41069e-05
3.69403e-05
2.70243e-05
1.7422e-05
1.04499e-05
6.79699e-06
5.53592e-06
5.21042e-06
4.8416e-06
4.19488e-06
3.42841e-06
2.71317e-06
2.11539e-06
1.63857e-06
1.26875e-06
9.88717e-07
7.79881e-07
6.25104e-07
5.10406e-07
4.25414e-07
3.62332e-07
3.15496e-07
2.80578e-07
2.54483e-07
2.348e-07
2.19863e-07
2.08333e-07
1.99335e-07
1.92122e-07
1.86253e-07
1.81302e-07
1.7706e-07
1.73278e-07
1.69869e-07
1.6668e-07
1.63691e-07
1.60798e-07
1.58017e-07
1.55272e-07
1.52595e-07
1.49927e-07
1.47307e-07
1.44684e-07
1.42101e-07
1.39514e-07
1.36963e-07
1.34409e-07
1.31891e-07
1.29371e-07
1.26891e-07
1.24414e-07
1.21976e-07
1.1954e-07
1.17145e-07
1.14755e-07
1.12405e-07
1.10063e-07
1.0776e-07
1.05466e-07
1.0321e-07
1.00965e-07
9.87563e-08
9.65584e-08
9.43965e-08
9.22451e-08
9.01282e-08
8.80219e-08
8.59482e-08
8.38852e-08
8.18529e-08
7.98311e-08
7.7838e-08
7.58552e-08
7.38992e-08
7.19533e-08
7.00322e-08
6.81209e-08
6.62325e-08
6.43536e-08
6.24958e-08
6.06472e-08
5.88178e-08
5.69974e-08
5.51945e-08
5.34002e-08
5.16216e-08
4.98514e-08
4.80954e-08
4.63473e-08
4.46119e-08
4.28842e-08
4.11676e-08
3.94584e-08
3.7759e-08
3.60666e-08
3.43827e-08
3.27055e-08
3.10356e-08
2.93719e-08
2.77145e-08
2.60627e-08
2.44165e-08
2.27747e-08
2.11384e-08
1.95045e-08
1.78774e-08
1.62484e-08
1.46323e-08
1.2999e-08
1.1416e-08
9.72586e-09
8.26145e-09
6.36462e-09
5.38948e-09
2.50733e-09
2.82295e-09
0.0802866
0.0799117
0.0786067
0.0760498
0.071149
0.062075
0.0462593
0.0191998
-0.0211197
-0.0802407
-0.138228
-0.17581
-0.209614
-0.236722
-0.252389
-0.254622
-0.239929
-0.210536
-0.172814
-0.134335
-0.100173
-0.0725203
-0.051474
-0.0361322
-0.0252674
-0.0177143
-0.0125156
-0.0089463
-0.00648555
-0.00477195
-0.00356081
-0.00268928
-0.00204973
-0.00157067
-0.00120375
-0.00091585
-0.000685028
-0.000498232
-0.000348823
-0.000233162
-0.000147545
-8.70335e-05
-4.62719e-05
-2.06276e-05
-6.45526e-06
-6.07293e-07
5.49268e-08
-1.43042e-06
-2.72107e-06
-2.76765e-06
-1.80225e-06
-5.95592e-07
2.82556e-07
7.08492e-07
8.22061e-07
7.86024e-07
6.95768e-07
5.94974e-07
5.02892e-07
4.27018e-07
3.67759e-07
3.22562e-07
2.88246e-07
2.62269e-07
2.42521e-07
2.27507e-07
2.15957e-07
2.07019e-07
1.99937e-07
1.94252e-07
1.89517e-07
1.8551e-07
1.81964e-07
1.78788e-07
1.75816e-07
1.73028e-07
1.70314e-07
1.67691e-07
1.65079e-07
1.62514e-07
1.59934e-07
1.57382e-07
1.54807e-07
1.52254e-07
1.49678e-07
1.47125e-07
1.44552e-07
1.42006e-07
1.39446e-07
1.36915e-07
1.34376e-07
1.31869e-07
1.29356e-07
1.26884e-07
1.24411e-07
1.21975e-07
1.19542e-07
1.17148e-07
1.1476e-07
1.12411e-07
1.10069e-07
1.07766e-07
1.05473e-07
1.03217e-07
1.00972e-07
9.87633e-08
9.65654e-08
9.44033e-08
9.2252e-08
9.01347e-08
8.80284e-08
8.59544e-08
8.38913e-08
8.18587e-08
7.98368e-08
7.78434e-08
7.58605e-08
7.39042e-08
7.19582e-08
7.00368e-08
6.81254e-08
6.62368e-08
6.43578e-08
6.24997e-08
6.0651e-08
5.88214e-08
5.70009e-08
5.51977e-08
5.34033e-08
5.16246e-08
4.98543e-08
4.80981e-08
4.63499e-08
4.46143e-08
4.28865e-08
4.11698e-08
3.94604e-08
3.77609e-08
3.60684e-08
3.43844e-08
3.27071e-08
3.10371e-08
2.93733e-08
2.77159e-08
2.6064e-08
2.44177e-08
2.27758e-08
2.11395e-08
1.95055e-08
1.78783e-08
1.62493e-08
1.46331e-08
1.29999e-08
1.14165e-08
9.7269e-09
8.26137e-09
6.36628e-09
5.38795e-09
2.51033e-09
2.81846e-09
0.0756522
0.0750335
0.0729204
0.0692383
0.0629445
0.0524304
0.035762
0.0095871
-0.0268641
-0.0763128
-0.125785
-0.161411
-0.192503
-0.216696
-0.230379
-0.232181
-0.220051
-0.195847
-0.164426
-0.13158
-0.101489
-0.0762438
-0.056283
-0.0411367
-0.0299537
-0.0218375
-0.0160001
-0.011812
-0.00879863
-0.00661505
-0.00501683
-0.00383334
-0.0029461
-0.00227235
-0.00175338
-0.00134719
-0.00102446
-0.000766133
-0.000560736
-0.000400898
-0.000280142
-0.000191543
-0.000128209
-8.42983e-05
-5.52062e-05
-3.71345e-05
-2.66166e-05
-2.04984e-05
-1.63161e-05
-1.2693e-05
-9.31945e-06
-6.42651e-06
-4.23614e-06
-2.73725e-06
-1.76271e-06
-1.13361e-06
-7.22774e-07
-4.50117e-07
-2.65503e-07
-1.37428e-07
-4.68538e-08
1.79445e-08
6.44207e-08
9.78079e-08
1.21687e-07
1.3873e-07
1.50734e-07
1.59101e-07
1.64731e-07
1.68384e-07
1.70511e-07
1.71544e-07
1.71701e-07
1.71245e-07
1.70273e-07
1.68954e-07
1.6732e-07
1.6549e-07
1.63462e-07
1.61325e-07
1.59061e-07
1.56741e-07
1.54336e-07
1.51909e-07
1.49426e-07
1.46941e-07
1.44419e-07
1.4191e-07
1.39377e-07
1.36867e-07
1.34342e-07
1.31846e-07
1.29337e-07
1.26876e-07
1.24407e-07
1.21974e-07
1.19544e-07
1.17151e-07
1.14764e-07
1.12416e-07
1.10075e-07
1.07772e-07
1.05479e-07
1.03224e-07
1.00978e-07
9.87698e-08
9.6572e-08
9.44096e-08
9.22583e-08
9.01407e-08
8.80344e-08
8.596e-08
8.38969e-08
8.18639e-08
7.98419e-08
7.78482e-08
7.58652e-08
7.39086e-08
7.19625e-08
7.00409e-08
6.81294e-08
6.62404e-08
6.43614e-08
6.25031e-08
6.06543e-08
5.88245e-08
5.70039e-08
5.52005e-08
5.3406e-08
5.16271e-08
4.98567e-08
4.81003e-08
4.63521e-08
4.46163e-08
4.28884e-08
4.11715e-08
3.94622e-08
3.77625e-08
3.60699e-08
3.43858e-08
3.27084e-08
3.10383e-08
2.93745e-08
2.77169e-08
2.6065e-08
2.44186e-08
2.27767e-08
2.11403e-08
1.95062e-08
1.7879e-08
1.625e-08
1.46336e-08
1.30006e-08
1.14168e-08
9.72793e-09
8.26103e-09
6.36824e-09
5.38575e-09
2.5144e-09
2.81203e-09
0.0712676
0.0704473
0.0676645
0.0630847
0.0557328
0.0442438
0.0271805
0.00212151
-0.0310508
-0.0733659
-0.116226
-0.14949
-0.177976
-0.199747
-0.212061
-0.213857
-0.203885
-0.18373
-0.157207
-0.128855
-0.102148
-0.0790286
-0.0601329
-0.0452944
-0.033951
-0.0254273
-0.0190848
-0.014384
-0.0108983
-0.00830393
-0.00636132
-0.00489634
-0.00378301
-0.00292986
-0.00226976
-0.00175319
-0.00134443
-0.00101905
-0.000761162
-0.000559859
-0.000406051
-0.000290914
-0.000206206
-0.000145001
-0.000101852
-7.23475e-05
-5.26521e-05
-3.94152e-05
-2.99975e-05
-2.27259e-05
-1.6858e-05
-1.21944e-05
-8.65914e-06
-6.09718e-06
-4.2857e-06
-3.01224e-06
-2.11434e-06
-1.47735e-06
-1.02205e-06
-6.93926e-07
-4.56018e-07
-2.82851e-07
-1.56683e-07
-6.46943e-08
2.27286e-09
5.0988e-08
8.62698e-08
1.11739e-07
1.29936e-07
1.4282e-07
1.51728e-07
1.57742e-07
1.61561e-07
1.63793e-07
1.64797e-07
1.64929e-07
1.64363e-07
1.63316e-07
1.61865e-07
1.60152e-07
1.582e-07
1.56109e-07
1.53873e-07
1.5157e-07
1.49178e-07
1.4676e-07
1.44289e-07
1.41816e-07
1.3931e-07
1.3682e-07
1.34311e-07
1.31827e-07
1.2934e-07
1.2687e-07
1.24405e-07
1.21974e-07
1.19546e-07
1.17155e-07
1.1477e-07
1.12422e-07
1.10082e-07
1.07779e-07
1.05486e-07
1.03231e-07
1.00986e-07
9.8777e-08
9.65793e-08
9.44166e-08
9.22653e-08
9.01474e-08
8.8041e-08
8.59663e-08
8.39031e-08
8.18697e-08
7.98477e-08
7.78536e-08
7.58706e-08
7.39136e-08
7.19675e-08
7.00455e-08
6.8134e-08
6.62447e-08
6.43656e-08
6.2507e-08
6.06582e-08
5.88281e-08
5.70074e-08
5.52038e-08
5.34092e-08
5.163e-08
4.98595e-08
4.81029e-08
4.63546e-08
4.46187e-08
4.28907e-08
4.11737e-08
3.94642e-08
3.77644e-08
3.60718e-08
3.43876e-08
3.27101e-08
3.10399e-08
2.9376e-08
2.77183e-08
2.60663e-08
2.44198e-08
2.27779e-08
2.11414e-08
1.95072e-08
1.788e-08
1.62509e-08
1.46344e-08
1.30016e-08
1.14172e-08
9.72924e-09
8.26068e-09
6.37081e-09
5.38292e-09
2.52009e-09
2.80301e-09
0.0672124
0.0662286
0.0629023
0.0576195
0.0494807
0.0373557
0.0201933
-0.00370572
-0.0341214
-0.0711057
-0.108764
-0.139617
-0.165824
-0.185661
-0.196924
-0.198773
-0.190526
-0.173564
-0.150923
-0.126211
-0.102336
-0.0810798
-0.0631915
-0.0487206
-0.0373275
-0.0285181
-0.021782
-0.0166618
-0.0127777
-0.00982878
-0.0075839
-0.0058684
-0.00455158
-0.00353548
-0.00274626
-0.00212819
-0.00164009
-0.00125281
-0.000946457
-0.000706901
-0.000522576
-0.000382927
-0.00027845
-0.000201271
-0.00014519
-0.000105228
-7.71705e-05
-5.74271e-05
-4.31559e-05
-3.24159e-05
-2.41136e-05
-1.77033e-05
-1.28565e-05
-9.27767e-06
-6.67554e-06
-4.7952e-06
-3.4377e-06
-2.456e-06
-1.74395e-06
-1.22564e-06
-8.47364e-07
-5.70775e-07
-3.68457e-07
-2.20422e-07
-1.12214e-07
-3.31656e-08
2.44219e-08
6.62877e-08
9.65359e-08
1.18276e-07
1.33693e-07
1.44488e-07
1.51821e-07
1.56635e-07
1.59537e-07
1.61063e-07
1.61522e-07
1.61228e-07
1.60331e-07
1.59025e-07
1.57372e-07
1.55501e-07
1.53428e-07
1.51244e-07
1.4894e-07
1.46587e-07
1.44163e-07
1.41725e-07
1.39246e-07
1.36774e-07
1.3428e-07
1.31806e-07
1.29324e-07
1.26863e-07
1.24402e-07
1.21974e-07
1.19548e-07
1.17158e-07
1.14774e-07
1.12427e-07
1.10088e-07
1.07785e-07
1.05493e-07
1.03237e-07
1.00993e-07
9.87834e-08
9.65859e-08
9.44227e-08
9.22716e-08
9.01532e-08
8.80469e-08
8.59718e-08
8.39086e-08
8.18748e-08
7.98528e-08
7.78583e-08
7.58753e-08
7.39179e-08
7.19717e-08
7.00494e-08
6.81378e-08
6.62483e-08
6.43691e-08
6.25102e-08
6.06613e-08
5.8831e-08
5.70103e-08
5.52064e-08
5.34118e-08
5.16324e-08
4.98619e-08
4.81051e-08
4.63567e-08
4.46206e-08
4.28925e-08
4.11754e-08
3.94658e-08
3.77659e-08
3.60732e-08
3.43889e-08
3.27113e-08
3.1041e-08
2.93771e-08
2.77193e-08
2.60673e-08
2.44207e-08
2.27787e-08
2.11421e-08
1.95079e-08
1.78806e-08
1.62516e-08
1.46349e-08
1.30023e-08
1.14175e-08
9.73049e-09
8.25998e-09
6.37382e-09
5.37908e-09
2.52784e-09
2.79022e-09
0.063551
0.0624376
0.058679
0.052857
0.0441463
0.0316291
0.0145494
-0.00824623
-0.0363681
-0.0693234
-0.102919
-0.13154
-0.155763
-0.174005
-0.184471
-0.186475
-0.179658
-0.165216
-0.145619
-0.123806
-0.102248
-0.0825789
-0.0656008
-0.0515125
-0.0401417
-0.0311384
-0.0241002
-0.0186415
-0.0144262
-0.0111767
-0.00867136
-0.00673741
-0.0052414
-0.00408069
-0.00317617
-0.00246705
-0.00190755
-0.0014645
-0.00111447
-0.000840413
-0.000628546
-0.000466718
-0.000344325
-0.000252663
-0.000184878
-0.000135481
-9.98902e-05
-7.4264e-05
-5.55531e-05
-4.15785e-05
-3.09605e-05
-2.28731e-05
-1.67744e-05
-1.22379e-05
-8.89879e-06
-6.45521e-06
-4.67135e-06
-3.36951e-06
-2.41865e-06
-1.72313e-06
-1.21381e-06
-8.40533e-07
-5.66943e-07
-3.66412e-07
-2.19556e-07
-1.12073e-07
-3.35711e-08
2.36694e-08
6.52195e-08
9.52636e-08
1.16784e-07
1.32063e-07
1.42692e-07
1.49926e-07
1.54608e-07
1.5744e-07
1.58861e-07
1.59272e-07
1.58895e-07
1.5797e-07
1.56599e-07
1.54933e-07
1.53013e-07
1.5094e-07
1.48719e-07
1.46426e-07
1.44047e-07
1.41642e-07
1.39188e-07
1.36733e-07
1.34253e-07
1.31788e-07
1.29312e-07
1.26858e-07
1.24401e-07
1.21975e-07
1.19552e-07
1.17163e-07
1.1478e-07
1.12433e-07
1.10095e-07
1.07792e-07
1.05501e-07
1.03245e-07
1.01e-07
9.87906e-08
9.65933e-08
9.44297e-08
9.22787e-08
9.01598e-08
8.80536e-08
8.5978e-08
8.39148e-08
8.18806e-08
7.98586e-08
7.78636e-08
7.58806e-08
7.39229e-08
7.19767e-08
7.00539e-08
6.81423e-08
6.62524e-08
6.43732e-08
6.2514e-08
6.06651e-08
5.88345e-08
5.70137e-08
5.52096e-08
5.34149e-08
5.16353e-08
4.98646e-08
4.81076e-08
4.63592e-08
4.46229e-08
4.28948e-08
4.11775e-08
3.94678e-08
3.77678e-08
3.6075e-08
3.43905e-08
3.27129e-08
3.10425e-08
2.93785e-08
2.77207e-08
2.60685e-08
2.44219e-08
2.27798e-08
2.11432e-08
1.95089e-08
1.78815e-08
1.62524e-08
1.46356e-08
1.30033e-08
1.14179e-08
9.73205e-09
8.25929e-09
6.37762e-09
5.37438e-09
2.53859e-09
2.77241e-09
0.0603346
0.0591205
0.0550252
0.0487979
0.039681
0.0269391
0.0100398
-0.0117677
-0.0380104
-0.0679095
-0.0983441
-0.125004
-0.14756
-0.164526
-0.174386
-0.176545
-0.170852
-0.15837
-0.141156
-0.12165
-0.101982
-0.0836474
-0.0674708
-0.0537532
-0.0424482
-0.0333198
-0.0260539
-0.0203269
-0.0158414
-0.0123418
-0.00961669
-0.00749627
-0.0058459
-0.00455967
-0.00355447
-0.00276549
-0.00214321
-0.00165103
-0.00126253
-0.000958102
-0.000721989
-0.000540634
-0.00040246
-0.000298049
-0.000219982
-0.000162319
-0.00012014
-8.93598e-05
-6.67298e-05
-4.98637e-05
-3.7148e-05
-2.75313e-05
-2.02937e-05
-1.48925e-05
-1.08922e-05
-7.94463e-06
-5.77932e-06
-4.1908e-06
-3.02582e-06
-2.17122e-06
-1.54412e-06
-1.08384e-06
-7.4606e-07
-4.98216e-07
-3.16507e-07
-1.83365e-07
-8.59823e-08
-1.48566e-08
3.69041e-08
7.44526e-08
1.0149e-07
1.20823e-07
1.34432e-07
1.43855e-07
1.50147e-07
1.54161e-07
1.56451e-07
1.57501e-07
1.57595e-07
1.57014e-07
1.55898e-07
1.54419e-07
1.52636e-07
1.50664e-07
1.48518e-07
1.46279e-07
1.43942e-07
1.41566e-07
1.39134e-07
1.36695e-07
1.34227e-07
1.31771e-07
1.29301e-07
1.26852e-07
1.24399e-07
1.21975e-07
1.19555e-07
1.17167e-07
1.14785e-07
1.12438e-07
1.10101e-07
1.07798e-07
1.05507e-07
1.03251e-07
1.01007e-07
9.87966e-08
9.65995e-08
9.44355e-08
9.22846e-08
9.01653e-08
8.80591e-08
8.59831e-08
8.392e-08
8.18853e-08
7.98633e-08
7.78679e-08
7.58849e-08
7.39268e-08
7.19806e-08
7.00575e-08
6.81459e-08
6.62557e-08
6.43765e-08
6.2517e-08
6.0668e-08
5.88371e-08
5.70163e-08
5.52119e-08
5.34172e-08
5.16374e-08
4.98667e-08
4.81095e-08
4.6361e-08
4.46246e-08
4.28964e-08
4.1179e-08
3.94693e-08
3.77691e-08
3.60762e-08
3.43917e-08
3.2714e-08
3.10436e-08
2.93794e-08
2.77216e-08
2.60693e-08
2.44227e-08
2.27805e-08
2.11438e-08
1.95095e-08
1.78821e-08
1.6253e-08
1.4636e-08
1.3004e-08
1.1418e-08
9.73345e-09
8.25822e-09
6.3819e-09
5.36842e-09
2.55298e-09
2.74775e-09
0.0576028
0.0563124
0.0519614
0.0454365
0.0360389
0.0231827
0.00650252
-0.0144621
-0.039199
-0.0667916
-0.0948012
-0.119823
-0.141015
-0.156966
-0.166359
-0.168671
-0.163871
-0.152907
-0.13753
-0.119822
-0.101653
-0.0844027
-0.068901
-0.0555171
-0.0442966
-0.0350909
-0.0276567
-0.0217213
-0.0170204
-0.013318
-0.0104125
-0.0081375
-0.00635823
-0.00496656
-0.00387638
-0.00301975
-0.00234417
-0.00181023
-0.001389
-0.00105872
-0.000801964
-0.000603964
-0.000452326
-0.000337035
-0.0002502
-0.000185497
-0.000137708
-0.000102526
-7.65253e-05
-5.7145e-05
-4.25852e-05
-3.16143e-05
-2.33693e-05
-1.72074e-05
-1.26287e-05
-9.242e-06
-6.74485e-06
-4.90702e-06
-3.55579e-06
-2.56265e-06
-1.83286e-06
-1.29663e-06
-9.02766e-07
-6.13547e-07
-4.01345e-07
-2.45751e-07
-1.31845e-07
-4.8568e-08
1.21288e-08
5.62443e-08
8.81106e-08
1.1099e-07
1.27207e-07
1.38545e-07
1.46246e-07
1.51294e-07
1.54346e-07
1.55954e-07
1.56459e-07
1.5618e-07
1.55287e-07
1.5397e-07
1.52309e-07
1.50425e-07
1.48345e-07
1.46153e-07
1.43852e-07
1.41501e-07
1.3909e-07
1.36664e-07
1.34207e-07
1.31758e-07
1.29294e-07
1.26849e-07
1.244e-07
1.21978e-07
1.19559e-07
1.17172e-07
1.14792e-07
1.12445e-07
1.10108e-07
1.07805e-07
1.05515e-07
1.03258e-07
1.01014e-07
9.88036e-08
9.66067e-08
9.44421e-08
9.22914e-08
9.01716e-08
8.80655e-08
8.59889e-08
8.3926e-08
8.18907e-08
7.98688e-08
7.7873e-08
7.589e-08
7.39314e-08
7.19853e-08
7.00618e-08
6.81502e-08
6.62596e-08
6.43804e-08
6.25205e-08
6.06716e-08
5.88404e-08
5.70195e-08
5.52149e-08
5.34201e-08
5.16401e-08
4.98694e-08
4.8112e-08
4.63634e-08
4.46268e-08
4.28985e-08
4.11809e-08
3.94712e-08
3.77709e-08
3.60779e-08
3.43933e-08
3.27155e-08
3.1045e-08
2.93808e-08
2.77228e-08
2.60705e-08
2.44238e-08
2.27815e-08
2.11449e-08
1.95104e-08
1.78829e-08
1.62539e-08
1.46367e-08
1.30049e-08
1.14184e-08
9.73516e-09
8.25731e-09
6.38698e-09
5.36171e-09
2.57208e-09
2.71472e-09
0.0553858
0.0540395
0.0495004
0.0427636
0.0331782
0.020275
0.00381038
-0.0164724
-0.0400437
-0.0659301
-0.0921261
-0.115845
-0.135966
-0.15114
-0.160186
-0.162627
-0.1585
-0.14867
-0.134671
-0.118326
-0.101311
-0.0849152
-0.0699594
-0.0568589
-0.0457253
-0.0364757
-0.0289212
-0.0228293
-0.0179629
-0.0141022
-0.0110543
-0.0086564
-0.00677388
-0.00529728
-0.00413835
-0.00322682
-0.00250786
-0.0019399
-0.00149199
-0.00114067
-0.000867096
-0.000655546
-0.000492949
-0.000368809
-0.000274852
-0.000204438
-0.000152102
-0.000113349
-8.46023e-05
-6.31605e-05
-4.70779e-05
-3.49849e-05
-2.59049e-05
-1.91138e-05
-1.40581e-05
-1.03097e-05
-7.5394e-06
-5.49644e-06
-3.99197e-06
-2.88489e-06
-2.07065e-06
-1.47194e-06
-1.03192e-06
-7.08641e-07
-4.7132e-07
-2.97222e-07
-1.69692e-07
-7.63936e-08
-8.32506e-09
4.12086e-08
7.70597e-08
1.02867e-07
1.21237e-07
1.34157e-07
1.43021e-07
1.48923e-07
1.52604e-07
1.54673e-07
1.55519e-07
1.55488e-07
1.5478e-07
1.53598e-07
1.52037e-07
1.50225e-07
1.482e-07
1.46048e-07
1.43776e-07
1.41446e-07
1.39051e-07
1.36637e-07
1.3419e-07
1.31746e-07
1.29287e-07
1.26845e-07
1.24399e-07
1.21979e-07
1.19562e-07
1.17175e-07
1.14796e-07
1.12449e-07
1.10113e-07
1.0781e-07
1.0552e-07
1.03263e-07
1.01019e-07
9.88086e-08
9.6612e-08
9.44469e-08
9.22964e-08
9.01761e-08
8.80702e-08
8.59932e-08
8.39303e-08
8.18946e-08
7.98728e-08
7.78766e-08
7.58937e-08
7.39347e-08
7.19886e-08
7.00647e-08
6.81532e-08
6.62623e-08
6.43831e-08
6.2523e-08
6.0674e-08
5.88426e-08
5.70217e-08
5.52169e-08
5.34221e-08
5.16418e-08
4.98711e-08
4.81135e-08
4.63649e-08
4.46282e-08
4.28999e-08
4.11822e-08
3.94724e-08
3.7772e-08
3.6079e-08
3.43943e-08
3.27164e-08
3.10458e-08
2.93815e-08
2.77236e-08
2.60712e-08
2.44244e-08
2.27821e-08
2.11454e-08
1.95109e-08
1.78834e-08
1.62543e-08
1.4637e-08
1.30055e-08
1.14184e-08
9.7365e-09
8.25606e-09
6.3921e-09
5.35412e-09
2.59561e-09
2.67296e-09
0.0537055
0.0523203
0.0476499
0.0407694
0.031064
0.0181503
0.00186904
-0.0178996
-0.0406193
-0.0652991
-0.090204
-0.112954
-0.132286
-0.146894
-0.155692
-0.158232
-0.154592
-0.145574
-0.132561
-0.117196
-0.101021
-0.0852535
-0.0707079
-0.0578276
-0.0467692
-0.0374962
-0.0298593
-0.0236558
-0.0186691
-0.0146919
-0.0115385
-0.00904875
-0.00708878
-0.00554823
-0.00433739
-0.0033843
-0.00263245
-0.00203866
-0.00157048
-0.00120313
-0.000916768
-0.000694903
-0.000523967
-0.000393099
-0.000293734
-0.000218988
-0.0001632
-0.000121726
-9.08761e-05
-6.78424e-05
-5.05747e-05
-3.76039e-05
-2.787e-05
-2.05878e-05
-1.51612e-05
-1.11329e-05
-8.15183e-06
-5.95094e-06
-4.3286e-06
-3.13382e-06
-2.25449e-06
-1.60756e-06
-1.13186e-06
-7.82221e-07
-5.25456e-07
-3.37038e-07
-1.98966e-07
-9.79156e-08
-2.41444e-08
2.958e-08
6.85141e-08
9.65854e-08
1.16622e-07
1.30764e-07
1.40529e-07
1.47091e-07
1.51259e-07
1.53684e-07
1.54794e-07
1.54956e-07
1.54391e-07
1.53312e-07
1.5183e-07
1.50073e-07
1.48091e-07
1.45969e-07
1.43721e-07
1.41407e-07
1.39025e-07
1.36619e-07
1.34179e-07
1.3174e-07
1.29285e-07
1.26845e-07
1.24402e-07
1.21982e-07
1.19567e-07
1.1718e-07
1.14802e-07
1.12455e-07
1.1012e-07
1.07817e-07
1.05527e-07
1.03269e-07
1.01026e-07
9.88147e-08
9.66184e-08
9.44527e-08
9.23024e-08
9.01815e-08
8.80759e-08
8.59983e-08
8.39355e-08
8.18994e-08
7.98776e-08
7.78809e-08
7.58981e-08
7.39387e-08
7.19927e-08
7.00684e-08
6.81569e-08
6.62657e-08
6.43865e-08
6.25261e-08
6.06771e-08
5.88454e-08
5.70245e-08
5.52195e-08
5.34246e-08
5.16442e-08
4.98734e-08
4.81157e-08
4.6367e-08
4.46301e-08
4.29017e-08
4.11839e-08
3.9474e-08
3.77736e-08
3.60805e-08
3.43957e-08
3.27177e-08
3.10471e-08
2.93827e-08
2.77247e-08
2.60722e-08
2.44255e-08
2.2783e-08
2.11463e-08
1.95117e-08
1.78842e-08
1.6255e-08
1.46377e-08
1.30063e-08
1.14189e-08
9.73802e-09
8.2553e-09
6.39732e-09
5.34702e-09
2.62215e-09
2.62525e-09
0.0525774
0.0511677
0.0464144
0.0394455
0.0296698
0.01676
0.000610531
-0.018815
-0.0409777
-0.0648856
-0.0889612
-0.111071
-0.129884
-0.144123
-0.152761
-0.155368
-0.152043
-0.143545
-0.131165
-0.116434
-0.100806
-0.0854542
-0.0711833
-0.058454
-0.0474509
-0.0381672
-0.0304793
-0.0242043
-0.0191393
-0.0150858
-0.0118626
-0.0093119
-0.0073003
-0.00571699
-0.00447133
-0.0034903
-0.0027163
-0.0021051
-0.00162324
-0.0012451
-0.000950109
-0.000721307
-0.00054477
-0.000409393
-0.000306408
-0.000228766
-0.000170669
-0.000127375
-9.51141e-05
-7.10095e-05
-5.29421e-05
-3.93772e-05
-2.92e-05
-2.15843e-05
-1.59057e-05
-1.1687e-05
-8.56302e-06
-6.25533e-06
-4.5536e-06
-3.30003e-06
-2.37721e-06
-1.69812e-06
-1.19863e-06
-8.31406e-07
-5.61656e-07
-3.63667e-07
-2.18546e-07
-1.12313e-07
-3.47301e-08
2.17951e-08
6.27901e-08
9.2375e-08
1.13526e-07
1.28486e-07
1.38854e-07
1.45857e-07
1.50352e-07
1.53016e-07
1.54302e-07
1.54593e-07
1.54124e-07
1.53116e-07
1.51685e-07
1.49967e-07
1.48014e-07
1.45911e-07
1.4368e-07
1.41377e-07
1.39003e-07
1.36604e-07
1.34169e-07
1.31733e-07
1.29281e-07
1.26843e-07
1.24402e-07
1.21983e-07
1.19569e-07
1.17182e-07
1.14805e-07
1.12458e-07
1.10123e-07
1.07819e-07
1.0553e-07
1.03272e-07
1.0103e-07
9.88177e-08
9.66218e-08
9.44558e-08
9.23057e-08
9.01845e-08
8.8079e-08
8.6001e-08
8.39384e-08
8.1902e-08
7.98804e-08
7.78833e-08
7.59006e-08
7.3941e-08
7.1995e-08
7.00705e-08
6.8159e-08
6.62676e-08
6.43884e-08
6.25278e-08
6.06789e-08
5.8847e-08
5.70261e-08
5.52209e-08
5.34261e-08
5.16455e-08
4.98747e-08
4.81168e-08
4.63681e-08
4.46311e-08
4.29027e-08
4.11848e-08
3.94749e-08
3.77744e-08
3.60812e-08
3.43964e-08
3.27184e-08
3.10477e-08
2.93832e-08
2.77252e-08
2.60726e-08
2.44259e-08
2.27834e-08
2.11466e-08
1.9512e-08
1.78844e-08
1.62552e-08
1.46379e-08
1.30066e-08
1.14189e-08
9.73885e-09
8.25432e-09
6.40116e-09
5.34082e-09
2.64668e-09
2.5813e-09
0.0520108
0.0505897
0.0457959
0.0387851
0.0289772
0.0160728
-7.90955e-06
-0.0192616
-0.0411488
-0.0646798
-0.0883499
-0.110141
-0.128697
-0.142754
-0.151314
-0.153955
-0.150784
-0.142542
-0.130473
-0.116053
-0.100695
-0.0855491
-0.0714155
-0.0587624
-0.0477882
-0.0385003
-0.0307879
-0.024478
-0.0193744
-0.0152829
-0.012025
-0.00944393
-0.00740655
-0.00580187
-0.00453882
-0.00354381
-0.0027587
-0.00213871
-0.00164992
-0.00126626
-0.000966874
-0.000734546
-0.000555192
-0.000417573
-0.000312808
-0.000233745
-0.000174509
-0.000130304
-9.73246e-05
-7.26648e-05
-5.41762e-05
-4.02958e-05
-2.98827e-05
-2.20907e-05
-1.62806e-05
-1.19643e-05
-8.76804e-06
-6.40712e-06
-4.66611e-06
-3.38346e-06
-2.43901e-06
-1.7438e-06
-1.23231e-06
-8.56198e-07
-5.79879e-07
-3.7706e-07
-2.28391e-07
-1.19555e-07
-4.00557e-08
1.78769e-08
5.99094e-08
9.02557e-08
1.11968e-07
1.2734e-07
1.38011e-07
1.45237e-07
1.49896e-07
1.5268e-07
1.54056e-07
1.54412e-07
1.53992e-07
1.53018e-07
1.51615e-07
1.49915e-07
1.47978e-07
1.45885e-07
1.43662e-07
1.41364e-07
1.38997e-07
1.36599e-07
1.34168e-07
1.31732e-07
1.29283e-07
1.26845e-07
1.24405e-07
1.21986e-07
1.19574e-07
1.17187e-07
1.1481e-07
1.12463e-07
1.10129e-07
1.07824e-07
1.05536e-07
1.03277e-07
1.01035e-07
9.88226e-08
9.6627e-08
9.44605e-08
9.23107e-08
9.0189e-08
8.80837e-08
8.60054e-08
8.3943e-08
8.19061e-08
7.98847e-08
7.78873e-08
7.59047e-08
7.39447e-08
7.19988e-08
7.0074e-08
6.81626e-08
6.62709e-08
6.43918e-08
6.25309e-08
6.0682e-08
5.88499e-08
5.7029e-08
5.52236e-08
5.34288e-08
5.1648e-08
4.98772e-08
4.81192e-08
4.63705e-08
4.46334e-08
4.29049e-08
4.11869e-08
3.94769e-08
3.77763e-08
3.6083e-08
3.43981e-08
3.272e-08
3.10493e-08
2.93847e-08
2.77267e-08
2.6074e-08
2.44272e-08
2.27846e-08
2.11478e-08
1.9513e-08
1.78855e-08
1.62561e-08
1.46389e-08
1.30075e-08
1.14197e-08
9.73992e-09
8.25454e-09
6.40367e-09
5.33821e-09
2.66161e-09
2.55227e-09
-0.469163
-0.252968
-0.144978
-0.469162
-0.252968
-0.343531
-0.349639
-0.439459
-0.343531
-0.34964
0.124126
0.413956
0.307678
0.332124
0.124126
0.413957
0.307678
-0.115457
-0.338751
-0.338751
-0.326058
-0.324563
-0.32534
-0.330809
-0.326058
-0.324563
-0.32534
0.488778
0.43064
0.488778
-0.322314
-0.319942
-0.322314
-0.319942
0.430637
0.488777
0.430638
-0.319944
-0.322328
-0.319944
-0.322328
0.307672
0.33212
0.124118
0.413953
0.307672
0.33212
0.124118
-0.115469
-0.115469
-0.338772
-0.338772
-0.325357
-0.330829
-0.32608
-0.32458
-0.325358
-0.330829
-0.32608
-0.144989
-0.469185
-0.252981
-0.144989
-0.469185
-0.349661
-0.439483
-0.343553
-0.349661
-0.439481
-0.343553
-0.29506
-0.171241
-0.362312
-0.127238
-0.29506
-0.171241
-0.362312
-0.323161
-0.419245
-0.336106
-0.346112
-0.323162
-0.419243
-0.336107
0.102779
0.263891
0.107546
0.193173
0.102779
0.263891
0.107547
-0.42318
-0.440323
-0.411542
-0.46294
-0.412389
-0.463275
-0.422957
-0.319405
-0.331861
-0.327651
-0.325977
-0.319405
-0.331861
-0.327651
-0.108222
-0.327102
-0.331262
-0.32473
-0.334063
-0.324815
-0.334021
-0.327066
-0.315712
-0.321273
-0.321146
-0.315848
-0.312793
-0.310976
-0.310854
-0.312918
-0.325392
-0.322855
-0.320805
-0.329951
-0.320682
-0.331337
-0.325127
0.107538
0.193167
0.10277
0.263885
0.107538
0.193167
0.10277
-0.377136
-0.250673
-0.166711
-0.169018
-0.380175
-0.327676
-0.325999
-0.319434
-0.331882
-0.327676
-0.325999
-0.319434
-0.362331
-0.127249
-0.295077
-0.171254
-0.362331
-0.127249
-0.295077
-0.33613
-0.346132
-0.323183
-0.419266
-0.33613
-0.346132
-0.323184
-0.371283
-0.47076
-0.360578
-0.490771
-0.361579
-0.492006
-0.370434
-0.377118
-0.25066
-0.166698
-0.169005
-0.380157
-0.371285
-0.47076
-0.36058
-0.490771
-0.361581
-0.492005
-0.370436
-0.377118
-0.25066
-0.166698
-0.169005
-0.380157
-0.364026
-0.349655
-0.347212
-0.34741
-0.364194
-0.423179
-0.440323
-0.411542
-0.46294
-0.412389
-0.463275
-0.422957
-0.364026
-0.349655
-0.347213
-0.34741
-0.364194
0.327255
0.122738
0.26102
0.108414
0.260324
0.106548
0.3289
0.374434
0.326717
0.20121
0.433989
0.172427
0.438009
0.377037
0.327255
0.122738
0.26102
0.108415
0.260324
0.106549
0.3289
0.374434
0.326717
0.20121
0.433989
0.172427
0.438009
0.377037
-0.108222
-0.338804
-0.338804
-0.325376
-0.322838
-0.329932
-0.320792
-0.331317
-0.320668
-0.325111
-0.327103
-0.331262
-0.32473
-0.334063
-0.324815
-0.334021
-0.327066
-0.325376
-0.322838
-0.329932
-0.320792
-0.331318
-0.320668
-0.325111
0.530153
0.463114
0.466231
0.528121
0.568285
0.588773
0.589865
0.566885
0.530153
0.463114
0.466231
0.528121
0.568285
0.588773
0.589865
0.566885
-0.312787
-0.310974
-0.310852
-0.312912
-0.315712
-0.321273
-0.321146
-0.315848
-0.312787
-0.310974
-0.310852
-0.312912
0.568284
0.588772
0.589864
0.566884
0.530151
0.463111
0.466227
0.528119
0.568284
0.588772
0.589864
0.566884
0.530151
0.463111
0.466227
0.528119
-0.315721
-0.321286
-0.321159
-0.315858
-0.312793
-0.310976
-0.310854
-0.312918
-0.315722
-0.321286
-0.321159
-0.315858
0.37443
0.326711
0.433985
0.201203
0.438005
0.17242
0.377033
0.32725
0.122729
0.108406
0.261014
0.106541
0.260318
0.328895
0.37443
0.326711
0.433985
0.201203
0.438005
0.17242
0.377032
0.32725
0.12273
0.108406
0.261014
0.106541
0.260318
0.328895
-0.108234
-0.108234
-0.338825
-0.338825
-0.32712
-0.331282
-0.334083
-0.324749
-0.334042
-0.324834
-0.327084
-0.325392
-0.322855
-0.320806
-0.329951
-0.320682
-0.331337
-0.325127
-0.32712
-0.331282
-0.334083
-0.324749
-0.334042
-0.324834
-0.327084
-0.371302
-0.470783
-0.490794
-0.360597
-0.492029
-0.361598
-0.370453
-0.377136
-0.250673
-0.166711
-0.169017
-0.380174
-0.371304
-0.470782
-0.490794
-0.360598
-0.492028
-0.361599
-0.370455
-0.364048
-0.349677
-0.347234
-0.347432
-0.364216
-0.423203
-0.440347
-0.462964
-0.411564
-0.463299
-0.412411
-0.42298
-0.364048
-0.349677
-0.347234
-0.347432
-0.364216
-0.423203
-0.440346
-0.462963
-0.411565
-0.463298
-0.412411
-0.42298
-0.374679
-0.145867
-0.329341
-0.163121
-0.329227
-0.165209
-0.375525
0.32742
0.302631
0.370158
0.275412
0.32742
0.302631
0.370158
-0.363657
-0.347529
-0.378894
-0.350142
-0.363657
-0.347529
-0.378894
0.402688
0.330671
0.419863
0.320483
0.402688
0.330671
0.419863
0.53101
0.431886
0.50521
0.465889
0.506696
0.466976
0.529766
-0.360546
-0.335883
-0.366018
-0.339922
-0.360546
-0.335883
-0.366018
0.419862
0.320482
0.402686
0.330671
0.419862
0.320482
0.402686
0.553369
0.489871
0.562592
0.480322
0.563758
0.481449
0.552178
-0.366021
-0.339934
-0.360558
-0.335887
-0.366021
-0.339934
-0.360558
0.370156
0.27541
0.327417
0.30263
0.370156
0.27541
0.327417
-0.378913
-0.350165
-0.363682
-0.347548
-0.378913
-0.350165
-0.363682
-0.332103
-0.327447
-0.332272
-0.327524
-0.332534
-0.321637
-0.321487
-0.374678
-0.145867
-0.329341
-0.163121
-0.329227
-0.165209
-0.375525
-0.366903
-0.343844
-0.357623
-0.354205
-0.358122
-0.354374
-0.366899
-0.366903
-0.343844
-0.357623
-0.354205
-0.358122
-0.354374
-0.366899
0.553371
0.489871
0.480324
0.562592
0.481451
0.563758
0.552179
0.53101
0.431886
0.50521
0.465888
0.506696
0.466976
0.529766
0.553371
0.489871
0.480324
0.562592
0.481451
0.563758
0.552179
-0.317122
-0.322193
-0.319592
-0.32249
-0.319414
-0.322369
-0.31728
-0.314944
-0.319815
-0.320266
-0.313899
-0.320142
-0.313779
-0.315073
-0.317122
-0.322193
-0.319593
-0.32249
-0.319414
-0.322369
-0.31728
-0.314944
-0.319815
-0.320266
-0.313899
-0.320142
-0.313779
-0.315073
0.531007
0.431883
0.465886
0.505208
0.466973
0.506693
0.529764
0.553369
0.489871
0.562592
0.480323
0.563758
0.481449
0.552178
0.531007
0.431883
0.465887
0.505208
0.466973
0.506693
0.529764
-0.314949
-0.319817
-0.3139
-0.320272
-0.313781
-0.320148
-0.315078
-0.317131
-0.322207
-0.322499
-0.319604
-0.322378
-0.319425
-0.317288
-0.314949
-0.319817
-0.3139
-0.320272
-0.313781
-0.320148
-0.315078
-0.317131
-0.322207
-0.322499
-0.319604
-0.322378
-0.319425
-0.317288
-0.374697
-0.145879
-0.163133
-0.329357
-0.165222
-0.329243
-0.375543
-0.374696
-0.145879
-0.163133
-0.329357
-0.165222
-0.329243
-0.375542
-0.366925
-0.343866
-0.354228
-0.357645
-0.354397
-0.358144
-0.366921
-0.366925
-0.343866
-0.354228
-0.357645
-0.354397
-0.358144
-0.366921
0.102199
0.091144
0.210046
0.0868973
0.209309
0.15494
0.155505
0.102199
0.0911441
0.210046
0.0868974
0.209309
0.15494
0.155505
-0.332082
-0.33225
-0.327427
-0.332512
-0.327504
-0.321616
-0.321466
-0.332082
-0.33225
-0.327427
-0.332512
-0.327504
-0.321616
-0.321466
0.10219
0.21004
0.0911353
0.209303
0.0868884
0.154934
0.155498
0.10219
0.21004
0.0911353
0.209303
0.0868885
0.154934
0.155498
-0.332103
-0.327447
-0.332272
-0.327524
-0.332534
-0.321637
-0.321487
0.0585605
0.149554
0.0759679
0.101867
0.0585605
0.149554
0.0759678
-0.304528
-0.316996
-0.337799
-0.310236
-0.304529
-0.316995
-0.337799
0.250151
0.250595
0.283792
0.213397
0.250151
0.250595
0.283792
-0.36174
-0.353736
-0.381177
-0.348809
-0.36174
-0.353736
-0.381177
0.283788
0.213393
0.250146
0.250592
0.283788
0.213393
0.250146
-0.381204
-0.348839
-0.36177
-0.353763
-0.381204
-0.348839
-0.36177
0.075959
0.101861
0.0585517
0.149548
0.075959
0.101861
0.0585517
-0.33783
-0.310259
-0.304556
-0.317018
-0.33783
-0.310259
-0.304556
)
;

boundaryField
{
    inlet
    {
        type            zeroGradient;
    }
    outlet
    {
        type            fixedValue;
        value           uniform 0;
    }
    top
    {
        type            symmetryPlane;
    }
    bottom
    {
        type            symmetryPlane;
    }
    front
    {
        type            symmetryPlane;
    }
    back
    {
        type            symmetryPlane;
    }
    cylinder
    {
        type            zeroGradient;
    }
}


// ************************************************************************* //
