/*--------------------------------*- C++ -*----------------------------------*\
  =========                 |
  \\      /  F ield         | OpenFOAM: The Open Source CFD Toolbox
   \\    /   O peration     | Website:  https://openfoam.org
    \\  /    A nd           | Version:  11
     \\/     M anipulation  |
\*---------------------------------------------------------------------------*/
FoamFile
{
    format      ascii;
    class       volScalarField;
    location    "18.145138";
    object      p;
}
// * * * * * * * * * * * * * * * * * * * * * * * * * * * * * * * * * * * * * //

dimensions      [0 2 -2 0 0 0 0];

internalField   nonuniform List<scalar> 
7132
(
0.0711066
0.0698489
0.0655201
0.0593073
0.0507179
0.0396766
0.0263163
0.0110236
-0.0053359
-0.0212808
-0.0351457
-0.0448293
-0.0495478
-0.0491026
-0.0438804
-0.0353306
-0.0251093
-0.0147649
-0.00552322
0.00186963
0.00723875
0.0110774
0.0142679
0.017527
0.0210585
0.0246798
0.0281231
0.0312266
0.0340027
0.0365365
0.0388543
0.0407358
0.0416412
0.0410303
0.0389595
0.0363617
0.0344445
0.0338369
0.0343224
0.035266
0.0361331
0.0367078
0.037079
0.0374758
0.0380681
0.0386593
0.038571
0.037066
0.0341579
0.0309478
0.0288577
0.028536
0.0295513
0.0309588
0.0320202
0.0324824
0.032498
0.0324086
0.0324869
0.032608
0.0321544
0.0304403
0.027488
0.0243546
0.0224447
0.0224354
0.0238822
0.0257248
0.027087
0.0276551
0.0275961
0.0272938
0.0270451
0.0267591
0.0259329
0.0240634
0.0212697
0.0184903
0.0169058
0.017093
0.0186768
0.0206844
0.0222288
0.022929
0.0229031
0.0225147
0.0220428
0.021419
0.0202687
0.0182995
0.0157546
0.0134575
0.0123093
0.0126881
0.0142409
0.0161614
0.0176871
0.0184382
0.0184572
0.0180253
0.017372
0.0164687
0.0150968
0.0131657
0.0110028
0.00929102
0.00865323
0.00926032
0.0107502
0.0124725
0.0138369
0.0145344
0.0145646
0.0141091
0.0133311
0.0122504
0.0108112
0.00909271
0.00744918
0.00639303
0.00629229
0.00714709
0.00859549
0.0101221
0.0112941
0.011891
0.011906
0.0114543
0.0106501
0.00954828
0.00820097
0.00677588
0.00559985
0.00503519
0.00527643
0.00623366
0.00757694
0.00890199
0.00988989
0.0103829
0.0103753
0.00994429
0.00917962
0.0081554
0.0069863
0.00586832
0.00510833
0.00494218
0.00550449
0.00658324
0.00798237
0.0091785
0.0101553
0.0104345
0.0103084
0.00963676
0.00773291
0.00747572
0.00061992
0.00785443
0.0716155
0.0703638
0.0660566
0.0598578
0.0512617
0.0401651
0.0266756
0.0111488
-0.00554402
-0.0218904
-0.0361394
-0.0460293
-0.0507989
-0.0502396
-0.0447161
-0.0357795
-0.0251793
-0.0145361
-0.00511894
0.00230705
0.00757644
0.0112397
0.0142658
0.0174285
0.0209329
0.0245701
0.0280493
0.0311959
0.0340186
0.0365994
0.0389624
0.040881
0.04179
0.0411168
0.0389146
0.0361673
0.0341534
0.0335295
0.0340574
0.035062
0.0359859
0.0366071
0.0370156
0.0374416
0.0380586
0.0386671
0.0385672
0.0369932
0.0339602
0.0306193
0.0284594
0.0281531
0.029247
0.0307481
0.031888
0.0324049
0.0324538
0.0323805
0.0324636
0.0325746
0.0320816
0.0302848
0.0272161
0.0239734
0.0220116
0.0220274
0.0235623
0.0255144
0.0269726
0.0276069
0.0275834
0.0272933
0.0270409
0.0267303
0.0258455
0.0238798
0.0209739
0.018107
0.016494
0.0167173
0.0183862
0.020498
0.0221386
0.0229095
0.0229228
0.0225463
0.0220649
0.0214057
0.0201859
0.0181178
0.0154713
0.0131074
0.0119517
0.0123793
0.0140172
0.0160322
0.0176423
0.018456
0.0185108
0.0180874
0.0174169
0.0164671
0.015019
0.0129942
0.010747
0.00899026
0.00836213
0.00902653
0.0106005
0.012409
0.0138452
0.0145927
0.0146485
0.014193
0.0133885
0.0122532
0.0107371
0.0089357
0.00722771
0.00614701
0.00606864
0.00698304
0.00850881
0.0101099
0.0113402
0.011974
0.0120034
0.0115431
0.0107064
0.009549
0.00813096
0.00663666
0.00541324
0.00483786
0.0051072
0.00612113
0.00753238
0.00891994
0.00995436
0.0104739
0.0104722
0.0100265
0.00922625
0.00814777
0.00691468
0.00573843
0.00494305
0.00477538
0.00537041
0.00650597
0.00797211
0.0092284
0.0102558
0.0105602
0.0104584
0.00976239
0.00787003
0.00751512
0.000659523
0.00782455
0.0726305
0.0713923
0.0671304
0.0609648
0.052361
0.04116
0.0274167
0.0114197
-0.00594986
-0.0231218
-0.0381614
-0.0484648
-0.0533302
-0.0525289
-0.0463762
-0.0366413
-0.0252655
-0.0140156
-0.00425154
0.00322835
0.00827756
0.0115658
0.0142438
0.0172052
0.020656
0.0243278
0.0278809
0.0311146
0.0340303
0.0367061
0.0391625
0.0411606
0.0420813
0.0412811
0.0388056
0.0357457
0.0335313
0.0328784
0.0335
0.0346333
0.0356729
0.0363856
0.0368656
0.037348
0.0380147
0.0386592
0.0385357
0.0368191
0.0335257
0.0299108
0.0276064
0.027339
0.028603
0.030302
0.0316034
0.0322291
0.0323406
0.0322968
0.0323896
0.0324829
0.0319111
0.0299427
0.0266314
0.0231624
0.0210947
0.0211669
0.0228867
0.0250666
0.0267217
0.027488
0.0275317
0.0272625
0.0270031
0.0266464
0.0256472
0.0234898
0.0203587
0.0173163
0.0156468
0.015945
0.0177876
0.0201098
0.0219423
0.0228516
0.0229402
0.0225859
0.0220869
0.0213588
0.0200005
0.0177332
0.0148815
0.0123837
0.0112149
0.0117449
0.013558
0.015765
0.0175438
0.0184807
0.0186051
0.018199
0.0174952
0.0164524
0.014849
0.0126315
0.0102108
0.00836219
0.00775548
0.00854018
0.0102884
0.0122734
0.0138553
0.0147031
0.0148101
0.014356
0.0134991
0.0122531
0.0105782
0.00860427
0.00676167
0.00562974
0.0055981
0.00663715
0.00832312
0.0100773
0.0114269
0.012136
0.0121954
0.0117196
0.0108182
0.00954715
0.00798252
0.00634336
0.00502009
0.00442155
0.00474906
0.00588086
0.0074327
0.008949
0.0100789
0.0106531
0.010665
0.0101913
0.00931979
0.00813022
0.00676406
0.00546523
0.00459442
0.00442212
0.00508448
0.00633744
0.00794171
0.00932143
0.0104523
0.0108083
0.010756
0.0100128
0.00814368
0.00758951
0.000751866
0.00770938
0.0741466
0.0729311
0.0687446
0.0626397
0.0540386
0.042696
0.0285825
0.0118731
-0.00654023
-0.0250151
-0.0413086
-0.0522545
-0.0572852
-0.0561286
-0.0489926
-0.0380038
-0.0254135
-0.0132171
-0.00290779
0.00465384
0.00934449
0.0120244
0.0141479
0.0168035
0.0201883
0.0239275
0.0275996
0.030965
0.0340184
0.0368351
0.039432
0.0415533
0.042492
0.0414853
0.0385648
0.0350003
0.0324754
0.0317993
0.0325935
0.0339433
0.0351661
0.0360158
0.0365985
0.0371606
0.0378964
0.0385891
0.0384175
0.0364601
0.0327384
0.0286803
0.0261561
0.0259794
0.0275428
0.029574
0.0311347
0.0319246
0.0321217
0.0321106
0.0322079
0.0322693
0.0315758
0.0293442
0.0256583
0.0218372
0.0196046
0.0197694
0.0217899
0.0243349
0.0262995
0.0272656
0.027404
0.0271597
0.0268882
0.0264627
0.0252872
0.0228301
0.0193468
0.0160342
0.0142869
0.0147163
0.0168399
0.0194913
0.0216159
0.022731
0.0229293
0.0226087
0.0220856
0.0212515
0.0196724
0.0170854
0.0139064
0.0111999
0.0100208
0.0107277
0.0128274
0.0153387
0.0173766
0.0184984
0.0187268
0.0183492
0.0175967
0.0164072
0.0145525
0.0120223
0.00932227
0.00733041
0.006766
0.00775249
0.00978331
0.0120492
0.0138575
0.0148587
0.0150444
0.0145947
0.0136577
0.0122358
0.0103038
0.00804954
0.0059898
0.00477852
0.00482739
0.00607165
0.00801579
0.0100129
0.0115486
0.0123739
0.0124805
0.0119823
0.0109803
0.00952835
0.00772717
0.00585342
0.00436937
0.00373593
0.00416066
0.00548464
0.00726205
0.00898212
0.0102615
0.0109207
0.0109542
0.0104384
0.0094549
0.00808784
0.00650687
0.00500954
0.00401715
0.00383887
0.00461178
0.0060546
0.00787883
0.0094529
0.0107433
0.0111791
0.0112004
0.0103841
0.00854857
0.00767381
0.000918572
0.00740173
0.0761551
0.0749739
0.0709021
0.0648992
0.0563294
0.0448284
0.0302435
0.0125747
-0.00728078
-0.027615
-0.0456985
-0.0575076
-0.0627412
-0.0610685
-0.0525099
-0.0397397
-0.0254491
-0.0119488
-0.000915938
0.00670977
0.0108307
0.0125861
0.0138916
0.0161211
0.0194398
0.0232975
0.0271469
0.0306957
0.0339335
0.0369376
0.0397237
0.0420186
0.0429832
0.0416701
0.0380855
0.033773
0.0308104
0.0301422
0.0312338
0.0329231
0.0344128
0.0354469
0.036156
0.0368074
0.0376145
0.0383545
0.0381062
0.0358032
0.0314609
0.0267521
0.0239091
0.0238907
0.0259321
0.0284776
0.0304222
0.0314349
0.0317266
0.0317297
0.0318128
0.0318269
0.0309719
0.0283854
0.024189
0.0198874
0.0174327
0.017734
0.020184
0.0232483
0.025647
0.0268829
0.0271384
0.0269201
0.0266363
0.0261222
0.0246969
0.0218033
0.0178092
0.014117
0.012283
0.0129317
0.0154743
0.0185941
0.0211194
0.0225081
0.0228511
0.0225803
0.0220313
0.0210488
0.0191458
0.0160879
0.0124328
0.00943158
0.0082542
0.00923663
0.0117625
0.014713
0.0171129
0.0184857
0.0188563
0.0185237
0.0177082
0.0163078
0.0140827
0.011092
0.00798627
0.00579342
0.00530074
0.00658967
0.00903378
0.0117034
0.0138314
0.0150458
0.0153427
0.0149042
0.013857
0.0121811
0.00987208
0.00720632
0.00483141
0.00351009
0.0036825
0.0052288
0.00754683
0.00989121
0.0116902
0.0126794
0.0128547
0.0123292
0.0111864
0.00947347
0.00732696
0.00511051
0.00339384
0.00271349
0.0032834
0.00488765
0.00698997
0.00900057
0.0104915
0.011272
0.0113391
0.010767
0.00962547
0.008002
0.00610775
0.00432064
0.00315207
0.00296734
0.00390217
0.00561913
0.00775697
0.00960575
0.0111179
0.0116655
0.0117858
0.0108695
0.00907484
0.00773972
0.00117886
0.00677736
0.0786427
0.0775113
0.073605
0.0677635
0.0592791
0.0476315
0.0324972
0.0136156
-0.0081298
-0.0310154
-0.0515639
-0.0645075
-0.0700599
-0.0677559
-0.0572541
-0.0420482
-0.0254607
-0.0102193
0.00177612
0.0094602
0.0127479
0.0131682
0.0133239
0.0150054
0.0182991
0.0223659
0.0264705
0.0302558
0.0337168
0.0369441
0.0399624
0.0424809
0.0434691
0.0417081
0.0371583
0.0317762
0.0282428
0.0276767
0.0292702
0.0314777
0.0333419
0.0346082
0.0354487
0.0361557
0.0369819
0.0377363
0.0373961
0.0346997
0.0295961
0.0240183
0.0207008
0.0208725
0.023601
0.0268953
0.0293824
0.0306791
0.0310534
0.0310321
0.0310808
0.0310401
0.0299757
0.0269029
0.0220124
0.017089
0.0143901
0.014928
0.0179728
0.0217301
0.0246949
0.0262694
0.0266625
0.0264776
0.0261905
0.0255637
0.0237868
0.0202773
0.015577
0.0113811
0.00946638
0.0104603
0.0136017
0.0173583
0.0204044
0.022137
0.0226635
0.0224672
0.0218934
0.020706
0.0183468
0.0146359
0.010336
0.00695028
0.0057958
0.0071738
0.0102922
0.0138393
0.0167169
0.0184134
0.0189694
0.018704
0.0178083
0.0161164
0.0133754
0.00975248
0.00610276
0.00365309
0.00327266
0.00498104
0.00798799
0.0112001
0.0137513
0.0152453
0.0156901
0.0152715
0.0140772
0.0120518
0.00922232
0.00599531
0.00320009
0.00174281
0.00209413
0.00405478
0.00687767
0.00968579
0.0118331
0.013039
0.0133077
0.0127493
0.0114166
0.00934569
0.00672541
0.00404393
0.00201883
0.00128561
0.00206103
0.00404773
0.00658719
0.00898482
0.0107562
0.0116981
0.0118126
0.0111677
0.00981206
0.00783698
0.00551368
0.00333391
0.00193213
0.0017467
0.00290648
0.00499428
0.00754969
0.00976096
0.0115606
0.0122548
0.0124976
0.0114517
0.00969499
0.00774404
0.00152614
0.00572507
0.0815901
0.0805282
0.0768534
0.0712563
0.0629448
0.0512047
0.0354805
0.0151362
-0.00900086
-0.0353055
-0.0591424
-0.0734283
-0.0793216
-0.0761923
-0.0630911
-0.0446953
-0.0251539
-0.00771932
0.00543862
0.0130943
0.0151439
0.0136545
0.0122304
0.0132375
0.0165926
0.0210023
0.0254634
0.0295438
0.0332598
0.0367338
0.0400189
0.0428023
0.0437836
0.0413534
0.0354175
0.0285325
0.0242916
0.0240382
0.0264743
0.0294708
0.0318545
0.0333972
0.034334
0.0349898
0.0357131
0.036427
0.035997
0.0328972
0.0269373
0.0203171
0.0163852
0.0167631
0.0203828
0.0246866
0.0279012
0.0295446
0.0299753
0.0298896
0.0299051
0.0298134
0.0284629
0.0247092
0.0188823
0.0131758
0.0102423
0.0111802
0.0150417
0.0196937
0.0233621
0.0253423
0.0258978
0.0257668
0.0254931
0.0247166
0.022459
0.0181318
0.0125234
0.00770329
0.00571888
0.00719492
0.0111373
0.0157186
0.0194145
0.021564
0.0223182
0.0222293
0.0216304
0.020167
0.0172004
0.0126462
0.00753891
0.00368956
0.00258494
0.00448035
0.00836273
0.0126708
0.0161473
0.0182438
0.0190334
0.0188614
0.0178621
0.015783
0.0123663
0.00793575
0.00361202
0.000861428
0.000641041
0.00288829
0.00660916
0.0105047
0.0135855
0.0154289
0.0160623
0.0156723
0.0142852
0.0117993
0.00829319
0.00435283
0.00104004
-0.000568139
2.55809e-05
0.00251689
0.00597781
0.00936794
0.0119513
0.01343
0.0138196
0.0132207
0.0116393
0.00909887
0.00586515
0.00259434
0.000191818
-0.000590211
0.000459242
0.00293546
0.00602719
0.00891054
0.0110337
0.0121806
0.0123581
0.0116209
0.00998512
0.00754958
0.00467124
0.00199398
0.000307878
0.000135698
0.00159072
0.00415017
0.0072284
0.00989055
0.0120433
0.0129209
0.0133074
0.0121003
0.0103649
0.00763994
0.00192788
0.0041883
0.0849702
0.0840026
0.0806417
0.0754002
0.0673915
0.055669
0.0393668
0.0173194
-0.00979142
-0.0406817
-0.0689117
-0.0848516
-0.0913282
-0.0872765
-0.0706745
-0.0480188
-0.024637
-0.00441256
0.0102041
0.0177446
0.0180223
0.013827
0.0102337
0.0104499
0.0140677
0.0190544
0.0240168
0.0284497
0.0324265
0.0361302
0.0396425
0.0426482
0.0435782
0.0402845
0.0324971
0.0235412
0.0183538
0.0187149
0.0225251
0.0267212
0.0298255
0.0316779
0.0326133
0.0330423
0.0335312
0.0341881
0.0336787
0.0300682
0.0230353
0.0152083
0.0106563
0.0113853
0.0161348
0.0217176
0.0258503
0.027902
0.028364
0.0281947
0.0282009
0.0280542
0.0263057
0.0216522
0.0146519
0.00801245
0.00485686
0.00636511
0.0112933
0.0170601
0.0215697
0.0240198
0.0247698
0.0247253
0.0244813
0.0235043
0.0206288
0.0152994
0.00861865
0.00308328
0.00103904
0.00311609
0.00804366
0.0136277
0.0180966
0.0207337
0.0217626
0.0218168
0.0211867
0.0193682
0.0156472
0.0100846
0.00404402
-0.00032026
-0.00134441
0.00117271
0.00596635
0.0111798
0.0153645
0.0179329
0.0190038
0.0189487
0.0178157
0.0152485
0.0110046
0.00561762
0.000523465
-0.00254881
-0.00255835
0.000332476
0.00489641
0.00959679
0.0133013
0.0155588
0.0164198
0.0160629
0.014429
0.0113663
0.00703599
0.00225399
-0.00164511
-0.00340067
-0.00249935
0.000626932
0.00484173
0.00891679
0.0120142
0.013818
0.0143545
0.0137026
0.0118056
0.00867938
0.00469989
0.000735059
-0.00209101
-0.00290381
-0.00151043
0.00155342
0.00529972
0.00875622
0.0112958
0.0126886
0.012944
0.0120893
0.0100995
0.0070904
0.00353714
0.000273849
-0.00172926
-0.00186343
-4.3071e-05
0.00308053
0.00677429
0.00996448
0.012527
0.0136217
0.0141667
0.0127655
0.0110182
0.00737814
0.00232382
0.00219008
0.0887462
0.0879032
0.0849574
0.0802161
0.0726934
0.0611775
0.0443922
0.0204462
-0.0102944
-0.0473132
-0.081314
-0.0989322
-0.105979
-0.100876
-0.0797631
-0.051708
-0.0235509
5.27621e-05
0.0163739
0.0236005
0.0213158
0.0133068
0.00681434
0.00619248
0.0104163
0.0163118
0.0219568
0.0267952
0.0310063
0.0348235
0.0382879
0.0412543
0.042128
0.0381919
0.0285857
0.0170024
0.010201
0.0111899
0.0170044
0.0229842
0.0270955
0.0292799
0.0300601
0.0300745
0.0302719
0.0309108
0.0302921
0.025942
0.017521
0.00830826
0.00320076
0.00454589
0.010736
0.0178751
0.0231039
0.0256211
0.0261066
0.0258623
0.0258919
0.0256728
0.0234116
0.0176856
0.00935588
0.00168931
-0.00169031
0.00050741
0.00670711
0.0137819
0.0192523
0.0222276
0.0232068
0.023285
0.0230808
0.0218521
0.0182497
0.0117966
0.003954
-0.00233654
-0.00442674
-0.0016751
0.00436118
0.0110755
0.0164097
0.0195899
0.0209343
0.0211623
0.0204891
0.0182456
0.0136613
0.00698761
-4.70716e-05
-0.00493726
-0.0058495
-0.00264241
0.00315538
0.00936819
0.0143357
0.017429
0.0188199
0.0188976
0.0175979
0.0144554
0.00927342
0.00284067
-0.00306389
-0.00644806
-0.00620058
-0.00259572
0.00289248
0.00847442
0.012865
0.0155839
0.0167029
0.0163769
0.0144409
0.0107009
0.0054379
-0.000260791
-0.00476867
-0.00664755
-0.0053831
-0.00154985
0.00349379
0.00832017
0.0119846
0.0141524
0.0148553
0.0141328
0.011854
0.00804172
0.00321912
-0.00149976
-0.00475994
-0.00557377
-0.00377749
-5.55886e-05
0.00441409
0.0085022
0.0115036
0.0131737
0.0135177
0.0125164
0.0101005
0.00642022
0.00210327
-0.00179718
-0.0041221
-0.00418554
-0.00194334
0.00181
0.00618033
0.00994869
0.0129578
0.0142941
0.0150025
0.0133761
0.0115737
0.0069208
0.00264578
-0.000158119
0.0928689
0.0921864
0.089775
0.0857139
0.0789225
0.0678999
0.0508363
0.0248721
-0.0102821
-0.0556317
-0.0973208
-0.116921
-0.125122
-0.11893
-0.0915521
-0.0562338
-0.0219637
0.00581982
0.0241792
0.0308393
0.0249251
0.0115318
0.0010613
-0.000383483
0.00510454
0.0124881
0.0190933
0.0243922
0.028742
0.032315
0.0350743
0.0375145
0.0382696
0.0341933
0.0233794
0.00911832
8.23956e-05
0.00133458
0.009584
0.0179872
0.0234687
0.0260148
0.0264763
0.0259424
0.0258659
0.0265326
0.0257251
0.0204239
0.0104083
-0.000303091
-0.00593233
-0.00377406
0.00415078
0.0130977
0.0195674
0.0225964
0.0231152
0.0228227
0.0229034
0.0225933
0.0197506
0.0128843
0.00319391
-0.00550973
-0.00911352
-0.00618786
0.00138158
0.00987448
0.0163759
0.0199079
0.0211413
0.0213696
0.0212095
0.0196979
0.0153232
0.00772268
-0.00127319
-0.00829565
-0.0104129
-0.0069659
0.000214389
0.00810205
0.0143346
0.0180797
0.019761
0.02018
0.0194525
0.0167458
0.0112586
0.00346294
-0.00454343
-0.00992321
-0.0106939
-0.00677697
4.19748e-05
0.00727152
0.0130381
0.0166732
0.0184019
0.0186173
0.0171244
0.0133581
0.00719881
-0.000282943
-0.00696677
-0.01062
-0.0100811
-0.00574124
0.00068328
0.00715567
0.0122429
0.0154377
0.0168276
0.0165228
0.0142424
0.00976729
0.00353363
-0.00307939
-0.00816115
-0.0101205
-0.00845799
-0.00389574
0.00198958
0.00757629
0.0118183
0.0143636
0.0152402
0.0144259
0.0117157
0.00715997
0.00146131
-0.00400614
-0.00766693
-0.00844314
-0.00621018
-0.00180657
0.00340168
0.00813253
0.0116075
0.0135666
0.0140012
0.0128247
0.00992941
0.00552185
0.000410366
-0.00412268
-0.00674017
-0.006698
-0.00400507
0.000398171
0.00545559
0.00980849
0.013268
0.0148526
0.015716
0.0138416
0.0119436
0.00625039
0.00283581
-0.00267793
0.0972753
0.0967942
0.0950539
0.0918929
0.0861515
0.0760474
0.059085
0.0311641
-0.00926385
-0.0660018
-0.11777
-0.138489
-0.147834
-0.141006
-0.105815
-0.0614159
-0.0196777
0.0130106
0.0337518
0.0394284
0.028308
0.00727756
-0.00839129
-0.0102567
-0.00241362
0.00726992
0.0151851
0.0209982
0.0252691
0.0279556
0.0291881
0.0307524
0.0315181
0.0275509
0.0156018
-0.00117801
-0.0123524
-0.0108085
0.000158205
0.0115307
0.0187498
0.0217063
0.021729
0.0205923
0.0202983
0.0210313
0.0199748
0.0136532
0.00205389
-0.0101271
-0.0162796
-0.0132734
-0.0034806
0.00741658
0.0152042
0.0187659
0.019331
0.0190158
0.0191666
0.0187691
0.0153628
0.0074262
-0.00351724
-0.0131734
-0.0169885
-0.013371
-0.00446668
0.00542963
0.0129493
0.0170243
0.0185104
0.0188977
0.0187853
0.017002
0.011901
0.00324745
-0.00678503
-0.0144494
-0.0165671
-0.0124596
-0.00420031
0.00479689
0.0118772
0.0161548
0.0181611
0.0187696
0.0179879
0.0148337
0.00849834
-0.000320955
-0.00918595
-0.0149711
-0.0155753
-0.0109834
-0.00321433
0.00495503
0.011459
0.0155995
0.0176523
0.0179983
0.0163073
0.0119314
0.00485203
-0.00358091
-0.0109376
-0.0147863
-0.0139394
-0.00890302
-0.00161318
0.0056738
0.0113991
0.0150382
0.0166864
0.0163903
0.0137545
0.0085566
0.00140876
-0.00602636
-0.0115886
-0.0135716
-0.0115061
-0.00625513
0.000407367
0.00668956
0.0114626
0.0143621
0.0154033
0.0144807
0.0113264
0.00603983
-0.000481557
-0.00661629
-0.0106016
-0.0112984
-0.00863133
-0.00358291
0.00230991
0.00763181
0.0115451
0.0137767
0.0142916
0.012924
0.00953593
0.00441257
-0.00144613
-0.00654277
-0.00939246
-0.00921578
-0.00608146
-0.00106739
0.0046217
0.00950734
0.0133762
0.0151913
0.0161872
0.0140613
0.0120483
0.00537901
0.00286359
-0.00515983
0.101885
0.101649
0.10073
0.098719
0.0944246
0.085811
0.0695469
0.0400035
-0.00681563
-0.0794071
-0.144687
-0.166824
-0.178671
-0.171188
-0.124537
-0.0677817
-0.0166793
0.0218524
0.0452653
0.0490376
0.0304299
-0.0014639
-0.0241675
-0.0254532
-0.013235
0.000184331
0.00998997
0.0163798
0.0201817
0.0211762
0.0204008
0.0211743
0.0222739
0.0182607
0.00477344
-0.0144307
-0.0273347
-0.0251107
-0.0111641
0.00356013
0.0128035
0.0162288
0.015761
0.0140268
0.0135811
0.0144309
0.0131611
0.00594909
-0.00700144
-0.020465
-0.0271332
-0.0233829
-0.0118178
0.000986282
0.010059
0.0141242
0.0147275
0.0143967
0.0146313
0.0141951
0.0103521
0.00155979
-0.0103937
-0.0208258
-0.0248151
-0.020604
-0.0105299
0.000612922
0.0090301
0.0135671
0.0152614
0.0157925
0.0157397
0.0137547
0.00807879
-0.00141105
-0.0122583
-0.0204113
-0.0224949
-0.0178136
-0.00863889
0.00128974
0.00906884
0.0137765
0.0160508
0.0168287
0.0160149
0.0124988
0.00547658
-0.00415627
-0.0136799
-0.0197427
-0.0201619
-0.0149848
-0.00642638
0.00250464
0.00959477
0.0141388
0.0164624
0.0169237
0.0150653
0.0101755
0.00234046
-0.00684407
-0.0146972
-0.0186426
-0.0174923
-0.0118592
-0.00386233
0.00407074
0.0102962
0.0142914
0.0161562
0.0158611
0.012909
0.00708939
-0.000812058
-0.00888861
-0.0147865
-0.0167304
-0.0142884
-0.00845514
-0.00116346
0.0056667
0.0108568
0.0140434
0.0152212
0.0141905
0.0106362
0.00471955
-0.00247711
-0.00912474
-0.0133221
-0.0139014
-0.0108427
-0.00525248
0.0011941
0.00698335
0.0112442
0.0136976
0.0142726
0.0127219
0.00888742
0.0031441
-0.00332976
-0.00885944
-0.0118545
-0.0115258
-0.00800363
-0.00248348
0.00370825
0.00900803
0.013193
0.0151916
0.0162875
0.013938
0.0118283
0.00434708
0.00272985
-0.00740234
0.106602
0.106657
0.10671
0.106136
0.103763
0.0974451
0.0828226
0.0526138
-0.00171877
-0.097063
-0.179719
-0.198786
-0.214012
-0.208856
-0.148215
-0.0759162
-0.0135184
0.0317485
0.0577592
0.058281
0.0284358
-0.0187453
-0.0501856
-0.0484072
-0.0284264
-0.00918011
0.00328451
0.0102807
0.0131103
0.0117298
0.00888041
0.00919207
0.0109321
0.00678336
-0.00821243
-0.0295181
-0.0438639
-0.0408855
-0.0239375
-0.00575474
0.00563009
0.00955456
0.0085945
0.00629257
0.00575706
0.0068128
0.00550309
-0.00226941
-0.0161502
-0.030568
-0.0376892
-0.0333973
-0.0203679
-0.0059152
0.00426602
0.00872842
0.00931598
0.00894756
0.00928295
0.00891604
0.00487553
-0.00442498
-0.0170275
-0.0279787
-0.0320791
-0.0274174
-0.0164494
-0.00435396
0.00472226
0.00955697
0.011361
0.0119953
0.0120309
0.00998171
0.00398652
-0.00601046
-0.0173589
-0.0257937
-0.0278017
-0.0226771
-0.012838
-0.00226432
0.00596316
0.01092
0.0133554
0.0142666
0.0134736
0.0097585
0.00231489
-0.00781981
-0.0177274
-0.0239048
-0.0241282
-0.0185055
-0.0094009
1.64764e-05
0.00745064
0.0122257
0.0147257
0.0152848
0.0133362
0.00811574
-0.000206518
-0.00985266
-0.017968
-0.0218932
-0.0204655
-0.014393
-0.00592996
0.00239011
0.00889677
0.0131013
0.0151134
0.0148262
0.011658
0.0054127
-0.00298341
-0.0114447
-0.017493
-0.0193306
-0.0165742
-0.0103275
-0.00263536
0.00451296
0.00993737
0.0132979
0.0145687
0.0134599
0.00961841
0.00326415
-0.00437341
-0.0113187
-0.0155892
-0.0160211
-0.0126519
-0.0066862
0.000107802
0.00616791
0.0106278
0.013218
0.0138292
0.012139
0.00797531
0.00179466
-0.00508497
-0.0108666
-0.013903
-0.0134187
-0.00960462
-0.00374641
0.00274608
0.00827386
0.0126285
0.0147358
0.0158956
0.0133922
0.0112511
0.0032163
0.00246162
-0.00923666
0.111309
0.111694
0.112868
0.114004
0.114107
0.111011
0.099401
0.0700977
0.00628084
-0.120127
-0.227882
-0.244778
-0.265028
-0.262038
-0.179769
-0.0863605
-0.0102469
0.0425555
0.0690131
0.0670245
0.0277512
-0.0363783
-0.0832021
-0.0813125
-0.0499904
-0.0215264
-0.00509853
0.0025694
0.0039034
-0.000251139
-0.00503701
-0.00474664
-0.00202639
-0.0060454
-0.0219422
-0.0446781
-0.0602306
-0.056811
-0.037321
-0.0159822
-0.00258595
0.00178885
0.000334867
-0.00251515
-0.00308351
-0.00167337
-0.00270794
-0.0105434
-0.0247915
-0.0397259
-0.047181
-0.0425893
-0.0285609
-0.012915
-0.00195685
0.00269845
0.00315376
0.0026936
0.00315767
0.00303075
-0.000869471
-0.010225
-0.0230258
-0.0341781
-0.0383038
-0.0333622
-0.021858
-0.00921808
0.000167803
0.00504947
0.00680743
0.00748238
0.00765726
0.00574592
-0.000222964
-0.0103084
-0.0217745
-0.0302446
-0.0321312
-0.0267269
-0.016543
-0.00570094
0.0026332
0.00758333
0.0100248
0.0110226
0.0103371
0.00665805
-0.000852582
-0.011097
-0.021058
-0.0271627
-0.0271874
-0.0212988
-0.0119587
-0.00241273
0.00504224
0.00981088
0.0123563
0.0129996
0.011087
0.00580003
-0.00265419
-0.0124021
-0.0205038
-0.0242815
-0.0226221
-0.0163158
-0.00769674
0.000673106
0.00717014
0.0113847
0.0134538
0.0132028
0.0099818
0.00359164
-0.00496038
-0.0134935
-0.01948
-0.0211458
-0.0181656
-0.0117279
-0.0039331
0.00323181
0.0086465
0.0120282
0.0133409
0.012219
0.00827176
0.00175296
-0.00602276
-0.0130068
-0.0171954
-0.0174591
-0.0138944
-0.00777384
-0.000904389
0.00516581
0.00962506
0.0122383
0.0128656
0.0111207
0.00681421
0.000453783
-0.00656245
-0.0123795
-0.0153429
-0.0147132
-0.0107395
-0.00476553
0.00176264
0.00727314
0.0116047
0.0137239
0.0149167
0.0123735
0.0103119
0.0020578
0.00210126
-0.0105365
0.115873
0.116624
0.119032
0.122165
0.125306
0.126773
0.12013
0.0959378
0.0204289
-0.158571
-0.288007
-0.287422
-0.321791
-0.331739
-0.222829
-0.101971
-0.00896785
0.0467125
0.0675573
0.064535
0.0229478
-0.0448604
-0.108205
-0.116538
-0.0766817
-0.0370856
-0.0153143
-0.00679988
-0.00736277
-0.0144475
-0.020929
-0.0201538
-0.0159603
-0.019187
-0.0350143
-0.0582622
-0.0747054
-0.0713145
-0.0501957
-0.0264541
-0.0114674
-0.00682161
-0.00882583
-0.0122387
-0.0127813
-0.0108006
-0.011127
-0.0184156
-0.0323839
-0.0473301
-0.0549468
-0.0503016
-0.0358281
-0.0195919
-0.00832762
-0.00378639
-0.00364755
-0.00428173
-0.00364514
-0.00330714
-0.00665777
-0.0155481
-0.0280435
-0.0390431
-0.0430922
-0.0380528
-0.0264186
-0.0137218
-0.00446402
0.000137836
0.00164329
0.00227781
0.00266811
0.00114859
-0.00438509
-0.0140827
-0.0252414
-0.0334786
-0.0351961
-0.0296965
-0.0195314
-0.00886095
-0.000831271
0.00379563
0.00605018
0.007083
0.00662253
0.00327027
-0.00389098
-0.0138013
-0.0234526
-0.0292848
-0.029116
-0.0231692
-0.0139503
-0.00469233
0.00239981
0.00687481
0.00930874
0.0100305
0.00832215
0.00329427
-0.00487679
-0.0143229
-0.0221126
-0.0256129
-0.0237841
-0.0174839
-0.00906856
-0.00104241
0.00510133
0.00908813
0.0111122
0.0109492
0.0078912
0.00170033
-0.0066157
-0.0148742
-0.0205737
-0.022006
-0.0189165
-0.0125498
-0.00499999
0.00182807
0.00694473
0.0101679
0.0114723
0.0104353
0.00661962
0.000267357
-0.00729995
-0.0140394
-0.0179842
-0.0180688
-0.0144498
-0.00843506
-0.00181016
0.00396265
0.00818467
0.0106889
0.0113218
0.00964558
0.00543789
-0.000791837
-0.00763771
-0.0132538
-0.0160265
-0.0152737
-0.0113002
-0.0054727
0.00078022
0.00598601
0.01007
0.0120922
0.0132965
0.0108668
0.00903044
0.000941796
0.00169615
-0.0112182
0.120147
0.121273
0.124992
0.130271
0.137062
0.144029
0.145388
0.128941
0.0409829
-0.187434
-0.393739
-0.364588
-0.407454
-0.432854
-0.280811
-0.122369
-0.0116575
0.0373087
0.0463031
0.0337298
0.0032996
-0.0555558
-0.127293
-0.147822
-0.104904
-0.0548307
-0.0270994
-0.0176436
-0.020361
-0.0304267
-0.0383244
-0.0364797
-0.0301017
-0.0316019
-0.046254
-0.0690042
-0.0858889
-0.0829975
-0.0613984
-0.0363615
-0.020483
-0.0159048
-0.0186076
-0.022641
-0.0230894
-0.0202611
-0.0193725
-0.0254592
-0.0384823
-0.0529183
-0.0604922
-0.0560139
-0.0416719
-0.0255273
-0.0145278
-0.0104948
-0.0109146
-0.0118241
-0.0109551
-0.00989145
-0.0122488
-0.0201324
-0.0318082
-0.0422945
-0.0461579
-0.0412
-0.0298552
-0.0176266
-0.00898784
-0.00504456
-0.00403196
-0.00352284
-0.00282778
-0.00367215
-0.00833344
-0.0171483
-0.0275653
-0.0352986
-0.0368011
-0.0313975
-0.0216314
-0.0116016
-0.00432513
-0.000373721
0.00147942
0.00249565
0.0023979
-0.000306465
-0.00667441
-0.0157894
-0.0247607
-0.0301225
-0.0297723
-0.0239879
-0.0152675
-0.0067414
-0.000426451
0.00344123
0.0055943
0.00639748
0.00508809
0.000677936
-0.00676859
-0.0154953
-0.0226721
-0.025771
-0.0238467
-0.0178106
-0.00998208
-0.0027194
0.002702
0.0062053
0.00807909
0.00807488
0.00542835
-0.000186201
-0.00785228
-0.0154809
-0.0206692
-0.0218152
-0.0187457
-0.0127324
-0.00579964
0.00031416
0.00482424
0.00769829
0.00895012
0.00811991
0.00470645
-0.00111936
-0.00811493
-0.0143213
-0.0178639
-0.0177683
-0.0142523
-0.00862566
-0.00258886
0.00255747
0.00628934
0.00854685
0.00918556
0.00772788
0.0038932
-0.00186954
-0.00822388
-0.0133987
-0.0158667
-0.0150229
-0.0112256
-0.00582767
-0.000182492
0.00441301
0.0080124
0.00982694
0.0110315
0.00889334
0.00744609
-7.04856e-05
0.0012899
-0.0112393
0.123974
0.125474
0.130478
0.138031
0.148798
0.163057
0.176137
0.184016
0.0830599
-0.18036
-0.455244
-0.404501
-0.512496
-0.575606
-0.370005
-0.152987
-0.0249137
0.00465909
0.0056103
-0.0120417
-0.024948
-0.0713031
-0.141647
-0.171491
-0.130837
-0.0730841
-0.0398351
-0.0295663
-0.0345827
-0.0476534
-0.0566473
-0.0530431
-0.0435892
-0.0423429
-0.0547777
-0.0760824
-0.0928887
-0.0908522
-0.0699285
-0.044883
-0.0290151
-0.0249958
-0.0286451
-0.0333932
-0.0336634
-0.0296703
-0.0270425
-0.0313002
-0.0427632
-0.0562013
-0.0635187
-0.0593853
-0.045715
-0.030351
-0.0202314
-0.0171542
-0.0184103
-0.0197041
-0.0185301
-0.0164696
-0.0173984
-0.0237618
-0.0341373
-0.0437722
-0.0473435
-0.0426302
-0.0319741
-0.020731
-0.0132127
-0.0103248
-0.0100569
-0.00976037
-0.00866116
-0.00854487
-0.0119079
-0.0193675
-0.028633
-0.0356091
-0.0368558
-0.0317324
-0.022733
-0.0138042
-0.00772908
-0.00480961
-0.00357431
-0.0026227
-0.00221489
-0.00395102
-0.00909276
-0.0169698
-0.0249112
-0.0296196
-0.029106
-0.0237017
-0.0158483
-0.00848959
-0.00336133
-0.000412864
0.00129242
0.0021854
0.00147504
-0.00195975
-0.00825071
-0.0158574
-0.0221387
-0.024726
-0.0227865
-0.0172712
-0.0104057
-0.00431733
1.98372e-05
0.0027884
0.00441104
0.00464536
0.00266518
-0.00199739
-0.0086101
-0.0152695
-0.0197389
-0.0205574
-0.0176424
-0.0122641
-0.00631382
-0.00128261
0.00231995
0.00466013
0.00582229
0.00532924
0.00259432
-0.00234793
-0.00841921
-0.0138185
-0.0168141
-0.0165465
-0.0132956
-0.00833853
-0.00322747
0.000971323
0.00396674
0.00584536
0.006498
0.00541785
0.00223548
-0.00272686
-0.00827797
-0.0127831
-0.0148432
-0.0139476
-0.010506
-0.00581885
-0.00110647
0.00258291
0.00546912
0.00697217
0.00817203
0.00650955
0.00561356
-0.00093173
0.000916078
-0.0105988
0.127203
0.129028
0.135213
0.144799
0.159788
0.180734
0.212082
0.211219
0.174125
-0.220269
-0.607623
-0.43883
-0.508731
-0.693114
-0.459604
-0.196623
-0.0634719
-0.0439453
-0.0528021
-0.0541733
-0.0506755
-0.0833516
-0.14622
-0.182093
-0.148914
-0.0888997
-0.0521997
-0.0417773
-0.0493074
-0.0654355
-0.0751494
-0.0689883
-0.0555109
-0.0506205
-0.060035
-0.0791437
-0.0953598
-0.0943645
-0.0750984
-0.0513104
-0.036441
-0.0335771
-0.038496
-0.0440701
-0.0440612
-0.0385793
-0.0337339
-0.0356342
-0.0450359
-0.0570704
-0.0639339
-0.0602711
-0.0477295
-0.0337743
-0.0251313
-0.0234636
-0.0258378
-0.0276179
-0.0260625
-0.0227528
-0.0218697
-0.0262752
-0.0349451
-0.0434414
-0.0466265
-0.042294
-0.032675
-0.0228837
-0.0169512
-0.0154941
-0.0162087
-0.016203
-0.0146056
-0.0132711
-0.0149611
-0.0206557
-0.0284173
-0.0344198
-0.0353782
-0.0306985
-0.0227925
-0.015378
-0.0109117
-0.00935059
-0.008931
-0.00808646
-0.00704275
-0.00752356
-0.011056
-0.017307
-0.0239148
-0.0278152
-0.0271606
-0.022334
-0.0156783
-0.00987642
-0.00630221
-0.00455396
-0.00344715
-0.00245566
-0.00238528
-0.00452299
-0.00927432
-0.015408
-0.02055
-0.0225369
-0.020662
-0.015902
-0.010337
-0.00578787
-0.00285628
-0.00104695
0.000234219
0.000781636
-0.000299187
-0.00367014
-0.0088688
-0.0142606
-0.0178339
-0.0182979
-0.0156661
-0.0111794
-0.00653777
-0.00291426
-0.000484851
0.00115733
0.00219837
0.00216352
0.000359878
-0.00337589
-0.00820818
-0.0125606
-0.0148881
-0.0144652
-0.0116322
-0.00760038
-0.00371526
-0.00074669
0.00129505
0.00267775
0.00335411
0.0027992
0.000525374
-0.00333423
-0.00780319
-0.0114389
-0.0130056
-0.0121017
-0.00918306
-0.00546037
-0.0019678
0.000557369
0.00253001
0.00363049
0.00482123
0.00380339
0.00359949
-0.00161169
0.000593988
-0.00933786
0.129694
0.131778
0.138863
0.150196
0.168455
0.196875
0.241996
0.276325
0.32044
-0.20584
-0.45267
-0.531824
-0.704275
-0.509254
-0.241993
-0.121622
-0.103544
-0.119056
-0.0901101
-0.0697531
-0.0890638
-0.142536
-0.180339
-0.156412
-0.0996529
-0.0625588
-0.053143
-0.0635831
-0.0828358
-0.0928149
-0.0832589
-0.0649548
-0.0558419
-0.0617958
-0.0782451
-0.0934417
-0.0935101
-0.0765994
-0.0551405
-0.0422071
-0.0411204
-0.0476566
-0.0541592
-0.0537573
-0.0464966
-0.0390641
-0.03824
-0.0452434
-0.0555875
-0.0618357
-0.0587158
-0.0476453
-0.0356103
-0.0289604
-0.0291095
-0.0328521
-0.035201
-0.0331934
-0.0284307
-0.0254452
-0.0275725
-0.0342414
-0.0413856
-0.044111
-0.0402614
-0.031952
-0.0239892
-0.0200283
-0.0203171
-0.0222117
-0.02256
-0.0203886
-0.0176345
-0.0173643
-0.020983
-0.0269735
-0.0318395
-0.0324883
-0.0283836
-0.0218315
-0.0162624
-0.0137332
-0.0137948
-0.0143517
-0.0136503
-0.0118697
-0.0108713
-0.012496
-0.0168196
-0.0218603
-0.0248382
-0.0240674
-0.0199804
-0.0147866
-0.0108504
-0.00912085
-0.00879667
-0.0084112
-0.00731786
-0.00632541
-0.00691232
-0.00982037
-0.0142039
-0.0180198
-0.0193453
-0.0176074
-0.0137945
-0.00979748
-0.00707261
-0.00579743
-0.00512587
-0.00426188
-0.00334515
-0.00334199
-0.00514967
-0.00864609
-0.0125354
-0.0150796
-0.0151776
-0.0129402
-0.00955244
-0.00647493
-0.00451008
-0.00346016
-0.00264731
-0.00175562
-0.00123785
-0.00190801
-0.00417748
-0.00751904
-0.0106373
-0.0122083
-0.0116526
-0.00936684
-0.00646495
-0.00403904
-0.00251805
-0.00159957
-0.000807715
-0.000102377
-1.45643e-05
-0.00117273
-0.00368443
-0.00684707
-0.00945704
-0.0104697
-0.00960015
-0.00734371
-0.00478656
-0.00273457
-0.00156977
-0.000666603
-4.23966e-05
0.00112939
0.00089012
0.00147987
-0.00209838
0.000327449
-0.0075392
0.131338
0.13357
0.141197
0.15354
0.173902
0.206783
0.262031
0.32614
0.430148
-0.525261
-0.669574
-0.50827
-0.269129
-0.178483
-0.184081
-0.178447
-0.117538
-0.0798606
-0.0865657
-0.130031
-0.166908
-0.152397
-0.103424
-0.0692531
-0.0623165
-0.0762361
-0.0986412
-0.108345
-0.0946581
-0.071095
-0.0576532
-0.0601257
-0.0737675
-0.0876467
-0.0886732
-0.0744913
-0.0561194
-0.0458832
-0.0471258
-0.0555867
-0.0630819
-0.0621711
-0.0529206
-0.0426973
-0.0389892
-0.0434535
-0.0519614
-0.0574849
-0.0549294
-0.0455401
-0.0357799
-0.031507
-0.0337844
-0.0390808
-0.0420506
-0.0395356
-0.033191
-0.0279383
-0.0276154
-0.032123
-0.0377923
-0.0400121
-0.0367077
-0.0298868
-0.0240092
-0.0222894
-0.024545
-0.0277557
-0.0285012
-0.0257095
-0.0214139
-0.0190121
-0.0203701
-0.0244299
-0.0280628
-0.0283939
-0.024954
-0.0199294
-0.0164261
-0.0160523
-0.0179124
-0.0195547
-0.0190258
-0.0164505
-0.013836
-0.0133673
-0.0155746
-0.0189036
-0.0208934
-0.0200316
-0.0167968
-0.0132399
-0.0113687
-0.0116702
-0.0129162
-0.013338
-0.0121494
-0.0101515
-0.00902765
-0.00989652
-0.0123514
-0.0147265
-0.015362
-0.0138189
-0.011084
-0.00882698
-0.00810422
-0.0086427
-0.00922682
-0.00883737
-0.00752412
-0.00632207
-0.00638905
-0.00799243
-0.0102272
-0.0116635
-0.0113994
-0.00963823
-0.00748663
-0.00613285
-0.00597972
-0.00643839
-0.00654385
-0.00582827
-0.00470378
-0.00411079
-0.00474147
-0.0064248
-0.00818909
-0.00895497
-0.00829188
-0.00664447
-0.00500467
-0.00418099
-0.00423948
-0.00455183
-0.00441765
-0.00368755
-0.00288541
-0.0027916
-0.00378969
-0.00549532
-0.00697986
-0.0074067
-0.00660847
-0.00510988
-0.00384539
-0.00336681
-0.00367887
-0.00394432
-0.00384863
-0.0027153
-0.00209331
-0.000661962
-0.0023972
0.000107195
-0.00532296
0.132072
0.134326
0.142043
0.154543
0.175169
0.208585
0.264729
0.341456
0.50251
-0.468433
-0.540717
-0.409975
-0.251715
-0.220715
-0.261169
-0.218907
-0.13118
-0.0804187
-0.077024
-0.110838
-0.144483
-0.138146
-0.0995252
-0.0709904
-0.0679576
-0.0859407
-0.11139
-0.120228
-0.101973
-0.0733011
-0.0559763
-0.0553444
-0.0663136
-0.0787232
-0.0805228
-0.069137
-0.0542428
-0.0471948
-0.0511577
-0.0617446
-0.0702316
-0.068709
-0.0573813
-0.0443732
-0.0378544
-0.039843
-0.0465138
-0.0512624
-0.04925
-0.0416172
-0.0343076
-0.0326253
-0.0372064
-0.0441485
-0.0477524
-0.0447014
-0.0367422
-0.0292055
-0.0264262
-0.0287589
-0.0329283
-0.0346262
-0.0318909
-0.0266346
-0.0229603
-0.0236089
-0.0279329
-0.0325189
-0.033682
-0.0302616
-0.0243978
-0.0198271
-0.0188823
-0.0209721
-0.0233488
-0.0233691
-0.0206366
-0.0172137
-0.0158665
-0.0177352
-0.0214635
-0.0242387
-0.0239049
-0.0205289
-0.0162637
-0.0136461
-0.0136772
-0.0152509
-0.0162415
-0.0153128
-0.0129839
-0.0111335
-0.0113988
-0.0137957
-0.0166674
-0.0179394
-0.0166747
-0.0136566
-0.010772
-0.00953168
-0.00999385
-0.0108951
-0.0108468
-0.009536
-0.00793548
-0.00747816
-0.00881137
-0.0112133
-0.013101
-0.0132223
-0.0115199
-0.00908712
-0.0073479
-0.00698226
-0.00750601
-0.00781633
-0.0072085
-0.00596704
-0.00510365
-0.00552132
-0.00722123
-0.00922969
-0.0102939
-0.00977949
-0.00804237
-0.0061435
-0.00506723
-0.00502422
-0.00539249
-0.00534755
-0.00460142
-0.00363492
-0.00330235
-0.00411973
-0.00579264
-0.00737293
-0.00793071
-0.00719134
-0.00565836
-0.00426191
-0.00367633
-0.00386133
-0.00418536
-0.00402563
-0.00332472
-0.00262483
-0.00269255
-0.00381989
-0.005636
-0.00710479
-0.00756519
-0.00650018
-0.0049958
-0.00273732
-0.00252766
-8.30898e-05
-0.00283989
0.131883
0.134035
0.141381
0.153167
0.172179
0.202089
0.249692
0.316892
0.436038
-0.394
-0.403469
-0.346985
-0.24259
-0.1991
-0.260024
-0.308261
-0.232406
-0.129599
-0.073077
-0.062643
-0.0874438
-0.116426
-0.116329
-0.0885754
-0.0671708
-0.0689966
-0.0913879
-0.119538
-0.126953
-0.104186
-0.0712652
-0.0510356
-0.0479799
-0.0566101
-0.0675246
-0.0698785
-0.0611094
-0.0497221
-0.0460339
-0.0528773
-0.0656312
-0.0750281
-0.0728223
-0.0594895
-0.0439378
-0.0349131
-0.0346776
-0.0396414
-0.0436228
-0.0420997
-0.0361744
-0.0313093
-0.0322415
-0.0391406
-0.04771
-0.0519178
-0.0483365
-0.0388391
-0.0291588
-0.0240839
-0.0243723
-0.027113
-0.0283077
-0.0261248
-0.0224061
-0.0209078
-0.0238977
-0.0302602
-0.0361958
-0.0377734
-0.0337586
-0.0264017
-0.0197645
-0.016621
-0.0168235
-0.0179959
-0.0177275
-0.0156969
-0.0138459
-0.0146079
-0.0186664
-0.0242192
-0.0281093
-0.0279864
-0.0238588
-0.0180152
-0.0133292
-0.0112583
-0.0111377
-0.0111741
-0.0102002
-0.00876822
-0.00858279
-0.0109212
-0.01535
-0.0198075
-0.0219271
-0.0206178
-0.0166359
-0.0120563
-0.00876939
-0.0072953
-0.00677432
-0.00608267
-0.00501811
-0.00452886
-0.0058124
-0.00912671
-0.0133304
-0.0164962
-0.0171412
-0.0150917
-0.0114833
-0.00799118
-0.0057031
-0.0045605
-0.00378885
-0.00286792
-0.0021463
-0.00253249
-0.00465308
-0.00813275
-0.0116413
-0.0136526
-0.0133613
-0.0110552
-0.00789963
-0.00516003
-0.00342908
-0.0024407
-0.00162236
-0.000813376
-0.000516365
-0.00144435
-0.0038345
-0.00705766
-0.00986944
-0.0111177
-0.0103948
-0.00817202
-0.00551384
-0.00337806
-0.00207237
-0.00126838
-0.00055169
4.05979e-05
-3.91822e-05
-0.00138716
-0.00405072
-0.00730741
-0.00994707
-0.0109637
-0.0100052
-0.00766189
-0.0046546
-0.00251818
-0.000258554
-0.000262608
0.13082
0.13275
0.139356
0.149655
0.165822
0.18899
0.223973
0.267222
0.285164
-0.241415
-0.408174
-0.357742
-0.185894
-0.0980778
-0.15213
-0.277568
-0.310515
-0.217184
-0.115527
-0.0609831
-0.0464146
-0.0627875
-0.0862734
-0.0900729
-0.0720998
-0.0579636
-0.0648369
-0.0914986
-0.121705
-0.127286
-0.100706
-0.0651089
-0.0433573
-0.0387139
-0.0454242
-0.0549034
-0.0575933
-0.0510929
-0.0429346
-0.0424545
-0.0520716
-0.0668408
-0.076978
-0.0740703
-0.0589892
-0.0413705
-0.0303485
-0.0282885
-0.0317774
-0.0350493
-0.0339411
-0.0295699
-0.0269757
-0.0303572
-0.0394196
-0.0494809
-0.05422
-0.0501542
-0.0393077
-0.027776
-0.020719
-0.0192198
-0.0206877
-0.0214267
-0.0197492
-0.0174473
-0.0179591
-0.0231114
-0.0313507
-0.0385258
-0.0404921
-0.0359599
-0.0272849
-0.0188161
-0.0137138
-0.0122243
-0.0123135
-0.0117936
-0.0104148
-0.0100079
-0.0127006
-0.0187604
-0.0259837
-0.0309067
-0.0310035
-0.0262257
-0.018978
-0.0124326
-0.00846111
-0.00680626
-0.00598601
-0.00498632
-0.00438216
-0.00571381
-0.00993358
-0.0162085
-0.0221202
-0.0250399
-0.0237279
-0.018905
-0.012805
-0.00766104
-0.00442275
-0.00261176
-0.001349
-0.000521399
-0.00104382
-0.0038971
-0.00899625
-0.0148347
-0.0191819
-0.020339
-0.0180149
-0.013367
-0.00828898
-0.00424385
-0.00157746
0.000173218
0.00136627
0.0016105
9.97001e-05
-0.00354643
-0.00862542
-0.0134983
-0.0163939
-0.0163416
-0.0135545
-0.0092779
-0.00502672
-0.00175014
0.000476952
0.00199128
0.00284851
0.00253966
0.000484127
-0.00331092
-0.00792762
-0.011864
-0.0137648
-0.0130911
-0.0102718
-0.00648022
-0.00292895
-0.0002544
0.0015802
0.0027967
0.00328453
0.00250161
1.06623e-05
-0.00402511
-0.00857484
-0.0122885
-0.0138336
-0.0130234
-0.00994414
-0.00632328
-0.0024
-0.000424973
0.0022242
0.128968
0.130606
0.136164
0.144633
0.156902
0.173773
0.191329
0.207022
0.168033
-0.168868
-0.489405
-0.390914
-0.262575
-0.11598
-0.0522763
-0.154894
-0.280791
-0.281752
-0.185366
-0.0958468
-0.0477255
-0.0308835
-0.0392688
-0.0568999
-0.0623134
-0.0520902
-0.0442569
-0.0555232
-0.0857124
-0.117039
-0.120639
-0.0916057
-0.0554392
-0.0337244
-0.0283172
-0.0334985
-0.0416349
-0.0444625
-0.0397971
-0.0343673
-0.0366605
-0.048679
-0.0651153
-0.0757451
-0.0721889
-0.0558055
-0.0368034
-0.024443
-0.0210494
-0.0233561
-0.0260117
-0.0252357
-0.0221898
-0.0215536
-0.0270496
-0.0379624
-0.0492705
-0.0544316
-0.0499687
-0.038068
-0.0251094
-0.0165059
-0.0135718
-0.013987
-0.0143433
-0.0131014
-0.012019
-0.014256
-0.0212565
-0.0310917
-0.0393192
-0.0416285
-0.0366955
-0.0269654
-0.0170137
-0.0103054
-0.00741084
-0.00659559
-0.0058748
-0.00506158
-0.0058879
-0.0102186
-0.0179723
-0.0266144
-0.0324312
-0.0327493
-0.0274678
-0.0190773
-0.0109916
-0.00542808
-0.00248287
-0.000948668
5.85377e-05
-4.55925e-05
-0.00265568
-0.00845421
-0.0162836
-0.0234376
-0.0270689
-0.0258026
-0.0203165
-0.0129634
-0.00626046
-0.00152981
0.00136914
0.00310336
0.00372259
0.00235271
-0.00180416
-0.00838863
-0.0156039
-0.0209727
-0.0226064
-0.0201028
-0.0146182
-0.00821803
-0.00268472
0.00127711
0.00385288
0.005268
0.00511284
0.00267456
-0.0022284
-0.0086356
-0.0146623
-0.0183332
-0.0185274
-0.0153812
-0.0101911
-0.00467319
-8.4675e-05
0.00319428
0.00529288
0.00618818
0.00538047
0.00240208
-0.00254692
-0.00832207
-0.0132147
-0.0156964
-0.0151063
-0.0118248
-0.00710168
-0.00235801
0.00148209
0.0041928
0.00582836
0.0062288
0.00486707
0.00144104
-0.00372463
-0.00934909
-0.0139835
-0.0160028
-0.0153807
-0.0117167
-0.00765988
-0.00220183
-0.00057338
0.00443563
0.126452
0.127741
0.132122
0.138465
0.146968
0.15679
0.162624
0.154233
0.079583
-0.130727
-0.328488
-0.294399
-0.236068
-0.111769
-0.0662372
-0.159125
-0.248741
-0.227226
-0.14534
-0.0751635
-0.0353363
-0.0174761
-0.0185448
-0.030118
-0.035246
-0.0304741
-0.0274606
-0.0418361
-0.0742604
-0.105565
-0.10734
-0.0777302
-0.0432972
-0.023077
-0.0175731
-0.0215046
-0.0283767
-0.0311692
-0.0278909
-0.0245675
-0.0289889
-0.0428107
-0.0603945
-0.0712167
-0.0671513
-0.0500802
-0.0305262
-0.0175624
-0.013351
-0.0147834
-0.0169343
-0.01641
-0.0144171
-0.0153275
-0.0224694
-0.0347888
-0.0470075
-0.0524539
-0.0477217
-0.0351507
-0.0212889
-0.0116546
-0.00769428
-0.00731476
-0.00737888
-0.00649099
-0.00637827
-0.00996644
-0.0183944
-0.0294485
-0.0384792
-0.0410702
-0.0358854
-0.0254325
-0.0144313
-0.00654885
-0.0025987
-0.00109688
-0.000237101
0.000120356
-0.00166834
-0.00725823
-0.016306
-0.0260381
-0.0325631
-0.0330974
-0.0274921
-0.0182859
-0.00905975
-0.00229114
0.00164001
0.00371226
0.00470788
0.00405002
0.000466158
-0.00652558
-0.0155364
-0.0236574
-0.0278778
-0.0267081
-0.0207751
-0.0125039
-0.00462094
0.00125594
0.00498855
0.00707249
0.00752442
0.00551659
0.000391007
-0.00730236
-0.0155666
-0.0217468
-0.0238005
-0.021225
-0.0151527
-0.00776527
-0.00109058
0.00387297
0.00708045
0.00865899
0.00820594
0.00508757
-0.00073763
-0.0081343
-0.0150467
-0.0193458
-0.0197837
-0.0164217
-0.0105757
-0.00410469
0.00149267
0.00558357
0.00812767
0.00905204
0.0078812
0.00423452
-0.0015575
-0.00819731
-0.0138298
-0.0167921
-0.0163177
-0.0127346
-0.0073336
-0.00168667
0.00305284
0.00644064
0.00839552
0.00873283
0.00694884
0.00284496
-0.00315182
-0.00958014
-0.0149382
-0.0173552
-0.016954
-0.0128887
-0.0085963
-0.00194673
-0.000679402
0.00620205
0.123414
0.124345
0.127493
0.131784
0.136754
0.141092
0.138793
0.121113
0.0556139
-0.109313
-0.231296
-0.219228
-0.18558
-0.116186
-0.0896165
-0.141887
-0.189534
-0.16868
-0.110456
-0.0582624
-0.0251934
-0.0068716
-0.00177487
-0.00701815
-0.0103918
-0.00883106
-0.00928384
-0.025301
-0.0583451
-0.0884325
-0.0887839
-0.0606531
-0.0300021
-0.0123684
-0.00719202
-0.0100118
-0.0156542
-0.0182593
-0.0159615
-0.0141018
-0.019892
-0.0347629
-0.0528557
-0.0635533
-0.0592079
-0.0421843
-0.0229711
-0.0101301
-0.00557745
-0.00641516
-0.00817274
-0.00783011
-0.00660804
-0.00860209
-0.0168355
-0.0300275
-0.0427581
-0.048339
-0.0435005
-0.0307051
-0.0165192
-0.00640011
-0.00183355
-0.000925394
-0.000796582
-0.000180242
-0.000763381
-0.00527667
-0.014643
-0.0264743
-0.0360162
-0.0388172
-0.0335522
-0.0227533
-0.0111845
-0.0025989
0.00203064
0.00398345
0.00491288
0.00493345
0.00248417
-0.00393547
-0.0138192
-0.0242611
-0.0312766
-0.0320157
-0.0262862
-0.0166303
-0.00671007
0.000834923
0.00541648
0.00783293
0.00879473
0.00775327
0.00353519
-0.00421568
-0.0139841
-0.022754
-0.0274164
-0.0263919
-0.0202493
-0.0114332
-0.00279483
0.00384048
0.008123
0.0104212
0.0107494
0.00833371
0.00261056
-0.00577032
-0.0147114
-0.021458
-0.0238579
-0.0213208
-0.0149333
-0.00693301
0.000491184
0.00612433
0.00974625
0.0114213
0.0107797
0.00725172
0.000874153
-0.00713302
-0.0146257
-0.0193792
-0.0200472
-0.0166199
-0.0104011
-0.00332895
0.00293359
0.00756476
0.0103981
0.011339
0.00995112
0.00591403
-0.000377353
-0.00755263
-0.0136771
-0.0169989
-0.0166662
-0.0129525
-0.0071537
-0.000930014
0.00440529
0.00824355
0.0104045
0.0107026
0.00866576
0.00416506
-0.00233287
-0.00926274
-0.0151187
-0.0178404
-0.0176823
-0.0134142
-0.00908894
-0.00165162
-0.000708991
0.0073895
0.119999
0.120576
0.12254
0.124884
0.126859
0.126582
0.119057
0.0955674
0.0398337
-0.0760272
-0.174223
-0.180565
-0.163034
-0.114705
-0.0887782
-0.116596
-0.144929
-0.128446
-0.086036
-0.0455528
-0.0172076
0.000961146
0.0104771
0.0115522
0.0109585
0.0114737
0.00843847
-0.00821653
-0.0403023
-0.0679084
-0.0672994
-0.0423818
-0.0168885
-0.00240283
0.00226919
0.000529229
-0.00387076
-0.0061483
-0.00449647
-0.00352786
-0.00991845
-0.025019
-0.0429346
-0.0532225
-0.0488989
-0.0326973
-0.014673
-0.00258954
0.00191808
0.00145667
-1.23929e-06
0.000214304
0.000926755
-0.00168642
-0.0104268
-0.0239168
-0.0367335
-0.0422992
-0.0375424
-0.0249958
-0.011069
-0.000988996
0.00379501
0.0049862
0.0052111
0.00562862
0.00461856
-0.000383222
-0.0101736
-0.022312
-0.0320535
-0.0349886
-0.0298254
-0.0190732
-0.00742709
0.00139427
0.00633653
0.00851039
0.00943764
0.00923445
0.00642622
-0.000382432
-0.0106235
-0.0213733
-0.0286455
-0.0295723
-0.0239231
-0.0141938
-0.00403432
0.0038552
0.00875222
0.0113184
0.0122196
0.0109598
0.00644807
-0.00161719
-0.0117017
-0.0207838
-0.0257265
-0.0248896
-0.0187764
-0.00979581
-0.000835339
0.00616435
0.0107097
0.0130838
0.0133243
0.0107245
0.00477593
-0.00386075
-0.0130899
-0.0201407
-0.0228007
-0.0204058
-0.0139765
-0.00574415
0.0020284
0.00799124
0.0118048
0.0135025
0.0127737
0.00910042
0.00254242
-0.00568555
-0.0134377
-0.0184569
-0.019331
-0.0159843
-0.00967671
-0.00236122
0.00421453
0.00910733
0.012068
0.0130056
0.0115377
0.00738274
0.000938688
-0.00643239
-0.0127875
-0.016335
-0.0161613
-0.0124837
-0.00656844
-0.000100908
0.00551803
0.00957281
0.0118204
0.0120957
0.00996741
0.00534721
-0.00131797
-0.00843783
-0.0145533
-0.0174766
-0.0175718
-0.0132974
-0.00912688
-0.00132908
-0.000629319
0.0079216
0.11635
0.116603
0.117472
0.118121
0.117609
0.11399
0.103136
0.0779853
0.0301412
-0.0571651
-0.132016
-0.142662
-0.133839
-0.105027
-0.0879872
-0.102495
-0.115439
-0.100294
-0.0679793
-0.0357476
-0.0111178
0.00636596
0.0182771
0.0246169
0.0276511
0.0288815
0.0239375
0.00664542
-0.0232949
-0.047018
-0.0455326
-0.0248866
-0.00503971
0.00628724
0.0104601
0.00979147
0.0066723
0.00485805
0.00611721
0.00662961
0.000311607
-0.0142332
-0.0313179
-0.0409786
-0.037018
-0.0223495
-0.00620737
0.00464105
0.00883545
0.00860986
0.0073883
0.007516
0.0079347
0.00512134
-0.0035684
-0.0167944
-0.0292822
-0.0346991
-0.0302238
-0.018385
-0.00525081
0.004336
0.00901474
0.0102871
0.0105235
0.0107987
0.00959939
0.00451581
-0.00520376
-0.0171891
-0.0268228
-0.0298182
-0.024936
-0.0146082
-0.00334349
0.00528983
0.0102206
0.0124127
0.0132696
0.0129377
0.0100426
0.00325792
-0.00688057
-0.0175445
-0.0248399
-0.0259329
-0.0205584
-0.0111134
-0.00114164
0.00669419
0.0116024
0.0141407
0.0149506
0.0136144
0.00911812
0.00115605
-0.00881921
-0.0178813
-0.0229385
-0.0223225
-0.0164623
-0.00767565
0.00120072
0.00819891
0.012742
0.0150608
0.0152364
0.0126466
0.00681101
-0.00167442
-0.0108146
-0.0179074
-0.0207338
-0.018571
-0.0123538
-0.00424627
0.00349867
0.00947395
0.0132704
0.0149152
0.0141786
0.0105904
0.00419271
-0.00388568
-0.0115835
-0.0166772
-0.0177242
-0.0145882
-0.00845435
-0.00122935
0.00533057
0.0102247
0.0131592
0.0140648
0.0126286
0.0085954
0.00231838
-0.00492383
-0.0112523
-0.014888
-0.0148802
-0.0113888
-0.00561662
0.000784595
0.00639498
0.0104465
0.012665
0.0129215
0.0108368
0.00634356
-0.000178688
-0.00719001
-0.0133294
-0.0163475
-0.0166938
-0.0125936
-0.00873674
-0.000990442
-0.000421793
0.00779669
0.112597
0.11256
0.112464
0.111665
0.109181
0.103113
0.090301
0.0651925
0.0238719
-0.0423611
-0.100835
-0.116084
-0.114754
-0.096977
-0.0835337
-0.089155
-0.0939454
-0.0804046
-0.0548158
-0.0284008
-0.00673826
0.00982269
0.0225041
0.0319163
0.038277
0.04094
0.0350629
0.0168796
-0.00987799
-0.0282081
-0.0255227
-0.00962056
0.00490811
0.013488
0.0172427
0.0175685
0.0157488
0.0145282
0.0155797
0.0158993
0.0101398
-0.00319785
-0.0189056
-0.0278061
-0.0245286
-0.011928
0.00188527
0.0112149
0.0149472
0.0148916
0.0138793
0.0139475
0.0142282
0.0115479
0.00338562
-0.00907806
-0.0208695
-0.0260333
-0.022033
-0.0113025
0.000606943
0.00935392
0.0136923
0.0149021
0.0150866
0.0152568
0.0140545
0.00923031
1.53858e-05
-0.0114029
-0.0206497
-0.0236391
-0.0192007
-0.00963022
0.000863286
0.00896159
0.0136241
0.0156753
0.0164039
0.0160123
0.0132493
0.00683897
-0.00279142
-0.0130131
-0.0201153
-0.0213495
-0.0164196
-0.00757202
0.00184543
0.00929366
0.0139638
0.016329
0.0170156
0.0157091
0.0114784
0.00397582
-0.00551287
-0.014251
-0.019265
-0.0188904
-0.0134751
-0.00519265
0.00325104
0.00993865
0.0142588
0.0164098
0.0165278
0.0140941
0.00864669
0.000662433
-0.00805018
-0.0149404
-0.017839
-0.0159778
-0.0101884
-0.00251233
0.00488334
0.0106024
0.0142059
0.0157283
0.0150325
0.0117043
0.0057465
-0.00186038
-0.0092185
-0.0142049
-0.0153838
-0.0125639
-0.00682679
2.30987e-05
0.0062875
0.0109632
0.0137401
0.0145797
0.0132509
0.00952357
0.00367818
-0.00315063
-0.00921657
-0.0128073
-0.0129611
-0.00977855
-0.00436876
0.00170284
0.00705682
0.010919
0.0130071
0.0132364
0.0112909
0.00711734
0.000997994
-0.00564146
-0.0115873
-0.0145954
-0.0151779
-0.0114036
-0.00798263
-0.000648608
-9.20822e-05
0.00709232
0.108856
0.108571
0.107648
0.105667
0.101662
0.093933
0.0801058
0.0560628
0.0202601
-0.0314561
-0.0779677
-0.0941165
-0.0963959
-0.0863223
-0.0771853
-0.0786475
-0.0784578
-0.0658902
-0.0449115
-0.0228243
-0.00369356
0.0117898
0.0242988
0.0345806
0.0424867
0.0459454
0.0403575
0.0234074
0.00163096
-0.0110777
-0.00830825
0.00270609
0.0128037
0.0192473
0.0226449
0.0237726
0.0231974
0.0226853
0.023671
0.0238971
0.0189282
0.00722259
-0.00673945
-0.0148255
-0.0124417
-0.00215518
0.00917502
0.016894
0.020113
0.0202146
0.0194171
0.0194512
0.0196867
0.0173592
0.0100757
-0.00123564
-0.0120423
-0.016886
-0.0135263
-0.0042004
0.00619487
0.0138839
0.0177399
0.0188045
0.0189006
0.0189865
0.0179049
0.013589
0.00521694
-0.00529871
-0.013928
-0.0168577
-0.0129957
-0.00444306
0.00498819
0.0123037
0.0165215
0.0183258
0.0188852
0.018475
0.0159946
0.01022
0.00141819
-0.00806747
-0.0147917
-0.0161403
-0.0117884
-0.0037839
0.00479809
0.0116105
0.0158634
0.0179526
0.018488
0.0172761
0.0134849
0.00670977
-0.00199042
-0.0101495
-0.0149798
-0.0148534
-0.0100306
-0.00249437
0.00524831
0.0113929
0.0153287
0.0172289
0.0172837
0.0150956
0.0102273
0.00300993
-0.00499986
-0.0114766
-0.0143544
-0.0128403
-0.00764469
-0.000637325
0.00616271
0.0114236
0.0147043
0.0160496
0.0154127
0.0124525
0.00713046
0.000242833
-0.0065399
-0.0112584
-0.0125221
-0.0100919
-0.00492038
0.00133729
0.00709447
0.011388
0.0139099
0.0146505
0.0134667
0.0101605
0.00493391
-0.00126045
-0.00686682
-0.0102919
-0.0105908
-0.00780453
-0.00292194
0.0026209
0.00753193
0.011066
0.0129473
0.0131334
0.0113794
0.00764926
0.00212052
-0.00394011
-0.00950849
-0.0124098
-0.0132014
-0.0098653
-0.00696045
-0.000319555
0.000326858
0.00595296
0.105225
0.104734
0.103122
0.100197
0.0950532
0.0862313
0.0720067
0.0494354
0.0182174
-0.0231042
-0.0607089
-0.0771403
-0.0822898
-0.0773652
-0.0708846
-0.0697368
-0.0667194
-0.0551462
-0.0374908
-0.0186496
-0.00166352
0.0126687
0.024606
0.0345851
0.0425232
0.0461988
0.0419696
0.0289206
0.0128736
0.00376321
0.00498244
0.0118906
0.0188215
0.0237445
0.0267974
0.0284445
0.0289285
0.0291895
0.0302358
0.0303683
0.0261516
0.0161859
0.00411262
-0.00312031
-0.00162868
0.00643339
0.0153929
0.0215673
0.0242861
0.0245514
0.0239931
0.0240236
0.0242542
0.0223753
0.0161643
0.00625275
-0.00338323
-0.0078788
-0.00526961
0.00249865
0.011258
0.017801
0.021115
0.0220048
0.0220049
0.0220169
0.021116
0.0174507
0.0101399
0.000759845
-0.00708656
-0.00991797
-0.00672243
0.000646732
0.00884375
0.0152372
0.0189153
0.0204195
0.0207907
0.0203783
0.0182592
0.0132773
0.00551795
-0.00302089
-0.00922656
-0.0106618
-0.00697479
2.45915e-05
0.00759156
0.0136157
0.0173469
0.0191036
0.0194696
0.0183787
0.0151182
0.00923426
0.00152797
-0.00586328
-0.010395
-0.0105093
-0.00637383
0.000256315
0.00712358
0.0125791
0.0160342
0.0176354
0.0176155
0.0157078
0.0115175
0.00523047
-0.00188523
-0.00778609
-0.0105607
-0.00941062
-0.00491427
0.00126948
0.00731454
0.0119905
0.0148707
0.0160048
0.0154225
0.012872
0.0082875
0.00227384
-0.00376585
-0.00808859
-0.00938647
-0.00738351
-0.00288265
0.00264397
0.00775956
0.0115699
0.013779
0.0143962
0.0133632
0.0105235
0.0060141
0.000593796
-0.00441083
-0.00757106
-0.00798707
-0.00564346
-0.00138952
0.00349892
0.00784992
0.010971
0.0125995
0.012726
0.0111769
0.00794263
0.00310704
-0.00224155
-0.00729652
-0.010009
-0.0109716
-0.00813901
-0.00578635
-2.14209e-05
0.000780794
0.0045634
0.101786
0.101128
0.0989568
0.0953011
0.0893311
0.0798458
0.0656222
0.0446425
0.0172288
-0.0166022
-0.0476411
-0.0635565
-0.0701185
-0.0684541
-0.0641734
-0.0619876
-0.0575948
-0.046959
-0.0317923
-0.0154794
-0.00033251
0.0128359
0.0240317
0.0333866
0.0407833
0.0445229
0.0420845
0.032984
0.021421
0.0143075
0.014199
0.0184753
0.0233544
0.027199
0.029893
0.0317599
0.0329771
0.0339669
0.035185
0.0352321
0.03154
0.0230802
0.0128312
0.00656506
0.00742201
0.0135746
0.020443
0.0252457
0.0275092
0.0279295
0.0276304
0.0276968
0.0279318
0.0264846
0.0213719
0.0129432
0.00454752
0.000399123
0.00223258
0.00845852
0.0156251
0.0210452
0.0238186
0.0245407
0.0244615
0.0244083
0.023695
0.0207167
0.0145546
0.00642569
-0.000548063
-0.0032577
-0.000765981
0.00536395
0.0122802
0.0177154
0.0208288
0.0220253
0.0222119
0.0217981
0.0200542
0.0159166
0.00929668
0.00181995
-0.00377928
-0.00527428
-0.00228652
0.0036386
0.0101177
0.015295
0.0184687
0.0198792
0.0200713
0.0190995
0.0163852
0.011449
0.00483511
-0.00167787
-0.00583265
-0.00616608
-0.0027536
0.0028992
0.00881338
0.0135184
0.0164582
0.0177472
0.0176427
0.0160071
0.0125075
0.00720776
0.00108217
-0.00414156
-0.00675098
-0.00595234
-0.00219355
0.00309774
0.00831627
0.012354
0.0148059
0.0157181
0.0151752
0.0130221
0.00918734
0.00410276
-0.00110695
-0.00494959
-0.00623503
-0.00465704
-0.000864946
0.00387206
0.0082888
0.0115762
0.0134535
0.0139391
0.0130398
0.0106537
0.00687378
0.00227829
-0.00204908
-0.00487545
-0.0053726
-0.00347617
0.000113029
0.00429572
0.00803802
0.0107133
0.0120738
0.0121307
0.0107729
0.00802527
0.0039013
-0.000684074
-0.00514945
-0.00761348
-0.00870111
-0.00638844
-0.00458102
0.000228209
0.00120663
0.00311458
0.0986058
0.0978161
0.0952005
0.0909911
0.0844402
0.0745885
0.0605977
0.0411486
0.0168532
-0.0115094
-0.0376488
-0.0528482
-0.0603674
-0.0609976
-0.0583449
-0.055695
-0.0506194
-0.040786
-0.0274704
-0.0131061
0.000505641
0.0125921
0.0230117
0.0317299
0.0385497
0.042242
0.0410671
0.0348008
0.0265317
0.0210661
0.0204406
0.0231798
0.0267323
0.0297991
0.0321461
0.0340018
0.0355707
0.0370651
0.0384826
0.0385173
0.0351565
0.0278568
0.0192965
0.0141389
0.0146714
0.0192449
0.0243695
0.028034
0.0298965
0.0304278
0.0303774
0.0305222
0.0307641
0.0296579
0.0255184
0.0184868
0.0112844
0.00747662
0.00861716
0.0134766
0.0192231
0.0236202
0.025891
0.0264692
0.0263418
0.0262374
0.0256845
0.0233396
0.0182882
0.0114054
0.00531505
0.00273618
0.00455006
0.00949799
0.0152024
0.0197279
0.0223028
0.0232149
0.0232401
0.0228204
0.0214172
0.0180825
0.0125859
0.00618795
0.00122614
-0.000303336
0.00200494
0.00687928
0.0122975
0.0166508
0.0192856
0.0203695
0.0203986
0.0195278
0.0173169
0.0132894
0.00776113
0.00215342
-0.00158303
-0.00210297
0.000606201
0.005295
0.010268
0.0142349
0.0166752
0.0176678
0.0174765
0.0160778
0.0132146
0.00886306
0.00372719
-0.000785682
-0.00318214
-0.0027017
0.000339045
0.00474975
0.00915003
0.0125596
0.0145971
0.0152968
0.0147777
0.0129748
0.00983119
0.00563985
0.0012642
-0.00206407
-0.00329679
-0.00210876
0.000998005
0.00496004
0.0086886
0.0114647
0.0130234
0.0133825
0.012592
0.010608
0.00750144
0.00369983
5.58447e-05
-0.00240442
-0.00294436
-0.00146284
0.00148506
0.00497701
0.00812134
0.0103617
0.0114648
0.011451
0.0102566
0.00794415
0.00448164
0.000633945
-0.00322888
-0.00541364
-0.00657827
-0.0047577
-0.00345132
0.000417166
0.00154838
0.0017722
0.0957364
0.094845
0.091885
0.0872676
0.0803233
0.0703084
0.0566725
0.038609
0.0168467
-0.00748652
-0.0299691
-0.0443451
-0.0522943
-0.0543452
-0.0528662
-0.050176
-0.0449477
-0.035908
-0.0240778
-0.0112815
0.00103364
0.0121443
0.0218242
0.0299552
0.0362974
0.039924
0.039634
0.0353822
0.0294725
0.0253594
0.0246633
0.0265307
0.0292243
0.031724
0.0337576
0.0354758
0.0370906
0.0387589
0.0402523
0.0403311
0.0373509
0.0311357
0.0241473
0.0200207
0.020285
0.0235499
0.0273068
0.0300879
0.031602
0.0321696
0.0323122
0.032562
0.032825
0.0319555
0.0285718
0.0227109
0.016562
0.0131104
0.0137389
0.0175048
0.0220677
0.0255817
0.0274051
0.0278621
0.0277179
0.0275841
0.0271534
0.0253306
0.0212496
0.0154985
0.0102293
0.00778465
0.0090085
0.0129294
0.0175777
0.0212979
0.0233901
0.0240572
0.0239554
0.0235291
0.0224056
0.0197651
0.0152815
0.00988899
0.00554081
0.00399966
0.00569775
0.00962576
0.014091
0.0177026
0.0198532
0.0206508
0.0205406
0.0197491
0.0179631
0.0147343
0.010196
0.00544354
0.00212466
0.00145743
0.00353297
0.00734375
0.0114595
0.0147566
0.0167481
0.0174796
0.0172086
0.016002
0.01368
0.0101656
0.00593716
0.00210392
-6.18345e-05
0.000151802
0.00254697
0.00615517
0.00980808
0.0126469
0.0143131
0.0148253
0.0143191
0.0128043
0.0102499
0.00684819
0.00323912
0.000409379
-0.000742642
0.000113149
0.00260628
0.00586561
0.00896861
0.0112828
0.012558
0.0128057
0.0121004
0.0104498
0.00791849
0.00481906
0.00180441
-0.00029567
-0.000845949
0.000279402
0.00265478
0.00552183
0.00812335
0.00997116
0.0108455
0.0107683
0.00970598
0.0077565
0.00486209
0.00166879
-0.00163425
-0.00353992
-0.00473937
-0.0033508
-0.00247546
0.000541443
0.00176941
0.000653083
0.0932184
0.0922505
0.0890295
0.0841185
0.0769187
0.0668678
0.0536288
0.0367616
0.0170254
-0.00433053
-0.0240883
-0.0376896
-0.0458703
-0.0489192
-0.048361
-0.0458192
-0.0406422
-0.0322439
-0.0215242
-0.0099305
0.00133898
0.0116212
0.0206518
0.0282715
0.0342336
0.0378159
0.0381759
0.0353695
0.0311654
0.0281223
0.0275315
0.0289065
0.0310405
0.0331261
0.0348905
0.0364303
0.0379331
0.0395377
0.040961
0.0410962
0.0386254
0.0335321
0.0278838
0.0244728
0.0244063
0.0266679
0.0294382
0.0315723
0.0327871
0.0333133
0.0335588
0.0339019
0.0342052
0.0335054
0.0306599
0.0256906
0.0204178
0.0173526
0.0176779
0.0206189
0.0242347
0.0270189
0.0284573
0.0288056
0.0286625
0.0285239
0.0281849
0.0267552
0.0234444
0.0186303
0.0140645
0.0117598
0.0125312
0.0156396
0.0194309
0.0224758
0.0241529
0.024617
0.0244253
0.0239978
0.0230875
0.0209986
0.0173543
0.0128244
0.00902048
0.0074879
0.00868383
0.0118278
0.0154996
0.0184861
0.0202246
0.0207846
0.0205665
0.0198358
0.0183844
0.0158044
0.0120987
0.00809078
0.00515415
0.00438074
0.0059263
0.00899583
0.0123865
0.0151158
0.0167279
0.0172428
0.0169066
0.0158492
0.0139582
0.0111299
0.0076692
0.00443319
0.00248908
0.00249594
0.00435138
0.00727983
0.0102973
0.0126513
0.0140051
0.0143623
0.0138643
0.0125755
0.0104925
0.00773962
0.00478083
0.00239305
0.00133374
0.00192591
0.0039072
0.00657295
0.00914525
0.0110685
0.0121067
0.0122632
0.0116244
0.0102369
0.00816707
0.00564532
0.00316534
0.00138769
0.000849417
0.0016898
0.00358828
0.00592769
0.00806852
0.00958407
0.0102671
0.0101382
0.0091793
0.00751709
0.00508018
0.00242637
-0.000397787
-0.00205123
-0.0032543
-0.00222048
-0.00169365
0.000607798
0.00186115
-0.000184249
0.0910825
0.0900586
0.0866448
0.0815287
0.0741716
0.064158
0.0513061
0.0354316
0.0172855
-0.00187612
-0.0196143
-0.0325221
-0.0407538
-0.0444125
-0.0444789
-0.0421401
-0.0371468
-0.0293334
-0.0195146
-0.00888609
0.00152815
0.011116
0.0195964
0.0267929
0.0324605
0.036022
0.0368666
0.0351009
0.0321212
0.0298898
0.0294647
0.030574
0.0323473
0.0341321
0.0356734
0.0370378
0.0383898
0.0398479
0.0411401
0.0413252
0.0393348
0.035178
0.0305264
0.0275827
0.0272614
0.0288508
0.0309558
0.032629
0.0335931
0.0340274
0.0342867
0.0346719
0.0350135
0.0344552
0.032012
0.0277209
0.0231622
0.0204685
0.0206231
0.0229417
0.0258232
0.0280326
0.0291526
0.029396
0.0292524
0.0291267
0.0288646
0.0277187
0.0249728
0.0208701
0.0168642
0.0147087
0.0151794
0.0176931
0.0208242
0.0233253
0.0246567
0.0249552
0.0247037
0.0242846
0.0235319
0.0218521
0.0188509
0.015003
0.0116446
0.0101379
0.010959
0.0135045
0.0165592
0.0190463
0.0204485
0.0208186
0.0205238
0.0198425
0.0186414
0.0165535
0.0134968
0.0100871
0.00747213
0.00662982
0.00776507
0.0102537
0.0130718
0.0153477
0.0166549
0.0169989
0.0166154
0.0156725
0.0141075
0.0118051
0.00894726
0.00619491
0.00444476
0.00430141
0.00573529
0.00812621
0.0106379
0.0126044
0.0137091
0.0139455
0.0134555
0.0123392
0.0106148
0.00836209
0.00591565
0.00388777
0.00291708
0.00331277
0.00489437
0.00709045
0.00923994
0.0108512
0.0117019
0.0117888
0.0112027
0.0100163
0.00829846
0.00622311
0.0041653
0.0026519
0.00213602
0.00276129
0.0042864
0.00620728
0.00798013
0.00923014
0.00976198
0.00959395
0.00871526
0.00727202
0.005185
0.00294878
0.00050507
-0.000940801
-0.00213112
-0.00137139
-0.00111147
0.000629361
0.00184007
-0.000739013
0.0893513
0.0882876
0.084736
0.0794814
0.0720333
0.0620893
0.0495784
0.0344895
0.0175512
-2.31407e-05
-0.0162981
-0.0286419
-0.0368692
-0.0409469
-0.0415014
-0.0393871
-0.0345976
-0.0272309
-0.0180651
-0.00814545
0.00162139
0.0106685
0.0187144
0.0255798
0.031029
0.0345842
0.035781
0.034751
0.0326379
0.0310079
0.030752
0.031724
0.0332671
0.0348378
0.0362032
0.037416
0.0386295
0.0399471
0.0411136
0.0413169
0.039661
0.0361637
0.0322143
0.0296199
0.0291738
0.0303475
0.032016
0.0333654
0.0341299
0.0344592
0.0346781
0.0350531
0.0354096
0.0349698
0.0328575
0.0291092
0.0251149
0.0227133
0.0227398
0.024596
0.0269384
0.0287221
0.0295919
0.0297348
0.0295776
0.029467
0.0292716
0.028332
0.0259849
0.022393
0.0188105
0.0168022
0.0170956
0.0191925
0.0218331
0.0239133
0.0249681
0.0251326
0.0248408
0.0244371
0.023801
0.0224109
0.0198698
0.0165211
0.0135007
0.0120328
0.0126018
0.0147232
0.0173253
0.0194317
0.0205695
0.0207922
0.0204458
0.0198067
0.0187862
0.0170496
0.0144636
0.0114984
0.00913209
0.0082517
0.009095
0.0111608
0.013555
0.0154885
0.0165613
0.0167757
0.0163616
0.0155055
0.0141767
0.0122539
0.00983663
0.00744603
0.00584959
0.00560518
0.00673304
0.00872715
0.010861
0.0125347
0.0134502
0.0135968
0.0131159
0.0121279
0.0106645
0.00877542
0.00670558
0.00494832
0.00405173
0.00430979
0.00559918
0.00744674
0.00927913
0.0106548
0.0113642
0.0114004
0.010856
0.00981821
0.00835709
0.00660751
0.00486115
0.0035475
0.00305519
0.00352709
0.00477754
0.00638631
0.00788204
0.00893098
0.00934885
0.0091527
0.00833469
0.00705223
0.00522032
0.00328915
0.00112782
-0.000161097
-0.00133243
-0.000773111
-0.000706402
0.000624552
0.00174478
-0.0010538
0.0880406
0.0869502
0.0833048
0.0779611
0.0704644
0.0605946
0.0483557
0.0338498
0.0177814
0.00131043
-0.0139456
-0.0258564
-0.0340376
-0.0383591
-0.0392174
-0.0372831
-0.0326793
-0.025666
-0.0169921
-0.00760157
0.00168013
0.0103197
0.0180389
0.0246602
0.0299553
0.0335115
0.0349548
0.034426
0.0329016
0.0316941
0.0315812
0.0324878
0.0338882
0.0353123
0.0365473
0.0376415
0.0387448
0.0399528
0.0410225
0.0412279
0.0397877
0.0367257
0.0332469
0.0309064
0.0304127
0.031338
0.0327277
0.0338568
0.0344731
0.0347111
0.0348777
0.035222
0.0355774
0.0352268
0.0333682
0.030024
0.0264329
0.0242281
0.0241578
0.0256997
0.0276781
0.0291688
0.0298553
0.0299113
0.02973
0.0296268
0.029484
0.0286948
0.0266285
0.023396
0.0201195
0.0182323
0.0184196
0.0202308
0.0225233
0.0242971
0.0251444
0.025205
0.0248835
0.0244966
0.0239466
0.0227562
0.0205284
0.0175224
0.0147414
0.0133147
0.0137272
0.0155653
0.0178524
0.0196836
0.0206243
0.0207371
0.020357
0.0197528
0.0188592
0.0173609
0.0150943
0.0124349
0.0102453
0.00934762
0.00999916
0.011778
0.0138783
0.0155683
0.0164709
0.0165921
0.0161598
0.0153681
0.0142032
0.0125383
0.0104206
0.00827911
0.00679275
0.00648453
0.00740589
0.00912711
0.0109974
0.0124639
0.0132445
0.0133283
0.0128572
0.0119614
0.0106789
0.00903838
0.00722576
0.00565514
0.00481257
0.00497941
0.00606926
0.00767543
0.0092857
0.0104948
0.0111045
0.0111068
0.0105946
0.00966237
0.00837906
0.00685277
0.00531978
0.00414416
0.00367015
0.00403838
0.00509965
0.006491
0.00779177
0.00869837
0.00903594
0.00882145
0.00804806
0.00687867
0.0052231
0.00350104
0.00153404
0.00035318
-0.000801341
-0.000380175
-0.000445883
0.000607716
0.00161891
-0.00119732
0.0871614
0.0860545
0.0823513
0.0769551
0.0694351
0.0596243
0.0475736
0.0334521
0.0179463
0.00217127
-0.0124425
-0.024066
-0.0322085
-0.0366817
-0.037758
-0.0359488
-0.0314823
-0.0246967
-0.0163296
-0.00727088
0.00170098
0.0100759
0.0175813
0.0240434
0.0292413
0.0328011
0.0344005
0.0341837
0.0330256
0.0320875
0.0320767
0.0329551
0.0342728
0.0356048
0.0367534
0.0377664
0.0387939
0.0399272
0.0409317
0.0411341
0.0398238
0.0370273
0.0338392
0.0316648
0.0311579
0.0319441
0.0331675
0.0341582
0.0346759
0.0348487
0.0349748
0.0352925
0.0356421
0.035345
0.0336443
0.0305523
0.0272137
0.0251356
0.0250137
0.0263704
0.0281286
0.0294363
0.0300022
0.0299948
0.0297905
0.029688
0.0295792
0.0288886
0.027005
0.0240057
0.0209288
0.0191232
0.0192479
0.0208809
0.0229516
0.0245262
0.0252348
0.0252233
0.0248803
0.0245054
0.0240126
0.0229494
0.020919
0.0181295
0.0155028
0.0141094
0.0144327
0.0160973
0.0181844
0.0198352
0.0206433
0.0206818
0.0202804
0.0197009
0.0188883
0.0175381
0.0154692
0.0130005
0.0109241
0.0100215
0.0105601
0.0121629
0.0140783
0.0156109
0.0164013
0.016461
0.0160184
0.0152696
0.014208
0.0127024
0.010769
0.00878191
0.0073662
0.00702212
0.00781929
0.00937174
0.011076
0.0124097
0.0131025
0.013146
0.0126825
0.0118464
0.0106777
0.00919091
0.00753684
0.006082
0.00527465
0.0053875
0.00635541
0.00781141
0.00928142
0.010384
0.0109294
0.0109101
0.0104196
0.00955496
0.00838312
0.00699522
0.00559403
0.00450416
0.00404275
0.00434835
0.00529308
0.00654857
0.00772593
0.00854138
0.00882725
0.00860115
0.00785666
0.00675877
0.0052133
0.00362057
0.001774
0.000659897
-0.000482042
-0.000145951
-0.000292509
0.000592787
0.00150948
-0.00124198
0.08672
0.0856057
0.0818746
0.0764545
0.0689254
0.059147
0.0471925
0.0332621
0.0180328
0.002595
-0.0117074
-0.0231855
-0.031302
-0.0358389
-0.0370042
-0.0352626
-0.0308675
-0.0242001
-0.0159909
-0.00710209
0.00171164
0.00995199
0.0173497
0.0237333
0.0288848
0.0324482
0.0341247
0.0340586
0.0330763
0.0322685
0.0323092
0.0331768
0.0344556
0.0357423
0.036847
0.0378183
0.0388073
0.0399037
0.0408774
0.0410798
0.0398326
0.0371633
0.0341142
0.0320199
0.0315094
0.0322316
0.0333762
0.0342992
0.034767
0.0349055
0.0350103
0.0353147
0.0356621
0.035391
0.0337654
0.0307935
0.0275759
0.0255595
0.025416
0.0266864
0.0283401
0.0295594
0.0300648
0.0300236
0.0298059
0.0297038
0.0296137
0.0289735
0.0271804
0.0242956
0.0213167
0.0195517
0.0196464
0.0211927
0.0231547
0.0246307
0.0252692
0.0252198
0.0248648
0.0244964
0.0240336
0.0230351
0.0211035
0.018422
0.0158724
0.0144965
0.0147771
0.0163569
0.0183451
0.0199051
0.0206455
0.0206454
0.020233
0.0196665
0.018895
0.0176182
0.0156463
0.0132711
0.0112507
0.0103466
0.0108316
0.0123493
0.0141741
0.0156286
0.0163624
0.016391
0.0159436
0.0152168
0.0142064
0.0127783
0.0109338
0.00902117
0.0076397
0.00727878
0.00801664
0.00948762
0.0111111
0.0123795
0.0130291
0.0130527
0.0125939
0.0117879
0.0106749
0.00926249
0.00768435
0.00628469
0.00549399
0.00558084
0.00649026
0.00787368
0.00927555
0.0103261
0.0108401
0.0108109
0.0103319
0.00950112
0.0083838
0.00706255
0.00572418
0.0046748
0.0042189
0.00449415
0.00538267
0.0065724
0.0076898
0.00846088
0.00872173
0.00849064
0.0077612
0.00669895
0.00520711
0.00367658
0.00188717
0.000804373
-0.000332248
-3.71612e-05
-0.000223294
0.000582837
0.0014447
-0.00124605
-0.632501
-0.358715
-0.220269
-0.632501
-0.358712
-0.468821
-0.478089
-0.607623
-0.468821
-0.478088
0.0714268
0.409614
0.27011
0.320441
0.0714286
0.409614
0.270111
-0.205837
-0.462359
-0.462358
-0.451886
-0.45557
-0.461087
-0.452669
-0.451885
-0.455569
-0.461087
0.499545
0.430148
0.499545
-0.467223
-0.45813
-0.467222
-0.458128
0.449948
0.50251
0.449948
-0.443308
-0.422074
-0.443307
-0.422073
0.344908
0.354443
0.152008
0.436037
0.344909
0.354443
0.15201
-0.0978926
-0.09789
-0.423024
-0.423024
-0.400205
-0.404835
-0.398654
-0.393999
-0.400204
-0.404835
-0.398653
-0.137268
-0.527647
-0.241413
-0.137268
-0.527647
-0.434137
-0.517023
-0.42895
-0.434137
-0.517021
-0.428951
-0.395518
-0.245311
-0.486157
-0.18036
-0.395518
-0.245311
-0.486158
-0.439387
-0.571773
-0.473031
-0.455244
-0.439388
-0.571771
-0.473032
0.062642
0.24856
0.0572236
0.174125
0.0626424
0.24856
0.0572251
-0.582194
-0.608937
-0.564489
-0.637676
-0.565858
-0.638214
-0.5817
-0.429778
-0.451436
-0.437975
-0.438829
-0.429777
-0.451435
-0.437975
-0.197429
-0.449496
-0.453657
-0.437851
-0.461272
-0.43817
-0.460967
-0.449336
-0.456328
-0.461137
-0.460714
-0.456788
-0.413972
-0.428236
-0.427884
-0.414311
-0.393822
-0.3947
-0.399645
-0.395006
-0.399322
-0.394436
-0.394282
0.134591
0.212304
0.121122
0.285164
0.134592
0.212304
0.121123
-0.390885
-0.23892
-0.157476
-0.159552
-0.394388
-0.400937
-0.416661
-0.392709
-0.408173
-0.400936
-0.416661
-0.392709
-0.394548
-0.11948
-0.315449
-0.168868
-0.394548
-0.11948
-0.315449
-0.41715
-0.38473
-0.377613
-0.489403
-0.41715
-0.384729
-0.377614
-0.509876
-0.634753
-0.492174
-0.662517
-0.493489
-0.664103
-0.508986
-0.511752
-0.35617
-0.257196
-0.25993
-0.515561
-0.509879
-0.634754
-0.492177
-0.662517
-0.493493
-0.664103
-0.508988
-0.511751
-0.356168
-0.257194
-0.259929
-0.515559
-0.4998
-0.478175
-0.474025
-0.47445
-0.49978
-0.582194
-0.608937
-0.564489
-0.637676
-0.565859
-0.638214
-0.5817
-0.4998
-0.478174
-0.474024
-0.474449
-0.49978
0.304782
0.0702004
0.232353
0.0510611
0.231444
0.0492031
0.306791
0.355333
0.291718
0.153634
0.419742
0.119961
0.424381
0.358386
0.304782
0.0702016
0.232354
0.051063
0.231445
0.0492046
0.306792
0.355334
0.291719
0.153635
0.419742
0.119962
0.424382
0.358386
-0.197427
-0.462589
-0.462588
-0.455881
-0.451789
-0.459152
-0.44535
-0.462086
-0.444989
-0.455137
-0.449495
-0.453656
-0.437849
-0.461271
-0.438169
-0.460966
-0.449335
-0.45588
-0.451788
-0.459151
-0.445349
-0.462085
-0.444988
-0.455135
0.527734
0.450552
0.454153
0.52538
0.573372
0.60159
0.602772
0.571786
0.527735
0.450552
0.454153
0.52538
0.573373
0.60159
0.602773
0.571787
-0.451778
-0.441862
-0.441511
-0.452165
-0.456327
-0.461136
-0.460713
-0.456786
-0.451777
-0.44186
-0.441509
-0.452163
0.593455
0.608441
0.609563
0.592075
0.559326
0.495087
0.498114
0.55737
0.593455
0.608441
0.609563
0.592076
0.559326
0.495087
0.498114
0.55737
-0.401105
-0.389925
-0.389543
-0.401376
-0.413971
-0.428234
-0.427882
-0.414309
-0.401104
-0.389924
-0.389542
-0.401375
0.405559
0.363381
0.465065
0.236316
0.469
0.208301
0.407951
0.356496
0.150545
0.140849
0.286819
0.139274
0.286213
0.357941
0.40556
0.363382
0.465066
0.236317
0.469
0.208303
0.407951
0.356498
0.150546
0.14085
0.28682
0.139275
0.286215
0.357942
-0.090429
-0.090427
-0.422899
-0.422899
-0.399472
-0.404568
-0.399833
-0.402231
-0.399938
-0.402026
-0.399765
-0.393821
-0.394699
-0.399644
-0.395006
-0.39932
-0.394436
-0.394281
-0.399471
-0.404567
-0.399832
-0.402231
-0.399937
-0.402025
-0.399764
-0.405973
-0.529362
-0.553434
-0.391534
-0.554584
-0.392555
-0.405387
-0.390884
-0.238918
-0.157474
-0.15955
-0.394386
-0.405974
-0.529361
-0.553434
-0.391536
-0.554584
-0.392557
-0.405389
-0.447247
-0.43422
-0.433175
-0.433341
-0.44748
-0.51031
-0.517852
-0.545941
-0.494138
-0.546112
-0.494988
-0.51013
-0.447246
-0.434219
-0.433175
-0.43334
-0.44748
-0.51031
-0.51785
-0.54594
-0.494139
-0.54611
-0.494987
-0.510131
-0.508413
-0.221447
-0.445022
-0.247675
-0.444999
-0.250313
-0.50952
0.325307
0.306191
0.371783
0.276325
0.325307
0.306191
0.371784
-0.636599
-0.537648
-0.662762
-0.531825
-0.636599
-0.537648
-0.662762
0.40836
0.339041
0.429296
0.32614
0.40836
0.339041
0.429296
0.536979
0.431506
0.507725
0.470046
0.509296
0.47122
0.535674
-0.619311
-0.506303
-0.607999
-0.525261
-0.619311
-0.506303
-0.607999
0.43275
0.33318
0.417941
0.341456
0.43275
0.33318
0.417941
0.573567
0.503653
0.579861
0.496565
0.581082
0.49773
0.572321
-0.53367
-0.436003
-0.488697
-0.468433
-0.53367
-0.436003
-0.488696
0.387351
0.291134
0.345521
0.316892
0.387351
0.291134
0.345522
-0.421307
-0.381591
-0.36165
-0.403469
-0.421306
-0.38159
-0.361649
-0.40807
-0.409198
-0.412428
-0.409028
-0.412053
-0.406872
-0.407001
-0.508412
-0.221447
-0.445021
-0.247675
-0.445
-0.250313
-0.509518
-0.504229
-0.469263
-0.49168
-0.488769
-0.492499
-0.488927
-0.503979
-0.504229
-0.469264
-0.49168
-0.488769
-0.492499
-0.488927
-0.503978
0.563478
0.500701
0.487492
0.576402
0.4887
0.577623
0.562227
0.536979
0.431507
0.507725
0.470045
0.509297
0.47122
0.535674
0.563478
0.500701
0.487492
0.576402
0.4887
0.577623
0.562227
-0.452513
-0.466984
-0.454077
-0.469574
-0.453772
-0.469333
-0.452801
-0.447717
-0.457886
-0.460503
-0.439654
-0.460277
-0.439472
-0.447937
-0.452513
-0.466984
-0.454077
-0.469573
-0.453772
-0.469333
-0.452799
-0.447716
-0.457886
-0.460502
-0.439651
-0.460277
-0.439471
-0.447936
0.553281
0.451221
0.48416
0.529203
0.485272
0.530752
0.551992
0.573568
0.503653
0.579861
0.496565
0.581082
0.49773
0.572321
0.553282
0.451222
0.48416
0.529203
0.485272
0.530752
0.551992
-0.416801
-0.443117
-0.427949
-0.434956
-0.427806
-0.434782
-0.416921
-0.406417
-0.421982
-0.423857
-0.395431
-0.423758
-0.39558
-0.406464
-0.4168
-0.443117
-0.427947
-0.434955
-0.427805
-0.434782
-0.41692
-0.406417
-0.421981
-0.423856
-0.395431
-0.423758
-0.39558
-0.406463
-0.392967
-0.138136
-0.154137
-0.340524
-0.156238
-0.340382
-0.394071
-0.392965
-0.138135
-0.154137
-0.340523
-0.156237
-0.340381
-0.394069
-0.449699
-0.429212
-0.445481
-0.437978
-0.445555
-0.438369
-0.44969
-0.449698
-0.429211
-0.445481
-0.437978
-0.445555
-0.438368
-0.44969
0.0510809
0.041297
0.177455
0.0364178
0.176525
0.118734
0.119454
0.051082
0.0412978
0.177456
0.0364189
0.176526
0.118735
0.119455
-0.451974
-0.450008
-0.436809
-0.450781
-0.437172
-0.424341
-0.423675
-0.451973
-0.450007
-0.436808
-0.45078
-0.437171
-0.424339
-0.423674
0.129262
0.23368
0.114256
0.233025
0.110167
0.175653
0.176158
0.129263
0.233681
0.114256
0.233026
0.110168
0.175655
0.176159
-0.408069
-0.409198
-0.412428
-0.409027
-0.412052
-0.406872
-0.407001
0.0253208
0.12962
0.0393314
0.0830599
0.025321
0.12962
0.0393317
-0.418229
-0.424272
-0.459834
-0.4045
-0.418229
-0.424271
-0.459833
0.24367
0.249938
0.279054
0.211219
0.24367
0.249939
0.279054
-0.610802
-0.521311
-0.638155
-0.508731
-0.610802
-0.521311
-0.638155
0.301995
0.230925
0.268609
0.267222
0.301995
0.230925
0.268609
-0.332608
-0.347408
-0.268587
-0.357741
-0.332607
-0.347407
-0.268587
0.0916757
0.120585
0.074073
0.168033
0.0916761
0.120585
0.0740731
-0.396339
-0.351333
-0.321041
-0.390913
-0.396338
-0.351333
-0.321041
)
;

boundaryField
{
    inlet
    {
        type            zeroGradient;
    }
    outlet
    {
        type            fixedValue;
        value           uniform 0;
    }
    top
    {
        type            symmetryPlane;
    }
    bottom
    {
        type            symmetryPlane;
    }
    front
    {
        type            symmetryPlane;
    }
    back
    {
        type            symmetryPlane;
    }
    cylinder
    {
        type            zeroGradient;
    }
}


// ************************************************************************* //
