/*--------------------------------*- C++ -*----------------------------------*\
  =========                 |
  \\      /  F ield         | OpenFOAM: The Open Source CFD Toolbox
   \\    /   O peration     | Website:  https://openfoam.org
    \\  /    A nd           | Version:  11
     \\/     M anipulation  |
\*---------------------------------------------------------------------------*/
FoamFile
{
    format      ascii;
    class       volScalarField;
    location    "14.156309";
    object      p;
}
// * * * * * * * * * * * * * * * * * * * * * * * * * * * * * * * * * * * * * //

dimensions      [0 2 -2 0 0 0 0];

internalField   nonuniform List<scalar> 
7132
(
0.0750935
0.0739163
0.0698737
0.0640314
0.0559033
0.0453446
0.0324275
0.0173967
0.00103961
-0.0153712
-0.0301597
-0.0413581
-0.047931
-0.0495253
-0.0461642
-0.0389346
-0.0293504
-0.0189065
-0.00891114
-0.000332762
0.00623742
0.0106984
0.0135832
0.0158327
0.0182366
0.0210466
0.0240799
0.027042
0.0297402
0.0321656
0.0344013
0.0364863
0.0382277
0.039093
0.03849
0.0363797
0.0336387
0.0315297
0.0307821
0.0312366
0.0322338
0.0331841
0.0338267
0.0342257
0.0346057
0.0351486
0.0356908
0.0355838
0.0340752
0.0311219
0.0277969
0.0255831
0.0252216
0.0263201
0.0278908
0.0291289
0.0297376
0.0298526
0.0298131
0.0298991
0.0300064
0.0295417
0.0278206
0.024839
0.0216445
0.0196944
0.0197443
0.0213775
0.0234791
0.0250893
0.0258419
0.0258986
0.025672
0.0255096
0.0253617
0.0247073
0.0229431
0.0200748
0.0170394
0.0151886
0.015333
0.017222
0.0197981
0.0219574
0.0231256
0.0233531
0.0230684
0.0227131
0.0223589
0.0215812
0.0197848
0.0168577
0.0135608
0.0111979
0.010778
0.0124078
0.0152908
0.0182653
0.0204047
0.0213486
0.0212907
0.0207285
0.0200637
0.0192323
0.0176952
0.0149102
0.0109724
0.00681893
0.00375793
0.00268051
0.00359653
0.00572701
0.00799976
0.00954214
0.0099186
0.00912288
0.00741306
0.00505986
0.00215918
-0.00132949
-0.00530356
-0.00925682
-0.0123496
-0.0138167
-0.0133928
-0.0114359
-0.00873348
-0.00615022
-0.0043714
-0.00383497
-0.00479708
-0.00743101
-0.0118496
-0.0180182
-0.0255755
-0.033666
-0.0409575
-0.0459294
-0.047377
-0.044877
-0.0389731
-0.0309694
-0.0224187
-0.0146158
-0.0083027
-0.00368458
-0.000577337
0.00129964
0.00228305
0.00245161
0.00210036
0.000931033
-0.000203264
-0.00241854
-0.00283114
-0.00591914
-0.00236696
-0.00903207
0.0054494
-0.017637
0.0755694
0.0743998
0.0703841
0.0645642
0.0564421
0.0458453
0.0328223
0.0175827
0.000920792
-0.0158752
-0.0310407
-0.0424759
-0.0491504
-0.0507124
-0.0471358
-0.0395693
-0.0296148
-0.0188364
-0.00859477
0.000116509
0.0066925
0.0110391
0.0137389
0.0158156
0.0181164
0.0208971
0.023947
0.0269465
0.0296893
0.0321619
0.0344452
0.0365756
0.0383557
0.0392295
0.0385712
0.0363339
0.0334402
0.0312274
0.0304584
0.0309571
0.032021
0.0330341
0.0337277
0.0341668
0.034577
0.0351433
0.0357002
0.035579
0.034
0.030919
0.0274568
0.025166
0.024816
0.0259963
0.0276683
0.0289931
0.029663
0.0298154
0.0297937
0.0298835
0.0299773
0.0294685
0.0276596
0.0245562
0.021246
0.0192376
0.019308
0.0210296
0.0232457
0.0249586
0.0257832
0.025879
0.0256657
0.0254996
0.0253265
0.0246108
0.0227425
0.019748
0.0166087
0.0147156
0.014888
0.0168606
0.0195461
0.0218122
0.0230642
0.0233428
0.0230786
0.0227214
0.0223402
0.021496
0.0195875
0.0165235
0.0131096
0.0106928
0.0102965
0.0120093
0.015002
0.0180835
0.020313
0.0213243
0.0213084
0.0207627
0.0200883
0.01921
0.0175785
0.0146592
0.0105803
0.00632469
0.00323619
0.00221503
0.00325203
0.00553323
0.00794901
0.00960361
0.0100534
0.00929124
0.00757354
0.00516618
0.00215939
-0.00147863
-0.00561577
-0.0097014
-0.0128549
-0.0142914
-0.013753
-0.0116275
-0.00873772
-0.00598433
-0.00407808
-0.0034713
-0.00442489
-0.00711386
-0.0116518
-0.0180024
-0.0257924
-0.0341381
-0.0416649
-0.0468066
-0.0483237
-0.0457814
-0.0397353
-0.0315265
-0.0227524
-0.0147469
-0.00827576
-0.00355158
-0.000387225
0.00150592
0.00247251
0.00260071
0.00219074
0.000955217
-0.000252084
-0.00252732
-0.00300006
-0.00610263
-0.00257763
-0.00917785
0.00531359
-0.0176647
0.0765176
0.0753648
0.0714049
0.0656347
0.0575303
0.0468636
0.0336336
0.0179752
0.00069528
-0.0168919
-0.0328312
-0.0447419
-0.0516145
-0.0531045
-0.0490785
-0.0408187
-0.0301099
-0.0186535
-0.00791574
0.00105827
0.00763712
0.0117389
0.0140482
0.0157631
0.017852
0.0205757
0.0236616
0.0267371
0.0295686
0.0321349
0.0345134
0.036737
0.0385993
0.0394946
0.0387239
0.0362224
0.0330099
0.0305816
0.0297728
0.0303688
0.0315737
0.0327151
0.0335098
0.034026
0.0344945
0.0351079
0.0356951
0.0355452
0.03382
0.0304729
0.0267233
0.0242723
0.0239534
0.0253108
0.0271972
0.0287009
0.029493
0.0297165
0.0297276
0.0298248
0.0298943
0.0292977
0.0273073
0.0239502
0.0204004
0.0182721
0.0183894
0.0202965
0.0227501
0.0246736
0.0256421
0.0258117
0.0256208
0.0254467
0.0252264
0.0243914
0.0223166
0.0190706
0.0157241
0.0137477
0.0139787
0.0161217
0.0190271
0.0215057
0.0229213
0.0232972
0.0230712
0.0227107
0.0222764
0.021298
0.0191606
0.0158177
0.0121664
0.00964259
0.00929872
0.0111877
0.0144082
0.0177084
0.020118
0.0212611
0.021327
0.0208153
0.0201235
0.0191492
0.0173192
0.0141158
0.00973962
0.00527014
0.00212639
0.00122665
0.00252126
0.00511787
0.0078308
0.00971712
0.0103179
0.00962647
0.00789693
0.00538115
0.00215466
-0.00179855
-0.00628316
-0.0106521
-0.0139362
-0.0153086
-0.0145281
-0.0120446
-0.00876414
-0.00566
-0.00349412
-0.00274536
-0.00368228
-0.00648304
-0.0112634
-0.0179845
-0.0262493
-0.0351163
-0.043124
-0.0486129
-0.0502723
-0.047643
-0.0413058
-0.0326759
-0.0234437
-0.0150236
-0.00823033
-0.00329129
-1.2156e-05
0.00191292
0.00284589
0.00289379
0.00236758
0.00100019
-0.000351704
-0.00274759
-0.00333772
-0.0064732
-0.00299414
-0.00947769
0.00506321
-0.0177371
0.077932
0.0768064
0.0729374
0.0672522
0.0591882
0.0484317
0.0349025
0.018611
0.000379679
-0.0184544
-0.0356162
-0.0482634
-0.0554578
-0.0568627
-0.052141
-0.0427893
-0.0308947
-0.0183779
-0.00686759
0.00251783
0.00909793
0.012803
0.0144794
0.0156153
0.0173786
0.0200311
0.0231888
0.0263895
0.0293576
0.0320635
0.0345835
0.0369467
0.0389355
0.0398638
0.0389102
0.0359779
0.0322486
0.0294832
0.0286335
0.0294101
0.0308529
0.0321987
0.0331457
0.0337733
0.034324
0.0350027
0.035629
0.0354228
0.0334514
0.0296662
0.0254511
0.0227531
0.0225121
0.0241807
0.0264271
0.0282188
0.0291972
0.0295198
0.0295685
0.0296672
0.0296951
0.0289636
0.0266961
0.0229492
0.0190278
0.0167122
0.0169046
0.0191103
0.021943
0.0241971
0.0253835
0.0256576
0.0254932
0.0253057
0.0250154
0.0239966
0.0215982
0.0179579
0.014291
0.0121963
0.0125369
0.0149592
0.01821
0.0210109
0.0226683
0.0231858
0.0230174
0.0226561
0.02214
0.0209428
0.0184304
0.0146343
0.010604
0.00791918
0.00767667
0.00986618
0.0134615
0.0171107
0.0197971
0.021137
0.0213265
0.0208718
0.020157
0.0190257
0.0168655
0.0131933
0.00833406
0.00352534
0.000303344
-0.000389591
0.00132735
0.00443201
0.00761746
0.00986783
0.0107044
0.0101255
0.0083828
0.00569797
0.00211704
-0.00235121
-0.00740293
-0.0122288
-0.0157153
-0.0169719
-0.0157914
-0.0127298
-0.00882827
-0.00517611
-0.00261225
-0.00165107
-0.00256825
-0.00554602
-0.010705
-0.0180049
-0.0270118
-0.0366928
-0.0454499
-0.0514774
-0.0533522
-0.0505782
-0.0437792
-0.0344858
-0.0245354
-0.0154698
-0.00817858
-0.00291006
0.0005437
0.00251712
0.00339975
0.00332727
0.00262655
0.00106077
-0.000509248
-0.00308686
-0.00385456
-0.00703721
-0.00363161
-0.00992675
0.00466259
-0.0178093
0.079802
0.0787167
0.0749821
0.0694304
0.0614472
0.0506011
0.0366968
0.0195555
1.2825e-05
-0.0205972
-0.0394956
-0.053136
-0.0607471
-0.062025
-0.0563029
-0.0454039
-0.0318558
-0.0178761
-0.00531348
0.00461696
0.0111638
0.0142612
0.0149897
0.01528
0.0165958
0.0191807
0.0224655
0.025852
0.0290086
0.0318998
0.0346062
0.0371554
0.0393199
0.0402935
0.0390663
0.0354895
0.0309928
0.0277485
0.0268803
0.0279679
0.0297849
0.0314305
0.0325849
0.0333513
0.0339946
0.0347375
0.0353971
0.0351037
0.0327846
0.028372
0.0234764
0.0204145
0.0203041
0.0224638
0.0252654
0.0274845
0.028719
0.0291558
0.0292264
0.0293071
0.0292754
0.0283656
0.0257248
0.0214476
0.0170213
0.0144539
0.014757
0.0173848
0.0207519
0.0234674
0.0249481
0.0253523
0.0252166
0.0250165
0.0246371
0.0233567
0.0204837
0.0162664
0.0121439
0.00990569
0.0104423
0.0132914
0.0170396
0.020284
0.0222622
0.0229658
0.0228801
0.0225278
0.0218959
0.0203704
0.0172987
0.012839
0.00826557
0.00536178
0.00528414
0.00792765
0.0120799
0.0162367
0.0193122
0.0209209
0.0212817
0.020915
0.0201714
0.0188067
0.0161551
0.0117989
0.0062509
0.000971015
-0.00234751
-0.00273864
-0.000419275
0.00340779
0.00726321
0.0100281
0.0111987
0.0107841
0.00903103
0.0061056
0.00200679
-0.0032144
-0.00908384
-0.0145518
-0.0183045
-0.0193734
-0.017612
-0.013732
-0.00896537
-0.00456164
-0.00146131
-0.000220066
-0.00111729
-0.00434216
-0.0100268
-0.0181309
-0.0281671
-0.0389717
-0.0487568
-0.055517
-0.057676
-0.0546909
-0.0472458
-0.0370286
-0.0260807
-0.0161215
-0.00814478
-0.00242633
0.00126371
0.00330203
0.00411811
0.00388647
0.0029547
0.00112518
-0.000735423
-0.00355519
-0.00455946
-0.00780195
-0.00449949
-0.0105249
0.00408087
-0.0178301
0.082112
0.0810833
0.0775378
0.0721853
0.0643477
0.0534408
0.0391095
0.0208987
-0.000357316
-0.0233985
-0.0446737
-0.0596133
-0.0678201
-0.069011
-0.0619418
-0.0489149
-0.0331185
-0.017179
-0.00322469
0.00742455
0.0139037
0.0161265
0.0154963
0.0145984
0.0153318
0.0178892
0.0214001
0.0250593
0.0284643
0.0315821
0.0345103
0.0372857
0.0396732
0.0406928
0.0390604
0.034543
0.0289404
0.0250584
0.0242604
0.025877
0.028268
0.0303378
0.0317572
0.0326723
0.0333774
0.0341285
0.0347815
0.0343801
0.0316676
0.0264983
0.0207101
0.0171144
0.0171397
0.0199893
0.0235894
0.0264111
0.0279768
0.0285245
0.0285818
0.0286247
0.0285251
0.0273863
0.0242349
0.0192342
0.0141512
0.0113029
0.0118129
0.0150251
0.0191006
0.0224139
0.0242635
0.0248225
0.0247251
0.0245241
0.0240313
0.0223804
0.0188354
0.0138182
0.00908498
0.00668649
0.00753983
0.01101
0.015445
0.0192712
0.0216531
0.0225913
0.0226229
0.0222943
0.0214991
0.0195055
0.0156586
0.0103066
0.00502256
0.00184478
0.00200175
0.00526702
0.010181
0.0150253
0.0186158
0.0205724
0.0211586
0.0209157
0.0201314
0.0184385
0.0151145
0.00985114
0.00341674
-0.00245015
-0.00587347
-0.00586389
-0.00276255
0.00200212
0.00672965
0.0101669
0.0117776
0.0115848
0.00982131
0.00656405
0.00175156
-0.00448734
-0.0114286
-0.0177019
-0.0217503
-0.0225309
-0.0199949
-0.0150603
-0.00919866
-0.00385819
-9.9451e-05
0.00147907
0.000595464
-0.00295176
-0.00931677
-0.0184558
-0.029802
-0.0420178
-0.053077
-0.0607345
-0.0632335
-0.0599731
-0.0517084
-0.0403191
-0.0281028
-0.0170065
-0.0081593
-0.00187192
0.00211545
0.00423624
0.00497246
0.00454684
0.00333138
0.00117646
-0.00104342
-0.00416084
-0.00545684
-0.00876543
-0.00560127
-0.0112592
0.00327827
-0.0177277
0.0848397
0.0838884
0.0806002
0.0755352
0.0679403
0.0570428
0.0422707
0.022778
-0.000638828
-0.0269306
-0.0513542
-0.067845
-0.0767269
-0.0778192
-0.068974
-0.0531709
-0.034499
-0.0160856
-0.000402291
0.011117
0.0174396
0.0184041
0.0158496
0.0133271
0.0133531
0.0159867
0.0198744
0.0239163
0.0276303
0.0310051
0.0341748
0.037202
0.0398422
0.0408802
0.0386379
0.0327717
0.025615
0.0209136
0.0203803
0.0228845
0.0261534
0.028818
0.0305614
0.0315976
0.0322628
0.0329027
0.0334921
0.0329769
0.0298487
0.0238206
0.0169717
0.0127055
0.0128727
0.0165996
0.0212593
0.0248825
0.0268576
0.0274997
0.0275074
0.0275152
0.0273519
0.0259061
0.0220424
0.0160615
0.0101444
0.00701498
0.00789366
0.0119147
0.0169032
0.0209557
0.0232461
0.0239891
0.0239539
0.0237712
0.0231266
0.020967
0.0165309
0.0104887
0.00499639
0.00242308
0.00371756
0.00802022
0.0133527
0.017911
0.0207834
0.0220093
0.0222001
0.0219089
0.0208894
0.0182725
0.0134349
0.00698223
0.000845193
-0.00264984
-0.00219608
0.00184271
0.00771244
0.0134221
0.0176556
0.0200423
0.0209106
0.0208268
0.0199799
0.0178554
0.0136838
0.00731812
-0.000158569
-0.00669233
-0.0102128
-0.00971439
-0.00567851
0.000208805
0.00598924
0.010248
0.0124058
0.0124949
0.0107137
0.007012
0.00126969
-0.00624669
-0.0144737
-0.0216558
-0.0259793
-0.026352
-0.0228641
-0.0166818
-0.00954981
-0.00313881
0.00136259
0.00331432
0.0024318
-0.00151266
-0.00870051
-0.0190675
-0.0319328
-0.0457499
-0.0582322
-0.0668849
-0.0697636
-0.0661952
-0.0569978
-0.0442584
-0.0305647
-0.0181323
-0.00825718
-0.00129681
0.00304317
0.00526494
0.00591322
0.00526666
0.00372362
0.00119176
-0.00144355
-0.00490002
-0.00653019
-0.00990106
-0.00691351
-0.0120976
0.00223261
-0.0174273
0.0879552
0.0871063
0.0841593
0.0794963
0.0722814
0.0615183
0.0463444
0.0253721
-0.000721879
-0.0313618
-0.0599605
-0.0783443
-0.0882225
-0.0894068
-0.0782036
-0.0586427
-0.0361877
-0.0146156
0.00322446
0.0158197
0.021881
0.021077
0.0158281
0.0110891
0.010274
0.0131877
0.0177049
0.0222934
0.0263867
0.03003
0.0334196
0.0366341
0.0394477
0.0404679
0.0375163
0.0299462
0.0206725
0.0147925
0.0147166
0.0186387
0.0232419
0.0267414
0.0288636
0.0299362
0.0303968
0.0308029
0.031314
0.0306902
0.0270247
0.0198974
0.0118043
0.00685681
0.00732188
0.0121605
0.0181467
0.0227713
0.0252308
0.0259522
0.0258949
0.0258928
0.0256631
0.0237965
0.0189931
0.0117803
0.00486313
0.00145397
0.0028695
0.00795414
0.0140815
0.0190154
0.0218147
0.0227775
0.0228404
0.0226938
0.021844
0.0190305
0.0135065
0.00625928
-0.000101885
-0.00286059
-0.00102493
0.00429354
0.010717
0.0161495
0.0195948
0.0211611
0.0215525
0.0213051
0.0199932
0.0166092
0.0106058
0.00290211
-0.0041783
-0.00801227
-0.00721469
-0.00229219
0.00468082
0.011399
0.0163836
0.0192728
0.0204737
0.0205749
0.0196362
0.0169842
0.0118268
0.00422714
-0.00437773
-0.0116047
-0.0151923
-0.0141362
-0.00906335
-0.00192746
0.00503626
0.0102333
0.0130302
0.0134539
0.0116335
0.00735929
0.000478925
-0.00852082
-0.0181551
-0.0262556
-0.0307753
-0.0306214
-0.0260513
-0.0185094
-0.0100246
-0.00249275
0.00277537
0.00510357
0.00419616
-0.000212069
-0.00831961
-0.02001
-0.0344595
-0.0499083
-0.0638253
-0.0734853
-0.0767643
-0.0729023
-0.062756
-0.0486099
-0.0333455
-0.0194696
-0.00847013
-0.00076674
0.00396752
0.00630906
0.00687143
0.00598632
0.00408664
0.00114601
-0.00193599
-0.005746
-0.00773014
-0.0111445
-0.00837443
-0.0129787
0.000953969
-0.0168638
0.0914181
0.0907021
0.0881969
0.0840818
0.0774348
0.0670073
0.0515521
0.0289515
-0.000398392
-0.0368372
-0.0708747
-0.091235
-0.102101
-0.103541
-0.0894059
-0.0651182
-0.0379918
-0.0125825
0.00782465
0.0216847
0.0273158
0.0240235
0.0149957
0.00727268
0.00556703
0.00915954
0.014692
0.020035
0.0245702
0.0284563
0.0319353
0.0350239
0.0377015
0.0386547
0.0352543
0.0262039
0.0144441
0.00668987
0.00686642
0.0127255
0.0192668
0.0239372
0.026495
0.0274708
0.0275528
0.0276737
0.0281457
0.0273816
0.0229489
0.0143957
0.00485579
-0.000724376
0.000293358
0.00655644
0.0141467
0.0199553
0.0229655
0.0237657
0.0236552
0.0236772
0.0233638
0.0209588
0.0150347
0.00642259
-0.00159972
-0.00529744
-0.00322979
0.0031266
0.0105917
0.0165303
0.0198957
0.0211145
0.021313
0.0212131
0.0201041
0.0165227
0.00978389
0.00123671
-0.00604072
-0.00898508
-0.00655019
-0.000102239
0.00754313
0.0139513
0.0180305
0.0199779
0.0206004
0.0203937
0.0187309
0.014481
0.00721595
-0.00179888
-0.00984268
-0.0140087
-0.0128414
-0.00698659
0.00116005
0.0089629
0.0147614
0.0181988
0.0197648
0.0200625
0.0190024
0.0157575
0.00954473
0.000672351
-0.00905694
-0.0169423
-0.0205551
-0.0188981
-0.0127471
-0.00431835
0.00388201
0.0100785
0.0135748
0.0143676
0.012471
0.0075009
-0.000673396
-0.0112537
-0.022283
-0.0312028
-0.0357939
-0.035018
-0.0293186
-0.0204203
-0.0106244
-0.00203
0.00395143
0.0066161
0.00564236
0.00073279
-0.00830095
-0.021259
-0.0371741
-0.0541112
-0.0693417
-0.0799405
-0.0836151
-0.0795109
-0.0684999
-0.0530312
-0.0362524
-0.0209534
-0.00882453
-0.000361621
0.00478556
0.00726295
0.00774839
0.00662492
0.00436329
0.00101483
-0.00250578
-0.00664495
-0.00897193
-0.0123941
-0.00988188
-0.0138128
-0.000504075
-0.0159942
0.0951762
0.0946282
0.0926818
0.089293
0.0834599
0.0736633
0.0581552
0.0338584
0.000564164
-0.0437413
-0.0849663
-0.107596
-0.120175
-0.12243
-0.104206
-0.0733661
-0.0401365
-0.0099715
0.0135046
0.028845
0.0338022
0.0270201
0.0127217
0.000985871
-0.00160817
0.00333595
0.0105066
0.0169226
0.0219832
0.0260284
0.0292428
0.0315544
0.0336179
0.0344215
0.030957
0.0209305
0.00677029
-0.00326883
-0.00318863
0.00489299
0.013966
0.0202028
0.0232663
0.0240081
0.0235876
0.0234423
0.0239212
0.0229409
0.0175334
0.00734671
-0.00376054
-0.00995478
-0.00820682
-0.000233808
0.0092088
0.0163456
0.0199555
0.0208472
0.0207117
0.0207859
0.0203691
0.0173535
0.0102351
0.000186878
-0.00895401
-0.0129439
-0.0101859
-0.00245869
0.00645642
0.0134706
0.0174325
0.0189309
0.019291
0.0192403
0.0178386
0.0134431
0.0054681
-0.00436509
-0.012531
-0.0156446
-0.0126006
-0.00500246
0.00389843
0.0113113
0.0160408
0.0183821
0.0192463
0.0190705
0.0170275
0.0118877
0.00337272
-0.00690499
-0.0158533
-0.0203144
-0.0187741
-0.0120089
-0.00271383
0.00615807
0.0127639
0.0167493
0.0186828
0.0191716
0.0179719
0.014122
0.00687729
-0.00319691
-0.0139513
-0.0223988
-0.0259741
-0.0237075
-0.016514
-0.00684486
0.00254932
0.00972969
0.0139353
0.0151023
0.0130814
0.0073277
-0.00219507
-0.014301
-0.0265615
-0.0361007
-0.0406134
-0.039164
-0.032391
-0.0222737
-0.0113482
-0.00187012
0.00468469
0.00759694
0.00650778
0.00111406
-0.0087322
-0.0227383
-0.0398324
-0.0579719
-0.0742883
-0.0856868
-0.0897179
-0.0854369
-0.0737197
-0.057138
-0.0390522
-0.0224938
-0.00934026
-0.00016961
0.00537733
0.00799994
0.00842523
0.00708479
0.00448918
0.00077761
-0.00312565
-0.00752669
-0.0101529
-0.0135307
-0.0113125
-0.0144964
-0.00205193
-0.0148053
0.0991634
0.098823
0.0975673
0.0951194
0.0904141
0.0816761
0.0665107
0.0406331
0.00263734
-0.0523997
-0.102977
-0.1271
-0.141056
-0.145091
-0.122217
-0.0833074
-0.0426439
-0.00685462
0.0201145
0.0372166
0.0411082
0.0294477
0.00763614
-0.00950852
-0.0125203
-0.00494481
0.00483456
0.012745
0.0184095
0.0224064
0.0247576
0.0255713
0.0267489
0.0275569
0.0241534
0.0129978
-0.00351594
-0.0156393
-0.0154529
-0.00491134
0.00717336
0.015348
0.0189984
0.0194109
0.0184379
0.0180806
0.0186064
0.0173563
0.0109077
-0.000899472
-0.0135386
-0.0203493
-0.017843
-0.00804412
0.00337988
0.0119132
0.0161379
0.0171314
0.0169957
0.0171399
0.0166212
0.0130104
0.00476676
-0.0066079
-0.0167786
-0.0210441
-0.0176309
-0.0085691
0.00177849
0.00985131
0.0143904
0.016161
0.0166866
0.0166853
0.0150003
0.00984019
0.000734217
-0.0102523
-0.0192003
-0.0224486
-0.0188323
-0.0101645
-9.17652e-05
0.00825678
0.0135861
0.0162902
0.0173801
0.0172266
0.0148223
0.00886587
-0.000765321
-0.012144
-0.0218592
-0.0265474
-0.0246551
-0.0170741
-0.00675866
0.0030608
0.0103801
0.0148511
0.0171151
0.0177744
0.0164416
0.0120462
0.00389994
-0.00719148
-0.0187778
-0.0276369
-0.0311065
-0.028255
-0.0201281
-0.00937401
0.00106257
0.00911901
0.0139794
0.0154902
0.0133006
0.00674737
-0.00403812
-0.0174455
-0.0306322
-0.0405156
-0.044798
-0.0426841
-0.035001
-0.023939
-0.0122045
-0.00214015
0.00476548
0.00779268
0.00655277
0.000764867
-0.00966125
-0.0243612
-0.0422222
-0.0611684
-0.0782497
-0.0902379
-0.0945475
-0.0901576
-0.0779449
-0.0605622
-0.0415113
-0.0239942
-0.0100337
-0.000281775
0.00561374
0.00837995
0.00877056
0.00725911
0.00439767
0.000415728
-0.00376722
-0.00832459
-0.0111772
-0.0144443
-0.0125456
-0.0149322
-0.00358198
-0.013314
0.103297
0.103206
0.102783
0.101517
0.0983251
0.091212
0.0769947
0.0499231
0.00624592
-0.0637351
-0.126695
-0.152462
-0.169668
-0.176674
-0.146488
-0.0959663
-0.0456896
-0.00323866
0.027721
0.0465692
0.0484195
0.0293918
-0.00295926
-0.0270147
-0.0291653
-0.0168124
-0.00285328
0.00722665
0.0136056
0.0172125
0.0179874
0.0169129
0.0173222
0.0184229
0.0149393
0.00227072
-0.0165825
-0.0304385
-0.0297848
-0.016531
-0.0011163
0.0092579
0.0135656
0.0136123
0.0120916
0.0115818
0.0122047
0.0107265
0.00337046
-0.00981797
-0.0237857
-0.0311833
-0.0280209
-0.0165071
-0.00316697
0.00671067
0.0115065
0.012585
0.0124518
0.0126768
0.0121025
0.00802385
-0.00112505
-0.013573
-0.0245852
-0.0290803
-0.0251065
-0.0148783
-0.00326284
0.00573777
0.0107618
0.0127498
0.0134168
0.013471
0.0115723
0.00580681
-0.00419498
-0.0160872
-0.0256369
-0.0289649
-0.0248579
-0.0152975
-0.00425793
0.00484613
0.0106413
0.0136212
0.014892
0.0147626
0.0120785
0.00548452
-0.00500749
-0.0172187
-0.0274916
-0.0323122
-0.0301105
-0.0218758
-0.0107671
-0.000229717
0.00761378
0.0124359
0.0149485
0.0157471
0.0143234
0.00952349
0.000713983
-0.0111041
-0.0232478
-0.0323217
-0.0356122
-0.0322365
-0.0233593
-0.0117767
-0.000560064
0.00816532
0.0135532
0.0153422
0.0129647
0.00569712
-0.00610907
-0.0204366
-0.0341349
-0.0440415
-0.0479565
-0.0452508
-0.0369236
-0.0253154
-0.0132164
-0.00296206
0.00400801
0.0069938
0.00559977
-0.000423455
-0.01111
-0.0260633
-0.0441925
-0.0634565
-0.0808885
-0.0931823
-0.0976562
-0.0932312
-0.0807799
-0.0629913
-0.0434272
-0.0253693
-0.0109209
-0.000785204
0.00536808
0.00826282
0.00865255
0.00704433
0.00402584
-9.08712e-05
-0.00441268
-0.00899171
-0.0119733
-0.0150507
-0.0134805
-0.0150437
-0.0049875
-0.0115628
0.10748
0.10768
0.108232
0.108418
0.107195
0.102492
0.0901544
0.0628886
0.0125221
-0.0788265
-0.15776
-0.180669
-0.200148
-0.214499
-0.177106
-0.112201
-0.0500937
-6.7608e-06
0.0352275
0.0553686
0.0547687
0.0268153
-0.0196464
-0.0538747
-0.0543017
-0.0336582
-0.0130083
0.000192887
0.00736617
0.0101404
0.00875337
0.00572425
0.00566371
0.00733393
0.00373952
-0.0103347
-0.0311933
-0.0465245
-0.0453952
-0.029456
-0.0106772
0.00196384
0.00694588
0.00662373
0.00457939
0.00396833
0.00477383
0.00324416
-0.00468238
-0.018818
-0.0337626
-0.0416568
-0.0380217
-0.0251096
-0.010137
0.000879924
0.00611748
0.00721198
0.00705088
0.00736894
0.00684594
0.00254305
-0.00715146
-0.0202941
-0.0318726
-0.0365207
-0.0321233
-0.0210089
-0.00843149
0.00124256
0.00657089
0.00866254
0.009418
0.00954894
0.00757422
0.00147087
-0.00907284
-0.0215231
-0.0314313
-0.0347697
-0.0302875
-0.0200955
-0.0084054
0.00116344
0.00720086
0.0103083
0.0116884
0.0116036
0.00878917
0.00183886
-0.00915045
-0.0218354
-0.0323985
-0.0372377
-0.0347864
-0.0261161
-0.0145278
-0.00360137
0.00448395
0.00944983
0.0120852
0.0129875
0.0115573
0.00657415
-0.00256341
-0.0147283
-0.027089
-0.0361464
-0.0391823
-0.0353778
-0.0260015
-0.0139403
-0.00231064
0.00677991
0.0124964
0.0144697
0.0119327
0.00415115
-0.00828832
-0.0230328
-0.0367573
-0.0463469
-0.0497842
-0.0466188
-0.0380017
-0.026349
-0.0144229
-0.00443957
0.00227714
0.00506953
0.00355042
-0.00250365
-0.0130874
-0.0278095
-0.0456488
-0.0646614
-0.0819441
-0.0941933
-0.09869
-0.0943166
-0.081928
-0.0641961
-0.0446528
-0.026559
-0.0120197
-0.0017565
0.00452821
0.00752339
0.00795504
0.00635054
0.00331792
-0.000766069
-0.00505909
-0.00950405
-0.0124958
-0.0152939
-0.0140417
-0.0147811
-0.00617481
-0.00961408
0.111593
0.112121
0.113781
0.115675
0.116942
0.115546
0.106425
0.0805647
0.0217592
-0.0988522
-0.200091
-0.221212
-0.246757
-0.269752
-0.218799
-0.132797
-0.0559174
0.00270325
0.0406164
0.0589819
0.0573098
0.024607
-0.0321034
-0.0812907
-0.0865033
-0.0567034
-0.0264186
-0.00861356
-0.000445202
0.00107562
-0.00281422
-0.00768039
-0.00783305
-0.00527311
-0.00868343
-0.02354
-0.0457097
-0.0622417
-0.0609091
-0.0427879
-0.0210259
-0.00631666
-0.000747013
-0.00145767
-0.00401921
-0.00468867
-0.00355989
-0.00482447
-0.0128131
-0.0273126
-0.0427687
-0.0510071
-0.0471168
-0.0332696
-0.0171451
-0.00535486
8.96743e-05
0.00106272
0.000807159
0.00124038
0.000939917
-0.00324023
-0.0130088
-0.0263715
-0.0381752
-0.0428729
-0.0382153
-0.0265771
-0.013461
-0.00348331
0.00187735
0.00389751
0.00466355
0.0049132
0.00306576
-0.003015
-0.0136525
-0.0262374
-0.0362145
-0.0394787
-0.0347664
-0.0242678
-0.0123339
-0.00268753
0.00328526
0.00631445
0.00771113
0.00771506
0.00498279
-0.0019577
-0.0129969
-0.0257301
-0.036274
-0.0410032
-0.0383768
-0.0295318
-0.017844
-0.00693788
0.00102767
0.00586576
0.00846215
0.00943362
0.00812171
0.00324486
-0.00580981
-0.0178761
-0.0300675
-0.0388562
-0.0415678
-0.0374596
-0.02789
-0.0157777
-0.00419028
0.00487837
0.0106633
0.0127127
0.0101036
0.00211673
-0.0104559
-0.0250377
-0.0382707
-0.0472058
-0.0500855
-0.0466454
-0.038163
-0.0270382
-0.0158701
-0.00663804
-0.00048877
0.00197775
0.000383692
-0.00548003
-0.0155891
-0.0295826
-0.046542
-0.0646819
-0.0812577
-0.0930682
-0.0974305
-0.0932085
-0.0812185
-0.0640497
-0.0451101
-0.0275356
-0.01335
-0.00325425
0.00300918
0.006066
0.00658961
0.00510879
0.00222843
-0.00163504
-0.00571407
-0.00985485
-0.012721
-0.0151437
-0.0141808
-0.0141228
-0.0070706
-0.00754469
0.115506
0.116392
0.119259
0.12312
0.127401
0.130589
0.126567
0.106262
0.036917
-0.133118
-0.254168
-0.25517
-0.289406
-0.338342
-0.275686
-0.161954
-0.0656029
0.00214158
0.0369148
0.048064
0.0429708
0.0132433
-0.0410719
-0.10187
-0.11813
-0.0834261
-0.0428004
-0.0192394
-0.00984291
-0.00988339
-0.0164216
-0.022931
-0.0227436
-0.0188257
-0.0213996
-0.0360903
-0.0586452
-0.0759808
-0.0748169
-0.0553964
-0.0314608
-0.0151807
-0.00925816
-0.0104459
-0.0135598
-0.0142468
-0.0125895
-0.013155
-0.0205808
-0.0347717
-0.0502038
-0.058581
-0.0546525
-0.0404172
-0.0237646
-0.0117083
-0.00639859
-0.00575676
-0.00620475
-0.00561918
-0.00546935
-0.00910398
-0.0184031
-0.0314539
-0.0431022
-0.047728
-0.0429839
-0.0312329
-0.0180825
-0.00826213
-0.00322034
-0.00150003
-0.000818804
-0.000386838
-0.0018513
-0.00748381
-0.017707
-0.0299584
-0.0396888
-0.0427899
-0.0380064
-0.0275654
-0.015855
-0.00658878
-0.00105246
0.00164845
0.00295588
0.00311521
0.000726093
-0.00578049
-0.0163701
-0.0286879
-0.0388811
-0.0433646
-0.0406476
-0.0319149
-0.0205488
-0.0101254
-0.00269666
0.00169631
0.00406775
0.00507891
0.00404206
-0.000392041
-0.00890583
-0.0203909
-0.032004
-0.0402648
-0.0425905
-0.038328
-0.028912
-0.0172308
-0.0062028
0.0023972
0.0079487
0.00996597
0.00742655
-0.000374161
-0.0125118
-0.0263223
-0.0385487
-0.0465139
-0.0487873
-0.0453039
-0.0374266
-0.0274271
-0.017596
-0.00956882
-0.00427335
-0.00224713
-0.00385994
-0.00931584
-0.0185901
-0.0313693
-0.0468622
-0.0635013
-0.0787988
-0.0897644
-0.0938293
-0.0898683
-0.0786266
-0.0625398
-0.044796
-0.0283057
-0.01493
-0.00531157
0.000762369
0.00383247
0.00449997
0.0032732
0.000725015
-0.0027185
-0.00638806
-0.0100478
-0.0126436
-0.0145962
-0.0138787
-0.0130777
-0.00762737
-0.00544035
0.119074
0.120323
0.124454
0.130403
0.138254
0.146896
0.150867
0.138795
0.0584452
-0.157702
-0.348845
-0.327884
-0.366948
-0.440556
-0.352141
-0.198684
-0.0781453
-0.0042166
0.0184614
0.0202828
0.0094923
-0.0092873
-0.0558738
-0.12074
-0.146324
-0.110858
-0.061079
-0.0313941
-0.0206518
-0.0224253
-0.0316621
-0.0395997
-0.0385697
-0.0326276
-0.0334652
-0.0469166
-0.0688529
-0.0864753
-0.085822
-0.0661542
-0.0411679
-0.0240845
-0.0182109
-0.0200653
-0.0238163
-0.0244729
-0.0220228
-0.0213804
-0.0275701
-0.0407586
-0.0556129
-0.0638911
-0.060118
-0.0460607
-0.0295786
-0.0178614
-0.013117
-0.013077
-0.0138367
-0.0130453
-0.0121793
-0.0148081
-0.02307
-0.0352643
-0.0463682
-0.0507924
-0.0461318
-0.0346924
-0.0220493
-0.0129014
-0.00858305
-0.00742646
-0.00693447
-0.00623845
-0.00703376
-0.0117634
-0.0210451
-0.0324852
-0.0416503
-0.0444995
-0.0398076
-0.0298003
-0.0188053
-0.0104123
-0.00572029
-0.0036218
-0.00251392
-0.00211545
-0.00387454
-0.0094995
-0.0191252
-0.0305575
-0.0400681
-0.0441731
-0.041454
-0.0331264
-0.0225155
-0.0130564
-0.00660554
-0.00299567
-0.00104399
-1.62753e-05
-0.000604243
-0.00424015
-0.0117416
-0.0221574
-0.0327852
-0.040267
-0.0421562
-0.0379061
-0.0290112
-0.0182687
-0.00834469
-0.000688256
0.00430894
0.00619401
0.00390258
-0.00327535
-0.0143896
-0.0268349
-0.0375758
-0.0442977
-0.0459507
-0.042688
-0.035895
-0.0275869
-0.0196107
-0.0131836
-0.00899544
-0.00751631
-0.00909609
-0.0139383
-0.0220389
-0.0331515
-0.0466358
-0.0611918
-0.0746766
-0.084414
-0.0880315
-0.0844363
-0.0742791
-0.0597678
-0.0437787
-0.0289033
-0.0167689
-0.00793013
-0.00222129
0.000802542
0.0016609
0.00082118
-0.0012084
-0.00402689
-0.00708842
-0.0100935
-0.0122769
-0.0136756
-0.0131513
-0.0116857
-0.00782788
-0.0033891
0.122148
0.123752
0.129102
0.13723
0.148922
0.164673
0.180217
0.192164
0.098058
-0.151344
-0.40288
-0.353486
-0.438787
-0.576894
-0.470465
-0.256069
-0.0972738
-0.0216561
-0.014952
-0.019541
-0.0281022
-0.034594
-0.0719393
-0.134256
-0.166614
-0.134682
-0.0791746
-0.044277
-0.0324261
-0.0360579
-0.0480273
-0.0571511
-0.0546899
-0.0458906
-0.0440061
-0.0552014
-0.0755841
-0.0929259
-0.0930125
-0.0741245
-0.0493482
-0.0324137
-0.0271408
-0.0299546
-0.034468
-0.0350327
-0.0314859
-0.0291075
-0.033413
-0.0449547
-0.0587139
-0.0666511
-0.0631869
-0.0498361
-0.0342244
-0.0234912
-0.0197936
-0.0206617
-0.0218601
-0.0207965
-0.0189365
-0.0201056
-0.0267899
-0.0376172
-0.047811
-0.051907
-0.0474839
-0.036759
-0.0251561
-0.0172047
-0.0140316
-0.0137133
-0.013512
-0.0124628
-0.0123002
-0.0156843
-0.0235217
-0.0337004
-0.0420015
-0.0445166
-0.0400711
-0.0308576
-0.0210559
-0.0140233
-0.0105839
-0.00936148
-0.00855831
-0.00783077
-0.00867434
-0.0129841
-0.0211558
-0.0312591
-0.0397774
-0.0433824
-0.0407472
-0.0331042
-0.0236626
-0.0156323
-0.0105882
-0.00809104
-0.00674681
-0.00572042
-0.005687
-0.00818125
-0.0142211
-0.0231074
-0.0323712
-0.038847
-0.0402631
-0.0361986
-0.0281896
-0.0188823
-0.0105936
-0.00434809
-0.000223412
0.00143653
-0.000417918
-0.00653355
-0.0160607
-0.0266004
-0.0354443
-0.040711
-0.0417692
-0.0389996
-0.0337287
-0.0275889
-0.0218856
-0.0173839
-0.0145324
-0.0137091
-0.0152125
-0.0192468
-0.0258593
-0.0349045
-0.0459191
-0.0579051
-0.0691279
-0.077311
-0.080351
-0.0772185
-0.0684422
-0.0559363
-0.0421831
-0.0293768
-0.0188593
-0.011079
-0.00591492
-0.00301073
-0.00192445
-0.00224652
-0.00356935
-0.00555745
-0.00781724
-0.010008
-0.0116522
-0.0124332
-0.0120486
-0.0100156
-0.00768669
-0.00147187
0.124581
0.126487
0.132934
0.142969
0.15867
0.180843
0.214041
0.216734
0.187273
-0.187186
-0.535623
-0.378418
-0.416188
-0.647524
-0.560244
-0.315242
-0.124697
-0.0551779
-0.0571307
-0.0686702
-0.0619378
-0.0561653
-0.0836068
-0.139707
-0.175761
-0.150442
-0.0942522
-0.056494
-0.0443303
-0.0500734
-0.0648524
-0.0748836
-0.0703102
-0.0577616
-0.0522718
-0.0604158
-0.0785082
-0.0950369
-0.0959502
-0.0786937
-0.0553367
-0.0395631
-0.0355368
-0.0396758
-0.0450963
-0.0454908
-0.0405345
-0.035935
-0.0378056
-0.0471717
-0.0594049
-0.0667809
-0.0637321
-0.0515332
-0.0374259
-0.0282959
-0.0261279
-0.028212
-0.0299679
-0.0285604
-0.0254465
-0.0247544
-0.0293982
-0.0384255
-0.0473972
-0.0510527
-0.0469949
-0.0373354
-0.0272515
-0.0209816
-0.0193512
-0.0201285
-0.0203083
-0.0188197
-0.0174376
-0.0190864
-0.0250441
-0.0335736
-0.0407546
-0.0428659
-0.0388028
-0.0307
-0.0225169
-0.0172838
-0.0154679
-0.015369
-0.0149633
-0.0138222
-0.0134945
-0.016107
-0.0223968
-0.0307869
-0.0380464
-0.0410499
-0.0385766
-0.0318638
-0.0239559
-0.0177644
-0.0145072
-0.0134151
-0.0128444
-0.011834
-0.0110268
-0.0120787
-0.0162654
-0.0232227
-0.0307975
-0.036079
-0.0370028
-0.0332907
-0.0265018
-0.0190766
-0.0128989
-0.00848829
-0.00553331
-0.00419053
-0.00543831
-0.0100916
-0.0175322
-0.0257121
-0.0323412
-0.0360169
-0.0365421
-0.0345121
-0.031108
-0.0274816
-0.0243517
-0.0220371
-0.0207367
-0.0206845
-0.0220783
-0.025122
-0.0299589
-0.0365985
-0.0447882
-0.0538497
-0.0624869
-0.0688784
-0.0712467
-0.0686552
-0.0614909
-0.0513204
-0.0401667
-0.0297733
-0.0211722
-0.014699
-0.010262
-0.00756406
-0.00622367
-0.00590327
-0.00633502
-0.00729411
-0.00857178
-0.00981197
-0.0108152
-0.0109416
-0.0106486
-0.0081566
-0.00724732
0.000248358
0.126244
0.128382
0.135632
0.147257
0.165975
0.19521
0.241556
0.278896
0.329053
-0.17096
-0.394917
-0.440822
-0.656856
-0.601625
-0.358625
-0.157738
-0.101218
-0.108125
-0.120096
-0.0903394
-0.0713555
-0.0884809
-0.136802
-0.173797
-0.156121
-0.103978
-0.0664463
-0.0552341
-0.0635495
-0.0812563
-0.0918453
-0.0844429
-0.0673669
-0.0576749
-0.0623157
-0.0776653
-0.0929542
-0.094655
-0.0796194
-0.0586832
-0.0450076
-0.0428823
-0.0487306
-0.0551905
-0.0553231
-0.0486762
-0.0414759
-0.0405221
-0.0473525
-0.0577546
-0.0643935
-0.0618181
-0.0511027
-0.0390117
-0.0320154
-0.0318061
-0.0353777
-0.0377876
-0.0359684
-0.031389
-0.0285286
-0.0307902
-0.0376999
-0.0452161
-0.0483426
-0.0447446
-0.0364238
-0.0282442
-0.0240563
-0.0243005
-0.0263866
-0.0270309
-0.0250194
-0.0222115
-0.0218256
-0.0255725
-0.0321586
-0.0380252
-0.0396809
-0.0361076
-0.0293651
-0.0231385
-0.0200567
-0.0201621
-0.0213849
-0.0214504
-0.0198289
-0.0181297
-0.0187483
-0.022825
-0.0292046
-0.0350014
-0.0373283
-0.0350813
-0.0294932
-0.0234056
-0.0193747
-0.0182028
-0.0187453
-0.0190797
-0.0180995
-0.0164035
-0.0157824
-0.0178138
-0.0225334
-0.0281713
-0.0321225
-0.0325535
-0.0293405
-0.0240476
-0.0188628
-0.0151764
-0.0129495
-0.011425
-0.0104967
-0.0110168
-0.0138865
-0.0188394
-0.0243153
-0.0285212
-0.0305506
-0.0306252
-0.0295204
-0.0281972
-0.0272793
-0.02691
-0.0269885
-0.0274396
-0.0282789
-0.0295438
-0.0314321
-0.0342383
-0.0382014
-0.0433266
-0.0492608
-0.055141
-0.059616
-0.0612674
-0.0592697
-0.0538624
-0.046227
-0.0378893
-0.0301246
-0.0236587
-0.0187098
-0.0151795
-0.012781
-0.0111687
-0.0100909
-0.00945973
-0.00920779
-0.00934516
-0.0095279
-0.00981937
-0.00928344
-0.00904603
-0.0062048
-0.00657458
0.00173593
0.127041
0.129295
0.13698
0.149437
0.169969
0.203173
0.258832
0.324897
0.432705
-0.450704
-0.628491
-0.580223
-0.369339
-0.185596
-0.148018
-0.170931
-0.16577
-0.110758
-0.0784186
-0.085673
-0.125534
-0.161215
-0.151206
-0.106762
-0.072596
-0.0638546
-0.075375
-0.0961172
-0.106845
-0.0959556
-0.0738898
-0.0598347
-0.0609265
-0.0733962
-0.0871684
-0.0895276
-0.0770119
-0.059187
-0.0483517
-0.0486952
-0.056587
-0.064179
-0.0639495
-0.0554027
-0.0453834
-0.0414253
-0.0455628
-0.053978
-0.0597641
-0.0576756
-0.0486445
-0.0389199
-0.0344465
-0.0365198
-0.0417778
-0.0449029
-0.0426183
-0.0364376
-0.0312312
-0.0309229
-0.0355393
-0.0414633
-0.0440041
-0.0409223
-0.0341181
-0.0281038
-0.0262758
-0.0286251
-0.0321634
-0.0333091
-0.0307387
-0.0263794
-0.023779
-0.0251176
-0.0295836
-0.0340177
-0.0351882
-0.032176
-0.0269577
-0.0229099
-0.0222114
-0.024434
-0.0271089
-0.0276957
-0.0255543
-0.0223597
-0.0207994
-0.0224552
-0.0266374
-0.0308445
-0.0324514
-0.0304769
-0.0261427
-0.0220615
-0.020398
-0.0215014
-0.0238258
-0.0251533
-0.0242188
-0.0215688
-0.0191354
-0.0188238
-0.0211124
-0.0246617
-0.0272093
-0.0271654
-0.0245648
-0.0209594
-0.0182527
-0.0173109
-0.0175149
-0.0176306
-0.0172206
-0.0169653
-0.0178425
-0.0200338
-0.0225866
-0.0242729
-0.0246729
-0.0243786
-0.0242972
-0.0251246
-0.0269655
-0.0294413
-0.0320628
-0.0344403
-0.036289
-0.0374252
-0.0380271
-0.0385944
-0.0396815
-0.0416146
-0.044369
-0.0474788
-0.050036
-0.0509773
-0.0496002
-0.0459949
-0.0409479
-0.0354875
-0.0304429
-0.0262559
-0.0230134
-0.0205545
-0.0185433
-0.0166457
-0.0147115
-0.0128704
-0.0112551
-0.0101258
-0.00917776
-0.00871919
-0.00754036
-0.00733776
-0.00424922
-0.00574439
0.00298733
0.126919
0.129164
0.136828
0.149255
0.169751
0.202967
0.258715
0.335982
0.497242
-0.439598
-0.525277
-0.473946
-0.317744
-0.188241
-0.188434
-0.230879
-0.195969
-0.119626
-0.077256
-0.0763823
-0.107965
-0.140494
-0.137149
-0.102265
-0.073862
-0.0689859
-0.0843389
-0.108111
-0.118499
-0.103682
-0.0766718
-0.0586185
-0.0565133
-0.0662535
-0.0783918
-0.0812316
-0.0712667
-0.0568895
-0.0493566
-0.0525592
-0.062713
-0.0714578
-0.0707722
-0.0602302
-0.0473802
-0.0404747
-0.0419756
-0.0484033
-0.0532877
-0.0516624
-0.0443833
-0.0371922
-0.0354516
-0.0399854
-0.0470272
-0.0508838
-0.0481045
-0.0402844
-0.0327066
-0.0298137
-0.032116
-0.0364168
-0.0383518
-0.0358037
-0.030589
-0.0268573
-0.0275177
-0.0320758
-0.0371257
-0.0387929
-0.0356501
-0.0297083
-0.0248517
-0.0237354
-0.0260349
-0.0290037
-0.029684
-0.0272641
-0.0236364
-0.021856
-0.0236312
-0.0280457
-0.032223
-0.0333547
-0.0306877
-0.0259635
-0.0221675
-0.0213352
-0.0232576
-0.0258344
-0.026713
-0.0250362
-0.0220096
-0.0200058
-0.0207837
-0.0242282
-0.028387
-0.0307457
-0.029875
-0.0262633
-0.0219823
-0.0192707
-0.0190666
-0.0204845
-0.0216238
-0.0211396
-0.0192205
-0.017391
-0.017257
-0.0191641
-0.0219264
-0.0238269
-0.0240373
-0.0230483
-0.021862
-0.0211686
-0.0207126
-0.0198862
-0.018728
-0.0181266
-0.0190693
-0.0219811
-0.0265042
-0.0318137
-0.0370571
-0.0414863
-0.0444446
-0.0454779
-0.0447196
-0.0429128
-0.0410073
-0.0397237
-0.0393763
-0.0398438
-0.0405954
-0.0408841
-0.0401256
-0.0382677
-0.0357224
-0.0330628
-0.030725
-0.0288934
-0.027494
-0.0262367
-0.0246804
-0.0224871
-0.0196216
-0.0164619
-0.0133751
-0.0108952
-0.00877978
-0.00756402
-0.0057831
-0.00561035
-0.00236024
-0.00483354
0.00402933
0.125883
0.127992
0.135182
0.146716
0.165305
0.194508
0.240948
0.307368
0.422237
-0.442314
-0.446617
-0.386548
-0.29645
-0.204408
-0.161687
-0.226354
-0.269945
-0.204876
-0.116242
-0.0693786
-0.0626757
-0.0864239
-0.114592
-0.116324
-0.0912196
-0.0698159
-0.0697053
-0.0892698
-0.11584
-0.125396
-0.106604
-0.0753361
-0.0541763
-0.0495461
-0.0569162
-0.0674389
-0.07057
-0.0629723
-0.0520377
-0.0479471
-0.0541576
-0.0666203
-0.0764395
-0.0752288
-0.0627505
-0.0472906
-0.0377327
-0.0368517
-0.0414327
-0.0454326
-0.0442192
-0.0386363
-0.0339606
-0.0349649
-0.0419658
-0.0507689
-0.0553241
-0.052053
-0.042666
-0.0328541
-0.0275368
-0.0276569
-0.0304073
-0.0317531
-0.0297213
-0.0260644
-0.0245823
-0.0276982
-0.0344285
-0.0409567
-0.0431347
-0.0394459
-0.0319928
-0.0249824
-0.0215187
-0.0217385
-0.0232955
-0.0235065
-0.0216695
-0.0195977
-0.0200326
-0.024222
-0.0307732
-0.0364182
-0.0380913
-0.0349292
-0.0287353
-0.0227811
-0.0195392
-0.0192684
-0.0202637
-0.0204429
-0.0190659
-0.0173216
-0.0173452
-0.0204996
-0.0262205
-0.0321678
-0.0355442
-0.0347574
-0.0302357
-0.0241787
-0.019146
-0.0165249
-0.015882
-0.0156786
-0.0148031
-0.0135829
-0.0135047
-0.0158865
-0.0205901
-0.025907
-0.0296607
-0.0306586
-0.028988
-0.0258145
-0.0222807
-0.0188688
-0.0156279
-0.0130183
-0.0121407
-0.0140174
-0.018833
-0.0258534
-0.0338869
-0.0417364
-0.0482639
-0.0523982
-0.0533723
-0.0512604
-0.0470514
-0.0421419
-0.0377151
-0.0344462
-0.0325054
-0.0316501
-0.0313809
-0.0312127
-0.0309635
-0.0307234
-0.0306858
-0.0309608
-0.0314944
-0.0320124
-0.0320335
-0.0309684
-0.0284714
-0.0246322
-0.0200962
-0.0154871
-0.0116253
-0.00834612
-0.00639496
-0.00406714
-0.00393266
-0.000585022
-0.00391206
0.00491118
0.123989
0.125847
0.132197
0.142084
0.157572
0.179622
0.212794
0.254084
0.265659
-0.28583
-0.477271
-0.458125
-0.233573
-0.0995636
-0.0672323
-0.126484
-0.246296
-0.273617
-0.190685
-0.102774
-0.0574791
-0.0471829
-0.0635982
-0.0867289
-0.0915888
-0.0751512
-0.0607355
-0.0655433
-0.0892288
-0.118061
-0.126358
-0.104073
-0.0698993
-0.0469516
-0.0406541
-0.0461128
-0.0551277
-0.0583742
-0.0528163
-0.0450312
-0.0442039
-0.0532971
-0.0679126
-0.0786406
-0.0768691
-0.0626817
-0.0450675
-0.0333653
-0.030517
-0.0335037
-0.0366931
-0.0358236
-0.0317784
-0.0294291
-0.0329944
-0.0422912
-0.0527078
-0.0578808
-0.054158
-0.0433907
-0.0316393
-0.024218
-0.0224229
-0.0237876
-0.0245972
-0.0230334
-0.0208075
-0.0213992
-0.0267788
-0.0355051
-0.0433857
-0.0460351
-0.041867
-0.033074
-0.0241495
-0.0185894
-0.0169388
-0.0172177
-0.0170051
-0.0157048
-0.0150595
-0.0175227
-0.0239206
-0.0324273
-0.039422
-0.0416066
-0.0380151
-0.0305023
-0.022595
-0.0171607
-0.0148854
-0.0144329
-0.0139758
-0.0128803
-0.0123179
-0.014203
-0.0195353
-0.027343
-0.0349381
-0.0392683
-0.0385874
-0.0332622
-0.0256023
-0.0184562
-0.0136256
-0.0111015
-0.00968693
-0.0084803
-0.00792469
-0.00946277
-0.0141571
-0.0214526
-0.0291877
-0.0347643
-0.0365706
-0.0344616
-0.0295315
-0.0233745
-0.0172018
-0.0117271
-0.00779675
-0.00664289
-0.00928943
-0.0157375
-0.024976
-0.0355182
-0.0458404
-0.0544046
-0.0597115
-0.0606927
-0.0573275
-0.0508253
-0.0430341
-0.035641
-0.0297089
-0.0256587
-0.0234445
-0.0227329
-0.0231034
-0.0242685
-0.0260696
-0.0284097
-0.0311388
-0.0339741
-0.036404
-0.0377125
-0.0371402
-0.0343351
-0.029518
-0.0236079
-0.0174925
-0.0122773
-0.00788185
-0.00524445
-0.00243331
-0.00235511
0.00105002
-0.00303885
0.00569333
0.121336
0.122877
0.128096
0.136018
0.147406
0.162845
0.178074
0.189734
0.144897
-0.210228
-0.559127
-0.458717
-0.35538
-0.15088
-0.00117556
-0.00210465
-0.123552
-0.246102
-0.246883
-0.161616
-0.0844715
-0.0445136
-0.0321047
-0.04156
-0.0593411
-0.0654802
-0.0558986
-0.0474964
-0.0565857
-0.0837185
-0.113966
-0.120754
-0.0960287
-0.0608409
-0.0376529
-0.0305692
-0.0345599
-0.0422076
-0.0454184
-0.0415012
-0.0363671
-0.0383482
-0.0499321
-0.0663395
-0.0777148
-0.0754059
-0.059919
-0.0408155
-0.0276378
-0.0233398
-0.0250533
-0.0275466
-0.0269474
-0.0242069
-0.0238548
-0.0296225
-0.0408782
-0.0526432
-0.0583104
-0.0542158
-0.0423627
-0.0291035
-0.0200285
-0.0166882
-0.0169028
-0.0172578
-0.016094
-0.0150952
-0.017462
-0.0247725
-0.035192
-0.0442158
-0.0472721
-0.0427284
-0.0328563
-0.0223752
-0.0150897
-0.0118782
-0.0110796
-0.0105116
-0.00967225
-0.0102438
-0.014431
-0.0227034
-0.032872
-0.0410241
-0.043666
-0.0397419
-0.0311405
-0.0215964
-0.0143057
-0.0103195
-0.0086256
-0.00762605
-0.00677715
-0.00723202
-0.0107114
-0.0179059
-0.0275008
-0.0365192
-0.0416939
-0.0411409
-0.0351659
-0.0261628
-0.0172225
-0.0105041
-0.00637313
-0.0039365
-0.00246816
-0.00249605
-0.00541886
-0.0120949
-0.0216428
-0.0315375
-0.0388193
-0.0414928
-0.0391552
-0.0328139
-0.0244105
-0.0158119
-0.00836611
-0.00326766
-0.00181729
-0.00501703
-0.012756
-0.0238474
-0.0365739
-0.049107
-0.0595263
-0.0659324
-0.0669809
-0.0625472
-0.0540069
-0.0436112
-0.0335451
-0.0252734
-0.0194449
-0.0161348
-0.0150967
-0.0159403
-0.0183005
-0.0218477
-0.0262814
-0.0312464
-0.0362373
-0.0404827
-0.0430139
-0.0429013
-0.0397909
-0.0340355
-0.0268177
-0.0192819
-0.0128051
-0.00738597
-0.00413777
-0.000911776
-0.000913427
0.00253241
-0.00225961
0.00643496
0.11806
0.119233
0.123209
0.128905
0.136382
0.144574
0.147888
0.135168
0.0532868
-0.169173
-0.381028
-0.346598
-0.292886
-0.12417
-0.00459252
-0.00708847
-0.131079
-0.221871
-0.200855
-0.126759
-0.0656687
-0.0324249
-0.0188349
-0.0218493
-0.0341358
-0.0399647
-0.0352283
-0.0314057
-0.0435505
-0.0729346
-0.10352
-0.108776
-0.0831376
-0.0490836
-0.0271706
-0.0200543
-0.0229151
-0.0293173
-0.0323664
-0.0296823
-0.0265899
-0.0307227
-0.0441804
-0.0618431
-0.0735374
-0.0707872
-0.0545703
-0.0347963
-0.0209013
-0.0157061
-0.0164882
-0.0184209
-0.0180225
-0.0163119
-0.0175286
-0.0250033
-0.0377446
-0.0504959
-0.0565018
-0.052154
-0.0395998
-0.0253685
-0.0151759
-0.0107223
-0.010065
-0.0100689
-0.00922652
-0.00919795
-0.0129498
-0.0217474
-0.0334559
-0.043346
-0.046725
-0.0419403
-0.0313206
-0.0197294
-0.0111743
-0.00678033
-0.00515083
-0.00431366
-0.00384128
-0.00536225
-0.0108805
-0.0205927
-0.03204
-0.0410968
-0.0441222
-0.0399857
-0.0305881
-0.0198087
-0.0110873
-0.00576145
-0.00308774
-0.00166357
-0.00101639
-0.00227618
-0.00700501
-0.0156544
-0.02665
-0.0367996
-0.0426724
-0.0422678
-0.0358319
-0.0258114
-0.015481
-0.00728333
-0.00189203
0.00133395
0.00298688
0.00249062
-0.00151278
-0.00974126
-0.021094
-0.032787
-0.0415734
-0.0451249
-0.0427825
-0.0354514
-0.0253041
-0.0147409
-0.00567017
0.000412133
0.00218188
-0.00132568
-0.00996109
-0.0224624
-0.0369446
-0.0513064
-0.063286
-0.0706448
-0.0718066
-0.0665488
-0.0563513
-0.0437808
-0.0314601
-0.0212377
-0.0139767
-0.00982576
-0.00856564
-0.0098084
-0.0131402
-0.0181297
-0.0243442
-0.0312671
-0.0381803
-0.0440526
-0.0476719
-0.0479553
-0.044554
-0.0379445
-0.0295493
-0.0207473
-0.0131613
-0.00685468
-0.0030957
0.000473184
0.000366224
0.0038557
-0.00160573
0.00718166
0.114309
0.115109
0.117804
0.121381
0.125243
0.127876
0.12304
0.101443
0.0300327
-0.14346
-0.273563
-0.261801
-0.226527
-0.122255
-0.0417685
-0.0430766
-0.116753
-0.167554
-0.147306
-0.0946574
-0.0496438
-0.0222712
-0.00802121
-0.00547744
-0.0120995
-0.0163774
-0.0145902
-0.0139963
-0.0277614
-0.0578814
-0.0876485
-0.0915642
-0.0667676
-0.0358657
-0.0164462
-0.00982031
-0.0117426
-0.0169686
-0.0197465
-0.0179266
-0.0162511
-0.0217728
-0.0363352
-0.0545942
-0.0662555
-0.0632345
-0.0469733
-0.0274188
-0.013568
-0.00799616
-0.00816241
-0.00967033
-0.00941459
-0.0084505
-0.0107576
-0.0193574
-0.0330182
-0.046328
-0.0525003
-0.0480506
-0.035243
-0.0206341
-0.00989461
-0.00477456
-0.00353439
-0.00330086
-0.00270227
-0.00336369
-0.00805757
-0.0178277
-0.0303528
-0.0407863
-0.0443914
-0.0395222
-0.0285324
-0.0163292
-0.00700323
-0.00183626
0.00035541
0.00136382
0.00156901
-0.000604215
-0.00700733
-0.01766
-0.0299428
-0.03961
-0.0429299
-0.0387169
-0.0288557
-0.0172955
-0.00762177
-0.00137149
0.00198904
0.00370298
0.00419629
0.0023703
-0.00321551
-0.012853
-0.0248042
-0.0357462
-0.042143
-0.0419046
-0.0352186
-0.0245482
-0.0132842
-0.00406812
0.00219421
0.00595043
0.00770424
0.00687221
0.00213418
-0.00715543
-0.0197913
-0.0328441
-0.0428661
-0.0472579
-0.0451221
-0.0372512
-0.0259392
-0.0139679
-0.00369607
0.00314092
0.0052328
0.00166426
-0.00743963
-0.0208422
-0.0365628
-0.0522742
-0.0654327
-0.0735381
-0.0748396
-0.0690316
-0.057642
-0.0434484
-0.0294065
-0.0176895
-0.009353
-0.00459822
-0.00320148
-0.00476369
-0.00884842
-0.0149758
-0.0226335
-0.031178
-0.0396987
-0.0469277
-0.0514417
-0.0520357
-0.0483705
-0.0410326
-0.0316482
-0.0217956
-0.013306
-0.00628594
-0.0021371
0.00169954
0.00146309
0.00501292
-0.0010938
0.00795459
0.110235
0.110672
0.112154
0.113748
0.114581
0.112608
0.102653
0.07565
0.0150524
-0.106856
-0.21111
-0.215906
-0.194267
-0.1204
-0.057718
-0.048768
-0.0908028
-0.123435
-0.109372
-0.072135
-0.0376899
-0.0142874
0.000187837
0.00695114
0.00602547
0.00422476
0.0048378
0.00311788
-0.0111657
-0.0405299
-0.0683411
-0.0711854
-0.0487874
-0.0225178
-0.0063176
-0.000442409
-0.00149162
-0.00555192
-0.00795545
-0.00669583
-0.00588131
-0.012026
-0.0268638
-0.0450094
-0.0563013
-0.0532498
-0.0376781
-0.019203
-0.00607601
-0.000560708
-0.000364326
-0.0015636
-0.00140743
-0.000929214
-0.00384887
-0.0129633
-0.0269369
-0.0403489
-0.0465148
-0.0421391
-0.0295533
-0.0151677
-0.00443242
0.000937201
0.00249136
0.00285021
0.0032721
0.00219491
-0.00298814
-0.0131907
-0.0260305
-0.0366635
-0.0403937
-0.035607
-0.0246423
-0.0123361
-0.00273652
0.00280239
0.00529211
0.00637049
0.00640055
0.00387179
-0.00295696
-0.0140264
-0.0266749
-0.0366373
-0.0401544
-0.036006
-0.0260295
-0.0141608
-0.00402598
0.00272686
0.00647594
0.00833877
0.00872037
0.00656912
0.000532778
-0.00960236
-0.0220373
-0.0334091
-0.0401403
-0.0400816
-0.0333635
-0.0224258
-0.0107023
-0.00094351
0.0057909
0.0098119
0.0115778
0.0105416
0.00542273
-0.00441458
-0.0177748
-0.0317028
-0.0426428
-0.047793
-0.046045
-0.0380707
-0.0261924
-0.0134192
-0.00242615
0.0048863
0.00725996
0.00384759
-0.00529182
-0.0190418
-0.0354176
-0.0519349
-0.0658385
-0.0744479
-0.0758968
-0.0698166
-0.0577371
-0.0425435
-0.0273966
-0.0146982
-0.00565586
-0.00051621
0.00095311
-0.000841666
-0.00546533
-0.0124265
-0.0211689
-0.0309505
-0.0406992
-0.0489541
-0.0541285
-0.0549336
-0.0510442
-0.043138
-0.0329999
-0.0223609
-0.0132147
-0.00568382
-0.0012809
0.00274596
0.00235971
0.00599324
-0.000726679
0.0087437
0.105984
0.106091
0.106466
0.106355
0.10471
0.0994617
0.0863623
0.058172
0.00645412
-0.0850797
-0.163395
-0.17168
-0.157501
-0.10912
-0.066488
-0.057114
-0.0810238
-0.0962803
-0.083721
-0.0557834
-0.0285126
-0.0081436
0.00604314
0.0153743
0.0194331
0.020833
0.0218145
0.0184261
0.0038959
-0.0236222
-0.0482712
-0.0501348
-0.0311281
-0.0101903
0.00261923
0.00770362
0.0075157
0.00464612
0.00272308
0.00365411
0.00403183
-0.00206824
-0.0163907
-0.0337433
-0.044391
-0.0415918
-0.0273967
-0.0107212
0.00115522
0.00630138
0.00668951
0.00571673
0.00580212
0.00600838
0.00290486
-0.00614422
-0.0198391
-0.0329091
-0.0389116
-0.0347971
-0.0228955
-0.00928506
0.000964947
0.00623459
0.00787928
0.00826461
0.00856013
0.00730839
0.00205702
-0.00805885
-0.020723
-0.0312168
-0.0349657
-0.0304357
-0.0198787
-0.00794777
0.0014723
0.00702593
0.0095785
0.0106311
0.0105598
0.00794332
0.00112146
-0.00985852
-0.0224105
-0.0323541
-0.03597
-0.0320222
-0.0222694
-0.0105466
-0.000415098
0.00644743
0.0103078
0.0121836
0.0124835
0.0102269
0.00412644
-0.00602895
-0.0184812
-0.0299199
-0.0367921
-0.0369217
-0.0303828
-0.01955
-0.00782445
0.00202375
0.0088544
0.0128899
0.0145775
0.0134506
0.00827877
-0.00161119
-0.0151389
-0.0294422
-0.0409554
-0.0467468
-0.045527
-0.0378405
-0.0259626
-0.0129907
-0.00177515
0.00569675
0.00825442
0.00515491
-0.00362351
-0.0171577
-0.0335693
-0.0503143
-0.0645079
-0.0733642
-0.0749545
-0.0688676
-0.0565988
-0.041046
-0.0254436
-0.0123061
-0.00293515
0.00238453
0.00388134
0.00194997
-0.00299977
-0.0104914
-0.0199476
-0.0305536
-0.0411142
-0.0500309
-0.0556112
-0.0565229
-0.0524598
-0.0441682
-0.0335434
-0.0224147
-0.0128843
-0.00506099
-0.000546226
0.00359269
0.0030423
0.00678264
-0.000496393
0.00950895
0.101687
0.101504
0.100914
0.0993661
0.0957895
0.0881977
0.0733624
0.0456707
0.00126492
-0.0679126
-0.128529
-0.141356
-0.134788
-0.102184
-0.0702176
-0.0593013
-0.070048
-0.076991
-0.0659981
-0.0441072
-0.0217708
-0.0037366
0.0099093
0.0203272
0.0276961
0.0324059
0.034661
0.0303349
0.0151089
-0.00995529
-0.0300873
-0.0305157
-0.0153384
0.000348128
0.0100745
0.0144591
0.0150835
0.0134182
0.0120845
0.012858
0.0130603
0.00748712
-0.00566542
-0.0216533
-0.0314722
-0.0291998
-0.0169144
-0.0025243
0.00777131
0.0123628
0.0128535
0.0120662
0.0121005
0.0121876
0.0092396
0.000749787
-0.0121436
-0.0244784
-0.030191
-0.0265204
-0.0157067
-0.00332141
0.00607199
0.0109831
0.0125563
0.0128927
0.0130933
0.0118549
0.00688708
-0.00268788
-0.0147358
-0.0247844
-0.0284712
-0.0243434
-0.0145316
-0.00338478
0.0054821
0.0107645
0.0131925
0.014138
0.0140149
0.0115263
0.0050812
-0.00535922
-0.0173936
-0.0270275
-0.0306477
-0.0270232
-0.0177994
-0.00662565
0.0030996
0.00973846
0.0134762
0.0152452
0.015478
0.0132957
0.00746622
-0.00227962
-0.0143193
-0.0254847
-0.0323128
-0.0326336
-0.0264653
-0.0160754
-0.00475746
0.00478161
0.0113844
0.0152191
0.0167422
0.0156076
0.0106559
0.00115198
-0.0120258
-0.0262203
-0.0379559
-0.0442448
-0.0436482
-0.0365767
-0.0251959
-0.012576
-0.00161187
0.00569799
0.00829129
0.00557857
-0.00252779
-0.0153281
-0.0311615
-0.0475508
-0.0615793
-0.0704256
-0.072142
-0.0662917
-0.0543035
-0.0390018
-0.0235715
-0.0105242
-0.0011903
0.0041183
0.0056102
0.0036446
-0.00141884
-0.00914112
-0.0189425
-0.0299586
-0.0409122
-0.0501258
-0.0558591
-0.0567766
-0.0525969
-0.0441126
-0.0332808
-0.021971
-0.0123352
-0.00443838
4.93949e-05
0.00422456
0.00350273
0.00736743
-0.000389169
0.0101925
0.0974605
0.0970329
0.0956258
0.0929239
0.0878859
0.0787615
0.0631465
0.0369447
-0.00126153
-0.0549927
-0.102553
-0.116131
-0.113297
-0.0917383
-0.0692853
-0.0596448
-0.0633019
-0.0643448
-0.0536889
-0.035598
-0.0167887
-0.000693904
0.0122507
0.0227979
0.0314996
0.0381621
0.0414468
0.0371233
0.0220852
0.00063769
-0.0141272
-0.0133135
-0.00226371
0.00881524
0.0160469
0.0198483
0.021138
0.0206233
0.0199793
0.0207274
0.0208608
0.016051
0.00449879
-0.00972976
-0.018629
-0.0170753
-0.00697274
0.00493498
0.0135217
0.0174824
0.0180484
0.0174437
0.0174459
0.0175036
0.0149339
0.00736532
-0.00431913
-0.0156103
-0.0209485
-0.0178774
-0.00845181
0.00240349
0.0107021
0.0150941
0.0164994
0.0167416
0.0168631
0.015761
0.0113324
0.00265175
-0.00842321
-0.0177745
-0.0213285
-0.0177284
-0.00892847
0.00112683
0.00917129
0.0139831
0.0161578
0.0169365
0.0167865
0.0145749
0.00878593
-0.000754377
-0.0119205
-0.0209962
-0.0245382
-0.0213359
-0.0128919
-0.00259069
0.00641431
0.0125771
0.0160173
0.0175856
0.0177513
0.0157696
0.0104705
0.00148641
-0.00977494
-0.0203701
-0.0269885
-0.0274977
-0.0218603
-0.0121963
-0.00162257
0.00728903
0.0134129
0.0168822
0.0181678
0.0170716
0.0125376
0.00376993
-0.00861455
-0.0222621
-0.0338836
-0.0405093
-0.0405842
-0.0343801
-0.0238994
-0.0120926
-0.00178858
0.0050696
0.0075317
0.00519297
-0.00205559
-0.0137166
-0.028424
-0.0439043
-0.0573285
-0.0659158
-0.0677341
-0.0623305
-0.0510371
-0.0365246
-0.0218208
-0.00933269
-0.000360751
0.00476733
0.00622806
0.00432764
-0.000644957
-0.0083098
-0.0181057
-0.0291433
-0.0401019
-0.0492778
-0.0549343
-0.0557685
-0.0515317
-0.0430445
-0.0322795
-0.0210869
-0.0116101
-0.00384252
0.000493492
0.00463538
0.00374154
0.00773919
-0.000391862
0.0107407
0.0934012
0.0927724
0.0906949
0.0870867
0.0809835
0.0709025
0.0551217
0.0307702
-0.00229715
-0.044955
-0.0829344
-0.0969394
-0.0975334
-0.0837437
-0.0673681
-0.0582674
-0.0573462
-0.0548901
-0.044768
-0.0293892
-0.0131856
0.00127706
0.0134317
0.023653
0.0323485
0.0394524
0.0430501
0.0394992
0.0270888
0.0106516
0.000201011
0.00061493
0.00773609
0.0152927
0.020702
0.0240048
0.025724
0.0261897
0.0262946
0.0271338
0.0272069
0.0231392
0.0133121
0.00100588
-0.00692972
-0.00611524
0.00185325
0.0113583
0.0182803
0.0216125
0.0222556
0.0218546
0.0218511
0.0219177
0.0198228
0.0133737
0.00315447
-0.00689442
-0.0118179
-0.00945004
-0.00156972
0.00762215
0.0147241
0.0185248
0.0197238
0.0198584
0.0199076
0.0190002
0.0152556
0.00769645
-0.00215857
-0.0106319
-0.014003
-0.0110184
-0.00340216
0.00537734
0.0124457
0.0166761
0.0185282
0.0191068
0.0189356
0.0170794
0.0121189
0.00372527
-0.00631621
-0.0146437
-0.0180405
-0.0153303
-0.0078442
0.00136128
0.00943805
0.0149635
0.017997
0.0193033
0.0193914
0.0176798
0.0130793
0.00510849
-0.00509623
-0.0148855
-0.0211574
-0.0218468
-0.0168599
-0.00813353
0.00145147
0.00951354
0.0149916
0.0179904
0.0189879
0.0179405
0.0139374
0.0061452
-0.00510658
-0.0178427
-0.0290482
-0.0358437
-0.0365933
-0.0314282
-0.0221437
-0.0114977
-0.00216775
0.00401209
0.00619973
0.00415425
-0.00218711
-0.0124733
-0.0256484
-0.0397526
-0.0521755
-0.0602662
-0.0621475
-0.0573525
-0.0470837
-0.0337865
-0.0202446
-0.00868307
-0.000327397
0.0044867
0.00589353
0.0041426
-0.000559116
-0.00790637
-0.017381
-0.0280983
-0.03873
-0.0475877
-0.0529783
-0.0536602
-0.0494274
-0.0411146
-0.0306669
-0.0198581
-0.0107689
-0.00330122
0.000782268
0.00483226
0.00377102
0.00790058
-0.000496641
0.0111274
0.0895892
0.0888003
0.0861867
0.0818914
0.0750408
0.0644325
0.0488702
0.0264389
-0.00236981
-0.0370359
-0.0679737
-0.0815823
-0.0840639
-0.0754327
-0.0637463
-0.0559156
-0.0527373
-0.0481903
-0.0383833
-0.0248511
-0.0105881
0.00249604
0.013821
0.0235281
0.0317842
0.0385232
0.0421458
0.0399754
0.0310833
0.0191469
0.0112196
0.0105865
0.0149161
0.0201353
0.024273
0.0271202
0.0290065
0.0301555
0.0309707
0.0320037
0.0320241
0.0284958
0.0201832
0.00972823
0.00284011
0.0031269
0.00925674
0.0166214
0.0220432
0.024795
0.0255115
0.0253347
0.0253633
0.0254475
0.0238111
0.0185059
0.00983533
0.00110275
-0.00340202
-0.00176064
0.00458535
0.0121506
0.0180719
0.0212762
0.0222716
0.0223132
0.0222966
0.0215885
0.0185629
0.0122153
0.00370194
-0.00379625
-0.00695758
-0.00462621
0.00174484
0.00919556
0.0152453
0.0188616
0.0203734
0.0207463
0.0205488
0.0190624
0.0149928
0.00786596
-0.000904304
-0.00836395
-0.0115684
-0.00938474
-0.00295091
0.00504778
0.0120993
0.0169156
0.0194961
0.0205135
0.0205106
0.0190866
0.015258
0.00843856
-0.00053525
-0.00935823
-0.0151834
-0.0160397
-0.0117754
-0.00411574
0.00433841
0.0114311
0.0161821
0.0186649
0.0193502
0.0183372
0.0148976
0.00819991
-0.00170495
-0.0132632
-0.0238058
-0.0306099
-0.0319983
-0.0279603
-0.0200548
-0.0107937
-0.00264113
0.0027143
0.00452872
0.00267467
-0.00282108
-0.0116861
-0.023127
-0.0355449
-0.0466572
-0.0540424
-0.0559273
-0.0518321
-0.0428003
-0.0309957
-0.018898
-0.00850066
-0.00092499
0.00348994
0.00482981
0.00328485
-0.00101027
-0.0078304
-0.0167219
-0.0268379
-0.0368787
-0.0452039
-0.0501907
-0.0506795
-0.0465171
-0.0385377
-0.0286189
-0.0184082
-0.00988125
-0.00283876
0.000922934
0.00483762
0.00361753
0.00786984
-0.000699596
0.011365
0.0860879
0.0851745
0.0821431
0.0773402
0.0699878
0.0591422
0.0440089
0.0233879
-0.00193845
-0.0307671
-0.0564981
-0.0695591
-0.0735011
-0.068598
-0.0602519
-0.0533849
-0.048862
-0.043101
-0.0336524
-0.0215037
-0.00873387
0.00319332
0.0137213
0.0228486
0.0305956
0.0368275
0.0403629
0.0393346
0.0331577
0.0245417
0.0184419
0.0173393
0.0200165
0.0237335
0.0269674
0.0294005
0.0312461
0.0327283
0.0340552
0.0353151
0.0353481
0.0321624
0.0249969
0.0162134
0.0104937
0.0105667
0.0151882
0.020746
0.0249037
0.0271443
0.0279027
0.0279431
0.0280465
0.0281525
0.0268845
0.0225934
0.0153785
0.00791065
0.00381487
0.0048089
0.00979392
0.0159043
0.0207441
0.0233887
0.0242039
0.0241843
0.0241156
0.0235768
0.0212129
0.0160353
0.00885702
0.00234397
-0.00060147
0.00109748
0.00627688
0.0124682
0.0175493
0.0205766
0.0217679
0.0219536
0.0217238
0.0205732
0.017358
0.0114932
0.00402569
-0.00252257
-0.00550925
-0.00384901
0.00152719
0.00832037
0.0143532
0.0184656
0.0205983
0.0213313
0.0212289
0.0200703
0.0170005
0.0113559
0.00367514
-0.00410521
-0.00942577
-0.0104306
-0.00690976
-0.000358062
0.00692723
0.0130285
0.0170474
0.0190208
0.0193963
0.0183925
0.0154843
0.0098855
0.00140768
-0.00882266
-0.0185288
-0.0251994
-0.0271598
-0.0242539
-0.0177976
-0.0100205
-0.00313572
0.00133349
0.00272711
0.000980092
-0.00379528
-0.01135
-0.0210743
-0.0317062
-0.0413434
-0.0478736
-0.0496797
-0.0462969
-0.0385715
-0.0283644
-0.0178225
-0.00868612
-0.00195817
0.0020238
0.00329361
0.00198392
-0.00182676
-0.00798401
-0.0161078
-0.0254177
-0.0346773
-0.0423234
-0.0468227
-0.0471112
-0.0430909
-0.0355769
-0.0263422
-0.0168732
-0.00901604
-0.00247136
0.000933868
0.00468765
0.00332106
0.00768133
-0.000991317
0.0114904
0.0829467
0.0819393
0.0785903
0.0734247
0.0657543
0.054863
0.0402569
0.0212544
-0.00125003
-0.0257772
-0.0476505
-0.060042
-0.0648455
-0.0624285
-0.0565106
-0.0506314
-0.0455848
-0.0392422
-0.030144
-0.0190293
-0.00741462
0.0035508
0.0133539
0.0219129
0.0291795
0.0349725
0.038397
0.0381337
0.0338671
0.0276428
0.023008
0.0218835
0.023626
0.0263791
0.0289657
0.0310399
0.0327302
0.0342587
0.0357871
0.0371635
0.037259
0.0344208
0.0282637
0.021018
0.0164236
0.0163797
0.0197388
0.0238496
0.0270112
0.0288158
0.0295577
0.0297657
0.029972
0.0301155
0.0291121
0.0256121
0.0196147
0.013258
0.00957612
0.0100977
0.013996
0.0188911
0.0227919
0.0249352
0.0255959
0.0255484
0.0254504
0.025041
0.0232224
0.0190669
0.0131006
0.00750152
0.00476588
0.00591262
0.0100553
0.01515
0.0193743
0.021872
0.0227833
0.0228168
0.0225554
0.0216789
0.0192079
0.0144931
0.00825237
0.00258442
-0.000179826
0.000997163
0.005394
0.0110821
0.0161863
0.0196566
0.0213823
0.0218597
0.0216592
0.0207211
0.0183299
0.0137817
0.0073477
0.000600265
-0.00420238
-0.00533373
-0.00252609
0.00296133
0.00913518
0.0143061
0.0176487
0.0191582
0.0192493
0.0182315
0.0157804
0.011191
0.00409299
-0.00478308
-0.0135666
-0.0199953
-0.0224348
-0.0205962
-0.0155542
-0.00924323
-0.00361147
-1.29775e-05
0.000960635
-0.000732253
-0.00492834
-0.0113744
-0.0195709
-0.0285245
-0.0366977
-0.0423197
-0.0439808
-0.0412309
-0.0347401
-0.0260679
-0.0170322
-0.00912389
-0.00322506
0.000334632
0.0015409
0.000471629
-0.0028353
-0.00827918
-0.015548
-0.0239415
-0.0323138
-0.0392041
-0.0431861
-0.0432956
-0.0394825
-0.0325197
-0.0240499
-0.0153833
-0.00823099
-0.00220413
0.000842623
0.00442752
0.00293145
0.00738155
-0.001344
0.0115352
0.0802029
0.0791264
0.075542
0.0701252
0.0622677
0.0514439
0.0373813
0.0197654
-0.000487173
-0.0218372
-0.0408576
-0.0526155
-0.0580154
-0.0573825
-0.053259
-0.0482014
-0.042943
-0.0363222
-0.027543
-0.0172128
-0.00649077
0.00369196
0.0128696
0.0209194
0.0277608
0.0332032
0.0365431
0.0368371
0.033934
0.0294184
0.0259244
0.0249573
0.0261781
0.0283069
0.0304255
0.0321985
0.0336978
0.0351179
0.0366076
0.0379466
0.0381009
0.0357186
0.0306164
0.0247286
0.0209703
0.0207103
0.0230634
0.0261049
0.0285306
0.0299725
0.0306355
0.0309274
0.0312277
0.0314292
0.0306225
0.0276899
0.0226162
0.0171748
0.0139251
0.0141803
0.017263
0.0211819
0.0243016
0.0260124
0.0265361
0.0264811
0.0263801
0.0260692
0.024662
0.0213179
0.0163545
0.0115354
0.00900155
0.00972607
0.0130518
0.0172603
0.0207676
0.0228094
0.0234871
0.0234092
0.0231253
0.0224551
0.0205775
0.0168248
0.0116482
0.00676478
0.00420947
0.00497655
0.00854113
0.0132976
0.0176179
0.0205399
0.021918
0.0221826
0.021897
0.0211278
0.0192941
0.0156869
0.0103613
0.00455847
0.000244472
-0.000988354
0.00118247
0.00572297
0.0109194
0.015282
0.0180431
0.0191579
0.0190062
0.0179607
0.0158739
0.0121407
0.00627125
-0.00134
-0.00920696
-0.0153296
-0.0181431
-0.0172487
-0.013495
-0.00853057
-0.00404865
-0.00124376
-0.000652961
-0.00231884
-0.00606391
-0.0116281
-0.0185739
-0.0261007
-0.0329739
-0.0377409
-0.0392123
-0.0369698
-0.0315389
-0.0242099
-0.0165056
-0.00969184
-0.00453738
-0.00135728
-0.000203621
-0.00104658
-0.00387905
-0.00863826
-0.0150661
-0.0225405
-0.0300167
-0.0361508
-0.0396351
-0.0396012
-0.0360307
-0.0296386
-0.0219294
-0.0140427
-0.00756437
-0.00203017
0.000682589
0.00410511
0.00250166
0.00702002
-0.00170992
0.0115018
0.0778842
0.0767583
0.0730044
0.06742
0.0594647
0.0487655
0.0352107
0.018739
0.000249266
-0.0187618
-0.0356844
-0.0468706
-0.052621
-0.0531823
-0.0503281
-0.0459474
-0.0407144
-0.034046
-0.0255787
-0.015863
-0.00583804
0.00371386
0.0123691
0.0199864
0.0264745
0.0316452
0.0349329
0.035642
0.0337198
0.0304297
0.0277932
0.0270248
0.0279632
0.0296916
0.0314749
0.0330033
0.0343183
0.0355881
0.036945
0.0381701
0.0383706
0.0364403
0.0322603
0.0274126
0.0242047
0.0237377
0.0253942
0.0277056
0.0296083
0.0307559
0.0313014
0.0315952
0.031941
0.0321979
0.0315559
0.0290471
0.0246703
0.0199692
0.0171317
0.01725
0.0197167
0.0228723
0.0253724
0.0267257
0.0271223
0.027061
0.0269761
0.0267491
0.02564
0.0228911
0.0186876
0.014485
0.0121471
0.0125977
0.0153319
0.0188619
0.0217922
0.023454
0.0239411
0.0237878
0.0234959
0.022975
0.0215359
0.0185244
0.0141973
0.00995762
0.00758533
0.00803874
0.0109579
0.0149906
0.0186925
0.0211704
0.0222647
0.0223633
0.022014
0.0213679
0.0199579
0.0170948
0.0126766
0.00766967
0.00377961
0.00247116
0.00411606
0.0078789
0.0122804
0.0159902
0.0182831
0.0190821
0.0187378
0.0176631
0.0158492
0.0127902
0.00792962
0.00140184
-0.00563923
-0.0114426
-0.0145283
-0.0144154
-0.0117549
-0.00794058
-0.00444011
-0.00230898
-0.0020411
-0.00369107
-0.00709082
-0.0119816
-0.0179652
-0.0243726
-0.0301964
-0.0342435
-0.0355196
-0.0336523
-0.0290594
-0.0228127
-0.016194
-0.0102819
-0.00574691
-0.00288494
-0.0017728
-0.00241796
-0.004838
-0.00899777
-0.0146794
-0.0213271
-0.0279911
-0.0334415
-0.0364872
-0.0363436
-0.0330104
-0.0271413
-0.0201132
-0.0129173
-0.00703243
-0.00193288
0.000488699
0.00376575
0.00208037
0.00664347
-0.00203544
0.0113765
0.0760102
0.0748503
0.0709783
0.0652868
0.0572893
0.0467303
0.0336117
0.0180421
0.000888839
-0.0164319
-0.0318436
-0.0425622
-0.0485364
-0.0499308
-0.0479983
-0.0441596
-0.0390284
-0.0323911
-0.0241732
-0.0149079
-0.00539966
0.00366994
0.0119139
0.0191868
0.0253973
0.0303663
0.0336251
0.034638
0.0334087
0.0309825
0.0289759
0.0284003
0.0291932
0.0306668
0.0322131
0.0335506
0.0347074
0.0358381
0.0370614
0.0381691
0.0383864
0.0367805
0.0332603
0.0291471
0.0263366
0.0257668
0.0269881
0.0288202
0.0303576
0.0312756
0.0316982
0.0319444
0.0322844
0.0325707
0.0320653
0.029902
0.0260816
0.0219674
0.0194579
0.0194726
0.0214758
0.024065
0.0261034
0.027177
0.0274565
0.0273777
0.0273119
0.0271589
0.026268
0.0239389
0.0202782
0.0165373
0.0143822
0.0146806
0.0170062
0.0200335
0.022516
0.0238728
0.0242068
0.0240028
0.0237158
0.023303
0.02217
0.0196876
0.0159837
0.0122298
0.0100095
0.0102518
0.0127157
0.0162274
0.0194689
0.0216024
0.022473
0.0224484
0.0220584
0.0215005
0.0203901
0.0180683
0.014331
0.0099379
0.00638496
0.0050272
0.00627653
0.00945443
0.0132597
0.0164783
0.018416
0.0189755
0.0184889
0.0173924
0.0157729
0.0132066
0.00910761
0.00342719
-0.00294042
-0.00845603
-0.0117251
-0.0122107
-0.0104068
-0.00749979
-0.00477559
-0.00317736
-0.00316423
-0.00480345
-0.00794567
-0.0123406
-0.0176201
-0.0232049
-0.0282477
-0.0317456
-0.0328555
-0.0312488
-0.0272707
-0.0218316
-0.0160319
-0.0108078
-0.00675167
-0.00413904
-0.0030593
-0.00354498
-0.00563325
-0.00931005
-0.0143876
-0.0203618
-0.0263613
-0.0312522
-0.0339427
-0.0337153
-0.0305811
-0.0251409
-0.0186673
-0.0120333
-0.00663219
-0.00188998
0.000293679
0.00344837
0.00170686
0.00629109
-0.00228327
0.0111619
0.0745947
0.0734124
0.0694621
0.0637058
0.0556971
0.0452653
0.0324893
0.017587
0.00139453
-0.014753
-0.0291192
-0.039479
-0.0455765
-0.0475054
-0.046186
-0.0427358
-0.0377274
-0.0311674
-0.0231594
-0.0142304
-0.0051018
0.0036107
0.0115468
0.0185621
0.024569
0.0293968
0.0326416
0.0338683
0.0331115
0.0312713
0.0297037
0.0292856
0.0300087
0.0313249
0.0327103
0.0339078
0.0349414
0.0359612
0.037079
0.0380947
0.0383124
0.0369145
0.0338297
0.0302081
0.0276807
0.0270784
0.0280399
0.0295663
0.0308566
0.0316064
0.0319256
0.0321145
0.0324273
0.0327232
0.03232
0.0304223
0.0270188
0.0233266
0.0210285
0.0209697
0.0226541
0.024858
0.0265779
0.0274478
0.0276287
0.0275228
0.0274678
0.027374
0.0266431
0.0246096
0.0213294
0.0179209
0.0159139
0.0161274
0.0181743
0.0208434
0.0229982
0.0241254
0.0243409
0.0241004
0.0238239
0.0234904
0.0225648
0.0204383
0.0171589
0.0137435
0.0116416
0.0117585
0.0139268
0.0170865
0.0200031
0.0218823
0.0225847
0.0224721
0.0220602
0.0215651
0.0206544
0.0186956
0.0154242
0.0114606
0.00815023
0.00676625
0.00774772
0.0105247
0.0139192
0.0167955
0.018481
0.0188702
0.0182867
0.0171796
0.015693
0.0134599
0.00988447
0.00480108
-0.00107739
-0.0063701
-0.0097537
-0.0106579
-0.00946464
-0.00720953
-0.00504655
-0.00383535
-0.00400739
-0.00563838
-0.00859594
-0.0126416
-0.0174321
-0.0224498
-0.0269549
-0.0300726
-0.0310632
-0.0296306
-0.0260731
-0.0211915
-0.0159619
-0.0112216
-0.00750664
-0.00507443
-0.0040187
-0.00438673
-0.00622965
-0.00954915
-0.0141798
-0.019655
-0.0251618
-0.029638
-0.0320651
-0.0317758
-0.0287895
-0.0236669
-0.0176043
-0.0113889
-0.00635079
-0.0018793
0.000124289
0.00318429
0.00140799
0.00599662
-0.00244676
0.0109033
0.0736466
0.0724509
0.0684534
0.0626612
0.0546543
0.044317
0.0317757
0.0173128
0.00174083
-0.0136673
-0.0273766
-0.0374973
-0.0436644
-0.0459231
-0.0449941
-0.0418067
-0.0369001
-0.0304057
-0.0225341
-0.0138157
-0.00492722
0.00355487
0.0112892
0.0181348
0.0240087
0.0287474
0.0319864
0.033349
0.0328861
0.0314101
0.0301216
0.0298146
0.0305077
0.0317329
0.0330176
0.0341226
0.0350721
0.0360155
0.0370611
0.0380141
0.0382274
0.0369542
0.0341345
0.0308155
0.0284711
0.0278658
0.0286821
0.0300265
0.0311624
0.0318012
0.0320475
0.0321929
0.0324813
0.0327782
0.0324374
0.0307062
0.027564
0.0241365
0.0219799
0.0218757
0.0233708
0.0253409
0.0268623
0.0275988
0.0277088
0.0275777
0.0275257
0.0274706
0.0268452
0.0250048
0.0219725
0.0187815
0.0168739
0.017038
0.0189102
0.0213498
0.0232904
0.0242638
0.0243972
0.0241305
0.0238625
0.0235817
0.0227867
0.0208815
0.0178669
0.0146664
0.012647
0.0126979
0.0146911
0.0176326
0.0203392
0.0220479
0.0226353
0.0224646
0.0220418
0.0215878
0.0207985
0.0190588
0.0160715
0.0123741
0.00921905
0.0078272
0.00865153
0.011185
0.0143257
0.0169857
0.0185083
0.0187866
0.0181431
0.0170332
0.0156297
0.0135985
0.0103407
0.00562455
5.33646e-05
-0.00509236
-0.00853785
-0.00969662
-0.00888311
-0.00703896
-0.00523435
-0.00427333
-0.00456645
-0.00619306
-0.00903219
-0.0128559
-0.0173392
-0.0220043
-0.0261771
-0.0290609
-0.0299771
-0.0286502
-0.0253501
-0.0208112
-0.0159346
-0.0114969
-0.00799797
-0.00568175
-0.00464226
-0.00493443
-0.006618
-0.00970493
-0.0140446
-0.0191951
-0.0243812
-0.0285871
-0.0308416
-0.0305105
-0.0276195
-0.022703
-0.016909
-0.0109694
-0.0061724
-0.00188258
6.00614e-07
0.00299544
0.00120125
0.00578425
-0.00253792
0.0106713
0.0731711
0.0719695
0.0679496
0.0621418
0.0541386
0.0438514
0.0314294
0.0171845
0.00191717
-0.0131331
-0.0265252
-0.0365253
-0.0427208
-0.0451312
-0.0443843
-0.0413221
-0.0364699
-0.0300155
-0.0222179
-0.0136082
-0.00484197
0.00352344
0.0111558
0.0179163
0.023725
0.0284216
0.03166
0.0330902
0.0327696
0.0314683
0.0303143
0.0300629
0.0307444
0.0319269
0.0331624
0.0342206
0.0351269
0.0360313
0.0370412
0.0379645
0.0381768
0.0369644
0.034272
0.0310975
0.0288412
0.0282369
0.0289865
0.0302448
0.0313054
0.0318883
0.0320967
0.0322192
0.0324954
0.0327936
0.0324831
0.030831
0.0278132
0.0245126
0.0224242
0.0223019
0.0237085
0.0255678
0.0269932
0.0276633
0.0277357
0.0275901
0.0275393
0.0275053
0.026934
0.0251898
0.0222797
0.0191958
0.0173375
0.0174779
0.0192648
0.0215915
0.0234257
0.0243213
0.0244113
0.0241298
0.0238658
0.0236125
0.0228834
0.0210889
0.0182066
0.0151138
0.0131368
0.0131572
0.0150661
0.0179002
0.0205017
0.0221231
0.0226506
0.0224494
0.0220217
0.0215887
0.0208586
0.0192244
0.0163737
0.0128051
0.0097259
0.00833187
0.00908328
0.011501
0.0145198
0.0170747
0.0185166
0.0187397
0.0180671
0.016958
0.0155956
0.0136602
0.0105514
0.00600719
0.000580488
-0.00449533
-0.00796882
-0.00924668
-0.00861201
-0.00696477
-0.00533349
-0.00449423
-0.00484626
-0.00646993
-0.00924983
-0.012964
-0.0172977
-0.0217929
-0.0258074
-0.0285811
-0.0294639
-0.0281886
-0.0250118
-0.0206366
-0.0159289
-0.0116366
-0.00824215
-0.00598237
-0.00495051
-0.00520492
-0.0068095
-0.00978129
-0.0139771
-0.0189671
-0.0239945
-0.0280667
-0.0302359
-0.0298837
-0.0270399
-0.0222257
-0.0165652
-0.0107629
-0.00608665
-0.00188771
-6.58991e-05
0.00289729
0.00109281
0.00567553
-0.00258658
0.0105454
-0.56565
-0.31922
-0.187185
-0.56565
-0.319216
-0.406624
-0.415957
-0.535622
-0.406623
-0.415957
0.0943098
0.414856
0.286568
0.329053
0.0943121
0.414856
0.28657
-0.170955
-0.402053
-0.402053
-0.386142
-0.399481
-0.400166
-0.394917
-0.386142
-0.39948
-0.400166
0.496178
0.432705
0.496178
-0.405038
-0.422197
-0.405038
-0.422197
0.439025
0.497242
0.439025
-0.420366
-0.445167
-0.420366
-0.445167
0.321128
0.337369
0.121551
0.422237
0.32113
0.337369
0.121553
-0.138726
-0.138723
-0.489985
-0.489984
-0.446835
-0.470174
-0.470742
-0.442313
-0.446834
-0.470174
-0.470741
-0.176916
-0.596824
-0.285826
-0.176915
-0.596824
-0.503393
-0.591509
-0.497669
-0.503393
-0.591506
-0.497668
-0.349767
-0.210752
-0.433482
-0.151344
-0.349767
-0.210752
-0.433482
-0.382272
-0.505246
-0.40811
-0.40288
-0.382273
-0.505244
-0.408111
0.0838415
0.259499
0.0798413
0.187274
0.083842
0.259499
0.0798432
-0.510659
-0.536832
-0.494902
-0.563215
-0.496129
-0.563734
-0.510242
-0.356676
-0.392674
-0.371266
-0.378418
-0.356676
-0.392674
-0.371266
-0.162883
-0.394516
-0.39573
-0.38323
-0.402407
-0.383499
-0.402152
-0.394425
-0.410965
-0.411059
-0.410763
-0.411313
-0.411121
-0.411093
-0.410787
-0.411425
-0.439608
-0.441053
-0.432186
-0.454276
-0.431887
-0.455072
-0.439759
0.104411
0.190837
0.0919002
0.265659
0.104413
0.190837
0.0919008
-0.446484
-0.283251
-0.200371
-0.202507
-0.450198
-0.488497
-0.488335
-0.490487
-0.47727
-0.488496
-0.488334
-0.490486
-0.452178
-0.156307
-0.367286
-0.210227
-0.452178
-0.156306
-0.367286
-0.486433
-0.44338
-0.441808
-0.559126
-0.486432
-0.443379
-0.441808
-0.453113
-0.567736
-0.438033
-0.593033
-0.439278
-0.594564
-0.45217
-0.460214
-0.316756
-0.220637
-0.223294
-0.463772
-0.453116
-0.567737
-0.438035
-0.593033
-0.439282
-0.594564
-0.452172
-0.460212
-0.316754
-0.220634
-0.223292
-0.463769
-0.435476
-0.416019
-0.412399
-0.412788
-0.435491
-0.510659
-0.536832
-0.494902
-0.563215
-0.49613
-0.563734
-0.510242
-0.435476
-0.416019
-0.412399
-0.412788
-0.435491
0.317339
0.0930248
0.247459
0.0741485
0.246597
0.0723176
0.319265
0.366121
0.307488
0.173335
0.428687
0.140898
0.433161
0.369075
0.31734
0.0930265
0.24746
0.0741508
0.246598
0.0723194
0.319266
0.366122
0.307489
0.173337
0.428688
0.140899
0.433161
0.369076
-0.16288
-0.402252
-0.402252
-0.402059
-0.396717
-0.401708
-0.396811
-0.403859
-0.396551
-0.401524
-0.394516
-0.39573
-0.38323
-0.402407
-0.3835
-0.402153
-0.394424
-0.402059
-0.396718
-0.401707
-0.39681
-0.403859
-0.396551
-0.401524
0.531723
0.458138
0.461611
0.529456
0.57425
0.599099
0.600265
0.572712
0.531724
0.458139
0.461612
0.529457
0.574251
0.5991
0.600265
0.572712
-0.412688
-0.412202
-0.411903
-0.412991
-0.410966
-0.411058
-0.410764
-0.411312
-0.412688
-0.412201
-0.411904
-0.412991
0.584301
0.602552
0.603681
0.582886
0.547048
0.479521
0.482657
0.545018
0.584302
0.602552
0.603682
0.582887
0.547048
0.479522
0.482657
0.545019
-0.414112
-0.4183
-0.418009
-0.414373
-0.411122
-0.411093
-0.410788
-0.411425
-0.414113
-0.418299
-0.41801
-0.414373
0.386551
0.340153
0.447749
0.209421
0.451821
0.180484
0.389014
0.335693
0.120163
0.11085
0.263805
0.109128
0.263161
0.337219
0.386552
0.340154
0.44775
0.209422
0.451821
0.180486
0.389015
0.335694
0.120165
0.110852
0.263806
0.109129
0.263162
0.33722
-0.130963
-0.13096
-0.489876
-0.489876
-0.455631
-0.470322
-0.466475
-0.461544
-0.466739
-0.461397
-0.455678
-0.439609
-0.441054
-0.432185
-0.454276
-0.431888
-0.455073
-0.439758
-0.455632
-0.470323
-0.466475
-0.461543
-0.46674
-0.461398
-0.455677
-0.466938
-0.598659
-0.624898
-0.450211
-0.626079
-0.451287
-0.466409
-0.446482
-0.283249
-0.200368
-0.202505
-0.450195
-0.466939
-0.598659
-0.624898
-0.450213
-0.626079
-0.451288
-0.466411
-0.516518
-0.50342
-0.500939
-0.501056
-0.516779
-0.585069
-0.592407
-0.622657
-0.567026
-0.622825
-0.56797
-0.584844
-0.516518
-0.50342
-0.500939
-0.501055
-0.516778
-0.585069
-0.592404
-0.622655
-0.567026
-0.622824
-0.56797
-0.584844
-0.4564
-0.188296
-0.398344
-0.212561
-0.398296
-0.21506
-0.457408
0.329692
0.306808
0.373861
0.278896
0.329692
0.306808
0.373861
-0.523342
-0.451522
-0.552819
-0.440823
-0.523342
-0.451522
-0.55282
0.40781
0.335611
0.426101
0.324897
0.40781
0.335611
0.426101
0.537786
0.434037
0.510383
0.470488
0.511933
0.471644
0.536492
-0.519451
-0.44914
-0.526473
-0.450705
-0.519451
-0.44914
-0.526473
0.42685
0.325575
0.409451
0.335982
0.42685
0.325575
0.409451
0.566029
0.498384
0.574385
0.48936
0.575605
0.490531
0.564779
-0.480542
-0.440052
-0.472853
-0.439598
-0.480542
-0.440051
-0.472853
0.376253
0.2797
0.332128
0.307368
0.376253
0.2797
0.332128
-0.44685
-0.456629
-0.422742
-0.446615
-0.446849
-0.456628
-0.422742
-0.477358
-0.477686
-0.480821
-0.477403
-0.480739
-0.474462
-0.474705
-0.456399
-0.188297
-0.398343
-0.21256
-0.398296
-0.215059
-0.457406
-0.439532
-0.407034
-0.427774
-0.423889
-0.428527
-0.424055
-0.439344
-0.439532
-0.407035
-0.427774
-0.423889
-0.428527
-0.424055
-0.439344
0.562201
0.497327
0.486162
0.573047
0.487356
0.574264
0.560958
0.537786
0.434037
0.510383
0.470487
0.511933
0.471645
0.536492
0.562201
0.497328
0.486162
0.573047
0.487356
0.574265
0.560958
-0.408531
-0.40495
-0.40693
-0.415995
-0.406783
-0.415838
-0.408733
-0.410855
-0.422011
-0.414883
-0.411398
-0.414737
-0.411238
-0.41102
-0.408532
-0.404953
-0.40693
-0.415995
-0.406784
-0.41584
-0.408732
-0.410856
-0.422013
-0.414882
-0.411397
-0.414739
-0.411239
-0.411019
0.543715
0.440313
0.475131
0.517649
0.476254
0.519212
0.542416
0.566029
0.498385
0.574385
0.489361
0.575605
0.490532
0.564779
0.543715
0.440314
0.475131
0.517649
0.476255
0.519213
0.542416
-0.412314
-0.42021
-0.41085
-0.42569
-0.410693
-0.425522
-0.412482
-0.416087
-0.444964
-0.429928
-0.41764
-0.429792
-0.417433
-0.416283
-0.412316
-0.420212
-0.41085
-0.42569
-0.410694
-0.425524
-0.412482
-0.416089
-0.444966
-0.429927
-0.417638
-0.429794
-0.417436
-0.416282
-0.448942
-0.177841
-0.195279
-0.39197
-0.197499
-0.391854
-0.450136
-0.44894
-0.17784
-0.195277
-0.391969
-0.197497
-0.391853
-0.450134
-0.519117
-0.498152
-0.51661
-0.506645
-0.516508
-0.507004
-0.519077
-0.519117
-0.498151
-0.51661
-0.506644
-0.516507
-0.507003
-0.519076
0.0738886
0.0647535
0.194394
0.0600209
0.193504
0.137217
0.137907
0.0738901
0.0647544
0.194395
0.0600222
0.193505
0.137219
0.137908
-0.393161
-0.391331
-0.381017
-0.392133
-0.381277
-0.367956
-0.36749
-0.393161
-0.391331
-0.381017
-0.392134
-0.381277
-0.367956
-0.36749
0.0989408
0.208844
0.0830705
0.208159
0.0788472
0.149394
0.14992
0.0989425
0.208845
0.0830712
0.208161
0.078849
0.149396
0.149921
-0.477358
-0.477685
-0.48082
-0.477403
-0.48074
-0.474463
-0.474704
0.0465329
0.144214
0.0606223
0.0980581
0.0465331
0.144214
0.0606226
-0.348259
-0.365066
-0.386821
-0.353485
-0.348259
-0.365065
-0.386821
0.251661
0.254106
0.285371
0.216734
0.251661
0.254106
0.285371
-0.499939
-0.431102
-0.528398
-0.416188
-0.499939
-0.431102
-0.528398
0.286699
0.216526
0.251506
0.254084
0.286699
0.216526
0.251506
-0.421342
-0.458361
-0.358687
-0.458124
-0.421341
-0.45836
-0.358687
0.062077
0.097163
0.0442638
0.144897
0.0620775
0.0971631
0.0442641
-0.48489
-0.412859
-0.408327
-0.458716
-0.484889
-0.412859
-0.408326
)
;

boundaryField
{
    inlet
    {
        type            zeroGradient;
    }
    outlet
    {
        type            fixedValue;
        value           uniform 0;
    }
    top
    {
        type            symmetryPlane;
    }
    bottom
    {
        type            symmetryPlane;
    }
    front
    {
        type            symmetryPlane;
    }
    back
    {
        type            symmetryPlane;
    }
    cylinder
    {
        type            zeroGradient;
    }
}


// ************************************************************************* //
