/*--------------------------------*- C++ -*----------------------------------*\
  =========                 |
  \\      /  F ield         | OpenFOAM: The Open Source CFD Toolbox
   \\    /   O peration     | Website:  https://openfoam.org
    \\  /    A nd           | Version:  11
     \\/     M anipulation  |
\*---------------------------------------------------------------------------*/
FoamFile
{
    format      ascii;
    class       volVectorField;
    location    "0";
    object      vorticity;
}
// * * * * * * * * * * * * * * * * * * * * * * * * * * * * * * * * * * * * * //

dimensions      [0 0 -1 0 0 0 0];

internalField   nonuniform List<vector> 
7132
(
(0 -1.73472e-15 0)
(0 -1.73472e-15 0)
(0 -0 0)
(0 -1.73472e-15 0)
(0 -1.73472e-15 0)
(0 -0 0)
(0 -0 0)
(0 -0 0)
(0 -0 0)
(0 -0 0)
(0 -0 0)
(0 -0 0)
(0 -0 0)
(0 -0 0)
(0 -1.73472e-15 0)
(0 -1.73472e-15 0)
(0 -1.73472e-15 0)
(0 -0 0)
(0 -1.73472e-15 0)
(0 -1.73472e-15 0)
(0 -0 0)
(0 -0 0)
(0 -0 0)
(0 -0 0)
(0 1.73472e-15 0)
(0 -0 0)
(0 -0 0)
(0 -0 0)
(0 -0 0)
(0 1.73472e-15 0)
(0 1.73472e-15 0)
(0 1.73472e-15 0)
(0 -0 0)
(0 1.73472e-15 0)
(0 1.73472e-15 0)
(0 1.73472e-15 0)
(0 1.73472e-15 0)
(0 -0 0)
(0 1.73472e-15 0)
(0 1.73472e-15 0)
(0 1.73472e-15 0)
(0 1.73472e-15 0)
(0 -0 0)
(0 1.73472e-15 0)
(0 1.73472e-15 0)
(0 1.73472e-15 0)
(0 1.73472e-15 0)
(0 -0 0)
(0 1.73472e-15 0)
(0 1.73472e-15 0)
(0 -0 0)
(0 -1.73472e-15 0)
(0 -0 0)
(0 -0 0)
(0 -0 0)
(0 -0 0)
(0 -1.73472e-15 0)
(0 -0 0)
(0 -0 0)
(0 -0 0)
(0 -0 0)
(0 -1.73472e-15 0)
(0 -0 0)
(0 -1.73472e-15 0)
(0 -1.73472e-15 0)
(0 -0 0)
(0 -1.73472e-15 0)
(0 -0 0)
(0 -1.73472e-15 0)
(0 -1.73472e-15 0)
(0 -0 0)
(0 -1.73472e-15 0)
(0 -0 0)
(0 -1.73472e-15 0)
(0 -1.73472e-15 0)
(0 -0 0)
(0 -1.73472e-15 0)
(0 -0 0)
(0 -1.73472e-15 0)
(0 -1.73472e-15 0)
(0 -0 0)
(0 -1.73472e-15 0)
(0 -0 0)
(0 -1.73472e-15 0)
(0 -1.73472e-15 0)
(0 -0 0)
(0 -1.73472e-15 0)
(0 -0 0)
(0 -1.73472e-15 0)
(0 -1.73472e-15 0)
(0 -0 0)
(0 -1.73472e-15 0)
(0 -0 0)
(0 -0 0)
(0 -1.73472e-15 0)
(0 -0 0)
(0 -1.73472e-15 0)
(0 -0 0)
(0 -0 0)
(0 -1.73472e-15 0)
(0 -0 0)
(0 -1.73472e-15 0)
(0 -0 0)
(0 -0 0)
(0 -1.73472e-15 0)
(0 -0 0)
(0 -1.73472e-15 0)
(0 -0 0)
(0 -0 0)
(0 -1.73472e-15 0)
(0 -0 0)
(0 -1.73472e-15 0)
(0 -0 0)
(0 -0 0)
(0 -1.73472e-15 0)
(0 -0 0)
(0 -1.73472e-15 0)
(0 -0 0)
(0 -0 0)
(0 -1.73472e-15 0)
(0 -0 0)
(0 -0 0)
(0 -0 0)
(0 -0 0)
(0 -1.73472e-15 0)
(0 -0 0)
(0 -0 0)
(0 -0 0)
(0 -0 0)
(0 -1.73472e-15 0)
(0 -0 0)
(0 -0 0)
(0 -0 0)
(0 -0 0)
(0 -1.73472e-15 0)
(0 -0 0)
(0 -0 0)
(0 -0 0)
(0 -0 0)
(0 -1.73472e-15 0)
(0 -0 0)
(0 -0 0)
(0 -0 0)
(0 -0 0)
(0 -1.73472e-15 0)
(0 -0 0)
(0 -0 0)
(0 -0 0)
(0 -0 0)
(0 -1.73472e-15 0)
(0 -0 0)
(0 -0 0)
(0 -0 0)
(0 -0 0)
(0 -1.73472e-15 0)
(0 -0 0)
(0 -0 0)
(0 -0 0)
(0 -0 0)
(0 -1.73472e-15 0)
(0 -0 0)
(0 -0 0)
(0 -0 0)
(0 -0 0)
(0 -0 0)
(0 -0 0)
(0 -0 0)
(0 -0 0)
(0 1.73472e-15 0)
(0 -0 0)
(0 -0 0)
(0 1.73472e-15 0)
(0 -0 0)
(0 -0 0)
(0 -0 0)
(0 -0 0)
(0 -0 0)
(0 -0 0)
(0 -0 0)
(0 -0 0)
(0 -0 0)
(0 -0 0)
(0 -0 0)
(0 -0 0)
(0 -0 0)
(0 -0 0)
(0 -0 0)
(0 -0 0)
(0 -0 0)
(0 -0 0)
(0 1.73472e-15 0)
(0 -1.73472e-15 0)
(0 -1.73472e-15 0)
(0 -0 0)
(0 -1.73472e-15 0)
(0 1.73472e-15 0)
(0 -0 0)
(0 -1.73472e-15 0)
(0 -0 0)
(0 -1.73472e-15 0)
(0 1.73472e-15 0)
(0 -0 0)
(0 -1.73472e-15 0)
(0 -0 0)
(0 -1.73472e-15 0)
(0 1.73472e-15 0)
(0 -0 0)
(0 -1.73472e-15 0)
(0 -0 0)
(0 -1.73472e-15 0)
(0 -1.73472e-15 0)
(0 -0 0)
(0 -1.73472e-15 0)
(0 -0 0)
(0 -1.73472e-15 0)
(0 -1.73472e-15 0)
(0 -0 0)
(0 -1.73472e-15 0)
(0 -0 0)
(0 -1.73472e-15 0)
(0 -1.73472e-15 0)
(0 -0 0)
(0 -1.73472e-15 0)
(0 -0 0)
(0 -3.46945e-15 0)
(0 1.73472e-15 0)
(0 -0 0)
(0 -1.73472e-15 0)
(0 -0 0)
(0 -3.46945e-15 0)
(0 1.73472e-15 0)
(0 -0 0)
(0 -1.73472e-15 0)
(0 -0 0)
(0 -3.46945e-15 0)
(0 1.73472e-15 0)
(0 -0 0)
(0 -1.73472e-15 0)
(0 -0 0)
(0 -3.46945e-15 0)
(0 1.73472e-15 0)
(0 -0 0)
(0 -1.73472e-15 0)
(0 -0 0)
(0 -3.46945e-15 0)
(0 1.73472e-15 0)
(0 -0 0)
(0 -1.73472e-15 0)
(0 -0 0)
(0 -3.46945e-15 0)
(0 1.73472e-15 0)
(0 -0 0)
(0 -0 0)
(0 1.73472e-15 0)
(0 -0 0)
(0 1.73472e-15 0)
(0 -0 0)
(0 -0 0)
(0 1.73472e-15 0)
(0 -0 0)
(0 1.73472e-15 0)
(0 -0 0)
(0 -0 0)
(0 1.73472e-15 0)
(0 -0 0)
(0 1.73472e-15 0)
(0 -0 0)
(0 -0 0)
(0 1.73472e-15 0)
(0 -0 0)
(0 1.73472e-15 0)
(0 -0 0)
(0 -0 0)
(0 1.73472e-15 0)
(0 -0 0)
(0 1.73472e-15 0)
(0 -0 0)
(0 -0 0)
(0 1.73472e-15 0)
(0 -0 0)
(0 1.73472e-15 0)
(0 1.73472e-15 0)
(0 -0 0)
(0 1.73472e-15 0)
(0 -0 0)
(0 1.73472e-15 0)
(0 1.73472e-15 0)
(0 -0 0)
(0 1.73472e-15 0)
(0 -0 0)
(0 1.73472e-15 0)
(0 1.73472e-15 0)
(0 -0 0)
(0 1.73472e-15 0)
(0 -0 0)
(0 1.73472e-15 0)
(0 1.73472e-15 0)
(0 -0 0)
(0 1.73472e-15 0)
(0 -0 0)
(0 1.73472e-15 0)
(0 1.73472e-15 0)
(0 -0 0)
(0 1.73472e-15 0)
(0 -0 0)
(0 1.73472e-15 0)
(0 1.73472e-15 0)
(0 -0 0)
(0 1.73472e-15 0)
(0 -0 0)
(0 1.73472e-15 0)
(0 1.73472e-15 0)
(0 -0 0)
(0 1.73472e-15 0)
(0 -0 0)
(0 1.73472e-15 0)
(0 1.73472e-15 0)
(0 -0 0)
(0 1.73472e-15 0)
(0 -0 0)
(0 -0 0)
(0 -0 0)
(0 -0 0)
(0 -0 0)
(0 -0 0)
(0 -0 0)
(0 -0 0)
(0 -0 0)
(0 -0 0)
(0 -0 0)
(0 -0 0)
(0 -0 0)
(0 -0 0)
(0 -0 0)
(0 -0 0)
(0 -0 0)
(0 -0 0)
(0 -0 0)
(0 -0 0)
(0 -0 0)
(0 -0 0)
(0 -0 0)
(0 -0 0)
(0 -0 0)
(0 -0 0)
(0 -0 0)
(0 -0 0)
(0 -0 0)
(0 -0 0)
(0 -0 0)
(0 -0 0)
(0 -0 0)
(0 -0 0)
(0 -0 0)
(0 -0 0)
(0 -0 0)
(0 -0 0)
(0 -0 0)
(0 -0 0)
(0 -0 0)
(0 -0 0)
(0 -0 0)
(0 -0 0)
(0 -0 0)
(0 -0 0)
(0 -0 0)
(0 -0 0)
(0 -0 0)
(0 -0 0)
(0 -0 0)
(0 -0 0)
(0 1.73472e-15 0)
(0 -0 0)
(0 -0 0)
(0 -0 0)
(0 -0 0)
(0 1.73472e-15 0)
(0 -0 0)
(0 -0 0)
(0 -0 0)
(0 -0 0)
(0 1.73472e-15 0)
(0 -0 0)
(0 1.73472e-15 0)
(0 -0 0)
(0 -0 0)
(0 1.73472e-15 0)
(0 -0 0)
(0 1.73472e-15 0)
(0 -0 0)
(0 -0 0)
(0 1.73472e-15 0)
(0 -0 0)
(0 1.73472e-15 0)
(0 -0 0)
(0 -0 0)
(0 1.73472e-15 0)
(0 -0 0)
(0 1.73472e-15 0)
(0 -0 0)
(0 -0 0)
(0 1.73472e-15 0)
(0 -0 0)
(0 1.73472e-15 0)
(0 -0 0)
(0 -0 0)
(0 1.73472e-15 0)
(0 -0 0)
(0 1.73472e-15 0)
(0 -0 0)
(0 -0 0)
(0 -0 0)
(0 -0 0)
(0 -0 0)
(0 -0 0)
(0 -0 0)
(0 -0 0)
(0 -0 0)
(0 -0 0)
(0 -0 0)
(0 -0 0)
(0 -0 0)
(0 -0 0)
(0 -0 0)
(0 -0 0)
(0 -0 0)
(0 -0 0)
(0 -0 0)
(0 -0 0)
(0 -0 0)
(0 -0 0)
(0 -0 0)
(0 -0 0)
(0 -0 0)
(0 -0 0)
(0 -0 0)
(0 -0 0)
(0 -0 0)
(0 -0 0)
(0 -0 0)
(0 -0 0)
(0 -0 0)
(0 -0 0)
(0 -0 0)
(0 -0 0)
(0 -0 0)
(0 -0 0)
(0 -0 0)
(0 -0 0)
(0 -0 0)
(0 -0 0)
(0 -0 0)
(0 -0 0)
(0 -0 0)
(0 -0 0)
(0 -0 0)
(0 -0 0)
(0 -0 0)
(0 -0 0)
(0 -0 0)
(0 -0 0)
(0 -0 0)
(0 -0 0)
(0 -0 0)
(0 -0 0)
(0 -0 0)
(0 -0 0)
(0 -0 0)
(0 -0 0)
(0 -0 0)
(0 -0 0)
(0 -0 0)
(0 -0 0)
(0 -0 0)
(0 -0 0)
(0 -0 0)
(0 -0 0)
(0 -0 0)
(0 -0 0)
(0 -0 0)
(0 -0 0)
(0 -0 0)
(0 -0 0)
(0 -0 0)
(0 -0 0)
(0 -0 0)
(0 -0 0)
(0 -0 0)
(0 1.73472e-15 0)
(0 -0 6.93889e-15)
(0 -1.73472e-15 0)
(0 1.73472e-15 0)
(0 -0 0)
(0 -0 0)
(0 -0 0)
(0 -0 0)
(0 -0 0)
(0 -0 0)
(0 -0 0)
(0 -0 0)
(0 -0 0)
(0 -0 0)
(0 -0 0)
(0 -0 0)
(0 -0 0)
(0 -0 0)
(0 -0 0)
(0 -0 0)
(0 -0 0)
(0 -0 0)
(0 1.73472e-15 0)
(0 -1.73472e-15 0)
(0 -1.73472e-15 0)
(0 -0 0)
(0 -1.73472e-15 0)
(0 1.73472e-15 0)
(0 -0 0)
(0 -1.73472e-15 0)
(0 -0 0)
(0 -1.73472e-15 0)
(0 1.73472e-15 0)
(0 -0 0)
(0 -1.73472e-15 0)
(0 -0 0)
(0 -1.73472e-15 0)
(0 1.73472e-15 0)
(0 -0 0)
(0 -1.73472e-15 0)
(0 -0 0)
(0 -1.73472e-15 0)
(0 -1.73472e-15 0)
(0 -0 0)
(0 -1.73472e-15 0)
(0 -0 0)
(0 -1.73472e-15 0)
(0 -1.73472e-15 0)
(0 -0 0)
(0 -1.73472e-15 0)
(0 -0 0)
(0 -1.73472e-15 0)
(0 -1.73472e-15 0)
(0 -0 0)
(0 -1.73472e-15 0)
(0 -0 0)
(0 -3.46945e-15 0)
(0 1.73472e-15 0)
(0 -0 0)
(0 -1.73472e-15 0)
(0 -0 0)
(0 -3.46945e-15 0)
(0 1.73472e-15 0)
(0 -0 0)
(0 -1.73472e-15 0)
(0 -0 0)
(0 -3.46945e-15 0)
(0 1.73472e-15 0)
(0 -0 0)
(0 -1.73472e-15 0)
(0 -0 0)
(0 -3.46945e-15 0)
(0 1.73472e-15 0)
(0 -0 0)
(0 -1.73472e-15 0)
(0 -0 0)
(0 -3.46945e-15 0)
(0 1.73472e-15 0)
(0 -0 0)
(0 -1.73472e-15 0)
(0 -0 0)
(0 -3.46945e-15 0)
(0 1.73472e-15 0)
(0 -0 0)
(0 -0 0)
(0 1.73472e-15 0)
(0 -0 0)
(0 1.73472e-15 0)
(0 -0 0)
(0 -0 0)
(0 1.73472e-15 0)
(0 -0 0)
(0 1.73472e-15 0)
(0 -0 0)
(0 -0 0)
(0 1.73472e-15 0)
(0 -0 0)
(0 1.73472e-15 0)
(0 -0 0)
(0 -0 0)
(0 1.73472e-15 0)
(0 -0 0)
(0 1.73472e-15 0)
(0 -0 0)
(0 -0 0)
(0 1.73472e-15 0)
(0 -0 0)
(0 1.73472e-15 0)
(0 -0 0)
(0 -0 0)
(0 1.73472e-15 0)
(0 -0 0)
(0 1.73472e-15 0)
(0 1.73472e-15 0)
(0 -0 0)
(0 1.73472e-15 0)
(0 -0 0)
(0 1.73472e-15 0)
(0 1.73472e-15 0)
(0 -0 0)
(0 1.73472e-15 0)
(0 -0 0)
(0 1.73472e-15 0)
(0 1.73472e-15 0)
(0 -0 0)
(0 1.73472e-15 0)
(0 -0 0)
(0 1.73472e-15 0)
(0 1.73472e-15 0)
(0 -0 0)
(0 1.73472e-15 0)
(0 -0 0)
(0 1.73472e-15 0)
(0 1.73472e-15 0)
(0 -0 0)
(0 1.73472e-15 0)
(0 -0 0)
(0 1.73472e-15 0)
(0 1.73472e-15 0)
(0 -0 0)
(0 1.73472e-15 0)
(0 -0 0)
(0 1.73472e-15 0)
(0 1.73472e-15 0)
(0 -0 0)
(0 1.73472e-15 0)
(0 -0 0)
(0 1.73472e-15 0)
(0 1.73472e-15 0)
(0 -0 0)
(0 1.73472e-15 0)
(0 -0 0)
(0 1.73472e-15 0)
(0 1.73472e-15 0)
(0 -0 0)
(0 1.73472e-15 0)
(0 1.73472e-15 0)
(0 1.73472e-15 0)
(0 -0 0)
(0 -0 0)
(0 -0 0)
(0 -1.73472e-15 -6.93889e-15)
(0 -0 0)
(0 -0 0)
(0 -0 0)
(0 -0 0)
(0 -0 0)
(0 1.73472e-15 0)
(0 1.73472e-15 0)
(0 -0 0)
(0 1.73472e-15 0)
(0 1.73472e-15 0)
(0 -0 0)
(0 -0 0)
(0 -0 0)
(0 -0 0)
(0 -0 0)
(0 -1.73472e-15 0)
(0 -0 0)
(0 -0 0)
(0 -0 0)
(0 -0 0)
(0 -1.73472e-15 0)
(0 -1.73472e-15 0)
(0 -0 0)
(0 -1.73472e-15 0)
(0 -1.73472e-15 0)
(0 -1.73472e-15 0)
(0 -1.73472e-15 0)
(0 -0 0)
(0 -1.73472e-15 0)
(0 -1.73472e-15 0)
(0 -1.73472e-15 0)
(0 -1.73472e-15 0)
(0 -0 0)
(0 -1.73472e-15 0)
(0 -1.73472e-15 0)
(0 -1.73472e-15 0)
(0 -1.73472e-15 0)
(0 -0 0)
(0 -1.73472e-15 0)
(0 -1.73472e-15 0)
(0 -0 0)
(0 3.46945e-15 0)
(0 -0 0)
(0 1.73472e-15 0)
(0 -0 0)
(0 -0 0)
(0 3.46945e-15 0)
(0 -0 0)
(0 1.73472e-15 0)
(0 -0 0)
(0 -0 0)
(0 3.46945e-15 0)
(0 -0 0)
(0 3.46945e-15 0)
(0 -0 0)
(0 1.73472e-15 0)
(0 3.46945e-15 0)
(0 -0 0)
(0 3.46945e-15 0)
(0 -0 0)
(0 1.73472e-15 0)
(0 3.46945e-15 0)
(0 -0 0)
(0 3.46945e-15 0)
(0 -0 0)
(0 1.73472e-15 0)
(0 3.46945e-15 0)
(0 -0 0)
(0 3.46945e-15 0)
(0 -0 0)
(0 1.73472e-15 0)
(0 3.46945e-15 0)
(0 -0 0)
(0 3.46945e-15 0)
(0 -0 0)
(0 1.73472e-15 0)
(0 3.46945e-15 0)
(0 -0 0)
(0 3.46945e-15 0)
(0 -0 0)
(0 1.73472e-15 0)
(0 -0 0)
(0 -0 0)
(0 -0 0)
(0 -0 0)
(0 1.73472e-15 0)
(0 -0 0)
(0 -0 0)
(0 -0 0)
(0 -0 0)
(0 1.73472e-15 0)
(0 -0 0)
(0 -0 0)
(0 -0 0)
(0 -0 0)
(0 1.73472e-15 0)
(0 -0 0)
(0 -0 0)
(0 -0 0)
(0 -0 0)
(0 1.73472e-15 0)
(0 -0 0)
(0 -0 0)
(0 -0 0)
(0 -0 0)
(0 1.73472e-15 0)
(0 -0 0)
(0 -0 0)
(0 -0 0)
(0 -0 0)
(0 1.73472e-15 0)
(0 -0 0)
(0 -0 0)
(0 -0 0)
(0 -0 0)
(0 1.73472e-15 0)
(0 -0 0)
(0 -0 0)
(0 -0 0)
(0 -0 0)
(0 1.73472e-15 0)
(0 -0 0)
(0 -0 0)
(0 -0 0)
(0 -0 0)
(0 1.73472e-15 0)
(0 -0 0)
(0 -0 0)
(0 -0 0)
(0 -0 0)
(0 1.73472e-15 0)
(0 -0 0)
(0 -0 0)
(0 -0 0)
(0 -0 0)
(0 1.73472e-15 0)
(0 -0 0)
(0 -0 0)
(0 -0 0)
(0 -0 0)
(0 1.73472e-15 0)
(0 -0 0)
(0 -0 0)
(0 -0 0)
(0 -0 0)
(0 1.73472e-15 0)
(0 -0 0)
(0 -0 0)
(0 -0 0)
(0 -0 0)
(0 -1.73472e-15 0)
(0 -1.73472e-15 0)
(0 -0 0)
(0 -1.73472e-15 0)
(0 -1.73472e-15 0)
(0 -0 0)
(0 -0 0)
(0 -0 0)
(0 -0 0)
(0 -0 6.93889e-15)
(0 -0 6.93889e-15)
(0 -0 0)
(0 -0 0)
(0 -0 0)
(0 -1.73472e-15 0)
(0 -1.73472e-15 0)
(0 -1.73472e-15 0)
(0 -0 0)
(0 -1.73472e-15 0)
(0 -1.73472e-15 0)
(0 -0 0)
(0 -0 0)
(0 -0 0)
(0 -0 0)
(0 1.73472e-15 0)
(0 -0 0)
(0 -0 0)
(0 -0 0)
(0 -0 0)
(0 1.73472e-15 0)
(0 1.73472e-15 0)
(0 1.73472e-15 0)
(0 -0 0)
(0 1.73472e-15 0)
(0 1.73472e-15 0)
(0 1.73472e-15 0)
(0 1.73472e-15 0)
(0 -0 0)
(0 1.73472e-15 0)
(0 1.73472e-15 0)
(0 1.73472e-15 0)
(0 1.73472e-15 0)
(0 -0 0)
(0 1.73472e-15 0)
(0 1.73472e-15 0)
(0 1.73472e-15 0)
(0 1.73472e-15 0)
(0 -0 0)
(0 1.73472e-15 0)
(0 1.73472e-15 0)
(0 -0 0)
(0 -1.73472e-15 0)
(0 -0 0)
(0 -0 0)
(0 -0 0)
(0 -0 0)
(0 -1.73472e-15 0)
(0 -0 0)
(0 -0 0)
(0 -0 0)
(0 -0 0)
(0 -1.73472e-15 0)
(0 -0 0)
(0 -1.73472e-15 0)
(0 -1.73472e-15 0)
(0 -0 0)
(0 -1.73472e-15 0)
(0 -0 0)
(0 -1.73472e-15 0)
(0 -1.73472e-15 0)
(0 -0 0)
(0 -1.73472e-15 0)
(0 -0 0)
(0 -1.73472e-15 0)
(0 -1.73472e-15 0)
(0 -0 0)
(0 -1.73472e-15 0)
(0 -0 0)
(0 -1.73472e-15 0)
(0 -1.73472e-15 0)
(0 -0 0)
(0 -1.73472e-15 0)
(0 -0 0)
(0 -1.73472e-15 0)
(0 -1.73472e-15 0)
(0 -0 0)
(0 -1.73472e-15 0)
(0 -0 0)
(0 -1.73472e-15 0)
(0 -1.73472e-15 0)
(0 -0 0)
(0 -1.73472e-15 0)
(0 -0 0)
(0 -0 0)
(0 -1.73472e-15 0)
(0 -0 0)
(0 -1.73472e-15 0)
(0 -0 0)
(0 -0 0)
(0 -1.73472e-15 0)
(0 -0 0)
(0 -1.73472e-15 0)
(0 -0 0)
(0 -0 0)
(0 -1.73472e-15 0)
(0 -0 0)
(0 -1.73472e-15 0)
(0 -0 0)
(0 -0 0)
(0 -1.73472e-15 0)
(0 -0 0)
(0 -1.73472e-15 0)
(0 -0 0)
(0 -0 0)
(0 -1.73472e-15 0)
(0 -0 0)
(0 -1.73472e-15 0)
(0 -0 0)
(0 -0 0)
(0 -1.73472e-15 0)
(0 -0 0)
(0 -0 0)
(0 -0 0)
(0 -0 0)
(0 -1.73472e-15 0)
(0 -0 0)
(0 -0 0)
(0 -0 0)
(0 -0 0)
(0 -1.73472e-15 0)
(0 -0 0)
(0 -0 0)
(0 -0 0)
(0 -0 0)
(0 -1.73472e-15 0)
(0 -0 0)
(0 -0 0)
(0 -0 0)
(0 -0 0)
(0 -1.73472e-15 0)
(0 -0 0)
(0 -0 0)
(0 -0 0)
(0 -0 0)
(0 -1.73472e-15 0)
(0 -0 0)
(0 -0 0)
(0 -0 0)
(0 -0 0)
(0 -1.73472e-15 0)
(0 -0 0)
(0 -0 0)
(0 -0 0)
(0 -0 0)
(0 -1.73472e-15 0)
(0 -0 0)
(0 -0 0)
(0 -0 0)
(0 -0 0)
(0 -1.73472e-15 0)
(0 -0 0)
(0 -0 0)
(0 -0 0)
(0 -0 0)
(0 -0 0)
(0 -0 0)
(0 -0 0)
(0 -0 0)
(0 1.73472e-15 0)
(0 1.73472e-15 -6.93889e-15)
(0 -0 -6.93889e-15)
(0 1.73472e-15 0)
(0 -0 0)
(0 -0 0)
(0 -0 0)
(0 -0 0)
(0 -0 0)
(0 -0 0)
(0 -0 0)
(0 -0 0)
(0 -0 0)
(0 -0 0)
(0 -0 0)
(0 -0 0)
(0 -0 0)
(0 -0 0)
(0 -0 0)
(0 -0 0)
(0 -0 0)
(0 -0 0)
(0 1.73472e-15 0)
(0 -1.73472e-15 0)
(0 -1.73472e-15 0)
(0 -0 0)
(0 -1.73472e-15 0)
(0 1.73472e-15 0)
(0 -0 0)
(0 -1.73472e-15 0)
(0 -0 0)
(0 -1.73472e-15 0)
(0 1.73472e-15 0)
(0 -0 0)
(0 -1.73472e-15 0)
(0 -0 0)
(0 -1.73472e-15 0)
(0 1.73472e-15 0)
(0 -0 0)
(0 -1.73472e-15 0)
(0 -0 0)
(0 -1.73472e-15 0)
(0 -1.73472e-15 0)
(0 -0 0)
(0 -1.73472e-15 0)
(0 -0 0)
(0 -1.73472e-15 0)
(0 -1.73472e-15 0)
(0 -0 0)
(0 -1.73472e-15 0)
(0 -0 0)
(0 -1.73472e-15 0)
(0 -1.73472e-15 0)
(0 -0 0)
(0 -1.73472e-15 0)
(0 -0 0)
(0 -3.46945e-15 0)
(0 1.73472e-15 0)
(0 -0 0)
(0 -1.73472e-15 0)
(0 -0 0)
(0 -3.46945e-15 0)
(0 1.73472e-15 0)
(0 -0 0)
(0 -1.73472e-15 0)
(0 -0 0)
(0 -3.46945e-15 0)
(0 1.73472e-15 0)
(0 -0 0)
(0 -1.73472e-15 0)
(0 -0 0)
(0 -3.46945e-15 0)
(0 1.73472e-15 0)
(0 -0 0)
(0 -1.73472e-15 0)
(0 -0 0)
(0 -3.46945e-15 0)
(0 1.73472e-15 0)
(0 -0 0)
(0 -1.73472e-15 0)
(0 -0 0)
(0 -3.46945e-15 0)
(0 1.73472e-15 0)
(0 -0 0)
(0 -0 0)
(0 1.73472e-15 0)
(0 -0 0)
(0 1.73472e-15 0)
(0 -0 0)
(0 -0 0)
(0 1.73472e-15 0)
(0 -0 0)
(0 1.73472e-15 0)
(0 -0 0)
(0 -0 0)
(0 1.73472e-15 0)
(0 -0 0)
(0 1.73472e-15 0)
(0 -0 0)
(0 -0 0)
(0 1.73472e-15 0)
(0 -0 0)
(0 1.73472e-15 0)
(0 -0 0)
(0 -0 0)
(0 1.73472e-15 0)
(0 -0 0)
(0 1.73472e-15 0)
(0 -0 0)
(0 -0 0)
(0 1.73472e-15 0)
(0 -0 0)
(0 1.73472e-15 0)
(0 1.73472e-15 0)
(0 -0 0)
(0 1.73472e-15 0)
(0 -0 0)
(0 1.73472e-15 0)
(0 1.73472e-15 0)
(0 -0 0)
(0 1.73472e-15 0)
(0 -0 0)
(0 1.73472e-15 0)
(0 1.73472e-15 0)
(0 -0 0)
(0 1.73472e-15 0)
(0 -0 0)
(0 1.73472e-15 0)
(0 1.73472e-15 0)
(0 -0 0)
(0 1.73472e-15 0)
(0 -0 0)
(0 1.73472e-15 0)
(0 1.73472e-15 0)
(0 -0 0)
(0 1.73472e-15 0)
(0 -0 0)
(0 1.73472e-15 0)
(0 1.73472e-15 0)
(0 -0 0)
(0 1.73472e-15 0)
(0 -0 0)
(0 1.73472e-15 0)
(0 1.73472e-15 0)
(0 -0 0)
(0 1.73472e-15 0)
(0 -0 0)
(0 1.73472e-15 0)
(0 1.73472e-15 0)
(0 -0 0)
(0 1.73472e-15 0)
(0 -0 0)
(0 -0 0)
(0 -0 0)
(0 -0 0)
(0 -0 0)
(0 -0 0)
(0 -0 0)
(0 -0 0)
(0 -0 0)
(0 -0 0)
(0 -3.46945e-15 0)
(0 -0 0)
(0 -0 0)
(0 -0 0)
(0 -0 0)
(0 -0 0)
(0 -0 0)
(0 -0 0)
(0 -0 0)
(0 -0 0)
(0 -0 0)
(0 -0 0)
(0 -0 0)
(0 -0 0)
(0 -0 0)
(0 -0 0)
(0 -0 0)
(0 -0 0)
(0 -0 0)
(0 -0 0)
(0 -0 0)
(0 -0 0)
(0 -0 0)
(0 -0 0)
(0 -0 0)
(0 -0 0)
(0 -0 0)
(0 -0 0)
(0 -0 0)
(0 -0 0)
(0 -0 0)
(0 -0 0)
(0 -0 0)
(0 -0 0)
(0 -0 0)
(0 -0 0)
(0 -0 0)
(0 -0 0)
(0 -0 0)
(0 -0 0)
(0 -0 0)
(0 -0 0)
(0 1.73472e-15 0)
(0 -0 0)
(0 -0 0)
(0 -0 0)
(0 -0 0)
(0 1.73472e-15 0)
(0 -0 0)
(0 -0 0)
(0 -0 0)
(0 -0 0)
(0 1.73472e-15 0)
(0 -0 0)
(0 1.73472e-15 0)
(0 -0 0)
(0 -0 0)
(0 1.73472e-15 0)
(0 -0 0)
(0 1.73472e-15 0)
(0 -0 0)
(0 -0 0)
(0 1.73472e-15 0)
(0 -0 0)
(0 1.73472e-15 0)
(0 -0 0)
(0 -0 0)
(0 1.73472e-15 0)
(0 -0 0)
(0 1.73472e-15 0)
(0 -0 0)
(0 -0 0)
(0 1.73472e-15 0)
(0 -0 0)
(0 1.73472e-15 0)
(0 -0 0)
(0 -0 0)
(0 1.73472e-15 0)
(0 -0 0)
(0 1.73472e-15 0)
(0 -0 0)
(0 -0 0)
(0 -0 0)
(0 -0 0)
(0 -0 0)
(0 -0 0)
(0 -0 0)
(0 -0 0)
(0 -0 0)
(0 -0 0)
(0 -0 0)
(0 -0 0)
(0 -0 0)
(0 -0 0)
(0 -0 0)
(0 -0 0)
(0 -0 0)
(0 -0 0)
(0 -0 0)
(0 -0 0)
(0 -0 0)
(0 -0 0)
(0 -0 0)
(0 -0 0)
(0 -0 0)
(0 -0 0)
(0 -0 0)
(0 -0 0)
(0 -0 0)
(0 -0 0)
(0 -0 0)
(0 -0 0)
(0 -0 0)
(0 -0 0)
(0 -0 0)
(0 -0 0)
(0 -0 0)
(0 -0 0)
(0 -0 0)
(0 -0 0)
(0 -0 0)
(0 -0 0)
(0 -0 0)
(0 -0 0)
(0 -0 0)
(0 -0 0)
(0 -0 0)
(0 -0 0)
(0 -0 0)
(0 -0 0)
(0 -0 0)
(0 -0 0)
(0 -0 0)
(0 -0 0)
(0 -0 0)
(0 -0 0)
(0 -0 0)
(0 -0 0)
(0 -0 0)
(0 -0 0)
(0 -0 0)
(0 -0 0)
(0 -0 0)
(0 -0 0)
(0 -0 0)
(0 -0 0)
(0 -0 0)
(0 -0 0)
(0 -0 0)
(0 -0 0)
(0 -0 0)
(0 -0 0)
(0 -0 0)
(0 -0 0)
(0 -0 0)
(0 -0 0)
(0 -0 0)
(0 -0 0)
(0 -0 0)
(0 -0 0)
(0 -0 1.38778e-14)
(0 -0 0)
(0 -0 0)
(0 -0 0)
(0 -0 0)
(0 -0 0)
(0 -0 0)
(0 -0 0)
(0 -0 0)
(0 -0 0)
(0 -0 0)
(0 -0 0)
(0 -0 0)
(0 -0 0)
(0 -0 0)
(0 -0 0)
(0 -1.73472e-15 0)
(0 -0 0)
(0 -0 0)
(0 -0 0)
(0 -0 0)
(0 -0 0)
(0 -0 0)
(0 -0 0)
(0 1.73472e-15 0)
(0 -0 0)
(0 -0 0)
(0 1.73472e-15 0)
(0 -0 0)
(0 1.73472e-15 0)
(0 -0 0)
(0 -0 0)
(0 1.73472e-15 0)
(0 -0 0)
(0 1.73472e-15 0)
(0 -0 0)
(0 -0 0)
(0 1.73472e-15 0)
(0 -0 0)
(0 1.73472e-15 0)
(0 -0 0)
(0 -0 0)
(0 -0 0)
(0 -0 0)
(0 -0 0)
(0 -0 0)
(0 -0 0)
(0 -0 0)
(0 -0 0)
(0 -0 0)
(0 -0 0)
(0 -0 0)
(0 -0 0)
(0 -0 0)
(0 -0 0)
(0 -1.73472e-15 0)
(0 -0 0)
(0 -0 0)
(0 -0 0)
(0 -0 0)
(0 -1.73472e-15 0)
(0 -0 0)
(0 -0 0)
(0 -0 0)
(0 -0 0)
(0 -1.73472e-15 0)
(0 -0 0)
(0 -0 0)
(0 -0 0)
(0 -0 0)
(0 -1.73472e-15 0)
(0 -0 0)
(0 -0 0)
(0 -0 0)
(0 -0 0)
(0 -1.73472e-15 0)
(0 -0 0)
(0 -0 0)
(0 -0 0)
(0 -0 0)
(0 -1.73472e-15 0)
(0 -0 0)
(0 -1.73472e-15 0)
(0 1.73472e-15 0)
(0 -0 0)
(0 -1.73472e-15 0)
(0 -0 0)
(0 -1.73472e-15 0)
(0 1.73472e-15 0)
(0 -0 0)
(0 -1.73472e-15 0)
(0 -0 0)
(0 -1.73472e-15 0)
(0 1.73472e-15 0)
(0 -0 0)
(0 -1.73472e-15 0)
(0 -0 0)
(0 -1.73472e-15 0)
(0 1.73472e-15 0)
(0 -0 0)
(0 -1.73472e-15 0)
(0 -0 0)
(0 -1.73472e-15 0)
(0 1.73472e-15 0)
(0 -0 0)
(0 -1.73472e-15 0)
(0 -0 0)
(0 -1.73472e-15 0)
(0 1.73472e-15 0)
(0 -0 0)
(0 -1.73472e-15 0)
(0 -0 0)
(0 -0 0)
(0 1.73472e-15 0)
(0 -0 0)
(0 -1.73472e-15 0)
(0 -0 0)
(0 -0 0)
(0 1.73472e-15 0)
(0 -0 0)
(0 -1.73472e-15 0)
(0 -0 0)
(0 -0 0)
(0 1.73472e-15 0)
(0 -0 0)
(0 -1.73472e-15 0)
(0 -0 0)
(0 -0 0)
(0 1.73472e-15 0)
(0 -0 0)
(0 -1.73472e-15 0)
(0 -0 0)
(0 -0 0)
(0 1.73472e-15 0)
(0 -0 0)
(0 -1.73472e-15 0)
(0 -0 0)
(0 -0 0)
(0 1.73472e-15 0)
(0 -0 0)
(0 -1.73472e-15 0)
(0 -0 0)
(0 -0 0)
(0 1.73472e-15 0)
(0 -0 0)
(0 -1.73472e-15 0)
(0 -0 0)
(0 -0 0)
(0 1.73472e-15 0)
(0 -0 0)
(0 -1.73472e-15 0)
(0 -0 0)
(0 -0 0)
(0 -0 0)
(0 -0 0)
(0 -0 0)
(0 -0 0)
(0 -0 0)
(0 -0 0)
(0 -0 0)
(0 -0 0)
(0 -0 -6.93889e-15)
(0 -0 0)
(0 -0 0)
(0 -0 0)
(0 -0 0)
(0 -0 0)
(0 -0 0)
(0 -0 0)
(0 -0 0)
(0 -0 0)
(0 -0 0)
(0 -0 0)
(0 -0 0)
(0 -0 0)
(0 -0 0)
(0 -0 0)
(0 -0 0)
(0 -0 0)
(0 -0 0)
(0 -0 0)
(0 -0 0)
(0 -0 0)
(0 -0 0)
(0 -0 0)
(0 -0 0)
(0 -0 0)
(0 -0 0)
(0 -0 0)
(0 -0 0)
(0 -0 0)
(0 -0 0)
(0 -0 0)
(0 -0 0)
(0 -0 0)
(0 -0 0)
(0 -0 0)
(0 -0 0)
(0 -0 0)
(0 -0 0)
(0 -0 0)
(0 -0 0)
(0 1.73472e-15 0)
(0 -0 0)
(0 -0 0)
(0 -0 0)
(0 -0 0)
(0 1.73472e-15 0)
(0 -0 0)
(0 -0 0)
(0 -0 0)
(0 -0 0)
(0 1.73472e-15 0)
(0 -0 0)
(0 1.73472e-15 0)
(0 -0 0)
(0 -0 0)
(0 1.73472e-15 0)
(0 -0 0)
(0 1.73472e-15 0)
(0 -0 0)
(0 -0 0)
(0 1.73472e-15 0)
(0 -0 0)
(0 1.73472e-15 0)
(0 -0 0)
(0 -0 0)
(0 1.73472e-15 0)
(0 -0 0)
(0 1.73472e-15 0)
(0 -0 0)
(0 -0 0)
(0 1.73472e-15 0)
(0 -0 0)
(0 1.73472e-15 0)
(0 -0 0)
(0 -0 0)
(0 1.73472e-15 0)
(0 -0 0)
(0 1.73472e-15 0)
(0 -0 0)
(0 -0 0)
(0 -0 0)
(0 -0 0)
(0 -0 0)
(0 -0 0)
(0 -0 0)
(0 -0 0)
(0 -0 0)
(0 -0 0)
(0 -0 0)
(0 -0 0)
(0 -0 0)
(0 -0 0)
(0 -0 0)
(0 -0 0)
(0 -0 0)
(0 -0 0)
(0 -0 0)
(0 -0 0)
(0 -0 0)
(0 -0 0)
(0 -0 0)
(0 -0 0)
(0 -0 0)
(0 -0 0)
(0 -0 0)
(0 -0 0)
(0 -0 0)
(0 -0 0)
(0 -0 0)
(0 -0 0)
(0 -0 0)
(0 -0 0)
(0 -0 0)
(0 -0 0)
(0 -0 0)
(0 -0 0)
(0 -0 0)
(0 -0 0)
(0 -0 0)
(0 -0 0)
(0 -0 0)
(0 -0 0)
(0 -0 0)
(0 -0 0)
(0 -0 0)
(0 -0 0)
(0 -0 0)
(0 -0 0)
(0 -0 0)
(0 -0 0)
(0 -0 0)
(0 -0 0)
(0 -0 0)
(0 -0 0)
(0 -0 0)
(0 -0 0)
(0 -0 0)
(0 -0 0)
(0 -0 0)
(0 -0 0)
(0 -0 0)
(0 -0 0)
(0 -0 0)
(0 -0 0)
(0 -0 0)
(0 -0 0)
(0 -0 0)
(0 -0 0)
(0 -0 0)
(0 -0 0)
(0 -1.73472e-15 0)
(0 -0 0)
(0 -1.73472e-15 0)
(0 -1.73472e-15 0)
(0 -0 0)
(0 -0 0)
(0 -0 0)
(0 -0 0)
(0 -0 -6.93835e-15)
(0 -0 0)
(0 -0 0)
(0 -1.73469e-15 0)
(0 -0 0)
(0 -0 0)
(0 -0 0)
(0 -1.73472e-15 0)
(0 -0 0)
(0 -1.73472e-15 0)
(0 -1.73472e-15 0)
(0 -0 0)
(0 -0 0)
(0 -0 0)
(0 -0 0)
(0 -1.73472e-15 0)
(0 1.73472e-15 0)
(0 -0 0)
(0 -0 0)
(0 -0 0)
(0 -1.73472e-15 0)
(0 -0 0)
(0 -0 0)
(0 -0 0)
(0 -0 0)
(0 -0 0)
(0 -0 0)
(0 -0 0)
(0 -0 0)
(0 -0 0)
(0 -0 0)
(0 -0 0)
(0 -0 0)
(0 -0 0)
(0 -0 0)
(0 -0 0)
(0 -0 0)
(0 -0 0)
(0 -0 0)
(0 -0 0)
(0 -0 0)
(0 -0 0)
(0 -1.73472e-15 0)
(0 -0 0)
(0 -0 0)
(0 -0 0)
(0 -0 0)
(0 -1.73472e-15 0)
(0 -0 0)
(0 -0 0)
(0 -0 0)
(0 -0 0)
(0 -1.73472e-15 0)
(0 -0 0)
(0 -1.73472e-15 0)
(0 1.73472e-15 0)
(0 -1.73472e-15 0)
(0 -1.73472e-15 0)
(0 -0 0)
(0 -1.73472e-15 0)
(0 1.73472e-15 0)
(0 -1.73472e-15 0)
(0 -1.73472e-15 0)
(0 -0 0)
(0 -1.73472e-15 0)
(0 1.73472e-15 0)
(0 -1.73472e-15 0)
(0 -1.73472e-15 0)
(0 -0 0)
(0 -1.73472e-15 0)
(0 1.73472e-15 0)
(0 -1.73472e-15 0)
(0 -1.73472e-15 0)
(0 -0 0)
(0 -1.73472e-15 0)
(0 1.73472e-15 0)
(0 -1.73472e-15 0)
(0 -1.73472e-15 0)
(0 -0 0)
(0 -1.73472e-15 0)
(0 1.73472e-15 0)
(0 -0 0)
(0 -0 0)
(0 -0 0)
(0 -0 0)
(0 -0 0)
(0 -0 0)
(0 -0 0)
(0 -0 0)
(0 -0 0)
(0 -0 0)
(0 -0 0)
(0 -0 0)
(0 -0 0)
(0 -0 0)
(0 -0 0)
(0 -0 0)
(0 -0 0)
(0 -0 0)
(0 -0 0)
(0 -0 0)
(0 -0 0)
(0 -0 0)
(0 -0 0)
(0 -0 0)
(0 -0 0)
(0 -0 0)
(0 -0 0)
(0 -0 0)
(0 -0 0)
(0 -0 0)
(0 -0 0)
(0 -0 0)
(0 -0 0)
(0 -0 0)
(0 -0 0)
(0 -0 0)
(0 -0 0)
(0 -0 0)
(0 -0 0)
(0 -0 0)
(0 -0 0)
(0 -0 0)
(0 -0 0)
(0 -0 0)
(0 -0 0)
(0 -0 0)
(0 -0 0)
(0 -0 0)
(0 -0 0)
(0 -0 0)
(0 -0 0)
(0 -0 0)
(0 -0 0)
(0 -0 0)
(0 -0 0)
(0 -0 0)
(0 -0 0)
(0 -0 0)
(0 -0 0)
(0 -0 0)
(0 -0 0)
(0 -0 0)
(0 -0 0)
(0 -0 0)
(0 -0 0)
(0 -0 0)
(0 -0 0)
(0 -0 0)
(0 -0 0)
(0 -0 0)
(0 1.73472e-15 0)
(0 -0 0)
(0 -0 0)
(0 -0 0)
(0 -1.73472e-15 0)
(0 -1.73469e-15 0)
(0 -0 0)
(0 -1.73453e-15 0)
(0 -0 6.93778e-15)
(0 -0 0)
(0 -0 0)
(0 -0 6.93778e-15)
(0 1.73453e-15 0)
(0 -0 0)
(0 -0 0)
(0 1.73472e-15 0)
(0 -1.73472e-15 0)
(0 -0 0)
(0 -0 0)
(0 -1.73472e-15 0)
(0 -0 0)
(0 -0 0)
(0 -0 0)
(0 -0 0)
(0 -1.73472e-15 0)
(0 1.73472e-15 0)
(0 -0 0)
(0 -0 0)
(0 -0 0)
(0 -1.73472e-15 0)
(0 -0 0)
(0 -0 0)
(0 -0 0)
(0 -0 0)
(0 -0 0)
(0 -0 0)
(0 -0 0)
(0 -0 0)
(0 -0 0)
(0 -0 0)
(0 -0 0)
(0 -0 0)
(0 -0 0)
(0 -0 0)
(0 -0 0)
(0 -0 0)
(0 -0 0)
(0 -0 0)
(0 -0 0)
(0 -0 0)
(0 -0 0)
(0 -0 0)
(0 -0 0)
(0 -1.73472e-15 0)
(0 -0 0)
(0 -0 0)
(0 -0 0)
(0 -0 0)
(0 -1.73472e-15 0)
(0 -0 0)
(0 -0 0)
(0 -0 0)
(0 -0 0)
(0 -0 0)
(0 1.73472e-15 0)
(0 -1.73472e-15 0)
(0 -0 0)
(0 -0 0)
(0 -0 0)
(0 1.73472e-15 0)
(0 -1.73472e-15 0)
(0 -0 0)
(0 -0 0)
(0 -0 0)
(0 1.73472e-15 0)
(0 -1.73472e-15 0)
(0 -0 0)
(0 -0 0)
(0 -0 0)
(0 1.73472e-15 0)
(0 -1.73472e-15 0)
(0 -0 0)
(0 -0 0)
(0 -0 0)
(0 1.73472e-15 0)
(0 -1.73472e-15 0)
(0 -0 0)
(0 -0 0)
(0 -0 0)
(0 1.73472e-15 0)
(0 -0 0)
(0 -0 0)
(0 -0 0)
(0 -0 0)
(0 -0 0)
(0 -0 0)
(0 -0 0)
(0 -0 0)
(0 -0 0)
(0 -0 0)
(0 -0 0)
(0 -0 0)
(0 -0 0)
(0 -0 0)
(0 -0 0)
(0 -0 0)
(0 -0 0)
(0 -0 0)
(0 -0 0)
(0 -0 0)
(0 -0 0)
(0 -0 0)
(0 -0 0)
(0 -0 0)
(0 -0 0)
(0 -0 0)
(0 -0 0)
(0 -0 0)
(0 -0 0)
(0 -0 0)
(0 -0 0)
(0 -0 0)
(0 -0 0)
(0 -0 0)
(0 -0 0)
(0 -0 0)
(0 -0 0)
(0 -0 0)
(0 -0 0)
(0 -0 0)
(0 -0 0)
(0 -0 0)
(0 -0 0)
(0 -0 0)
(0 -0 0)
(0 -0 0)
(0 -0 0)
(0 -0 0)
(0 -0 0)
(0 -0 0)
(0 -0 0)
(0 -0 0)
(0 -0 0)
(0 -0 0)
(0 -0 0)
(0 -0 0)
(0 -0 0)
(0 -0 0)
(0 -0 0)
(0 -0 0)
(0 -0 0)
(0 -0 0)
(0 -0 0)
(0 -0 0)
(0 -0 0)
(0 -0 0)
(0 -0 0)
(0 -0 0)
(0 -0 0)
(0 -0 0)
(0 -0 0)
(0 -0 0)
(0 -0 0)
(0 -0 0)
(0 -1.73469e-15 0)
(0 -0 0)
(0 -0 0)
(0 -0 0)
(0 -1.73385e-15 0)
(0 -1.73354e-15 0)
(0 -0 -6.93415e-15)
(0 -0 0)
(0 1.73423e-15 0)
(0 -0 0)
(0 -1.73464e-15 0)
(0 -0 0)
(0 -0 0)
(0 -0 0)
(0 -0 0)
(0 -0 0)
(0 -0 0)
(0 -0 0)
(0 -0 0)
(0 -0 0)
(0 -0 0)
(0 -0 0)
(0 -0 0)
(0 -0 0)
(0 -0 0)
(0 -0 0)
(0 -0 0)
(0 -0 0)
(0 -0 0)
(0 -0 0)
(0 -0 0)
(0 -0 0)
(0 -0 0)
(0 -0 0)
(0 -0 0)
(0 -0 0)
(0 -0 0)
(0 -0 0)
(0 -0 0)
(0 -0 0)
(0 -0 0)
(0 -0 0)
(0 -0 0)
(0 -0 0)
(0 -0 0)
(0 -0 0)
(0 -0 0)
(0 1.73472e-15 0)
(0 -0 0)
(0 -0 0)
(0 -0 0)
(0 -0 0)
(0 1.73472e-15 0)
(0 -0 0)
(0 -0 0)
(0 -0 0)
(0 -0 0)
(0 1.73472e-15 0)
(0 -0 0)
(0 1.73472e-15 0)
(0 -0 0)
(0 -0 0)
(0 1.73472e-15 0)
(0 -0 0)
(0 1.73472e-15 0)
(0 -0 0)
(0 -0 0)
(0 1.73472e-15 0)
(0 -0 0)
(0 1.73472e-15 0)
(0 -0 0)
(0 -0 0)
(0 1.73472e-15 0)
(0 -0 0)
(0 1.73472e-15 0)
(0 -0 0)
(0 -0 0)
(0 1.73472e-15 0)
(0 -0 0)
(0 1.73472e-15 0)
(0 -0 0)
(0 -0 0)
(0 1.73472e-15 0)
(0 -0 0)
(0 1.73472e-15 0)
(0 -0 0)
(0 -0 0)
(0 -0 0)
(0 -0 0)
(0 -0 0)
(0 -0 0)
(0 -0 0)
(0 -0 0)
(0 -0 0)
(0 -0 0)
(0 -0 0)
(0 -0 0)
(0 -0 0)
(0 -0 0)
(0 -0 0)
(0 -0 0)
(0 -0 0)
(0 -0 0)
(0 -0 0)
(0 -0 0)
(0 -0 0)
(0 -0 0)
(0 -0 0)
(0 -0 0)
(0 -0 0)
(0 -0 0)
(0 -0 0)
(0 -0 0)
(0 -0 0)
(0 -0 0)
(0 -0 0)
(0 -0 0)
(0 -0 0)
(0 -0 0)
(0 -0 0)
(0 -0 0)
(0 -0 0)
(0 -0 0)
(0 -0 0)
(0 -0 0)
(0 -0 0)
(0 -0 0)
(0 -0 0)
(0 -0 0)
(0 -0 0)
(0 -0 0)
(0 -0 0)
(0 -0 0)
(0 -0 0)
(0 -0 0)
(0 -0 0)
(0 -0 0)
(0 -0 0)
(0 -0 0)
(0 -0 0)
(0 -0 0)
(0 -0 0)
(0 -0 0)
(0 -0 0)
(0 -0 0)
(0 -0 0)
(0 -0 0)
(0 -0 0)
(0 -0 0)
(0 -0 0)
(0 -0 0)
(0 -0 0)
(0 -0 0)
(0 -0 0)
(0 -0 0)
(0 -0 0)
(0 1.73472e-15 0)
(0 -0 0)
(0 -0 0)
(0 -0 0)
(0 -0 0)
(0 -1.73455e-15 0)
(0 -0 -6.93702e-15)
(0 1.73348e-15 0)
(0 -0 6.92919e-15)
(0 -1.73146e-15 -6.92585e-15)
(0 -0 0)
(0 -0 6.92919e-15)
(0 -0 0)
(0 1.73426e-15 -6.93702e-15)
(0 1.73455e-15 0)
(0 -0 0)
(0 -1.73472e-15 0)
(0 -0 0)
(0 -0 0)
(0 -1.73472e-15 0)
(0 -0 0)
(0 -0 0)
(0 -0 0)
(0 -0 0)
(0 -1.73472e-15 0)
(0 1.73472e-15 0)
(0 -0 0)
(0 -0 0)
(0 -0 0)
(0 -1.73472e-15 0)
(0 -0 0)
(0 -0 0)
(0 -0 0)
(0 -0 0)
(0 -0 0)
(0 -0 0)
(0 -0 0)
(0 -0 0)
(0 -0 0)
(0 -0 0)
(0 -0 0)
(0 -0 0)
(0 -0 0)
(0 -0 0)
(0 -0 0)
(0 -0 0)
(0 -0 0)
(0 -0 0)
(0 -0 0)
(0 -0 0)
(0 -0 0)
(0 -0 0)
(0 -0 0)
(0 -1.73472e-15 0)
(0 -0 0)
(0 -0 0)
(0 -0 0)
(0 -0 0)
(0 -1.73472e-15 0)
(0 -0 0)
(0 -0 0)
(0 -0 0)
(0 -0 0)
(0 -0 0)
(0 1.73472e-15 0)
(0 -1.73472e-15 0)
(0 -0 0)
(0 -0 0)
(0 -0 0)
(0 1.73472e-15 0)
(0 -1.73472e-15 0)
(0 -0 0)
(0 -0 0)
(0 -0 0)
(0 1.73472e-15 0)
(0 -1.73472e-15 0)
(0 -0 0)
(0 -0 0)
(0 -0 0)
(0 1.73472e-15 0)
(0 -1.73472e-15 0)
(0 -0 0)
(0 -0 0)
(0 -0 0)
(0 1.73472e-15 0)
(0 -1.73472e-15 0)
(0 -0 0)
(0 -0 0)
(0 -0 0)
(0 1.73472e-15 0)
(0 -0 0)
(0 -0 0)
(0 -0 0)
(0 -0 0)
(0 -0 0)
(0 -0 0)
(0 -0 0)
(0 -0 0)
(0 -0 0)
(0 -0 0)
(0 -0 0)
(0 -0 0)
(0 -0 0)
(0 -0 0)
(0 -0 0)
(0 -0 0)
(0 -0 0)
(0 -0 0)
(0 -0 0)
(0 -0 0)
(0 -0 0)
(0 -0 0)
(0 -0 0)
(0 -0 0)
(0 -0 0)
(0 -0 0)
(0 -0 0)
(0 -0 0)
(0 -0 0)
(0 -0 0)
(0 -0 0)
(0 -0 0)
(0 -0 0)
(0 -0 0)
(0 -0 0)
(0 -0 0)
(0 -0 0)
(0 -0 0)
(0 -0 0)
(0 -0 0)
(0 -0 0)
(0 -0 0)
(0 -0 0)
(0 -0 0)
(0 -0 0)
(0 -0 0)
(0 -0 0)
(0 -0 0)
(0 -0 0)
(0 -0 0)
(0 -0 0)
(0 -0 0)
(0 -0 0)
(0 -0 0)
(0 -0 0)
(0 -0 0)
(0 -0 0)
(0 -0 0)
(0 -0 0)
(0 -0 0)
(0 -0 0)
(0 -0 0)
(0 -0 0)
(0 -0 0)
(0 -0 0)
(0 -0 0)
(0 -0 0)
(0 -0 0)
(0 -0 0)
(0 -0 0)
(0 1.73472e-15 0)
(0 1.73472e-15 0)
(0 -0 0)
(0 -0 0)
(0 -0 0)
(0 -0 0)
(0 -0 6.93466e-15)
(0 -0 0)
(0 -0 0)
(0 -0 0)
(0 -0 0)
(0 -0 0)
(0 -0 0)
(0 -1.73367e-15 6.93466e-15)
(0 -0 0)
(0 -0 0)
(0 -0 0)
(0 -0 0)
(0 1.73472e-15 0)
(0 -0 0)
(0 -0 0)
(0 -0 0)
(0 -0 0)
(0 -0 0)
(0 -1.73472e-15 0)
(0 1.73472e-15 0)
(0 -0 0)
(0 -0 0)
(0 -0 0)
(0 -1.73472e-15 0)
(0 -0 0)
(0 -0 0)
(0 -0 0)
(0 -0 0)
(0 -0 0)
(0 -0 0)
(0 -0 0)
(0 -0 0)
(0 -0 0)
(0 -0 0)
(0 -0 0)
(0 -0 0)
(0 -0 0)
(0 -0 0)
(0 -0 0)
(0 -0 0)
(0 -0 0)
(0 -0 0)
(0 -0 0)
(0 -0 0)
(0 -0 0)
(0 1.73472e-15 0)
(0 -0 0)
(0 -0 0)
(0 -0 0)
(0 -0 0)
(0 1.73472e-15 0)
(0 -0 0)
(0 -0 0)
(0 -0 0)
(0 -0 0)
(0 1.73472e-15 0)
(0 -0 0)
(0 1.73472e-15 0)
(0 1.73472e-15 0)
(0 -1.73472e-15 0)
(0 1.73472e-15 0)
(0 -0 0)
(0 1.73472e-15 0)
(0 1.73472e-15 0)
(0 -1.73472e-15 0)
(0 1.73472e-15 0)
(0 -0 0)
(0 1.73472e-15 0)
(0 1.73472e-15 0)
(0 -1.73472e-15 0)
(0 1.73472e-15 0)
(0 -0 0)
(0 1.73472e-15 0)
(0 1.73472e-15 0)
(0 -1.73472e-15 0)
(0 1.73472e-15 0)
(0 -0 0)
(0 1.73472e-15 0)
(0 1.73472e-15 0)
(0 -1.73472e-15 0)
(0 1.73472e-15 0)
(0 -0 0)
(0 1.73472e-15 0)
(0 1.73472e-15 0)
(0 -0 0)
(0 -0 0)
(0 -0 0)
(0 -0 0)
(0 -0 0)
(0 -0 0)
(0 -0 0)
(0 -0 0)
(0 -0 0)
(0 -0 0)
(0 -0 0)
(0 -0 0)
(0 -0 0)
(0 -0 0)
(0 -0 0)
(0 -0 0)
(0 -0 0)
(0 -0 0)
(0 -0 0)
(0 -0 0)
(0 -0 0)
(0 -0 0)
(0 -0 0)
(0 -0 0)
(0 -0 0)
(0 -0 0)
(0 -0 0)
(0 -0 0)
(0 -0 0)
(0 -0 0)
(0 -0 0)
(0 -0 0)
(0 -0 0)
(0 -0 0)
(0 -0 0)
(0 -0 0)
(0 -0 0)
(0 -0 0)
(0 -0 0)
(0 -0 0)
(0 -0 0)
(0 -0 0)
(0 -0 0)
(0 -0 0)
(0 -0 0)
(0 -0 0)
(0 -0 0)
(0 -0 0)
(0 -0 0)
(0 -0 0)
(0 -0 0)
(0 -0 0)
(0 -0 0)
(0 -0 0)
(0 -0 0)
(0 -0 0)
(0 -0 0)
(0 -0 0)
(0 -0 0)
(0 -0 0)
(0 -0 0)
(0 -0 0)
(0 -0 0)
(0 -0 0)
(0 -0 0)
(0 -0 0)
(0 -0 0)
(0 -0 0)
(0 -0 0)
(0 -0 0)
(0 -0 0)
(0 -0 0)
(0 -0 0)
(0 -1.73464e-15 0)
(0 -0 0)
(0 -1.73417e-15 0)
(0 -0 0)
(0 -0 6.92242e-15)
(0 1.72334e-15 0)
(0 -0 -5.15055e-15)
(0 -0 -1.71685e-15)
(0 -0 0)
(0 -0 6.92242e-15)
(0 -0 0)
(0 -1.73417e-15 0)
(0 -0 0)
(0 1.73464e-15 0)
(0 -0 0)
(0 -0 0)
(0 -0 0)
(0 -0 0)
(0 -0 0)
(0 -0 0)
(0 -0 0)
(0 -1.73472e-15 0)
(0 -0 0)
(0 -0 0)
(0 -0 0)
(0 -0 0)
(0 -1.73472e-15 0)
(0 -1.73472e-15 0)
(0 -1.73472e-15 0)
(0 -0 0)
(0 -1.73472e-15 0)
(0 -1.73472e-15 0)
(0 -1.73472e-15 0)
(0 -1.73472e-15 0)
(0 -0 0)
(0 -1.73472e-15 0)
(0 -1.73472e-15 0)
(0 -1.73472e-15 0)
(0 -1.73472e-15 0)
(0 -0 0)
(0 -1.73472e-15 0)
(0 -1.73472e-15 0)
(0 -1.73472e-15 0)
(0 -1.73472e-15 0)
(0 -0 0)
(0 -1.73472e-15 0)
(0 -1.73472e-15 0)
(0 -0 0)
(0 -0 0)
(0 -0 0)
(0 1.73472e-15 0)
(0 -0 0)
(0 -0 0)
(0 -0 0)
(0 -0 0)
(0 1.73472e-15 0)
(0 -0 0)
(0 -0 0)
(0 -0 0)
(0 -0 0)
(0 -0 0)
(0 1.73472e-15 0)
(0 -0 0)
(0 -0 0)
(0 -0 0)
(0 -0 0)
(0 1.73472e-15 0)
(0 -0 0)
(0 -0 0)
(0 -0 0)
(0 -0 0)
(0 1.73472e-15 0)
(0 -0 0)
(0 -0 0)
(0 -0 0)
(0 -0 0)
(0 1.73472e-15 0)
(0 -0 0)
(0 -0 0)
(0 -0 0)
(0 -0 0)
(0 1.73472e-15 0)
(0 -0 0)
(0 -0 0)
(0 -0 0)
(0 -0 0)
(0 1.73472e-15 0)
(0 1.73472e-15 0)
(0 1.73472e-15 0)
(0 -0 0)
(0 1.73472e-15 0)
(0 1.73472e-15 0)
(0 1.73472e-15 0)
(0 1.73472e-15 0)
(0 -0 0)
(0 1.73472e-15 0)
(0 1.73472e-15 0)
(0 1.73472e-15 0)
(0 1.73472e-15 0)
(0 -0 0)
(0 1.73472e-15 0)
(0 1.73472e-15 0)
(0 1.73472e-15 0)
(0 1.73472e-15 0)
(0 -0 0)
(0 1.73472e-15 0)
(0 1.73472e-15 0)
(0 1.73472e-15 0)
(0 1.73472e-15 0)
(0 -0 0)
(0 1.73472e-15 0)
(0 1.73472e-15 0)
(0 1.73472e-15 0)
(0 1.73472e-15 0)
(0 -0 0)
(0 1.73472e-15 0)
(0 1.73472e-15 0)
(0 1.73472e-15 0)
(0 1.73472e-15 0)
(0 -0 0)
(0 1.73472e-15 0)
(0 1.73472e-15 0)
(0 1.73472e-15 0)
(0 1.73472e-15 0)
(0 -0 0)
(0 1.73472e-15 0)
(0 1.73472e-15 0)
(0 1.73472e-15 0)
(0 1.73472e-15 0)
(0 -0 0)
(0 1.73472e-15 0)
(0 1.73472e-15 0)
(0 1.73472e-15 0)
(0 1.73472e-15 0)
(0 -0 0)
(0 1.73472e-15 0)
(0 1.73472e-15 0)
(0 1.73472e-15 0)
(0 1.73472e-15 0)
(0 -0 0)
(0 1.73472e-15 0)
(0 1.73472e-15 0)
(0 1.73472e-15 0)
(0 1.73472e-15 0)
(0 -0 0)
(0 1.73472e-15 0)
(0 1.73472e-15 0)
(0 1.73472e-15 0)
(0 1.73472e-15 0)
(0 -0 0)
(0 1.73472e-15 0)
(0 1.73472e-15 0)
(0 1.73472e-15 0)
(0 1.73472e-15 0)
(0 -0 0)
(0 1.73472e-15 0)
(0 1.73472e-15 0)
(0 -0 0)
(0 -0 0)
(0 -0 0)
(0 -0 0)
(0 -1.73445e-15 -6.93781e-15)
(0 1.73401e-15 0)
(0 -0 0)
(0 -0 -5.18142e-15)
(0 -0 -1.432e-14)
(0 -3.39717e-15 -4.40571e-15)
(0 -0 1.39474e-14)
(0 -0 2.16999e-15)
(0 1.72714e-15 -6.90856e-15)
(0 -0 6.93271e-15)
(0 -1.73401e-15 0)
(0 -0 -6.93781e-15)
(0 -1.73461e-15 0)
(0 -0 0)
(0 1.73472e-15 0)
(0 -0 0)
(0 -0 0)
(0 -0 0)
(0 -0 0)
(0 -0 0)
(0 -0 0)
(0 -0 0)
(0 -0 0)
(0 -0 0)
(0 -0 0)
(0 -0 0)
(0 -0 0)
(0 -0 0)
(0 -0 0)
(0 -0 0)
(0 -0 0)
(0 -0 0)
(0 -0 0)
(0 -0 0)
(0 -0 0)
(0 -0 0)
(0 -0 0)
(0 -0 0)
(0 -0 0)
(0 -0 0)
(0 -0 0)
(0 -0 0)
(0 -0 0)
(0 -0 0)
(0 -0 0)
(0 -0 0)
(0 -0 0)
(0 -0 0)
(0 -0 0)
(0 -0 0)
(0 -0 0)
(0 -0 0)
(0 -0 0)
(0 -0 0)
(0 -0 0)
(0 -0 0)
(0 -0 0)
(0 -0 0)
(0 -0 0)
(0 -0 0)
(0 -0 0)
(0 -0 0)
(0 -0 0)
(0 -0 0)
(0 -0 0)
(0 -0 0)
(0 -0 0)
(0 -0 0)
(0 -0 0)
(0 -0 0)
(0 -0 0)
(0 -0 0)
(0 -0 0)
(0 -0 0)
(0 -0 0)
(0 -0 0)
(0 -0 0)
(0 -0 0)
(0 -0 0)
(0 -0 0)
(0 -0 0)
(0 -0 0)
(0 -0 0)
(0 -0 0)
(0 -0 0)
(0 -0 0)
(0 1.73472e-15 0)
(0 -1.73472e-15 0)
(0 -1.73472e-15 0)
(0 -0 0)
(0 -1.73472e-15 0)
(0 1.73472e-15 0)
(0 -1.73472e-15 0)
(0 -1.73472e-15 0)
(0 -0 0)
(0 -1.73472e-15 0)
(0 1.73472e-15 0)
(0 -1.73472e-15 0)
(0 -1.73472e-15 0)
(0 -0 0)
(0 -1.73472e-15 0)
(0 1.73472e-15 0)
(0 -1.73472e-15 0)
(0 -1.73472e-15 0)
(0 -0 0)
(0 -1.73472e-15 0)
(0 1.73472e-15 0)
(0 -1.73472e-15 0)
(0 -1.73472e-15 0)
(0 -0 0)
(0 -1.73472e-15 0)
(0 1.73472e-15 0)
(0 -1.73472e-15 0)
(0 -1.73472e-15 0)
(0 -0 0)
(0 -1.73472e-15 0)
(0 1.73472e-15 0)
(0 -0 0)
(0 -1.73472e-15 0)
(0 -0 0)
(0 -1.73472e-15 0)
(0 1.73472e-15 0)
(0 -0 0)
(0 -1.73472e-15 0)
(0 -0 0)
(0 -1.73472e-15 0)
(0 1.73472e-15 0)
(0 -0 0)
(0 -1.73472e-15 0)
(0 -0 0)
(0 -1.73472e-15 0)
(0 1.73472e-15 0)
(0 -0 0)
(0 -1.73472e-15 0)
(0 -0 0)
(0 -1.73472e-15 0)
(0 1.73472e-15 0)
(0 -0 0)
(0 -1.73472e-15 0)
(0 -0 0)
(0 -1.73472e-15 0)
(0 1.73472e-15 0)
(0 -0 0)
(0 -1.73472e-15 0)
(0 -0 0)
(0 -1.73472e-15 0)
(0 1.73472e-15 0)
(0 -0 0)
(0 -1.73472e-15 0)
(0 -0 0)
(0 -1.73472e-15 0)
(0 1.73472e-15 0)
(0 -0 0)
(0 -1.73472e-15 0)
(0 -0 0)
(0 -1.73472e-15 0)
(0 -0 0)
(0 -1.73472e-15 0)
(0 -1.73467e-15 0)
(0 -0 0)
(0 -0 0)
(0 -0 0)
(0 -0 5.54244e-15)
(0 -0 3.22278e-16)
(0 -3.42252e-15 -2.7808e-15)
(0 -1.31625e-14 -2.6325e-14)
(0 7.10763e-15 0)
(0 -3.35218e-15 -1.34087e-14)
(0 -0 -2.56256e-16)
(0 1.73244e-15 -2.77461e-15)
(0 1.73353e-15 -6.93412e-15)
(0 -0 0)
(0 -0 0)
(0 -0 0)
(0 1.73472e-15 0)
(0 -0 0)
(0 -0 0)
(0 -0 0)
(0 -0 0)
(0 -0 0)
(0 -0 0)
(0 -0 0)
(0 -0 0)
(0 -0 0)
(0 -0 0)
(0 -0 0)
(0 -0 0)
(0 -0 0)
(0 -0 0)
(0 -0 0)
(0 -0 0)
(0 -0 0)
(0 -0 0)
(0 -0 0)
(0 -0 0)
(0 -0 0)
(0 -0 0)
(0 -0 0)
(0 -0 0)
(0 -0 0)
(0 -0 0)
(0 -0 0)
(0 -0 0)
(0 -0 0)
(0 -0 0)
(0 -0 0)
(0 -0 0)
(0 -0 0)
(0 -0 0)
(0 -0 0)
(0 -0 0)
(0 -0 0)
(0 -0 0)
(0 -0 0)
(0 -0 0)
(0 -0 0)
(0 -0 0)
(0 -0 0)
(0 -0 0)
(0 -0 0)
(0 -0 0)
(0 -0 0)
(0 -0 0)
(0 -0 0)
(0 -0 0)
(0 -0 0)
(0 -0 0)
(0 -0 0)
(0 -0 0)
(0 -0 0)
(0 -0 0)
(0 -0 0)
(0 -0 0)
(0 -0 0)
(0 -0 0)
(0 -0 0)
(0 -0 0)
(0 -0 0)
(0 -0 0)
(0 -0 0)
(0 -0 0)
(0 -0 0)
(0 -0 0)
(0 -0 0)
(0 -0 0)
(0 -0 0)
(0 -0 0)
(0 -0 0)
(0 -0 0)
(0 -0 0)
(0 -0 0)
(0 -0 0)
(0 -0 0)
(0 -0 0)
(0 -0 0)
(0 -0 0)
(0 -0 0)
(0 -0 0)
(0 -0 0)
(0 -0 0)
(0 -0 0)
(0 -0 0)
(0 -0 0)
(0 -0 0)
(0 -0 0)
(0 -0 0)
(0 -0 0)
(0 -0 0)
(0 -0 0)
(0 -0 0)
(0 -0 0)
(0 -0 0)
(0 -0 0)
(0 -0 0)
(0 -0 0)
(0 -0 0)
(0 -0 0)
(0 -0 0)
(0 -0 0)
(0 -0 0)
(0 -0 0)
(0 -0 0)
(0 -0 0)
(0 -0 0)
(0 -0 0)
(0 -0 0)
(0 -0 0)
(0 -0 0)
(0 -0 0)
(0 -0 0)
(0 -0 0)
(0 -0 0)
(0 -0 0)
(0 -0 0)
(0 -0 0)
(0 -0 0)
(0 -0 0)
(0 -0 0)
(0 -0 0)
(0 -0 0)
(0 -0 0)
(0 -0 0)
(0 -0 0)
(0 -0 0)
(0 -0 0)
(0 -0 0)
(0 -0 0)
(0 -0 0)
(0 -0 0)
(0 -0 0)
(0 -0 0)
(0 -0 0)
(0 -0 0)
(0 -0 0)
(0 -0 0)
(0 -0 0)
(0 -0 0)
(0 1.73471e-15 0)
(0 -0 0)
(0 -0 0)
(0 -0 6.93612e-15)
(0 -1.73299e-15 0)
(0 -0 -2.77184e-15)
(0 -0 1.38155e-14)
(0 -0 -8.29265e-15)
(0 -0.0079116 201.184)
(0 -0 0)
(0 3.45265e-15 0)
(0 -0 -5.54029e-15)
(0 -0 6.93192e-15)
(0 -1.73404e-15 6.93615e-15)
(0 -0 0)
(0 -0 0)
(0 -1.73471e-15 0)
(0 -0 0)
(0 -0 0)
(0 -1.73472e-15 0)
(0 -0 0)
(0 -1.73472e-15 0)
(0 -0 0)
(0 -0 0)
(0 -1.73472e-15 0)
(0 -0 0)
(0 -1.73472e-15 0)
(0 -0 0)
(0 1.73472e-15 0)
(0 -1.73472e-15 0)
(0 -0 0)
(0 -0 0)
(0 -1.73472e-15 0)
(0 1.73472e-15 0)
(0 -0 0)
(0 -0 0)
(0 -0 0)
(0 -1.73472e-15 0)
(0 1.73472e-15 0)
(0 -0 0)
(0 -0 0)
(0 -0 0)
(0 -1.73472e-15 0)
(0 1.73472e-15 0)
(0 -0 0)
(0 -0 0)
(0 -0 0)
(0 -1.73472e-15 0)
(0 -0 0)
(0 -0 0)
(0 -0 0)
(0 -0 0)
(0 -0 0)
(0 -0 0)
(0 -0 0)
(0 -0 0)
(0 -0 0)
(0 -0 0)
(0 -0 0)
(0 -0 0)
(0 -0 0)
(0 -0 0)
(0 -1.73472e-15 0)
(0 1.73472e-15 0)
(0 -0 0)
(0 -0 0)
(0 -0 0)
(0 -1.73472e-15 0)
(0 1.73472e-15 0)
(0 -0 0)
(0 -0 0)
(0 -0 0)
(0 -1.73472e-15 0)
(0 1.73472e-15 0)
(0 -0 0)
(0 -0 0)
(0 -0 0)
(0 -1.73472e-15 0)
(0 1.73472e-15 0)
(0 -0 0)
(0 -0 0)
(0 -0 0)
(0 -1.73472e-15 0)
(0 1.73472e-15 0)
(0 -0 0)
(0 -0 0)
(0 -0 0)
(0 -1.73472e-15 0)
(0 -0 0)
(0 -0 0)
(0 -0 0)
(0 -0 0)
(0 -0 0)
(0 -0 0)
(0 -0 0)
(0 -0 0)
(0 -0 0)
(0 -0 0)
(0 -0 0)
(0 -0 0)
(0 -0 0)
(0 -0 0)
(0 -0 0)
(0 -0 0)
(0 -0 0)
(0 -0 0)
(0 -0 0)
(0 -0 0)
(0 -0 0)
(0 -0 0)
(0 -0 0)
(0 -0 0)
(0 -0 0)
(0 -0 0)
(0 -0 0)
(0 -0 0)
(0 -0 0)
(0 -0 0)
(0 -0 0)
(0 -0 0)
(0 -0 0)
(0 -0 0)
(0 -0 0)
(0 -0 0)
(0 -0 0)
(0 -0 0)
(0 -0 0)
(0 -0 0)
(0 -0 0)
(0 -0 0)
(0 -0 0)
(0 -0 0)
(0 -0 0)
(0 -0 0)
(0 -0 0)
(0 -0 0)
(0 -0 0)
(0 -0 0)
(0 -0 0)
(0 -0 0)
(0 -0 0)
(0 -0 0)
(0 -0 0)
(0 -0 0)
(0 -0 0)
(0 -0 0)
(0 -0 0)
(0 -0 0)
(0 -0 0)
(0 -0 0)
(0 -0 0)
(0 -0 0)
(0 -0 0)
(0 -0 0)
(0 -0 0)
(0 -0 0)
(0 -0 0)
(0 -0 0)
(0 -0 0)
(0 -0 0)
(0 -1.73466e-15 0)
(0 -0 0)
(0 -1.734e-15 -6.93598e-15)
(0 -0 0)
(0 -1.73063e-15 5.53752e-15)
(0 -0 -1.3589e-14)
(0 -0 0)
(0 3.40806e-15 -4.81921e-15)
(0 -0 8.45036e-19)
(0 -1.73301e-15 0)
(0 -1.734e-15 -6.93598e-15)
(0 -1.73448e-15 0)
(0 1.73466e-15 0)
(0 -0 0)
(0 -0 0)
(0 -0 0)
(0 -0 0)
(0 -1.73472e-15 0)
(0 -0 0)
(0 -0 0)
(0 -1.73472e-15 0)
(0 -0 0)
(0 -0 0)
(0 -0 0)
(0 -0 0)
(0 -0 0)
(0 -0 0)
(0 -0 0)
(0 -0 0)
(0 -0 0)
(0 -0 0)
(0 -0 0)
(0 -0 0)
(0 -0 0)
(0 -0 0)
(0 -0 0)
(0 -0 0)
(0 -0 0)
(0 -0 0)
(0 -0 0)
(0 -0 0)
(0 -0 0)
(0 -0 0)
(0 -0 0)
(0 -0 0)
(0 -0 0)
(0 -0 0)
(0 -0 0)
(0 -0 0)
(0 -0 0)
(0 -0 0)
(0 -0 0)
(0 -0 0)
(0 -0 0)
(0 -0 0)
(0 -0 0)
(0 -0 0)
(0 -0 0)
(0 -0 0)
(0 -0 0)
(0 -0 0)
(0 -0 0)
(0 -0 0)
(0 -0 0)
(0 -0 0)
(0 -0 0)
(0 -0 0)
(0 -0 0)
(0 -0 0)
(0 -0 0)
(0 -0 0)
(0 -0 0)
(0 -0 0)
(0 -0 0)
(0 -0 0)
(0 -0 0)
(0 -0 0)
(0 -0 0)
(0 -0 0)
(0 -0 0)
(0 -0 0)
(0 -0 0)
(0 -0 0)
(0 -0 0)
(0 -0 0)
(0 -0 0)
(0 -0 0)
(0 -0 0)
(0 -0 0)
(0 -0 0)
(0 -0 0)
(0 -0 0)
(0 -0 0)
(0 -0 0)
(0 -0 0)
(0 -0 0)
(0 -0 0)
(0 -0 0)
(0 -0 0)
(0 -0 0)
(0 -0 0)
(0 -0 0)
(0 -0 0)
(0 -0 0)
(0 -0 0)
(0 -0 0)
(0 -0 0)
(0 -0 0)
(0 -0 0)
(0 -0 0)
(0 -0 0)
(0 -0 0)
(0 -0 0)
(0 -0 0)
(0 -0 0)
(0 -0 0)
(0 -0 0)
(0 -0 0)
(0 -0 0)
(0 -0 0)
(0 -0 0)
(0 -0 0)
(0 -0 0)
(0 -0 0)
(0 -0 0)
(0 -0 0)
(0 -0 0)
(0 -0 0)
(0 -0 0)
(0 -0 0)
(0 -0 0)
(0 -0 0)
(0 -0 0)
(0 -0 0)
(0 -0 0)
(0 -0 0)
(0 -0 0)
(0 -0 0)
(0 -0 0)
(0 -0 0)
(0 -0 0)
(0 -0 0)
(0 -0 0)
(0 -0 0)
(0 -0 0)
(0 -0 0)
(0 -0 0)
(0 -0 0)
(0 -0 0)
(0 -0 0)
(0 -0 0)
(0 -0 0)
(0 -0 0)
(0 -0 0)
(0 -0 0)
(0 -0 0)
(0 -0 0)
(0 3.46932e-15 0)
(0 -1.73448e-15 0)
(0 1.734e-15 6.93598e-15)
(0 -0 0)
(0 3.46126e-15 -8.30838e-15)
(0 -3.45258e-15 -1.38162e-15)
(0 -0 2.76821e-14)
(0 -0 5.9662e-15)
(0 -0 0)
(0 -0 0)
(0 -0 6.93598e-15)
(0 -0 0)
(0 -0 0)
(0 -1.73469e-15 0)
(0 1.73472e-15 0)
(0 -1.73472e-15 0)
(0 -0 0)
(0 -0 0)
(0 -0 0)
(0 -0 0)
(0 -1.73472e-15 0)
(0 -1.73472e-15 0)
(0 -0 0)
(0 -0 0)
(0 -0 0)
(0 -0 0)
(0 -0 0)
(0 -0 0)
(0 -0 0)
(0 -0 0)
(0 -0 0)
(0 -0 0)
(0 -0 0)
(0 -0 0)
(0 -0 0)
(0 -0 0)
(0 -0 0)
(0 -0 0)
(0 -0 0)
(0 -0 0)
(0 -0 0)
(0 -0 0)
(0 -0 0)
(0 -0 0)
(0 -0 0)
(0 -0 0)
(0 -0 0)
(0 -0 0)
(0 -0 0)
(0 -0 0)
(0 -0 0)
(0 -0 0)
(0 -0 0)
(0 -0 0)
(0 -0 0)
(0 -0 0)
(0 -0 0)
(0 -0 0)
(0 -0 0)
(0 -0 0)
(0 -0 0)
(0 -0 0)
(0 -0 0)
(0 -0 0)
(0 -0 0)
(0 -0 0)
(0 -0 0)
(0 -0 0)
(0 -0 0)
(0 -0 0)
(0 -0 0)
(0 -0 0)
(0 -0 0)
(0 -0 0)
(0 -0 0)
(0 -0 0)
(0 -0 0)
(0 -0 0)
(0 -0 0)
(0 -0 0)
(0 -0 0)
(0 -0 0)
(0 -0 0)
(0 -0 0)
(0 -0 0)
(0 -0 0)
(0 -0 0)
(0 -0 0)
(0 -0 0)
(0 -0 0)
(0 -0 0)
(0 -0 0)
(0 -0 0)
(0 -0 0)
(0 -0 0)
(0 -0 0)
(0 -0 0)
(0 -0 0)
(0 -0 0)
(0 -0 0)
(0 -0 0)
(0 -0 0)
(0 -0 0)
(0 -0 0)
(0 -0 0)
(0 -0 0)
(0 -0 0)
(0 -0 0)
(0 -0 0)
(0 -0 0)
(0 -0 0)
(0 -0 0)
(0 -0 0)
(0 -0 0)
(0 -0 0)
(0 -0 0)
(0 -0 0)
(0 -0 0)
(0 -0 0)
(0 -0 0)
(0 -0 0)
(0 -0 0)
(0 -0 0)
(0 -0 0)
(0 -0 0)
(0 -0 0)
(0 -0 0)
(0 -0 0)
(0 -0 0)
(0 -0 0)
(0 -0 0)
(0 -0 0)
(0 -0 0)
(0 -0 0)
(0 -0 0)
(0 -0 0)
(0 -0 0)
(0 -0 0)
(0 -0 0)
(0 -0 0)
(0 -0 0)
(0 -0 0)
(0 -0 0)
(0 -0 0)
(0 -0 0)
(0 -0 0)
(0 -0 0)
(0 -0 0)
(0 -0 0)
(0 -0 0)
(0 -0 0)
(0 -0 0)
(0 -0 0)
(0 -0 0)
(0 -0 0)
(0 -0 0)
(0 -0 0)
(0 -0 0)
(0 -0 0)
(0 1.73405e-15 -6.93619e-15)
(0 -0 0)
(0 1.73071e-15 5.54368e-15)
(0 -0 -1.28477e-14)
(0 1.01627e-14 -6.77513e-15)
(0 -8.42435 -139.752)
(0 -0 1.80377e-14)
(0 -0 5.54367e-15)
(0 1.73297e-15 0)
(0 -0 -6.93619e-15)
(0 -0 0)
(0 -0 0)
(0 -0 0)
(0 -0 0)
(0 -0 0)
(0 -1.73472e-15 0)
(0 -0 0)
(0 -1.73472e-15 0)
(0 -0 0)
(0 -0 0)
(0 -1.73472e-15 0)
(0 -0 0)
(0 -1.73472e-15 0)
(0 -0 0)
(0 1.73472e-15 0)
(0 -1.73472e-15 0)
(0 -0 0)
(0 -0 0)
(0 -1.73472e-15 0)
(0 1.73472e-15 0)
(0 -0 0)
(0 -0 0)
(0 -0 0)
(0 -1.73472e-15 0)
(0 1.73472e-15 0)
(0 -0 0)
(0 -0 0)
(0 -0 0)
(0 -1.73472e-15 0)
(0 1.73472e-15 0)
(0 -0 0)
(0 -0 0)
(0 -0 0)
(0 -1.73472e-15 0)
(0 -0 0)
(0 -0 0)
(0 -0 0)
(0 -0 0)
(0 -0 0)
(0 -0 0)
(0 -0 0)
(0 -0 0)
(0 -0 0)
(0 -0 0)
(0 -0 0)
(0 -0 0)
(0 -0 0)
(0 -0 0)
(0 -1.73472e-15 0)
(0 1.73472e-15 0)
(0 -0 0)
(0 -0 0)
(0 -0 0)
(0 -1.73472e-15 0)
(0 1.73472e-15 0)
(0 -0 0)
(0 -0 0)
(0 -0 0)
(0 -1.73472e-15 0)
(0 1.73472e-15 0)
(0 -0 0)
(0 -0 0)
(0 -0 0)
(0 -1.73472e-15 0)
(0 1.73472e-15 0)
(0 -0 0)
(0 -0 0)
(0 -0 0)
(0 -1.73472e-15 0)
(0 1.73472e-15 0)
(0 -0 0)
(0 -0 0)
(0 -0 0)
(0 -1.73472e-15 0)
(0 -0 0)
(0 -0 0)
(0 -0 0)
(0 -0 0)
(0 -0 0)
(0 -0 0)
(0 -0 0)
(0 -0 0)
(0 -0 0)
(0 -0 0)
(0 -0 0)
(0 -0 0)
(0 -0 0)
(0 -0 0)
(0 -0 0)
(0 -0 0)
(0 -0 0)
(0 -0 0)
(0 -0 0)
(0 -0 0)
(0 -0 0)
(0 -0 0)
(0 -0 0)
(0 -0 0)
(0 -0 0)
(0 -0 0)
(0 -0 0)
(0 -0 0)
(0 -0 0)
(0 -0 0)
(0 -0 0)
(0 -0 0)
(0 -0 0)
(0 -0 0)
(0 -0 0)
(0 -0 0)
(0 -0 0)
(0 -0 0)
(0 -0 0)
(0 -0 0)
(0 -0 0)
(0 -0 0)
(0 -0 0)
(0 -0 0)
(0 -0 0)
(0 -0 0)
(0 -0 0)
(0 -0 0)
(0 -0 0)
(0 -0 0)
(0 -0 0)
(0 -0 0)
(0 -0 0)
(0 -0 0)
(0 -0 0)
(0 -0 0)
(0 -0 0)
(0 -0 0)
(0 -0 0)
(0 -0 0)
(0 -0 0)
(0 -0 0)
(0 -0 0)
(0 -0 0)
(0 -0 0)
(0 -0 0)
(0 -0 0)
(0 -0 0)
(0 -0 0)
(0 -0 0)
(0 -0 0)
(0 1.73472e-15 0)
(0 -0 0)
(0 -0 0)
(0 -0 0)
(0 1.73352e-15 0)
(0 -0 -4.15683e-15)
(0 -0 1.42577e-14)
(0 -3.46316e-15 1.56924e-14)
(0 0.0218464 -76.4163)
(0 -7.40043e-15 0)
(0 -0 -1.96171e-15)
(0 -0 2.77291e-15)
(0 -1.73352e-15 0)
(0 -0 0)
(0 -0 0)
(0 -0 0)
(0 -1.73472e-15 0)
(0 -0 0)
(0 -0 0)
(0 -0 0)
(0 -0 0)
(0 -0 0)
(0 -0 0)
(0 -0 0)
(0 -0 0)
(0 -0 0)
(0 -0 0)
(0 -0 0)
(0 -0 0)
(0 -0 0)
(0 -0 0)
(0 -0 0)
(0 -0 0)
(0 -0 0)
(0 -0 0)
(0 -0 0)
(0 -0 0)
(0 -0 0)
(0 -0 0)
(0 -0 0)
(0 -0 0)
(0 -0 0)
(0 -0 0)
(0 -0 0)
(0 -0 0)
(0 -0 0)
(0 -0 0)
(0 -0 0)
(0 -0 0)
(0 -0 0)
(0 -0 0)
(0 -0 0)
(0 -0 0)
(0 -0 0)
(0 -0 0)
(0 -0 0)
(0 -0 0)
(0 -0 0)
(0 -0 0)
(0 -0 0)
(0 -0 0)
(0 -0 0)
(0 -0 0)
(0 -0 0)
(0 -0 0)
(0 -0 0)
(0 -0 0)
(0 -0 0)
(0 -0 0)
(0 -0 0)
(0 -0 0)
(0 -0 0)
(0 -0 0)
(0 -0 0)
(0 -0 0)
(0 -0 0)
(0 -0 0)
(0 -0 0)
(0 -0 0)
(0 -0 0)
(0 -0 0)
(0 -0 0)
(0 -0 0)
(0 -0 0)
(0 -0 0)
(0 -0 0)
(0 -0 0)
(0 -0 0)
(0 -0 0)
(0 -0 0)
(0 -0 0)
(0 -0 0)
(0 -0 0)
(0 -0 0)
(0 -0 0)
(0 -0 0)
(0 -0 0)
(0 -0 0)
(0 -0 0)
(0 -0 0)
(0 -0 0)
(0 -0 0)
(0 -0 0)
(0 -0 0)
(0 -0 0)
(0 -0 0)
(0 -0 0)
(0 -0 0)
(0 -0 0)
(0 -0 0)
(0 -0 0)
(0 -0 0)
(0 -0 0)
(0 -0 0)
(0 -0 0)
(0 -0 0)
(0 -0 0)
(0 -0 0)
(0 -0 0)
(0 -0 0)
(0 -0 0)
(0 -0 0)
(0 -0 0)
(0 -0 0)
(0 -0 0)
(0 -0 0)
(0 -0 0)
(0 -0 0)
(0 -0 0)
(0 -0 0)
(0 -0 0)
(0 -0 0)
(0 -0 0)
(0 -0 0)
(0 -0 0)
(0 -0 0)
(0 -0 0)
(0 -0 0)
(0 -0 0)
(0 -0 0)
(0 -0 0)
(0 -0 0)
(0 -0 0)
(0 -0 0)
(0 -0 0)
(0 -0 0)
(0 -0 0)
(0 -0 0)
(0 -0 0)
(0 -0 0)
(0 -0 0)
(0 -0 0)
(0 -0 0)
(0 -0 0)
(0 -0 0)
(0 -0 0)
(0 -0 0)
(0 -0 0)
(0 -0 0)
(0 -0 0)
(0 -0 0)
(0 -1.73461e-15 0)
(0 1.73445e-15 6.93781e-15)
(0 -1.73401e-15 0)
(0 1.73318e-15 0)
(0 1.72714e-15 0)
(0 -0 -2.24958e-15)
(0 -0 2.13556e-14)
(0 -0 0)
(0 -0 -6.83227e-15)
(0 -1.72714e-15 2.7695e-15)
(0 -0 -6.93271e-15)
(0 -1.73401e-15 0)
(0 -1.73445e-15 6.93781e-15)
(0 -0 0)
(0 -0 0)
(0 -0 0)
(0 -0 0)
(0 -0 0)
(0 -0 0)
(0 -0 0)
(0 -0 0)
(0 -0 0)
(0 -0 0)
(0 -0 0)
(0 -0 0)
(0 -0 0)
(0 -0 0)
(0 -0 0)
(0 -0 0)
(0 -0 0)
(0 -0 0)
(0 -0 0)
(0 -0 0)
(0 -0 0)
(0 -0 0)
(0 -0 0)
(0 -0 0)
(0 -0 0)
(0 -0 0)
(0 -0 0)
(0 -0 0)
(0 -0 0)
(0 -0 0)
(0 -0 0)
(0 -0 0)
(0 -0 0)
(0 -0 0)
(0 -0 0)
(0 -0 0)
(0 -0 0)
(0 -0 0)
(0 -0 0)
(0 -0 0)
(0 -0 0)
(0 -0 0)
(0 -0 0)
(0 -0 0)
(0 -0 0)
(0 -0 0)
(0 -0 0)
(0 -0 0)
(0 -0 0)
(0 -0 0)
(0 -0 0)
(0 -0 0)
(0 -0 0)
(0 -0 0)
(0 -0 0)
(0 -0 0)
(0 -0 0)
(0 -0 0)
(0 -0 0)
(0 -0 0)
(0 -0 0)
(0 -0 0)
(0 -0 0)
(0 -0 0)
(0 -0 0)
(0 -0 0)
(0 -0 0)
(0 -0 0)
(0 -0 0)
(0 -0 0)
(0 -0 0)
(0 -0 0)
(0 -0 0)
(0 -0 0)
(0 1.73472e-15 0)
(0 -1.73472e-15 0)
(0 -1.73472e-15 0)
(0 -0 0)
(0 -1.73472e-15 0)
(0 1.73472e-15 0)
(0 -1.73472e-15 0)
(0 -1.73472e-15 0)
(0 -0 0)
(0 -1.73472e-15 0)
(0 1.73472e-15 0)
(0 -1.73472e-15 0)
(0 -1.73472e-15 0)
(0 -0 0)
(0 -1.73472e-15 0)
(0 1.73472e-15 0)
(0 -1.73472e-15 0)
(0 -1.73472e-15 0)
(0 -0 0)
(0 -1.73472e-15 0)
(0 1.73472e-15 0)
(0 -1.73472e-15 0)
(0 -1.73472e-15 0)
(0 -0 0)
(0 -1.73472e-15 0)
(0 1.73472e-15 0)
(0 -1.73472e-15 0)
(0 -1.73472e-15 0)
(0 -0 0)
(0 -1.73472e-15 0)
(0 1.73472e-15 0)
(0 -0 0)
(0 -1.73472e-15 0)
(0 -0 0)
(0 -1.73472e-15 0)
(0 1.73472e-15 0)
(0 -0 0)
(0 -1.73472e-15 0)
(0 -0 0)
(0 -1.73472e-15 0)
(0 1.73472e-15 0)
(0 -0 0)
(0 -1.73472e-15 0)
(0 -0 0)
(0 -1.73472e-15 0)
(0 1.73472e-15 0)
(0 -0 0)
(0 -1.73472e-15 0)
(0 -0 0)
(0 -1.73472e-15 0)
(0 1.73472e-15 0)
(0 -0 0)
(0 -1.73472e-15 0)
(0 -0 0)
(0 -1.73472e-15 0)
(0 1.73472e-15 0)
(0 -0 0)
(0 -1.73472e-15 0)
(0 -0 0)
(0 -1.73472e-15 0)
(0 1.73472e-15 0)
(0 -0 0)
(0 -1.73472e-15 0)
(0 -0 0)
(0 -1.73472e-15 0)
(0 1.73472e-15 0)
(0 -0 0)
(0 -1.73472e-15 0)
(0 -0 0)
(0 -1.73472e-15 0)
(0 -0 0)
(0 -0 0)
(0 -0 0)
(0 -0 0)
(0 1.73455e-15 0)
(0 -1.73417e-15 0)
(0 -0 0)
(0 -0 -6.92242e-15)
(0 -0 0)
(0 -0 -8.58425e-15)
(0 1.71685e-15 1.71685e-15)
(0 -0 0)
(0 -0 -6.92242e-15)
(0 -0 0)
(0 -1.73417e-15 0)
(0 -0 0)
(0 -0 0)
(0 -1.73471e-15 0)
(0 -0 0)
(0 -0 0)
(0 -0 0)
(0 -0 0)
(0 -0 0)
(0 -0 0)
(0 -0 0)
(0 1.73472e-15 0)
(0 -0 0)
(0 -0 0)
(0 -0 0)
(0 -0 0)
(0 1.73472e-15 0)
(0 1.73472e-15 0)
(0 -0 0)
(0 1.73472e-15 0)
(0 1.73472e-15 0)
(0 1.73472e-15 0)
(0 1.73472e-15 0)
(0 -0 0)
(0 1.73472e-15 0)
(0 1.73472e-15 0)
(0 1.73472e-15 0)
(0 1.73472e-15 0)
(0 -0 0)
(0 1.73472e-15 0)
(0 1.73472e-15 0)
(0 1.73472e-15 0)
(0 1.73472e-15 0)
(0 -0 0)
(0 1.73472e-15 0)
(0 1.73472e-15 0)
(0 -0 0)
(0 -0 0)
(0 -0 0)
(0 -0 0)
(0 -0 0)
(0 -0 0)
(0 -0 0)
(0 -0 0)
(0 -0 0)
(0 -0 0)
(0 -0 0)
(0 -0 0)
(0 -0 0)
(0 -0 0)
(0 -0 0)
(0 -1.73472e-15 0)
(0 -0 0)
(0 -0 0)
(0 -0 0)
(0 -0 0)
(0 -1.73472e-15 0)
(0 -0 0)
(0 -0 0)
(0 -0 0)
(0 -0 0)
(0 -1.73472e-15 0)
(0 -0 0)
(0 -0 0)
(0 -0 0)
(0 -0 0)
(0 -1.73472e-15 0)
(0 -0 0)
(0 -0 0)
(0 -0 0)
(0 -0 0)
(0 -1.73472e-15 0)
(0 -0 0)
(0 -0 0)
(0 -0 0)
(0 -0 0)
(0 -1.73472e-15 0)
(0 -1.73472e-15 0)
(0 -0 0)
(0 -1.73472e-15 0)
(0 -1.73472e-15 0)
(0 -1.73472e-15 0)
(0 -1.73472e-15 0)
(0 -0 0)
(0 -1.73472e-15 0)
(0 -1.73472e-15 0)
(0 -1.73472e-15 0)
(0 -1.73472e-15 0)
(0 -0 0)
(0 -1.73472e-15 0)
(0 -1.73472e-15 0)
(0 -1.73472e-15 0)
(0 -1.73472e-15 0)
(0 -0 0)
(0 -1.73472e-15 0)
(0 -1.73472e-15 0)
(0 -1.73472e-15 0)
(0 -1.73472e-15 0)
(0 -0 0)
(0 -1.73472e-15 0)
(0 -1.73472e-15 0)
(0 -1.73472e-15 0)
(0 -1.73472e-15 0)
(0 -0 0)
(0 -1.73472e-15 0)
(0 -1.73472e-15 0)
(0 -1.73472e-15 0)
(0 -1.73472e-15 0)
(0 -0 0)
(0 -1.73472e-15 0)
(0 -1.73472e-15 0)
(0 -1.73472e-15 0)
(0 -1.73472e-15 0)
(0 -0 0)
(0 -1.73472e-15 0)
(0 -1.73472e-15 0)
(0 -1.73472e-15 0)
(0 -1.73472e-15 0)
(0 -0 0)
(0 -1.73472e-15 0)
(0 -1.73472e-15 0)
(0 -1.73472e-15 0)
(0 -1.73472e-15 0)
(0 -0 0)
(0 -1.73472e-15 0)
(0 -1.73472e-15 0)
(0 -1.73472e-15 0)
(0 -1.73472e-15 0)
(0 -0 0)
(0 -1.73472e-15 0)
(0 -1.73472e-15 0)
(0 -1.73472e-15 0)
(0 -1.73472e-15 0)
(0 -0 0)
(0 -1.73472e-15 0)
(0 -1.73472e-15 0)
(0 -1.73472e-15 0)
(0 -1.73472e-15 0)
(0 -0 0)
(0 -1.73472e-15 0)
(0 -1.73472e-15 0)
(0 -1.73472e-15 0)
(0 -1.73472e-15 0)
(0 -0 0)
(0 -1.73472e-15 0)
(0 -1.73472e-15 0)
(0 -0 0)
(0 -1.73472e-15 0)
(0 -0 0)
(0 -0 0)
(0 -0 0)
(0 -0 0)
(0 -0 -6.93466e-15)
(0 1.7321e-15 0)
(0 -1.72919e-15 0)
(0 -0 6.90889e-15)
(0 -0 0)
(0 -0 0)
(0 -1.7321e-15 0)
(0 -0 -6.93466e-15)
(0 -0 0)
(0 -0 0)
(0 -0 0)
(0 -0 0)
(0 -1.73472e-15 0)
(0 -1.73472e-15 0)
(0 -0 0)
(0 -0 0)
(0 -0 0)
(0 -0 0)
(0 -1.73472e-15 0)
(0 1.73472e-15 0)
(0 -0 0)
(0 -0 0)
(0 -0 0)
(0 -1.73472e-15 0)
(0 -0 0)
(0 -0 0)
(0 -0 0)
(0 -0 0)
(0 -0 0)
(0 -0 0)
(0 -0 0)
(0 -0 0)
(0 -0 0)
(0 -0 0)
(0 -0 0)
(0 -0 0)
(0 -0 0)
(0 -0 0)
(0 -0 0)
(0 -0 0)
(0 -0 0)
(0 -0 0)
(0 -0 0)
(0 -0 0)
(0 -0 0)
(0 -1.73472e-15 0)
(0 -0 0)
(0 -0 0)
(0 -0 0)
(0 -0 0)
(0 -1.73472e-15 0)
(0 -0 0)
(0 -0 0)
(0 -0 0)
(0 -0 0)
(0 -1.73472e-15 0)
(0 -0 0)
(0 -1.73472e-15 0)
(0 1.73472e-15 0)
(0 -1.73472e-15 0)
(0 -1.73472e-15 0)
(0 -0 0)
(0 -1.73472e-15 0)
(0 1.73472e-15 0)
(0 -1.73472e-15 0)
(0 -1.73472e-15 0)
(0 -0 0)
(0 -1.73472e-15 0)
(0 1.73472e-15 0)
(0 -1.73472e-15 0)
(0 -1.73472e-15 0)
(0 -0 0)
(0 -1.73472e-15 0)
(0 1.73472e-15 0)
(0 -1.73472e-15 0)
(0 -1.73472e-15 0)
(0 -0 0)
(0 -1.73472e-15 0)
(0 1.73472e-15 0)
(0 -1.73472e-15 0)
(0 -1.73472e-15 0)
(0 -0 0)
(0 -1.73472e-15 0)
(0 1.73472e-15 0)
(0 -0 0)
(0 -0 0)
(0 -0 0)
(0 -0 0)
(0 -0 0)
(0 -0 0)
(0 -0 0)
(0 -0 0)
(0 -0 0)
(0 -0 0)
(0 -0 0)
(0 -0 0)
(0 -0 0)
(0 -0 0)
(0 -0 0)
(0 -0 0)
(0 -0 0)
(0 -0 0)
(0 -0 0)
(0 -0 0)
(0 -0 0)
(0 -0 0)
(0 -0 0)
(0 -0 0)
(0 -0 0)
(0 -0 0)
(0 -0 0)
(0 -0 0)
(0 -0 0)
(0 -0 0)
(0 -0 0)
(0 -0 0)
(0 -0 0)
(0 -0 0)
(0 -0 0)
(0 -0 0)
(0 -0 0)
(0 -0 0)
(0 -0 0)
(0 -0 0)
(0 -0 0)
(0 -0 0)
(0 -0 0)
(0 -0 0)
(0 -0 0)
(0 -0 0)
(0 -0 0)
(0 -0 0)
(0 -0 0)
(0 -0 0)
(0 -0 0)
(0 -0 0)
(0 -0 0)
(0 -0 0)
(0 -0 0)
(0 -0 0)
(0 -0 0)
(0 -0 0)
(0 -0 0)
(0 -0 0)
(0 -0 0)
(0 -0 0)
(0 -0 0)
(0 -0 0)
(0 -0 0)
(0 -0 0)
(0 -0 0)
(0 -0 0)
(0 -0 0)
(0 -0 0)
(0 1.73472e-15 0)
(0 1.73472e-15 0)
(0 -0 0)
(0 1.73472e-15 0)
(0 -0 0)
(0 1.73455e-15 0)
(0 1.73426e-15 6.93702e-15)
(0 -0 0)
(0 -0 -6.92919e-15)
(0 -0 6.92585e-15)
(0 -1.73146e-15 6.92585e-15)
(0 -0 -6.92919e-15)
(0 -1.73348e-15 0)
(0 -1.73426e-15 6.93702e-15)
(0 -1.73455e-15 0)
(0 -1.73467e-15 0)
(0 -0 0)
(0 -0 0)
(0 1.73472e-15 0)
(0 -0 0)
(0 -0 0)
(0 -0 0)
(0 -0 0)
(0 -0 0)
(0 -1.73472e-15 0)
(0 1.73472e-15 0)
(0 -0 0)
(0 -0 0)
(0 -0 0)
(0 -1.73472e-15 0)
(0 -0 0)
(0 -0 0)
(0 -0 0)
(0 -0 0)
(0 -0 0)
(0 -0 0)
(0 -0 0)
(0 -0 0)
(0 -0 0)
(0 -0 0)
(0 -0 0)
(0 -0 0)
(0 -0 0)
(0 -0 0)
(0 -0 0)
(0 -0 0)
(0 -0 0)
(0 -0 0)
(0 -0 0)
(0 -0 0)
(0 -0 0)
(0 1.73472e-15 0)
(0 -0 0)
(0 -0 0)
(0 -0 0)
(0 -0 0)
(0 1.73472e-15 0)
(0 -0 0)
(0 -0 0)
(0 -0 0)
(0 -0 0)
(0 1.73472e-15 0)
(0 -0 0)
(0 1.73472e-15 0)
(0 1.73472e-15 0)
(0 -1.73472e-15 0)
(0 1.73472e-15 0)
(0 -0 0)
(0 1.73472e-15 0)
(0 1.73472e-15 0)
(0 -1.73472e-15 0)
(0 1.73472e-15 0)
(0 -0 0)
(0 1.73472e-15 0)
(0 1.73472e-15 0)
(0 -1.73472e-15 0)
(0 1.73472e-15 0)
(0 -0 0)
(0 1.73472e-15 0)
(0 1.73472e-15 0)
(0 -1.73472e-15 0)
(0 1.73472e-15 0)
(0 -0 0)
(0 1.73472e-15 0)
(0 1.73472e-15 0)
(0 -1.73472e-15 0)
(0 1.73472e-15 0)
(0 -0 0)
(0 1.73472e-15 0)
(0 1.73472e-15 0)
(0 -0 0)
(0 -0 0)
(0 -0 0)
(0 -0 0)
(0 -0 0)
(0 -0 0)
(0 -0 0)
(0 -0 0)
(0 -0 0)
(0 -0 0)
(0 -0 0)
(0 -0 0)
(0 -0 0)
(0 -0 0)
(0 -0 0)
(0 -0 0)
(0 -0 0)
(0 -0 0)
(0 -0 0)
(0 -0 0)
(0 -0 0)
(0 -0 0)
(0 -0 0)
(0 -0 0)
(0 -0 0)
(0 -0 0)
(0 -0 0)
(0 -0 0)
(0 -0 0)
(0 -0 0)
(0 -0 0)
(0 -0 0)
(0 -0 0)
(0 -0 0)
(0 -0 0)
(0 -0 0)
(0 -0 0)
(0 -0 0)
(0 -0 0)
(0 -0 0)
(0 -0 0)
(0 -0 0)
(0 -0 0)
(0 -0 0)
(0 -0 0)
(0 -0 0)
(0 -0 0)
(0 -0 0)
(0 -0 0)
(0 -0 0)
(0 -0 0)
(0 -0 0)
(0 -0 0)
(0 -0 0)
(0 -0 0)
(0 -0 0)
(0 -0 0)
(0 -0 0)
(0 -0 0)
(0 -0 0)
(0 -0 0)
(0 -0 0)
(0 -0 0)
(0 -0 0)
(0 -0 0)
(0 -0 0)
(0 -0 0)
(0 -0 0)
(0 -0 0)
(0 -0 0)
(0 -0 0)
(0 -0 0)
(0 -0 0)
(0 -0 0)
(0 -0 0)
(0 1.73464e-15 0)
(0 -0 0)
(0 -1.73423e-15 0)
(0 -0 0)
(0 1.73354e-15 0)
(0 1.73354e-15 0)
(0 -0 0)
(0 -0 0)
(0 -0 0)
(0 -1.73464e-15 0)
(0 -0 0)
(0 -0 0)
(0 -0 0)
(0 -0 0)
(0 -0 0)
(0 -0 0)
(0 -0 0)
(0 -0 0)
(0 -0 0)
(0 -0 0)
(0 -0 0)
(0 -0 0)
(0 -0 0)
(0 -0 0)
(0 -0 0)
(0 -0 0)
(0 -0 0)
(0 -0 0)
(0 -0 0)
(0 -0 0)
(0 -0 0)
(0 -0 0)
(0 -0 0)
(0 -0 0)
(0 -0 0)
(0 -0 0)
(0 -0 0)
(0 -0 0)
(0 -0 0)
(0 -0 0)
(0 -0 0)
(0 -0 0)
(0 -0 0)
(0 -0 0)
(0 -0 0)
(0 -0 0)
(0 1.73472e-15 0)
(0 -0 0)
(0 -0 0)
(0 -0 0)
(0 -0 0)
(0 1.73472e-15 0)
(0 -0 0)
(0 -0 0)
(0 -0 0)
(0 -0 0)
(0 1.73472e-15 0)
(0 -0 0)
(0 1.73472e-15 0)
(0 -0 0)
(0 -0 0)
(0 1.73472e-15 0)
(0 -0 0)
(0 1.73472e-15 0)
(0 -0 0)
(0 -0 0)
(0 1.73472e-15 0)
(0 -0 0)
(0 1.73472e-15 0)
(0 -0 0)
(0 -0 0)
(0 1.73472e-15 0)
(0 -0 0)
(0 1.73472e-15 0)
(0 -0 0)
(0 -0 0)
(0 1.73472e-15 0)
(0 -0 0)
(0 1.73472e-15 0)
(0 -0 0)
(0 -0 0)
(0 1.73472e-15 0)
(0 -0 0)
(0 1.73472e-15 0)
(0 -0 0)
(0 -0 0)
(0 -0 0)
(0 -0 0)
(0 -0 0)
(0 -0 0)
(0 -0 0)
(0 -0 0)
(0 -0 0)
(0 -0 0)
(0 -0 0)
(0 -0 0)
(0 -0 0)
(0 -0 0)
(0 -0 0)
(0 -0 0)
(0 -0 0)
(0 -0 0)
(0 -0 0)
(0 -0 0)
(0 -0 0)
(0 -0 0)
(0 -0 0)
(0 -0 0)
(0 -0 0)
(0 -0 0)
(0 -0 0)
(0 -0 0)
(0 -0 0)
(0 -0 0)
(0 -0 0)
(0 -0 0)
(0 -0 0)
(0 -0 0)
(0 -0 0)
(0 -0 0)
(0 -0 0)
(0 -0 0)
(0 -0 0)
(0 -0 0)
(0 -0 0)
(0 -0 0)
(0 -0 0)
(0 -0 0)
(0 -0 0)
(0 -0 0)
(0 -0 0)
(0 -0 0)
(0 -0 0)
(0 -0 0)
(0 -0 0)
(0 -0 0)
(0 -0 0)
(0 -0 0)
(0 -0 0)
(0 -0 0)
(0 -0 0)
(0 -0 0)
(0 -0 0)
(0 -0 0)
(0 -0 0)
(0 -0 0)
(0 -0 0)
(0 -0 0)
(0 -0 0)
(0 -0 0)
(0 -0 0)
(0 -0 0)
(0 -0 0)
(0 -0 0)
(0 -0 0)
(0 1.73472e-15 0)
(0 -0 0)
(0 -0 0)
(0 -0 0)
(0 -1.73472e-15 0)
(0 -0 0)
(0 -0 0)
(0 -0 0)
(0 -0 -6.93778e-15)
(0 1.73436e-15 0)
(0 -0 0)
(0 -0 -6.93778e-15)
(0 -0 0)
(0 -0 0)
(0 -0 0)
(0 1.73472e-15 0)
(0 -1.73472e-15 0)
(0 -0 0)
(0 -0 0)
(0 -1.73472e-15 0)
(0 -0 0)
(0 -0 0)
(0 -0 0)
(0 -0 0)
(0 -1.73472e-15 0)
(0 1.73472e-15 0)
(0 -0 0)
(0 -0 0)
(0 -0 0)
(0 -1.73472e-15 0)
(0 -0 0)
(0 -0 0)
(0 -0 0)
(0 -0 0)
(0 -0 0)
(0 -0 0)
(0 -0 0)
(0 -0 0)
(0 -0 0)
(0 -0 0)
(0 -0 0)
(0 -0 0)
(0 -0 0)
(0 -0 0)
(0 -0 0)
(0 -0 0)
(0 -0 0)
(0 -0 0)
(0 -0 0)
(0 -0 0)
(0 -0 0)
(0 -0 0)
(0 -0 0)
(0 -1.73472e-15 0)
(0 -0 0)
(0 -0 0)
(0 -0 0)
(0 -0 0)
(0 -1.73472e-15 0)
(0 -0 0)
(0 -0 0)
(0 -0 0)
(0 -0 0)
(0 -0 0)
(0 1.73472e-15 0)
(0 -1.73472e-15 0)
(0 -0 0)
(0 -0 0)
(0 -0 0)
(0 1.73472e-15 0)
(0 -1.73472e-15 0)
(0 -0 0)
(0 -0 0)
(0 -0 0)
(0 1.73472e-15 0)
(0 -1.73472e-15 0)
(0 -0 0)
(0 -0 0)
(0 -0 0)
(0 1.73472e-15 0)
(0 -1.73472e-15 0)
(0 -0 0)
(0 -0 0)
(0 -0 0)
(0 1.73472e-15 0)
(0 -1.73472e-15 0)
(0 -0 0)
(0 -0 0)
(0 -0 0)
(0 1.73472e-15 0)
(0 -0 0)
(0 -0 0)
(0 -0 0)
(0 -0 0)
(0 -0 0)
(0 -0 0)
(0 -0 0)
(0 -0 0)
(0 -0 0)
(0 -0 0)
(0 -0 0)
(0 -0 0)
(0 -0 0)
(0 -0 0)
(0 -0 0)
(0 -0 0)
(0 -0 0)
(0 -0 0)
(0 -0 0)
(0 -0 0)
(0 -0 0)
(0 -0 0)
(0 -0 0)
(0 -0 0)
(0 -0 0)
(0 -0 0)
(0 -0 0)
(0 -0 0)
(0 -0 0)
(0 -0 0)
(0 -0 0)
(0 -0 0)
(0 -0 0)
(0 -0 0)
(0 -0 0)
(0 -0 0)
(0 -0 0)
(0 -0 0)
(0 -0 0)
(0 -0 0)
(0 -0 0)
(0 -0 0)
(0 -0 0)
(0 -0 0)
(0 -0 0)
(0 -0 0)
(0 -0 0)
(0 -0 0)
(0 -0 0)
(0 -0 0)
(0 -0 0)
(0 -0 0)
(0 -0 0)
(0 -0 0)
(0 -0 0)
(0 -0 0)
(0 -0 0)
(0 -0 0)
(0 -0 0)
(0 -0 0)
(0 -0 0)
(0 -0 0)
(0 -0 0)
(0 -0 0)
(0 -0 0)
(0 -0 0)
(0 -0 0)
(0 -0 0)
(0 -0 0)
(0 -0 0)
(0 1.73472e-15 0)
(0 1.73472e-15 0)
(0 -0 0)
(0 1.73472e-15 0)
(0 -0 0)
(0 -0 0)
(0 -0 0)
(0 -1.73469e-15 0)
(0 -0 0)
(0 1.73459e-15 0)
(0 -0 6.93835e-15)
(0 -0 0)
(0 -0 0)
(0 -0 0)
(0 -0 0)
(0 1.73472e-15 0)
(0 -0 0)
(0 -0 0)
(0 1.73472e-15 0)
(0 -0 0)
(0 -0 0)
(0 -0 0)
(0 -0 0)
(0 -0 0)
(0 -1.73472e-15 0)
(0 1.73472e-15 0)
(0 -0 0)
(0 -0 0)
(0 -0 0)
(0 -1.73472e-15 0)
(0 -0 0)
(0 -0 0)
(0 -0 0)
(0 -0 0)
(0 -0 0)
(0 -0 0)
(0 -0 0)
(0 -0 0)
(0 -0 0)
(0 -0 0)
(0 -0 0)
(0 -0 0)
(0 -0 0)
(0 -0 0)
(0 -0 0)
(0 -0 0)
(0 -0 0)
(0 -0 0)
(0 -0 0)
(0 -0 0)
(0 -0 0)
(0 1.73472e-15 0)
(0 -0 0)
(0 -0 0)
(0 -0 0)
(0 -0 0)
(0 1.73472e-15 0)
(0 -0 0)
(0 -0 0)
(0 -0 0)
(0 -0 0)
(0 1.73472e-15 0)
(0 -0 0)
(0 1.73472e-15 0)
(0 1.73472e-15 0)
(0 -1.73472e-15 0)
(0 1.73472e-15 0)
(0 -0 0)
(0 1.73472e-15 0)
(0 1.73472e-15 0)
(0 -1.73472e-15 0)
(0 1.73472e-15 0)
(0 -0 0)
(0 1.73472e-15 0)
(0 1.73472e-15 0)
(0 -1.73472e-15 0)
(0 1.73472e-15 0)
(0 -0 0)
(0 1.73472e-15 0)
(0 1.73472e-15 0)
(0 -1.73472e-15 0)
(0 1.73472e-15 0)
(0 -0 0)
(0 1.73472e-15 0)
(0 1.73472e-15 0)
(0 -1.73472e-15 0)
(0 1.73472e-15 0)
(0 -0 0)
(0 1.73472e-15 0)
(0 1.73472e-15 0)
(0 -0 0)
(0 -0 0)
(0 -0 0)
(0 -0 0)
(0 -0 0)
(0 -0 0)
(0 -0 0)
(0 -0 0)
(0 -0 0)
(0 -0 0)
(0 -0 0)
(0 -0 0)
(0 -0 0)
(0 -0 0)
(0 -0 0)
(0 -0 0)
(0 -0 0)
(0 -0 0)
(0 -0 0)
(0 -0 0)
(0 -0 0)
(0 -0 0)
(0 -0 0)
(0 -0 0)
(0 -0 0)
(0 -0 0)
(0 -0 0)
(0 -0 0)
(0 -0 0)
(0 -0 0)
(0 -0 0)
(0 -0 0)
(0 -0 0)
(0 -0 0)
(0 -0 0)
(0 -0 0)
(0 -0 0)
(0 -0 0)
(0 -0 0)
(0 -0 0)
(0 -0 0)
(0 -0 0)
(0 -0 0)
(0 -0 0)
(0 -0 0)
(0 -0 0)
(0 -0 0)
(0 -0 0)
(0 -0 0)
(0 -0 0)
(0 -0 0)
(0 -0 0)
(0 -0 0)
(0 -0 0)
(0 -0 0)
(0 -0 0)
(0 -0 0)
(0 -0 0)
(0 -0 0)
(0 -0 0)
(0 -0 0)
(0 -0 0)
(0 -0 0)
(0 -0 0)
(0 -0 0)
(0 -0 0)
(0 -0 0)
(0 -0 0)
(0 -0 0)
(0 -0 0)
(0 -0 0)
(0 -0 0)
(0 -0 0)
(0 -0 0)
(0 -0 0)
(0 -0 0)
(0 -0 0)
(0 -0 0)
(0 -0 0)
(0 -0 0)
(0 -0 0)
(0 -0 0)
(0 -0 0)
(0 -0 0)
(0 -0 0)
(0 -0 0)
(0 -0 0)
(0 -0 0)
(0 -0 0)
(0 -0 0)
(0 -0 0)
(0 -0 0)
(0 -0 0)
(0 -0 0)
(0 -0 0)
(0 -0 0)
(0 -0 0)
(0 -0 0)
(0 -0 0)
(0 -0 0)
(0 -0 0)
(0 -0 0)
(0 -0 0)
(0 -0 0)
(0 -0 0)
(0 -0 0)
(0 -0 0)
(0 -0 0)
(0 -0 0)
(0 -0 0)
(0 -0 0)
(0 -0 0)
(0 -0 0)
(0 -0 0)
(0 -0 0)
(0 -0 0)
(0 -0 0)
(0 -0 0)
(0 -0 0)
(0 -0 0)
(0 -0 0)
(0 1.73472e-15 0)
(0 -0 0)
(0 -0 0)
(0 -0 0)
(0 -0 0)
(0 1.73472e-15 0)
(0 -0 0)
(0 -0 0)
(0 -0 0)
(0 -0 0)
(0 1.73472e-15 0)
(0 -0 0)
(0 1.73472e-15 0)
(0 -0 0)
(0 -0 0)
(0 1.73472e-15 0)
(0 -0 0)
(0 1.73472e-15 0)
(0 -0 0)
(0 -0 0)
(0 1.73472e-15 0)
(0 -0 0)
(0 1.73472e-15 0)
(0 -0 0)
(0 -0 0)
(0 1.73472e-15 0)
(0 -0 0)
(0 1.73472e-15 0)
(0 -0 0)
(0 -0 0)
(0 1.73472e-15 0)
(0 -0 0)
(0 1.73472e-15 0)
(0 -0 0)
(0 -0 0)
(0 1.73472e-15 0)
(0 -0 0)
(0 1.73472e-15 0)
(0 -0 0)
(0 -0 0)
(0 -0 0)
(0 -0 0)
(0 -0 0)
(0 -0 0)
(0 -0 0)
(0 -0 0)
(0 -0 0)
(0 -0 0)
(0 -0 0)
(0 -0 0)
(0 -0 0)
(0 -0 0)
(0 -0 0)
(0 -0 0)
(0 -0 0)
(0 -0 0)
(0 -0 0)
(0 -0 0)
(0 -0 0)
(0 -0 0)
(0 -0 0)
(0 -0 0)
(0 -0 0)
(0 -0 0)
(0 -0 0)
(0 -0 0)
(0 -0 0)
(0 -0 0)
(0 -0 0)
(0 -0 0)
(0 -0 0)
(0 -0 0)
(0 -0 0)
(0 -0 0)
(0 -0 0)
(0 -0 0)
(0 -0 0)
(0 -0 0)
(0 -0 0)
(0 -0 0)
(0 -0 0)
(0 -0 0)
(0 -0 0)
(0 -0 0)
(0 -0 0)
(0 -0 0)
(0 -0 0)
(0 -0 0)
(0 -0 0)
(0 -0 0)
(0 -0 0)
(0 -0 0)
(0 -0 0)
(0 -0 0)
(0 -0 0)
(0 -0 0)
(0 -0 0)
(0 -0 0)
(0 -0 0)
(0 -0 0)
(0 -0 0)
(0 -0 0)
(0 -0 0)
(0 -0 0)
(0 -0 0)
(0 -0 0)
(0 -0 0)
(0 -0 0)
(0 -0 0)
(0 -0 0)
(0 -0 0)
(0 -0 0)
(0 -0 0)
(0 -0 0)
(0 -0 0)
(0 -0 0)
(0 -0 0)
(0 1.73472e-15 0)
(0 -0 0)
(0 -1.73472e-15 0)
(0 1.73472e-15 0)
(0 -0 0)
(0 -0 0)
(0 -0 0)
(0 -0 0)
(0 -0 0)
(0 -0 0)
(0 -0 0)
(0 -0 0)
(0 -0 0)
(0 -0 0)
(0 -0 0)
(0 -0 0)
(0 -0 0)
(0 -0 0)
(0 -0 0)
(0 -0 0)
(0 -0 0)
(0 -0 0)
(0 1.73472e-15 0)
(0 -1.73472e-15 0)
(0 -1.73472e-15 0)
(0 -0 0)
(0 -1.73472e-15 0)
(0 1.73472e-15 0)
(0 -0 0)
(0 -1.73472e-15 0)
(0 -0 0)
(0 -1.73472e-15 0)
(0 1.73472e-15 0)
(0 -0 0)
(0 -1.73472e-15 0)
(0 -0 0)
(0 -1.73472e-15 0)
(0 1.73472e-15 0)
(0 -0 0)
(0 -1.73472e-15 0)
(0 -0 0)
(0 -1.73472e-15 0)
(0 -1.73472e-15 0)
(0 -0 0)
(0 -1.73472e-15 0)
(0 -0 0)
(0 -1.73472e-15 0)
(0 -1.73472e-15 0)
(0 -0 0)
(0 -1.73472e-15 0)
(0 -0 0)
(0 -1.73472e-15 0)
(0 -1.73472e-15 0)
(0 -0 0)
(0 -1.73472e-15 0)
(0 -0 0)
(0 -3.46945e-15 0)
(0 1.73472e-15 0)
(0 -0 0)
(0 -1.73472e-15 0)
(0 -0 0)
(0 -3.46945e-15 0)
(0 1.73472e-15 0)
(0 -0 0)
(0 -1.73472e-15 0)
(0 -0 0)
(0 -3.46945e-15 0)
(0 1.73472e-15 0)
(0 -0 0)
(0 -1.73472e-15 0)
(0 -0 0)
(0 -3.46945e-15 0)
(0 1.73472e-15 0)
(0 -0 0)
(0 -1.73472e-15 0)
(0 -0 0)
(0 -3.46945e-15 0)
(0 1.73472e-15 0)
(0 -0 0)
(0 -1.73472e-15 0)
(0 -0 0)
(0 -3.46945e-15 0)
(0 1.73472e-15 0)
(0 -0 0)
(0 -0 0)
(0 1.73472e-15 0)
(0 -0 0)
(0 1.73472e-15 0)
(0 -0 0)
(0 -0 0)
(0 1.73472e-15 0)
(0 -0 0)
(0 1.73472e-15 0)
(0 -0 0)
(0 -0 0)
(0 1.73472e-15 0)
(0 -0 0)
(0 1.73472e-15 0)
(0 -0 0)
(0 -0 0)
(0 1.73472e-15 0)
(0 -0 0)
(0 1.73472e-15 0)
(0 -0 0)
(0 -0 0)
(0 1.73472e-15 0)
(0 -0 0)
(0 1.73472e-15 0)
(0 -0 0)
(0 -0 0)
(0 1.73472e-15 0)
(0 -0 0)
(0 1.73472e-15 0)
(0 1.73472e-15 0)
(0 -0 0)
(0 1.73472e-15 0)
(0 -0 0)
(0 1.73472e-15 0)
(0 1.73472e-15 0)
(0 -0 0)
(0 1.73472e-15 0)
(0 -0 0)
(0 1.73472e-15 0)
(0 1.73472e-15 0)
(0 -0 0)
(0 1.73472e-15 0)
(0 -0 0)
(0 1.73472e-15 0)
(0 1.73472e-15 0)
(0 -0 0)
(0 1.73472e-15 0)
(0 -0 0)
(0 1.73472e-15 0)
(0 1.73472e-15 0)
(0 -0 0)
(0 1.73472e-15 0)
(0 -0 0)
(0 1.73472e-15 0)
(0 1.73472e-15 0)
(0 -0 0)
(0 1.73472e-15 0)
(0 -0 0)
(0 1.73472e-15 0)
(0 1.73472e-15 0)
(0 -0 0)
(0 1.73472e-15 0)
(0 -0 0)
(0 1.73472e-15 0)
(0 1.73472e-15 0)
(0 -0 0)
(0 1.73472e-15 0)
(0 -0 0)
(0 -0 0)
(0 -0 0)
(0 -0 0)
(0 -0 0)
(0 -0 0)
(0 -0 0)
(0 -0 0)
(0 -0 0)
(0 -0 0)
(0 -1.73472e-15 0)
(0 -0 6.93889e-15)
(0 -0 0)
(0 -0 0)
(0 -0 0)
(0 -0 0)
(0 -0 0)
(0 -0 0)
(0 -0 0)
(0 -0 0)
(0 -0 0)
(0 -0 0)
(0 -0 0)
(0 -0 0)
(0 -0 0)
(0 -0 0)
(0 -0 0)
(0 -0 0)
(0 -0 0)
(0 -0 0)
(0 -0 0)
(0 -0 0)
(0 -0 0)
(0 -0 0)
(0 -0 0)
(0 -0 0)
(0 -0 0)
(0 -0 0)
(0 -0 0)
(0 -0 0)
(0 -0 0)
(0 -0 0)
(0 -0 0)
(0 -0 0)
(0 -0 0)
(0 -0 0)
(0 -0 0)
(0 -0 0)
(0 -0 0)
(0 -0 0)
(0 -0 0)
(0 -0 0)
(0 1.73472e-15 0)
(0 -0 0)
(0 -0 0)
(0 -0 0)
(0 -0 0)
(0 1.73472e-15 0)
(0 -0 0)
(0 -0 0)
(0 -0 0)
(0 -0 0)
(0 1.73472e-15 0)
(0 -0 0)
(0 1.73472e-15 0)
(0 -0 0)
(0 -0 0)
(0 1.73472e-15 0)
(0 -0 0)
(0 1.73472e-15 0)
(0 -0 0)
(0 -0 0)
(0 1.73472e-15 0)
(0 -0 0)
(0 1.73472e-15 0)
(0 -0 0)
(0 -0 0)
(0 1.73472e-15 0)
(0 -0 0)
(0 1.73472e-15 0)
(0 -0 0)
(0 -0 0)
(0 1.73472e-15 0)
(0 -0 0)
(0 1.73472e-15 0)
(0 -0 0)
(0 -0 0)
(0 1.73472e-15 0)
(0 -0 0)
(0 1.73472e-15 0)
(0 -0 0)
(0 -0 0)
(0 -0 0)
(0 -0 0)
(0 -0 0)
(0 -0 0)
(0 -0 0)
(0 -0 0)
(0 -0 0)
(0 -0 0)
(0 -0 0)
(0 -0 0)
(0 -0 0)
(0 -0 0)
(0 -0 0)
(0 -0 0)
(0 -0 0)
(0 -0 0)
(0 -0 0)
(0 -0 0)
(0 -0 0)
(0 -0 0)
(0 -0 0)
(0 -0 0)
(0 -0 0)
(0 -0 0)
(0 -0 0)
(0 -0 0)
(0 -0 0)
(0 -0 0)
(0 -0 0)
(0 -0 0)
(0 -0 0)
(0 -0 0)
(0 -0 0)
(0 -0 0)
(0 -0 0)
(0 -0 0)
(0 -0 0)
(0 -0 0)
(0 -0 0)
(0 -0 0)
(0 -0 0)
(0 -0 0)
(0 -0 0)
(0 -0 0)
(0 -0 0)
(0 -0 0)
(0 -0 0)
(0 -0 0)
(0 -0 0)
(0 -0 0)
(0 -0 0)
(0 -0 0)
(0 -0 0)
(0 -0 0)
(0 -0 0)
(0 -0 0)
(0 -0 0)
(0 -0 0)
(0 -0 0)
(0 -0 0)
(0 -0 0)
(0 -0 0)
(0 -0 0)
(0 -0 0)
(0 -0 0)
(0 -0 0)
(0 -0 0)
(0 -0 0)
(0 -0 0)
(0 -0 0)
(0 -0 0)
(0 -0 0)
(0 -0 0)
(0 -0 0)
(0 -0 0)
(0 -0 0)
(0 -0 0)
(0 1.73472e-15 0)
(0 -0 -6.93889e-15)
(0 -0 -6.93889e-15)
(0 1.73472e-15 0)
(0 -0 0)
(0 -0 0)
(0 -0 0)
(0 -0 0)
(0 -0 0)
(0 -0 0)
(0 -0 0)
(0 -0 0)
(0 -0 0)
(0 -0 0)
(0 -0 0)
(0 -0 0)
(0 -0 0)
(0 -0 0)
(0 -0 0)
(0 -0 0)
(0 -0 0)
(0 -0 0)
(0 1.73472e-15 0)
(0 -1.73472e-15 0)
(0 -1.73472e-15 0)
(0 -0 0)
(0 -1.73472e-15 0)
(0 1.73472e-15 0)
(0 -0 0)
(0 -1.73472e-15 0)
(0 -0 0)
(0 -1.73472e-15 0)
(0 1.73472e-15 0)
(0 -0 0)
(0 -1.73472e-15 0)
(0 -0 0)
(0 -1.73472e-15 0)
(0 1.73472e-15 0)
(0 -0 0)
(0 -1.73472e-15 0)
(0 -0 0)
(0 -1.73472e-15 0)
(0 -1.73472e-15 0)
(0 -0 0)
(0 -1.73472e-15 0)
(0 -0 0)
(0 -1.73472e-15 0)
(0 -1.73472e-15 0)
(0 -0 0)
(0 -1.73472e-15 0)
(0 -0 0)
(0 -1.73472e-15 0)
(0 -1.73472e-15 0)
(0 -0 0)
(0 -1.73472e-15 0)
(0 -0 0)
(0 -3.46945e-15 0)
(0 1.73472e-15 0)
(0 -0 0)
(0 -1.73472e-15 0)
(0 -0 0)
(0 -3.46945e-15 0)
(0 1.73472e-15 0)
(0 -0 0)
(0 -1.73472e-15 0)
(0 -0 0)
(0 -3.46945e-15 0)
(0 1.73472e-15 0)
(0 -0 0)
(0 -1.73472e-15 0)
(0 -0 0)
(0 -3.46945e-15 0)
(0 1.73472e-15 0)
(0 -0 0)
(0 -1.73472e-15 0)
(0 -0 0)
(0 -3.46945e-15 0)
(0 1.73472e-15 0)
(0 -0 0)
(0 -1.73472e-15 0)
(0 -0 0)
(0 -3.46945e-15 0)
(0 1.73472e-15 0)
(0 -0 0)
(0 -0 0)
(0 1.73472e-15 0)
(0 -0 0)
(0 1.73472e-15 0)
(0 -0 0)
(0 -0 0)
(0 1.73472e-15 0)
(0 -0 0)
(0 1.73472e-15 0)
(0 -0 0)
(0 -0 0)
(0 1.73472e-15 0)
(0 -0 0)
(0 1.73472e-15 0)
(0 -0 0)
(0 -0 0)
(0 1.73472e-15 0)
(0 -0 0)
(0 1.73472e-15 0)
(0 -0 0)
(0 -0 0)
(0 1.73472e-15 0)
(0 -0 0)
(0 1.73472e-15 0)
(0 -0 0)
(0 -0 0)
(0 1.73472e-15 0)
(0 -0 0)
(0 1.73472e-15 0)
(0 1.73472e-15 0)
(0 -0 0)
(0 1.73472e-15 0)
(0 -0 0)
(0 1.73472e-15 0)
(0 1.73472e-15 0)
(0 -0 0)
(0 1.73472e-15 0)
(0 -0 0)
(0 1.73472e-15 0)
(0 1.73472e-15 0)
(0 -0 0)
(0 1.73472e-15 0)
(0 -0 0)
(0 1.73472e-15 0)
(0 1.73472e-15 0)
(0 -0 0)
(0 1.73472e-15 0)
(0 -0 0)
(0 1.73472e-15 0)
(0 1.73472e-15 0)
(0 -0 0)
(0 1.73472e-15 0)
(0 -0 0)
(0 1.73472e-15 0)
(0 1.73472e-15 0)
(0 -0 0)
(0 1.73472e-15 0)
(0 -0 0)
(0 1.73472e-15 0)
(0 1.73472e-15 0)
(0 -0 0)
(0 1.73472e-15 0)
(0 -0 0)
(0 1.73472e-15 0)
(0 1.73472e-15 0)
(0 -0 0)
(0 1.73472e-15 0)
(0 -0 0)
(0 1.73472e-15 0)
(0 1.73472e-15 0)
(0 -0 0)
(0 1.73472e-15 0)
(0 1.73472e-15 0)
(0 1.73472e-15 0)
(0 -0 0)
(0 -0 0)
(0 -0 0)
(0 -0 1.38778e-14)
(0 1.73472e-15 0)
(0 -0 0)
(0 -0 0)
(0 -0 0)
(0 -0 0)
(0 1.73472e-15 0)
(0 1.73472e-15 0)
(0 -0 0)
(0 1.73472e-15 0)
(0 1.73472e-15 0)
(0 -0 0)
(0 -0 0)
(0 -0 0)
(0 -0 0)
(0 -0 0)
(0 -1.73472e-15 0)
(0 -0 0)
(0 -0 0)
(0 -0 0)
(0 -0 0)
(0 -1.73472e-15 0)
(0 -1.73472e-15 0)
(0 -0 0)
(0 -1.73472e-15 0)
(0 -1.73472e-15 0)
(0 -1.73472e-15 0)
(0 -1.73472e-15 0)
(0 -0 0)
(0 -1.73472e-15 0)
(0 -1.73472e-15 0)
(0 -1.73472e-15 0)
(0 -1.73472e-15 0)
(0 -0 0)
(0 -1.73472e-15 0)
(0 -1.73472e-15 0)
(0 -1.73472e-15 0)
(0 -1.73472e-15 0)
(0 -0 0)
(0 -1.73472e-15 0)
(0 -1.73472e-15 0)
(0 -0 0)
(0 3.46945e-15 0)
(0 -0 0)
(0 1.73472e-15 0)
(0 -0 0)
(0 -0 0)
(0 3.46945e-15 0)
(0 -0 0)
(0 1.73472e-15 0)
(0 -0 0)
(0 -0 0)
(0 3.46945e-15 0)
(0 -0 0)
(0 3.46945e-15 0)
(0 -0 0)
(0 1.73472e-15 0)
(0 3.46945e-15 0)
(0 -0 0)
(0 3.46945e-15 0)
(0 -0 0)
(0 1.73472e-15 0)
(0 3.46945e-15 0)
(0 -0 0)
(0 3.46945e-15 0)
(0 -0 0)
(0 1.73472e-15 0)
(0 3.46945e-15 0)
(0 -0 0)
(0 3.46945e-15 0)
(0 -0 0)
(0 1.73472e-15 0)
(0 3.46945e-15 0)
(0 -0 0)
(0 3.46945e-15 0)
(0 -0 0)
(0 1.73472e-15 0)
(0 3.46945e-15 0)
(0 -0 0)
(0 3.46945e-15 0)
(0 -0 0)
(0 1.73472e-15 0)
(0 -0 0)
(0 -0 0)
(0 -0 0)
(0 -0 0)
(0 1.73472e-15 0)
(0 -0 0)
(0 -0 0)
(0 -0 0)
(0 -0 0)
(0 1.73472e-15 0)
(0 -0 0)
(0 -0 0)
(0 -0 0)
(0 -0 0)
(0 1.73472e-15 0)
(0 -0 0)
(0 -0 0)
(0 -0 0)
(0 -0 0)
(0 1.73472e-15 0)
(0 -0 0)
(0 -0 0)
(0 -0 0)
(0 -0 0)
(0 1.73472e-15 0)
(0 -0 0)
(0 -0 0)
(0 -0 0)
(0 -0 0)
(0 1.73472e-15 0)
(0 -0 0)
(0 -0 0)
(0 -0 0)
(0 -0 0)
(0 1.73472e-15 0)
(0 -0 0)
(0 -0 0)
(0 -0 0)
(0 -0 0)
(0 1.73472e-15 0)
(0 -0 0)
(0 -0 0)
(0 -0 0)
(0 -0 0)
(0 1.73472e-15 0)
(0 -0 0)
(0 -0 0)
(0 -0 0)
(0 -0 0)
(0 1.73472e-15 0)
(0 -0 0)
(0 -0 0)
(0 -0 0)
(0 -0 0)
(0 1.73472e-15 0)
(0 -0 0)
(0 -0 0)
(0 -0 0)
(0 -0 0)
(0 1.73472e-15 0)
(0 -0 0)
(0 -0 0)
(0 -0 0)
(0 -0 0)
(0 1.73472e-15 0)
(0 -0 0)
(0 -0 0)
(0 -0 0)
(0 -0 0)
(0 -1.73472e-15 0)
(0 -1.73472e-15 0)
(0 -0 0)
(0 -1.73472e-15 0)
(0 -1.73472e-15 0)
(0 -0 0)
(0 -0 0)
(0 -0 0)
(0 -0 0)
(0 -0 0)
(0 1.73472e-15 0)
(0 -0 0)
(0 -0 0)
(0 -0 0)
(0 -1.73472e-15 0)
(0 -1.73472e-15 0)
(0 -1.73472e-15 0)
(0 -0 0)
(0 -1.73472e-15 0)
(0 -1.73472e-15 0)
(0 -0 0)
(0 -0 0)
(0 -0 0)
(0 -0 0)
(0 1.73472e-15 0)
(0 -0 0)
(0 -0 0)
(0 -0 0)
(0 -0 0)
(0 1.73472e-15 0)
(0 1.73472e-15 0)
(0 1.73472e-15 0)
(0 -0 0)
(0 1.73472e-15 0)
(0 1.73472e-15 0)
(0 1.73472e-15 0)
(0 1.73472e-15 0)
(0 -0 0)
(0 1.73472e-15 0)
(0 1.73472e-15 0)
(0 1.73472e-15 0)
(0 1.73472e-15 0)
(0 -0 0)
(0 1.73472e-15 0)
(0 1.73472e-15 0)
(0 1.73472e-15 0)
(0 1.73472e-15 0)
(0 -0 0)
(0 1.73472e-15 0)
(0 1.73472e-15 0)
(0 -0 0)
(0 -1.73472e-15 0)
(0 -0 0)
(0 -0 0)
(0 -0 0)
(0 -0 0)
(0 -1.73472e-15 0)
(0 -0 0)
(0 -0 0)
(0 -0 0)
(0 -0 0)
(0 -1.73472e-15 0)
(0 -0 0)
(0 -1.73472e-15 0)
(0 -1.73472e-15 0)
(0 -0 0)
(0 -1.73472e-15 0)
(0 -0 0)
(0 -1.73472e-15 0)
(0 -1.73472e-15 0)
(0 -0 0)
(0 -1.73472e-15 0)
(0 -0 0)
(0 -1.73472e-15 0)
(0 -1.73472e-15 0)
(0 -0 0)
(0 -1.73472e-15 0)
(0 -0 0)
(0 -1.73472e-15 0)
(0 -1.73472e-15 0)
(0 -0 0)
(0 -1.73472e-15 0)
(0 -0 0)
(0 -1.73472e-15 0)
(0 -1.73472e-15 0)
(0 -0 0)
(0 -1.73472e-15 0)
(0 -0 0)
(0 -1.73472e-15 0)
(0 -1.73472e-15 0)
(0 -0 0)
(0 -1.73472e-15 0)
(0 -0 0)
(0 -0 0)
(0 -1.73472e-15 0)
(0 -0 0)
(0 -1.73472e-15 0)
(0 -0 0)
(0 -0 0)
(0 -1.73472e-15 0)
(0 -0 0)
(0 -1.73472e-15 0)
(0 -0 0)
(0 -0 0)
(0 -1.73472e-15 0)
(0 -0 0)
(0 -1.73472e-15 0)
(0 -0 0)
(0 -0 0)
(0 -1.73472e-15 0)
(0 -0 0)
(0 -1.73472e-15 0)
(0 -0 0)
(0 -0 0)
(0 -1.73472e-15 0)
(0 -0 0)
(0 -1.73472e-15 0)
(0 -0 0)
(0 -0 0)
(0 -1.73472e-15 0)
(0 -0 0)
(0 -0 0)
(0 -0 0)
(0 -0 0)
(0 -1.73472e-15 0)
(0 -0 0)
(0 -0 0)
(0 -0 0)
(0 -0 0)
(0 -1.73472e-15 0)
(0 -0 0)
(0 -0 0)
(0 -0 0)
(0 -0 0)
(0 -1.73472e-15 0)
(0 -0 0)
(0 -0 0)
(0 -0 0)
(0 -0 0)
(0 -1.73472e-15 0)
(0 -0 0)
(0 -0 0)
(0 -0 0)
(0 -0 0)
(0 -1.73472e-15 0)
(0 -0 0)
(0 -0 0)
(0 -0 0)
(0 -0 0)
(0 -1.73472e-15 0)
(0 -0 0)
(0 -0 0)
(0 -0 0)
(0 -0 0)
(0 -1.73472e-15 0)
(0 -0 0)
(0 -0 0)
(0 -0 0)
(0 -0 0)
(0 -1.73472e-15 0)
(0 -0 0)
(0 -0 0)
(0 -0 0)
(0 -0 0)
(0 -0 0)
(0 -0 0)
(0 -0 0)
(0 -0 0)
(0 1.73472e-15 0)
(0 -0 -6.93889e-15)
(0 -1.73472e-15 -6.93889e-15)
(0 1.73472e-15 0)
(0 -0 0)
(0 -0 0)
(0 -0 0)
(0 -0 0)
(0 -0 0)
(0 -0 0)
(0 -0 0)
(0 -0 0)
(0 -0 0)
(0 -0 0)
(0 -0 0)
(0 -0 0)
(0 -0 0)
(0 -0 0)
(0 -0 0)
(0 -0 0)
(0 -0 0)
(0 -0 0)
(0 1.73472e-15 0)
(0 -1.73472e-15 0)
(0 -1.73472e-15 0)
(0 -0 0)
(0 -1.73472e-15 0)
(0 1.73472e-15 0)
(0 -0 0)
(0 -1.73472e-15 0)
(0 -0 0)
(0 -1.73472e-15 0)
(0 1.73472e-15 0)
(0 -0 0)
(0 -1.73472e-15 0)
(0 -0 0)
(0 -1.73472e-15 0)
(0 1.73472e-15 0)
(0 -0 0)
(0 -1.73472e-15 0)
(0 -0 0)
(0 -1.73472e-15 0)
(0 -1.73472e-15 0)
(0 -0 0)
(0 -1.73472e-15 0)
(0 -0 0)
(0 -1.73472e-15 0)
(0 -1.73472e-15 0)
(0 -0 0)
(0 -1.73472e-15 0)
(0 -0 0)
(0 -1.73472e-15 0)
(0 -1.73472e-15 0)
(0 -0 0)
(0 -1.73472e-15 0)
(0 -0 0)
(0 -3.46945e-15 0)
(0 1.73472e-15 0)
(0 -0 0)
(0 -1.73472e-15 0)
(0 -0 0)
(0 -3.46945e-15 0)
(0 1.73472e-15 0)
(0 -0 0)
(0 -1.73472e-15 0)
(0 -0 0)
(0 -3.46945e-15 0)
(0 1.73472e-15 0)
(0 -0 0)
(0 -1.73472e-15 0)
(0 -0 0)
(0 -3.46945e-15 0)
(0 1.73472e-15 0)
(0 -0 0)
(0 -1.73472e-15 0)
(0 -0 0)
(0 -3.46945e-15 0)
(0 1.73472e-15 0)
(0 -0 0)
(0 -1.73472e-15 0)
(0 -0 0)
(0 -3.46945e-15 0)
(0 1.73472e-15 0)
(0 -0 0)
(0 -0 0)
(0 1.73472e-15 0)
(0 -0 0)
(0 1.73472e-15 0)
(0 -0 0)
(0 -0 0)
(0 1.73472e-15 0)
(0 -0 0)
(0 1.73472e-15 0)
(0 -0 0)
(0 -0 0)
(0 1.73472e-15 0)
(0 -0 0)
(0 1.73472e-15 0)
(0 -0 0)
(0 -0 0)
(0 1.73472e-15 0)
(0 -0 0)
(0 1.73472e-15 0)
(0 -0 0)
(0 -0 0)
(0 1.73472e-15 0)
(0 -0 0)
(0 1.73472e-15 0)
(0 -0 0)
(0 -0 0)
(0 1.73472e-15 0)
(0 -0 0)
(0 1.73472e-15 0)
(0 1.73472e-15 0)
(0 -0 0)
(0 1.73472e-15 0)
(0 -0 0)
(0 1.73472e-15 0)
(0 1.73472e-15 0)
(0 -0 0)
(0 1.73472e-15 0)
(0 -0 0)
(0 1.73472e-15 0)
(0 1.73472e-15 0)
(0 -0 0)
(0 1.73472e-15 0)
(0 -0 0)
(0 1.73472e-15 0)
(0 1.73472e-15 0)
(0 -0 0)
(0 1.73472e-15 0)
(0 -0 0)
(0 1.73472e-15 0)
(0 1.73472e-15 0)
(0 -0 0)
(0 1.73472e-15 0)
(0 -0 0)
(0 1.73472e-15 0)
(0 1.73472e-15 0)
(0 -0 0)
(0 1.73472e-15 0)
(0 -0 0)
(0 1.73472e-15 0)
(0 1.73472e-15 0)
(0 -0 0)
(0 1.73472e-15 0)
(0 -0 0)
(0 1.73472e-15 0)
(0 1.73472e-15 0)
(0 -0 0)
(0 1.73472e-15 0)
(0 -0 0)
(0 -0 0)
(0 -0 0)
(0 -0 0)
(0 -0 0)
(0 -0 0)
(0 -0 0)
(0 -0 0)
(0 -0 0)
(0 -0 0)
(0 -0 6.93889e-15)
(0 -0 -6.93889e-15)
(0 -0 0)
(0 -0 0)
(0 -0 0)
(0 -0 0)
(0 -0 0)
(0 -0 0)
(0 -0 0)
(0 -0 0)
(0 -0 0)
(0 -0 0)
(0 -0 0)
(0 -0 0)
(0 -0 0)
(0 -0 0)
(0 -0 0)
(0 -0 0)
(0 -0 0)
(0 -0 0)
(0 -0 0)
(0 -0 0)
(0 -0 0)
(0 -0 0)
(0 -0 0)
(0 -0 0)
(0 -0 0)
(0 -0 0)
(0 -0 0)
(0 -0 0)
(0 -0 0)
(0 -0 0)
(0 -0 0)
(0 -0 0)
(0 -0 0)
(0 -0 0)
(0 -0 0)
(0 -0 0)
(0 -0 0)
(0 -0 0)
(0 -0 0)
(0 -0 0)
(0 1.73472e-15 0)
(0 -0 0)
(0 -0 0)
(0 -0 0)
(0 -0 0)
(0 1.73472e-15 0)
(0 -0 0)
(0 -0 0)
(0 -0 0)
(0 -0 0)
(0 1.73472e-15 0)
(0 -0 0)
(0 1.73472e-15 0)
(0 -0 0)
(0 -0 0)
(0 1.73472e-15 0)
(0 -0 0)
(0 1.73472e-15 0)
(0 -0 0)
(0 -0 0)
(0 1.73472e-15 0)
(0 -0 0)
(0 1.73472e-15 0)
(0 -0 0)
(0 -0 0)
(0 1.73472e-15 0)
(0 -0 0)
(0 1.73472e-15 0)
(0 -0 0)
(0 -0 0)
(0 1.73472e-15 0)
(0 -0 0)
(0 1.73472e-15 0)
(0 -0 0)
(0 -0 0)
(0 1.73472e-15 0)
(0 -0 0)
(0 1.73472e-15 0)
(0 -0 0)
(0 -0 0)
(0 -0 0)
(0 -0 0)
(0 -0 0)
(0 -0 0)
(0 -0 0)
(0 -0 0)
(0 -0 0)
(0 -0 0)
(0 -0 0)
(0 -0 0)
(0 -0 0)
(0 -0 0)
(0 -0 0)
(0 -0 0)
(0 -0 0)
(0 -0 0)
(0 -0 0)
(0 -0 0)
(0 -0 0)
(0 -0 0)
(0 -0 0)
(0 -0 0)
(0 -0 0)
(0 -0 0)
(0 -0 0)
(0 -0 0)
(0 -0 0)
(0 -0 0)
(0 -0 0)
(0 -0 0)
(0 -0 0)
(0 -0 0)
(0 -0 0)
(0 -0 0)
(0 -0 0)
(0 -0 0)
(0 -0 0)
(0 -0 0)
(0 -0 0)
(0 -0 0)
(0 -0 0)
(0 -0 0)
(0 -0 0)
(0 -0 0)
(0 -0 0)
(0 -0 0)
(0 -0 0)
(0 -0 0)
(0 -0 0)
(0 -0 0)
(0 -0 0)
(0 -0 0)
(0 -0 0)
(0 -0 0)
(0 -0 0)
(0 -0 0)
(0 -0 0)
(0 -0 0)
(0 -0 0)
(0 -0 0)
(0 -0 0)
(0 -0 0)
(0 -0 0)
(0 -0 0)
(0 -0 0)
(0 -0 0)
(0 -0 0)
(0 -0 0)
(0 -0 0)
(0 -0 0)
(0 -0 0)
(0 -0 0)
(0 -0 0)
(0 -0 0)
(0 -0 0)
(0 -0 0)
(0 -0 0)
(0 1.73472e-15 0)
(0 -0 0)
(0 -0 0)
(0 1.73472e-15 0)
(0 -0 0)
(0 -0 0)
(0 -0 0)
(0 -0 0)
(0 -0 0)
(0 -0 0)
(0 -0 0)
(0 -0 0)
(0 -0 0)
(0 -0 0)
(0 -0 0)
(0 -0 0)
(0 -0 0)
(0 -0 0)
(0 -0 0)
(0 -0 0)
(0 -0 0)
(0 -0 0)
(0 1.73472e-15 0)
(0 -1.73472e-15 0)
(0 -1.73472e-15 0)
(0 -0 0)
(0 -1.73472e-15 0)
(0 1.73472e-15 0)
(0 -0 0)
(0 -1.73472e-15 0)
(0 -0 0)
(0 -1.73472e-15 0)
(0 1.73472e-15 0)
(0 -0 0)
(0 -1.73472e-15 0)
(0 -0 0)
(0 -1.73472e-15 0)
(0 1.73472e-15 0)
(0 -0 0)
(0 -1.73472e-15 0)
(0 -0 0)
(0 -1.73472e-15 0)
(0 -1.73472e-15 0)
(0 -0 0)
(0 -1.73472e-15 0)
(0 -0 0)
(0 -1.73472e-15 0)
(0 -1.73472e-15 0)
(0 -0 0)
(0 -1.73472e-15 0)
(0 -0 0)
(0 -1.73472e-15 0)
(0 -1.73472e-15 0)
(0 -0 0)
(0 -1.73472e-15 0)
(0 -0 0)
(0 -3.46945e-15 0)
(0 1.73472e-15 0)
(0 -0 0)
(0 -1.73472e-15 0)
(0 -0 0)
(0 -3.46945e-15 0)
(0 1.73472e-15 0)
(0 -0 0)
(0 -1.73472e-15 0)
(0 -0 0)
(0 -3.46945e-15 0)
(0 1.73472e-15 0)
(0 -0 0)
(0 -1.73472e-15 0)
(0 -0 0)
(0 -3.46945e-15 0)
(0 1.73472e-15 0)
(0 -0 0)
(0 -1.73472e-15 0)
(0 -0 0)
(0 -3.46945e-15 0)
(0 1.73472e-15 0)
(0 -0 0)
(0 -1.73472e-15 0)
(0 -0 0)
(0 -3.46945e-15 0)
(0 1.73472e-15 0)
(0 -0 0)
(0 -0 0)
(0 1.73472e-15 0)
(0 -0 0)
(0 1.73472e-15 0)
(0 -0 0)
(0 -0 0)
(0 1.73472e-15 0)
(0 -0 0)
(0 1.73472e-15 0)
(0 -0 0)
(0 -0 0)
(0 1.73472e-15 0)
(0 -0 0)
(0 1.73472e-15 0)
(0 -0 0)
(0 -0 0)
(0 1.73472e-15 0)
(0 -0 0)
(0 1.73472e-15 0)
(0 -0 0)
(0 -0 0)
(0 1.73472e-15 0)
(0 -0 0)
(0 1.73472e-15 0)
(0 -0 0)
(0 -0 0)
(0 1.73472e-15 0)
(0 -0 0)
(0 1.73472e-15 0)
(0 1.73472e-15 0)
(0 -0 0)
(0 1.73472e-15 0)
(0 -0 0)
(0 1.73472e-15 0)
(0 1.73472e-15 0)
(0 -0 0)
(0 1.73472e-15 0)
(0 -0 0)
(0 1.73472e-15 0)
(0 1.73472e-15 0)
(0 -0 0)
(0 1.73472e-15 0)
(0 -0 0)
(0 1.73472e-15 0)
(0 1.73472e-15 0)
(0 -0 0)
(0 1.73472e-15 0)
(0 -0 0)
(0 1.73472e-15 0)
(0 1.73472e-15 0)
(0 -0 0)
(0 1.73472e-15 0)
(0 -0 0)
(0 1.73472e-15 0)
(0 1.73472e-15 0)
(0 -0 0)
(0 1.73472e-15 0)
(0 -0 0)
(0 1.73472e-15 0)
(0 1.73472e-15 0)
(0 -0 0)
(0 1.73472e-15 0)
(0 -0 0)
(0 1.73472e-15 0)
(0 1.73472e-15 0)
(0 -0 0)
(0 1.73472e-15 0)
(0 -0 0)
(0 1.73472e-15 0)
(0 1.73472e-15 0)
(0 -0 0)
(0 1.73472e-15 0)
(0 1.73472e-15 0)
(0 1.73472e-15 0)
(0 -0 0)
(0 -0 0)
(0 -0 0)
(0 -0 0)
(0 -0 0)
(0 -0 0)
(0 -0 0)
(0 -0 0)
(0 -0 0)
(0 1.73472e-15 0)
(0 1.73472e-15 0)
(0 -0 0)
(0 1.73472e-15 0)
(0 1.73472e-15 0)
(0 -0 0)
(0 -0 0)
(0 -0 0)
(0 -0 0)
(0 -0 0)
(0 -1.73472e-15 0)
(0 -0 0)
(0 -0 0)
(0 -0 0)
(0 -0 0)
(0 -1.73472e-15 0)
(0 -1.73472e-15 0)
(0 -0 0)
(0 -1.73472e-15 0)
(0 -1.73472e-15 0)
(0 -1.73472e-15 0)
(0 -1.73472e-15 0)
(0 -0 0)
(0 -1.73472e-15 0)
(0 -1.73472e-15 0)
(0 -1.73472e-15 0)
(0 -1.73472e-15 0)
(0 -0 0)
(0 -1.73472e-15 0)
(0 -1.73472e-15 0)
(0 -1.73472e-15 0)
(0 -1.73472e-15 0)
(0 -0 0)
(0 -1.73472e-15 0)
(0 -1.73472e-15 0)
(0 -0 0)
(0 3.46945e-15 0)
(0 -0 0)
(0 1.73472e-15 0)
(0 -0 0)
(0 -0 0)
(0 3.46945e-15 0)
(0 -0 0)
(0 1.73472e-15 0)
(0 -0 0)
(0 -0 0)
(0 3.46945e-15 0)
(0 -0 0)
(0 3.46945e-15 0)
(0 -0 0)
(0 1.73472e-15 0)
(0 3.46945e-15 0)
(0 -0 0)
(0 3.46945e-15 0)
(0 -0 0)
(0 1.73472e-15 0)
(0 3.46945e-15 0)
(0 -0 0)
(0 3.46945e-15 0)
(0 -0 0)
(0 1.73472e-15 0)
(0 3.46945e-15 0)
(0 -0 0)
(0 3.46945e-15 0)
(0 -0 0)
(0 1.73472e-15 0)
(0 3.46945e-15 0)
(0 -0 0)
(0 3.46945e-15 0)
(0 -0 0)
(0 1.73472e-15 0)
(0 3.46945e-15 0)
(0 -0 0)
(0 3.46945e-15 0)
(0 -0 0)
(0 1.73472e-15 0)
(0 -0 0)
(0 -0 0)
(0 -0 0)
(0 -0 0)
(0 1.73472e-15 0)
(0 -0 0)
(0 -0 0)
(0 -0 0)
(0 -0 0)
(0 1.73472e-15 0)
(0 -0 0)
(0 -0 0)
(0 -0 0)
(0 -0 0)
(0 1.73472e-15 0)
(0 -0 0)
(0 -0 0)
(0 -0 0)
(0 -0 0)
(0 1.73472e-15 0)
(0 -0 0)
(0 -0 0)
(0 -0 0)
(0 -0 0)
(0 1.73472e-15 0)
(0 -0 0)
(0 -0 0)
(0 -0 0)
(0 -0 0)
(0 1.73472e-15 0)
(0 -0 0)
(0 -0 0)
(0 -0 0)
(0 -0 0)
(0 1.73472e-15 0)
(0 -0 0)
(0 -0 0)
(0 -0 0)
(0 -0 0)
(0 1.73472e-15 0)
(0 -0 0)
(0 -0 0)
(0 -0 0)
(0 -0 0)
(0 1.73472e-15 0)
(0 -0 0)
(0 -0 0)
(0 -0 0)
(0 -0 0)
(0 1.73472e-15 0)
(0 -0 0)
(0 -0 0)
(0 -0 0)
(0 -0 0)
(0 1.73472e-15 0)
(0 -0 0)
(0 -0 0)
(0 -0 0)
(0 -0 0)
(0 1.73472e-15 0)
(0 -0 0)
(0 -0 0)
(0 -0 0)
(0 -0 0)
(0 1.73472e-15 0)
(0 -0 0)
(0 -0 0)
(0 -0 0)
(0 -0 0)
(0 7.10756e-15 2.84302e-14)
(0 0.0218464 76.4163)
(0 -0 -2.6325e-14)
(0 -0 0)
(0 -0.0218464 76.4163)
(0 -0 -2.6325e-14)
(0 0.0218464 76.4163)
(0 -0 -2.84302e-14)
(0 1.31625e-14 -2.6325e-14)
(0 -0.0218464 76.4163)
(0 5.80654e-15 0)
(0 3.38757e-15 3.38757e-15)
(0 -8.42435 139.752)
(0 -0 5.56481e-15)
(0 -0 0)
(0 -3.38757e-15 -6.77514e-15)
(0 8.42435 139.752)
(0 0.0079116 201.184)
(0 -0.0079116 201.184)
(0 0.0079116 201.184)
(0 -6.98327e-15 -5.51024e-15)
(0 -8.42435 139.752)
(0 -0 -3.38758e-15)
(0 -5.80654e-15 0)
(0 3.49164e-15 5.56479e-15)
(0 8.42435 139.752)
(0 -3.38758e-15 2.03255e-14)
(0 -6.92051e-15 5.40665e-15)
(0 -0 0)
(0 -0 -2.16266e-16)
(0 -6.73701e-15 0)
(0 6.92053e-15 -2.78984e-14)
(0 -6.737e-15 0)
(0 -1.3841e-14 5.40665e-15)
(0 -0 2.69479e-14)
(0 -0 0)
(0 -0 0)
(0 6.92053e-15 2.76821e-14)
(0 6.73701e-15 -5.89488e-15)
(0 -0 2.76821e-14)
(0 -6.73698e-15 2.10531e-14)
(0 -8.42435 -139.752)
(0 -3.49164e-15 -2.29139e-15)
(0 -0 9.27685e-15)
(0 -3.38756e-15 -1.01627e-14)
(0 8.42435 -139.752)
(0 3.49164e-15 1.68035e-14)
(0 -5.80654e-15 9.27685e-15)
(0 -0.0079116 -201.184)
(0 0.0079116 -201.184)
(0 -0.0079116 -201.184)
(0 0.0079116 -201.184)
(0 3.38756e-15 1.35502e-14)
(0 5.80654e-15 9.27685e-15)
(0 -6.98329e-15 -1.12387e-14)
(0 8.42435 -139.752)
(0 -3.38755e-15 -6.77511e-15)
(0 -0 -9.32217e-15)
(0 3.49165e-15 1.11296e-14)
(0 -0 2.09777e-14)
(0 -0 -2.84303e-14)
(0 -0.0218464 -76.4163)
(0 1.31625e-14 2.1389e-14)
(0 -0 0)
(0 0.0218464 -76.4163)
(0 -0 0)
(0 -1.31625e-14 2.1389e-14)
(0 -0.0218464 -76.4163)
(0 -1.42152e-14 0)
(0 -0 2.09777e-14)
(0 -0 1.50257e-14)
(0 -0 -7.87876e-15)
(0 3.39916e-15 -1.01975e-14)
(0 3.39717e-15 -5.46732e-15)
(0 -0 -4.38546e-15)
(0 -3.31737e-15 8.7081e-15)
(0 3.39916e-15 3.39916e-15)
(0 -0 -8.51992e-16)
(0 -3.39916e-15 0)
(0 3.31737e-15 8.70809e-15)
(0 -0 0)
(0 3.39717e-15 -5.41425e-15)
(0 -0 1.01975e-14)
(0 -3.31737e-15 -1.11961e-14)
(0 -1.00566e-14 0)
(0 -0 -4.59952e-15)
(0 -0 6.01285e-15)
(0 -0 1.09628e-14)
(0 6.70437e-15 2.68175e-14)
(0 3.46317e-15 5.46531e-15)
(0 7.40043e-15 6.01285e-15)
(0 0.0040794 122.252)
(0 -7.06966e-15 1.03903e-14)
(0 -0 1.06653e-14)
(0 0.00433374 168.391)
(0 2.31191e-15 1.1023e-14)
(0 0.00393977 171.123)
(0 0.067567 119.938)
(0 3.42252e-15 0)
(0 -7.40043e-15 6.01285e-15)
(0 -3.46316e-15 6.16876e-15)
(0 3.35218e-15 0)
(0 -0 2.72732e-15)
(0 -0 6.01285e-15)
(0 3.46316e-15 -1.66665e-14)
(0 0.0045536 205.14)
(0 -7.22085e-15 -3.86481e-15)
(0 2.73732e-15 0)
(0 1.41241e-14 5.64963e-14)
(0 -0.0104455 50.963)
(0 -7.35495e-15 2.80763e-14)
(0 3.77164e-05 51.9617)
(0 7.22506e-15 0)
(0 0.00153897 19.6605)
(0 0.00936619 22.4688)
(0 0.000912421 22.7829)
(0 0.00577114 19.4821)
(0 0.000815989 -13.3265)
(0 -0.000161802 -4.73309)
(0 8.27551e-05 -4.79207)
(0 0.00256087 -13.1913)
(0 7.11444e-15 4.23904e-15)
(0 -0.0242135 -128.324)
(0 5.51694e-15 0)
(0 -3.00536 -41.0746)
(0 -1.10426e-14 2.99011e-14)
(0 -0.00933045 -56.6631)
(0 -1.40835e-14 -2.8167e-14)
(0 -7.40043e-15 0)
(0 -3.42252e-15 -4.59901e-15)
(0 -3.35219e-15 0)
(0 3.46316e-15 -1.10388e-14)
(0 -0 0)
(0 3.42252e-15 0)
(0 3.35219e-15 0)
(0 0.00987649 -220.736)
(0 0.00305312 -77.4961)
(0 -5.6278e-15 1.35419e-14)
(0 2.66688e-15 -2.23088e-14)
(0 0.00238813 -217.54)
(0 -3.46316e-15 7.5486e-15)
(0 -3.35219e-15 5.76157e-15)
(0 -0 0)
(0 -0 0)
(0 6.92632e-15 -5.51941e-15)
(0 3.35219e-15 0)
(0 -3.42252e-15 -1.36901e-14)
(0 3.39916e-15 1.69958e-14)
(0 -3.39717e-15 -1.49157e-14)
(0 -0 -7.70585e-15)
(0 -3.31737e-15 -2.07336e-15)
(0 -3.39916e-15 -1.35967e-14)
(0 3.39717e-15 1.35887e-14)
(0 -0 3.32137e-15)
(0 3.31736e-15 -1.65868e-14)
(0 -0 -9.70892e-16)
(0 -3.39717e-15 2.35148e-14)
(0 3.39916e-15 0)
(0 -0 -5.39072e-15)
(0 3.41487e-15 -8.21703e-15)
(0 3.39717e-15 -1.35356e-14)
(0 0.00407938 122.251)
(0 -7.06953e-15 2.90931e-14)
(0 -0 1.02385e-14)
(0 0.00433372 168.39)
(0 -2.84513e-15 -1.48384e-14)
(0 0.00393975 171.122)
(0 0.0675665 119.937)
(0 0.00987649 220.736)
(0 0.00305312 77.4961)
(0 -5.6278e-15 -1.35419e-14)
(0 5.8649e-16 -2.3017e-14)
(0 0.00238813 217.54)
(0 -0.0040794 122.252)
(0 -3.02582e-17 2.44668e-14)
(0 -0 -1.62109e-14)
(0 -0.00433374 168.391)
(0 -1.90447e-15 1.61102e-14)
(0 -0.00393977 171.123)
(0 -0.067567 119.938)
(0 -0.00987649 220.736)
(0 -0.00305312 77.4961)
(0 5.6278e-15 -1.35419e-14)
(0 -5.53292e-16 2.26629e-14)
(0 -0.00238813 217.54)
(0 0.00987649 220.736)
(0 0.00305312 77.4961)
(0 -5.6278e-15 -1.35419e-14)
(0 -2.99885e-15 0)
(0 0.00238813 217.54)
(0 -0.0040794 122.252)
(0 6.07545e-16 -2.82784e-14)
(0 -6.82565e-15 1.10917e-14)
(0 -0.00433374 168.391)
(0 -2.43113e-15 -1.65343e-14)
(0 -0.00393977 171.123)
(0 -0.067567 119.938)
(0 -0.00987649 220.736)
(0 -0.00305312 77.4961)
(0 5.6278e-15 -1.35419e-14)
(0 8.4986e-15 4.49717e-14)
(0 -0.00238813 217.54)
(0 -7.22085e-15 -1.22493e-14)
(0 -3.07948e-15 0)
(0 7.06203e-15 2.82481e-14)
(0 -0.0104455 50.963)
(0 -4.31837e-16 0)
(0 3.77164e-05 51.9617)
(0 7.22506e-15 0)
(0 7.11446e-15 -8.85736e-15)
(0 -0.0242137 128.325)
(0 -3.00536 41.0746)
(0 5.51696e-15 0)
(0 -0.00933048 56.6633)
(0 -2.53957e-15 0)
(0 -0 2.81668e-14)
(0 6.74131e-15 2.88833e-14)
(0 3.26197e-15 0)
(0 -7.06203e-15 5.64963e-14)
(0 0.0104455 50.9628)
(0 -6.6832e-15 0)
(0 -3.77163e-05 51.9615)
(0 -0 0)
(0 -0 2.84579e-14)
(0 0.0242137 128.325)
(0 3.00538 41.0748)
(0 -0 0)
(0 0.00933053 56.6636)
(0 3.22434e-15 -2.20851e-14)
(0 -0 2.8167e-14)
(0 -0.0045536 205.14)
(0 0.0045536 205.14)
(0 -0.0045536 205.14)
(0 -0 1.57775e-14)
(0 -0.0242137 128.325)
(0 -3.00536 41.0746)
(0 -0 0)
(0 -0.00933048 56.6633)
(0 -5.52128e-15 -9.14264e-16)
(0 7.04171e-15 2.81668e-14)
(0 -5.07714e-16 2.88833e-14)
(0 -2.23548e-15 0)
(0 -0 2.82481e-14)
(0 0.0104455 50.9628)
(0 4.31837e-16 -2.80763e-14)
(0 -3.77163e-05 51.9615)
(0 7.22503e-15 0)
(0 -0 5.69159e-14)
(0 0.0242137 128.325)
(0 3.00538 41.0748)
(0 -5.51696e-15 0)
(0 0.00933053 56.6636)
(0 8.06085e-15 -4.41702e-14)
(0 -0 2.8167e-14)
(0 0.00153897 19.6605)
(0 0.00936617 22.4688)
(0 0.000912421 22.7829)
(0 0.00577114 19.4821)
(0 0.000815994 13.3266)
(0 -0.000161802 4.7331)
(0 8.27553e-05 4.79207)
(0 0.00256088 13.1914)
(0 -0.00153897 19.6605)
(0 -0.00936617 22.4688)
(0 -0.000912421 22.7829)
(0 -0.00577114 19.4821)
(0 -0.000815994 13.3266)
(0 0.000161802 4.7331)
(0 -8.27553e-05 4.79207)
(0 -0.00256088 13.1914)
(0 0.000815994 13.3266)
(0 -0.000161802 4.73311)
(0 8.27553e-05 4.79207)
(0 0.00256089 13.1914)
(0 -0.00153897 19.6605)
(0 -0.00936617 22.4688)
(0 -0.000912421 22.7829)
(0 -0.00577114 19.4821)
(0 -0.000815994 13.3266)
(0 0.000161802 4.7331)
(0 -8.27553e-05 4.79207)
(0 -0.00256088 13.1914)
(0 0.000815988 -13.3265)
(0 -0.000161802 -4.73309)
(0 8.27551e-05 -4.79206)
(0 0.00256087 -13.1913)
(0 0.00153896 -19.6604)
(0 0.00936617 -22.4688)
(0 0.000912418 -22.7828)
(0 0.00577113 -19.4821)
(0 -0.000815988 -13.3265)
(0 0.000161802 -4.73309)
(0 -8.27551e-05 -4.79206)
(0 -0.00256087 -13.1913)
(0 -0.00153896 -19.6604)
(0 -0.00936617 -22.4688)
(0 -0.000912418 -22.7828)
(0 -0.00577113 -19.4821)
(0 0.00153896 -19.6604)
(0 0.00936617 -22.4688)
(0 0.000912418 -22.7828)
(0 0.00577113 -19.4821)
(0 -0.000815991 -13.3265)
(0 0.000161802 -4.7331)
(0 -8.27554e-05 -4.79208)
(0 -0.00256088 -13.1914)
(0 -0.00153896 -19.6604)
(0 -0.00936617 -22.4688)
(0 -0.000912418 -22.7828)
(0 -0.00577113 -19.4821)
(0 7.11447e-15 9.99694e-15)
(0 -0.0242135 -128.324)
(0 5.51694e-15 -2.20678e-14)
(0 -3.00536 -41.0746)
(0 -0 1.50682e-14)
(0 -0.00933045 -56.6631)
(0 -7.04174e-15 -2.8167e-14)
(0 -0 -2.37144e-14)
(0 3.5357e-15 -2.33584e-14)
(0 -0.0104455 -50.963)
(0 7.06203e-15 -5.64963e-14)
(0 3.77164e-05 -51.9617)
(0 -3.35873e-16 0)
(0 -0 0)
(0 4.72447e-16 -2.8458e-14)
(0 0.0242135 -128.324)
(0 -5.51694e-15 0)
(0 3.00538 -41.0748)
(0 -0 -9.3603e-15)
(0 0.0093305 -56.6634)
(0 7.04177e-15 -2.81671e-14)
(0 -7.22081e-15 0)
(0 -2.66888e-15 -2.33584e-14)
(0 0.0104455 -50.9628)
(0 -7.06203e-15 0)
(0 -3.77163e-05 -51.9615)
(0 7.45089e-15 -2.80762e-14)
(0 7.22503e-15 -2.89001e-14)
(0 0.0045536 -205.14)
(0 -0.0045536 -205.14)
(0 0.00455358 -205.139)
(0 -0.00455358 -205.139)
(0 7.22087e-15 2.98727e-15)
(0 -1.82488e-16 -2.33585e-14)
(0 -0.0104455 -50.963)
(0 -0 -2.82481e-14)
(0 3.77164e-05 -51.9617)
(0 6.58722e-15 -2.80762e-14)
(0 -0 0)
(0 -1.63966e-15 0)
(0 0.0242135 -128.324)
(0 -5.51694e-15 -2.20678e-14)
(0 3.00538 -41.0748)
(0 5.52128e-15 -2.04029e-14)
(0 0.0093305 -56.6634)
(0 7.04177e-15 -2.81671e-14)
(0 -7.22084e-15 0)
(0 2.64607e-15 -2.33584e-14)
(0 0.0104455 -50.9628)
(0 -7.06201e-15 0)
(0 -3.77163e-05 -51.9615)
(0 1.30921e-15 0)
(0 -0 0)
(0 0.00407938 -122.251)
(0 5.58824e-15 -2.05352e-14)
(0 0.00433372 -168.39)
(0 -0 1.6211e-14)
(0 0.00393975 -171.122)
(0 -2.82194e-15 3.81558e-15)
(0 0.0675665 -119.937)
(0 -0.00987649 -220.736)
(0 -0.00305312 -77.4961)
(0 5.6278e-15 1.35419e-14)
(0 8.4986e-15 -2.3017e-14)
(0 -0.00238813 -217.54)
(0 -0.0040794 -122.252)
(0 -9.01976e-16 -2.08852e-14)
(0 -0.00433374 -168.391)
(0 -6.82565e-15 -3.83943e-14)
(0 -0.00393977 -171.123)
(0 -1.90778e-15 -1.65341e-14)
(0 -0.067567 -119.938)
(0 0.00987649 -220.736)
(0 0.00305311 -77.4959)
(0 -5.6278e-15 2.25112e-14)
(0 -2.83287e-15 0)
(0 0.00238813 -217.54)
(0 0.0040794 -122.252)
(0 -0 1.66646e-14)
(0 0.00433374 -168.391)
(0 -0 -1.06652e-14)
(0 0.00393977 -171.123)
(0 2.92796e-15 -3.81563e-15)
(0 0.067567 -119.938)
(0 -0.00987649 -220.736)
(0 -0.00305311 -77.4959)
(0 5.6278e-15 1.35419e-14)
(0 -2.66688e-15 -3.54108e-16)
(0 -0.00238813 -217.54)
(0 -0.00407939 -122.252)
(0 2.7633e-15 5.41269e-15)
(0 -0.00433372 -168.39)
(0 -0 1.6211e-14)
(0 -0.00393975 -171.122)
(0 3.76262e-15 1.52625e-14)
(0 -0.0675667 -119.937)
(0 -0 2.09094e-14)
(0 1.31107e-14 8.12644e-16)
(0 6.58898e-15 2.63559e-14)
(0 6.62974e-15 -9.94461e-15)
(0 -0 1.41186e-15)
(0 -0 -4.61112e-15)
(0 -0 -1.35419e-14)
(0 -0 0)
(0 -0 7.56662e-15)
(0 3.41546e-15 0)
(0 3.45388e-15 0)
(0 -3.45266e-15 0)
(0 -3.44455e-15 1.37782e-14)
(0 -0 -1.36619e-14)
(0 3.45388e-15 0)
(0 -6.83091e-15 4.97367e-16)
(0 3.44455e-15 1.37782e-14)
(0 -0 0)
(0 -3.45388e-15 1.38155e-14)
(0 -0 -1.36618e-14)
(0 -0 1.37782e-14)
(0 3.40807e-15 1.3579e-15)
(0 -0 4.24041e-15)
(0 -0 -1.34375e-17)
(0 3.44433e-15 -1.37773e-14)
(0 6.81617e-15 2.71582e-15)
(0 -3.45259e-15 0)
(0 3.44e-15 1.09784e-14)
(0 -6.80382e-15 -8.53845e-15)
(0 -0 -1.4674e-15)
(0 -0 0)
(0 6.83075e-15 0)
(0 -0 -9.47885e-15)
(0 -0 1.98347e-14)
(0 6.83773e-15 0)
(0 -0 -1.50129e-14)
(0 -3.43999e-15 -1.31015e-14)
(0 -0 0)
(0 -3.40806e-15 -2.63592e-15)
(0 3.44433e-15 -1.37773e-14)
(0 -0 1.08844e-14)
(0 -3.45259e-15 1.38104e-14)
(0 -0 2.35155e-15)
(0 -3.44432e-15 1.51011e-14)
(0 -3.40811e-15 -5.41837e-15)
(0 -3.45258e-15 0)
(0 3.43998e-15 -5.46904e-15)
(0 -0 1.37773e-14)
(0 3.40811e-15 -2.18332e-14)
(0 -0 -1.79317e-14)
(0 -1.38048e-14 -1.19886e-15)
(0 6.97149e-15 0)
(0 -0 -2.75476e-14)
(0 -0 5.03259e-15)
(0 -0 4.15396e-14)
(0 -0 0)
(0 3.45258e-15 2.53626e-15)
(0 -0 -2.71583e-15)
(0 -3.44434e-15 1.37774e-14)
(0 3.43998e-15 -1.65011e-14)
(0 -3.45258e-15 -1.38103e-14)
(0 3.40812e-15 -1.36325e-14)
(0 -0 1.37774e-14)
(0 -0 4.08569e-15)
(0 -0 -1.32344e-14)
(0 3.45266e-15 0)
(0 -0 -1.37783e-14)
(0 -0 1.36619e-14)
(0 -0 -1.38155e-14)
(0 -0 1.38106e-14)
(0 -0 -1.27193e-14)
(0 -0 -6.05505e-16)
(0 3.45388e-15 -1.38155e-14)
(0 -0 1.36619e-14)
(0 -3.44455e-15 -1.37782e-14)
(0 -3.45266e-15 -1.38106e-14)
(0 -3.45388e-15 0)
(0 -0 9.57547e-15)
(0 -7.11159e-15 -2.84464e-14)
(0 6.89587e-15 1.09903e-14)
(0 -7.08289e-15 2.08252e-14)
(0 -0 3.36475e-16)
(0 -0 9.29258e-15)
(0 -0 0)
(0 1.09025e-14 -3.66788e-15)
(0 -2.72714e-15 -2.62215e-14)
(0 -6.58897e-15 2.63559e-14)
(0 -6.62974e-15 -1.07733e-14)
(0 -0 3.68018e-14)
(0 -0 2.63026e-14)
(0 -1.08335e-14 8.80221e-15)
(0 -5.45124e-15 -1.41205e-14)
(0 6.55537e-15 -8.55582e-15)
(0 -6.58901e-15 2.6356e-14)
(0 6.62974e-15 -1.07733e-14)
(0 6.54258e-15 6.59743e-15)
(0 -0 2.7213e-14)
(0 1.08335e-14 8.80221e-15)
(0 5.45124e-15 1.7457e-14)
(0 -9.2569e-15 2.62215e-14)
(0 -0 2.63559e-14)
(0 -6.62974e-15 -9.94461e-15)
(0 -0 9.81383e-15)
(0 -0 -2.63025e-14)
(0 -5.41675e-15 8.12512e-15)
(0 -0 1.20741e-14)
(0 6.90238e-15 -1.74721e-15)
(0 -1.37743e-14 0)
(0 6.97145e-15 2.78858e-14)
(0 1.37421e-14 -8.12059e-15)
(0 -0 1.25027e-15)
(0 -0 -2.77796e-14)
(0 5.19589e-15 -2.72153e-14)
(0 1.28852e-15 -2.68932e-14)
(0 6.72013e-15 0)
(0 -6.83077e-15 0)
(0 -1.33696e-14 1.62941e-14)
(0 3.54075e-15 0)
(0 -0 -2.73509e-14)
(0 -6.90967e-15 5.52774e-14)
(0 -6.77048e-16 0)
(0 -0 5.16531e-15)
(0 6.97143e-15 2.78857e-14)
(0 -6.87103e-15 0)
(0 -2.02563e-15 0)
(0 6.94489e-15 0)
(0 -0 2.71597e-14)
(0 -0 6.9389e-15)
(0 -6.72014e-15 0)
(0 -0 -2.73231e-14)
(0 -0 -3.57784e-14)
(0 -0 -2.34435e-14)
(0 6.83771e-15 0)
(0 6.90974e-15 1.77463e-15)
(0 8.50053e-16 0)
(0 -6.88718e-15 0)
(0 -0 0)
(0 -0 4.11646e-15)
(0 -5.22431e-15 2.77265e-14)
(0 -0 2.77797e-14)
(0 2.40528e-15 -2.72155e-14)
(0 3.47983e-15 0)
(0 -0 0)
(0 -6.83078e-15 0)
(0 -0 1.75475e-14)
(0 5.99003e-16 -2.72613e-14)
(0 -6.83773e-15 0)
(0 -0 2.76388e-14)
(0 4.45347e-16 2.76095e-14)
(0 6.88713e-15 0)
(0 -0 2.78858e-14)
(0 -0 0)
(0 3.46679e-15 0)
(0 -0 -2.77796e-14)
(0 6.80379e-15 -1.16735e-14)
(0 6.72331e-15 2.1653e-14)
(0 6.83087e-15 -1.64368e-14)
(0 -6.72007e-15 2.68803e-14)
(0 -0 -3.33632e-14)
(0 -0 3.22283e-14)
(0 -0 0)
(0 2.68556e-15 2.76383e-14)
(0 8.14685e-15 0)
(0 -0 -2.78858e-14)
(0 -6.88705e-15 -2.75482e-14)
(0 -6.93162e-15 -2.79431e-14)
(0 1.69758e-15 -2.74834e-14)
(0 6.94488e-15 2.77795e-14)
(0 -6.8038e-15 0)
(0 8.99506e-16 1.0085e-14)
(0 6.83076e-15 2.18798e-14)
(0 6.72012e-15 0)
(0 6.81532e-15 0)
(0 -6.68473e-15 -1.00271e-14)
(0 -6.83766e-15 0)
(0 -0 -2.38863e-14)
(0 -6.90238e-15 -3.04897e-15)
(0 -0 -2.78859e-14)
(0 6.88711e-15 0)
(0 -6.93168e-15 1.22857e-15)
(0 -1.37417e-14 1.96703e-14)
(0 -0 0)
(0 -0 9.09919e-15)
(0 -0 -4.29595e-15)
(0 -6.83081e-15 -5.33657e-15)
(0 -0 0)
(0 -6.81536e-15 -1.54542e-14)
(0 -0 6.35487e-16)
(0 -6.83771e-15 0)
(0 1.41024e-15 2.7638e-14)
(0 5.18691e-15 0)
(0 -6.97147e-15 -2.78859e-14)
(0 -0 -2.75476e-14)
(0 -0 -2.27446e-14)
(0 4.80079e-15 -2.74829e-14)
(0 -0 0)
(0 -0 -2.72152e-14)
(0 8.07584e-15 -1.59678e-14)
(0 -0 -1.64367e-14)
(0 1.34402e-14 0)
(0 -0 0)
(0 -0 -1.08627e-14)
(0 -0 0)
(0 -0 -6.54558e-15)
(0 6.55537e-15 -1.55782e-14)
(0 6.62974e-15 1.07733e-14)
(0 1.3178e-14 -2.63559e-14)
(0 -0 1.26801e-14)
(0 -0 -7.33507e-15)
(0 -0 2.1667e-14)
(0 5.45124e-15 -9.96156e-15)
(0 -9.2569e-15 -1.5569e-14)
(0 -6.62974e-15 9.94461e-15)
(0 -0 -2.63559e-14)
(0 -0 2.63025e-14)
(0 -0 -3.68018e-14)
(0 -5.41675e-15 0)
(0 -0 -1.08853e-14)
(0 1.31107e-14 -2.97347e-15)
(0 6.62974e-15 9.94461e-15)
(0 -6.58898e-15 -2.63559e-14)
(0 -6.57563e-15 1.46245e-14)
(0 -0 -8.87221e-15)
(0 5.41675e-15 0)
(0 1.09025e-14 1.18447e-14)
(0 -2.73034e-15 -4.0971e-14)
(0 -6.62974e-15 1.07733e-14)
(0 -6.58897e-15 -2.63559e-14)
(0 -0 0)
(0 -0 1.47207e-14)
(0 -1.08335e-14 0)
(0 7.3561e-15 -3.24922e-14)
(0 6.89587e-15 -1.09903e-14)
(0 -7.11159e-15 2.84464e-14)
(0 -0 4.07238e-14)
(0 -7.08286e-15 3.65591e-14)
(0 -0 -2.29888e-14)
(0 -0 0)
(0 -1.67524e-14 -2.362e-14)
(0 -6.89587e-15 1.65932e-14)
(0 -0 0)
(0 -8.366e-15 -1.09227e-14)
(0 4.81413e-15 0)
(0 -0 0)
(0 -0 -2.75438e-14)
(0 1.47122e-14 7.43832e-15)
(0 6.89587e-15 1.65932e-14)
(0 -0 0)
(0 -0 -1.25831e-14)
(0 -7.08289e-15 1.6342e-14)
(0 -6.86856e-15 5.41004e-15)
(0 6.88597e-15 -2.75439e-14)
(0 -9.32443e-15 -2.37924e-14)
(0 -6.89587e-15 -1.09903e-14)
(0 7.11159e-15 2.84464e-14)
(0 4.21649e-16 1.10298e-14)
(0 6.84772e-15 0)
(0 -0 2.74742e-14)
(0 -0 0)
(0 1.47122e-14 3.27884e-14)
(0 -0 0)
(0 6.89587e-15 -1.65932e-14)
(0 -7.08289e-15 -1.27947e-14)
(0 -0 -1.82964e-14)
(0 -0 -9.82012e-15)
(0 -0 2.75438e-14)
(0 -9.31007e-15 2.94244e-14)
(0 7.11159e-15 -2.84464e-14)
(0 -6.89587e-15 1.09903e-14)
(0 6.84772e-15 0)
(0 4.21649e-16 -1.1244e-14)
(0 -0 -1.62054e-14)
(0 -0 0)
(0 6.37916e-15 5.88492e-14)
(0 -0 -2.84465e-14)
(0 -0 -1.09903e-14)
(0 6.84773e-15 0)
(0 4.35035e-16 1.6277e-14)
(0 -0 -1.63128e-14)
(0 6.88596e-15 2.1949e-14)
(0 3.4113e-15 -3.15818e-16)
(0 -0 1.53053e-14)
(0 -3.36494e-15 2.25989e-15)
(0 3.43321e-15 -1.37328e-14)
(0 -0 0)
(0 -0 0)
(0 -0 0)
(0 -0 -1.11437e-14)
(0 3.36495e-15 -1.59236e-15)
(0 -0 2.91301e-15)
(0 -3.4113e-15 0)
(0 3.43321e-15 -1.37328e-14)
(0 3.36495e-15 -5.41546e-15)
(0 -0 5.50431e-15)
(0 -3.44696e-15 -1.28813e-14)
(0 3.45876e-15 -1.33151e-14)
(0 -0 -1.19495e-14)
(0 -0 2.76635e-14)
(0 -0 -1.37878e-14)
(0 -3.45876e-15 -1.3835e-14)
(0 -0 1.38161e-14)
(0 -0 1.30224e-14)
(0 -3.454e-15 7.47984e-15)
(0 -0 -1.28725e-14)
(0 -3.44696e-15 0)
(0 -0 0)
(0 3.454e-15 0)
(0 -3.45875e-15 -1.3835e-14)
(0 -0 -1.59246e-15)
(0 -0 -6.84155e-15)
(0 -0 3.1478e-15)
(0 -0 2.767e-14)
(0 -0 0)
(0 -0 -1.93701e-14)
(0 -3.44696e-15 -8.26731e-15)
(0 3.45875e-15 2.70763e-14)
(0 -0 7.3543e-15)
(0 3.45799e-15 -1.96606e-14)
(0 -0 0)
(0 -0 0)
(0 -3.44696e-15 5.52052e-15)
(0 -3.45799e-15 -5.53818e-15)
(0 3.36495e-15 1.05677e-14)
(0 -0 8.72184e-15)
(0 -0 5.69765e-15)
(0 -0 1.36806e-14)
(0 3.36495e-15 -1.34598e-14)
(0 3.43321e-15 8.26116e-15)
(0 -3.4113e-15 5.43677e-15)
(0 -0 -3.45193e-15)
(0 -0 -3.05417e-17)
(0 -0 9.28024e-15)
(0 -0 -1.34598e-14)
(0 -0 0)
(0 3.4113e-15 5.43677e-15)
(0 3.43321e-15 8.26116e-15)
)
;

boundaryField
{
    inlet
    {
        type            calculated;
        value           nonuniform List<vector> 
40
(
(0 -1.73472e-15 0)
(0 -0 0)
(0 -0 0)
(0 -0 0)
(0 1.73472e-15 0)
(0 -1.73472e-15 0)
(0 -0 0)
(0 -0 0)
(0 -0 0)
(0 -0 0)
(0 -0 0)
(0 1.73472e-15 0)
(0 -0 0)
(0 1.73472e-15 0)
(0 1.73472e-15 0)
(0 -0 0)
(0 -0 0)
(0 -0 0)
(0 -0 0)
(0 -0 0)
(0 -0 0)
(0 -0 0)
(0 -0 0)
(0 -0 0)
(0 -0 0)
(0 -0 0)
(0 1.73472e-15 0)
(0 -0 0)
(0 1.73472e-15 0)
(0 1.73472e-15 0)
(0 -0 0)
(0 -0 0)
(0 -0 0)
(0 -0 0)
(0 1.73472e-15 0)
(0 -1.73472e-15 0)
(0 -0 0)
(0 -0 0)
(0 -0 0)
(0 1.73472e-15 0)
)
;
    }
    outlet
    {
        type            calculated;
        value           nonuniform List<vector> 
40
(
(0 -1.73472e-15 0)
(0 -0 0)
(0 -0 0)
(0 -0 0)
(0 -0 0)
(0 -1.73472e-15 0)
(0 -0 0)
(0 -0 0)
(0 -1.73472e-15 0)
(0 -0 0)
(0 -0 0)
(0 -0 0)
(0 -0 0)
(0 -0 0)
(0 -0 0)
(0 1.73472e-15 0)
(0 -1.73472e-15 0)
(0 -0 0)
(0 -0 0)
(0 -0 0)
(0 -0 0)
(0 -0 0)
(0 -0 0)
(0 -1.73472e-15 0)
(0 -1.73472e-15 0)
(0 -0 0)
(0 -0 0)
(0 -0 0)
(0 -0 0)
(0 -0 0)
(0 -0 0)
(0 -0 0)
(0 -0 0)
(0 -0 0)
(0 -0 0)
(0 -1.73472e-15 0)
(0 -0 0)
(0 -0 0)
(0 -0 0)
(0 -0 0)
)
;
    }
    top
    {
        type            symmetryPlane;
    }
    bottom
    {
        type            symmetryPlane;
    }
    front
    {
        type            symmetryPlane;
    }
    back
    {
        type            symmetryPlane;
    }
    cylinder
    {
        type            calculated;
        value           nonuniform List<vector> 
192
(
(0 -0.0118655 301.727)
(0 -12.6313 -209.541)
(0 0.0514572 -179.992)
(0 0.0514572 179.992)
(0 -0.0514572 179.992)
(0 0.0514572 179.992)
(0 -0.0514572 179.992)
(0 -12.6313 209.541)
(0 12.6313 209.541)
(0 0.0118655 301.727)
(0 -0.0118655 301.727)
(0 0.0118655 301.727)
(0 12.6313 209.541)
(0 12.6313 -209.541)
(0 -0.0118655 -301.727)
(0 0.0118655 -301.727)
(0 -0.0118655 -301.727)
(0 0.0118655 -301.727)
(0 -0.0514572 -179.992)
(0 0.0514572 -179.992)
(0 -0.0514572 -179.992)
(0 0.00853255 255.705)
(0 0.00882466 342.89)
(0 0.00801701 348.216)
(0 0.14203 252.116)
(0 0.00683075 307.726)
(0 -0.0224118 109.346)
(0 8.04096e-05 110.78)
(0 0.00316312 40.4093)
(0 0.00164326 -26.8372)
(0 -0.036321 -192.489)
(0 -6.56473 -89.7207)
(0 -0.0210612 -127.903)
(0 0.0148158 -331.128)
(0 0.00716991 -181.991)
(0 0.00853251 255.703)
(0 0.00882462 342.888)
(0 0.00801698 348.215)
(0 0.142029 252.115)
(0 0.0148158 331.128)
(0 0.00716991 181.991)
(0 -0.00853255 255.705)
(0 -0.00882466 342.89)
(0 -0.00801701 348.216)
(0 -0.14203 252.116)
(0 -0.0148158 331.128)
(0 -0.00716991 181.991)
(0 0.0148158 331.128)
(0 0.00716991 181.991)
(0 -0.00853255 255.705)
(0 -0.00882466 342.89)
(0 -0.00801701 348.216)
(0 -0.14203 252.116)
(0 -0.00716991 181.991)
(0 -0.0363212 192.491)
(0 -6.56473 89.7207)
(0 -0.0210612 127.903)
(0 0.0224118 109.346)
(0 -8.04096e-05 110.78)
(0 0.0363212 192.491)
(0 6.56474 89.7209)
(0 0.0210613 127.903)
(0 -0.00683075 307.726)
(0 0.00683075 307.726)
(0 -0.00683075 307.726)
(0 0.0363212 192.491)
(0 0.00316312 40.4093)
(0 0.00164327 26.8373)
(0 -0.00316312 40.4093)
(0 -0.00164327 26.8373)
(0 0.00164327 26.8373)
(0 -0.00316312 40.4093)
(0 -0.00164327 26.8373)
(0 0.00164325 -26.8371)
(0 0.0031631 -40.409)
(0 -0.00164325 -26.8371)
(0 -0.0031631 -40.409)
(0 0.0031631 -40.4091)
(0 -0.00164326 -26.8372)
(0 -0.0031631 -40.4091)
(0 -0.0224118 -109.346)
(0 8.04096e-05 -110.78)
(0 0.036321 -192.489)
(0 6.56474 -89.7209)
(0 0.0210612 -127.903)
(0 0.0224118 -109.346)
(0 -8.04096e-05 -110.78)
(0 0.00683075 -307.726)
(0 -0.00683075 -307.726)
(0 0.00683072 -307.724)
(0 -0.00683072 -307.724)
(0 -0.0148158 -331.128)
(0 -0.00716991 -181.991)
(0 0.0071699 -181.991)
(0 -0.0148158 -331.128)
(0 -0.0071699 -181.991)
(0 0.0195852 46.9836)
(0 -0.000322856 -9.44431)
(0 -12.6313 -209.541)
(0 -12.6313 209.541)
(0 0.0195852 46.9836)
(0 -0.000322856 9.44433)
(0 -0.0195852 46.9836)
(0 0.000322856 9.44433)
(0 -0.000322857 9.44435)
(0 -0.0195852 46.9836)
(0 0.000322856 9.44433)
(0 -0.000322856 -9.44431)
(0 0.0195852 -46.9836)
(0 0.000322856 -9.44431)
(0 -0.0195852 -46.9836)
(0 0.0195852 -46.9836)
(0 0.000322856 -9.44433)
(0 12.6313 -209.541)
(0 -0.0195852 -46.9836)
(0 -0.0224118 109.346)
(0 8.04096e-05 110.78)
(0 0.00190055 47.4562)
(0 -0.0363212 192.491)
(0 0.0118628 40.0463)
(0 0.000165152 -9.56336)
(0 0.00515462 -26.5521)
(0 -6.56473 -89.7207)
(0 -0.0210612 -127.903)
(0 0.00358163 -326.259)
(0 0.0148158 -331.128)
(0 0.00853255 -255.705)
(0 0.00882466 -342.89)
(0 0.00801701 -348.216)
(0 0.00358163 -326.259)
(0 0.14203 -252.116)
(0 0.00358163 326.259)
(0 -0.00358163 326.259)
(0 0.00358163 326.259)
(0 -0.0148158 331.128)
(0 -0.00358163 326.259)
(0 -6.56473 89.7207)
(0 -0.0210612 127.903)
(0 0.0224118 109.346)
(0 -8.04096e-05 110.78)
(0 6.56474 89.7209)
(0 0.0210613 127.903)
(0 0.00190055 47.4562)
(0 0.0118628 40.0463)
(0 0.000165152 9.56338)
(0 0.00515465 26.5522)
(0 -0.00190055 47.4562)
(0 -0.0118628 40.0463)
(0 -0.000165152 9.56338)
(0 -0.00515465 26.5522)
(0 0.000165152 9.56338)
(0 0.00515466 26.5522)
(0 -0.00190055 47.4562)
(0 -0.0118628 40.0463)
(0 -0.000165152 9.56338)
(0 -0.00515465 26.5522)
(0 0.000165152 -9.56336)
(0 0.00515462 -26.5521)
(0 0.00190054 -47.456)
(0 -0.036321 -192.489)
(0 0.0118628 -40.0462)
(0 -0.000165152 -9.56336)
(0 -0.00515462 -26.5521)
(0 -0.00190054 -47.456)
(0 -0.0118628 -40.0462)
(0 0.00190054 -47.456)
(0 0.0118628 -40.0462)
(0 -0.000165152 -9.56338)
(0 -0.00515463 -26.5521)
(0 -0.00190054 -47.456)
(0 -0.0118628 -40.0462)
(0 -0.0224118 -109.346)
(0 8.04096e-05 -110.78)
(0 0.036321 -192.489)
(0 6.56474 -89.7209)
(0 0.0210612 -127.903)
(0 0.0224118 -109.346)
(0 -8.04096e-05 -110.78)
(0 0.00853251 -255.703)
(0 0.00882462 -342.888)
(0 0.00801698 -348.215)
(0 0.142029 -252.115)
(0 -0.00358163 -326.259)
(0 -0.00853255 -255.705)
(0 -0.00882466 -342.89)
(0 -0.00801701 -348.216)
(0 -0.14203 -252.116)
(0 -0.00853253 -255.704)
(0 -0.00882462 -342.888)
(0 -0.00801698 -348.215)
(0 -0.00358163 -326.259)
(0 -0.142029 -252.116)
)
;
    }
}


// ************************************************************************* //
