/*--------------------------------*- C++ -*----------------------------------*\
  =========                 |
  \\      /  F ield         | OpenFOAM: The Open Source CFD Toolbox
   \\    /   O peration     | Website:  https://openfoam.org
    \\  /    A nd           | Version:  11
     \\/     M anipulation  |
\*---------------------------------------------------------------------------*/
FoamFile
{
    format      ascii;
    class       volScalarField;
    location    "17.028737";
    object      p;
}
// * * * * * * * * * * * * * * * * * * * * * * * * * * * * * * * * * * * * * //

dimensions      [0 2 -2 0 0 0 0];

internalField   nonuniform List<scalar> 
7132
(
0.0808299
0.0795857
0.0754226
0.0694242
0.0611915
0.0506647
0.0380353
0.023681
0.00846806
-0.00626576
-0.0190371
-0.028051
-0.0329867
-0.0339505
-0.0318364
-0.0277134
-0.0223262
-0.0159117
-0.00851866
-0.000418304
0.00789302
0.0159034
0.0232556
0.0298075
0.0355249
0.0403527
0.0440586
0.0462344
0.0466097
0.0455039
0.0439185
0.0429052
0.0429267
0.0437499
0.0448769
0.0459247
0.0467718
0.047523
0.0483515
0.0493051
0.0500332
0.0497986
0.0480273
0.045035
0.042079
0.0404006
0.0403493
0.041341
0.0425275
0.0433502
0.0436868
0.0437393
0.0438264
0.0441172
0.0443156
0.0436783
0.0416048
0.0384134
0.0354106
0.0339211
0.0343016
0.0358423
0.0374913
0.0385535
0.0388887
0.038748
0.0385142
0.0383951
0.0381508
0.037163
0.0349797
0.0319492
0.0292364
0.0280184
0.0286353
0.0304339
0.0323542
0.0336272
0.0340555
0.0338791
0.0334827
0.0330624
0.0324187
0.0310939
0.0288566
0.0261372
0.0239236
0.0231092
0.0238977
0.0257176
0.0276559
0.0290004
0.0295128
0.0293663
0.0288875
0.0282426
0.0272909
0.0257553
0.0236154
0.0213582
0.0197817
0.019483
0.0204882
0.0222684
0.024086
0.0253694
0.0259036
0.025797
0.0252926
0.0245279
0.0234391
0.0219075
0.0200399
0.0182958
0.0172804
0.0173669
0.0184741
0.0201296
0.021745
0.0228789
0.0233578
0.023249
0.0227254
0.0218999
0.0207669
0.0193129
0.017708
0.0163646
0.0157525
0.0161158
0.0173253
0.0189546
0.0205063
0.0216115
0.0221137
0.0220405
0.0215006
0.0205669
0.0192444
0.0175646
0.0157337
0.0141741
0.013361
0.0135637
0.0146962
0.0163617
0.0180596
0.0193683
0.0200743
0.0200832
0.0195021
0.0182064
0.016478
0.0136916
0.011109
0.00676761
0.00540798
-0.00053948
0.00369582
-0.00789865
0.0813222
0.080083
0.0759394
0.0699519
0.0617085
0.0511217
0.0383601
0.0237729
0.00823911
-0.00686402
-0.0199582
-0.0290795
-0.0339601
-0.0347219
-0.0323713
-0.0280758
-0.0226182
-0.0161917
-0.00877465
-0.000612223
0.00778762
0.0158933
0.0233348
0.0299656
0.0357494
0.0406285
0.0443618
0.0465155
0.0467956
0.0455314
0.0437851
0.0426719
0.0426724
0.0435252
0.0446992
0.0457945
0.046685
0.0474759
0.0483394
0.0493268
0.0500777
0.0498262
0.0479711
0.0448418
0.041759
0.040026
0.0400035
0.0410716
0.0423394
0.0432275
0.0436102
0.0436926
0.0437964
0.0440958
0.0442872
0.0436083
0.0414436
0.0381272
0.035017
0.03349
0.0339155
0.0355539
0.037308
0.0384542
0.0388436
0.0387306
0.0385052
0.0383803
0.0381074
0.0370547
0.034769
0.0316244
0.0288294
0.0275939
0.0282613
0.0301569
0.0321862
0.0335519
0.0340423
0.033896
0.0335053
0.033071
0.0323853
0.0309819
0.0286382
0.0258171
0.0235453
0.022736
0.0235851
0.0254978
0.0275345
0.0289633
0.0295345
0.0294173
0.0289406
0.0282718
0.0272656
0.025645
0.0234053
0.0210652
0.0194533
0.019177
0.0202499
0.022119
0.0240228
0.0253759
0.0259571
0.0258724
0.025364
0.024568
0.0234187
0.0218038
0.0198491
0.0180412
0.0170073
0.0171249
0.0182995
0.0200362
0.0217265
0.0229174
0.023432
0.0233367
0.0228033
0.0219422
0.0207472
0.0192139
0.0175314
0.0161364
0.0155157
0.0159142
0.0171905
0.0188979
0.0205205
0.0216786
0.0222125
0.0221497
0.0215973
0.0206246
0.019236
0.0174714
0.0155568
0.0139386
0.0131102
0.0133448
0.0145465
0.0162993
0.0180822
0.019459
0.0202095
0.0202383
0.0196511
0.0183237
0.0165311
0.0136608
0.010979
0.00656051
0.00517004
-0.000799494
0.00366213
-0.00825903
0.0823044
0.0810769
0.0769746
0.0710138
0.0627544
0.0520536
0.0390313
0.0239746
0.00778676
-0.00807986
-0.0218435
-0.0311782
-0.0359358
-0.0362645
-0.0334118
-0.0287543
-0.0231631
-0.0167312
-0.00928203
-0.00100403
0.00756923
0.0158638
0.023482
0.0302697
0.0361874
0.0411728
0.0449662
0.0470793
0.0471651
0.0455717
0.0434901
0.0421714
0.0421336
0.0430524
0.0443249
0.045516
0.0464915
0.0473593
0.0482919
0.0493484
0.0501481
0.0498636
0.0478352
0.04442
0.0410724
0.039228
0.0392713
0.0405038
0.0419417
0.0429626
0.0434355
0.0435739
0.0437098
0.0440272
0.0442057
0.0434405
0.0410842
0.0375058
0.0341725
0.032571
0.0330957
0.0349417
0.0369161
0.0382343
0.0387305
0.0386683
0.038457
0.0383219
0.0379953
0.0368144
0.0343222
0.0309461
0.0279846
0.0267146
0.0274864
0.0295801
0.0318304
0.033382
0.0339937
0.0339044
0.033524
0.0330634
0.0322963
0.0307368
0.0281799
0.0251546
0.0227672
0.0219706
0.0229455
0.0250475
0.0272819
0.0288777
0.0295634
0.0295027
0.0290306
0.0283155
0.0272004
0.0254067
0.0229634
0.0204543
0.0187712
0.0185428
0.0197574
0.0218093
0.0238885
0.0253815
0.0260557
0.0260144
0.0254994
0.0246413
0.0233691
0.0215822
0.0194466
0.0175063
0.0164346
0.0166174
0.0179328
0.0198376
0.0216814
0.0229885
0.0235754
0.0235084
0.0229572
0.0220247
0.0207024
0.0190031
0.0171574
0.0156531
0.0150128
0.0154851
0.0169012
0.0187708
0.0205396
0.0218065
0.0224058
0.0223656
0.02179
0.0207391
0.019214
0.0172717
0.0151797
0.0134366
0.0125747
0.0128761
0.0142227
0.0161572
0.0181157
0.019633
0.0204744
0.0205445
0.0199461
0.0185545
0.0166304
0.0135851
0.0106964
0.00611585
0.00465731
-0.0013475
0.00355296
-0.00894175
0.083772
0.0825644
0.0785316
0.072622
0.064353
0.0534956
0.0400913
0.0243211
0.00712013
-0.00995815
-0.0247899
-0.0344449
-0.0389985
-0.0386289
-0.0349839
-0.0297769
-0.0240072
-0.0175976
-0.0101099
-0.00164791
0.00720173
0.0157911
0.0236796
0.0307045
0.0368253
0.0419755
0.0458668
0.04792
0.0476958
0.0455715
0.0429526
0.0413185
0.0412425
0.042286
0.0437226
0.0450632
0.0461647
0.0471438
0.0481765
0.0493339
0.0502034
0.0498582
0.0475429
0.0436589
0.0398851
0.0378802
0.0380583
0.0395777
0.0412971
0.0425266
0.0431327
0.043347
0.0435216
0.0438564
0.0440087
0.0431058
0.0404464
0.0364525
0.0327653
0.03105
0.0317455
0.0339373
0.0362708
0.0378605
0.0385159
0.038521
0.0383221
0.038168
0.0377604
0.0363828
0.0335719
0.0298386
0.0266232
0.0253077
0.0262519
0.0286609
0.031255
0.0330894
0.0338809
0.0338734
0.0335081
0.0330096
0.0321173
0.0303107
0.0274147
0.0240666
0.0215027
0.0207392
0.0219275
0.0243351
0.0268781
0.0287266
0.0295821
0.0296056
0.0291433
0.0283587
0.0270707
0.0249975
0.0222252
0.0194463
0.0176555
0.0175138
0.0189645
0.0213118
0.0236673
0.025375
0.0261898
0.0262152
0.025693
0.0247393
0.0232701
0.0212038
0.0187742
0.0166214
0.0154935
0.0157881
0.0173349
0.0195105
0.0215971
0.0230848
0.0237832
0.0237613
0.023185
0.0221406
0.020613
0.0186429
0.0165306
0.0148493
0.0141809
0.0147768
0.0164213
0.0185516
0.0205521
0.0219891
0.0226903
0.0226862
0.0220759
0.0209011
0.0191555
0.0169242
0.014544
0.0125992
0.0116864
0.0120997
0.0136834
0.0159103
0.0181478
0.0198848
0.0208669
0.0209999
0.0203831
0.0188881
0.0167523
0.0134251
0.0102033
0.00537031
0.0037906
-0.00222051
0.0032589
-0.00981946
0.0857169
0.0845403
0.0806144
0.0747943
0.0665401
0.0555036
0.0416099
0.0248739
0.00626262
-0.0125624
-0.0289422
-0.0390144
-0.0432362
-0.0417985
-0.0369748
-0.0309896
-0.0250394
-0.018756
-0.0112754
-0.00257783
0.0066523
0.0156462
0.0238996
0.0312413
0.037636
0.0430146
0.0470511
0.0490261
0.0483517
0.0454446
0.0420389
0.0399676
0.0398781
0.0411409
0.0428329
0.0443866
0.0456551
0.0467739
0.0479317
0.0492154
0.0501697
0.0497184
0.0469622
0.042373
0.0379711
0.0357638
0.0361944
0.0381817
0.040335
0.0418659
0.0426455
0.042939
0.0431325
0.0434646
0.0435727
0.0424906
0.0394339
0.0348792
0.0306962
0.0288092
0.0297424
0.0324378
0.0352957
0.0372725
0.038139
0.0382178
0.0380225
0.0378443
0.0373311
0.035678
0.0324095
0.0281674
0.0246058
0.0232537
0.0244694
0.0273345
0.0304092
0.0326279
0.0336567
0.0337556
0.0334153
0.0328715
0.0318032
0.029635
0.0262413
0.022426
0.0196188
0.0189251
0.0204448
0.0233037
0.0262853
0.0284801
0.0295627
0.0297017
0.0292602
0.0283823
0.0268434
0.0243574
0.0211017
0.0179331
0.0159958
0.0159928
0.017797
0.0205766
0.0233276
0.0253351
0.0263432
0.0264632
0.0259369
0.02485
0.0230939
0.0206158
0.0177549
0.015295
0.0140925
0.0145573
0.0164449
0.019013
0.021447
0.0231898
0.0240457
0.0240905
0.0234835
0.0222804
0.0204526
0.0180837
0.0155802
0.0136426
0.0129378
0.0137179
0.0156953
0.0182014
0.0205324
0.0222104
0.0230565
0.0231065
0.0224501
0.0210979
0.0190312
0.0163779
0.0135789
0.0113449
0.0103635
0.0109432
0.0128705
0.0155165
0.0181498
0.0201955
0.0213742
0.0215951
0.0209521
0.0193079
0.0168663
0.0131328
0.00943535
0.00425721
0.00249326
-0.00345037
0.00266841
-0.01074
0.0881269
0.0869959
0.0832264
0.0775527
0.0693631
0.0581536
0.0436847
0.025722
0.00524881
-0.0159941
-0.0345307
-0.0451144
-0.0488539
-0.045901
-0.0394496
-0.0324409
-0.0263432
-0.0203403
-0.0129222
-0.00390913
0.00584164
0.0153733
0.0240948
0.0318328
0.0385705
0.0442446
0.0484846
0.0503641
0.0490608
0.0450393
0.0405238
0.0378861
0.0378598
0.0394985
0.0415753
0.0434193
0.0448923
0.0461654
0.0474482
0.0488465
0.049876
0.0492745
0.0459236
0.0403569
0.0350644
0.0325854
0.0334352
0.0361542
0.0389565
0.0409069
0.0418918
0.0422362
0.0423923
0.042685
0.0427335
0.0414317
0.0378706
0.0325992
0.0277909
0.0257032
0.026965
0.0303388
0.0339034
0.0363928
0.0375197
0.037672
0.0374761
0.0372783
0.0366312
0.0345914
0.0306764
0.0257331
0.0217257
0.0203773
0.0220145
0.0255191
0.0292335
0.0319435
0.0332669
0.0335013
0.0332055
0.0326099
0.0312967
0.028619
0.0245352
0.020088
0.0169691
0.0163978
0.0183956
0.0218832
0.0254559
0.0281006
0.029472
0.0297634
0.0293594
0.0283591
0.0264699
0.0234082
0.0194906
0.015802
0.0136828
0.0138845
0.0161794
0.0195495
0.0228316
0.0252336
0.0264934
0.0267407
0.0262146
0.0249483
0.0227948
0.0197478
0.0163005
0.0134338
0.012144
0.0128508
0.0152046
0.0183031
0.0212014
0.0232821
0.0243469
0.0244836
0.0238384
0.0224182
0.0201754
0.0172586
0.0142256
0.0119502
0.0112079
0.012245
0.0146736
0.017683
0.0204531
0.0224497
0.0234882
0.0236121
0.0228942
0.0212989
0.0187915
0.0155651
0.0122071
0.00959707
0.00853756
0.00934918
0.011738
0.0149397
0.0180933
0.020542
0.0219764
0.0223113
0.0216314
0.0197811
0.0169231
0.0126451
0.00832461
0.00272403
0.000716047
-0.00503088
0.00169418
-0.0115275
0.0909837
0.0899178
0.0863689
0.0809225
0.0728815
0.0615474
0.0464532
0.0270006
0.00414692
-0.0203814
-0.0418607
-0.0530075
-0.0559922
-0.0508188
-0.0420909
-0.0337858
-0.0277352
-0.0223705
-0.0151689
-0.0057608
0.00468094
0.0149031
0.0241977
0.0324027
0.0395448
0.0455809
0.0500941
0.0518535
0.0496811
0.044099
0.0380545
0.0347186
0.0349133
0.0371822
0.0398336
0.0420654
0.0437741
0.0451827
0.0465111
0.0479177
0.0489698
0.0482307
0.0442758
0.0375623
0.0310686
0.0281203
0.0295074
0.03328
0.0370202
0.0395428
0.040753
0.0410851
0.0411325
0.0413669
0.0413573
0.0397663
0.0355128
0.0292995
0.0237425
0.0214987
0.0232608
0.0275289
0.0319972
0.0351264
0.0365607
0.0367906
0.0366055
0.0364015
0.0355767
0.0330042
0.0282219
0.0223704
0.0178174
0.016526
0.0187631
0.0231253
0.0276591
0.0309724
0.0326494
0.0330559
0.0328335
0.0321763
0.0305302
0.0271736
0.0221995
0.0169619
0.0134711
0.0130795
0.0157078
0.0200125
0.0243389
0.0275424
0.0292682
0.0297548
0.0294076
0.0282478
0.0258919
0.0220773
0.0173178
0.0129886
0.0106621
0.0111394
0.0140647
0.0181868
0.02214
0.0250348
0.0266086
0.0270195
0.0264971
0.0249944
0.0223177
0.0185346
0.0143469
0.0109837
0.00960286
0.0106298
0.0135777
0.0173459
0.020828
0.0233327
0.0246613
0.0249172
0.0242227
0.0225154
0.0197284
0.0161065
0.0124086
0.00972402
0.00895275
0.0103252
0.013324
0.0169637
0.0202815
0.0226759
0.023957
0.0241762
0.0233769
0.0214614
0.0183822
0.014428
0.0103786
0.00731973
0.00618463
0.0072983
0.0102639
0.0141524
0.0179456
0.0208888
0.0226381
0.0231136
0.0223826
0.0202602
0.0168662
0.0119087
0.00683759
0.000773842
-0.0015185
-0.00689338
0.00031281
-0.0120142
0.0942616
0.0932853
0.0900385
0.0849291
0.0771636
0.06581
0.0500925
0.0288951
0.00305554
-0.0259219
-0.0513968
-0.0631449
-0.0651115
-0.0568841
-0.0450766
-0.0350857
-0.0292929
-0.0250261
-0.0182409
-0.00832495
0.00303413
0.0141321
0.024107
0.0328327
0.040416
0.0468766
0.0517381
0.0533216
0.0499334
0.0421467
0.0339908
0.0298804
0.0306341
0.0339552
0.0374599
0.0402035
0.0421623
0.0436168
0.0447779
0.0459791
0.0469735
0.0461464
0.0416657
0.0337547
0.0258457
0.0222424
0.0242175
0.029352
0.0343596
0.0376356
0.0390842
0.0393254
0.0392124
0.0394048
0.0393366
0.0373335
0.0321367
0.0247222
0.0182936
0.0159746
0.0184712
0.0239004
0.0294849
0.0333765
0.0351639
0.0354878
0.0353413
0.0351429
0.0340776
0.0308149
0.0249623
0.0180305
0.0128515
0.0116627
0.014662
0.0200948
0.0256271
0.0296528
0.0317417
0.0323626
0.0322459
0.0315099
0.0294336
0.0252356
0.0192001
0.013051
0.00915012
0.00899092
0.0123804
0.0176684
0.0228958
0.0267594
0.0289029
0.0296283
0.0293547
0.02799
0.0250474
0.0203164
0.0145657
0.00950851
0.00696773
0.00778749
0.0114634
0.0164765
0.0212231
0.0246998
0.0266465
0.027256
0.026735
0.0249313
0.0216043
0.016933
0.01188
0.00795977
0.00650262
0.00792074
0.0115727
0.0161307
0.0203005
0.0233066
0.0249506
0.0253509
0.0245891
0.0225169
0.0190565
0.0145878
0.0101173
0.00697852
0.00619843
0.00798048
0.0116529
0.0160307
0.0199886
0.0228501
0.0244195
0.0247527
0.023845
0.0215265
0.0177486
0.0129331
0.00809283
0.00454382
0.00335121
0.00483299
0.00847128
0.0131519
0.0176804
0.0211931
0.0233076
0.0239459
0.0231438
0.0206778
0.0166352
0.010893
0.0049951
-0.00151358
-0.0040977
-0.00889699
-0.00141711
-0.0120591
0.097925
0.0970689
0.0942246
0.0895963
0.0822878
0.0710998
0.0548435
0.0316847
0.00215825
-0.0328548
-0.0637354
-0.075951
-0.0762803
-0.0635437
-0.0475396
-0.0356285
-0.0308519
-0.0286292
-0.0225764
-0.0119275
0.000701554
0.0129192
0.0236793
0.0329417
0.0409572
0.0478735
0.0531132
0.0543744
0.049211
0.038333
0.027319
0.0224626
0.0244087
0.0294773
0.0342618
0.0376838
0.0398732
0.0411803
0.0418658
0.042659
0.0435914
0.0427207
0.0375964
0.0282801
0.0188596
0.014666
0.0174111
0.024214
0.030814
0.0350291
0.0367304
0.0368187
0.0365318
0.0367188
0.0365716
0.0340119
0.0276547
0.0188474
0.0114513
0.0091099
0.0125411
0.0193903
0.0262945
0.0310571
0.0332395
0.0336856
0.0336131
0.0334244
0.0320541
0.027976
0.0209204
0.0128131
0.00696798
0.00591039
0.00977889
0.0164373
0.0231067
0.0279313
0.0304809
0.0313558
0.0313719
0.0305358
0.0279461
0.022789
0.0155893
0.00847208
0.00415534
0.00426951
0.00850401
0.0148834
0.0211123
0.0257082
0.0283187
0.0293189
0.0291282
0.0275131
0.023885
0.0181229
0.0112958
0.00547748
0.00273715
0.00395152
0.00845564
0.0144475
0.0200668
0.0241864
0.0265503
0.0273855
0.0268569
0.0246901
0.0206093
0.014945
0.00895856
0.00446531
0.00295789
0.00482442
0.00925196
0.0146759
0.0196007
0.0231613
0.0251594
0.0257227
0.0248692
0.0223588
0.0181205
0.012709
0.00741065
0.0038109
0.00305128
0.00529942
0.00971226
0.0148937
0.0195483
0.022922
0.024812
0.0252711
0.024224
0.0214283
0.0168549
0.0110956
0.0054224
0.00138439
0.000165279
0.00206403
0.00643174
0.0119617
0.0172769
0.0214016
0.0239127
0.0247263
0.0238275
0.020953
0.0161819
0.00961266
0.00289234
-0.00397355
-0.00682049
-0.010843
-0.00335849
-0.0115687
0.101926
0.101226
0.098904
0.0949374
0.088331
0.0775945
0.060998
0.0357411
0.00170161
-0.0415739
-0.0798009
-0.092383
-0.0907564
-0.0718657
-0.05
-0.0353945
-0.0321944
-0.0332616
-0.0285032
-0.0168999
-0.00255289
0.01108
0.0227126
0.0324648
0.0408183
0.0480039
0.0534014
0.054314
0.0472152
0.0324875
0.017492
0.0114656
0.0154077
0.0232971
0.0300114
0.034336
0.0366867
0.0375662
0.037491
0.0378184
0.0387691
0.0378166
0.0317492
0.0207125
0.0097126
0.00511805
0.00896164
0.017774
0.0262623
0.0315794
0.0335545
0.0334645
0.0330225
0.0332403
0.0329871
0.0297699
0.0221511
0.0118935
0.00349926
0.0011468
0.00560709
0.0140394
0.0224047
0.0281109
0.0307173
0.0313129
0.0313443
0.0311647
0.0294499
0.0245053
0.0162213
0.00694422
0.000447755
-0.0004642
0.00430509
0.0122468
0.0201127
0.0257738
0.0288072
0.0299603
0.0301248
0.0291728
0.0260266
0.0198722
0.0115024
0.00344148
-0.00125865
-0.000845999
0.00425464
0.0117498
0.0190048
0.0243529
0.0274491
0.0287423
0.0286346
0.0267374
0.0223742
0.0155477
0.00764822
0.00110214
-0.00179902
-0.000162163
0.0051877
0.0121715
0.0186754
0.0234507
0.0262473
0.0273195
0.0267698
0.0241971
0.0193113
0.0126272
0.00571863
0.000687758
-0.000833845
0.00150918
0.00673117
0.0130314
0.0187201
0.0228466
0.0252125
0.0259448
0.0249741
0.0219751
0.0169079
0.010532
0.00442147
0.000398418
-0.000303607
0.002434
0.00759885
0.0135873
0.0189399
0.0228304
0.0250485
0.0256325
0.024419
0.0211002
0.0156931
0.00898564
0.00251097
-0.001968
-0.00317461
-0.000837591
0.00426177
0.0106318
0.0167224
0.0214532
0.0243616
0.0253469
0.0243232
0.0209992
0.015481
0.0081313
0.000688199
-0.00638283
-0.00943197
-0.0125101
-0.00532513
-0.0105074
0.106204
0.105702
0.104038
0.100955
0.0953716
0.0855148
0.0689544
0.0416423
0.00215776
-0.0525552
-0.100771
-0.112854
-0.107738
-0.0796924
-0.0502858
-0.0331739
-0.0338383
-0.0403319
-0.0372842
-0.0239874
-0.00710239
0.00837416
0.0209476
0.0310592
0.0393985
0.0460443
0.0508565
0.0514651
0.043485
0.025861
0.00598787
-0.00286924
0.00300136
0.0148573
0.0244124
0.0299667
0.032385
0.0325476
0.0315396
0.0314543
0.032504
0.0313809
0.0241756
0.0113003
-0.00129444
-0.00619547
-0.00103215
0.0100661
0.0206631
0.0271932
0.0294625
0.0291992
0.0286333
0.0289099
0.0285493
0.0246753
0.0158526
0.00424021
-0.00509536
-0.00747073
-0.00200911
0.00801599
0.0178676
0.0245238
0.0275515
0.0283057
0.0284551
0.0282897
0.0262429
0.0204847
0.0110739
0.000741936
-0.00633217
-0.00709367
-0.0014701
0.00769657
0.0167106
0.0231707
0.0266657
0.0280924
0.0284072
0.0273419
0.0236616
0.0165762
0.00714306
-0.00174973
-0.00676214
-0.00604417
-0.000126394
0.00840999
0.0166193
0.0226661
0.026219
0.0277958
0.0277655
0.0255859
0.0205134
0.0126939
0.00382777
-0.00334324
-0.00634571
-0.00428815
0.00185465
0.00975379
0.0170687
0.0224469
0.025649
0.0269481
0.0263657
0.0233843
0.0177213
0.0100892
0.00235789
-0.00312202
-0.00461754
-0.0018025
0.00416413
0.0112705
0.0176568
0.0223035
0.0250148
0.0259052
0.0248021
0.0213096
0.0154419
0.00817282
0.0013442
-0.00302224
-0.0036306
-0.000419033
0.00544253
0.0121644
0.0181455
0.0225032
0.0250227
0.0257162
0.0243244
0.0204877
0.0142912
0.00672419
-0.000442952
-0.00527171
-0.00642625
-0.00366271
0.00210669
0.00922955
0.0160085
0.0212783
0.0245439
0.0256775
0.0245077
0.0207381
0.0145387
0.00655484
-0.00142051
-0.00849948
-0.0116678
-0.0136947
-0.00711445
-0.00890404
0.110679
0.11042
0.109565
0.107619
0.10346
0.0950634
0.0791492
0.0501164
0.00405491
-0.066609
-0.128538
-0.139994
-0.131577
-0.0905757
-0.0495276
-0.0282274
-0.0346115
-0.0496326
-0.0495411
-0.0338825
-0.0133917
0.00448437
0.0180599
0.0282855
0.035729
0.0402244
0.0433786
0.0435108
0.0360771
0.0173977
-0.00683117
-0.0194498
-0.0125102
0.0039047
0.0171935
0.0243759
0.0267965
0.0260254
0.0240368
0.023639
0.0248628
0.0235474
0.015262
0.000732219
-0.0133311
-0.0185475
-0.0121024
0.00132771
0.0140955
0.0218616
0.0244241
0.0239982
0.0233316
0.0236924
0.023278
0.0188794
0.00907634
-0.00364856
-0.0137775
-0.0161883
-0.00985823
0.00160356
0.0128179
0.0203341
0.0237259
0.0246124
0.0248743
0.0247449
0.0224502
0.0160486
0.0057417
-0.00542507
-0.0129452
-0.0135569
-0.00719794
0.00301857
0.0130116
0.0201397
0.0240112
0.0256679
0.0261224
0.0249787
0.0208688
0.0130332
0.00275751
-0.00677222
-0.0119901
-0.010979
-0.00436251
0.00503922
0.0140254
0.0206302
0.0245503
0.0263673
0.0264087
0.0239942
0.0183309
0.00970304
7.71194e-05
-0.00755223
-0.0105816
-0.00813557
-0.00132358
0.00731997
0.0152774
0.0211281
0.0246566
0.0261469
0.0255336
0.022199
0.0158816
0.00747885
-0.000890241
-0.00668267
-0.0081006
-0.00486386
0.0017245
0.00947962
0.0164133
0.0214671
0.024457
0.025477
0.02425
0.0203237
0.0137786
0.00578503
-0.00159361
-0.00618752
-0.006671
-0.00304338
0.00338936
0.0106883
0.017149
0.0218614
0.0246156
0.0253913
0.0238372
0.0195556
0.0127082
0.00446392
-0.00321645
-0.00826832
-0.00932698
-0.00619074
0.000121887
0.00782983
0.0151288
0.0208029
0.0243399
0.0255779
0.0242617
0.0201117
0.0133898
0.00500863
-0.00323699
-0.0101063
-0.0132959
-0.0142447
-0.00853892
-0.00685641
0.115255
0.115286
0.115394
0.114876
0.112623
0.106507
0.0922029
0.0624213
0.00861674
-0.085103
-0.165467
-0.172409
-0.156988
-0.0979431
-0.0435349
-0.0194666
-0.0368449
-0.0652121
-0.0683509
-0.0480679
-0.0219998
-0.000895978
0.0137743
0.0236172
0.0287066
0.029476
0.0305609
0.0307709
0.0244039
0.00489211
-0.0226886
-0.0383562
-0.0305511
-0.00940322
0.00824773
0.0174195
0.0198314
0.018018
0.0150771
0.0144847
0.0159924
0.0146257
0.0055871
-0.0101538
-0.0253963
-0.0309644
-0.023495
-0.00798739
0.00678368
0.0156807
0.0184827
0.0178789
0.0171147
0.0175937
0.0172533
0.0125966
0.00218671
-0.0112813
-0.0219736
-0.0244191
-0.0174308
-0.00483636
0.0074624
0.0156342
0.0192592
0.0202039
0.0205537
0.0205097
0.0181303
0.0113693
0.000513758
-0.0111762
-0.0189619
-0.0194275
-0.0125114
-0.00152433
0.00916109
0.016725
0.0208147
0.0226136
0.0231896
0.0220437
0.017696
0.00940173
-0.00139337
-0.0112941
-0.0165837
-0.0153082
-0.00817281
0.00182495
0.0113074
0.0182389
0.0223699
0.0243494
0.0244648
0.0219208
0.0158819
0.00673749
-0.00335279
-0.011221
-0.0141912
-0.011419
-0.00412779
0.00500006
0.0133383
0.0194513
0.0231718
0.0248035
0.0241759
0.0206115
0.0138603
0.00496158
-0.00378716
-0.00971831
-0.0110103
-0.00743669
-0.000416063
0.00774662
0.0149934
0.0202716
0.0234286
0.0245379
0.0232289
0.0190028
0.0119985
0.00353765
-0.00416148
-0.00884005
-0.00917516
-0.00522943
0.00158307
0.00922278
0.015936
0.020827
0.0237097
0.0245351
0.0228721
0.0182934
0.0110247
0.00236716
-0.00559103
-0.0107139
-0.0116402
-0.00821634
-0.00154642
0.00650347
0.0140764
0.0199538
0.0236324
0.0249182
0.023487
0.0190899
0.0120887
0.00361377
-0.00459516
-0.0110404
-0.0141434
-0.0140796
-0.0094463
-0.00453973
0.119818
0.120179
0.1214
0.122588
0.122804
0.11992
0.108652
0.0797948
0.0165573
-0.108538
-0.216321
-0.219951
-0.199173
-0.110132
-0.032717
-0.00310983
-0.0371024
-0.0872308
-0.0959384
-0.0684264
-0.0338453
-0.00820646
0.00774759
0.0164111
0.0174762
0.0140944
0.0136897
0.0150316
0.00963629
-0.0108291
-0.0408069
-0.0586985
-0.0500459
-0.0244288
-0.00225062
0.00909667
0.0115169
0.00864322
0.0048041
0.00414437
0.006122
0.00503626
-0.00420611
-0.0205316
-0.03652
-0.0424395
-0.0343366
-0.0172728
-0.000913951
0.00885312
0.0117575
0.0109096
0.010026
0.0106771
0.0106167
0.00608407
-0.00444156
-0.0181873
-0.0291484
-0.0316098
-0.0242208
-0.0109102
0.00205861
0.0105657
0.0142098
0.0150869
0.0154851
0.015608
0.0133818
0.00664148
-0.00432382
-0.0161563
-0.0239904
-0.0243149
-0.0170639
-0.00566738
0.00532345
0.0129967
0.0170732
0.0188841
0.0195611
0.0185331
0.0142195
0.00585016
-0.00506091
-0.0150138
-0.0202205
-0.0187258
-0.0113005
-0.00105255
0.00855694
0.0155008
0.0196245
0.0216589
0.0218642
0.0193545
0.0132419
0.00396092
-0.00623028
-0.01408
-0.0168987
-0.0138882
-0.00636228
0.00291498
0.011291
0.0173838
0.0211112
0.0228043
0.0222221
0.0186193
0.0117408
0.00269911
-0.00611665
-0.0119872
-0.0131083
-0.00931402
-0.00210633
0.00615129
0.0134033
0.0186612
0.0218348
0.0229889
0.0216777
0.0173573
0.0101942
0.00159216
-0.00615336
-0.0107563
-0.0109281
-0.00679614
0.000149488
0.00782589
0.0144967
0.0193342
0.022207
0.0230513
0.0213736
0.016715
0.00932989
0.000584819
-0.00737629
-0.0124021
-0.0131659
-0.00956823
-0.00277586
0.0053096
0.0128446
0.0186686
0.0223242
0.0235989
0.0221203
0.0176709
0.0106964
0.00246704
-0.00538046
-0.0112101
-0.0141126
-0.0132002
-0.00973239
-0.00220928
0.124233
0.124963
0.12741
0.130597
0.133853
0.135565
0.129349
0.105665
0.0310313
-0.147127
-0.281798
-0.269857
-0.23552
-0.11577
-0.0116893
0.0151536
-0.0469738
-0.127302
-0.139264
-0.0978562
-0.0496873
-0.0175583
-0.000171545
0.0062697
0.00205189
-0.00525257
-0.00611911
-0.00250275
-0.00660915
-0.0272659
-0.0584818
-0.0783006
-0.0691254
-0.0399828
-0.013757
-0.00035856
0.0020369
-0.00188873
-0.00658077
-0.00716787
-0.00443696
-0.00474002
-0.0134862
-0.0296627
-0.0458725
-0.0520825
-0.0437818
-0.0258611
-0.00854305
0.00167346
0.0044409
0.00321845
0.00217185
0.00307527
0.00356845
-0.000375495
-0.0104531
-0.023955
-0.0348506
-0.037291
-0.0297791
-0.0162375
-0.00311355
0.00530941
0.00868064
0.00931708
0.00971594
0.0101176
0.00834061
0.00206703
-0.00851173
-0.0200656
-0.0277099
-0.0278988
-0.0205613
-0.00916956
0.00166748
0.00904884
0.0128201
0.0144791
0.0152387
0.0144866
0.0105391
0.00254168
-0.00803177
-0.0176874
-0.0226448
-0.0209884
-0.0135368
-0.00343678
0.00586664
0.0124457
0.0162954
0.0182564
0.0185833
0.0163201
0.0105
0.00152186
-0.00836479
-0.0159179
-0.0184922
-0.015351
-0.00787273
0.00116636
0.00917856
0.0149151
0.018428
0.0201014
0.0196451
0.0162497
0.00961236
0.000832135
-0.00770547
-0.0133035
-0.0142145
-0.0103391
-0.00322945
0.00475924
0.0116552
0.0166026
0.0196155
0.0207727
0.019574
0.0154211
0.00845743
8.50216e-05
-0.00740706
-0.0117664
-0.0117689
-0.00760768
-0.000815073
0.00654562
0.0128308
0.0173441
0.0200483
0.020888
0.0193254
0.0148559
0.00771052
-0.000758247
-0.00842552
-0.0131796
-0.0137584
-0.0101229
-0.00347861
0.00429113
0.0114305
0.0169065
0.0203541
0.021565
0.0201403
0.0158779
0.00926984
0.00163027
-0.00553894
-0.010601
-0.0131906
-0.0116902
-0.00935062
-0.000176487
0.128356
0.129465
0.133215
0.138554
0.145465
0.152768
0.1547
0.139644
0.0537503
-0.175291
-0.394927
-0.358017
-0.309772
-0.122445
0.0195785
0.0665466
-0.0353974
-0.164063
-0.194824
-0.139173
-0.0714632
-0.0295236
-0.0101723
-0.00690663
-0.0170444
-0.0278198
-0.0277825
-0.0206808
-0.0225649
-0.0420676
-0.0731288
-0.0941501
-0.085567
-0.0545324
-0.0254043
-0.0104587
-0.00825433
-0.0132714
-0.0187991
-0.0191533
-0.0152903
-0.0141949
-0.0216834
-0.0369551
-0.0528268
-0.0592101
-0.0511255
-0.0331219
-0.0156125
-0.00550024
-0.0032095
-0.0049978
-0.00626547
-0.00500394
-0.00363822
-0.00649087
-0.0155361
-0.0282621
-0.0387475
-0.0411165
-0.0337545
-0.02049
-0.00777917
7.35822e-05
0.00282183
0.00301147
0.00336035
0.00417526
0.00317595
-0.00215743
-0.0118368
-0.022683
-0.0298966
-0.0299557
-0.0227868
-0.011834
-0.0016457
0.0049989
0.0081345
0.00945818
0.0102867
0.00999258
0.00677498
-0.000377457
-0.0101437
-0.019147
-0.023696
-0.0219398
-0.014737
-0.00520582
0.00332737
0.0091308
0.0124135
0.0141632
0.0146567
0.0128814
0.00775265
-0.000458622
-0.00962258
-0.0165989
-0.0188412
-0.0156886
-0.00855838
-0.000169299
0.00704966
0.0120673
0.0151266
0.0166977
0.0164691
0.0135589
0.0075618
-0.000532192
-0.00843782
-0.013552
-0.0142213
-0.0104183
-0.00371179
0.00361968
0.00977334
0.0140986
0.0167626
0.0178877
0.0169398
0.0132485
0.00687056
-0.000884765
-0.00781761
-0.0117677
-0.0116033
-0.00758452
-0.00125077
0.0054198
0.0109555
0.0148579
0.0172289
0.0180494
0.0167539
0.0127704
0.00624289
-0.00157324
-0.00864633
-0.0129573
-0.0133374
-0.00981424
-0.00360734
0.00347448
0.00984185
0.0146612
0.0177104
0.0188147
0.017568
0.0137534
0.00785544
0.00112707
-0.00507897
-0.00927487
-0.0114515
-0.00970641
-0.00831931
0.00125837
0.13203
0.133517
0.138544
0.146159
0.157052
0.171699
0.185641
0.19511
0.0990911
-0.16187
-0.461162
-0.429779
-0.39175
-0.158232
0.0123211
0.0585695
-0.0296232
-0.167602
-0.231504
-0.179434
-0.0959043
-0.0434082
-0.0220182
-0.0227372
-0.0390766
-0.052807
-0.050272
-0.038232
-0.0365723
-0.0534916
-0.0830265
-0.104654
-0.0975049
-0.0665233
-0.0361373
-0.0205098
-0.0188484
-0.025094
-0.0314709
-0.0314045
-0.0259617
-0.0228159
-0.0283185
-0.0419922
-0.0569942
-0.0633945
-0.0558727
-0.0385388
-0.0216539
-0.0122805
-0.0108813
-0.0134704
-0.0150205
-0.0132776
-0.0107064
-0.0119769
-0.0194399
-0.0308954
-0.0406454
-0.0428855
-0.0359201
-0.0234193
-0.0116917
-0.00491819
-0.00316949
-0.00364602
-0.00339479
-0.00202324
-0.00191587
-0.0058509
-0.0141445
-0.0238801
-0.0304375
-0.0303725
-0.0236151
-0.0135218
-0.00447178
0.000986062
0.00314772
0.00395021
0.00483847
0.00518935
0.00306241
-0.00278613
-0.0112969
-0.0193133
-0.0233055
-0.0215149
-0.0148307
-0.00627933
0.00102688
0.00564619
0.00806926
0.00947407
0.010184
0.00914128
0.00509884
-0.00189465
-0.00993588
-0.0160726
-0.0179057
-0.0148641
-0.00837804
-0.00104245
0.00496221
0.00890426
0.011275
0.012667
0.0127741
0.0106305
0.00566799
-0.00132756
-0.00826352
-0.0126974
-0.0131025
-0.00952801
-0.0035266
0.00276656
0.00779991
0.0111983
0.0133307
0.0143951
0.0138437
0.0109111
0.00550011
-0.00126247
-0.00734487
-0.0107329
-0.0104119
-0.00670935
-0.0011366
0.00447839
0.00891213
0.011927
0.0138079
0.0146012
0.0137295
0.0105278
0.00498802
-0.00181293
-0.00800706
-0.0117175
-0.0118945
-0.00863833
-0.00315696
0.00287267
0.00810363
0.0119689
0.0144381
0.0154015
0.0144632
0.0113533
0.00648604
0.000945789
-0.00406519
-0.00735689
-0.00904434
-0.00744549
-0.00671841
0.00189778
0.135102
0.136919
0.14312
0.152767
0.167867
0.189285
0.221448
0.223416
0.193729
-0.184818
-0.619746
-0.512464
-0.50588
-0.243248
-0.102762
-0.0465129
-0.0609862
-0.165087
-0.245522
-0.20967
-0.118585
-0.0576721
-0.0350312
-0.0404182
-0.0630955
-0.0790854
-0.0722621
-0.053722
-0.0472795
-0.0604919
-0.0873851
-0.108923
-0.103806
-0.0747157
-0.0449083
-0.0297121
-0.0291256
-0.036841
-0.0440972
-0.0433953
-0.0359044
-0.0301094
-0.0330237
-0.0445464
-0.0582338
-0.0644799
-0.0577749
-0.0417618
-0.0262732
-0.0182848
-0.0182221
-0.0218621
-0.0237468
-0.0213961
-0.0173086
-0.0165684
-0.0219867
-0.0317583
-0.0404955
-0.0425495
-0.0361848
-0.0248734
-0.0146502
-0.00943892
-0.00905401
-0.0104059
-0.010293
-0.00822906
-0.00671924
-0.00885596
-0.0153457
-0.0236261
-0.0293346
-0.0291518
-0.023019
-0.0141583
-0.00668929
-0.00283169
-0.0019571
-0.00184649
-0.000904906
0.000261493
-0.00045267
-0.0045932
-0.0114572
-0.018198
-0.0215078
-0.0197466
-0.0138235
-0.0066197
-0.000950295
0.00211634
0.00341518
0.00435358
0.0053277
0.00523893
0.00263646
-0.00273894
-0.00930589
-0.0143762
-0.015739
-0.012924
-0.00735025
-0.0014291
0.00298644
0.00553512
0.00700766
0.00815293
0.00869495
0.00757267
0.00399872
-0.00153142
-0.0072008
-0.0107862
-0.0109149
-0.00771545
-0.00269287
0.00222165
0.0057998
0.00800143
0.00944026
0.0104203
0.0103991
0.00849493
0.00439414
-0.0010404
-0.00601631
-0.00871272
-0.00825204
-0.00502765
-0.000488685
0.00374705
0.00677022
0.00865606
0.00990984
0.0106704
0.0103642
0.00821015
0.00398925
-0.00147403
-0.00653953
-0.00951656
-0.00949565
-0.00665409
-0.0021618
0.0024905
0.00626424
0.00891304
0.0106397
0.011431
0.0109196
0.00874353
0.00518141
0.00104655
-0.00260496
-0.00501109
-0.00616472
-0.00509402
-0.00467025
0.0017086
0.137435
0.139516
0.146606
0.157984
0.17632
0.205111
0.250891
0.288166
0.342638
-0.148044
-0.493834
-0.498306
-0.382742
-0.288774
-0.215849
-0.129896
-0.159762
-0.229015
-0.21882
-0.133294
-0.069669
-0.0477693
-0.0585728
-0.087642
-0.10491
-0.0919766
-0.0656811
-0.0537334
-0.062667
-0.0862087
-0.10698
-0.104153
-0.0783775
-0.0508553
-0.0372752
-0.0384082
-0.0478996
-0.0560567
-0.054487
-0.0445247
-0.0356263
-0.0355547
-0.044572
-0.0566293
-0.0625591
-0.0568258
-0.0426288
-0.0291843
-0.0231649
-0.0248579
-0.0297812
-0.0320865
-0.0289611
-0.0231033
-0.0200332
-0.0230765
-0.0308688
-0.0383872
-0.0402048
-0.0345903
-0.024802
-0.0165099
-0.0132698
-0.0145606
-0.0169635
-0.0170196
-0.0141525
-0.0110096
-0.0110446
-0.0154173
-0.0219841
-0.0266991
-0.0264053
-0.0210651
-0.0137344
-0.00820336
-0.00628328
-0.00695196
-0.00767269
-0.00668421
-0.004569
-0.00361971
-0.00573938
-0.010655
-0.0158996
-0.0184364
-0.0167601
-0.0117936
-0.00623035
-0.00252344
-0.0013025
-0.00134021
-0.000968
0.000305089
0.00134413
0.000459757
-0.00298232
-0.00779971
-0.0116301
-0.0124818
-0.00999294
-0.00554827
-0.00132748
0.00120532
0.00211192
0.00251994
0.00336217
0.00441474
0.00451417
0.00260958
-0.00116363
-0.00533309
-0.00794307
-0.00779374
-0.00509305
-0.00127006
0.00199804
0.00386095
0.00465573
0.00527196
0.00614617
0.00675895
0.00609765
0.00358196
-0.000256225
-0.00392403
-0.00583201
-0.00525294
-0.00264225
0.000644871
0.00325013
0.00462714
0.00519896
0.00571741
0.00643836
0.00680668
0.00590993
0.00327209
-0.000595965
-0.00433675
-0.00648184
-0.00627706
-0.00397742
-0.000688978
0.00232989
0.00439714
0.00562228
0.00647062
0.00705676
0.00706079
0.00599783
0.0039509
0.00137095
-0.000828766
-0.00240937
-0.00301479
-0.0027871
-0.00231318
0.000814397
0.138921
0.141154
0.148774
0.161139
0.18153
0.214599
0.270106
0.336115
0.447748
-0.444546
-0.493316
-0.45862
-0.335751
-0.17755
-0.147433
-0.187769
-0.200752
-0.134234
-0.0760445
-0.058004
-0.0752599
-0.1107
-0.127936
-0.107314
-0.0728184
-0.0554763
-0.0602035
-0.0801409
-0.099588
-0.0989681
-0.0773499
-0.0534249
-0.0425204
-0.0460167
-0.0575835
-0.0666246
-0.0639601
-0.0512228
-0.038994
-0.0357997
-0.0421886
-0.052454
-0.05794
-0.0532329
-0.041162
-0.0302264
-0.0266301
-0.0304143
-0.0367901
-0.0394898
-0.0355384
-0.0277566
-0.0221851
-0.022688
-0.0283479
-0.0345282
-0.0360724
-0.0312968
-0.0232512
-0.0171872
-0.0162117
-0.0194021
-0.0229776
-0.0232223
-0.0194811
-0.0145663
-0.0123231
-0.0143976
-0.0190996
-0.0227359
-0.0223388
-0.0179031
-0.0123005
-0.00894793
-0.00919335
-0.0115783
-0.0132259
-0.0121998
-0.00905651
-0.00629061
-0.0061967
-0.00897742
-0.0125912
-0.0143044
-0.012757
-0.00888013
-0.00515075
-0.00361773
-0.00443206
-0.00594621
-0.00621214
-0.00462454
-0.00235273
-0.00134348
-0.00264978
-0.00554129
-0.00802551
-0.00834917
-0.00626006
-0.00309042
-0.000754119
-0.00028853
-0.00118055
-0.0019464
-0.00145063
0.000152967
0.00159822
0.00154415
-0.000281138
-0.00279988
-0.0043581
-0.0039395
-0.00182679
0.000650263
0.00210277
0.00208995
0.00134626
0.00105341
0.00180039
0.00310722
0.00382509
0.00307589
0.00101287
-0.00121575
-0.00227872
-0.00160424
0.000297465
0.00219135
0.00301194
0.00260207
0.0017471
0.0014587
0.00212841
0.0032339
0.00372678
0.00284569
0.000744215
-0.00154494
-0.00280159
-0.00243348
-0.000769623
0.00117077
0.00239353
0.00259788
0.00226231
0.00213078
0.00247314
0.00303713
0.00319847
0.00279777
0.0018521
0.00112892
0.000294048
0.000227868
-0.000595208
0.000217573
-0.000567265
0.139494
0.141756
0.149454
0.161945
0.182531
0.215868
0.271716
0.348394
0.509162
-0.417007
-0.577104
-0.572434
-0.392164
-0.191013
-0.123499
-0.138549
-0.161242
-0.120497
-0.0744003
-0.0633134
-0.0880973
-0.129596
-0.145288
-0.116163
-0.0742844
-0.0525903
-0.0537359
-0.070195
-0.0879276
-0.089187
-0.0719784
-0.0524184
-0.044953
-0.0513244
-0.0651734
-0.0750159
-0.0710691
-0.0554484
-0.0399524
-0.0337841
-0.0376527
-0.0461192
-0.0510773
-0.0473686
-0.0375434
-0.0293647
-0.0284647
-0.0345428
-0.0424564
-0.0455447
-0.0407097
-0.0309691
-0.0228966
-0.0208751
-0.0244012
-0.0292174
-0.030469
-0.0265594
-0.0203515
-0.0166597
-0.0180967
-0.0232953
-0.0280961
-0.0285372
-0.0239033
-0.0171876
-0.012635
-0.0123786
-0.0151831
-0.0177207
-0.0172301
-0.0137481
-0.00995873
-0.00888713
-0.0113939
-0.0155669
-0.0181843
-0.0171349
-0.0129496
-0.00832817
-0.00596621
-0.00655665
-0.00850177
-0.00938591
-0.00799675
-0.0052694
-0.00345002
-0.00416805
-0.00708537
-0.0101307
-0.0110718
-0.00918049
-0.00565266
-0.00269444
-0.00179373
-0.00269726
-0.0038049
-0.00360889
-0.00196101
-0.000127458
0.000259766
-0.00139969
-0.00414061
-0.00612409
-0.0060039
-0.00385055
-0.0010253
0.000835112
0.0010309
0.000218102
-0.000269761
0.000400488
0.00188006
0.00295443
0.00253745
0.000602872
-0.00172126
-0.00296091
-0.00236283
-0.000353966
0.00178701
0.00287478
0.0026602
0.00192014
0.00171396
0.00246232
0.00361068
0.00406159
0.00305545
0.000825342
-0.00148794
-0.0026131
-0.00201155
-0.000160166
0.00176373
0.00270604
0.00244098
0.0016505
0.00129253
0.00179996
0.00277865
0.00331295
0.00268563
0.000976091
-0.000976933
-0.00214874
-0.0020933
-0.000976988
0.000438413
0.00172505
0.00242297
0.00314261
0.00297383
0.00342126
0.00146261
0.00279595
-0.00219455
0.139151
0.141311
0.14863
0.160382
0.179307
0.208934
0.255891
0.321724
0.432442
-0.361318
-0.402362
-0.601702
-0.60263
-0.3883
-0.174708
-0.0874641
-0.0913184
-0.110049
-0.0943104
-0.0638563
-0.0618531
-0.0949298
-0.141796
-0.154352
-0.117007
-0.069945
-0.0457001
-0.044216
-0.0575432
-0.0733347
-0.0760086
-0.0629712
-0.047971
-0.0443017
-0.0538112
-0.0699761
-0.080455
-0.0751218
-0.0567698
-0.0383918
-0.0296705
-0.031327
-0.0381218
-0.0425181
-0.039714
-0.0320792
-0.0266805
-0.028539
-0.0369469
-0.0463763
-0.0498131
-0.044098
-0.0325023
-0.0221109
-0.0177599
-0.0192965
-0.022813
-0.0237723
-0.0206987
-0.0162995
-0.0149631
-0.0187992
-0.0259844
-0.0319861
-0.0326205
-0.0271341
-0.0187069
-0.0119647
-0.00949463
-0.0104878
-0.0119734
-0.0114016
-0.0088592
-0.00685027
-0.00801624
-0.012738
-0.0186616
-0.0222353
-0.021183
-0.0160115
-0.00961554
-0.00507466
-0.003555
-0.00389341
-0.00398896
-0.00277166
-0.00117634
-0.00121972
-0.00412446
-0.00908407
-0.0136256
-0.0152441
-0.0130856
-0.0083633
-0.00352666
-0.000485532
0.000541155
0.000761287
0.00144342
0.00264434
0.00317147
0.00167085
-0.00203953
-0.00656933
-0.00974558
-0.0100145
-0.00735547
-0.00320983
0.000505494
0.00267067
0.00351804
0.00406006
0.00495663
0.0058065
0.00551701
0.00329716
-0.000487026
-0.00434089
-0.00651367
-0.00608539
-0.00341985
9.11268e-05
0.00296836
0.00456268
0.00527414
0.00589098
0.00669547
0.0071023
0.0061578
0.00339873
-0.000575487
-0.00429529
-0.00624333
-0.00573082
-0.0031795
0.000121798
0.00284023
0.00437266
0.00504353
0.00554763
0.00617025
0.00646527
0.00562809
0.00320972
-0.000356121
-0.00389832
-0.00612306
-0.00639739
-0.00478876
-0.00217661
0.000741834
0.00302272
0.00510088
0.00553089
0.00645183
0.00339433
0.00530065
-0.00384097
0.137933
0.139876
0.146444
0.156689
0.172729
0.195507
0.229634
0.270855
0.279855
-0.285052
-0.352675
-0.376998
-0.587865
-0.564944
-0.344435
-0.146336
-0.0533971
-0.0486247
-0.059681
-0.0605061
-0.0454753
-0.0529396
-0.0942724
-0.145065
-0.153152
-0.109305
-0.0604752
-0.0358678
-0.0327551
-0.0433378
-0.0570834
-0.06067
-0.0512355
-0.0404899
-0.0405316
-0.053116
-0.0714037
-0.0822736
-0.0755782
-0.0549466
-0.0343842
-0.0237533
-0.0236466
-0.0289925
-0.0328354
-0.0308017
-0.0251583
-0.0223541
-0.0268166
-0.0374086
-0.0482156
-0.0519316
-0.0454088
-0.0322064
-0.0198517
-0.0135247
-0.0133391
-0.0156975
-0.0163847
-0.01407
-0.0113381
-0.0121856
-0.0182467
-0.0272642
-0.0343648
-0.0351802
-0.028942
-0.0190084
-0.0103391
-0.00591012
-0.00528651
-0.00582728
-0.00519016
-0.00351535
-0.00314324
-0.00636246
-0.013114
-0.0206433
-0.0251052
-0.0240763
-0.0180414
-0.0100661
-0.00357102
-0.000148786
0.000963859
0.00157315
0.00261968
0.00317398
0.00143298
-0.00345858
-0.0102766
-0.016193
-0.0184562
-0.0160908
-0.0103153
-0.00379007
0.00119336
0.00397773
0.00540151
0.00651253
0.00729546
0.00663271
0.00342524
-0.00213704
-0.00829107
-0.0125692
-0.0132242
-0.0101424
-0.00482371
0.000569305
0.00453165
0.00689601
0.00837125
0.00946241
0.00973305
0.00820993
0.00436776
-0.00108283
-0.00632792
-0.00937005
-0.00912956
-0.005901
-0.00116425
0.0033414
0.00659518
0.00863727
0.0100003
0.010848
0.0105798
0.00837993
0.00405017
-0.00149011
-0.00648617
-0.0092003
-0.0087991
-0.00564289
-0.00110683
0.00323057
0.00641523
0.00842825
0.00971413
0.0104299
0.0100937
0.00800853
0.00396449
-0.00129743
-0.00631695
-0.0095558
-0.010195
-0.00819817
-0.00452925
-0.000131125
0.00360178
0.00690701
0.00788308
0.00922029
0.00521223
0.0076078
-0.00530096
0.135929
0.137583
0.143099
0.151505
0.163648
0.180142
0.196921
0.210928
0.166248
-0.179399
-0.461668
-0.324593
-0.382113
-0.537866
-0.481826
-0.280054
-0.116969
-0.028801
-0.0109769
-0.016431
-0.0227521
-0.021341
-0.0374388
-0.0860264
-0.138545
-0.141261
-0.0940177
-0.0473462
-0.0244132
-0.0204763
-0.0286052
-0.0402658
-0.0442886
-0.0377298
-0.0305761
-0.0338401
-0.0490883
-0.0690636
-0.0800228
-0.0721545
-0.0499941
-0.0282003
-0.0164423
-0.0150863
-0.0192522
-0.0225825
-0.0211659
-0.0172128
-0.016644
-0.0233578
-0.0358139
-0.047749
-0.0516531
-0.0444678
-0.0300436
-0.0162286
-0.00840017
-0.00684774
-0.00824664
-0.0086996
-0.00703277
-0.00573547
-0.00846167
-0.0164284
-0.0270022
-0.0350288
-0.0360058
-0.0291733
-0.0180418
-0.00782877
-0.00180757
0.000152169
0.000399367
0.00108114
0.00200711
0.000980183
-0.00398516
-0.0124583
-0.0213527
-0.0265849
-0.0256105
-0.0188936
-0.00963269
-0.00152329
0.00348713
0.00581643
0.00700975
0.00789804
0.00756421
0.00439167
-0.00216964
-0.0105549
-0.0176483
-0.0204919
-0.0179985
-0.0113781
-0.00345583
0.00315913
0.00742997
0.00986824
0.01133
0.011753
0.0100905
0.00545925
-0.00164899
-0.0091722
-0.0144028
-0.0154248
-0.0120335
-0.00576222
0.00103094
0.00651406
0.0101673
0.0124289
0.0136771
0.0134595
0.0109105
0.00572295
-0.00111631
-0.00753824
-0.0113411
-0.0113011
-0.00764124
-0.00189888
0.00397652
0.00864397
0.0118219
0.0138164
0.0146983
0.013868
0.0106308
0.00500377
-0.00183844
-0.00791296
-0.011298
-0.0110287
-0.00740107
-0.00184681
0.00385765
0.00845541
0.0116189
0.0135685
0.014358
0.013487
0.0103532
0.0049392
-0.00176986
-0.0080794
-0.0122427
-0.0132668
-0.0110156
-0.00649737
-0.000858949
0.00412652
0.0084797
0.00995754
0.0116314
0.00691831
0.00958572
-0.00637738
0.133265
0.134574
0.138906
0.145186
0.153562
0.163045
0.168322
0.15847
0.0818317
-0.128387
-0.313173
-0.293409
-0.330981
-0.413316
-0.356621
-0.212308
-0.0915336
-0.0139496
0.016999
0.0186421
0.0154126
0.00641412
-0.0179201
-0.0720077
-0.122627
-0.119616
-0.0733449
-0.0324405
-0.0126345
-0.00836336
-0.0141915
-0.0237439
-0.0277799
-0.0233584
-0.0189509
-0.0246453
-0.0418371
-0.0628543
-0.0735904
-0.0649177
-0.0422245
-0.0203017
-0.00823446
-0.00612761
-0.009378
-0.012252
-0.0113011
-0.00868125
-0.00986568
-0.0183198
-0.0321727
-0.0448943
-0.0488846
-0.0412523
-0.0261049
-0.0114379
-0.00265335
-0.000133434
-0.00080166
-0.00107195
7.62835e-05
0.000233996
-0.00396447
-0.0134014
-0.0251565
-0.0338784
-0.0349938
-0.0277718
-0.0158324
-0.00454736
0.00262385
0.00558305
0.00642764
0.0071282
0.00745524
0.00533532
-0.000975414
-0.0107654
-0.020708
-0.0265523
-0.025667
-0.0184943
-0.00831556
0.000983947
0.0071919
0.0104477
0.0120771
0.0128257
0.0117999
0.00753604
-0.00028929
-0.00986751
-0.0178797
-0.0212124
-0.018682
-0.0114741
-0.0025214
0.00533098
0.0107441
0.0139593
0.0156772
0.015817
0.0133972
0.00769998
-0.000567986
-0.00913578
-0.015123
-0.0164776
-0.0129103
-0.00595895
0.00188306
0.00853267
0.0131823
0.0160468
0.0174078
0.0168193
0.013507
0.00732177
-0.000557531
-0.00788335
-0.0123018
-0.012468
-0.00853338
-0.00205955
0.00485466
0.0106168
0.0146789
0.0171602
0.0180681
0.0168205
0.0128196
0.00623539
-0.00158035
-0.00848367
-0.0124132
-0.012292
-0.00835149
-0.00204809
0.00470103
0.0104007
0.0144665
0.0169319
0.0177766
0.0164988
0.0125708
0.00611005
-0.00172864
-0.00907969
-0.014033
-0.0154421
-0.0130829
-0.00796717
-0.00139531
0.00458274
0.00975689
0.0116894
0.0135923
0.00849805
0.011097
-0.00687156
0.130083
0.131036
0.134131
0.138358
0.14321
0.147269
0.144566
0.126238
0.0599505
-0.105641
-0.222931
-0.223585
-0.257484
-0.314881
-0.274397
-0.169144
-0.074111
-0.00623107
0.0322033
0.0454732
0.0481897
0.0341434
0.000966423
-0.0554872
-0.0996065
-0.0914915
-0.050644
-0.0177055
-0.0015902
0.00283328
-0.000762444
-0.00816739
-0.0118489
-0.00891235
-0.0063963
-0.013568
-0.0317663
-0.0530428
-0.0632892
-0.0543401
-0.0322425
-0.0113001
0.000329471
0.00277115
0.000219563
-0.00225352
-0.0016335
2.01569e-05
-0.0023721
-0.0119523
-0.0266325
-0.0397371
-0.0437146
-0.0359102
-0.0206143
-0.00575349
0.00342822
0.00651892
0.00635036
0.00620333
0.00696409
0.00630641
0.00110239
-0.0092933
-0.0217866
-0.030934
-0.0321637
-0.0247915
-0.012486
-0.00064848
0.00719786
0.0107992
0.012037
0.0127251
0.0126154
0.00974473
0.00254577
-0.00809424
-0.0187169
-0.0249869
-0.0242261
-0.0168514
-0.00616718
0.0038514
0.0108274
0.014692
0.0165947
0.0172225
0.0157213
0.0107466
0.00211591
-0.00822831
-0.0168599
-0.0205703
-0.0180988
-0.0105886
-0.00101506
0.00763357
0.0138047
0.0175323
0.0194008
0.01934
0.0164304
0.0100663
0.00107274
-0.00817068
-0.0146865
-0.0163264
-0.0127251
-0.00539467
0.00310331
0.0105207
0.0158375
0.0190975
0.0205205
0.0196896
0.0159036
0.00910756
0.000579502
-0.00733949
-0.0122029
-0.0125724
-0.00853047
-0.00162789
0.00595328
0.0124482
0.0171085
0.0199126
0.0208348
0.0193278
0.014865
0.00770091
-0.000721215
-0.00817029
-0.0124959
-0.0125328
-0.00844891
-0.00169319
0.00573774
0.0121848
0.0168696
0.0196836
0.0205621
0.0190203
0.0145825
0.00743833
-0.00116813
-0.00926948
-0.0148437
-0.0166174
-0.0142933
-0.00884963
-0.00169079
0.00497578
0.0107017
0.0130281
0.0150201
0.00992114
0.0120111
-0.00659065
0.126529
0.127128
0.129034
0.131313
0.133171
0.132645
0.124787
0.100709
0.0444153
-0.0731139
-0.171374
-0.192892
-0.221666
-0.249248
-0.213734
-0.134753
-0.0600019
-0.00230631
0.0367985
0.0586417
0.0661226
0.0525194
0.0124436
-0.0416542
-0.0742011
-0.0618885
-0.0292406
-0.00457446
0.0080954
0.0126465
0.0111764
0.00597336
0.00296887
0.00494944
0.00629276
-0.00140894
-0.0195928
-0.0403145
-0.0499006
-0.041295
-0.0208886
-0.00188495
0.00872021
0.0112042
0.00920923
0.00709763
0.00749663
0.00851968
0.00546563
-0.004589
-0.0194801
-0.0325412
-0.0364235
-0.0287633
-0.0139195
0.000491333
0.00955402
0.0128636
0.0129879
0.0129039
0.0133956
0.0122417
0.00651364
-0.00429889
-0.0170566
-0.0263427
-0.0276649
-0.0203991
-0.00818656
0.00368069
0.0117391
0.0156404
0.0170736
0.0177142
0.0173236
0.0140462
0.00643114
-0.00456862
-0.0154805
-0.0219758
-0.021373
-0.0140592
-0.00329324
0.00696699
0.0142825
0.0184415
0.0204542
0.0209747
0.0192102
0.0139087
0.00494494
-0.00571883
-0.0146516
-0.018616
-0.0162964
-0.00877441
0.00100116
0.00999686
0.0165372
0.0205103
0.0224203
0.0222342
0.0190981
0.0124704
0.00319826
-0.00633486
-0.0131355
-0.0150034
-0.0115076
-0.00410266
0.00465088
0.0124289
0.0180774
0.0215212
0.022949
0.0219967
0.0180237
0.0110085
0.00223526
-0.00595075
-0.0110746
-0.0116361
-0.00765139
-0.000625781
0.00724285
0.0140993
0.0190637
0.0220198
0.0229375
0.0213223
0.0166973
0.00933636
0.000686684
-0.0070113
-0.0115726
-0.01177
-0.00771008
-0.000802224
0.00693909
0.0137678
0.0187785
0.0217663
0.0226517
0.0209852
0.016324
0.00887039
-0.000123699
-0.00866181
-0.0146655
-0.0167656
-0.014604
-0.00909571
-0.00170499
0.00532592
0.0113071
0.0139469
0.015857
0.0111481
0.0122262
-0.00537833
0.122745
0.123019
0.123826
0.124405
0.123771
0.119907
0.108746
0.0830358
0.0347086
-0.0543692
-0.131307
-0.15448
-0.17373
-0.194664
-0.168957
-0.11015
-0.0504934
-0.00129364
0.0347185
0.0585552
0.0680397
0.0559657
0.018834
-0.025213
-0.0454462
-0.0338698
-0.0110475
0.00632881
0.016214
0.0208465
0.0212537
0.0182863
0.0162406
0.0176836
0.0183478
0.0108919
-0.00632655
-0.0257589
-0.0346234
-0.0269617
-0.00911951
0.00727373
0.0164804
0.0188442
0.0173418
0.0155777
0.0158403
0.0165053
0.013276
0.00336734
-0.011132
-0.0237413
-0.0274746
-0.0202892
-0.00646404
0.00693233
0.0154507
0.0187027
0.0189578
0.0188839
0.0192013
0.0178337
0.0120329
0.00132802
-0.0112293
-0.020373
-0.0217712
-0.0148665
-0.00318594
0.00822993
0.0160896
0.0199952
0.0214515
0.0220086
0.0214701
0.018099
0.0105132
-0.000372319
-0.0111894
-0.0177097
-0.0172949
-0.0102939
0.000151354
0.0102086
0.0174729
0.0216439
0.0236177
0.0240357
0.0221934
0.0169169
0.00806637
-0.00248503
-0.0114044
-0.015495
-0.0134107
-0.0061512
0.00343139
0.0123544
0.018905
0.0228784
0.0247258
0.0244719
0.0213417
0.0148217
0.00569509
-0.00375247
-0.0105948
-0.0126267
-0.00936301
-0.00216909
0.00646418
0.0142225
0.019891
0.0233209
0.0246925
0.0237182
0.0198126
0.0129408
0.00430753
-0.00382634
-0.00902408
-0.00975791
-0.00598032
0.000882986
0.00868323
0.0155531
0.0205461
0.0234915
0.0243771
0.0227804
0.0182615
0.0110606
0.00254668
-0.00510885
-0.00974321
-0.0100957
-0.0062132
0.000565531
0.00826723
0.0151322
0.0201914
0.0231855
0.024044
0.0223716
0.0177481
0.0103398
0.00133014
-0.00732921
-0.0135609
-0.0159344
-0.0140403
-0.00870607
-0.00141861
0.0056595
0.0115956
0.0144523
0.0160872
0.0121412
0.0116965
-0.00316417
0.118862
0.118845
0.11868
0.117802
0.115185
0.108863
0.0957185
0.0699892
0.0279787
-0.0403612
-0.101911
-0.128108
-0.147048
-0.158524
-0.136493
-0.0908203
-0.0429206
-0.0013295
0.0304527
0.0526639
0.0626061
0.0541361
0.027068
-0.00421212
-0.0181967
-0.0117832
0.00266946
0.0148688
0.022777
0.0273846
0.0292601
0.0284553
0.0276037
0.0288554
0.0290882
0.0223284
0.00678687
-0.0108065
-0.018935
-0.0126484
0.0021484
0.0156223
0.0232774
0.0254635
0.024447
0.0230443
0.0232356
0.0237334
0.0207047
0.0114666
-0.0021106
-0.0139177
-0.0174834
-0.0110817
0.00125673
0.0132116
0.020883
0.0238911
0.0241704
0.0240687
0.0242773
0.0229181
0.017425
0.00728961
-0.00464908
-0.0133981
-0.0148628
-0.00855125
0.00221569
0.0127808
0.0201153
0.0237976
0.0251448
0.0255857
0.024999
0.0217884
0.0146134
0.00426233
-0.00611127
-0.0124713
-0.0122675
-0.00580201
0.00397206
0.0134487
0.0203394
0.0242944
0.0261079
0.0264196
0.0246418
0.0196791
0.0113262
0.00127253
-0.00734435
-0.0114384
-0.00965657
-0.00289768
0.00614969
0.0146415
0.0209016
0.0246724
0.0263672
0.0260804
0.0231362
0.0170312
0.00841867
-0.000605274
-0.00726248
-0.00939112
-0.00646505
0.000271716
0.00846106
0.0158753
0.0213016
0.0245509
0.0258077
0.0248797
0.0212399
0.0148141
0.00665854
-0.00113265
-0.00622756
-0.00710614
-0.00366056
0.00279543
0.0102215
0.0168074
0.0215953
0.0243898
0.0252095
0.0237211
0.0195206
0.012781
0.00472433
-0.00262146
-0.00717367
-0.00766753
-0.00409187
0.00231435
0.00967327
0.0162763
0.0211459
0.0240002
0.024793
0.0232014
0.0188278
0.0117717
0.00308445
-0.00539811
-0.0116585
-0.0142403
-0.0126923
-0.00773371
-0.000841841
0.00599886
0.0116128
0.0145845
0.0157484
0.012876
0.0104566
-1.76132e-05
0.114997
0.11473
0.11373
0.111659
0.107502
0.099498
0.085295
0.060563
0.0239144
-0.0299199
-0.0795699
-0.104272
-0.119702
-0.127367
-0.110635
-0.0757585
-0.0372836
-0.00225053
0.0255648
0.0454075
0.0552591
0.0511885
0.0333209
0.0115543
0.000518633
0.00331764
0.0126274
0.0214884
0.0279546
0.0323744
0.0351959
0.0362416
0.0367271
0.0380935
0.0379922
0.0319648
0.0183868
0.0029462
-0.00435706
0.000484211
0.0122044
0.0227967
0.028936
0.0309468
0.0304265
0.0294185
0.029595
0.0300333
0.0274349
0.0192407
0.00699243
-0.00375247
-0.00716445
-0.00178942
0.00875398
0.0190179
0.0256732
0.0283375
0.0285899
0.0284437
0.028581
0.0273766
0.0224699
0.0132652
0.00228324
-0.00586687
-0.00739561
-0.00186588
0.00769711
0.0171254
0.0237115
0.027021
0.028174
0.0284749
0.0279022
0.0250301
0.0185539
0.00907204
-0.00057003
-0.00661197
-0.00663392
-0.000880191
0.00795004
0.0165617
0.0228445
0.0264234
0.0279916
0.028188
0.0265658
0.0221217
0.0145599
0.00531483
-0.0027558
-0.00674235
-0.00530937
0.000762672
0.00900835
0.0167954
0.0225419
0.0259632
0.0274378
0.0271312
0.0244894
0.0190196
0.0112059
0.00288253
-0.00339437
-0.00555386
-0.0030416
0.00304772
0.0105428
0.0173658
0.0223544
0.0253009
0.0263946
0.0255469
0.0223019
0.0165409
0.0091274
0.00192061
-0.00291537
-0.00390447
-0.000882616
0.00497691
0.0117929
0.0178677
0.0222751
0.0248134
0.025533
0.0242013
0.0204597
0.0144027
0.00705889
0.000248157
-0.00408262
-0.00469576
-0.00152445
0.00431871
0.0110977
0.0172079
0.0217055
0.0243079
0.0249977
0.0235363
0.019559
0.0130902
0.00500476
-0.00303944
-0.00914222
-0.0118588
-0.010707
-0.00627997
-1.69574e-05
0.00635428
0.0114171
0.0144104
0.0149319
0.0133502
0.00863297
0.00381773
0.111249
0.110772
0.109075
0.106047
0.10073
0.0916056
0.0769519
0.0536258
0.0214165
-0.0220173
-0.0626644
-0.0859185
-0.100058
-0.105289
-0.0916502
-0.0640303
-0.0326963
-0.003199
0.0209872
0.0385771
0.0480143
0.0467221
0.0351172
0.0204132
0.0123109
0.0135495
0.0198177
0.0264924
0.0319007
0.036038
0.039294
0.0416122
0.0433795
0.0451015
0.0447756
0.0391836
0.0273629
0.0142277
0.00803949
0.0117311
0.0206472
0.0286472
0.03344
0.0352916
0.0352477
0.0346673
0.0348862
0.0353056
0.0332095
0.0262433
0.0155667
0.00603165
0.00274435
0.00696536
0.0156104
0.0241233
0.0297148
0.0320035
0.0322218
0.0320375
0.0321207
0.0311409
0.0269787
0.0189371
0.00914447
0.00173444
0.000138975
0.0047621
0.0129496
0.0210866
0.0268082
0.0296702
0.030591
0.0307418
0.0302114
0.0277729
0.0221721
0.0137855
0.00508246
-0.000521751
-0.000773693
0.00415171
0.0118624
0.0194335
0.0249698
0.0280831
0.0293612
0.0294336
0.0280083
0.0241949
0.017608
0.00938641
0.00204386
-0.00174334
-0.000681622
0.00458158
0.0118506
0.0187578
0.023853
0.0268388
0.0280538
0.0277253
0.0254379
0.020725
0.0138922
0.00646542
0.000719372
-0.0014131
0.000646447
0.00596498
0.0126019
0.0186749
0.0231049
0.0256767
0.0265772
0.0258137
0.0230208
0.018047
0.0115476
0.00510048
0.000648199
-0.000412266
0.00213317
0.00727366
0.0133251
0.0187424
0.0226595
0.0248775
0.0254698
0.0243066
0.0210881
0.0158409
0.00938028
0.00327165
-0.000724113
-0.00142694
0.00128143
0.00643493
0.0124751
0.0179392
0.0219472
0.0242267
0.0247842
0.0234685
0.0199629
0.0142277
0.00694404
-0.000455135
-0.00623916
-0.0090129
-0.0082774
-0.00448551
0.000985479
0.00672102
0.0110697
0.0140103
0.0137703
0.0135841
0.0064355
0.00793851
0.107701
0.107053
0.104787
0.101014
0.0948483
0.0850313
0.0703288
0.0485465
0.0200632
-0.0157516
-0.0494675
-0.0704852
-0.0827557
-0.0866322
-0.0760273
-0.0543833
-0.0289058
-0.00409201
0.0168821
0.0325566
0.0415321
0.0421694
0.0350419
0.0253126
0.0197067
0.0204568
0.0249908
0.0302328
0.0348447
0.0386564
0.041965
0.0448793
0.0474962
0.0495925
0.049232
0.0439151
0.0336066
0.0228937
0.0181056
0.0208907
0.0273652
0.0332114
0.0368987
0.0385895
0.038941
0.0387918
0.0391126
0.0395186
0.0378634
0.032106
0.0230497
0.0147524
0.011582
0.0146817
0.0215386
0.028404
0.0329767
0.0349007
0.0351018
0.0349045
0.0349431
0.0341924
0.0308109
0.0240222
0.0155295
0.008929
0.00726469
0.0109379
0.017713
0.0245369
0.0293739
0.0317743
0.0324638
0.0324715
0.0319868
0.0300007
0.0253365
0.0181509
0.0105011
0.00540869
0.00493437
0.00898377
0.0155061
0.0219731
0.0267149
0.0293359
0.0303163
0.0302624
0.0290352
0.0258769
0.0203343
0.0132431
0.0067368
0.00321456
0.00390852
0.00831204
0.0145274
0.0204796
0.0248687
0.0273901
0.028335
0.0279757
0.0260411
0.022112
0.016332
0.00990463
0.00478502
0.00273011
0.00433216
0.00882832
0.0145339
0.0197873
0.0236099
0.0257827
0.0264806
0.0257871
0.023442
0.0192833
0.0137693
0.00817811
0.00419373
0.00310292
0.00515988
0.00952942
0.0147462
0.0194403
0.0228219
0.0246961
0.0251475
0.0241383
0.0214399
0.0170348
0.0115321
0.00622122
0.00264032
0.00188268
0.00411049
0.00851628
0.0137405
0.0184849
0.0219498
0.0238774
0.0242875
0.0231083
0.0200847
0.0151374
0.00876206
0.00214346
-0.00319833
-0.00595423
-0.00562474
-0.00251568
0.00207564
0.00708097
0.0106268
0.0134645
0.0124141
0.0136136
0.00412364
0.0118595
0.10442
0.103635
0.100917
0.0965763
0.0898065
0.0795955
0.0650819
0.0447977
0.0193923
-0.0108103
-0.0392735
-0.0583104
-0.0694875
-0.0727215
-0.0642819
-0.0468736
-0.0258206
-0.00478023
0.0134837
0.0275007
0.0360557
0.0380643
0.0341301
0.0280139
0.0244242
0.0251411
0.0286726
0.0329692
0.0369821
0.0404743
0.0436388
0.0466315
0.0495009
0.0517108
0.0514418
0.0467552
0.038193
0.0298202
0.0261738
0.0279886
0.0324484
0.0366527
0.0394888
0.0409951
0.0416013
0.0418279
0.0422991
0.0426998
0.041357
0.0366146
0.0290284
0.021899
0.0189008
0.0210791
0.0264146
0.0318396
0.0354969
0.037086
0.037288
0.0371108
0.0371181
0.0365595
0.0338897
0.0283036
0.0210954
0.0153015
0.0135768
0.0163498
0.0218083
0.0274114
0.0314162
0.0333809
0.0338658
0.033753
0.0333055
0.031731
0.0279612
0.0219634
0.015384
0.0108289
0.0101528
0.0133507
0.0187214
0.0241225
0.0280971
0.0302465
0.0309505
0.0307786
0.0297255
0.0271758
0.0226416
0.0166802
0.0110398
0.00781962
0.0081731
0.0117358
0.0169145
0.0219283
0.0256263
0.0277002
0.0283896
0.0279924
0.0263725
0.0231759
0.0184182
0.0129979
0.00853967
0.00660007
0.00777317
0.0114645
0.0162505
0.0206947
0.023922
0.0257107
0.0262148
0.0255715
0.0236277
0.020233
0.0156803
0.0109588
0.00747952
0.0063952
0.00799098
0.0116051
0.0159952
0.0199725
0.0228276
0.0243696
0.0246821
0.0237983
0.0215685
0.0179566
0.0133942
0.00890027
0.0057729
0.0049963
0.00676512
0.0104317
0.0148399
0.0188629
0.0217871
0.0233696
0.0236336
0.0225677
0.0199875
0.0158008
0.0103456
0.00456205
-0.000262861
-0.00293566
-0.00297459
-0.000540873
0.00315824
0.00740949
0.0101367
0.0128448
0.0110083
0.0134802
0.00195311
0.0151372
0.101459
0.100569
0.0974983
0.0927353
0.0855512
0.0751524
0.0609591
0.0420451
0.0191725
-0.00682374
-0.0312447
-0.0483776
-0.0584315
-0.0612532
-0.0546178
-0.0406032
-0.0231418
-0.00522035
0.0107569
0.0233767
0.0315602
0.0345528
0.0329084
0.0293924
0.027378
0.0282946
0.0312834
0.0349594
0.0385128
0.0417028
0.044649
0.0474738
0.0502176
0.0523138
0.0522196
0.0485125
0.0418093
0.0352945
0.0322317
0.0331361
0.0361365
0.0391938
0.0413969
0.0426917
0.0433921
0.0438741
0.0445026
0.0449267
0.0437898
0.0397896
0.033392
0.0273151
0.0246043
0.0261411
0.0302616
0.0344895
0.0373652
0.0386539
0.038858
0.0387268
0.0387248
0.0383095
0.0362155
0.0316667
0.0256119
0.0205594
0.0188047
0.0208164
0.0251571
0.0297075
0.0329757
0.0345511
0.0348684
0.0346684
0.034249
0.0330116
0.0300164
0.0250921
0.0195106
0.0154721
0.0146283
0.0170658
0.0214111
0.0258631
0.0291495
0.0308771
0.0313438
0.0310727
0.0301602
0.0281272
0.0244846
0.0195589
0.0147403
0.0118283
0.0118886
0.0146907
0.018929
0.0230925
0.0261659
0.0278393
0.0283051
0.0278696
0.0265093
0.0239426
0.0200967
0.0156069
0.0117858
0.00998308
0.0107819
0.0137439
0.0176919
0.0213995
0.0240884
0.0255345
0.0258675
0.0252576
0.0236473
0.0209129
0.0172221
0.0133097
0.0103249
0.00927522
0.0104674
0.0133964
0.017031
0.0203534
0.0227314
0.0239769
0.0241654
0.0233768
0.0215384
0.0186157
0.0149012
0.0111726
0.00849416
0.00772803
0.00909139
0.0120824
0.0157379
0.0190946
0.021523
0.0227938
0.0229259
0.0219478
0.0197442
0.0162315
0.0116277
0.00665394
0.00236538
-0.000177961
-0.00052822
0.00128604
0.00414721
0.00768257
0.00963786
0.0122095
0.00967188
0.0132248
0.000119899
0.0174886
0.0988612
0.0978902
0.0945511
0.0894818
0.0820237
0.0715684
0.057746
0.040024
0.0191972
-0.00365505
-0.0250221
-0.0405847
-0.0498599
-0.0525411
-0.0472815
-0.035755
-0.0210041
-0.00552127
0.00861808
0.0201015
0.027969
0.0316603
0.0316548
0.0300155
0.0292122
0.0303996
0.0331049
0.0363778
0.0395877
0.0425122
0.0452295
0.0478318
0.0503363
0.0522402
0.0523179
0.0494944
0.0442734
0.0390889
0.0363918
0.0367074
0.0387671
0.0410517
0.0427842
0.0438599
0.0445286
0.0451143
0.0458372
0.0463009
0.0453317
0.041879
0.0364192
0.0312713
0.0289191
0.03002
0.0331848
0.0364588
0.0387006
0.0397235
0.03991
0.0398289
0.0398421
0.0395344
0.0378649
0.0341239
0.0290101
0.0245947
0.0228656
0.0243122
0.0277797
0.0314734
0.034118
0.0353566
0.0355409
0.0352878
0.0348934
0.0339111
0.0315306
0.0274958
0.0227693
0.0191895
0.0182243
0.0200434
0.0235495
0.0272148
0.0299186
0.0312867
0.0315609
0.0312162
0.0304129
0.0287863
0.0258708
0.0218204
0.0177203
0.015095
0.0149225
0.0170888
0.0205379
0.0239855
0.0265295
0.0278646
0.0281468
0.0276799
0.0265227
0.0244605
0.0213673
0.0176707
0.0144136
0.0127517
0.0132474
0.0155956
0.0188344
0.0219179
0.0241512
0.0253098
0.0255017
0.024915
0.0235668
0.0213651
0.0183904
0.0151724
0.0126308
0.0116332
0.0124963
0.0148474
0.0178394
0.0206043
0.0225783
0.0235755
0.0236614
0.0229434
0.0214135
0.0190495
0.0160437
0.0129762
0.0107038
0.00996808
0.0109983
0.013415
0.0164244
0.0192082
0.021212
0.0222185
0.0222399
0.0213274
0.0194248
0.0164679
0.0125915
0.00833807
0.00455303
0.00216254
0.0015676
0.00285282
0.00498117
0.00788608
0.00916245
0.0116047
0.00848878
0.0128877
-0.00127496
0.0188499
0.0966571
0.0956263
0.092088
0.0868026
0.0791717
0.0687371
0.055284
0.0385591
0.0193558
-0.00114489
-0.0202011
-0.0344457
-0.0430352
-0.0456166
-0.0414132
-0.0318011
-0.019175
-0.0056313
0.00702896
0.0175878
0.0251796
0.0293538
0.0305068
0.0302091
0.0303237
0.0317927
0.0343676
0.0373794
0.0403319
0.043032
0.0455384
0.0479327
0.050213
0.051936
0.0521085
0.0498959
0.0457242
0.0415016
0.0391416
0.03915
0.0406254
0.0423909
0.0437749
0.0446498
0.0452234
0.0457932
0.0465185
0.0469996
0.0461941
0.0432241
0.0385575
0.0341843
0.03213
0.0328838
0.0353136
0.0378695
0.0396258
0.0404193
0.040559
0.0405087
0.04055
0.0403333
0.0389682
0.0358114
0.031408
0.0275139
0.0258686
0.0269411
0.0297601
0.0327826
0.034919
0.0358744
0.0359507
0.0356694
0.0353037
0.0345084
0.0325826
0.0292271
0.0251746
0.0219733
0.0209394
0.0223031
0.0251737
0.0282246
0.0304569
0.0315288
0.0316524
0.0312605
0.0305424
0.029218
0.0268541
0.023488
0.0199674
0.0175874
0.0172465
0.0189223
0.0217566
0.0246398
0.0267594
0.0278212
0.02796
0.0274731
0.0264706
0.0247897
0.0222754
0.019205
0.0164077
0.0148743
0.0151419
0.01701
0.0196893
0.0222774
0.024147
0.0250767
0.0251595
0.0245918
0.0234423
0.0216461
0.0192265
0.0165601
0.0143832
0.013442
0.0140543
0.0159501
0.0184315
0.0207517
0.0224034
0.0232046
0.0232112
0.0225468
0.0212502
0.0193131
0.0168599
0.0143208
0.0123846
0.0116872
0.012461
0.0144212
0.0169124
0.0192347
0.0208965
0.0216921
0.0216264
0.0207633
0.0190903
0.0165646
0.0132669
0.00960442
0.00624998
0.0040101
0.00323474
0.00409882
0.00562917
0.00801716
0.00873444
0.0110637
0.00750491
0.012511
-0.00222973
0.0193583
0.0948701
0.0937965
0.0901151
0.084682
0.0769478
0.0665704
0.0534464
0.0375154
0.0195555
0.000772864
-0.0165921
-0.0298261
-0.0379286
-0.0404994
-0.0370893
-0.0288651
-0.0177956
-0.00569736
0.00584138
0.0156977
0.0230756
0.0275844
0.0295478
0.0301946
0.0309802
0.0326938
0.0352192
0.0380668
0.0408348
0.0433579
0.0456878
0.0479064
0.0500043
0.0515822
0.0518074
0.0500086
0.046557
0.0430127
0.0409402
0.0408017
0.041918
0.0433364
0.0444662
0.045174
0.04564
0.0461366
0.046816
0.0472883
0.046629
0.0440805
0.0400577
0.0362626
0.0343993
0.0348839
0.0367934
0.038846
0.0402501
0.0408547
0.0409274
0.0408775
0.0409398
0.0408003
0.0396604
0.0369235
0.0330426
0.0295598
0.0280215
0.028853
0.0311997
0.033715
0.0354565
0.0361828
0.0361686
0.0358715
0.0355365
0.0348793
0.0332754
0.0304048
0.0268453
0.0239372
0.0228813
0.0239402
0.0263587
0.0289519
0.0308177
0.0316536
0.0316618
0.0312429
0.0305924
0.0294839
0.0275132
0.0246444
0.0215559
0.0193698
0.01892
0.0202476
0.022636
0.0251
0.0268953
0.0277448
0.0277762
0.0272799
0.0263934
0.0249868
0.0228898
0.0202783
0.0178268
0.0163995
0.0165088
0.0180281
0.0202954
0.0225137
0.0241078
0.0248636
0.024866
0.0243158
0.0233125
0.0218096
0.0197931
0.0175335
0.0156326
0.0147427
0.0151766
0.0167379
0.0188398
0.0208264
0.022235
0.0228889
0.0228381
0.0222149
0.0210881
0.0194603
0.0174103
0.0152629
0.0135824
0.0129216
0.0135107
0.0151326
0.0172354
0.019209
0.0206111
0.0212469
0.0211163
0.0202898
0.0187844
0.0165749
0.0137072
0.0104932
0.00747547
0.00536532
0.00446526
0.00501782
0.00609408
0.00808808
0.00837491
0.0106117
0.00673757
0.0121391
-0.00281346
0.0192747
0.093517
0.0924141
0.088635
0.0831059
0.0753141
0.0650021
0.0521431
0.0368043
0.0197471
0.00217098
-0.0140014
-0.0264847
-0.034213
-0.0367709
-0.0339147
-0.0266721
-0.016722
-0.0056743
0.00504248
0.014377
0.021585
0.0263086
0.0288126
0.0300979
0.0313539
0.0332606
0.0357757
0.0385213
0.0411604
0.0435518
0.0457466
0.0478311
0.0497931
0.0512665
0.0515243
0.0500008
0.0470301
0.0439468
0.0420904
0.0418843
0.0427832
0.0439754
0.0449275
0.045508
0.0458829
0.0463133
0.0469345
0.0473882
0.0468332
0.0445876
0.0410157
0.0376155
0.0358815
0.036195
0.0377705
0.0394928
0.0406545
0.0411149
0.0411202
0.0410506
0.0411202
0.0410388
0.0400662
0.0376352
0.0341339
0.0309535
0.0295018
0.0301697
0.0321851
0.0343404
0.0357963
0.0363497
0.0362615
0.0359516
0.0356436
0.0350885
0.033708
0.0311695
0.0279512
0.0252561
0.0242039
0.0250703
0.0271812
0.0294495
0.0310457
0.0317033
0.0316256
0.031192
0.0305943
0.0296358
0.0279319
0.0254015
0.0226118
0.020567
0.0200538
0.0211525
0.0232377
0.0254085
0.0269695
0.0276627
0.0276168
0.0271186
0.0263165
0.0250984
0.0232843
0.0209852
0.0187732
0.0174247
0.0174319
0.0187159
0.0207001
0.0226601
0.0240582
0.0246891
0.0246361
0.0241021
0.0232027
0.0219008
0.0201581
0.0181758
0.0164657
0.015615
0.0159304
0.0172632
0.0191025
0.0208557
0.0220928
0.0226432
0.0225543
0.021963
0.0209551
0.0195386
0.0177628
0.0158826
0.0143785
0.0137455
0.0142098
0.0155989
0.0174314
0.0191602
0.0203786
0.0209013
0.0207261
0.019927
0.0185388
0.0165475
0.0139768
0.0110754
0.00829591
0.00628263
0.0053008
0.00564022
0.00639792
0.00811531
0.00809525
0.0102631
0.00618048
0.0118163
-0.00313153
0.0188996
0.0926091
0.0914882
0.0876485
0.0820623
0.0742411
0.0639826
0.0513079
0.0363612
0.0198906
0.00308018
-0.0123364
-0.0243345
-0.0318302
-0.0343974
-0.0319016
-0.0252814
-0.0160415
-0.00566459
0.00452356
0.0135231
0.0206221
0.0254785
0.0283167
0.0299975
0.0315514
0.0335899
0.0361097
0.0387973
0.0413555
0.0436599
0.0457638
0.047758
0.0496297
0.0510356
0.0513127
0.049958
0.0472823
0.044486
0.0427734
0.0425408
0.0433168
0.0443721
0.0452102
0.0457047
0.0460149
0.0463974
0.046976
0.0474122
0.046916
0.0448523
0.0415564
0.0384029
0.0367595
0.0369834
0.0383651
0.0398881
0.0408968
0.0412597
0.0412136
0.0411234
0.0411922
0.0411471
0.040284
0.0380528
0.0347978
0.0318127
0.0304178
0.0309849
0.032794
0.0347222
0.0359939
0.0364312
0.0362896
0.0359684
0.0356786
0.0351912
0.0339541
0.0316271
0.0286269
0.0260718
0.0250298
0.0257825
0.0277015
0.0297604
0.0311779
0.0317148
0.0315785
0.0311366
0.0305746
0.0297119
0.0281744
0.0258547
0.023253
0.0213009
0.0207553
0.0217179
0.0236158
0.0255997
0.0270071
0.0275956
0.0274988
0.0270014
0.0262546
0.0251546
0.0235148
0.0214085
0.0193461
0.01805
0.0179988
0.0191405
0.0209491
0.0227455
0.0240169
0.024566
0.0244775
0.0239557
0.0231232
0.0219464
0.0203718
0.0185598
0.0169683
0.0161443
0.0163895
0.0175829
0.0192589
0.0208646
0.0219919
0.0224758
0.0223632
0.0217936
0.0208611
0.0195754
0.0179674
0.0162506
0.0148552
0.014241
0.0146306
0.015877
0.0175416
0.019116
0.0202171
0.0206671
0.0204633
0.019682
0.0183676
0.0165118
0.0141249
0.0114174
0.00878702
0.00683674
0.00580744
0.00601786
0.0065776
0.00812222
0.0079074
0.0100284
0.00582255
0.0115782
-0.0032804
0.0184924
0.0921534
0.091024
0.0871551
0.0815426
0.0737095
0.0634809
0.0509009
0.0361498
0.0199687
0.00353112
-0.0115169
-0.0232731
-0.03065
-0.0332189
-0.0308961
-0.0245788
-0.0156887
-0.00564379
0.00428197
0.013114
0.0201567
0.0250745
0.0280711
0.0299405
0.0316385
0.0337427
0.0362666
0.0389265
0.0414444
0.0437046
0.0457623
0.0477117
0.0495398
0.0509144
0.0512024
0.0499295
0.0473953
0.0447361
0.043094
0.0428515
0.0435707
0.0445605
0.0453422
0.0457925
0.0460688
0.0464266
0.0469843
0.0474121
0.0469445
0.0449682
0.0418044
0.0387686
0.0371701
0.0373544
0.0386459
0.040074
0.0410079
0.0413211
0.0412471
0.0411456
0.0412145
0.041189
0.0403802
0.0382457
0.0351095
0.0322194
0.030853
0.0313726
0.0330827
0.0349009
0.0360819
0.0364603
0.03629
0.035962
0.0356819
0.0352301
0.0340659
0.0318447
0.0289534
0.0264683
0.0254321
0.0261297
0.0279542
0.0299089
0.0312362
0.0317112
0.0315443
0.031098
0.0305548
0.0297406
0.028286
0.0260704
0.0235618
0.0216562
0.0210959
0.0219932
0.0237997
0.0256913
0.0270215
0.0275566
0.0274336
0.0269371
0.0262185
0.025177
0.0236222
0.0216095
0.0196197
0.0183496
0.0182708
0.0193443
0.0210679
0.0227842
0.0239929
0.0245013
0.0243952
0.0238804
0.0230814
0.0219658
0.0204721
0.0187414
0.0172065
0.0163952
0.0166071
0.0177336
0.0193308
0.020865
0.0219385
0.02239
0.0222666
0.0217088
0.0208138
0.0195914
0.0180634
0.0164237
0.0150792
0.0144732
0.0148269
0.0160051
0.0175889
0.0190886
0.0201327
0.0205474
0.0203303
0.0195589
0.0182811
0.0164912
0.0141922
0.0115769
0.00901699
0.00709642
0.00604429
0.00619374
0.00665815
0.00812046
0.00781003
0.00990984
0.00564304
0.0114562
-0.00334929
0.0182571
-0.622285
-0.297368
-0.184819
-0.622284
-0.297372
-0.520998
-0.526975
-0.619745
-0.520998
-0.526976
0.11865
0.429383
0.322016
0.342638
0.118648
0.429383
0.322015
-0.148048
-0.513039
-0.51304
-0.502755
-0.461287
-0.46826
-0.493835
-0.502755
-0.461288
-0.468261
0.509166
0.447748
0.509166
-0.453985
-0.403744
-0.453984
-0.403744
0.44887
0.509162
0.44887
-0.39814
-0.366068
-0.39814
-0.366067
0.310413
0.348319
0.120859
0.432442
0.310411
0.348319
0.120857
-0.138886
-0.138892
-0.361741
-0.361741
-0.360531
-0.35545
-0.343682
-0.361318
-0.360532
-0.35545
-0.343683
-0.156323
-0.521598
-0.285057
-0.156324
-0.521598
-0.374793
-0.490091
-0.36535
-0.374793
-0.490089
-0.36535
-0.381627
-0.21883
-0.470321
-0.16187
-0.381627
-0.21883
-0.470322
-0.461841
-0.584057
-0.510045
-0.461161
-0.461842
-0.584055
-0.510046
0.0902229
0.269606
0.101786
0.193729
0.0902226
0.269606
0.101785
-0.613167
-0.620699
-0.593933
-0.65234
-0.594968
-0.652514
-0.612906
-0.526891
-0.5017
-0.523679
-0.512464
-0.526891
-0.5017
-0.523679
-0.140088
-0.476698
-0.49413
-0.484616
-0.492053
-0.484521
-0.492248
-0.476925
-0.415471
-0.428564
-0.42824
-0.415755
-0.383997
-0.388962
-0.388688
-0.384264
-0.364855
-0.359071
-0.362635
-0.362459
-0.362417
-0.364166
-0.364449
0.106259
0.208653
0.109136
0.279855
0.106256
0.208653
0.109136
-0.421454
-0.28262
-0.188158
-0.190766
-0.424909
-0.327174
-0.338024
-0.30967
-0.352675
-0.327175
-0.338024
-0.30967
-0.394846
-0.122394
-0.31384
-0.179399
-0.394847
-0.122394
-0.31384
-0.365597
-0.364467
-0.342028
-0.461667
-0.365598
-0.364467
-0.342029
-0.487611
-0.624207
-0.469369
-0.651891
-0.470482
-0.6531
-0.48711
-0.464496
-0.29474
-0.210619
-0.212803
-0.468341
-0.487612
-0.624206
-0.469371
-0.65189
-0.470483
-0.653099
-0.487112
-0.464497
-0.294742
-0.210622
-0.212804
-0.468343
-0.540593
-0.526975
-0.523714
-0.52382
-0.540904
-0.613166
-0.620699
-0.593932
-0.65234
-0.594968
-0.652514
-0.612905
-0.540594
-0.526975
-0.523714
-0.523821
-0.540904
0.338687
0.117309
0.265537
0.107993
0.264865
0.106183
0.34027
0.390529
0.341408
0.208422
0.45271
0.178853
0.456873
0.393044
0.338686
0.117308
0.265536
0.107991
0.264864
0.106182
0.340269
0.390528
0.341407
0.208421
0.45271
0.178852
0.456872
0.393043
-0.140091
-0.512936
-0.512936
-0.457546
-0.459035
-0.477505
-0.444453
-0.479008
-0.444114
-0.457607
-0.476698
-0.494131
-0.484617
-0.492054
-0.484521
-0.492248
-0.476925
-0.457546
-0.459036
-0.477506
-0.444453
-0.479008
-0.444114
-0.457607
0.554956
0.485429
0.488637
0.552878
0.594061
0.614233
0.61537
0.592621
0.554956
0.485429
0.488637
0.552877
0.59406
0.614233
0.61537
0.59262
-0.40368
-0.395217
-0.39493
-0.403979
-0.41547
-0.428564
-0.42824
-0.415756
-0.403679
-0.395217
-0.394929
-0.403979
0.589814
0.61275
0.613909
0.588301
0.548997
0.477344
0.480749
0.546778
0.589814
0.61275
0.613908
0.588301
0.548997
0.477344
0.480749
0.546777
-0.378652
-0.376077
-0.375834
-0.378951
-0.383997
-0.388962
-0.388687
-0.384263
-0.378652
-0.376076
-0.375834
-0.37895
0.386857
0.330953
0.448475
0.198705
0.452861
0.166942
0.389749
0.338862
0.119547
0.10109
0.270112
0.0992716
0.269279
0.340738
0.386856
0.330951
0.448474
0.198703
0.45286
0.166941
0.389748
0.338861
0.119545
0.101088
0.270111
0.0992702
0.269277
0.340737
-0.130967
-0.130971
-0.361885
-0.361885
-0.35672
-0.356103
-0.362318
-0.345436
-0.362032
-0.345704
-0.356638
-0.364855
-0.359071
-0.362634
-0.362458
-0.362416
-0.364167
-0.364448
-0.356721
-0.356104
-0.362318
-0.345435
-0.362033
-0.345705
-0.356638
-0.412884
-0.523616
-0.547974
-0.39878
-0.549478
-0.399995
-0.41193
-0.421456
-0.282623
-0.188162
-0.190769
-0.424911
-0.412886
-0.523615
-0.547974
-0.398782
-0.549477
-0.399996
-0.411932
-0.393332
-0.374808
-0.371523
-0.371848
-0.393379
-0.465727
-0.491257
-0.516789
-0.450681
-0.517295
-0.451849
-0.465345
-0.393332
-0.374809
-0.371523
-0.371849
-0.39338
-0.465728
-0.491257
-0.516788
-0.450682
-0.517295
-0.45185
-0.465346
-0.467048
-0.185782
-0.407111
-0.204322
-0.407012
-0.206622
-0.468296
0.339518
0.316873
0.38491
0.288166
0.339517
0.316873
0.38491
-0.452446
-0.473211
-0.462977
-0.498306
-0.452445
-0.473212
-0.462977
0.419552
0.347661
0.438361
0.336115
0.419552
0.347661
0.438361
0.553305
0.449049
0.526113
0.484948
0.527687
0.486081
0.552
-0.463298
-0.424029
-0.450854
-0.444546
-0.463298
-0.424029
-0.450853
0.439082
0.338846
0.422201
0.348394
0.439082
0.338846
0.422201
0.576456
0.510311
0.58615
0.500269
0.587369
0.501457
0.575214
-0.479131
-0.407918
-0.461435
-0.417007
-0.47913
-0.407919
-0.461434
0.389618
0.294837
0.346621
0.321724
0.389618
0.294837
0.346621
-0.488844
-0.388545
-0.45598
-0.402363
-0.488844
-0.388546
-0.45598
-0.353031
-0.342516
-0.351207
-0.342819
-0.351812
-0.329559
-0.32896
-0.467048
-0.185782
-0.407111
-0.204323
-0.407012
-0.206623
-0.468297
-0.543378
-0.521434
-0.530111
-0.540981
-0.530598
-0.540893
-0.543391
-0.543378
-0.521434
-0.530111
-0.540981
-0.530598
-0.540893
-0.54339
0.576778
0.510311
0.500202
0.586298
0.501379
0.58752
0.575523
0.553305
0.449048
0.526113
0.484948
0.527687
0.486081
0.552
0.576777
0.51031
0.500202
0.586298
0.501378
0.58752
0.575523
-0.41626
-0.453711
-0.425384
-0.430346
-0.425007
-0.430173
-0.416525
-0.404021
-0.403593
-0.416917
-0.395215
-0.416738
-0.395043
-0.404221
-0.416259
-0.45371
-0.425384
-0.430345
-0.425006
-0.430173
-0.416526
-0.40402
-0.403592
-0.416917
-0.395215
-0.416737
-0.395042
-0.404221
0.553164
0.450189
0.485546
0.526733
0.486694
0.528274
0.551873
0.576456
0.51031
0.58615
0.500269
0.587369
0.501457
0.575215
0.553164
0.450189
0.485547
0.526734
0.486694
0.528274
0.551874
-0.383689
-0.397971
-0.389229
-0.384992
-0.389071
-0.384876
-0.383836
-0.377481
-0.36604
-0.381732
-0.373751
-0.381607
-0.373666
-0.377649
-0.383688
-0.39797
-0.389229
-0.384991
-0.38907
-0.384875
-0.383836
-0.37748
-0.36604
-0.381732
-0.373751
-0.381607
-0.373665
-0.377649
-0.417628
-0.157401
-0.180677
-0.361751
-0.183109
-0.361693
-0.418599
-0.417629
-0.157403
-0.180679
-0.361753
-0.183111
-0.361694
-0.418601
-0.397215
-0.365725
-0.381737
-0.385795
-0.381877
-0.386511
-0.397066
-0.397215
-0.365726
-0.381737
-0.385794
-0.381878
-0.386512
-0.397066
0.0962193
0.080008
0.20955
0.075693
0.208845
0.149298
0.14984
0.0962182
0.0800076
0.209549
0.0756921
0.208844
0.149297
0.149839
-0.501801
-0.504304
-0.500147
-0.504266
-0.500069
-0.497154
-0.497219
-0.501801
-0.504304
-0.500147
-0.504267
-0.500069
-0.497155
-0.497219
0.100405
0.217851
0.0913805
0.216986
0.0867287
0.161316
0.161986
0.100403
0.21785
0.0913797
0.216984
0.0867265
0.161314
0.161985
-0.353032
-0.342516
-0.351207
-0.342819
-0.351813
-0.32956
-0.32896
0.0426058
0.14693
0.0603842
0.0990911
0.0426057
0.14693
0.0603839
-0.43827
-0.479703
-0.515286
-0.429779
-0.438269
-0.479703
-0.515286
0.256909
0.261645
0.293061
0.223416
0.256909
0.261645
0.293061
-0.395056
-0.508078
-0.461671
-0.50588
-0.395056
-0.508078
-0.461671
0.303253
0.23419
0.270353
0.270855
0.303253
0.23419
0.270353
-0.460724
-0.361585
-0.430222
-0.376999
-0.460724
-0.361585
-0.430223
0.0858408
0.120305
0.0716918
0.166248
0.0858401
0.120305
0.0716916
-0.337948
-0.314691
-0.300533
-0.324593
-0.337949
-0.314691
-0.300533
)
;

boundaryField
{
    inlet
    {
        type            zeroGradient;
    }
    outlet
    {
        type            fixedValue;
        value           uniform 0;
    }
    top
    {
        type            symmetryPlane;
    }
    bottom
    {
        type            symmetryPlane;
    }
    front
    {
        type            symmetryPlane;
    }
    back
    {
        type            symmetryPlane;
    }
    cylinder
    {
        type            zeroGradient;
    }
}


// ************************************************************************* //
