/*--------------------------------*- C++ -*----------------------------------*\
  =========                 |
  \\      /  F ield         | OpenFOAM: The Open Source CFD Toolbox
   \\    /   O peration     | Website:  https://openfoam.org
    \\  /    A nd           | Version:  11
     \\/     M anipulation  |
\*---------------------------------------------------------------------------*/
FoamFile
{
    format      ascii;
    class       volScalarField;
    location    "2.303043";
    object      p;
}
// * * * * * * * * * * * * * * * * * * * * * * * * * * * * * * * * * * * * * //

dimensions      [0 2 -2 0 0 0 0];

internalField   nonuniform List<scalar> 
7132
(
0.0514632
0.0500297
0.0451939
0.0381173
0.0282092
0.0151574
-0.00113704
-0.0206973
-0.0430222
-0.0671681
-0.091691
-0.114628
-0.134682
-0.150599
-0.161352
-0.166365
-0.165488
-0.159136
-0.14827
-0.134226
-0.118448
-0.102241
-0.0866178
-0.0722537
-0.0595162
-0.0485328
-0.0392662
-0.0315796
-0.0252871
-0.0201878
-0.0160866
-0.0128063
-0.0101924
-0.00811432
-0.00646403
-0.00515361
-0.00411231
-0.00328348
-0.00262191
-0.00209156
-0.00166413
-0.00131798
-0.00103724
-0.0008104
-0.000628646
-0.000484458
-0.000371027
-0.000282386
-0.00021363
-0.000160844
-0.000120802
-9.07287e-05
-6.82439e-05
-5.14025e-05
-3.8714e-05
-2.90967e-05
-2.17857e-05
-1.62349e-05
-1.20391e-05
-8.88676e-06
-6.53251e-06
-4.78332e-06
-3.48846e-06
-2.53219e-06
-1.82661e-06
-1.30614e-06
-9.22054e-07
-6.38611e-07
-4.29399e-07
-2.7511e-07
-1.61355e-07
-7.76251e-08
-1.60231e-08
2.91645e-08
6.22597e-08
8.63384e-08
1.03764e-07
1.16185e-07
1.24905e-07
1.30805e-07
1.34619e-07
1.36815e-07
1.37813e-07
1.37862e-07
1.3721e-07
1.35987e-07
1.34347e-07
1.32357e-07
1.30114e-07
1.27655e-07
1.25046e-07
1.22303e-07
1.19475e-07
1.16568e-07
1.1362e-07
1.1063e-07
1.07629e-07
1.04614e-07
1.0161e-07
9.86117e-08
9.56402e-08
9.26884e-08
8.9776e-08
8.68937e-08
8.406e-08
8.12637e-08
7.85228e-08
7.58241e-08
7.31857e-08
7.05924e-08
6.80627e-08
6.55793e-08
6.31615e-08
6.079e-08
5.84851e-08
5.62254e-08
5.40324e-08
5.18827e-08
4.97991e-08
4.77562e-08
4.57785e-08
4.38383e-08
4.19619e-08
4.01196e-08
3.83392e-08
3.65893e-08
3.48994e-08
3.32361e-08
3.16308e-08
3.00482e-08
2.85212e-08
2.70131e-08
2.55585e-08
2.41187e-08
2.27302e-08
2.13528e-08
2.00243e-08
1.87033e-08
1.74292e-08
1.6159e-08
1.49335e-08
1.37087e-08
1.25264e-08
1.13415e-08
1.01967e-08
9.04644e-09
7.93306e-09
6.81205e-09
5.72331e-09
4.62821e-09
3.55666e-09
2.48986e-09
1.42375e-09
3.99262e-10
-6.93717e-10
-1.63881e-09
-2.79757e-09
-3.81668e-09
-4.77516e-09
-4.25564e-09
0.0520348
0.050613
0.0458188
0.0387857
0.0289124
0.0158589
-0.00049949
-0.0202251
-0.0428173
-0.0673303
-0.0922484
-0.115494
-0.135803
-0.15191
-0.162771
-0.1678
-0.166831
-0.160282
-0.149141
-0.134788
-0.118717
-0.102265
-0.0864618
-0.0719824
-0.0591853
-0.0481846
-0.0389294
-0.0312714
-0.0250159
-0.0199558
-0.0158925
-0.0126466
-0.0100626
-0.00800978
-0.0063804
-0.00508702
-0.00405943
-0.00324155
-0.00258866
-0.00206515
-0.00164307
-0.00130109
-0.00102358
-0.000799273
-0.00061956
-0.000477052
-0.000365019
-0.000277538
-0.000209734
-0.000157728
-0.000118328
-8.87877e-05
-6.67447e-05
-5.02628e-05
-3.78582e-05
-2.84586e-05
-2.13113e-05
-1.58827e-05
-1.17782e-05
-8.6939e-06
-6.39003e-06
-4.67791e-06
-3.4102e-06
-2.47388e-06
-1.78309e-06
-1.27369e-06
-8.97929e-07
-6.2077e-07
-4.16258e-07
-2.65461e-07
-1.54271e-07
-7.2423e-08
-1.21935e-08
3.1983e-08
6.43386e-08
8.78685e-08
1.04893e-07
1.17016e-07
1.25519e-07
1.31258e-07
1.34954e-07
1.37062e-07
1.37997e-07
1.37998e-07
1.37311e-07
1.36062e-07
1.34403e-07
1.32398e-07
1.30145e-07
1.27678e-07
1.25063e-07
1.22315e-07
1.19484e-07
1.16574e-07
1.13623e-07
1.10632e-07
1.0763e-07
1.04614e-07
1.0161e-07
9.86103e-08
9.56384e-08
9.26861e-08
8.97736e-08
8.68908e-08
8.40572e-08
8.12604e-08
7.85198e-08
7.58206e-08
7.31826e-08
7.05888e-08
6.80596e-08
6.55757e-08
6.31585e-08
6.07864e-08
5.84823e-08
5.62218e-08
5.40297e-08
5.18791e-08
4.97966e-08
4.77528e-08
4.57762e-08
4.3835e-08
4.19598e-08
4.01163e-08
3.83374e-08
3.65862e-08
3.48978e-08
3.32331e-08
3.16294e-08
3.00453e-08
2.85201e-08
2.70104e-08
2.55575e-08
2.41161e-08
2.27294e-08
2.13502e-08
2.00237e-08
1.87009e-08
1.74288e-08
1.61567e-08
1.49333e-08
1.37064e-08
1.25263e-08
1.13394e-08
1.01969e-08
9.0444e-09
7.93337e-09
6.8101e-09
5.72368e-09
4.62623e-09
3.557e-09
2.48789e-09
1.42422e-09
3.97692e-10
-6.93191e-10
-1.63965e-09
-2.79943e-09
-3.8144e-09
-4.78913e-09
-4.22786e-09
0.0531727
0.0517761
0.0470669
0.0401257
0.0303277
0.0172772
0.000796839
-0.0192589
-0.0423917
-0.0676568
-0.093383
-0.11725
-0.138071
-0.154561
-0.16564
-0.170706
-0.169554
-0.162606
-0.150904
-0.135924
-0.119255
-0.102308
-0.0861405
-0.0714302
-0.0585152
-0.0474818
-0.0382514
-0.0306523
-0.0244721
-0.0194916
-0.0155046
-0.0123277
-0.00980363
-0.00780142
-0.00621384
-0.00495448
-0.00395429
-0.0031583
-0.00252279
-0.00201299
-0.00160161
-0.00126789
-0.000996733
-0.000777357
-0.000601559
-0.000462267
-0.000352945
-0.000267767
-0.00020191
-0.000151531
-0.000113481
-8.50495e-05
-6.39022e-05
-4.8125e-05
-3.62575e-05
-2.72575e-05
-2.04054e-05
-1.51971e-05
-1.12597e-05
-8.30347e-06
-6.09782e-06
-4.46039e-06
-3.24889e-06
-2.35449e-06
-1.69476e-06
-1.20834e-06
-8.49608e-07
-5.85076e-07
-3.89932e-07
-2.46078e-07
-1.40017e-07
-6.19501e-08
-4.49907e-09
3.76357e-08
6.84929e-08
9.0921e-08
1.07137e-07
1.18664e-07
1.2673e-07
1.32148e-07
1.35608e-07
1.37543e-07
1.3835e-07
1.38258e-07
1.37503e-07
1.36203e-07
1.34507e-07
1.32474e-07
1.30202e-07
1.2772e-07
1.25094e-07
1.22338e-07
1.19501e-07
1.16587e-07
1.13633e-07
1.1064e-07
1.07636e-07
1.04619e-07
1.01614e-07
9.86136e-08
9.56412e-08
9.26885e-08
8.97758e-08
8.68928e-08
8.40592e-08
8.12622e-08
7.85216e-08
7.58223e-08
7.31844e-08
7.05904e-08
6.80614e-08
6.55772e-08
6.31603e-08
6.07879e-08
5.84841e-08
5.62233e-08
5.40315e-08
5.18806e-08
4.97984e-08
4.77542e-08
4.5778e-08
4.38363e-08
4.19616e-08
4.01176e-08
3.83391e-08
3.65873e-08
3.48994e-08
3.32342e-08
3.1631e-08
3.00462e-08
2.85216e-08
2.70112e-08
2.5559e-08
2.41168e-08
2.27308e-08
2.13508e-08
2.00251e-08
1.87014e-08
1.74301e-08
1.61571e-08
1.49345e-08
1.37067e-08
1.25274e-08
1.13396e-08
1.01979e-08
9.04455e-09
7.93434e-09
6.81015e-09
5.72452e-09
4.62609e-09
3.55761e-09
2.48761e-09
1.42461e-09
3.97555e-10
-6.93542e-10
-1.63896e-09
-2.80375e-09
-3.8082e-09
-4.81533e-09
-4.1805e-09
0.0548674
0.0535106
0.0489359
0.0421433
0.0324726
0.0194433
0.00279404
-0.0177563
-0.0417158
-0.068157
-0.0951407
-0.119944
-0.14154
-0.158614
-0.170029
-0.175155
-0.173723
-0.166153
-0.153579
-0.137626
-0.120039
-0.102335
-0.0856202
-0.0705678
-0.0574832
-0.0464086
-0.0372224
-0.0297171
-0.0236537
-0.0187951
-0.0149242
-0.0118516
-0.00941773
-0.00749136
-0.00596626
-0.00475761
-0.00379816
-0.00303468
-0.00242493
-0.00193541
-0.00153985
-0.00121836
-0.000956611
-0.000744541
-0.000574567
-0.000440077
-0.000334816
-0.000253096
-0.000190171
-0.00014225
-0.00010624
-7.94831e-05
-5.96851e-05
-4.49644e-05
-3.38977e-05
-2.54897e-05
-1.90724e-05
-1.41872e-05
-1.04943e-05
-7.72525e-06
-5.66304e-06
-4.13501e-06
-3.00633e-06
-2.1742e-06
-1.56105e-06
-1.10937e-06
-7.76458e-07
-5.31104e-07
-3.50168e-07
-2.16819e-07
-1.18503e-07
-4.61395e-08
7.11921e-09
4.61707e-08
7.47634e-08
9.55255e-08
1.10519e-07
1.21146e-07
1.28553e-07
1.33484e-07
1.3659e-07
1.38263e-07
1.38879e-07
1.38645e-07
1.37787e-07
1.36412e-07
1.3466e-07
1.32587e-07
1.30285e-07
1.2778e-07
1.25139e-07
1.22371e-07
1.19526e-07
1.16605e-07
1.13647e-07
1.1065e-07
1.07645e-07
1.04626e-07
1.01619e-07
9.86178e-08
9.56452e-08
9.26917e-08
8.97791e-08
8.68956e-08
8.40622e-08
8.12648e-08
7.85245e-08
7.58248e-08
7.31873e-08
7.05929e-08
6.80643e-08
6.55797e-08
6.31632e-08
6.07903e-08
5.84869e-08
5.62256e-08
5.40344e-08
5.18828e-08
4.98012e-08
4.77563e-08
4.57807e-08
4.38383e-08
4.19641e-08
4.01194e-08
3.83415e-08
3.6589e-08
3.49017e-08
3.32357e-08
3.16331e-08
3.00475e-08
2.85236e-08
2.70124e-08
2.55608e-08
2.41178e-08
2.27325e-08
2.13517e-08
2.00266e-08
1.87021e-08
1.74314e-08
1.61575e-08
1.49357e-08
1.3707e-08
1.25284e-08
1.13397e-08
1.01988e-08
9.0445e-09
7.93505e-09
6.80993e-09
5.72503e-09
4.62565e-09
3.55783e-09
2.48696e-09
1.4244e-09
3.96896e-10
-6.94941e-10
-1.63875e-09
-2.80989e-09
-3.8011e-09
-4.84555e-09
-4.12777e-09
0.057103
0.0558033
0.0514208
0.0448465
0.0353732
0.0224047
0.00555893
-0.0156474
-0.0407387
-0.0688441
-0.0975933
-0.123652
-0.146291
-0.164158
-0.176038
-0.181262
-0.179454
-0.17103
-0.15724
-0.13993
-0.121068
-0.102325
-0.084869
-0.0693628
-0.0560619
-0.0449447
-0.0358289
-0.0284581
-0.0225573
-0.0178658
-0.0141523
-0.0112201
-0.00890706
-0.00708179
-0.0056397
-0.00449824
-0.00359264
-0.00287201
-0.00229619
-0.00183335
-0.00145859
-0.00115317
-0.000903789
-0.00070133
-0.000539023
-0.000410858
-0.000310949
-0.000233799
-0.000174753
-0.000130093
-9.67959e-05
-7.22638e-05
-5.42493e-05
-4.09119e-05
-3.088e-05
-2.3227e-05
-1.73595e-05
-1.28825e-05
-9.50044e-06
-6.97164e-06
-5.09525e-06
-3.7099e-06
-2.68969e-06
-1.93927e-06
-1.38718e-06
-9.80901e-07
-6.81646e-07
-4.61197e-07
-2.98671e-07
-1.78918e-07
-9.06293e-08
-2.56523e-08
2.2173e-08
5.72286e-08
8.28859e-08
1.0149e-07
1.14899e-07
1.24362e-07
1.30914e-07
1.35218e-07
1.37863e-07
1.39196e-07
1.39565e-07
1.39148e-07
1.38157e-07
1.36683e-07
1.3486e-07
1.32733e-07
1.30393e-07
1.2786e-07
1.25198e-07
1.22415e-07
1.19559e-07
1.1663e-07
1.13667e-07
1.10665e-07
1.07657e-07
1.04635e-07
1.01627e-07
9.86244e-08
9.56513e-08
9.26969e-08
8.97842e-08
8.69e-08
8.40667e-08
8.12688e-08
7.85288e-08
7.58286e-08
7.31914e-08
7.05966e-08
6.80683e-08
6.55832e-08
6.31671e-08
6.07938e-08
5.84907e-08
5.62289e-08
5.4038e-08
5.1886e-08
4.98047e-08
4.77593e-08
4.5784e-08
4.38411e-08
4.19672e-08
4.01219e-08
3.83444e-08
3.65912e-08
3.49044e-08
3.32377e-08
3.16355e-08
3.00493e-08
2.85258e-08
2.70139e-08
2.55628e-08
2.41191e-08
2.27343e-08
2.13528e-08
2.00282e-08
1.8703e-08
1.74328e-08
1.61582e-08
1.49369e-08
1.37075e-08
1.25295e-08
1.134e-08
1.01996e-08
9.04461e-09
7.93576e-09
6.80989e-09
5.72555e-09
4.6254e-09
3.55803e-09
2.48646e-09
1.4241e-09
3.96372e-10
-6.96625e-10
-1.63832e-09
-2.81631e-09
-3.79342e-09
-4.87325e-09
-4.07948e-09
0.0598571
0.0586352
0.0545134
0.0482444
0.0390633
0.0262258
0.00918431
-0.0128327
-0.0393871
-0.0697443
-0.100853
-0.12848
-0.152436
-0.17132
-0.183812
-0.189181
-0.186887
-0.177326
-0.161918
-0.142812
-0.122285
-0.102207
-0.083817
-0.0677561
-0.0542066
-0.0430595
-0.0340526
-0.0268659
-0.0211798
-0.0167046
-0.0131921
-0.0104377
-0.00827622
-0.00657711
-0.00523806
-0.00417966
-0.00334036
-0.00267235
-0.00213807
-0.00170783
-0.00135847
-0.0010727
-0.000838483
-0.000647858
-0.00049503
-0.000374706
-0.000281438
-0.000209957
-0.000155726
-0.000115119
-8.51988e-05
-6.34377e-05
-4.76389e-05
-3.60084e-05
-2.72398e-05
-2.04981e-05
-1.52892e-05
-1.1301e-05
-8.29315e-06
-6.05505e-06
-4.40421e-06
-3.19225e-06
-2.30398e-06
-1.653e-06
-1.17532e-06
-8.24391e-07
-5.66182e-07
-3.76106e-07
-2.3602e-07
-1.32826e-07
-5.67391e-08
-7.46236e-10
4.04721e-08
7.06696e-08
9.27578e-08
1.08739e-07
1.20222e-07
1.28268e-07
1.33782e-07
1.37322e-07
1.39407e-07
1.40329e-07
1.40396e-07
1.39758e-07
1.38605e-07
1.37011e-07
1.35101e-07
1.3291e-07
1.30523e-07
1.27955e-07
1.25268e-07
1.22466e-07
1.19597e-07
1.16658e-07
1.13688e-07
1.10681e-07
1.07669e-07
1.04644e-07
1.01634e-07
9.86301e-08
9.56563e-08
9.27009e-08
8.97879e-08
8.69031e-08
8.40698e-08
8.12714e-08
7.85316e-08
7.5831e-08
7.3194e-08
7.05988e-08
6.80708e-08
6.55853e-08
6.31695e-08
6.07958e-08
5.84931e-08
5.62308e-08
5.40402e-08
5.18877e-08
4.98068e-08
4.77608e-08
4.57859e-08
4.38424e-08
4.1969e-08
4.0123e-08
3.83459e-08
3.65921e-08
3.49057e-08
3.32384e-08
3.16366e-08
3.00498e-08
2.85267e-08
2.70142e-08
2.55636e-08
2.41193e-08
2.2735e-08
2.13528e-08
2.00288e-08
1.87028e-08
1.74332e-08
1.61579e-08
1.49371e-08
1.3707e-08
1.25296e-08
1.13394e-08
1.01996e-08
9.0439e-09
7.93565e-09
6.80909e-09
5.72533e-09
4.62446e-09
3.55754e-09
2.48534e-09
1.42314e-09
3.9529e-10
-6.98899e-10
-1.63839e-09
-2.82282e-09
-3.78656e-09
-4.8963e-09
-4.04014e-09
0.063099
0.0619794
0.0581999
0.0523451
0.0435834
0.03099
0.0137954
-0.00917156
-0.0375533
-0.070898
-0.10508
-0.13457
-0.160117
-0.180253
-0.193526
-0.199131
-0.196266
-0.185268
-0.16777
-0.146344
-0.123687
-0.101933
-0.0824003
-0.0656867
-0.0518684
-0.0407185
-0.0318716
-0.024929
-0.0195167
-0.0153114
-0.0120462
-0.0095078
-0.00752918
-0.00598118
-0.00476488
-0.00380495
-0.00304396
-0.00243787
-0.00195232
-0.00156027
-0.00124065
-0.000977892
-0.000761494
-0.000584827
-0.000443214
-0.000332178
-0.000246768
-0.000181987
-0.000133444
-9.7635e-05
-7.17208e-05
-5.32484e-05
-4.00681e-05
-3.0433e-05
-2.31163e-05
-1.74028e-05
-1.29287e-05
-9.48718e-06
-6.90244e-06
-4.99701e-06
-3.60625e-06
-2.59493e-06
-1.85945e-06
-1.32359e-06
-9.31906e-07
-6.44831e-07
-4.33852e-07
-2.78654e-07
-1.64296e-07
-8.007e-08
-1.7953e-08
2.77568e-08
6.14131e-08
8.60509e-08
1.04055e-07
1.17034e-07
1.26313e-07
1.32741e-07
1.37066e-07
1.39733e-07
1.41177e-07
1.41629e-07
1.4135e-07
1.40458e-07
1.39119e-07
1.37388e-07
1.35378e-07
1.33114e-07
1.30673e-07
1.28065e-07
1.2535e-07
1.22527e-07
1.19642e-07
1.16692e-07
1.13713e-07
1.107e-07
1.07684e-07
1.04655e-07
1.01644e-07
9.86374e-08
9.56624e-08
9.27059e-08
8.97925e-08
8.69069e-08
8.40735e-08
8.12746e-08
7.85347e-08
7.58338e-08
7.31969e-08
7.06013e-08
6.80734e-08
6.55876e-08
6.3172e-08
6.07978e-08
5.84953e-08
5.62326e-08
5.40423e-08
5.18893e-08
4.98086e-08
4.77622e-08
4.57875e-08
4.38435e-08
4.19703e-08
4.01239e-08
3.8347e-08
3.65927e-08
3.49065e-08
3.32387e-08
3.16373e-08
3.00499e-08
2.85272e-08
2.70142e-08
2.5564e-08
2.41191e-08
2.27352e-08
2.13524e-08
2.00288e-08
1.87023e-08
1.74332e-08
1.61573e-08
1.4937e-08
1.37063e-08
1.25293e-08
1.13385e-08
1.01992e-08
9.04298e-09
7.93524e-09
6.80813e-09
5.72484e-09
4.6234e-09
3.55684e-09
2.48416e-09
1.42203e-09
3.94225e-10
-7.01165e-10
-1.63845e-09
-2.82864e-09
-3.78049e-09
-4.91403e-09
-4.01011e-09
0.0667882
0.0658001
0.0624591
0.0571531
0.048978
0.0367983
0.0195515
-0.00447509
-0.0350898
-0.0723795
-0.110512
-0.1421
-0.169504
-0.19116
-0.205423
-0.211365
-0.207798
-0.194978
-0.174822
-0.150468
-0.125168
-0.101381
-0.0805057
-0.0630633
-0.0489814
-0.0378795
-0.0292628
-0.0226376
-0.0175672
-0.0136906
-0.0107215
-0.00843856
-0.00667388
-0.00530121
-0.00422637
-0.00337924
-0.00270752
-0.00217169
-0.00174126
-0.00139229
-0.0011062
-0.00086947
-0.000673304
-0.000512577
-0.00038384
-0.000283494
-0.000207129
-0.000150044
-0.000108035
-7.77496e-05
-5.64659e-05
-4.18018e-05
-3.16428e-05
-2.42825e-05
-1.85878e-05
-1.39975e-05
-1.03163e-05
-7.46729e-06
-5.3482e-06
-3.81365e-06
-2.7145e-06
-1.92825e-06
-1.36394e-06
-9.56839e-07
-6.61178e-07
-4.4529e-07
-2.86902e-07
-1.70499e-07
-8.47347e-08
-2.15726e-08
2.504e-08
5.93434e-08
8.46149e-08
1.0309e-07
1.16567e-07
1.26221e-07
1.33059e-07
1.37692e-07
1.40701e-07
1.42401e-07
1.43136e-07
1.43066e-07
1.42405e-07
1.41232e-07
1.39687e-07
1.37805e-07
1.35684e-07
1.33338e-07
1.30838e-07
1.28186e-07
1.25439e-07
1.22592e-07
1.1969e-07
1.16727e-07
1.13739e-07
1.10719e-07
1.07698e-07
1.04666e-07
1.01652e-07
9.86434e-08
9.56672e-08
9.27095e-08
8.97954e-08
8.69092e-08
8.40755e-08
8.12761e-08
7.85362e-08
7.58348e-08
7.3198e-08
7.0602e-08
6.80743e-08
6.55881e-08
6.31726e-08
6.07981e-08
5.84957e-08
5.62327e-08
5.40425e-08
5.18892e-08
4.98087e-08
4.77619e-08
4.57874e-08
4.3843e-08
4.197e-08
4.01231e-08
3.83465e-08
3.65917e-08
3.49058e-08
3.32375e-08
3.16364e-08
3.00485e-08
2.85262e-08
2.70127e-08
2.55628e-08
2.41175e-08
2.2734e-08
2.13508e-08
2.00276e-08
1.87006e-08
1.74319e-08
1.61555e-08
1.49356e-08
1.37045e-08
1.25279e-08
1.13367e-08
1.01979e-08
9.0412e-09
7.93395e-09
6.8064e-09
5.72357e-09
4.62167e-09
3.55545e-09
2.4824e-09
1.42036e-09
3.92725e-10
-7.03698e-10
-1.63891e-09
-2.83393e-09
-3.77566e-09
-4.9274e-09
-3.98802e-09
0.0708731
0.0700504
0.0672594
0.0626667
0.0552939
0.0437732
0.0266586
0.00152037
-0.0317817
-0.0743016
-0.117492
-0.151312
-0.180801
-0.204235
-0.219758
-0.226282
-0.221981
-0.206915
-0.183374
-0.155301
-0.126703
-0.100456
-0.0780202
-0.0597862
-0.0454712
-0.0344934
-0.0261978
-0.0199783
-0.0153275
-0.0118443
-0.0092229
-0.00723592
-0.00571641
-0.00454295
-0.00362764
-0.00290697
-0.00233477
-0.00187691
-0.0015074
-0.00120593
-0.000956805
-0.000748814
-0.000575101
-0.000432162
-0.000317851
-0.00022949
-0.00016324
-0.000114729
-7.99993e-05
-5.58877e-05
-3.98063e-05
-2.94319e-05
-2.2658e-05
-1.78025e-05
-1.3841e-05
-1.04114e-05
-7.53515e-06
-5.29498e-06
-3.66739e-06
-2.53252e-06
-1.75032e-06
-1.2089e-06
-8.30413e-07
-5.62753e-07
-3.70809e-07
-2.31588e-07
-1.29693e-07
-5.48791e-08
2.74352e-10
4.09092e-08
7.09508e-08
9.3069e-08
1.09385e-07
1.21281e-07
1.29925e-07
1.36029e-07
1.4026e-07
1.4298e-07
1.44583e-07
1.4525e-07
1.45228e-07
1.44601e-07
1.43533e-07
1.4206e-07
1.40295e-07
1.38251e-07
1.36012e-07
1.33578e-07
1.31014e-07
1.28316e-07
1.25534e-07
1.22662e-07
1.19742e-07
1.16765e-07
1.13768e-07
1.1074e-07
1.07714e-07
1.04678e-07
1.01661e-07
9.865e-08
9.56724e-08
9.27133e-08
8.97985e-08
8.69114e-08
8.40774e-08
8.12774e-08
7.85374e-08
7.58356e-08
7.31987e-08
7.06024e-08
6.80746e-08
6.55881e-08
6.31727e-08
6.07979e-08
5.84956e-08
5.62322e-08
5.40421e-08
5.18885e-08
4.98081e-08
4.77609e-08
4.57866e-08
4.38418e-08
4.19689e-08
4.01217e-08
3.83451e-08
3.659e-08
3.49042e-08
3.32355e-08
3.16346e-08
3.00464e-08
2.85243e-08
2.70105e-08
2.5561e-08
2.41153e-08
2.27321e-08
2.13486e-08
2.00257e-08
1.86984e-08
1.743e-08
1.61533e-08
1.49337e-08
1.37022e-08
1.2526e-08
1.13345e-08
1.01961e-08
9.03904e-09
7.93221e-09
6.80436e-09
5.72192e-09
4.61971e-09
3.55376e-09
2.48048e-09
1.4185e-09
3.91162e-10
-7.06139e-10
-1.63942e-09
-2.8384e-09
-3.77176e-09
-4.93714e-09
-3.97195e-09
0.0752882
0.0746691
0.0725545
0.06887
0.0625712
0.0520492
0.035364
0.00916164
-0.0273428
-0.0768782
-0.126501
-0.162447
-0.194245
-0.219803
-0.236898
-0.244202
-0.239034
-0.221191
-0.19342
-0.160728
-0.128117
-0.0989688
-0.0747789
-0.0557308
-0.0412547
-0.0305125
-0.0226551
-0.0169471
-0.0128041
-0.00978399
-0.00756412
-0.00591354
-0.00466926
-0.00371714
-0.00297762
-0.00239528
-0.00193126
-0.00155771
-0.00125379
-0.00100333
-0.000793923
-0.000616918
-0.000467588
-0.000344121
-0.000245682
-0.000170516
-0.000115372
-7.62472e-05
-4.94936e-05
-3.21859e-05
-2.18855e-05
-1.63012e-05
-1.32866e-05
-1.11532e-05
-9.00117e-06
-6.72786e-06
-4.63555e-06
-3.00178e-06
-1.88366e-06
-1.17367e-06
-7.30631e-07
-4.50363e-07
-2.69173e-07
-1.49033e-07
-6.6493e-08
-7.91378e-09
3.46999e-08
6.59419e-08
8.90587e-08
1.06136e-07
1.1886e-07
1.28252e-07
1.35219e-07
1.40248e-07
1.43851e-07
1.46253e-07
1.47766e-07
1.4849e-07
1.48628e-07
1.48219e-07
1.47407e-07
1.46201e-07
1.44707e-07
1.42921e-07
1.40927e-07
1.38715e-07
1.36352e-07
1.33828e-07
1.31198e-07
1.2845e-07
1.25633e-07
1.22734e-07
1.19795e-07
1.16804e-07
1.13796e-07
1.10761e-07
1.07729e-07
1.04689e-07
1.01669e-07
9.86557e-08
9.56764e-08
9.27161e-08
8.98004e-08
8.69125e-08
8.4078e-08
8.12776e-08
7.85372e-08
7.58351e-08
7.31981e-08
7.06014e-08
6.80737e-08
6.55869e-08
6.31714e-08
6.07963e-08
5.8494e-08
5.62304e-08
5.40404e-08
5.18864e-08
4.98061e-08
4.77586e-08
4.57843e-08
4.38393e-08
4.19665e-08
4.01189e-08
3.83425e-08
3.6587e-08
3.49013e-08
3.32323e-08
3.16316e-08
3.00431e-08
2.85212e-08
2.70071e-08
2.55579e-08
2.4112e-08
2.27291e-08
2.13453e-08
2.00227e-08
1.86951e-08
1.7427e-08
1.61501e-08
1.49308e-08
1.36991e-08
1.25232e-08
1.13314e-08
1.01934e-08
9.03618e-09
7.92974e-09
6.8017e-09
5.71962e-09
4.6172e-09
3.55152e-09
2.47812e-09
1.41623e-09
3.89266e-10
-7.08686e-10
-1.64022e-09
-2.8423e-09
-3.76888e-09
-4.9443e-09
-3.96039e-09
0.0799532
0.07958
0.0782801
0.0757312
0.0708411
0.0617827
0.0459847
0.0189511
-0.0213399
-0.0804098
-0.138325
-0.175931
-0.210002
-0.237962
-0.257204
-0.265971
-0.26003
-0.238725
-0.205495
-0.166906
-0.129321
-0.0967322
-0.0705907
-0.050746
-0.0362297
-0.0258762
-0.0186043
-0.0135331
-0.00999708
-0.00751587
-0.00575364
-0.00448046
-0.00354106
-0.0028316
-0.00228313
-0.00185
-0.00150192
-0.00121818
-0.000983812
-0.000787315
-0.000619915
-0.000475842
-0.000352578
-0.000250065
-0.000168767
-0.000107818
-6.45566e-05
-3.54354e-05
-1.71897e-05
-7.20271e-06
-3.19759e-06
-2.86467e-06
-3.93922e-06
-4.6754e-06
-4.31735e-06
-3.10651e-06
-1.7106e-06
-6.4364e-07
-3.63693e-08
2.31418e-07
3.19117e-07
3.27503e-07
3.04684e-07
2.7293e-07
2.43216e-07
2.19354e-07
2.01554e-07
1.88484e-07
1.79061e-07
1.72231e-07
1.67393e-07
1.63886e-07
1.61381e-07
1.59455e-07
1.57952e-07
1.56605e-07
1.55366e-07
1.54069e-07
1.52724e-07
1.51226e-07
1.49615e-07
1.47822e-07
1.45897e-07
1.43794e-07
1.41568e-07
1.39185e-07
1.36697e-07
1.34081e-07
1.31384e-07
1.28587e-07
1.25733e-07
1.22808e-07
1.19849e-07
1.16843e-07
1.13825e-07
1.10782e-07
1.07744e-07
1.047e-07
1.01677e-07
9.86612e-08
9.56803e-08
9.27186e-08
8.9802e-08
8.69132e-08
8.40782e-08
8.12772e-08
7.85366e-08
7.5834e-08
7.31969e-08
7.05999e-08
6.8072e-08
6.55849e-08
6.31694e-08
6.0794e-08
5.84917e-08
5.62279e-08
5.40378e-08
5.18836e-08
4.98033e-08
4.77556e-08
4.57813e-08
4.3836e-08
4.19632e-08
4.01154e-08
3.83389e-08
3.65832e-08
3.48976e-08
3.32283e-08
3.16277e-08
3.0039e-08
2.85173e-08
2.70031e-08
2.5554e-08
2.41079e-08
2.27253e-08
2.13413e-08
2.0019e-08
1.86913e-08
1.74234e-08
1.61463e-08
1.49273e-08
1.36954e-08
1.25199e-08
1.1328e-08
1.01902e-08
9.03291e-09
7.92681e-09
6.79868e-09
5.71692e-09
4.61443e-09
3.54896e-09
2.47557e-09
1.41377e-09
3.87254e-10
-7.11165e-10
-1.64111e-09
-2.84555e-09
-3.76671e-09
-4.94944e-09
-3.95203e-09
0.0847709
0.0846867
0.0843471
0.0831841
0.0801029
0.0731091
0.0588682
0.0315256
-0.0132496
-0.0855221
-0.153795
-0.191981
-0.228547
-0.259301
-0.28105
-0.291664
-0.285007
-0.259575
-0.219568
-0.17366
-0.130049
-0.0934741
-0.0652323
-0.0446776
-0.0303057
-0.0205435
-0.0140374
-0.00974765
-0.0069278
-0.00506443
-0.00381551
-0.00295829
-0.00235018
-0.00190133
-0.00155603
-0.00128029
-0.0010536
-0.000863347
-0.000701047
-0.000560356
-0.000436504
-0.000326783
-0.000230988
-0.000150753
-8.77356e-05
-4.1889e-05
-1.1153e-05
7.47807e-06
1.67662e-05
1.89325e-05
1.609e-05
1.06509e-05
5.12071e-06
1.3826e-06
2.3307e-08
3.40251e-07
1.18203e-06
1.74659e-06
1.84744e-06
1.65706e-06
1.37667e-06
1.10748e-06
8.78577e-07
6.94041e-07
5.51698e-07
4.45395e-07
3.6736e-07
3.10181e-07
2.68393e-07
2.37802e-07
2.15521e-07
1.9921e-07
1.87308e-07
1.78485e-07
1.71921e-07
1.66859e-07
1.62894e-07
1.59595e-07
1.5678e-07
1.54204e-07
1.518e-07
1.49425e-07
1.47074e-07
1.44658e-07
1.42202e-07
1.3965e-07
1.37039e-07
1.34331e-07
1.31567e-07
1.28721e-07
1.25831e-07
1.2288e-07
1.19901e-07
1.16881e-07
1.13853e-07
1.10802e-07
1.07758e-07
1.0471e-07
1.01684e-07
9.86659e-08
9.56833e-08
9.27202e-08
8.98026e-08
8.6913e-08
8.40775e-08
8.12759e-08
7.8535e-08
7.5832e-08
7.31947e-08
7.05974e-08
6.80694e-08
6.5582e-08
6.31664e-08
6.07908e-08
5.84884e-08
5.62243e-08
5.40342e-08
5.18797e-08
4.97994e-08
4.77515e-08
4.57772e-08
4.38316e-08
4.19589e-08
4.01108e-08
3.83343e-08
3.65783e-08
3.48927e-08
3.32232e-08
3.16227e-08
3.00339e-08
2.85123e-08
2.6998e-08
2.55491e-08
2.4103e-08
2.27205e-08
2.13365e-08
2.00144e-08
1.86866e-08
1.74189e-08
1.61417e-08
1.4923e-08
1.36911e-08
1.25158e-08
1.13238e-08
1.01864e-08
9.02906e-09
7.92328e-09
6.79516e-09
5.7137e-09
4.61121e-09
3.54598e-09
2.47267e-09
1.411e-09
3.84972e-10
-7.13723e-10
-1.64223e-09
-2.8484e-09
-3.76525e-09
-4.95322e-09
-3.94602e-09
0.0896266
0.089875
0.0906381
0.0911332
0.090321
0.0861893
0.0744733
0.0479219
-0.00214035
-0.0931554
-0.175266
-0.211086
-0.249154
-0.283443
-0.309398
-0.323602
-0.316427
-0.285559
-0.236532
-0.181134
-0.130043
-0.0888313
-0.0583901
-0.0373089
-0.0233545
-0.0144498
-0.0089295
-0.00558778
-0.00360394
-0.00244173
-0.0017628
-0.00135953
-0.00110791
-0.00093626
-0.000804924
-0.000693477
-0.000592537
-0.000498444
-0.000409899
-0.000326204
-0.000246951
-0.00017268
-0.000105505
-4.86271e-05
-4.74653e-06
2.54504e-05
4.33838e-05
5.13776e-05
5.15155e-05
4.55146e-05
3.53358e-05
2.36273e-05
1.33192e-05
6.54826e-06
3.69397e-06
3.42764e-06
3.95298e-06
4.12067e-06
3.72913e-06
3.06724e-06
2.41158e-06
1.86654e-06
1.43588e-06
1.1022e-06
8.50072e-07
6.63702e-07
5.2737e-07
4.2757e-07
3.54524e-07
3.00997e-07
2.6189e-07
2.33235e-07
2.12279e-07
1.96812e-07
1.85373e-07
1.76733e-07
1.70142e-07
1.64916e-07
1.60687e-07
1.57071e-07
1.53905e-07
1.50971e-07
1.48208e-07
1.45491e-07
1.42813e-07
1.40098e-07
1.37367e-07
1.34572e-07
1.31744e-07
1.28851e-07
1.25926e-07
1.22949e-07
1.19952e-07
1.16918e-07
1.13879e-07
1.10821e-07
1.07772e-07
1.04719e-07
1.0169e-07
9.867e-08
9.56857e-08
9.27212e-08
8.98026e-08
8.69122e-08
8.40761e-08
8.1274e-08
7.85327e-08
7.58294e-08
7.31918e-08
7.05942e-08
6.8066e-08
6.55784e-08
6.31626e-08
6.07867e-08
5.84843e-08
5.62199e-08
5.40297e-08
5.18751e-08
4.97947e-08
4.77466e-08
4.57722e-08
4.38265e-08
4.19537e-08
4.01054e-08
3.83289e-08
3.65726e-08
3.4887e-08
3.32173e-08
3.16168e-08
3.00279e-08
2.85065e-08
2.69922e-08
2.55435e-08
2.40973e-08
2.27151e-08
2.1331e-08
2.00091e-08
1.86813e-08
1.74138e-08
1.61366e-08
1.49181e-08
1.36862e-08
1.25111e-08
1.13192e-08
1.01821e-08
9.02479e-09
7.9193e-09
6.79128e-09
5.71011e-09
4.60771e-09
3.5427e-09
2.46955e-09
1.40804e-09
3.82547e-10
-7.16265e-10
-1.64347e-09
-2.85084e-09
-3.76426e-09
-4.95595e-09
-3.94164e-09
0.0943883
0.0950046
0.0969999
0.0994063
0.101377
0.101017
0.0931857
0.0691758
0.0126626
-0.103875
-0.202826
-0.234666
-0.2746
-0.312017
-0.342485
-0.361316
-0.354398
-0.317224
-0.256726
-0.18925
-0.128957
-0.0824113
-0.0497535
-0.0284469
-0.0152831
-0.00757147
-0.00329755
-0.0010902
-6.84757e-05
0.000310523
0.000367682
0.000285193
0.00016127
4.46845e-05
-4.40672e-05
-0.000100053
-0.000126229
-0.000128712
-0.00011394
-8.72814e-05
-5.29586e-05
-1.48536e-05
2.27323e-05
5.52794e-05
7.93197e-05
9.35562e-05
9.86782e-05
9.6107e-05
8.70171e-05
7.24941e-05
5.43868e-05
3.57794e-05
2.02907e-05
1.04762e-05
6.45325e-06
6.03279e-06
6.55364e-06
6.45013e-06
5.57491e-06
4.42494e-06
3.39281e-06
2.58305e-06
1.96224e-06
1.48768e-06
1.13144e-06
8.69343e-07
6.78056e-07
5.38093e-07
4.35579e-07
3.60434e-07
3.05482e-07
2.65212e-07
2.3574e-07
2.14027e-07
1.98007e-07
1.86006e-07
1.76949e-07
1.69912e-07
1.64354e-07
1.59763e-07
1.55881e-07
1.52421e-07
1.49272e-07
1.46272e-07
1.43386e-07
1.40519e-07
1.37676e-07
1.34798e-07
1.31909e-07
1.28972e-07
1.26015e-07
1.23013e-07
1.19999e-07
1.16952e-07
1.13904e-07
1.10838e-07
1.07784e-07
1.04727e-07
1.01695e-07
9.86732e-08
9.56872e-08
9.27214e-08
8.98019e-08
8.69107e-08
8.40739e-08
8.12714e-08
7.85297e-08
7.5826e-08
7.31881e-08
7.05902e-08
6.80618e-08
6.55739e-08
6.3158e-08
6.07819e-08
5.84793e-08
5.62147e-08
5.40244e-08
5.18696e-08
4.97891e-08
4.77408e-08
4.57664e-08
4.38205e-08
4.19476e-08
4.00991e-08
3.83225e-08
3.65661e-08
3.48803e-08
3.32105e-08
3.161e-08
3.00211e-08
2.84998e-08
2.69855e-08
2.5537e-08
2.40909e-08
2.27088e-08
2.13248e-08
2.0003e-08
1.86752e-08
1.7408e-08
1.61309e-08
1.49125e-08
1.36807e-08
1.25059e-08
1.1314e-08
1.01772e-08
9.02002e-09
7.91482e-09
6.78695e-09
5.70607e-09
4.60384e-09
3.53907e-09
2.46615e-09
1.40483e-09
3.79892e-10
-7.18891e-10
-1.64491e-09
-2.85305e-09
-3.76375e-09
-4.95799e-09
-3.9385e-09
0.0989084
0.099921
0.103239
0.107801
0.113059
0.117693
0.115602
0.098148
0.033255
-0.127026
-0.244159
-0.258471
-0.300579
-0.345943
-0.385145
-0.410657
-0.402869
-0.357112
-0.281215
-0.197936
-0.126159
-0.0735154
-0.0387845
-0.0177539
-0.00590776
0.000177153
0.00288981
0.00374933
0.00367064
0.00317976
0.00256228
0.00196259
0.00144503
0.00103029
0.000716528
0.000491189
0.000337703
0.000239297
0.000181159
0.000151384
0.00014086
0.000142364
0.00014964
0.000157248
0.000161268
0.000159866
0.000152811
0.000140289
0.000122268
9.90645e-05
7.25002e-05
4.63838e-05
2.53817e-05
1.26664e-05
8.00184e-06
8.03704e-06
8.95491e-06
8.71639e-06
7.34946e-06
5.68777e-06
4.28512e-06
3.23253e-06
2.44155e-06
1.83902e-06
1.38742e-06
1.05627e-06
8.15077e-07
6.38614e-07
5.0927e-07
4.14443e-07
3.45079e-07
2.94254e-07
2.57045e-07
2.2966e-07
2.0948e-07
1.94427e-07
1.83129e-07
1.74449e-07
1.67684e-07
1.62208e-07
1.57676e-07
1.53738e-07
1.50239e-07
1.46981e-07
1.43906e-07
1.409e-07
1.37955e-07
1.35003e-07
1.32059e-07
1.29081e-07
1.26095e-07
1.23072e-07
1.20041e-07
1.16982e-07
1.13925e-07
1.10853e-07
1.07794e-07
1.04734e-07
1.017e-07
9.86754e-08
9.56878e-08
9.27208e-08
8.98003e-08
8.69083e-08
8.4071e-08
8.12679e-08
7.85259e-08
7.58218e-08
7.31836e-08
7.05855e-08
6.80568e-08
6.55687e-08
6.31525e-08
6.07762e-08
5.84734e-08
5.62087e-08
5.40182e-08
5.18632e-08
4.97826e-08
4.77342e-08
4.57597e-08
4.38136e-08
4.19407e-08
4.0092e-08
3.83153e-08
3.65586e-08
3.48727e-08
3.32028e-08
3.16023e-08
3.00134e-08
2.84923e-08
2.69781e-08
2.55297e-08
2.40837e-08
2.27018e-08
2.13179e-08
1.99963e-08
1.86686e-08
1.74015e-08
1.61245e-08
1.49064e-08
1.36746e-08
1.25001e-08
1.13084e-08
1.01718e-08
9.01481e-09
7.90991e-09
6.78225e-09
5.70167e-09
4.59967e-09
3.53516e-09
2.46253e-09
1.40146e-09
3.77078e-10
-7.21546e-10
-1.6465e-09
-2.85505e-09
-3.76356e-09
-4.95949e-09
-3.9362e-09
0.103028
0.104441
0.109125
0.115949
0.125006
0.1355
0.141912
0.134084
0.061638
-0.13663
-0.310352
-0.302148
-0.331745
-0.374586
-0.420018
-0.455422
-0.450929
-0.398639
-0.306928
-0.206049
-0.121168
-0.06185
-0.0252837
-0.00513004
0.00478511
0.00875067
0.0095578
0.00884824
0.00753585
0.00609938
0.00476696
0.00363059
0.00271159
0.00199718
0.00146003
0.00106836
0.000790988
0.000599859
0.000471354
0.000386766
0.000332039
0.000296829
0.000273381
0.000255843
0.000240164
0.000223962
0.000205788
0.000184197
0.000157641
0.000125559
8.98891e-05
5.55267e-05
2.86164e-05
1.31491e-05
8.4015e-06
9.53943e-06
1.12265e-05
1.09288e-05
9.01998e-06
6.81451e-06
5.0578e-06
3.79644e-06
2.86205e-06
2.14774e-06
1.61194e-06
1.22019e-06
9.35376e-07
7.26907e-07
5.73955e-07
4.61816e-07
3.79795e-07
3.19709e-07
2.75715e-07
2.43357e-07
2.19531e-07
2.01803e-07
1.88543e-07
1.78423e-07
1.70601e-07
1.64349e-07
1.59247e-07
1.54891e-07
1.51085e-07
1.47602e-07
1.44362e-07
1.41234e-07
1.382e-07
1.35183e-07
1.3219e-07
1.29177e-07
1.26164e-07
1.23122e-07
1.20077e-07
1.17009e-07
1.13944e-07
1.10866e-07
1.07803e-07
1.0474e-07
1.01703e-07
9.86765e-08
9.56875e-08
9.27193e-08
8.9798e-08
8.69053e-08
8.40674e-08
8.12639e-08
7.85214e-08
7.5817e-08
7.31785e-08
7.05801e-08
6.80512e-08
6.55628e-08
6.31464e-08
6.07698e-08
5.84669e-08
5.62019e-08
5.40113e-08
5.18562e-08
4.97754e-08
4.77269e-08
4.57523e-08
4.38061e-08
4.1933e-08
4.00842e-08
3.83073e-08
3.65504e-08
3.48644e-08
3.31943e-08
3.15939e-08
3.0005e-08
2.8484e-08
2.69699e-08
2.55218e-08
2.40759e-08
2.26942e-08
2.13104e-08
1.99889e-08
1.86614e-08
1.73945e-08
1.61176e-08
1.48997e-08
1.36681e-08
1.24937e-08
1.13023e-08
1.01659e-08
9.00918e-09
7.90458e-09
6.77719e-09
5.69692e-09
4.59519e-09
3.53097e-09
2.45867e-09
1.39789e-09
3.74079e-10
-7.24286e-10
-1.64825e-09
-2.85694e-09
-3.76368e-09
-4.96066e-09
-3.93456e-09
0.106585
0.108384
0.114377
0.123518
0.136608
0.154427
0.172821
0.188765
0.102514
-0.125554
-0.342468
-0.30615
-0.341154
-0.38891
-0.436111
-0.478339
-0.479598
-0.425404
-0.323272
-0.208667
-0.11264
-0.0476285
-0.00988959
0.00880912
0.0163226
0.0178121
0.0164721
0.0140433
0.0114117
0.00898599
0.00691995
0.00524218
0.0039243
0.00291615
0.0021628
0.00161205
0.00121736
0.000938954
0.000744201
0.000607644
0.000510593
0.000440062
0.000387265
0.00034623
0.000312795
0.000283815
0.000256315
0.000226962
0.000192551
0.000151656
0.000106521
6.34874e-05
3.05383e-05
1.26265e-05
8.35155e-06
1.10459e-05
1.36392e-05
1.31888e-05
1.06089e-05
7.80528e-06
5.70685e-06
4.26896e-06
3.21521e-06
2.40612e-06
1.79895e-06
1.35662e-06
1.03564e-06
8.00509e-07
6.27823e-07
5.01228e-07
4.08666e-07
3.40874e-07
2.91238e-07
2.54746e-07
2.27888e-07
2.07937e-07
1.93046e-07
1.81727e-07
1.73027e-07
1.66129e-07
1.60554e-07
1.5585e-07
1.51789e-07
1.48118e-07
1.4474e-07
1.41512e-07
1.38403e-07
1.35331e-07
1.32299e-07
1.29256e-07
1.26222e-07
1.23163e-07
1.20107e-07
1.17029e-07
1.13958e-07
1.10876e-07
1.0781e-07
1.04744e-07
1.01704e-07
9.86763e-08
9.5686e-08
9.27168e-08
8.97947e-08
8.69013e-08
8.40629e-08
8.12589e-08
7.8516e-08
7.58113e-08
7.31726e-08
7.05738e-08
6.80447e-08
6.5556e-08
6.31394e-08
6.07626e-08
5.84594e-08
5.61943e-08
5.40036e-08
5.18482e-08
4.97674e-08
4.77187e-08
4.5744e-08
4.37977e-08
4.19245e-08
4.00755e-08
3.82985e-08
3.65414e-08
3.48551e-08
3.31849e-08
3.15845e-08
2.99957e-08
2.84749e-08
2.6961e-08
2.55131e-08
2.40674e-08
2.26858e-08
2.13022e-08
1.99809e-08
1.86535e-08
1.73868e-08
1.61101e-08
1.48924e-08
1.3661e-08
1.24869e-08
1.12956e-08
1.01596e-08
9.00312e-09
7.89884e-09
6.77175e-09
5.69182e-09
4.59041e-09
3.52652e-09
2.45459e-09
1.39415e-09
3.70919e-10
-7.27085e-10
-1.65015e-09
-2.85874e-09
-3.76401e-09
-4.96156e-09
-3.93337e-09
0.109423
0.11155
0.118709
0.129877
0.147078
0.171551
0.207273
0.213684
0.193714
-0.143087
-0.435025
-0.322533
-0.336941
-0.388444
-0.436388
-0.48177
-0.484489
-0.430913
-0.325068
-0.203794
-0.10141
-0.033175
0.0048064
0.0218007
0.0269409
0.0260656
0.0227101
0.0186872
0.0148477
0.011527
0.00880507
0.00664846
0.00498115
0.00371775
0.00277764
0.00208985
0.00159393
0.00123971
0.000986802
0.00080424
0.000669746
0.000568385
0.000490586
0.00043008
0.00038224
0.000342886
0.000307496
0.000271036
0.000228916
0.000179099
0.000124342
7.25709e-05
3.36252e-05
1.33853e-05
9.56903e-06
1.34788e-05
1.65431e-05
1.55924e-05
1.21573e-05
8.69839e-06
6.25813e-06
4.65738e-06
3.49991e-06
2.61111e-06
1.94564e-06
1.46319e-06
1.11386e-06
8.57828e-07
6.69677e-07
5.31803e-07
4.31043e-07
3.57273e-07
3.03263e-07
2.63567e-07
2.34362e-07
2.12688e-07
1.96533e-07
1.84287e-07
1.74906e-07
1.67508e-07
1.61566e-07
1.56593e-07
1.52334e-07
1.48518e-07
1.45033e-07
1.41726e-07
1.3856e-07
1.35446e-07
1.32382e-07
1.29317e-07
1.26265e-07
1.23195e-07
1.20129e-07
1.17045e-07
1.13969e-07
1.10883e-07
1.07814e-07
1.04745e-07
1.01704e-07
9.8675e-08
9.56836e-08
9.27135e-08
8.97906e-08
8.68967e-08
8.40578e-08
8.12535e-08
7.85101e-08
7.58051e-08
7.31661e-08
7.05671e-08
6.80376e-08
6.55487e-08
6.31318e-08
6.07548e-08
5.84514e-08
5.61861e-08
5.39951e-08
5.18397e-08
4.97587e-08
4.77098e-08
4.5735e-08
4.37886e-08
4.19153e-08
4.00662e-08
3.82889e-08
3.65314e-08
3.48448e-08
3.31743e-08
3.1574e-08
2.99853e-08
2.84648e-08
2.69512e-08
2.55036e-08
2.40582e-08
2.26768e-08
2.12933e-08
1.99722e-08
1.8645e-08
1.73785e-08
1.6102e-08
1.48845e-08
1.36534e-08
1.24795e-08
1.12885e-08
1.01528e-08
8.99663e-09
7.89269e-09
6.76594e-09
5.68637e-09
4.58532e-09
3.52179e-09
2.45027e-09
1.39023e-09
3.67583e-10
-7.29982e-10
-1.6522e-09
-2.86051e-09
-3.76457e-09
-4.96229e-09
-3.93256e-09
0.111401
0.113782
0.121797
0.134633
0.154941
0.18649
0.235205
0.275639
0.332387
-0.113516
-0.326702
-0.337851
-0.386235
-0.435524
-0.480267
-0.482233
-0.425855
-0.317599
-0.194547
-0.0904553
-0.0216378
0.0157012
0.031194
0.0345774
0.0320022
0.0272064
0.0220413
0.0173338
0.0133691
0.0101751
0.00767448
0.00575668
0.00431062
0.0032368
0.00245039
0.00188082
0.00147061
0.00117425
0.000957368
0.000795548
0.000672529
0.000577843
0.000504439
0.000446815
0.00039976
0.000357639
0.000314399
0.000264744
0.000206492
0.000143055
8.3685e-05
3.96588e-05
1.73151e-05
1.32955e-05
1.73088e-05
1.99597e-05
1.80707e-05
1.36541e-05
9.5228e-06
6.73315e-06
4.96449e-06
3.71239e-06
2.75851e-06
2.04883e-06
1.53731e-06
1.16791e-06
8.97218e-07
6.98335e-07
5.52688e-07
4.46309e-07
3.68454e-07
3.1146e-07
2.69581e-07
2.38776e-07
2.15929e-07
1.98912e-07
1.86033e-07
1.76188e-07
1.68449e-07
1.62257e-07
1.57099e-07
1.52705e-07
1.4879e-07
1.45232e-07
1.41872e-07
1.38666e-07
1.35523e-07
1.32438e-07
1.29357e-07
1.26294e-07
1.23215e-07
1.20143e-07
1.17054e-07
1.13974e-07
1.10886e-07
1.07815e-07
1.04745e-07
1.01702e-07
9.8672e-08
9.56798e-08
9.27088e-08
8.97854e-08
8.6891e-08
8.40516e-08
8.12467e-08
7.85031e-08
7.5798e-08
7.31588e-08
7.05595e-08
6.80297e-08
6.55405e-08
6.31234e-08
6.07462e-08
5.84426e-08
5.61771e-08
5.3986e-08
5.18304e-08
4.97493e-08
4.77004e-08
4.57256e-08
4.37791e-08
4.19058e-08
4.00566e-08
3.82791e-08
3.65211e-08
3.48339e-08
3.31631e-08
3.15629e-08
2.99743e-08
2.8454e-08
2.69409e-08
2.54937e-08
2.40485e-08
2.26674e-08
2.12841e-08
1.99632e-08
1.86362e-08
1.73699e-08
1.60936e-08
1.48764e-08
1.36455e-08
1.24719e-08
1.12812e-08
1.01458e-08
8.98995e-09
7.88636e-09
6.75997e-09
5.68078e-09
4.58012e-09
3.51698e-09
2.44589e-09
1.38628e-09
3.64204e-10
-7.32857e-10
-1.6543e-09
-2.8622e-09
-3.76525e-09
-4.96286e-09
-3.932e-09
0.112419
0.114932
0.123418
0.137141
0.159307
0.194825
0.252554
0.320653
0.430703
-0.33028
-0.380335
-0.42706
-0.468561
-0.468194
-0.412603
-0.305928
-0.184975
-0.0830785
-0.0156589
0.0207352
0.035269
0.0378237
0.0345202
0.0291324
0.023502
0.0184401
0.0142101
0.0108194
0.00817337
0.00614793
0.00462159
0.00348712
0.00265409
0.00204805
0.00160892
0.00128952
0.00105436
0.00087816
0.000743899
0.000640378
0.000559882
0.000496305
0.000443884
0.000396489
0.00034769
0.000292034
0.000227512
0.000158073
9.37104e-05
4.62926e-05
2.21527e-05
1.72622e-05
2.06228e-05
2.25105e-05
1.97838e-05
1.46611e-05
1.00718e-05
7.03911e-06
5.1512e-06
3.83431e-06
2.83951e-06
2.10399e-06
1.57622e-06
1.19591e-06
9.17478e-07
7.13015e-07
5.63362e-07
4.54102e-07
3.74159e-07
3.15644e-07
2.72652e-07
2.4103e-07
2.17584e-07
2.00127e-07
1.86926e-07
1.76843e-07
1.6893e-07
1.6261e-07
1.57358e-07
1.52895e-07
1.48928e-07
1.45333e-07
1.41945e-07
1.3872e-07
1.35561e-07
1.32466e-07
1.29376e-07
1.26307e-07
1.23224e-07
1.20149e-07
1.17057e-07
1.13976e-07
1.10885e-07
1.07813e-07
1.04742e-07
1.01699e-07
9.8668e-08
9.56751e-08
9.27035e-08
8.97794e-08
8.68849e-08
8.40454e-08
8.124e-08
7.8496e-08
7.57907e-08
7.31513e-08
7.05516e-08
6.80215e-08
6.55321e-08
6.31148e-08
6.07373e-08
5.84336e-08
5.61679e-08
5.39767e-08
5.1821e-08
4.97399e-08
4.76911e-08
4.57164e-08
4.37701e-08
4.18972e-08
4.00484e-08
3.82715e-08
3.65139e-08
3.48265e-08
3.31554e-08
3.15552e-08
2.99666e-08
2.84465e-08
2.69336e-08
2.54863e-08
2.40411e-08
2.26598e-08
2.12765e-08
1.99555e-08
1.86285e-08
1.73623e-08
1.6086e-08
1.48689e-08
1.36382e-08
1.24648e-08
1.12744e-08
1.01392e-08
8.98361e-09
7.88031e-09
6.75424e-09
5.67538e-09
4.57507e-09
3.51231e-09
2.44162e-09
1.38243e-09
3.60883e-10
-7.35657e-10
-1.65641e-09
-2.86381e-09
-3.76605e-09
-4.9633e-09
-3.93167e-09
0.112418
0.114932
0.123418
0.137141
0.159307
0.194825
0.252553
0.330827
0.488717
-0.327281
-0.380357
-0.427093
-0.468588
-0.468207
-0.41258
-0.30589
-0.184929
-0.0830491
-0.015646
0.0207365
0.0352637
0.0378159
0.0345126
0.0291264
0.0234982
0.0184382
0.0142098
0.0108203
0.00817487
0.00614966
0.00462327
0.00348854
0.00265516
0.00204875
0.00160927
0.0012896
0.00105425
0.000877948
0.000743651
0.000640146
0.000559696
0.000496174
0.000443805
0.000396448
0.000347672
0.000292025
0.000227504
0.000158062
9.36981e-05
4.62823e-05
2.21463e-05
1.72596e-05
2.06226e-05
2.25113e-05
1.97846e-05
1.46618e-05
1.00723e-05
7.0396e-06
5.15163e-06
3.83467e-06
2.83981e-06
2.10425e-06
1.57643e-06
1.19609e-06
9.17624e-07
7.13135e-07
5.6346e-07
4.54182e-07
3.74224e-07
3.15696e-07
2.72694e-07
2.41063e-07
2.1761e-07
2.00147e-07
1.86941e-07
1.76854e-07
1.68939e-07
1.62615e-07
1.57362e-07
1.52897e-07
1.48929e-07
1.45333e-07
1.41945e-07
1.38718e-07
1.35559e-07
1.32463e-07
1.29373e-07
1.26304e-07
1.23221e-07
1.20145e-07
1.17053e-07
1.13971e-07
1.10881e-07
1.07808e-07
1.04737e-07
1.01693e-07
9.86621e-08
9.5669e-08
9.26969e-08
8.97715e-08
8.68777e-08
8.40388e-08
8.1234e-08
7.84893e-08
7.5783e-08
7.31429e-08
7.05428e-08
6.80124e-08
6.55226e-08
6.3105e-08
6.07273e-08
5.84233e-08
5.61574e-08
5.3966e-08
5.18102e-08
4.9729e-08
4.768e-08
4.57053e-08
4.37592e-08
4.18866e-08
4.00386e-08
3.82634e-08
3.6509e-08
3.48263e-08
3.31587e-08
3.15588e-08
2.99697e-08
2.84475e-08
2.69317e-08
2.54822e-08
2.40354e-08
2.26531e-08
2.12691e-08
1.99478e-08
1.86206e-08
1.73542e-08
1.6078e-08
1.4861e-08
1.36303e-08
1.24571e-08
1.12669e-08
1.01319e-08
8.97667e-09
7.87369e-09
6.74797e-09
5.66948e-09
4.56957e-09
3.50722e-09
2.43698e-09
1.37828e-09
3.573e-10
-7.38626e-10
-1.65872e-09
-2.86546e-09
-3.76701e-09
-4.96365e-09
-3.93154e-09
0.111401
0.113781
0.121797
0.134632
0.154939
0.186488
0.235203
0.302821
0.414044
-0.320477
-0.335894
-0.386295
-0.435605
-0.480329
-0.482228
-0.425804
-0.31751
-0.194451
-0.0903882
-0.0216049
0.0157102
0.0311889
0.0345661
0.0319899
0.0271958
0.0220339
0.0173297
0.0133679
0.0101761
0.00767678
0.00575959
0.00431357
0.00323938
0.00245237
0.00188214
0.00147131
0.00117445
0.00095721
0.000795181
0.000672082
0.000577416
0.000504091
0.000446568
0.000399607
0.000357555
0.000314356
0.000264718
0.000206467
0.000143025
8.36542e-05
3.96323e-05
1.72978e-05
1.32884e-05
1.73086e-05
1.99623e-05
1.80735e-05
1.36563e-05
9.52458e-06
6.73467e-06
4.9658e-06
3.71349e-06
2.75942e-06
2.0496e-06
1.53795e-06
1.16844e-06
8.97656e-07
6.98696e-07
5.52984e-07
4.46551e-07
3.6865e-07
3.11618e-07
2.69708e-07
2.38876e-07
2.16007e-07
1.98972e-07
1.86079e-07
1.76222e-07
1.68475e-07
1.62275e-07
1.57111e-07
1.52712e-07
1.48793e-07
1.45233e-07
1.4187e-07
1.38663e-07
1.35518e-07
1.32432e-07
1.29349e-07
1.26286e-07
1.23206e-07
1.20133e-07
1.17043e-07
1.13963e-07
1.10873e-07
1.07801e-07
1.0473e-07
1.01687e-07
9.86553e-08
9.56622e-08
9.26903e-08
8.97659e-08
8.68712e-08
8.40318e-08
8.12254e-08
7.84811e-08
7.57746e-08
7.3134e-08
7.05337e-08
6.8003e-08
6.55129e-08
6.30951e-08
6.07172e-08
5.8413e-08
5.6147e-08
5.39555e-08
5.17996e-08
4.97183e-08
4.76694e-08
4.56948e-08
4.37489e-08
4.18767e-08
4.00293e-08
3.82546e-08
3.65007e-08
3.48178e-08
3.31498e-08
3.155e-08
2.99609e-08
2.8439e-08
2.69233e-08
2.54738e-08
2.40269e-08
2.26446e-08
2.12605e-08
1.99392e-08
1.8612e-08
1.73457e-08
1.60696e-08
1.48527e-08
1.36223e-08
1.24494e-08
1.12593e-08
1.01247e-08
8.96973e-09
7.86709e-09
6.74173e-09
5.66363e-09
4.56413e-09
3.5022e-09
2.43242e-09
1.37423e-09
3.53779e-10
-7.41503e-10
-1.66102e-09
-2.86702e-09
-3.76806e-09
-4.96389e-09
-3.93162e-09
0.109421
0.111549
0.118708
0.129876
0.147076
0.171549
0.20727
0.250848
0.264276
-0.25063
-0.327776
-0.340733
-0.388519
-0.436486
-0.481837
-0.484485
-0.430838
-0.32495
-0.203677
-0.101331
-0.0331392
0.0048135
0.0217918
0.0269256
0.0260501
0.0226975
0.0186788
0.0148435
0.0115263
0.00880687
0.00665175
0.00498502
0.00372152
0.00278085
0.00209225
0.00159548
0.00124048
0.000986964
0.000803974
0.000669237
0.000567793
0.000490033
0.000429639
0.000381936
0.000342707
0.000307408
0.000270999
0.000228899
0.000179081
0.000124316
7.25396e-05
3.35969e-05
1.33667e-05
9.56188e-06
1.34797e-05
1.65473e-05
1.55969e-05
1.2161e-05
8.7014e-06
6.26067e-06
4.65955e-06
3.50174e-06
2.61263e-06
1.94691e-06
1.46425e-06
1.11474e-06
8.58554e-07
6.70275e-07
5.32293e-07
4.31443e-07
3.57597e-07
3.03523e-07
2.63775e-07
2.34526e-07
2.12817e-07
1.96633e-07
1.84363e-07
1.74963e-07
1.6755e-07
1.61595e-07
1.56612e-07
1.52345e-07
1.48522e-07
1.45033e-07
1.41722e-07
1.38553e-07
1.35436e-07
1.32371e-07
1.29303e-07
1.2625e-07
1.23179e-07
1.20111e-07
1.17026e-07
1.13948e-07
1.10861e-07
1.0779e-07
1.0472e-07
1.01678e-07
9.86467e-08
9.56533e-08
9.26829e-08
8.976e-08
8.68645e-08
8.40239e-08
8.12181e-08
7.84732e-08
7.57657e-08
7.31245e-08
7.05237e-08
6.79927e-08
6.55024e-08
6.30843e-08
6.07062e-08
5.84018e-08
5.61356e-08
5.39439e-08
5.17878e-08
4.97065e-08
4.76575e-08
4.56829e-08
4.3737e-08
4.18647e-08
4.00172e-08
3.82424e-08
3.6488e-08
3.48045e-08
3.31362e-08
3.15366e-08
2.99476e-08
2.8426e-08
2.69108e-08
2.54618e-08
2.40152e-08
2.26332e-08
2.12494e-08
1.99283e-08
1.86014e-08
1.73354e-08
1.60596e-08
1.4843e-08
1.36129e-08
1.24403e-08
1.12507e-08
1.01164e-08
8.96187e-09
7.85964e-09
6.73476e-09
5.65711e-09
4.55811e-09
3.49669e-09
2.42745e-09
1.36986e-09
3.49988e-10
-7.44541e-10
-1.66349e-09
-2.86859e-09
-3.76927e-09
-4.96401e-09
-3.93193e-09
0.106584
0.108383
0.114375
0.123516
0.136606
0.154424
0.172818
0.18876
0.150168
-0.169256
-0.415003
-0.313768
-0.341191
-0.388997
-0.436212
-0.478412
-0.479586
-0.42532
-0.323147
-0.208553
-0.112564
-0.0475918
-0.00987983
0.00880397
0.016311
0.0177994
0.0164613
0.0140357
0.0114076
0.0089848
0.00692101
0.00524464
0.00392739
0.00291927
0.00216554
0.00161416
0.00121878
0.00093973
0.000744446
0.000607508
0.000510231
0.000439609
0.00038683
0.000345878
0.000312553
0.000283675
0.00025625
0.000226939
0.000192542
0.000151645
0.000106503
6.34635e-05
3.05159e-05
1.2612e-05
8.34711e-06
1.10489e-05
1.36454e-05
1.31951e-05
1.06143e-05
7.80964e-06
5.71049e-06
4.27201e-06
3.21777e-06
2.40824e-06
1.80071e-06
1.35809e-06
1.03686e-06
8.01518e-07
6.28654e-07
5.0191e-07
4.09221e-07
3.41324e-07
2.916e-07
2.55035e-07
2.28117e-07
2.08117e-07
1.93184e-07
1.81833e-07
1.73106e-07
1.66187e-07
1.60594e-07
1.55877e-07
1.51804e-07
1.48125e-07
1.4474e-07
1.41506e-07
1.38394e-07
1.35318e-07
1.32283e-07
1.29238e-07
1.26201e-07
1.23141e-07
1.20082e-07
1.17003e-07
1.1393e-07
1.10846e-07
1.07777e-07
1.04709e-07
1.01668e-07
9.86376e-08
9.56458e-08
9.2675e-08
8.97532e-08
8.68568e-08
8.40153e-08
8.1209e-08
7.84637e-08
7.5756e-08
7.31146e-08
7.05135e-08
6.79822e-08
6.54915e-08
6.30732e-08
6.06947e-08
5.83901e-08
5.61237e-08
5.39318e-08
5.17756e-08
4.96941e-08
4.7645e-08
4.56703e-08
4.37243e-08
4.18519e-08
4.00043e-08
3.82292e-08
3.64745e-08
3.47907e-08
3.31223e-08
3.15227e-08
2.9934e-08
2.84126e-08
2.68979e-08
2.54491e-08
2.40029e-08
2.26211e-08
2.12377e-08
1.99168e-08
1.85902e-08
1.73245e-08
1.6049e-08
1.48328e-08
1.36031e-08
1.24308e-08
1.12416e-08
1.01077e-08
8.95363e-09
7.85185e-09
6.72746e-09
5.6503e-09
4.55183e-09
3.49095e-09
2.42227e-09
1.36533e-09
3.46055e-10
-7.4765e-10
-1.66609e-09
-2.87014e-09
-3.77064e-09
-4.96401e-09
-3.93251e-09
0.103027
0.104439
0.109123
0.115947
0.125003
0.135497
0.141908
0.134078
0.0616301
-0.13664
-0.310364
-0.302166
-0.331783
-0.374664
-0.420108
-0.455464
-0.450909
-0.398552
-0.306814
-0.205951
-0.121103
-0.061818
-0.0252743
-0.0051335
0.00477586
0.00874017
0.0095487
0.00884178
0.00753229
0.00609838
0.00476791
0.00363277
0.00271435
0.00199998
0.00146251
0.00107031
0.000792339
0.00060064
0.00047166
0.000386725
0.000331783
0.000296479
0.000273034
0.00025556
0.000239972
0.000223855
0.000205744
0.00018419
0.000157647
0.000125563
8.98848e-05
5.55162e-05
2.86052e-05
1.31427e-05
8.40195e-06
9.54528e-06
1.12346e-05
1.09367e-05
9.02675e-06
6.82013e-06
5.06248e-06
3.80035e-06
2.8653e-06
2.15044e-06
1.61418e-06
1.22206e-06
9.36927e-07
7.2819e-07
5.75012e-07
4.62682e-07
3.80501e-07
3.20281e-07
2.76175e-07
2.43724e-07
2.19821e-07
2.0203e-07
1.88719e-07
1.78556e-07
1.707e-07
1.6442e-07
1.59297e-07
1.54923e-07
1.51104e-07
1.47609e-07
1.44361e-07
1.41227e-07
1.38187e-07
1.35165e-07
1.32169e-07
1.29153e-07
1.26137e-07
1.23092e-07
1.20045e-07
1.16974e-07
1.13907e-07
1.10827e-07
1.07762e-07
1.04695e-07
1.01655e-07
9.86265e-08
9.56349e-08
9.26661e-08
8.97423e-08
8.68466e-08
8.40053e-08
8.11984e-08
7.84529e-08
7.57453e-08
7.31037e-08
7.05023e-08
6.79707e-08
6.54798e-08
6.30612e-08
6.06825e-08
5.83777e-08
5.61111e-08
5.3919e-08
5.17627e-08
4.9681e-08
4.76318e-08
4.5657e-08
4.37109e-08
4.18385e-08
3.99907e-08
3.82155e-08
3.64606e-08
3.47766e-08
3.31082e-08
3.15087e-08
2.99202e-08
2.83991e-08
2.68847e-08
2.54362e-08
2.39903e-08
2.26088e-08
2.12256e-08
1.99051e-08
1.85788e-08
1.73133e-08
1.60382e-08
1.48223e-08
1.3593e-08
1.24211e-08
1.12323e-08
1.00988e-08
8.94522e-09
7.84388e-09
6.72002e-09
5.64334e-09
4.54543e-09
3.48511e-09
2.41702e-09
1.36075e-09
3.4207e-10
-7.50743e-10
-1.66875e-09
-2.87159e-09
-3.77216e-09
-4.9638e-09
-3.93342e-09
0.0989062
0.0999187
0.103237
0.107798
0.113056
0.117689
0.115597
0.0981421
0.033247
-0.127036
-0.244172
-0.258489
-0.300613
-0.346001
-0.385207
-0.410691
-0.402848
-0.357044
-0.281127
-0.19786
-0.126107
-0.0734877
-0.0387745
-0.0177545
-0.00591362
0.000169662
0.00288293
0.0037442
0.00366761
0.00317869
0.00256276
0.00196411
0.00144708
0.00103247
0.00071852
0.000492817
0.000338891
0.00024005
0.000181537
0.000151476
0.000140763
0.000142172
0.00014943
0.000157073
0.000161151
0.000159807
0.000152794
0.000140297
0.000122284
9.9078e-05
7.25068e-05
4.63844e-05
2.53804e-05
1.26673e-05
8.00702e-06
8.04566e-06
8.96483e-06
8.72581e-06
7.35761e-06
5.69459e-06
4.29081e-06
3.23726e-06
2.44548e-06
1.84228e-06
1.39013e-06
1.05852e-06
8.16948e-07
6.40162e-07
5.10544e-07
4.15487e-07
3.4593e-07
2.94943e-07
2.57599e-07
2.30102e-07
2.09829e-07
1.947e-07
1.8334e-07
1.74608e-07
1.67803e-07
1.62293e-07
1.57735e-07
1.53776e-07
1.5026e-07
1.46989e-07
1.43904e-07
1.4089e-07
1.37939e-07
1.34982e-07
1.32033e-07
1.29051e-07
1.26061e-07
1.23035e-07
1.20002e-07
1.16941e-07
1.13881e-07
1.10806e-07
1.07744e-07
1.04681e-07
1.01643e-07
9.86161e-08
9.56257e-08
9.26561e-08
8.97318e-08
8.68362e-08
8.3995e-08
8.1188e-08
7.84423e-08
7.57345e-08
7.30927e-08
7.0491e-08
6.79592e-08
6.5468e-08
6.30491e-08
6.06702e-08
5.83651e-08
5.60983e-08
5.39061e-08
5.17496e-08
4.96678e-08
4.76185e-08
4.56435e-08
4.36974e-08
4.18248e-08
3.9977e-08
3.82016e-08
3.64467e-08
3.47625e-08
3.30941e-08
3.14946e-08
2.99063e-08
2.83854e-08
2.68713e-08
2.54231e-08
2.39776e-08
2.25963e-08
2.12134e-08
1.98931e-08
1.85672e-08
1.7302e-08
1.60273e-08
1.48116e-08
1.35828e-08
1.24112e-08
1.12229e-08
1.00898e-08
8.93674e-09
7.83582e-09
6.71252e-09
5.63632e-09
4.539e-09
3.47922e-09
2.41175e-09
1.35617e-09
3.38079e-10
-7.53787e-10
-1.67145e-09
-2.87291e-09
-3.77386e-09
-4.96332e-09
-3.93478e-09
0.0943857
0.095002
0.096997
0.0994032
0.101373
0.101013
0.0931806
0.0691694
0.0126544
-0.103886
-0.202839
-0.234684
-0.274629
-0.312062
-0.342533
-0.361343
-0.354385
-0.317175
-0.256662
-0.189193
-0.128916
-0.0823882
-0.0497443
-0.0284464
-0.0152872
-0.0075772
-0.00330296
-0.00109426
-7.08508e-05
0.000309754
0.000368196
0.000286572
0.000163102
4.6622e-05
-4.2278e-05
-9.85676e-05
-0.000125115
-0.000127971
-0.000113524
-8.71202e-05
-5.29707e-05
-1.49569e-05
2.2601e-05
5.51657e-05
7.92462e-05
9.35248e-05
9.86795e-05
9.61271e-05
8.70433e-05
7.25177e-05
5.44042e-05
3.57907e-05
2.02988e-05
1.04843e-05
6.46311e-06
6.04418e-06
6.56531e-06
6.46091e-06
5.58425e-06
4.43281e-06
3.39939e-06
2.58853e-06
1.9668e-06
1.49147e-06
1.13459e-06
8.71965e-07
6.80232e-07
5.39893e-07
4.3706e-07
3.61647e-07
3.0647e-07
2.66013e-07
2.36382e-07
2.1454e-07
1.98411e-07
1.86322e-07
1.77191e-07
1.70095e-07
1.6449e-07
1.59861e-07
1.55948e-07
1.52463e-07
1.49295e-07
1.4628e-07
1.43382e-07
1.40506e-07
1.37655e-07
1.34772e-07
1.31877e-07
1.28935e-07
1.25975e-07
1.2297e-07
1.19952e-07
1.16902e-07
1.1385e-07
1.10782e-07
1.07724e-07
1.04664e-07
1.01629e-07
9.86024e-08
9.56137e-08
9.26441e-08
8.97203e-08
8.68249e-08
8.39837e-08
8.11767e-08
7.84307e-08
7.57228e-08
7.30808e-08
7.04789e-08
6.79468e-08
6.54554e-08
6.30362e-08
6.06572e-08
5.83518e-08
5.60848e-08
5.38924e-08
5.17358e-08
4.96538e-08
4.76044e-08
4.56293e-08
4.36832e-08
4.18105e-08
3.99627e-08
3.81871e-08
3.64321e-08
3.47479e-08
3.30795e-08
3.148e-08
2.9892e-08
2.83712e-08
2.68575e-08
2.54095e-08
2.39643e-08
2.25833e-08
2.12008e-08
1.98808e-08
1.85552e-08
1.72903e-08
1.6016e-08
1.48007e-08
1.35723e-08
1.2401e-08
1.12133e-08
1.00805e-08
8.92806e-09
7.82756e-09
6.70486e-09
5.62912e-09
4.53244e-09
3.4732e-09
2.40639e-09
1.35151e-09
3.34021e-10
-7.56819e-10
-1.67424e-09
-2.87408e-09
-3.77582e-09
-4.96248e-09
-3.93673e-09
0.0896237
0.089872
0.0906349
0.0911297
0.090317
0.0861847
0.0744678
0.0479152
-0.00214864
-0.0931659
-0.175279
-0.211104
-0.249179
-0.283478
-0.309433
-0.323619
-0.316417
-0.285523
-0.236485
-0.18109
-0.13001
-0.0888118
-0.0583813
-0.0373073
-0.0233568
-0.0144537
-0.00893338
-0.00559081
-0.00360576
-0.00244234
-0.00176242
-0.00135845
-0.00110645
-0.000934686
-0.000803435
-0.000692204
-0.000591542
-0.000497737
-0.000409453
-0.000325969
-0.000246867
-0.000172686
-0.000105547
-4.86685e-05
-4.76781e-06
2.54534e-05
4.34062e-05
5.14105e-05
5.15504e-05
4.55458e-05
3.53609e-05
2.36464e-05
1.33343e-05
6.56183e-06
3.70759e-06
3.44141e-06
3.96624e-06
4.13269e-06
3.73956e-06
3.07607e-06
2.41899e-06
1.87273e-06
1.44104e-06
1.1065e-06
8.53646e-07
6.66675e-07
5.29835e-07
4.29608e-07
3.56202e-07
3.02371e-07
2.63008e-07
2.34141e-07
2.13005e-07
1.97391e-07
1.85829e-07
1.77089e-07
1.70415e-07
1.65122e-07
1.60839e-07
1.5718e-07
1.53979e-07
1.51017e-07
1.48233e-07
1.45498e-07
1.42807e-07
1.40082e-07
1.37343e-07
1.34541e-07
1.31707e-07
1.28809e-07
1.2588e-07
1.22899e-07
1.19898e-07
1.16861e-07
1.13818e-07
1.10756e-07
1.07703e-07
1.04646e-07
1.01614e-07
9.85901e-08
9.56014e-08
9.26321e-08
8.97087e-08
8.68135e-08
8.39724e-08
8.11654e-08
7.84192e-08
7.57111e-08
7.30689e-08
7.04668e-08
6.79344e-08
6.54428e-08
6.30233e-08
6.06441e-08
5.83384e-08
5.60713e-08
5.38786e-08
5.17219e-08
4.96397e-08
4.75903e-08
4.5615e-08
4.36689e-08
4.1796e-08
3.99482e-08
3.81725e-08
3.64175e-08
3.47331e-08
3.30648e-08
3.14654e-08
2.98776e-08
2.8357e-08
2.68436e-08
2.53958e-08
2.3951e-08
2.25702e-08
2.11881e-08
1.98683e-08
1.85432e-08
1.72785e-08
1.60047e-08
1.47896e-08
1.35618e-08
1.23908e-08
1.12036e-08
1.00712e-08
8.91937e-09
7.81925e-09
6.69721e-09
5.62189e-09
4.5259e-09
3.46716e-09
2.40105e-09
1.34686e-09
3.29981e-10
-7.59768e-10
-1.67709e-09
-2.87502e-09
-3.77807e-09
-4.96114e-09
-3.93952e-09
0.0847677
0.0846834
0.0843436
0.0831803
0.0800986
0.0731042
0.0588623
0.0315186
-0.013258
-0.0855325
-0.153808
-0.191998
-0.228569
-0.259329
-0.281077
-0.291678
-0.285001
-0.25955
-0.219534
-0.173627
-0.130023
-0.0934578
-0.0652243
-0.0446754
-0.0303069
-0.0205462
-0.0140402
-0.00974985
-0.00692907
-0.00506475
-0.00381504
-0.00295726
-0.00234883
-0.0018999
-0.00155467
-0.00127911
-0.00105266
-0.000862656
-0.000700584
-0.00056008
-0.000436367
-0.000326735
-0.000230982
-0.000150753
-8.7726e-05
-4.18651e-05
-1.1117e-05
7.52031e-06
1.68084e-05
1.89706e-05
1.6122e-05
1.06768e-05
5.14195e-06
1.40104e-06
4.03255e-08
3.56248e-07
1.19679e-06
1.75975e-06
1.85883e-06
1.66675e-06
1.38483e-06
1.11432e-06
8.84286e-07
6.98802e-07
5.55663e-07
4.48694e-07
3.70095e-07
3.12443e-07
2.70254e-07
2.39326e-07
2.16761e-07
2.00213e-07
1.88112e-07
1.79125e-07
1.72425e-07
1.67252e-07
1.63194e-07
1.59821e-07
1.56946e-07
1.54322e-07
1.5188e-07
1.49475e-07
1.47099e-07
1.44665e-07
1.42193e-07
1.3963e-07
1.37009e-07
1.34295e-07
1.31524e-07
1.28673e-07
1.25778e-07
1.22822e-07
1.1984e-07
1.16816e-07
1.13783e-07
1.10728e-07
1.0768e-07
1.04627e-07
1.01596e-07
9.85746e-08
9.55874e-08
9.26191e-08
8.96961e-08
8.68011e-08
8.39601e-08
8.11531e-08
7.84067e-08
7.56985e-08
7.3056e-08
7.04538e-08
6.79211e-08
6.54294e-08
6.30096e-08
6.06302e-08
5.83243e-08
5.60571e-08
5.38641e-08
5.17073e-08
4.96249e-08
4.75755e-08
4.56001e-08
4.36539e-08
4.17809e-08
3.99332e-08
3.81573e-08
3.64024e-08
3.47179e-08
3.30498e-08
3.14504e-08
2.98629e-08
2.83423e-08
2.68294e-08
2.53817e-08
2.39374e-08
2.25567e-08
2.11751e-08
1.98554e-08
1.85308e-08
1.72664e-08
1.59931e-08
1.47783e-08
1.3551e-08
1.23803e-08
1.11938e-08
1.00617e-08
8.91053e-09
7.81074e-09
6.68943e-09
5.61448e-09
4.51926e-09
3.46098e-09
2.39564e-09
1.34213e-09
3.25881e-10
-7.627e-10
-1.68006e-09
-2.87573e-09
-3.78075e-09
-4.95913e-09
-3.94347e-09
0.0799497
0.0795764
0.0782763
0.0757271
0.0708365
0.0617774
0.0459786
0.0189439
-0.0213484
-0.0804202
-0.138337
-0.175946
-0.210021
-0.237985
-0.257225
-0.265981
-0.260025
-0.238706
-0.205469
-0.16688
-0.1293
-0.0967185
-0.0705833
-0.0507433
-0.0362298
-0.0258776
-0.018606
-0.0135345
-0.00999788
-0.00751599
-0.00575316
-0.00447955
-0.00353991
-0.00283037
-0.00228194
-0.00184896
-0.00150106
-0.00121752
-0.000983336
-0.000786998
-0.00061972
-0.000475725
-0.000352508
-0.000250017
-0.000168722
-0.00010777
-6.45045e-05
-3.53828e-05
-1.71404e-05
-7.15885e-06
-3.16022e-06
-2.83364e-06
-3.91339e-06
-4.65322e-06
-4.29757e-06
-3.08859e-06
-1.69448e-06
-6.29422e-07
-2.4079e-08
2.41894e-07
3.27963e-07
3.34934e-07
3.10902e-07
2.78124e-07
2.47544e-07
2.22956e-07
2.0454e-07
1.90953e-07
1.81091e-07
1.73894e-07
1.68745e-07
1.64979e-07
1.62257e-07
1.60152e-07
1.58499e-07
1.57032e-07
1.55692e-07
1.54314e-07
1.52903e-07
1.51354e-07
1.497e-07
1.47873e-07
1.45922e-07
1.438e-07
1.41557e-07
1.39162e-07
1.36663e-07
1.3404e-07
1.31335e-07
1.28533e-07
1.25673e-07
1.22744e-07
1.1978e-07
1.1677e-07
1.13747e-07
1.107e-07
1.07657e-07
1.04609e-07
1.0158e-07
9.85599e-08
9.55736e-08
9.26062e-08
8.96836e-08
8.6789e-08
8.39479e-08
8.1141e-08
7.83945e-08
7.56862e-08
7.30434e-08
7.0441e-08
6.79079e-08
6.5416e-08
6.29959e-08
6.06164e-08
5.83101e-08
5.60428e-08
5.38496e-08
5.16928e-08
4.96101e-08
4.75607e-08
4.5585e-08
4.3639e-08
4.17657e-08
3.99181e-08
3.8142e-08
3.63873e-08
3.47026e-08
3.30348e-08
3.14352e-08
2.98481e-08
2.83276e-08
2.68151e-08
2.53675e-08
2.39237e-08
2.25431e-08
2.11621e-08
1.98425e-08
1.85185e-08
1.72542e-08
1.59816e-08
1.47669e-08
1.35403e-08
1.23698e-08
1.1184e-08
1.00521e-08
8.90175e-09
7.80219e-09
6.68172e-09
5.60705e-09
4.51268e-09
3.45478e-09
2.39029e-09
1.33741e-09
3.21828e-10
-7.65528e-10
-1.6831e-09
-2.87608e-09
-3.78392e-09
-4.95616e-09
-3.94904e-09
0.0752844
0.0746653
0.0725504
0.0688656
0.0625664
0.0520437
0.0353577
0.00915428
-0.0273514
-0.0768884
-0.126513
-0.162462
-0.194262
-0.219822
-0.236914
-0.244211
-0.239032
-0.221178
-0.1934
-0.160708
-0.128101
-0.0989573
-0.0747722
-0.0557279
-0.0412542
-0.0305131
-0.0226561
-0.016948
-0.0128044
-0.00978386
-0.00756353
-0.00591263
-0.00466816
-0.00371598
-0.00297651
-0.00239429
-0.00193044
-0.00155706
-0.0012533
-0.00100299
-0.000793693
-0.000616771
-0.000467489
-0.000344046
-0.000245616
-0.000170452
-0.000115308
-7.61871e-05
-4.94389e-05
-3.21372e-05
-2.18434e-05
-1.62657e-05
-1.32568e-05
-1.11278e-05
-8.97897e-06
-6.70822e-06
-4.61819e-06
-2.9866e-06
-1.87056e-06
-1.16249e-06
-7.21171e-07
-4.42398e-07
-2.62495e-07
-1.43447e-07
-6.18343e-08
-4.03535e-09
3.79152e-08
6.86002e-08
9.12433e-08
1.07925e-07
1.20313e-07
1.29427e-07
1.36159e-07
1.40996e-07
1.44437e-07
1.46709e-07
1.48113e-07
1.4875e-07
1.48817e-07
1.48353e-07
1.47495e-07
1.46254e-07
1.44731e-07
1.42924e-07
1.40912e-07
1.38687e-07
1.36313e-07
1.33781e-07
1.31143e-07
1.2839e-07
1.25567e-07
1.22663e-07
1.19719e-07
1.16723e-07
1.1371e-07
1.1067e-07
1.07633e-07
1.04588e-07
1.01562e-07
9.85441e-08
9.55588e-08
9.25923e-08
8.96701e-08
8.67759e-08
8.39348e-08
8.11279e-08
7.83812e-08
7.56728e-08
7.30297e-08
7.04273e-08
6.78938e-08
6.54018e-08
6.29813e-08
6.06017e-08
5.82951e-08
5.60278e-08
5.38342e-08
5.16775e-08
4.95945e-08
4.75452e-08
4.55693e-08
4.36234e-08
4.17499e-08
3.99025e-08
3.81261e-08
3.63717e-08
3.46868e-08
3.30193e-08
3.14196e-08
2.9833e-08
2.83124e-08
2.68005e-08
2.53529e-08
2.39097e-08
2.25291e-08
2.11488e-08
1.98292e-08
1.85059e-08
1.72416e-08
1.59698e-08
1.47551e-08
1.35294e-08
1.2359e-08
1.11741e-08
1.00423e-08
8.89283e-09
7.79341e-09
6.6739e-09
5.59941e-09
4.50601e-09
3.44841e-09
2.38488e-09
1.33256e-09
3.177e-10
-7.68361e-10
-1.68632e-09
-2.87608e-09
-3.78781e-09
-4.95191e-09
-3.95692e-09
0.0708691
0.0700463
0.0672551
0.062662
0.0552888
0.0437674
0.0266521
0.00151289
-0.0317903
-0.0743117
-0.117503
-0.151325
-0.180816
-0.204251
-0.219771
-0.226289
-0.221979
-0.206905
-0.183359
-0.155285
-0.12669
-0.100446
-0.0780141
-0.0597831
-0.0454701
-0.0344933
-0.0261981
-0.0199786
-0.0153276
-0.0118439
-0.00922225
-0.00723504
-0.0057154
-0.00454189
-0.00362663
-0.00290607
-0.002334
-0.00187628
-0.00150691
-0.00120557
-0.000956539
-0.00074862
-0.000574959
-0.000432054
-0.000317762
-0.00022941
-0.000163166
-0.000114661
-7.99391e-05
-5.58346e-05
-3.97604e-05
-2.93929e-05
-2.2625e-05
-1.77744e-05
-1.38168e-05
-1.03902e-05
-7.51666e-06
-5.27891e-06
-3.65356e-06
-2.52071e-06
-1.74032e-06
-1.20046e-06
-8.23324e-07
-5.56815e-07
-3.65854e-07
-2.27461e-07
-1.26272e-07
-5.20504e-08
2.59789e-09
4.28116e-08
7.24949e-08
9.43173e-08
1.10383e-07
1.22074e-07
1.30546e-07
1.36512e-07
1.40627e-07
1.43255e-07
1.44781e-07
1.4539e-07
1.45319e-07
1.44656e-07
1.43556e-07
1.42061e-07
1.40277e-07
1.3822e-07
1.35968e-07
1.33526e-07
1.30954e-07
1.2825e-07
1.25462e-07
1.22585e-07
1.19659e-07
1.16678e-07
1.13675e-07
1.10642e-07
1.0761e-07
1.04568e-07
1.01546e-07
9.85289e-08
9.55446e-08
9.2579e-08
8.96572e-08
8.67633e-08
8.39221e-08
8.11154e-08
7.83683e-08
7.56599e-08
7.30164e-08
7.04139e-08
6.788e-08
6.53879e-08
6.2967e-08
6.05874e-08
5.82803e-08
5.60131e-08
5.3819e-08
5.16624e-08
4.9579e-08
4.753e-08
4.55536e-08
4.3608e-08
4.17341e-08
3.9887e-08
3.81103e-08
3.63563e-08
3.4671e-08
3.3004e-08
3.14041e-08
2.98181e-08
2.82973e-08
2.6786e-08
2.53383e-08
2.38959e-08
2.25151e-08
2.11356e-08
1.98159e-08
1.84935e-08
1.7229e-08
1.59582e-08
1.47434e-08
1.35187e-08
1.23482e-08
1.11643e-08
1.00325e-08
8.88409e-09
7.78467e-09
6.66625e-09
5.59179e-09
4.49952e-09
3.44204e-09
2.37961e-09
1.32775e-09
3.13698e-10
-7.71054e-10
-1.68959e-09
-2.87553e-09
-3.79245e-09
-4.94581e-09
-3.96797e-09
0.066784
0.0657959
0.0624546
0.0571483
0.0489727
0.0367924
0.0195449
-0.00448266
-0.0350984
-0.0723894
-0.110523
-0.142112
-0.169518
-0.191173
-0.205435
-0.211371
-0.207797
-0.194971
-0.17481
-0.150456
-0.125157
-0.101373
-0.0805002
-0.0630602
-0.04898
-0.037879
-0.0292627
-0.0226375
-0.0175669
-0.0136901
-0.0107207
-0.00843765
-0.00667288
-0.0053002
-0.0042254
-0.00337837
-0.00270677
-0.00217107
-0.00174077
-0.00139191
-0.00110591
-0.000869255
-0.000673141
-0.00051245
-0.000383735
-0.000283403
-0.00020705
-0.000149972
-0.000107971
-7.76929e-05
-5.64167e-05
-4.17598e-05
-3.16072e-05
-2.42522e-05
-1.85618e-05
-1.39751e-05
-1.02968e-05
-7.45044e-06
-5.33372e-06
-3.80129e-06
-2.704e-06
-1.91939e-06
-1.35649e-06
-9.5059e-07
-6.55961e-07
-4.40943e-07
-2.833e-07
-1.6752e-07
-8.22895e-08
-1.9571e-08
2.66631e-08
6.06552e-08
8.56617e-08
1.03922e-07
1.17217e-07
1.26726e-07
1.3344e-07
1.37978e-07
1.40906e-07
1.42544e-07
1.43227e-07
1.4312e-07
1.42426e-07
1.4123e-07
1.39665e-07
1.37769e-07
1.35635e-07
1.33281e-07
1.30772e-07
1.28114e-07
1.2536e-07
1.22508e-07
1.19601e-07
1.16633e-07
1.13639e-07
1.10614e-07
1.07587e-07
1.04549e-07
1.01528e-07
9.8513e-08
9.55295e-08
9.25649e-08
8.96432e-08
8.67498e-08
8.39084e-08
8.11019e-08
7.83544e-08
7.56461e-08
7.3002e-08
7.03996e-08
6.78652e-08
6.53732e-08
6.29517e-08
6.05722e-08
5.82646e-08
5.59975e-08
5.3803e-08
5.16466e-08
4.95628e-08
4.7514e-08
4.55372e-08
4.3592e-08
4.17176e-08
3.9871e-08
3.80939e-08
3.63404e-08
3.46548e-08
3.29884e-08
3.13881e-08
2.98028e-08
2.82817e-08
2.67713e-08
2.53233e-08
2.38818e-08
2.25007e-08
2.11222e-08
1.98022e-08
1.84809e-08
1.72162e-08
1.59464e-08
1.47314e-08
1.35078e-08
1.23371e-08
1.11544e-08
1.00224e-08
8.87526e-09
7.7757e-09
6.65854e-09
5.58397e-09
4.49296e-09
3.43548e-09
2.37429e-09
1.32278e-09
3.09617e-10
-7.73782e-10
-1.69311e-09
-2.87448e-09
-3.79818e-09
-4.93728e-09
-3.98354e-09
0.0630946
0.0619749
0.0581952
0.0523401
0.043578
0.0309839
0.0137886
-0.00917919
-0.0375619
-0.0709077
-0.105091
-0.134582
-0.160129
-0.180265
-0.193536
-0.199136
-0.196265
-0.185262
-0.167761
-0.146334
-0.123678
-0.101926
-0.0823954
-0.0656836
-0.0518666
-0.0407176
-0.0318711
-0.0249285
-0.0195162
-0.0153107
-0.0120454
-0.00950688
-0.00752822
-0.00598022
-0.00476397
-0.00380412
-0.00304324
-0.00243726
-0.00195183
-0.00155988
-0.00124034
-0.000977655
-0.000761309
-0.000584679
-0.000443093
-0.000332076
-0.000246681
-0.000181911
-0.000133376
-9.7575e-05
-7.16689e-05
-5.3204e-05
-4.00304e-05
-3.0401e-05
-2.30889e-05
-1.73792e-05
-1.29084e-05
-9.46966e-06
-6.8874e-06
-4.98417e-06
-3.59534e-06
-2.5857e-06
-1.85168e-06
-1.31708e-06
-9.26465e-07
-6.40295e-07
-4.30094e-07
-2.75547e-07
-1.61747e-07
-7.79834e-08
-1.62628e-08
2.91225e-08
6.25012e-08
8.69154e-08
1.04728e-07
1.17557e-07
1.26707e-07
1.33035e-07
1.37276e-07
1.39879e-07
1.41269e-07
1.41682e-07
1.41369e-07
1.40454e-07
1.39093e-07
1.37349e-07
1.35325e-07
1.33052e-07
1.30602e-07
1.27989e-07
1.25266e-07
1.22438e-07
1.19547e-07
1.16591e-07
1.13606e-07
1.10589e-07
1.07565e-07
1.04531e-07
1.01512e-07
9.84987e-08
9.55158e-08
9.25522e-08
8.96305e-08
8.67376e-08
8.38958e-08
8.10895e-08
7.83415e-08
7.56333e-08
7.29887e-08
7.03864e-08
6.78513e-08
6.53594e-08
6.29373e-08
6.05579e-08
5.82497e-08
5.59829e-08
5.37878e-08
5.16317e-08
4.95472e-08
4.74989e-08
4.55215e-08
4.35768e-08
4.17018e-08
3.98558e-08
3.80781e-08
3.63253e-08
3.46391e-08
3.29735e-08
3.13727e-08
2.97882e-08
2.82667e-08
2.67572e-08
2.53088e-08
2.38683e-08
2.24868e-08
2.11094e-08
1.9789e-08
1.84688e-08
1.72037e-08
1.59352e-08
1.47198e-08
1.34975e-08
1.23264e-08
1.1145e-08
1.00127e-08
8.86694e-09
7.767e-09
6.65129e-09
5.57636e-09
4.48682e-09
3.42909e-09
2.36934e-09
1.31795e-09
3.05849e-10
-7.76281e-10
-1.69654e-09
-2.87267e-09
-3.80487e-09
-4.92532e-09
-4.00514e-09
0.0598526
0.0586306
0.0545085
0.0482392
0.0390577
0.0262196
0.00917745
-0.0128404
-0.0393957
-0.0697538
-0.100863
-0.128491
-0.152447
-0.17133
-0.183821
-0.189186
-0.186887
-0.177322
-0.161911
-0.142804
-0.122278
-0.102201
-0.0838125
-0.0677531
-0.0542047
-0.0430583
-0.0340517
-0.0268652
-0.0211791
-0.0167038
-0.0131912
-0.0104367
-0.00827525
-0.00657616
-0.00523717
-0.00417885
-0.00333966
-0.00267175
-0.00213757
-0.00170743
-0.00135815
-0.00107244
-0.000838281
-0.000647696
-0.000494899
-0.000374597
-0.000281345
-0.000209876
-0.000155654
-0.000115057
-8.51447e-05
-6.33914e-05
-4.75995e-05
-3.59749e-05
-2.72113e-05
-2.04736e-05
-1.52681e-05
-1.12829e-05
-8.27763e-06
-6.0418e-06
-4.39295e-06
-3.18272e-06
-2.29595e-06
-1.64626e-06
-1.16969e-06
-8.19699e-07
-5.62296e-07
-3.72893e-07
-2.33386e-07
-1.30671e-07
-5.49958e-08
6.61707e-10
4.15916e-08
7.15583e-08
9.34478e-08
1.09274e-07
1.20623e-07
1.28568e-07
1.33993e-07
1.37469e-07
1.39497e-07
1.4038e-07
1.40411e-07
1.39749e-07
1.38574e-07
1.36966e-07
1.35042e-07
1.32843e-07
1.30446e-07
1.27873e-07
1.25178e-07
1.22372e-07
1.19496e-07
1.16552e-07
1.13575e-07
1.10562e-07
1.07543e-07
1.04513e-07
1.01495e-07
9.84838e-08
9.55016e-08
9.25388e-08
8.96171e-08
8.67246e-08
8.38825e-08
8.10765e-08
7.83279e-08
7.562e-08
7.29747e-08
7.03726e-08
6.78368e-08
6.53452e-08
6.29223e-08
6.05433e-08
5.82344e-08
5.5968e-08
5.37721e-08
5.16166e-08
4.95314e-08
4.74836e-08
4.55055e-08
4.35615e-08
4.16859e-08
3.98406e-08
3.80622e-08
3.63102e-08
3.46233e-08
3.29587e-08
3.13572e-08
2.97738e-08
2.82516e-08
2.67433e-08
2.52943e-08
2.3855e-08
2.24729e-08
2.10968e-08
1.97758e-08
1.8457e-08
1.71913e-08
1.59241e-08
1.47082e-08
1.34873e-08
1.23156e-08
1.11358e-08
1.00029e-08
8.85875e-09
7.75828e-09
6.64416e-09
5.56871e-09
4.48077e-09
3.42263e-09
2.36446e-09
1.31305e-09
3.02095e-10
-7.78818e-10
-1.70017e-09
-2.8703e-09
-3.81284e-09
-4.90914e-09
-4.03471e-09
0.0570984
0.0557986
0.0514159
0.0448412
0.0353675
0.0223984
0.00555201
-0.0156551
-0.0407472
-0.0688535
-0.0976033
-0.123662
-0.146302
-0.164168
-0.176046
-0.181266
-0.179455
-0.171026
-0.157234
-0.139923
-0.121061
-0.10232
-0.0848649
-0.0693598
-0.0560598
-0.0449432
-0.0358279
-0.0284571
-0.0225564
-0.0178649
-0.0141513
-0.0112192
-0.0089061
-0.00708087
-0.00563884
-0.00449746
-0.00359195
-0.00287142
-0.00229569
-0.00183294
-0.00145826
-0.0011529
-0.000903573
-0.000701156
-0.000538881
-0.000410741
-0.000310849
-0.000233713
-0.000174678
-0.000130029
-9.67399e-05
-7.22159e-05
-5.42086e-05
-4.08773e-05
-3.08505e-05
-2.32018e-05
-1.73378e-05
-1.28639e-05
-9.48454e-06
-6.95806e-06
-5.08372e-06
-3.70013e-06
-2.68147e-06
-1.93235e-06
-1.38141e-06
-9.76086e-07
-6.77661e-07
-4.57903e-07
-2.95974e-07
-1.76712e-07
-8.88476e-08
-2.42143e-08
2.33134e-08
5.81331e-08
8.35854e-08
1.02032e-07
1.15302e-07
1.24662e-07
1.31123e-07
1.35361e-07
1.37948e-07
1.39242e-07
1.39574e-07
1.39135e-07
1.3812e-07
1.36633e-07
1.34796e-07
1.32661e-07
1.30311e-07
1.27773e-07
1.25103e-07
1.22316e-07
1.19452e-07
1.16519e-07
1.13548e-07
1.10541e-07
1.07525e-07
1.04498e-07
1.01482e-07
9.84721e-08
9.54901e-08
9.25283e-08
8.96063e-08
8.67144e-08
8.38718e-08
8.10661e-08
7.83169e-08
7.56092e-08
7.29631e-08
7.03613e-08
6.78247e-08
6.53335e-08
6.29098e-08
6.05312e-08
5.82214e-08
5.59555e-08
5.37588e-08
5.16038e-08
4.95178e-08
4.74707e-08
4.54917e-08
4.35484e-08
4.16719e-08
3.98275e-08
3.80483e-08
3.62972e-08
3.46095e-08
3.29459e-08
3.13436e-08
2.97614e-08
2.82384e-08
2.67313e-08
2.52814e-08
2.38435e-08
2.24606e-08
2.10859e-08
1.97641e-08
1.84467e-08
1.71802e-08
1.59146e-08
1.46978e-08
1.34786e-08
1.23061e-08
1.1128e-08
9.9942e-09
8.85179e-09
7.75045e-09
6.63813e-09
5.56182e-09
4.4757e-09
3.41681e-09
2.36044e-09
1.30866e-09
2.99087e-10
-7.8091e-10
-1.70334e-09
-2.86708e-09
-3.8215e-09
-4.88779e-09
-4.07362e-09
0.0548626
0.0535057
0.0489308
0.0421379
0.0324668
0.019437
0.00278707
-0.017764
-0.0417243
-0.0681662
-0.0951505
-0.119954
-0.14155
-0.158623
-0.170036
-0.17516
-0.173723
-0.166151
-0.153575
-0.137621
-0.120033
-0.10233
-0.0856165
-0.070565
-0.0574811
-0.046407
-0.0372212
-0.029716
-0.0236527
-0.0187941
-0.0149232
-0.0118506
-0.00941676
-0.00749043
-0.0059654
-0.00475684
-0.00379748
-0.00303409
-0.00242443
-0.00193499
-0.00153951
-0.00121808
-0.000956386
-0.000744358
-0.000574418
-0.000439954
-0.000334712
-0.000253008
-0.000190095
-0.000142184
-0.000106183
-7.9434e-05
-5.96434e-05
-4.4929e-05
-3.38675e-05
-2.54639e-05
-1.90503e-05
-1.41683e-05
-1.04781e-05
-7.71141e-06
-5.65129e-06
-4.12506e-06
-2.99795e-06
-2.16716e-06
-1.55517e-06
-1.10446e-06
-7.72405e-07
-5.27755e-07
-3.47431e-07
-2.14581e-07
-1.167e-07
-4.46863e-08
8.26761e-09
4.70797e-08
7.54625e-08
9.60647e-08
1.10916e-07
1.2144e-07
1.28754e-07
1.33621e-07
1.36666e-07
1.383e-07
1.38879e-07
1.38623e-07
1.37742e-07
1.36354e-07
1.34588e-07
1.32508e-07
1.30196e-07
1.27687e-07
1.25038e-07
1.22266e-07
1.19414e-07
1.16489e-07
1.13524e-07
1.10522e-07
1.07509e-07
1.04484e-07
1.01468e-07
9.84605e-08
9.54788e-08
9.25179e-08
8.95958e-08
8.67044e-08
8.38613e-08
8.10561e-08
7.83063e-08
7.5599e-08
7.29522e-08
7.03508e-08
6.78135e-08
6.53227e-08
6.28982e-08
6.05201e-08
5.82095e-08
5.59442e-08
5.37466e-08
5.15923e-08
4.95054e-08
4.74591e-08
4.54792e-08
4.35368e-08
4.16594e-08
3.9816e-08
3.80358e-08
3.62858e-08
3.45971e-08
3.29347e-08
3.13314e-08
2.97504e-08
2.82265e-08
2.67208e-08
2.52699e-08
2.38334e-08
2.24495e-08
2.10763e-08
1.97535e-08
1.84377e-08
1.71702e-08
1.59062e-08
1.46884e-08
1.34709e-08
1.22974e-08
1.11211e-08
9.98627e-09
8.84569e-09
7.74331e-09
6.63283e-09
5.55548e-09
4.47123e-09
3.41139e-09
2.35689e-09
1.30455e-09
2.96442e-10
-7.82911e-10
-1.70636e-09
-2.86362e-09
-3.8308e-09
-4.86177e-09
-4.12153e-09
0.0531679
0.0517711
0.0470617
0.0401202
0.0303218
0.0172708
0.000789831
-0.0192666
-0.0424001
-0.0676659
-0.0933926
-0.117259
-0.13808
-0.15457
-0.165647
-0.17071
-0.169555
-0.162604
-0.150901
-0.135919
-0.11925
-0.102303
-0.0861369
-0.0714274
-0.0585131
-0.0474802
-0.0382501
-0.0306511
-0.024471
-0.0194905
-0.0155036
-0.0123267
-0.00980266
-0.0078005
-0.006213
-0.00495371
-0.00395361
-0.00315771
-0.00252229
-0.00201257
-0.00160126
-0.0012676
-0.0009965
-0.000777167
-0.000601404
-0.000462139
-0.000352838
-0.000267675
-0.000201831
-0.000151463
-0.000113423
-8.49995e-05
-6.38598e-05
-4.8089e-05
-3.62269e-05
-2.72314e-05
-2.0383e-05
-1.51779e-05
-1.12433e-05
-8.28947e-06
-6.08593e-06
-4.45031e-06
-3.24042e-06
-2.34736e-06
-1.68881e-06
-1.20339e-06
-8.45517e-07
-5.81697e-07
-3.87175e-07
-2.43827e-07
-1.38209e-07
-6.04955e-08
-3.35457e-09
3.8539e-08
6.91828e-08
9.14504e-08
1.07523e-07
1.18946e-07
1.26918e-07
1.32272e-07
1.35672e-07
1.37569e-07
1.38339e-07
1.38226e-07
1.37447e-07
1.36137e-07
1.34426e-07
1.32388e-07
1.30106e-07
1.2762e-07
1.24987e-07
1.22228e-07
1.19384e-07
1.16467e-07
1.13506e-07
1.10508e-07
1.07496e-07
1.04474e-07
1.0146e-07
9.84532e-08
9.54717e-08
9.25118e-08
8.95894e-08
8.66988e-08
8.38552e-08
8.10506e-08
7.83001e-08
7.55933e-08
7.29459e-08
7.0345e-08
6.78068e-08
6.53165e-08
6.28912e-08
6.05137e-08
5.82022e-08
5.59375e-08
5.3739e-08
5.15855e-08
4.94976e-08
4.74521e-08
4.54712e-08
4.35297e-08
4.16513e-08
3.98088e-08
3.80275e-08
3.62786e-08
3.45888e-08
3.29276e-08
3.13232e-08
2.97435e-08
2.82183e-08
2.6714e-08
2.52619e-08
2.3827e-08
2.24418e-08
2.10702e-08
1.97461e-08
1.8432e-08
1.71631e-08
1.59009e-08
1.46818e-08
1.34661e-08
1.22912e-08
1.11168e-08
9.98058e-09
8.84195e-09
7.73814e-09
6.62963e-09
5.55083e-09
4.46859e-09
3.40741e-09
2.35497e-09
1.30163e-09
2.95222e-10
-7.84141e-10
-1.70822e-09
-2.85989e-09
-3.8392e-09
-4.83318e-09
-4.17387e-09
0.0520299
0.050608
0.0458136
0.0387802
0.0289065
0.0158525
-0.00050652
-0.0202328
-0.0428257
-0.0673393
-0.0922579
-0.115504
-0.135812
-0.151918
-0.162777
-0.167804
-0.166832
-0.16028
-0.149137
-0.134784
-0.118712
-0.102261
-0.0864584
-0.0719797
-0.0591832
-0.0481829
-0.0389279
-0.0312701
-0.0250147
-0.0199547
-0.0158915
-0.0126455
-0.0100616
-0.00800887
-0.00637956
-0.00508625
-0.00405875
-0.00324097
-0.00258816
-0.00206473
-0.00164272
-0.00130079
-0.00102334
-0.000799079
-0.000619402
-0.000476922
-0.00036491
-0.000277445
-0.000209655
-0.00015766
-0.000118269
-8.87373e-05
-6.67018e-05
-5.02264e-05
-3.78272e-05
-2.84322e-05
-2.12887e-05
-1.58634e-05
-1.17617e-05
-8.6798e-06
-6.37806e-06
-4.66777e-06
-3.40167e-06
-2.46672e-06
-1.77711e-06
-1.26871e-06
-8.93825e-07
-6.17384e-07
-4.13501e-07
-2.63214e-07
-1.52472e-07
-7.09786e-08
-1.1063e-08
3.28718e-08
6.50117e-08
8.83814e-08
1.05261e-07
1.17281e-07
1.25689e-07
1.31365e-07
1.35001e-07
1.37073e-07
1.37971e-07
1.37952e-07
1.37243e-07
1.35984e-07
1.34311e-07
1.32302e-07
1.3004e-07
1.2757e-07
1.24948e-07
1.22199e-07
1.19361e-07
1.16449e-07
1.13491e-07
1.10496e-07
1.07487e-07
1.04466e-07
1.01453e-07
9.84478e-08
9.54669e-08
9.25077e-08
8.95856e-08
8.66955e-08
8.38519e-08
8.10477e-08
7.82971e-08
7.55907e-08
7.29429e-08
7.03424e-08
6.78038e-08
6.5314e-08
6.28881e-08
6.05111e-08
5.8199e-08
5.59348e-08
5.37356e-08
5.15827e-08
4.9494e-08
4.74492e-08
4.54674e-08
4.35267e-08
4.16473e-08
3.98057e-08
3.80234e-08
3.62755e-08
3.45846e-08
3.29244e-08
3.13189e-08
2.97404e-08
2.8214e-08
2.6711e-08
2.52576e-08
2.3824e-08
2.24375e-08
2.10674e-08
1.97419e-08
1.84293e-08
1.71591e-08
1.58984e-08
1.46778e-08
1.34638e-08
1.22875e-08
1.11148e-08
9.97708e-09
8.8402e-09
7.73485e-09
6.62811e-09
5.54775e-09
4.46733e-09
3.40468e-09
2.35417e-09
1.29965e-09
2.94892e-10
-7.85013e-10
-1.70943e-09
-2.85706e-09
-3.84609e-09
-4.8082e-09
-4.22083e-09
0.0514583
0.0500247
0.0451887
0.0381118
0.0282033
0.015151
-0.00114408
-0.020705
-0.0430306
-0.0671771
-0.0917004
-0.114637
-0.134691
-0.150607
-0.161358
-0.166369
-0.165489
-0.159134
-0.148267
-0.134222
-0.118444
-0.102237
-0.0866145
-0.072251
-0.059514
-0.048531
-0.0392647
-0.0315783
-0.025286
-0.0201867
-0.0160855
-0.0128053
-0.0101914
-0.00811341
-0.00646319
-0.00515285
-0.00411163
-0.00328289
-0.0026214
-0.00209113
-0.00166377
-0.00131769
-0.001037
-0.000810204
-0.000628486
-0.000484326
-0.000370917
-0.000282292
-0.000213549
-0.000160775
-0.000120743
-9.0678e-05
-6.82009e-05
-5.1366e-05
-3.86829e-05
-2.90702e-05
-2.17631e-05
-1.62154e-05
-1.20225e-05
-8.87261e-06
-6.5205e-06
-4.77315e-06
-3.4799e-06
-2.525e-06
-1.82062e-06
-1.30115e-06
-9.17942e-07
-6.35222e-07
-4.26642e-07
-2.72865e-07
-1.5956e-07
-7.61869e-08
-1.48996e-08
3.00446e-08
6.29236e-08
8.68411e-08
1.04122e-07
1.1644e-07
1.25065e-07
1.30903e-07
1.34656e-07
1.36816e-07
1.37777e-07
1.37807e-07
1.37133e-07
1.35902e-07
1.34248e-07
1.32254e-07
1.30003e-07
1.27542e-07
1.24926e-07
1.22182e-07
1.19348e-07
1.16439e-07
1.13484e-07
1.10491e-07
1.07483e-07
1.04464e-07
1.01452e-07
9.84478e-08
9.54674e-08
9.25091e-08
8.95872e-08
8.66978e-08
8.38544e-08
8.10508e-08
7.83e-08
7.55942e-08
7.29461e-08
7.03462e-08
6.78072e-08
6.53179e-08
6.28915e-08
6.05151e-08
5.82022e-08
5.59388e-08
5.37387e-08
5.15865e-08
4.94969e-08
4.74529e-08
4.54701e-08
4.35302e-08
4.16497e-08
3.98091e-08
3.80255e-08
3.62787e-08
3.45864e-08
3.29274e-08
3.13204e-08
2.97431e-08
2.82152e-08
2.67135e-08
2.52586e-08
2.38264e-08
2.24383e-08
2.10696e-08
1.97425e-08
1.84314e-08
1.71594e-08
1.59004e-08
1.46781e-08
1.34657e-08
1.22876e-08
1.11166e-08
9.97702e-09
8.84192e-09
7.73463e-09
6.62968e-09
5.54735e-09
4.46879e-09
3.40426e-09
2.35578e-09
1.29957e-09
2.96694e-10
-7.8485e-10
-1.70872e-09
-2.85525e-09
-3.84895e-09
-4.79393e-09
-4.24791e-09
-0.465
-0.250614
-0.143087
-0.465
-0.250614
-0.340055
-0.345898
-0.435024
-0.340055
-0.345898
0.125094
0.414049
0.3081
0.332387
0.125094
0.414049
0.3081
-0.113516
-0.334969
-0.334969
-0.320659
-0.320469
-0.320313
-0.326702
-0.32066
-0.320469
-0.320313
0.488717
0.430703
0.488718
-0.317589
-0.315801
-0.317589
-0.315801
0.430698
0.488717
0.430699
-0.315802
-0.317595
-0.315802
-0.317595
0.308088
0.332381
0.125081
0.414044
0.308088
0.332381
0.125081
-0.113531
-0.113531
-0.334975
-0.334975
-0.320321
-0.326709
-0.320668
-0.320477
-0.320321
-0.326709
-0.320668
-0.143099
-0.465011
-0.25063
-0.143099
-0.465011
-0.345904
-0.435034
-0.34006
-0.345904
-0.435032
-0.34006
-0.292173
-0.169244
-0.359062
-0.125554
-0.292173
-0.169244
-0.359062
-0.319586
-0.414995
-0.332549
-0.342468
-0.319587
-0.414994
-0.33255
0.10371
0.264283
0.108477
0.193714
0.10371
0.264283
0.108477
-0.418941
-0.435873
-0.407443
-0.458359
-0.408272
-0.458682
-0.418728
-0.31494
-0.327769
-0.322647
-0.322533
-0.31494
-0.327769
-0.322647
-0.106311
-0.322662
-0.327105
-0.320916
-0.329484
-0.320995
-0.32945
-0.322627
-0.312974
-0.317699
-0.317596
-0.313084
-0.3106
-0.309138
-0.309035
-0.310705
-0.321235
-0.318916
-0.317202
-0.325451
-0.317106
-0.326696
-0.320999
0.108465
0.193707
0.1037
0.264276
0.108465
0.193707
0.1037
-0.373842
-0.248331
-0.164617
-0.166918
-0.376861
-0.322655
-0.322537
-0.314947
-0.327776
-0.322655
-0.322537
-0.314947
-0.359074
-0.125564
-0.292185
-0.169256
-0.359074
-0.125564
-0.292185
-0.332556
-0.342477
-0.319594
-0.415002
-0.332556
-0.342477
-0.319595
-0.367742
-0.466578
-0.357186
-0.486407
-0.358178
-0.487629
-0.366896
-0.373827
-0.248314
-0.164603
-0.166904
-0.376846
-0.367744
-0.466578
-0.357188
-0.486407
-0.35818
-0.487629
-0.366898
-0.373826
-0.248314
-0.164603
-0.166904
-0.376846
-0.360157
-0.345912
-0.343578
-0.343764
-0.360342
-0.41894
-0.435873
-0.407442
-0.458358
-0.408271
-0.458682
-0.418728
-0.360157
-0.345912
-0.343578
-0.343764
-0.360342
0.327555
0.123703
0.261522
0.109371
0.260828
0.107505
0.329196
0.374615
0.327099
0.201902
0.434066
0.173201
0.438074
0.377213
0.327555
0.123703
0.261522
0.109371
0.260829
0.107506
0.329196
0.374615
0.327099
0.201902
0.434066
0.173201
0.438074
0.377213
-0.106311
-0.335003
-0.335003
-0.321226
-0.318908
-0.325442
-0.317195
-0.326686
-0.317099
-0.320991
-0.322662
-0.327105
-0.320916
-0.329484
-0.320995
-0.32945
-0.322627
-0.321226
-0.318908
-0.325442
-0.317195
-0.326686
-0.317099
-0.320991
0.529994
0.463112
0.466219
0.527967
0.568043
0.588484
0.589574
0.566646
0.529994
0.463112
0.466219
0.527967
0.568043
0.588484
0.589574
0.566646
-0.310596
-0.309136
-0.309033
-0.3107
-0.312974
-0.317699
-0.317596
-0.313084
-0.310596
-0.309136
-0.309033
-0.3107
0.568039
0.588483
0.589573
0.566643
0.529989
0.463105
0.466212
0.527962
0.568039
0.588483
0.589573
0.566643
0.529989
0.463105
0.466212
0.527962
-0.31298
-0.317707
-0.317605
-0.313091
-0.3106
-0.309138
-0.309035
-0.310705
-0.31298
-0.317707
-0.317605
-0.313091
0.374607
0.327087
0.434058
0.201889
0.438067
0.173188
0.377205
0.327547
0.12369
0.109357
0.261514
0.107492
0.26082
0.329188
0.374607
0.327087
0.434058
0.201889
0.438067
0.173188
0.377205
0.327547
0.12369
0.109357
0.261514
0.107492
0.26082
0.329188
-0.106326
-0.106326
-0.335009
-0.335009
-0.32267
-0.327112
-0.329493
-0.320922
-0.329459
-0.321001
-0.322635
-0.321235
-0.318916
-0.317202
-0.325451
-0.317106
-0.326696
-0.320999
-0.32267
-0.327112
-0.329493
-0.320922
-0.329459
-0.321001
-0.322635
-0.367755
-0.46659
-0.486418
-0.357198
-0.48764
-0.358191
-0.366908
-0.373842
-0.248331
-0.164617
-0.166918
-0.376861
-0.367756
-0.466589
-0.486418
-0.3572
-0.48764
-0.358192
-0.36691
-0.360163
-0.345918
-0.343584
-0.343769
-0.360348
-0.418947
-0.435882
-0.458367
-0.407449
-0.45869
-0.408278
-0.418735
-0.360163
-0.345918
-0.343584
-0.343769
-0.360348
-0.418948
-0.435881
-0.458366
-0.40745
-0.458689
-0.408278
-0.418735
-0.371376
-0.143971
-0.326457
-0.161142
-0.326341
-0.163219
-0.372216
0.327625
0.302823
0.37029
0.275639
0.327625
0.302823
0.37029
-0.34533
-0.335877
-0.358679
-0.337851
-0.34533
-0.335877
-0.358679
0.402764
0.330828
0.419911
0.320653
0.402764
0.330828
0.419911
0.53085
0.431945
0.5051
0.465873
0.506582
0.466957
0.529609
-0.344041
-0.327277
-0.348887
-0.33028
-0.344041
-0.327277
-0.348887
0.41991
0.320652
0.402762
0.330827
0.41991
0.320652
0.402762
0.553162
0.489809
0.562369
0.480279
0.563533
0.481403
0.551973
-0.348893
-0.33029
-0.344056
-0.327281
-0.348893
-0.330291
-0.344056
0.370287
0.275636
0.327621
0.302821
0.370287
0.275636
0.327621
-0.358706
-0.33787
-0.345362
-0.335894
-0.358706
-0.33787
-0.345362
-0.327978
-0.323465
-0.328418
-0.323529
-0.328644
-0.318342
-0.318216
-0.371375
-0.143971
-0.326457
-0.161142
-0.32634
-0.163219
-0.372215
-0.363006
-0.340362
-0.353857
-0.35056
-0.354339
-0.350728
-0.363019
-0.363006
-0.340362
-0.353857
-0.35056
-0.354339
-0.350729
-0.363019
0.553165
0.489809
0.480281
0.562369
0.481405
0.563533
0.551976
0.53085
0.431945
0.5051
0.465873
0.506582
0.466957
0.529609
0.553164
0.489809
0.480281
0.562369
0.481405
0.563533
0.551976
-0.313876
-0.317493
-0.315845
-0.317786
-0.315695
-0.31769
-0.314009
-0.312178
-0.3157
-0.316029
-0.311367
-0.315931
-0.311269
-0.312285
-0.313876
-0.317493
-0.315845
-0.317786
-0.315695
-0.31769
-0.314009
-0.312178
-0.3157
-0.316029
-0.311367
-0.315931
-0.311269
-0.312285
0.530846
0.431941
0.465869
0.505096
0.466954
0.506577
0.529605
0.553162
0.489809
0.562369
0.480279
0.563532
0.481403
0.551974
0.530847
0.431941
0.46587
0.505096
0.466954
0.506578
0.529606
-0.312182
-0.315701
-0.311368
-0.316032
-0.31127
-0.315934
-0.312289
-0.313882
-0.317499
-0.317791
-0.315853
-0.317696
-0.315702
-0.314015
-0.312182
-0.315701
-0.311369
-0.316032
-0.31127
-0.315934
-0.312289
-0.313882
-0.317499
-0.317791
-0.315853
-0.317696
-0.315702
-0.314015
-0.37139
-0.143983
-0.161155
-0.326471
-0.163233
-0.326355
-0.37223
-0.37139
-0.143983
-0.161156
-0.326471
-0.163233
-0.326354
-0.37223
-0.363012
-0.340367
-0.350565
-0.353863
-0.350734
-0.354345
-0.363025
-0.363012
-0.340367
-0.350565
-0.353863
-0.350734
-0.354345
-0.363025
0.103145
0.0921445
0.210687
0.0879091
0.209953
0.155734
0.156296
0.103145
0.0921445
0.210687
0.0879092
0.209953
0.155734
0.156296
-0.327971
-0.328412
-0.323459
-0.328638
-0.323523
-0.318338
-0.318212
-0.327971
-0.328412
-0.323459
-0.328638
-0.323523
-0.318338
-0.318212
0.103133
0.210678
0.092133
0.209944
0.0878975
0.155725
0.156287
0.103133
0.210678
0.092133
0.209944
0.0878976
0.155725
0.156287
-0.327978
-0.323465
-0.328418
-0.323529
-0.328644
-0.318342
-0.318216
0.0595287
0.150175
0.0769298
0.102514
0.0595286
0.150175
0.0769298
-0.298743
-0.313764
-0.333176
-0.30615
-0.298743
-0.313763
-0.333176
0.250478
0.250851
0.284065
0.213684
0.250478
0.250851
0.284065
-0.343617
-0.34071
-0.360277
-0.336941
-0.343617
-0.34071
-0.360277
0.284061
0.213679
0.250473
0.250848
0.284061
0.213679
0.250473
-0.360314
-0.336965
-0.343657
-0.340733
-0.360314
-0.336965
-0.343657
0.0769208
0.102507
0.05952
0.150168
0.0769207
0.102507
0.05952
-0.333185
-0.306159
-0.298757
-0.313768
-0.333185
-0.306159
-0.298757
)
;

boundaryField
{
    inlet
    {
        type            zeroGradient;
    }
    outlet
    {
        type            fixedValue;
        value           uniform 0;
    }
    top
    {
        type            symmetryPlane;
    }
    bottom
    {
        type            symmetryPlane;
    }
    front
    {
        type            symmetryPlane;
    }
    back
    {
        type            symmetryPlane;
    }
    cylinder
    {
        type            zeroGradient;
    }
}


// ************************************************************************* //
