/*--------------------------------*- C++ -*----------------------------------*\
  =========                 |
  \\      /  F ield         | OpenFOAM: The Open Source CFD Toolbox
   \\    /   O peration     | Website:  https://openfoam.org
    \\  /    A nd           | Version:  11
     \\/     M anipulation  |
\*---------------------------------------------------------------------------*/
FoamFile
{
    format      ascii;
    class       volScalarField;
    location    "9.511489";
    object      p;
}
// * * * * * * * * * * * * * * * * * * * * * * * * * * * * * * * * * * * * * //

dimensions      [0 2 -2 0 0 0 0];

internalField   nonuniform List<scalar> 
7132
(
0.061544
0.0602424
0.0558389
0.0494071
0.0404059
0.0285697
0.0138392
-0.00375763
-0.0236897
-0.0449963
-0.0663031
-0.0857684
-0.102389
-0.115248
-0.12373
-0.12748
-0.12629
-0.120222
-0.10979
-0.0960274
-0.0803202
-0.0640942
-0.0486153
-0.0349185
-0.0237658
-0.0155848
-0.0103031
-0.0071733
-0.00487034
-0.00209686
0.00178384
0.00663286
0.0119194
0.017146
0.0220527
0.0266414
0.0310475
0.0353398
0.0392825
0.0421253
0.0426999
0.040172
0.0350744
0.0296146
0.0263303
0.026302
0.0287493
0.0320925
0.0351102
0.0372961
0.0387135
0.0397135
0.0406641
0.0416397
0.0419606
0.0399157
0.0332271
0.0207105
0.00424971
-0.010855
-0.018734
-0.0171774
-0.00899551
0.000723724
0.00841153
0.013111
0.015389
0.0161052
0.0158515
0.0148593
0.0130681
0.0103144
0.00658516
0.00224164
-0.0019784
-0.0052601
-0.00712656
-0.0076226
-0.00717712
-0.00629935
-0.00536617
-0.00456963
-0.00396256
-0.00352604
-0.00321994
-0.00300913
-0.00287146
-0.00279662
-0.00278127
-0.00282301
-0.00291498
-0.00304288
-0.00318543
-0.00331806
-0.00341845
-0.00347112
-0.00346991
-0.00341734
-0.00332197
-0.00319519
-0.00304854
-0.00289216
-0.00273416
-0.00258061
-0.00243577
-0.00230232
-0.00218162
-0.00207389
-0.00197841
-0.00189376
-0.00181805
-0.00174916
-0.00168498
-0.00162364
-0.00156362
-0.00150387
-0.00144376
-0.0013831
-0.00132199
-0.00126075
-0.00119982
-0.00113969
-0.00108082
-0.00102359
-0.000968316
-0.000915202
-0.000864359
-0.000815815
-0.000769523
-0.000725387
-0.000683275
-0.000643038
-0.000604525
-0.000567594
-0.00053212
-0.000498001
-0.000465154
-0.000433521
-0.000403059
-0.00037374
-0.000345548
-0.000318473
-0.000292507
-0.000267651
-0.000243882
-0.000221224
-0.000199591
-0.000179108
-0.00015945
-0.00014118
-0.000123049
-0.000107375
-8.94461e-05
-7.81551e-05
-5.62766e-05
-5.6081e-05
-1.72126e-05
-5.04213e-05
4.46709e-05
-8.99074e-05
0.0620642
0.0607731
0.0564072
0.0500134
0.0410401
0.0291947
0.0143936
-0.00337139
-0.0235661
-0.0452208
-0.0668856
-0.0865974
-0.103394
-0.116366
-0.124915
-0.128702
-0.127499
-0.12133
-0.110684
-0.0966094
-0.0805458
-0.0639741
-0.0482064
-0.0343137
-0.0230809
-0.014951
-0.00984988
-0.00698982
-0.00495668
-0.00236588
0.00144933
0.00632001
0.0116702
0.0169723
0.0219524
0.0266097
0.0310805
0.0354335
0.0394308
0.0423034
0.0428386
0.0401545
0.0347883
0.0290434
0.0255971
0.0255828
0.0281674
0.0316761
0.0348365
0.0371345
0.0386379
0.0396979
0.0406715
0.0416207
0.0418396
0.0395869
0.0325668
0.0196129
0.00267053
-0.0128444
-0.0208816
-0.0191147
-0.0104211
-0.000125339
0.00801368
0.0129985
0.0154404
0.0162471
0.0160358
0.015049
0.0132267
0.0104046
0.00657168
0.0021033
-0.0022341
-0.00559127
-0.00747322
-0.00793068
-0.00741834
-0.00647035
-0.00547766
-0.0046362
-0.00399724
-0.00353893
-0.00321857
-0.00299918
-0.00285724
-0.00278136
-0.00276736
-0.00281226
-0.00290868
-0.00304176
-0.00318954
-0.00332672
-0.00343036
-0.00348469
-0.00348351
-0.00342962
-0.00333204
-0.00320261
-0.00305326
-0.0028944
-0.00273434
-0.00257922
-0.00243332
-0.0022993
-0.00217842
-0.00207083
-0.00197571
-0.00189155
-0.00181638
-0.00174802
-0.00168432
-0.00162336
-0.00156363
-0.00150405
-0.00144402
-0.00138336
-0.00132218
-0.00126083
-0.00119978
-0.00113952
-0.00108053
-0.00102321
-0.000967872
-0.000914717
-0.000863858
-0.000815318
-0.000769047
-0.000724943
-0.000682868
-0.00064267
-0.000604195
-0.000567297
-0.000531852
-0.000497755
-0.000464925
-0.000433302
-0.000402847
-0.000373531
-0.00034534
-0.000318265
-0.000292297
-0.00026744
-0.000243671
-0.000221013
-0.000199382
-0.000178904
-0.000159249
-0.000140991
-0.000122861
-0.000107221
-8.9255e-05
-7.80946e-05
-5.59686e-05
-5.63504e-05
-1.62375e-05
-5.20632e-05
4.86379e-05
-9.75959e-05
0.0631
0.0618315
0.0575426
0.0512294
0.0423174
0.0304596
0.0155227
-0.00257912
-0.0233063
-0.0456761
-0.0680744
-0.0882793
-0.105427
-0.118616
-0.127295
-0.131157
-0.129935
-0.123567
-0.112491
-0.0977863
-0.0809997
-0.0637268
-0.0473722
-0.03308
-0.0216826
-0.0136568
-0.00892823
-0.00662863
-0.0051566
-0.00294172
0.00074464
0.00566655
0.0111508
0.0166062
0.0217318
0.0265225
0.0311203
0.0355938
0.0397024
0.042637
0.0430919
0.0400832
0.0341558
0.0278159
0.0240376
0.0240664
0.02695
0.0308083
0.0342616
0.0367833
0.0384543
0.0396291
0.040646
0.0415397
0.0415512
0.0388724
0.0311501
0.0172405
-0.000751489
-0.0171229
-0.0254593
-0.023217
-0.0134288
-0.00190957
0.0071774
0.0127518
0.0155263
0.0165154
0.0163916
0.0154192
0.013538
0.0105796
0.00653632
0.00181178
-0.00276745
-0.0062799
-0.00819179
-0.00856656
-0.00791376
-0.00681988
-0.00570482
-0.00477172
-0.00406812
-0.00356573
-0.00321647
-0.0029796
-0.00282886
-0.00275066
-0.00273919
-0.00279032
-0.00289565
-0.00303921
-0.00319764
-0.00334413
-0.00345444
-0.00351225
-0.00351118
-0.00345465
-0.0033526
-0.0032178
-0.00306297
-0.00289908
-0.00273481
-0.00257649
-0.00242843
-0.0022932
-0.00217195
-0.00206462
-0.00197022
-0.00188705
-0.00181298
-0.00174569
-0.00168296
-0.0016228
-0.00156365
-0.00150444
-0.00144458
-0.00138391
-0.0013226
-0.00126103
-0.00119973
-0.00113922
-0.00107999
-0.00102248
-0.000966998
-0.000913756
-0.000862861
-0.000814328
-0.000768097
-0.000724056
-0.000682057
-0.000641938
-0.000603539
-0.000566711
-0.000531324
-0.000497273
-0.000464478
-0.000432879
-0.000402438
-0.000373131
-0.000344942
-0.000317867
-0.000291898
-0.00026704
-0.00024327
-0.000220615
-0.000198989
-0.000178521
-0.000158876
-0.000140643
-0.000122517
-0.000106948
-8.89141e-05
-7.80128e-05
-5.54112e-05
-5.69252e-05
-1.43941e-05
-5.53314e-05
5.62616e-05
-0.000112457
0.0646426
0.0634101
0.0592435
0.0530619
0.0442556
0.0323949
0.0172667
-0.00134201
-0.0228868
-0.0463801
-0.0699255
-0.0908707
-0.10854
-0.122049
-0.130925
-0.134917
-0.133688
-0.127034
-0.115297
-0.0996132
-0.0817028
-0.0633436
-0.0460819
-0.0311731
-0.019521
-0.0116604
-0.00752542
-0.00612377
-0.00554783
-0.00391955
-0.0004147
0.00461035
0.010318
0.0160149
0.0213612
0.026349
0.0311322
0.0357817
0.0400531
0.0430759
0.0433941
0.0398562
0.0330176
0.0257166
0.0214238
0.021567
0.0249783
0.02942
0.0333386
0.0361999
0.0381178
0.0394594
0.0405333
0.0413248
0.0410018
0.0376595
0.0288604
0.0135108
-0.00606177
-0.0237766
-0.032672
-0.0297921
-0.018289
-0.00479853
0.00581685
0.0123253
0.0156138
0.0168821
0.0168961
0.0159525
0.0139863
0.010819
0.00644648
0.00131724
-0.00364436
-0.00739823
-0.00934584
-0.00957524
-0.008689
-0.00735938
-0.00605106
-0.00497597
-0.00417359
-0.0036044
-0.00321154
-0.00294844
-0.00278466
-0.0027033
-0.00269606
-0.00275708
-0.00287647
-0.00303647
-0.00321154
-0.0033725
-0.00349311
-0.00355586
-0.00355451
-0.00349347
-0.00338416
-0.00324082
-0.00307738
-0.00290569
-0.00273496
-0.00257178
-0.00242049
-0.00228355
-0.00216185
-0.00205505
-0.00196184
-0.00188026
-0.00180792
-0.00174232
-0.00168109
-0.00162214
-0.00156386
-0.00150517
-0.00144553
-0.00138482
-0.00132327
-0.00126136
-0.00119964
-0.00113872
-0.00107913
-0.00102133
-0.000965631
-0.000912263
-0.000861322
-0.000812808
-0.000766648
-0.00072271
-0.000680832
-0.00064084
-0.00060256
-0.000565838
-0.000530539
-0.000496557
-0.000463811
-0.000432246
-0.000401824
-0.000372525
-0.000344338
-0.00031726
-0.000291287
-0.000266425
-0.000242654
-0.000220001
-0.000198381
-0.000177927
-0.000158297
-0.000140099
-0.000121983
-0.000106508
-8.83905e-05
-7.78347e-05
-5.4601e-05
-5.7652e-05
-1.1794e-05
-5.98288e-05
6.70823e-05
-0.000133479
0.0666777
0.0654971
0.0615064
0.0555197
0.0468813
0.0350475
0.0196902
0.000404735
-0.0222656
-0.0473585
-0.0725247
-0.0944535
-0.112803
-0.126709
-0.135832
-0.140012
-0.138812
-0.131804
-0.119174
-0.102133
-0.0826605
-0.0627965
-0.0442807
-0.028519
-0.0165139
-0.0088914
-0.00561671
-0.00552846
-0.00625839
-0.0054596
-0.00216967
0.00305038
0.00910377
0.0151476
0.0207923
0.0260345
0.0310524
0.0359225
0.0404016
0.0435247
0.0436156
0.0392804
0.0310755
0.022347
0.0173514
0.0177661
0.0220477
0.0273907
0.0319864
0.0353132
0.0375542
0.0391009
0.0402088
0.0408087
0.040002
0.0357561
0.0255198
0.00830299
-0.0132535
-0.0326468
-0.0423418
-0.0388195
-0.0251409
-0.00895713
0.00382003
0.0116526
0.0156555
0.0173056
0.0175129
0.0166194
0.0145452
0.011089
0.00624829
0.000536234
-0.00497598
-0.00906694
-0.0110421
-0.011035
-0.00979091
-0.00811158
-0.00652464
-0.00525003
-0.00431164
-0.00365176
-0.00320023
-0.00290221
-0.00272151
-0.00263664
-0.00263602
-0.00271142
-0.00285096
-0.00303443
-0.00323313
-0.00341447
-0.00354933
-0.00361857
-0.00361609
-0.00354805
-0.00342797
-0.00327225
-0.00309652
-0.00291386
-0.00273416
-0.00256434
-0.00240876
-0.00226963
-0.00214753
-0.00204166
-0.00195029
-0.00187104
-0.0018012
-0.00173801
-0.00167887
-0.00162159
-0.00156448
-0.00150648
-0.00144708
-0.00138624
-0.00132432
-0.00126186
-0.00119954
-0.00113803
-0.00107792
-0.00101969
-0.000963711
-0.00091018
-0.000859189
-0.00081072
-0.000764674
-0.000720894
-0.000679197
-0.000639386
-0.000601277
-0.000564702
-0.000529523
-0.000495633
-0.000462952
-0.000431427
-0.000401026
-0.000371734
-0.000343545
-0.000316459
-0.000290478
-0.000265609
-0.000241835
-0.000219185
-0.000197574
-0.000177137
-0.000157529
-0.000139373
-0.000121279
-0.000105912
-8.77215e-05
-7.75541e-05
-5.36278e-05
-5.8442e-05
-8.70358e-06
-6.51615e-05
8.03334e-05
-0.000159334
0.0691847
0.0680753
0.0643245
0.0586134
0.0502289
0.0384813
0.0228829
0.00275367
-0.0213819
-0.0486565
-0.0760081
-0.0991525
-0.118328
-0.132698
-0.142129
-0.146599
-0.145511
-0.138101
-0.124311
-0.105466
-0.0839199
-0.062072
-0.0419093
-0.0250298
-0.0125596
-0.00526328
-0.00318207
-0.00493744
-0.00748783
-0.00780276
-0.00472753
0.00083889
0.00740808
0.0139283
0.0199535
0.0254982
0.030783
0.0359018
0.0406131
0.0438096
0.0435016
0.0379564
0.0277655
0.0170044
0.0111275
0.0121445
0.0178452
0.0245513
0.0300983
0.0340323
0.0366649
0.038417
0.0394693
0.0397543
0.0383322
0.0329652
0.0208931
0.00121124
-0.0229101
-0.0442313
-0.0546172
-0.0501554
-0.0338984
-0.0144273
0.00109962
0.0106515
0.0155782
0.0177177
0.01818
0.0173645
0.0151599
0.0113235
0.00585003
-0.000660017
-0.00692942
-0.0114696
-0.0134385
-0.0130596
-0.0112849
-0.00910577
-0.00713463
-0.00559394
-0.0044791
-0.00370374
-0.00317844
-0.0028372
-0.00263635
-0.00254844
-0.00255768
-0.00265298
-0.00282003
-0.00303539
-0.00326601
-0.00347451
-0.00362783
-0.00370472
-0.00369954
-0.00362087
-0.0034854
-0.00331247
-0.00312004
-0.00292272
-0.00273128
-0.00255296
-0.00239206
-0.00225047
-0.00212822
-0.00202395
-0.00193529
-0.00185934
-0.00179295
-0.001733
-0.00167664
-0.00162152
-0.00156589
-0.00150868
-0.00144948
-0.00138837
-0.00132583
-0.00126258
-0.00119939
-0.00113706
-0.00107624
-0.00101748
-0.000961128
-0.000907407
-0.000856381
-0.000808001
-0.000762133
-0.000718586
-0.000677143
-0.000637584
-0.000599704
-0.000563324
-0.0005283
-0.000494522
-0.000461916
-0.000430433
-0.000400049
-0.000370757
-0.000342555
-0.000315453
-0.000289455
-0.000264573
-0.000240793
-0.000218145
-0.000196544
-0.000176128
-0.000156549
-0.000138438
-0.000120382
-0.000105122
-8.68953e-05
-7.70958e-05
-5.25397e-05
-5.90957e-05
-5.39907e-06
-7.06963e-05
9.50473e-05
-0.000188126
0.0721356
0.0711205
0.0676866
0.0623532
0.0543403
0.0427795
0.0269675
0.00583813
-0.0201426
-0.0503378
-0.080567
-0.105129
-0.125234
-0.14007
-0.149825
-0.154705
-0.153895
-0.146105
-0.130887
-0.109729
-0.0855205
-0.0611472
-0.0389001
-0.0206051
-0.00753821
-0.000673912
-0.00021146
-0.00450945
-0.00956691
-0.0113305
-0.00840227
-0.00223204
0.00510097
0.0122617
0.0187505
0.0246265
0.0301838
0.0355504
0.040445
0.043604
0.0427042
0.0355357
0.0226221
0.00900075
0.00189239
0.00396748
0.0119187
0.0206654
0.027534
0.0322399
0.0353093
0.0372073
0.0380764
0.0379644
0.035876
0.0291711
0.0147303
-0.00820246
-0.0356067
-0.0591248
-0.0698802
-0.0638259
-0.0444195
-0.0211451
-0.00238771
0.00923424
0.0152867
0.0180239
0.0188057
0.0180893
0.0157302
0.0114359
0.00518968
-0.00232544
-0.00958714
-0.0147395
-0.0166929
-0.0157839
-0.0132556
-0.0103815
-0.0078937
-0.00600827
-0.00467223
-0.00375534
-0.00314094
-0.00274846
-0.00252497
-0.00243547
-0.00245901
-0.00258115
-0.00278476
-0.00304229
-0.00331486
-0.00355853
-0.00373488
-0.00382028
-0.00380968
-0.00371535
-0.00355838
-0.00336214
-0.00314762
-0.00293129
-0.00272494
-0.00253613
-0.00236897
-0.00222483
-0.00210299
-0.00200127
-0.00191649
-0.00184508
-0.00178329
-0.00172758
-0.0016748
-0.00162238
-0.00156851
-0.00151218
-0.00145306
-0.00139143
-0.00132797
-0.00126357
-0.00119919
-0.00113575
-0.00107401
-0.00101455
-0.000957757
-0.000903831
-0.000852805
-0.000804585
-0.000758986
-0.000715771
-0.000674679
-0.000635458
-0.000597878
-0.000561745
-0.00052691
-0.000493265
-0.000460739
-0.000429295
-0.000398918
-0.000369611
-0.000341383
-0.000314252
-0.000288227
-0.000263324
-0.000239534
-0.000216885
-0.000195298
-0.000174904
-0.000155365
-0.0001373
-0.000119308
-0.000104136
-8.59456e-05
-7.64258e-05
-5.14508e-05
-5.94409e-05
-2.29901e-06
-7.5725e-05
0.000109851
-0.000217386
0.0754929
0.0745998
0.0715744
0.0667462
0.059262
0.0480437
0.0321005
0.0098383
-0.0184185
-0.0525094
-0.0864861
-0.112606
-0.133716
-0.148998
-0.159117
-0.164596
-0.164305
-0.156196
-0.139232
-0.115131
-0.0875477
-0.0600147
-0.0351778
-0.0151303
-0.00131574
0.00498503
0.00327177
-0.00450888
-0.0129697
-0.0165699
-0.0136136
-0.00643649
0.0020096
0.0100179
0.0170526
0.0232642
0.0290652
0.0345778
0.0393925
0.0422268
0.0407113
0.0321655
0.0165069
-0.000882054
-0.0104218
-0.00743434
0.00368642
0.0154107
0.02412
0.0297962
0.033307
0.0352339
0.0358189
0.0353462
0.0325749
0.0242419
0.00685508
-0.0199495
-0.0510994
-0.0769981
-0.087877
-0.0796471
-0.0564614
-0.0289412
-0.00662725
0.00731386
0.0146595
0.0180913
0.0192337
0.0186036
0.0160673
0.0113355
0.00438109
-0.00414141
-0.0125792
-0.0186473
-0.0207842
-0.0192826
-0.0157791
-0.0119802
-0.00881473
-0.00649265
-0.00488667
-0.0038016
-0.003083
-0.00263197
-0.00238438
-0.00229582
-0.00233915
-0.00249647
-0.00274757
-0.00305978
-0.00338645
-0.00367478
-0.00387924
-0.0039731
-0.0039527
-0.0038356
-0.00364904
-0.00342174
-0.00317849
-0.00293804
-0.00271324
-0.00251189
-0.00233769
-0.00219121
-0.00207072
-0.00197292
-0.00189359
-0.00182826
-0.0017725
-0.00172222
-0.00167391
-0.00162477
-0.00157294
-0.00151747
-0.00145822
-0.00139571
-0.00133087
-0.00126487
-0.00119888
-0.00113398
-0.00107105
-0.00101074
-0.000953434
-0.000899308
-0.000848345
-0.000800387
-0.000755183
-0.000712428
-0.00067181
-0.000633031
-0.000595833
-0.000560007
-0.000525398
-0.000491901
-0.000459456
-0.000428038
-0.000397649
-0.000368305
-0.000340029
-0.000312849
-0.000286782
-0.00026185
-0.000238044
-0.000215394
-0.000193823
-0.000173454
-0.000153965
-0.000135942
-0.000118046
-0.000102927
-8.4879e-05
-7.54759e-05
-5.0454e-05
-5.9246e-05
1.37631e-07
-7.93554e-05
0.000122991
-0.000243828
0.0792084
0.0784698
0.0759599
0.0717941
0.0650439
0.0543982
0.0384872
0.015011
-0.016013
-0.0553211
-0.0941681
-0.121869
-0.143925
-0.159451
-0.169887
-0.176276
-0.177007
-0.168816
-0.149769
-0.12195
-0.0901328
-0.0587106
-0.0307274
-0.00855081
0.00620228
0.0117946
0.00718299
-0.00535367
-0.0184849
-0.0243826
-0.0210174
-0.0121647
-0.00208271
0.00704439
0.0147033
0.021227
0.0271658
0.0324483
0.0365433
0.038525
0.0362709
0.027002
0.00964281
-0.0114637
-0.0246611
-0.0218569
-0.00720398
0.00844081
0.0196399
0.0265271
0.0304485
0.0322706
0.0325628
0.0318383
0.0283456
0.0180924
-0.0026097
-0.0334778
-0.0684055
-0.09667
-0.107577
-0.0968572
-0.0695163
-0.0375235
-0.0115433
0.0048157
0.0135548
0.0177336
0.0192011
0.0185818
0.0158529
0.0108254
0.0034701
-0.00572552
-0.0152449
-0.0225227
-0.0252885
-0.0234066
-0.018848
-0.013923
-0.00990744
-0.00704602
-0.00511777
-0.00383742
-0.00299962
-0.00248312
-0.00221089
-0.00212726
-0.0021975
-0.00240022
-0.00271204
-0.00309401
-0.00348936
-0.00383351
-0.00407146
-0.00417265
-0.00413601
-0.00398655
-0.00375987
-0.00349174
-0.00321168
-0.00294109
-0.00269389
-0.00247788
-0.0022961
-0.00214792
-0.0020302
-0.00193816
-0.00186627
-0.00180896
-0.00176093
-0.00171748
-0.00167464
-0.0016294
-0.00157983
-0.00152512
-0.00146539
-0.00140148
-0.00133469
-0.0012665
-0.00119838
-0.00113161
-0.0010672
-0.00100586
-0.00094798
-0.000893686
-0.000842888
-0.000795338
-0.000750691
-0.000708561
-0.000668563
-0.00063035
-0.000593628
-0.000558172
-0.000523822
-0.000490483
-0.000458109
-0.000426697
-0.000396267
-0.000366857
-0.000338505
-0.000311253
-0.000285127
-0.000260153
-0.000236328
-0.000213675
-0.000192127
-0.000171784
-0.000152361
-0.000134375
-0.000116614
-0.000101498
-8.37332e-05
-7.42133e-05
-4.96844e-05
-5.83117e-05
1.33883e-06
-8.06292e-05
0.000132192
-0.000263301
0.0832211
0.0826736
0.0808011
0.0774854
0.0717302
0.0619805
0.046375
0.0216961
-0.0126615
-0.0590373
-0.104187
-0.133281
-0.156211
-0.171773
-0.182465
-0.190052
-0.192416
-0.184534
-0.163045
-0.130553
-0.0934475
-0.0572821
-0.0255146
-0.000799788
0.0150897
0.0197575
0.011247
-0.00784146
-0.0273414
-0.0359599
-0.0314499
-0.0198902
-0.00743728
0.00315165
0.0115158
0.0183009
0.0240938
0.0284128
0.0309134
0.0315779
0.0285602
0.0189224
0.000331633
-0.0238745
-0.0406908
-0.038686
-0.0206498
-0.000435904
0.0138859
0.022238
0.0265258
0.02814
0.0282043
0.0273361
0.023072
0.010741
-0.0132611
-0.0478983
-0.0862275
-0.116614
-0.127461
-0.114249
-0.082791
-0.0464655
-0.0169984
0.00168669
0.0118088
0.0166855
0.0183338
0.0175877
0.0146342
0.0094547
0.00206246
-0.0073185
-0.0175428
-0.0259912
-0.029679
-0.0277945
-0.0223111
-0.0161707
-0.0111632
-0.00766262
-0.00536017
-0.00385891
-0.00288831
-0.00230081
-0.00200475
-0.00193123
-0.00203618
-0.00229538
-0.00268265
-0.00315154
-0.00363238
-0.00404518
-0.00432243
-0.00442873
-0.00436733
-0.0041732
-0.00389318
-0.00357221
-0.0032457
-0.00293802
-0.00266408
-0.0024314
-0.00224186
-0.00209315
-0.00198023
-0.00189638
-0.00183441
-0.00178741
-0.00174909
-0.001714
-0.00167772
-0.00163697
-0.00158983
-0.00153568
-0.001475
-0.00140904
-0.00133956
-0.00126848
-0.00119761
-0.00112848
-0.00106227
-0.000999719
-0.000941219
-0.000886821
-0.000836326
-0.000789366
-0.000745477
-0.000704165
-0.000664961
-0.000627453
-0.000591311
-0.000556291
-0.000522233
-0.000489057
-0.000456739
-0.000425302
-0.000394795
-0.000365279
-0.000336817
-0.000309464
-0.000283259
-0.000258231
-0.000234381
-0.000211726
-0.000190207
-0.000169896
-0.000150555
-0.000132598
-0.000115016
-9.98431e-05
-8.25297e-05
-7.2597e-05
-4.92575e-05
-5.64324e-05
7.08732e-07
-7.85093e-05
0.000134695
-0.000270691
0.0874552
0.0871399
0.0860387
0.0837938
0.0793579
0.0709536
0.0560868
0.0303971
-0.00794253
-0.0640141
-0.117445
-0.147331
-0.170576
-0.185499
-0.196382
-0.206039
-0.211337
-0.204445
-0.18
-0.141524
-0.0978107
-0.0559367
-0.0197484
0.00790371
0.0252443
0.0285833
0.0146382
-0.0135402
-0.0418583
-0.0534409
-0.0463477
-0.030327
-0.014374
-0.00185773
0.00731404
0.0142395
0.0193751
0.0218294
0.0222512
0.0217443
0.0183222
0.00808463
-0.012171
-0.0390817
-0.058822
-0.0574009
-0.0362312
-0.0111846
0.00671452
0.0167372
0.0213504
0.022701
0.0226171
0.0216717
0.0166316
0.00232002
-0.0245345
-0.0622115
-0.103221
-0.135261
-0.145936
-0.130448
-0.095332
-0.0552459
-0.0228055
-0.00210339
0.0092307
0.0146268
0.0162658
0.0152704
0.0121137
0.00696205
-0.000154914
-0.00933702
-0.019835
-0.0291112
-0.0336974
-0.0320729
-0.0259169
-0.0186142
-0.0125452
-0.00832814
-0.00560595
-0.00386116
-0.00274613
-0.00208396
-0.00176698
-0.00171078
-0.00185948
-0.00218605
-0.00266241
-0.00323443
-0.00381769
-0.00431328
-0.00463703
-0.00474684
-0.00465183
-0.00439924
-0.00405063
-0.00366289
-0.00327881
-0.00292624
-0.00262098
-0.00236981
-0.00217286
-0.00202544
-0.00191995
-0.00184724
-0.00179804
-0.0017639
-0.0017374
-0.00171229
-0.00168364
-0.00164797
-0.00160337
-0.0015495
-0.00148727
-0.0014185
-0.00134552
-0.00127077
-0.00119647
-0.00112448
-0.00105611
-0.000992187
-0.000933048
-0.00087864
-0.000828623
-0.000782468
-0.000739562
-0.00069928
-0.000661051
-0.000624393
-0.000588931
-0.000554408
-0.000520669
-0.000487652
-0.000455367
-0.000423869
-0.000393242
-0.000363581
-0.000334972
-0.00030749
-0.000281186
-0.000256093
-0.000232216
-0.000209562
-0.00018808
-0.000167806
-0.000148566
-0.000130633
-0.000113279
-9.79798e-05
-8.13078e-05
-7.06239e-05
-4.92992e-05
-5.3469e-05
-2.3695e-06
-7.20323e-05
0.000127326
-0.000260164
0.0918187
0.0917775
0.0915895
0.0906592
0.0879334
0.0814594
0.0679764
0.041752
-0.00135033
-0.0709336
-0.134966
-0.164643
-0.188006
-0.201541
-0.212053
-0.224242
-0.233989
-0.229382
-0.201648
-0.155591
-0.103617
-0.0549148
-0.0135989
0.0175282
0.0362837
0.0376858
0.0160577
-0.0250189
-0.0650304
-0.0796177
-0.0674979
-0.0443119
-0.0232414
-0.00817859
0.00192378
0.00874862
0.0125238
0.0124377
0.0109859
0.00985381
0.00640468
-0.00470521
-0.0267658
-0.0559449
-0.0779881
-0.0770479
-0.0531535
-0.0234734
-0.00188102
0.00988486
0.0147738
0.015828
0.0156266
0.0146348
0.00893039
-0.0069502
-0.0358118
-0.0754361
-0.118104
-0.151118
-0.161466
-0.144098
-0.106159
-0.0633102
-0.0287442
-0.00656745
0.00562902
0.0112866
0.0127994
0.0116177
0.008442
0.00355835
-0.00306515
-0.0117701
-0.0221063
-0.0317502
-0.0370671
-0.035857
-0.0293448
-0.0210769
-0.0139811
-0.00901661
-0.00584483
-0.00383993
-0.00257332
-0.00183813
-0.0015087
-0.00147865
-0.00167683
-0.0020743
-0.00264373
-0.00332587
-0.00402316
-0.00461633
-0.00499942
-0.00511789
-0.00498571
-0.00466352
-0.00423164
-0.0037627
-0.00330925
-0.00290359
-0.00256243
-0.00229134
-0.00208792
-0.00194426
-0.00184933
-0.00179096
-0.0017575
-0.00173871
-0.00172595
-0.00171226
-0.00169219
-0.00166208
-0.00162014
-0.00156632
-0.00150203
-0.00142976
-0.0013525
-0.00127332
-0.00119496
-0.00111961
-0.00104877
-0.000983326
-0.00092354
-0.000869222
-0.000819849
-0.000774701
-0.000732986
-0.000693928
-0.00065684
-0.000621161
-0.000586473
-0.000552503
-0.000519108
-0.000486251
-0.000453978
-0.000422388
-0.000391605
-0.000361761
-0.000332973
-0.000305336
-0.000278916
-0.000253749
-0.000229843
-0.000207191
-0.000185756
-0.000165526
-0.000146405
-0.000128488
-0.00011141
-9.59175e-05
-8.00839e-05
-6.82949e-05
-4.98866e-05
-4.93357e-05
-8.40343e-06
-6.04077e-05
0.00010685
-0.000225701
0.0962027
0.0964782
0.0973424
0.0979942
0.0974307
0.0936737
0.0825227
0.0568251
0.00807373
-0.08086
-0.159255
-0.185563
-0.206997
-0.217842
-0.228467
-0.245522
-0.262664
-0.261909
-0.229918
-0.173862
-0.111521
-0.0548159
-0.00777404
0.0272031
0.0471068
0.0464572
0.0183849
-0.0363726
-0.0922399
-0.114626
-0.0967979
-0.0630483
-0.0344741
-0.0159514
-0.00478716
0.00156837
0.0032656
0.000386657
-0.00244437
-0.00349169
-0.00665203
-0.0185183
-0.0419113
-0.0726825
-0.0965146
-0.0961938
-0.0702987
-0.0366914
-0.0117268
0.00164493
0.00670881
0.00740151
0.00702877
0.00601459
-7.27533e-05
-0.0167956
-0.0464954
-0.0866939
-0.12975
-0.162878
-0.172698
-0.154003
-0.114396
-0.0701444
-0.0345878
-0.0116953
0.000890715
0.00657901
0.008006
0.00691353
0.00403297
-0.000348605
-0.00632788
-0.0143162
-0.0240858
-0.0336476
-0.0394585
-0.0387741
-0.0322593
-0.0233407
-0.0153679
-0.00968905
-0.0060624
-0.00378853
-0.00236816
-0.0015682
-0.00124253
-0.00125158
-0.00150138
-0.00195822
-0.00260066
-0.00337509
-0.00418198
-0.00488591
-0.00535265
-0.00550323
-0.00534615
-0.0049548
-0.00443155
-0.00386999
-0.0033365
-0.00287001
-0.0024888
-0.00219692
-0.00198854
-0.00185146
-0.00177021
-0.001729
-0.00171351
-0.00171169
-0.00171388
-0.00171246
-0.00170159
-0.00167752
-0.0016385
-0.00158476
-0.00151824
-0.00144213
-0.00136016
-0.00127608
-0.00119322
-0.00111416
-0.00104063
-0.000973545
-0.0009131
-0.000858935
-0.000810317
-0.000766307
-0.000725912
-0.000688194
-0.000652344
-0.000617718
-0.000583856
-0.000550474
-0.00051744
-0.000484748
-0.000452482
-0.000420788
-0.000389835
-0.000359792
-0.000330811
-0.000303007
-0.000276463
-0.000251218
-0.000227284
-0.000204638
-0.000183258
-0.000163075
-0.000144088
-0.000126181
-0.000109424
-9.36769e-05
-7.88685e-05
-6.5641e-05
-5.10497e-05
-4.40544e-05
-1.76975e-05
-4.3239e-05
7.05457e-05
-0.000162229
0.100481
0.101108
0.103152
0.105634
0.107741
0.107599
0.100127
0.0766663
0.0209923
-0.0943457
-0.191203
-0.213075
-0.232373
-0.237522
-0.245687
-0.268171
-0.297166
-0.304158
-0.267421
-0.198069
-0.12245
-0.0562667
-0.00263958
0.0348814
0.0529086
0.0505754
0.0195936
-0.041144
-0.110878
-0.148359
-0.130975
-0.0864413
-0.048371
-0.0253001
-0.0129131
-0.00744616
-0.00841493
-0.0139969
-0.0177007
-0.0179613
-0.0204054
-0.0323999
-0.0562162
-0.0877028
-0.1128
-0.113289
-0.0863815
-0.0500199
-0.022459
-0.007878
-0.00284923
-0.0026765
-0.00336466
-0.00434987
-0.0103443
-0.0269122
-0.0560549
-0.0952738
-0.13728
-0.169531
-0.1786
-0.159256
-0.119377
-0.0753384
-0.040128
-0.0174214
-0.00494978
0.000626025
0.00215536
0.0015084
-0.000741986
-0.00443611
-0.00964238
-0.0166913
-0.0255483
-0.0346365
-0.0406732
-0.0405676
-0.0343798
-0.0251905
-0.0165887
-0.0102989
-0.00624427
-0.00370457
-0.00213787
-0.00129556
-0.00100388
-0.00106845
-0.0013592
-0.00184011
-0.00250306
-0.00331518
-0.00419732
-0.00501308
-0.0055976
-0.00582798
-0.00568474
-0.00524663
-0.00463906
-0.00398228
-0.00336264
-0.00282986
-0.00240567
-0.00209276
-0.0018811
-0.00175298
-0.00168746
-0.00166465
-0.00166757
-0.00168246
-0.00169905
-0.00170958
-0.00170795
-0.00169023
-0.00165472
-0.00160178
-0.00153369
-0.00145419
-0.00136778
-0.00127895
-0.00119162
-0.00110882
-0.00103254
-0.000963762
-0.000902606
-0.000848542
-0.000800623
-0.000757693
-0.000718566
-0.000682143
-0.000647498
-0.000613909
-0.000580874
-0.000548092
-0.000515442
-0.000482943
-0.000450715
-0.000418945
-0.000387845
-0.000357623
-0.000328462
-0.000300502
-0.000273839
-0.000248519
-0.000224558
-0.000201917
-0.000180591
-0.000160454
-0.000141608
-0.000123705
-0.0001073
-9.12525e-05
-7.76252e-05
-6.26873e-05
-5.27113e-05
-3.77392e-05
-3.01712e-05
-2.06918e-05
1.71261e-05
-6.72223e-05
0.104513
0.105519
0.108831
0.113386
0.118667
0.123365
0.121426
0.104238
0.0396896
-0.120911
-0.237285
-0.241152
-0.255522
-0.255485
-0.265001
-0.297935
-0.343694
-0.361374
-0.318088
-0.230425
-0.137651
-0.0601522
-0.00050727
0.0344307
0.0440856
0.0365978
0.00513305
-0.0483708
-0.122087
-0.17442
-0.164093
-0.112206
-0.0644076
-0.0361163
-0.0224349
-0.0182813
-0.0223316
-0.0304915
-0.0346029
-0.0333737
-0.0343714
-0.0454767
-0.0685885
-0.0997907
-0.125536
-0.126991
-0.100163
-0.0625466
-0.0335538
-0.0184292
-0.0138072
-0.0144489
-0.0156738
-0.0165238
-0.0217628
-0.0369818
-0.0640575
-0.100685
-0.14015
-0.170483
-0.178583
-0.159354
-0.120733
-0.0786354
-0.0451874
-0.0236049
-0.0117339
-0.0063592
-0.00451193
-0.00439773
-0.005742
-0.00857807
-0.0128452
-0.018734
-0.0263949
-0.0346853
-0.0406807
-0.0411378
-0.0355288
-0.0264541
-0.017535
-0.0108003
-0.00637864
-0.00359123
-0.00189906
-0.00105433
-0.000839065
-0.000988116
-0.00132435
-0.00179584
-0.00240842
-0.00316761
-0.00404462
-0.00493172
-0.0056442
-0.00600291
-0.00593397
-0.0054969
-0.0048345
-0.00409594
-0.00339381
-0.0027945
-0.00232685
-0.00199341
-0.00177955
-0.00166109
-0.00161101
-0.00160472
-0.00162291
-0.00165115
-0.00167913
-0.00169941
-0.0017059
-0.00169461
-0.00166352
-0.00161269
-0.00154459
-0.00146335
-0.00137394
-0.00128146
-0.00119046
-0.00110446
-0.00102571
-0.00095532
-0.00089338
-0.000839235
-0.000791763
-0.000749625
-0.000711466
-0.00067606
-0.000642382
-0.00060965
-0.000577323
-0.000545086
-0.000512815
-0.000480544
-0.000448417
-0.000416648
-0.00038548
-0.000355152
-0.000325872
-0.000297803
-0.000271055
-0.000245678
-0.000221699
-0.000199063
-0.000177788
-0.000157689
-0.000138979
-0.000121069
-0.000105029
-8.86521e-05
-7.6305e-05
-5.94838e-05
-5.46996e-05
-3.06355e-05
-4.52527e-05
6.30022e-06
-5.22562e-05
5.73953e-05
0.108147
0.109535
0.114158
0.12089
0.129855
0.140254
0.146632
0.138818
0.0660093
-0.134904
-0.313577
-0.295329
-0.294332
-0.272998
-0.271372
-0.314434
-0.387833
-0.428321
-0.38283
-0.273546
-0.158988
-0.0674935
-0.00455579
0.0187958
0.0148299
-0.00299699
-0.0254592
-0.0641833
-0.131401
-0.192375
-0.191849
-0.137393
-0.0814276
-0.0480259
-0.0331945
-0.0307515
-0.0381738
-0.0489099
-0.0529724
-0.0494448
-0.0479528
-0.0569634
-0.0781972
-0.10808
-0.133775
-0.136274
-0.110604
-0.0733831
-0.0443854
-0.0296192
-0.0259614
-0.027859
-0.0298955
-0.0304359
-0.0341086
-0.0466796
-0.0701849
-0.102687
-0.138201
-0.165629
-0.172575
-0.154259
-0.118429
-0.0799504
-0.0496177
-0.0300465
-0.0192547
-0.0142044
-0.0119328
-0.0108405
-0.0110401
-0.0127803
-0.0158734
-0.0203828
-0.0266184
-0.0338504
-0.0395581
-0.0405086
-0.0356413
-0.0270281
-0.0181275
-0.0111608
-0.00646858
-0.003477
-0.00170721
-0.000929543
-0.000865246
-0.00115823
-0.00157174
-0.0020328
-0.00253726
-0.00312263
-0.00384943
-0.00469206
-0.00547658
-0.00597003
-0.00602345
-0.00565054
-0.00498642
-0.00420176
-0.00343699
-0.00278078
-0.00227412
-0.00192208
-0.00170612
-0.00159541
-0.0015567
-0.00156142
-0.0015884
-0.00162292
-0.00165558
-0.00168051
-0.00169205
-0.0016857
-0.00165905
-0.00161204
-0.00154636
-0.00146595
-0.00137608
-0.00128226
-0.00118945
-0.00110157
-0.0010212
-0.000949612
-0.00088694
-0.000832478
-0.000785016
-0.000743122
-0.000705355
-0.000670421
-0.000637243
-0.000605
-0.000573125
-0.000541282
-0.000509337
-0.000477317
-0.000445366
-0.000413707
-0.000382594
-0.000352279
-0.000322989
-0.000294895
-0.000268125
-0.000242732
-0.000218752
-0.000196125
-0.000174892
-0.000154817
-0.000136224
-0.000118293
-0.000102605
-8.58916e-05
-7.48427e-05
-5.6097e-05
-5.67381e-05
-2.31042e-05
-6.17957e-05
3.59644e-05
-0.000133161
0.000203726
0.111226
0.112983
0.11886
0.127827
0.140709
0.158297
0.176502
0.192441
0.10623
-0.124889
-0.353521
-0.316824
-0.308995
-0.280574
-0.273563
-0.315972
-0.404137
-0.472389
-0.440555
-0.319933
-0.186111
-0.0819774
-0.0230211
-0.0173768
-0.0302013
-0.0509996
-0.0593014
-0.0817677
-0.136138
-0.198459
-0.208736
-0.157853
-0.0974349
-0.0602277
-0.0447964
-0.044478
-0.0555406
-0.0689438
-0.0724618
-0.0656611
-0.0604567
-0.0661895
-0.0844938
-0.112099
-0.137016
-0.140528
-0.11697
-0.0817691
-0.0542955
-0.0409537
-0.0389872
-0.0427047
-0.0458519
-0.045846
-0.0470571
-0.0556798
-0.07424
-0.101304
-0.13168
-0.155372
-0.161044
-0.144407
-0.112758
-0.079357
-0.0532963
-0.0365334
-0.0273303
-0.0228553
-0.0202145
-0.0180113
-0.0167892
-0.0170798
-0.0186989
-0.0216225
-0.0262573
-0.0322309
-0.037437
-0.0387792
-0.0347474
-0.0268831
-0.0183277
-0.011369
-0.00653665
-0.00341903
-0.00165528
-0.0010414
-0.00122504
-0.00177155
-0.00237402
-0.00285281
-0.00315864
-0.00339692
-0.00377383
-0.00439179
-0.00512188
-0.00569505
-0.00588896
-0.00564158
-0.00504671
-0.00427583
-0.00349001
-0.00280202
-0.00226987
-0.00190513
-0.00168765
-0.00158131
-0.00154762
-0.0015547
-0.00158061
-0.00161127
-0.00163922
-0.00165968
-0.00166874
-0.00166291
-0.00163902
-0.00159541
-0.00153366
-0.00145711
-0.00137019
-0.00127832
-0.00118666
-0.0010993
-0.00101904
-0.000947316
-0.000884389
-0.000829627
-0.000781852
-0.000739641
-0.000701569
-0.00066636
-0.000632965
-0.000600585
-0.000568663
-0.000536862
-0.000505032
-0.00047318
-0.000441426
-0.000409971
-0.000379052
-0.00034891
-0.000319763
-0.000291784
-0.000265102
-0.000239773
-0.000215844
-0.000193249
-0.000172059
-0.000151996
-0.000133494
-0.000115522
-0.000100141
-8.30999e-05
-7.32616e-05
-5.26969e-05
-5.85488e-05
-1.56754e-05
-7.81956e-05
6.56959e-05
-0.000217717
0.0003575
0.1136
0.115669
0.122659
0.133568
0.150455
0.174539
0.210006
0.21661
0.196726
-0.144412
-0.45694
-0.344396
-0.326555
-0.295788
-0.279447
-0.311874
-0.397006
-0.480886
-0.47043
-0.355869
-0.21527
-0.106778
-0.0595701
-0.0653652
-0.0857388
-0.0927387
-0.0860687
-0.0943886
-0.13557
-0.193583
-0.212853
-0.170283
-0.1102
-0.0715733
-0.0565532
-0.0588608
-0.0738704
-0.0900174
-0.0924048
-0.0812383
-0.0711331
-0.0726224
-0.0872097
-0.111768
-0.135222
-0.139605
-0.118907
-0.0871526
-0.0626641
-0.0518721
-0.0524322
-0.0586
-0.063149
-0.0623208
-0.0601767
-0.0636606
-0.0761432
-0.0967952
-0.121199
-0.14058
-0.144943
-0.130648
-0.104279
-0.0770476
-0.0561313
-0.0428782
-0.0358346
-0.0323452
-0.0295253
-0.0261143
-0.0231054
-0.0214855
-0.0212899
-0.0224502
-0.0253712
-0.0299518
-0.0344851
-0.0361001
-0.0329518
-0.0260576
-0.0181413
-0.0114386
-0.00662936
-0.00351115
-0.00188445
-0.00156954
-0.00213612
-0.00304382
-0.00387287
-0.00431354
-0.0042753
-0.0039861
-0.00383438
-0.00405741
-0.00458933
-0.00515416
-0.00547057
-0.00539306
-0.00494628
-0.00426725
-0.0035247
-0.00285023
-0.00232083
-0.00195863
-0.00174563
-0.00164324
-0.0016097
-0.00161116
-0.00162523
-0.00163953
-0.00164896
-0.00165179
-0.00164658
-0.00163119
-0.00160324
-0.00156102
-0.00150345
-0.00143217
-0.00135134
-0.00126535
-0.00117866
-0.00109522
-0.00101782
-0.00094799
-0.000886083
-0.000831597
-0.000783501
-0.000740544
-0.00070147
-0.000665162
-0.000630701
-0.000597389
-0.000564735
-0.000532436
-0.000500343
-0.000468437
-0.000436796
-0.000405571
-0.000374949
-0.000345128
-0.000316293
-0.000288593
-0.000262141
-0.000236989
-0.000213188
-0.000190671
-0.000169537
-0.000149483
-0.000131039
-0.000113008
-9.78568e-05
-8.05146e-05
-7.16862e-05
-4.95591e-05
-5.99063e-05
-9.01662e-06
-9.25959e-05
9.23215e-05
-0.000295446
0.000499562
0.115137
0.117443
0.125237
0.137732
0.157613
0.188621
0.236923
0.277599
0.335614
-0.114137
-0.346508
-0.335492
-0.31867
-0.304158
-0.321775
-0.387441
-0.464435
-0.468094
-0.370529
-0.239575
-0.138847
-0.108164
-0.121264
-0.140975
-0.1259
-0.103603
-0.0993914
-0.128503
-0.179414
-0.204689
-0.172909
-0.117835
-0.0807579
-0.0675108
-0.0730666
-0.0923526
-0.11119
-0.111757
-0.0951743
-0.0792499
-0.0759063
-0.0863502
-0.107363
-0.128777
-0.133805
-0.116445
-0.0892328
-0.0689673
-0.0617861
-0.0657196
-0.0749547
-0.0811538
-0.0792257
-0.0729345
-0.07031
-0.0759198
-0.0896135
-0.107648
-0.122471
-0.12559
-0.114118
-0.0937146
-0.0732831
-0.0580694
-0.0489323
-0.0446717
-0.0426916
-0.0399513
-0.0352328
-0.0300056
-0.0259624
-0.0236021
-0.0228616
-0.0240256
-0.0271479
-0.0308861
-0.0326529
-0.030406
-0.0246392
-0.0176079
-0.0113968
-0.00679629
-0.00384316
-0.0025158
-0.00264248
-0.00369677
-0.00500261
-0.00595708
-0.00614584
-0.00556525
-0.00462996
-0.00387992
-0.00363929
-0.00388901
-0.00436551
-0.00475685
-0.00485756
-0.0046129
-0.00410482
-0.00348234
-0.00288493
-0.00240451
-0.00207505
-0.0018839
-0.00179315
-0.00176001
-0.00175001
-0.00174172
-0.0017257
-0.00170114
-0.00167023
-0.00163587
-0.00159888
-0.00155767
-0.00150977
-0.00145375
-0.00138905
-0.00131666
-0.00123982
-0.00116212
-0.0010866
-0.00101555
-0.000950357
-0.000891427
-0.000838432
-0.000790589
-0.000746902
-0.000706393
-0.000668247
-0.000631816
-0.000596639
-0.000562394
-0.000528874
-0.000495964
-0.000463631
-0.000431899
-0.000400845
-0.000370572
-0.0003412
-0.000312845
-0.000285602
-0.000259549
-0.000234716
-0.00021115
-0.000188783
-0.000167738
-0.0001477
-0.00012928
-0.000111172
-9.61446e-05
-7.85409e-05
-7.04103e-05
-4.71111e-05
-6.07519e-05
-3.92019e-06
-0.000103266
0.000112515
-0.000355186
0.000609245
0.11574
0.118165
0.126381
0.139685
0.16131
0.196106
0.253223
0.32141
0.433026
-0.345488
-0.349758
-0.338473
-0.336572
-0.364809
-0.415268
-0.42258
-0.353247
-0.246447
-0.167736
-0.156196
-0.184262
-0.19011
-0.151194
-0.112399
-0.0969865
-0.115349
-0.158284
-0.186218
-0.165587
-0.119179
-0.086556
-0.0765615
-0.0860615
-0.109901
-0.131159
-0.129155
-0.106361
-0.0841809
-0.0758967
-0.0821695
-0.0994456
-0.118414
-0.123806
-0.109967
-0.0879703
-0.0728187
-0.0701195
-0.0781671
-0.090981
-0.0990018
-0.0957388
-0.0847144
-0.0753362
-0.0736815
-0.0803342
-0.0920716
-0.102443
-0.104471
-0.0960592
-0.0818325
-0.0683506
-0.0590982
-0.0545728
-0.0537165
-0.0537933
-0.0513945
-0.0452614
-0.0373886
-0.0304325
-0.0255861
-0.0228549
-0.0222907
-0.0239571
-0.0268275
-0.0286383
-0.0272801
-0.0227416
-0.0167819
-0.0112635
-0.00706099
-0.00445914
-0.00359742
-0.0042745
-0.00582202
-0.00737515
-0.00817392
-0.00784349
-0.00659136
-0.00502664
-0.00375395
-0.00310731
-0.003079
-0.00342197
-0.00382787
-0.00406336
-0.00402529
-0.00373728
-0.00330181
-0.00284999
-0.00247694
-0.0022237
-0.00208284
-0.00201889
-0.00199033
-0.00196461
-0.00192398
-0.00186465
-0.00179152
-0.00171322
-0.00163786
-0.00156922
-0.0015071
-0.00144877
-0.00139073
-0.00133068
-0.00126801
-0.0012031
-0.00113742
-0.00107301
-0.00101144
-0.000953594
-0.000899724
-0.000849564
-0.000802592
-0.00075823
-0.000715975
-0.000675452
-0.000636404
-0.000598672
-0.000562173
-0.00052685
-0.000492657
-0.000459558
-0.000427523
-0.00039654
-0.000366608
-0.000337743
-0.000309969
-0.000283302
-0.000257767
-0.000233358
-0.000210108
-0.000187945
-0.000167011
-0.000146995
-0.000128565
-0.000110368
-9.53456e-05
-7.75417e-05
-6.97229e-05
-4.57554e-05
-6.11101e-05
-1.0916e-06
-0.000108864
0.000123485
-0.000387519
0.000668995
0.11536
0.117771
0.125944
0.139175
0.160686
0.195278
0.252099
0.330011
0.488788
-0.361171
-0.389379
-0.383986
-0.36079
-0.337981
-0.34209
-0.337303
-0.295138
-0.22131
-0.180926
-0.200025
-0.242018
-0.22705
-0.165788
-0.112881
-0.0886119
-0.0976577
-0.132663
-0.1604
-0.149767
-0.114064
-0.0880889
-0.0826296
-0.0967069
-0.125213
-0.148355
-0.143075
-0.113736
-0.0855018
-0.0726862
-0.0751302
-0.08877
-0.105083
-0.11055
-0.10013
-0.083565
-0.0739921
-0.076347
-0.0890272
-0.105736
-0.115643
-0.110897
-0.0948501
-0.0784803
-0.0696045
-0.0695796
-0.0755244
-0.0818672
-0.0830233
-0.0776461
-0.0693436
-0.0625334
-0.059237
-0.0596765
-0.0627615
-0.0653756
-0.063539
-0.0558957
-0.0450305
-0.0347728
-0.0271961
-0.0224415
-0.0202444
-0.0205191
-0.0224849
-0.0242371
-0.0237209
-0.0204625
-0.0156959
-0.0110194
-0.00738575
-0.00531265
-0.00505
-0.0063056
-0.00822089
-0.00974654
-0.0100707
-0.00904591
-0.00714449
-0.00509027
-0.00345955
-0.00253382
-0.00228948
-0.0024934
-0.00285832
-0.00315962
-0.00328004
-0.00320103
-0.00298324
-0.00272498
-0.00250877
-0.00237215
-0.00230819
-0.00228377
-0.00226133
-0.00221411
-0.00213232
-0.00202076
-0.00189201
-0.00176212
-0.00164319
-0.0015412
-0.00145652
-0.00138592
-0.00132486
-0.00126897
-0.00121519
-0.00116217
-0.00110973
-0.00105801
-0.00100732
-0.000957982
-0.000910047
-0.000863358
-0.000817725
-0.00077294
-0.0007289
-0.000685755
-0.000643736
-0.000603076
-0.000563969
-0.000526535
-0.00049081
-0.000456761
-0.000424301
-0.000393322
-0.000363714
-0.000335375
-0.000308222
-0.000282185
-0.000257221
-0.000233283
-0.000210382
-0.000188444
-0.000167623
-0.000147627
-0.000129146
-0.000110853
-9.57125e-05
-7.77845e-05
-6.98543e-05
-4.57884e-05
-6.10724e-05
-1.00136e-06
-0.000108719
0.000123588
-0.000387121
0.000668712
0.114
0.116269
0.123934
0.136215
0.155758
0.186187
0.23361
0.300199
0.409507
-0.371602
-0.381685
-0.42628
-0.426018
-0.37974
-0.304391
-0.24816
-0.219651
-0.192856
-0.161782
-0.175181
-0.236843
-0.281214
-0.245257
-0.167692
-0.106268
-0.0763982
-0.0777025
-0.104979
-0.130458
-0.127832
-0.103199
-0.0849738
-0.0848481
-0.103894
-0.136913
-0.161153
-0.152055
-0.116462
-0.0830742
-0.0666084
-0.0658493
-0.0761813
-0.0898255
-0.0951061
-0.0877661
-0.0764113
-0.0724272
-0.0800326
-0.0975474
-0.118203
-0.129935
-0.123676
-0.102677
-0.0795353
-0.0639106
-0.0579492
-0.0589404
-0.0619177
-0.0624474
-0.0598397
-0.0568362
-0.0560939
-0.0585224
-0.0640968
-0.0714939
-0.076988
-0.0758713
-0.0666598
-0.0525952
-0.0388156
-0.0283936
-0.0216576
-0.0179812
-0.0169829
-0.018025
-0.0195929
-0.0198125
-0.0178297
-0.0143157
-0.0105801
-0.00765823
-0.00626337
-0.00668004
-0.00846076
-0.0105395
-0.0117537
-0.0114171
-0.00969772
-0.00729635
-0.00495164
-0.00314349
-0.00206879
-0.00168101
-0.00176399
-0.00205792
-0.00236197
-0.00256769
-0.00264465
-0.00262199
-0.00256051
-0.00251518
-0.0025081
-0.00252682
-0.00253997
-0.00251659
-0.00244092
-0.00231342
-0.00214869
-0.00196951
-0.00179567
-0.00164128
-0.00151301
-0.00141108
-0.00133152
-0.00126855
-0.00121657
-0.00117104
-0.00112876
-0.00108773
-0.00104701
-0.00100613
-0.000964599
-0.00092207
-0.000878377
-0.000833529
-0.000787861
-0.000741916
-0.000696261
-0.000651512
-0.00060822
-0.00056681
-0.00052754
-0.000490503
-0.000455655
-0.000422854
-0.000391906
-0.000362598
-0.000334727
-0.000308116
-0.000282621
-0.000258142
-0.000234598
-0.00021198
-0.000190217
-0.000169464
-0.000149461
-0.000130888
-0.000112504
-9.71453e-05
-7.91955e-05
-7.07575e-05
-4.71865e-05
-6.06353e-05
-3.65816e-06
-0.000102859
0.000112809
-0.000354086
0.000608474
0.111723
0.113731
0.120514
0.13108
0.147434
0.170616
0.204739
0.246488
0.255583
-0.285596
-0.380927
-0.397517
-0.451592
-0.443186
-0.3767
-0.263777
-0.161191
-0.100005
-0.0773233
-0.0946252
-0.166607
-0.261637
-0.29648
-0.242844
-0.15773
-0.0946559
-0.0626753
-0.0578324
-0.0775341
-0.0994235
-0.102527
-0.0879518
-0.0773701
-0.0827031
-0.106725
-0.143766
-0.168121
-0.154942
-0.114081
-0.0770975
-0.0582136
-0.0550342
-0.0625197
-0.0736432
-0.0785368
-0.0737732
-0.0670395
-0.0682224
-0.0808658
-0.103047
-0.127403
-0.140769
-0.133102
-0.107601
-0.0783685
-0.0568543
-0.0459729
-0.0430512
-0.043451
-0.0435945
-0.0433244
-0.0447536
-0.0492638
-0.0569923
-0.0676536
-0.0795052
-0.0880385
-0.087734
-0.0769528
-0.0596609
-0.0423536
-0.0291436
-0.0205658
-0.0156152
-0.0135146
-0.0136322
-0.0148315
-0.0155658
-0.0147552
-0.0125022
-0.00978423
-0.00770155
-0.00710637
-0.00823734
-0.0104468
-0.0124897
-0.0132078
-0.0121974
-0.00992196
-0.00722678
-0.00478747
-0.00295336
-0.0018314
-0.00135809
-0.0013439
-0.00156056
-0.00183263
-0.00206909
-0.0022382
-0.00235306
-0.00244601
-0.00254002
-0.00263662
-0.00271531
-0.00274669
-0.00271003
-0.00260017
-0.00242941
-0.00222342
-0.00200859
-0.00180628
-0.00163066
-0.00148773
-0.00137689
-0.00129346
-0.00123099
-0.00118297
-0.00114388
-0.00110957
-0.0010771
-0.00104441
-0.00101016
-0.000973539
-0.000934137
-0.000891924
-0.000847216
-0.000800619
-0.000752981
-0.000705251
-0.000658357
-0.000613084
-0.000569998
-0.000529436
-0.00049151
-0.000456153
-0.000423171
-0.0003923
-0.000363251
-0.000335746
-0.000309541
-0.000284439
-0.0002603
-0.000237018
-0.000214574
-0.000192903
-0.000172157
-0.000152116
-0.000133416
-0.000114956
-9.93033e-05
-8.14434e-05
-7.21619e-05
-4.96342e-05
-5.97077e-05
-8.60036e-06
-9.19881e-05
9.27896e-05
-0.000293874
0.000498527
0.108633
0.110309
0.11591
0.124429
0.13661
0.153075
0.169497
0.182494
0.138895
-0.198687
-0.474327
-0.365951
-0.408302
-0.452271
-0.43326
-0.349705
-0.219984
-0.0982421
-0.0228322
-0.00550889
-0.0562316
-0.164308
-0.265788
-0.284908
-0.221845
-0.139152
-0.0805329
-0.049317
-0.0398265
-0.0519512
-0.0696106
-0.0761683
-0.0698531
-0.0658433
-0.0760804
-0.104643
-0.144873
-0.168299
-0.151108
-0.106647
-0.0681135
-0.048212
-0.0434154
-0.0485444
-0.0574017
-0.0617827
-0.0590142
-0.0560525
-0.0616169
-0.078693
-0.104999
-0.132521
-0.147217
-0.138374
-0.10917
-0.0749472
-0.0487174
-0.0340903
-0.0283578
-0.0269873
-0.0269573
-0.0285115
-0.0334032
-0.0422382
-0.0546752
-0.0701369
-0.0863216
-0.0978457
-0.0983663
-0.0861051
-0.0657604
-0.0451572
-0.0294088
-0.0192434
-0.0132746
-0.0102908
-0.00953582
-0.010161
-0.0110456
-0.0111323
-0.0100717
-0.00844566
-0.00733669
-0.00765044
-0.00950568
-0.012038
-0.0138942
-0.0140552
-0.0124692
-0.00984667
-0.00706792
-0.00469347
-0.00294036
-0.00183906
-0.00131918
-0.0012264
-0.00137201
-0.00160491
-0.0018394
-0.0020502
-0.00224509
-0.00243086
-0.00260651
-0.00275721
-0.00285718
-0.00288258
-0.00282102
-0.0026786
-0.00247813
-0.0022483
-0.0020161
-0.00180222
-0.00161934
-0.00147218
-0.00135941
-0.00127595
-0.00121511
-0.00117015
-0.00113516
-0.00110544
-0.00107747
-0.0010488
-0.00101777
-0.000983334
-0.00094503
-0.000902923
-0.000857539
-0.000809783
-0.000760771
-0.000711646
-0.000663466
-0.000617098
-0.000573154
-0.000531978
-0.000493669
-0.00045813
-0.000425127
-0.000394353
-0.000365475
-0.000338176
-0.000312179
-0.00028726
-0.000263264
-0.000240078
-0.000217678
-0.000196008
-0.000175211
-0.000155113
-0.000136273
-0.000117772
-0.000101789
-8.41333e-05
-7.37688e-05
-5.27353e-05
-5.82845e-05
-1.51462e-05
-7.74852e-05
6.63035e-05
-0.000215992
0.000356504
0.104871
0.106162
0.110453
0.116654
0.124798
0.133908
0.138352
0.127261
0.0490944
-0.160972
-0.349441
-0.341382
-0.378189
-0.403181
-0.377301
-0.30114
-0.188208
-0.0769174
-0.00109452
0.0125841
-0.0550023
-0.168688
-0.253251
-0.254054
-0.189964
-0.117061
-0.0663308
-0.037498
-0.0247297
-0.0293473
-0.0424397
-0.0502236
-0.0501395
-0.0511872
-0.0653002
-0.0976144
-0.139916
-0.161402
-0.140621
-0.0947735
-0.0569509
-0.0373879
-0.0316796
-0.0348854
-0.0417737
-0.0455886
-0.0442396
-0.0440686
-0.0529671
-0.0735392
-0.103103
-0.133016
-0.148656
-0.138978
-0.107146
-0.0693615
-0.0398094
-0.0226553
-0.0151522
-0.0127473
-0.0127214
-0.0155891
-0.0229806
-0.0351733
-0.051586
-0.0713244
-0.0914525
-0.105711
-0.10701
-0.0934491
-0.0704347
-0.0470035
-0.0291519
-0.0177622
-0.0110815
-0.00747352
-0.00598998
-0.0059205
-0.00655294
-0.00709545
-0.00701906
-0.00652167
-0.00651367
-0.00781776
-0.0103641
-0.0130935
-0.0146526
-0.0142988
-0.012309
-0.00956249
-0.00687842
-0.00467817
-0.00306807
-0.00202647
-0.00148503
-0.00132654
-0.00140367
-0.00158937
-0.0018096
-0.0020379
-0.00226647
-0.00248899
-0.00269119
-0.00284978
-0.00293961
-0.00294212
-0.00285454
-0.00269146
-0.00247783
-0.00224195
-0.00200894
-0.001797
-0.00161677
-0.00147187
-0.00136067
-0.00127828
-0.00121833
-0.00117431
-0.00114039
-0.00111181
-0.0010849
-0.00105697
-0.00102624
-0.000991653
-0.000952845
-0.000910022
-0.000863846
-0.000815313
-0.000765595
-0.000715886
-0.00066726
-0.00062058
-0.000576435
-0.000535146
-0.000496787
-0.000461239
-0.000428254
-0.000397511
-0.000368665
-0.000341392
-0.000315409
-0.000290489
-0.000266475
-0.000243256
-0.000220806
-0.000199082
-0.000178207
-0.000158055
-0.000139084
-0.000120585
-0.000104267
-8.69139e-05
-7.53287e-05
-5.60958e-05
-5.64471e-05
-2.25157e-05
-6.10873e-05
3.66796e-05
-0.000131599
0.000203083
0.100594
0.10149
0.104428
0.108393
0.112773
0.116108
0.11217
0.0919481
0.0227813
-0.14498
-0.268721
-0.28077
-0.317593
-0.340852
-0.324237
-0.264581
-0.175332
-0.0852278
-0.0237949
-0.0140773
-0.0696387
-0.162024
-0.220582
-0.209535
-0.154233
-0.095662
-0.0536895
-0.0276743
-0.0128367
-0.010582
-0.0183321
-0.0253362
-0.0293866
-0.0342028
-0.0510846
-0.0861528
-0.129154
-0.147781
-0.12427
-0.0795925
-0.0446114
-0.0264977
-0.0204126
-0.0220258
-0.0272235
-0.0304716
-0.0300385
-0.0316728
-0.04272
-0.0656181
-0.097333
-0.128709
-0.144867
-0.134767
-0.101555
-0.0618381
-0.0304668
-0.0119538
-0.0035667
-0.000731606
-0.000850469
-0.00458169
-0.0135936
-0.0281866
-0.0477309
-0.0710122
-0.0944528
-0.111006
-0.11298
-0.0983966
-0.0732918
-0.0477109
-0.028346
-0.0161727
-0.00911778
-0.00516834
-0.00318144
-0.00248242
-0.00264533
-0.00320776
-0.00377427
-0.00432206
-0.00544486
-0.00770858
-0.0108048
-0.0135578
-0.0147434
-0.0139763
-0.0117968
-0.00913035
-0.00667044
-0.00470494
-0.00326427
-0.00230143
-0.00175649
-0.00154343
-0.00155509
-0.00169122
-0.00188509
-0.00210427
-0.00233295
-0.00255486
-0.00274851
-0.00288905
-0.00295448
-0.00293354
-0.00283008
-0.0026607
-0.00244964
-0.00222231
-0.00200025
-0.00179879
-0.0016267
-0.00148696
-0.00137816
-0.00129608
-0.00123514
-0.00118949
-0.00115374
-0.00112331
-0.00109464
-0.00106508
-0.00103287
-0.000996988
-0.000957106
-0.000913454
-0.000866722
-0.000817911
-0.000768165
-0.000718611
-0.000670248
-0.000623863
-0.00057999
-0.00053891
-0.000500679
-0.000465178
-0.000432166
-0.000401337
-0.000372366
-0.000344944
-0.000318803
-0.000293729
-0.000269571
-0.000246229
-0.000223672
-0.000201869
-0.000180915
-0.000160732
-0.000141658
-0.000123209
-0.000106578
-8.95977e-05
-7.67557e-05
-5.94667e-05
-5.44355e-05
-3.00482e-05
-4.46441e-05
7.09023e-06
-5.11081e-05
5.73548e-05
0.0959623
0.0964711
0.0981118
0.0999672
0.101133
0.0996033
0.0901632
0.0638494
0.00415928
-0.116879
-0.220412
-0.249022
-0.281731
-0.2981
-0.281923
-0.234724
-0.16611
-0.0968221
-0.0474473
-0.0381488
-0.0767772
-0.139101
-0.175483
-0.164206
-0.122912
-0.0781312
-0.0435182
-0.0199495
-0.00405992
0.00361873
0.00205856
-0.00242573
-0.00796336
-0.0157566
-0.0347447
-0.071512
-0.113598
-0.128512
-0.103596
-0.0626247
-0.032118
-0.0161725
-0.0100564
-0.010309
-0.0140305
-0.0167309
-0.016818
-0.0193827
-0.0313859
-0.055327
-0.0879619
-0.11981
-0.136066
-0.125996
-0.0927071
-0.0527391
-0.0210456
-0.00222229
0.0063686
0.00919899
0.00883461
0.00459717
-0.00528304
-0.0213634
-0.0431208
-0.0690515
-0.0949915
-0.113263
-0.11577
-0.100523
-0.0740643
-0.0471729
-0.0269923
-0.0145096
-0.00740999
-0.00339544
-0.00116968
-6.93122e-05
0.000216792
-0.000161443
-0.00107381
-0.00245033
-0.00454325
-0.00753831
-0.0108933
-0.0134436
-0.0142273
-0.013191
-0.0110327
-0.0086035
-0.00644344
-0.00473396
-0.00346629
-0.00258989
-0.00205663
-0.00180564
-0.00175876
-0.00183879
-0.00199057
-0.00218064
-0.00238621
-0.00258525
-0.00275381
-0.00286822
-0.00291088
-0.00287563
-0.00276866
-0.00260607
-0.00240919
-0.00219951
-0.00199492
-0.00180813
-0.00164652
-0.00151281
-0.00140614
-0.00132326
-0.00125963
-0.00121031
-0.00117055
-0.00113626
-0.00110409
-0.00107155
-0.00103692
-0.000999229
-0.000958149
-0.000913891
-0.000867072
-0.000818577
-0.000769413
-0.000720576
-0.000672947
-0.000627217
-0.000583858
-0.00054312
-0.000505057
-0.000469566
-0.000436438
-0.000405404
-0.000376175
-0.000348474
-0.00032206
-0.000296739
-0.000272372
-0.000248864
-0.000226182
-0.000204302
-0.000183287
-0.0001631
-0.000143955
-0.000125593
-0.000108682
-9.21067e-05
-7.80558e-05
-6.26894e-05
-5.25231e-05
-3.7202e-05
-2.97301e-05
-1.98514e-05
1.77168e-05
-6.6523e-05
0.0911324
0.0912849
0.0917296
0.0917381
0.0902228
0.0851031
0.0720721
0.0437877
-0.00839092
-0.101819
-0.185285
-0.216254
-0.244812
-0.258596
-0.247345
-0.211783
-0.159118
-0.105556
-0.0666428
-0.0555479
-0.0773562
-0.116684
-0.139987
-0.130814
-0.100012
-0.0649988
-0.0357759
-0.0141691
0.00191923
0.0129855
0.0174857
0.0169852
0.0126395
0.00270829
-0.0183395
-0.0556529
-0.0947161
-0.105287
-0.0807069
-0.0455121
-0.0203488
-0.00684908
-0.000891704
3.70338e-05
-0.00233796
-0.00449204
-0.00481308
-0.00762633
-0.0195128
-0.0432296
-0.0755464
-0.106908
-0.122894
-0.113306
-0.0811805
-0.0425432
-0.0119024
0.00634562
0.0146751
0.0172524
0.0165907
0.0121069
0.00196128
-0.014768
-0.0377911
-0.0653864
-0.0929107
-0.112253
-0.115134
-0.0996364
-0.0726553
-0.045382
-0.0251301
-0.0128042
-0.00593889
-0.00208247
0.000147238
0.0014047
0.00191493
0.00164019
0.000537402
-0.0013807
-0.00411101
-0.00745497
-0.0107022
-0.0128386
-0.0132436
-0.0120999
-0.0101301
-0.00803317
-0.00619969
-0.00474075
-0.00363747
-0.00284876
-0.00233883
-0.00206471
-0.00196977
-0.00199642
-0.00209945
-0.00224707
-0.00241491
-0.00257939
-0.00271681
-0.00280584
-0.00283201
-0.00279146
-0.00269024
-0.00254231
-0.00236544
-0.00217722
-0.00199233
-0.00182135
-0.0016707
-0.00154308
-0.00143828
-0.00135405
-0.00128694
-0.00123296
-0.00118817
-0.001149
-0.0011125
-0.00107635
-0.00103897
-0.000999401
-0.000957254
-0.000912645
-0.000866057
-0.000818218
-0.000769966
-0.000722139
-0.000675479
-0.000630576
-0.00058784
-0.000547494
-0.0005096
-0.000474086
-0.000440784
-0.000409473
-0.000379911
-0.000351862
-0.000325115
-0.000299501
-0.000274892
-0.000251203
-0.000228393
-0.000206444
-0.000185384
-0.000165214
-0.000146024
-0.000127769
-0.000110618
-9.44393e-05
-7.92933e-05
-6.56868e-05
-5.0967e-05
-4.35972e-05
-1.74577e-05
-4.23681e-05
7.05461e-05
-0.00016078
0.0862466
0.0860806
0.0854671
0.0838936
0.0802307
0.0724492
0.0572131
0.028682
-0.0173395
-0.0904389
-0.158353
-0.191253
-0.218013
-0.230387
-0.221593
-0.193526
-0.152489
-0.110262
-0.0789961
-0.067658
-0.0793956
-0.103043
-0.116221
-0.10753
-0.0833661
-0.0550996
-0.030005
-0.010093
0.00565893
0.0182501
0.0269711
0.0308659
0.0291147
0.0183785
-0.00483781
-0.0412689
-0.0747206
-0.0805095
-0.0580331
-0.0297337
-0.0099196
0.00124717
0.00695116
0.00887576
0.00778777
0.00623076
0.005881
0.00326884
-0.00766026
-0.0300258
-0.0608897
-0.0909186
-0.106342
-0.0976543
-0.0677689
-0.0318075
-0.00336694
0.0136078
0.0213948
0.0236465
0.0226988
0.0181494
0.0081857
-0.00846117
-0.0318264
-0.0600848
-0.0882624
-0.108026
-0.111132
-0.0958115
-0.0691623
-0.0424423
-0.0228418
-0.0110958
-0.00467909
-0.00112896
0.000943153
0.00215633
0.00266745
0.00236835
0.00112444
-0.00106152
-0.00402485
-0.00732152
-0.0101858
-0.0118297
-0.0119492
-0.0108644
-0.00919497
-0.00746493
-0.00594769
-0.00471849
-0.00376558
-0.00306202
-0.0025832
-0.00229906
-0.00216829
-0.00214807
-0.00220274
-0.00230444
-0.00242977
-0.00255619
-0.00266187
-0.00272809
-0.0027425
-0.00270151
-0.00260998
-0.00247913
-0.00232316
-0.00215624
-0.0019904
-0.00183454
-0.00169436
-0.00157261
-0.00146968
-0.0013842
-0.00131368
-0.00125507
-0.00120519
-0.00116106
-0.00112012
-0.00108032
-0.00104018
-0.000998759
-0.00095563
-0.000910793
-0.000864573
-0.000817516
-0.000770278
-0.00072353
-0.000677879
-0.000633821
-0.000591708
-0.000551747
-0.000514008
-0.000478452
-0.000444957
-0.000413353
-0.000383443
-0.000355034
-0.000327948
-0.000302038
-0.000277189
-0.000253324
-0.000230394
-0.000208384
-0.000187289
-0.000167143
-0.000147924
-0.000129775
-0.000112419
-9.65946e-05
-8.05103e-05
-6.83923e-05
-4.99154e-05
-4.89665e-05
-8.36428e-06
-5.95198e-05
0.000106317
-0.000223594
0.0814317
0.0809923
0.0794685
0.0765935
0.0712537
0.0616201
0.045151
0.017443
-0.0233302
-0.0821083
-0.138276
-0.169903
-0.193789
-0.204853
-0.198998
-0.177912
-0.146265
-0.113144
-0.0877151
-0.0764073
-0.0810787
-0.0939671
-0.100073
-0.091299
-0.0713402
-0.0477537
-0.0258516
-0.00747985
0.00769134
0.0205233
0.0310328
0.0377327
0.0380813
0.0278259
0.00378873
-0.0295273
-0.0550607
-0.0562007
-0.0375549
-0.0162376
-0.00110735
0.00807543
0.0134622
0.0161501
0.0163037
0.0154635
0.0152555
0.013079
0.00363099
-0.0165149
-0.0449924
-0.0730134
-0.0876788
-0.0802269
-0.0534009
-0.0211144
0.00429041
0.0194948
0.0265872
0.0285711
0.0274232
0.0229414
0.0134603
-0.0025173
-0.0253844
-0.0533589
-0.0813175
-0.100908
-0.104116
-0.0893892
-0.0638748
-0.0385643
-0.0202479
-0.00942743
-0.00360782
-0.000441659
0.00138415
0.00243841
0.00284637
0.00248161
0.00118729
-0.00101616
-0.00386629
-0.00683523
-0.00922668
-0.0104865
-0.0105132
-0.00963016
-0.00831
-0.00693277
-0.00569845
-0.00467099
-0.00385201
-0.00322817
-0.00278407
-0.00249909
-0.00234361
-0.0022862
-0.00229877
-0.00235776
-0.00244235
-0.00253234
-0.00260842
-0.00265432
-0.00265912
-0.00261893
-0.00253704
-0.00242195
-0.00228474
-0.00213672
-0.00198773
-0.00184535
-0.00171467
-0.00159845
-0.00149753
-0.00141126
-0.00133795
-0.00127533
-0.00122093
-0.0011723
-0.00112728
-0.00108409
-0.00104138
-0.000998241
-0.000954199
-0.000909141
-0.000863246
-0.000816893
-0.000770572
-0.000724806
-0.000680079
-0.000636797
-0.000595262
-0.00055566
-0.000518072
-0.000482487
-0.000448823
-0.000416954
-0.000386727
-0.000357988
-0.00033059
-0.000304405
-0.000279334
-0.000255304
-0.000232262
-0.000210194
-0.000189066
-0.000168941
-0.000149698
-0.000131638
-0.000114112
-9.85723e-05
-8.17298e-05
-7.07645e-05
-4.94265e-05
-5.31799e-05
-2.5067e-06
-7.11385e-05
0.000126371
-0.000257558
0.0767962
0.0761272
0.0738418
0.0699185
0.0633056
0.0524178
0.035371
0.00895397
-0.0273979
-0.075805
-0.12278
-0.152601
-0.174655
-0.18533
-0.18183
-0.165641
-0.140857
-0.114422
-0.0932378
-0.0821187
-0.0821609
-0.0878097
-0.0888802
-0.0797223
-0.0625045
-0.0422763
-0.0229058
-0.00598389
0.00847011
0.0209021
0.0315399
0.0391008
0.0404385
0.031363
0.0100564
-0.0169015
-0.0347207
-0.0340173
-0.0205842
-0.00537942
0.00609111
0.0137055
0.0187156
0.0218926
0.0231753
0.0232124
0.0233292
0.0216761
0.0138783
-0.0035447
-0.0289866
-0.0545364
-0.0683286
-0.0623168
-0.0390314
-0.0110074
0.0108842
0.0240309
0.0303482
0.032174
0.0309777
0.0266837
0.0178644
0.00296304
-0.0187176
-0.0455815
-0.0725626
-0.0914817
-0.0947068
-0.0809417
-0.057245
-0.0340442
-0.0174975
-0.00784324
-0.00270673
4.7328e-05
0.00159922
0.0024528
0.00272626
0.00231763
0.0010941
-0.000916012
-0.0034415
-0.00598851
-0.00798865
-0.00904971
-0.00914205
-0.00851859
-0.00752932
-0.00645724
-0.00546182
-0.00460607
-0.00390385
-0.00335245
-0.00294376
-0.00266424
-0.00249313
-0.00240751
-0.00238568
-0.00240832
-0.00245744
-0.00251541
-0.00256545
-0.00259341
-0.00258949
-0.00254951
-0.00247531
-0.00237304
-0.00225122
-0.00211884
-0.00198397
-0.00185306
-0.00173067
-0.00161953
-0.00152076
-0.00143423
-0.0013589
-0.00129314
-0.00123503
-0.00118263
-0.00113413
-0.00108799
-0.00104299
-0.000998287
-0.000953368
-0.000908037
-0.000862351
-0.000816547
-0.000770972
-0.000726018
-0.000682065
-0.000639443
-0.000598407
-0.000559124
-0.000521679
-0.000486084
-0.000452289
-0.000420204
-0.000389714
-0.000360697
-0.000333031
-0.000306611
-0.000281345
-0.000257168
-0.000234024
-0.0002119
-0.000190738
-0.000170622
-0.000151352
-0.000133355
-0.000115689
-0.000100352
-8.2937e-05
-7.27647e-05
-4.94596e-05
-5.62066e-05
4.33105e-07
-7.76184e-05
0.000133446
-0.000267764
0.0724308
0.0715747
0.0686665
0.0639219
0.056368
0.0446816
0.0274921
0.00254202
-0.0300779
-0.0708485
-0.11076
-0.138338
-0.158453
-0.168537
-0.166821
-0.154753
-0.135507
-0.114372
-0.0966465
-0.0858896
-0.0827747
-0.0834614
-0.0810176
-0.0714677
-0.056077
-0.0382714
-0.0208952
-0.00528704
0.00836437
0.0202212
0.0303518
0.0377887
0.0398024
0.0329988
0.0167608
-0.00324678
-0.0162522
-0.0165172
-0.00778463
0.00298449
0.0118518
0.018258
0.0228466
0.0262365
0.0284085
0.0294416
0.0300907
0.029005
0.0227189
0.00806414
-0.0140835
-0.036945
-0.0497818
-0.0451928
-0.0255236
-0.00193275
0.0163255
0.0273388
0.0328376
0.0345802
0.0335093
0.0295332
0.0214745
0.00786064
-0.0121722
-0.0372918
-0.0626956
-0.0805642
-0.0837373
-0.0712107
-0.0498316
-0.0292282
-0.0147512
-0.00638312
-0.00195578
0.000390545
0.001674
0.00232871
0.0024739
0.00204287
0.000942796
-0.000795683
-0.00294351
-0.00509594
-0.00680679
-0.00777697
-0.00797653
-0.00758801
-0.00687125
-0.00604511
-0.00524411
-0.00453135
-0.00392897
-0.00344175
-0.00306706
-0.00279677
-0.00261688
-0.00251098
-0.00246249
-0.00245576
-0.00247555
-0.00250669
-0.00253464
-0.00254701
-0.00253496
-0.00249418
-0.00242532
-0.0023327
-0.00222282
-0.00210282
-0.00197935
-0.00185791
-0.00174257
-0.00163596
-0.00153937
-0.00145305
-0.00137642
-0.00130833
-0.00124736
-0.00119195
-0.0011406
-0.00109199
-0.00104505
-0.000998969
-0.000953228
-0.000907572
-0.000861962
-0.000816526
-0.000771499
-0.000727167
-0.000683825
-0.000641736
-0.000601113
-0.000562106
-0.000524798
-0.000489216
-0.000455332
-0.000423087
-0.000392393
-0.000363154
-0.000335272
-0.000308656
-0.000283225
-0.000258921
-0.000235684
-0.000213504
-0.000192304
-0.000172184
-0.000152884
-0.000134922
-0.000117143
-0.000101926
-8.41138e-05
-7.43899e-05
-4.99349e-05
-5.81302e-05
9.65725e-07
-7.97488e-05
0.000130773
-0.000260219
0.0684096
0.0674038
0.0639977
0.058623
0.0503924
0.038231
0.0211657
-0.00232902
-0.0318318
-0.0669151
-0.101359
-0.126761
-0.145368
-0.155222
-0.155084
-0.146147
-0.131008
-0.113792
-0.0986055
-0.088171
-0.0829633
-0.0802804
-0.0753844
-0.0654891
-0.0513514
-0.0353346
-0.0195486
-0.00510535
0.00772718
0.0189558
0.0284836
0.0355209
0.0380075
0.0335471
0.0218354
0.00707679
-0.00300228
-0.00419734
0.00150731
0.00937298
0.0164073
0.021866
0.026026
0.0294017
0.0321261
0.034106
0.0354651
0.0350169
0.0299617
0.0176666
-0.00142811
-0.0216411
-0.0332978
-0.0298431
-0.0135105
0.0058107
0.0206214
0.0296192
0.0342853
0.0359358
0.0351106
0.0315835
0.0243464
0.0120634
-0.0061442
-0.0291724
-0.052618
-0.0691599
-0.0721843
-0.0610147
-0.0422281
-0.0244685
-0.0121611
-0.00508002
-0.00133595
0.000627837
0.00166375
0.00214249
0.00217936
0.00173778
0.000758206
-0.000730801
-0.00254773
-0.00437386
-0.0058595
-0.0067658
-0.00705053
-0.00684075
-0.00633114
-0.00569533
-0.00504892
-0.00445317
-0.00393478
-0.0035033
-0.00316007
-0.00290103
-0.00271725
-0.00259723
-0.00252862
-0.00249888
-0.00249521
-0.00250456
-0.00251426
-0.00251339
-0.00249391
-0.0024515
-0.00238596
-0.00230024
-0.00219929
-0.00208882
-0.00197432
-0.00186053
-0.00175105
-0.00164838
-0.00155389
-0.00146808
-0.00139071
-0.00132101
-0.00125791
-0.00120018
-0.00114659
-0.00109599
-0.00104743
-0.00100016
-0.000953663
-0.000907649
-0.00086201
-0.000816791
-0.000772139
-0.000728259
-0.000685375
-0.000643697
-0.000603403
-0.000564624
-0.00052744
-0.000491884
-0.000457948
-0.00042559
-0.000394745
-0.000365338
-0.000337286
-0.000310514
-0.000284949
-0.000260537
-0.000237218
-0.000214984
-0.000193743
-0.000173608
-0.000154274
-0.000136318
-0.000118453
-0.000103277
-8.52246e-05
-7.56464e-05
-5.07296e-05
-5.90915e-05
-2.95203e-07
-7.84915e-05
0.000121504
-0.000240724
0.0647915
0.0636691
0.0598733
0.0540267
0.0453243
0.0329138
0.0161246
-0.00602245
-0.0329468
-0.0637465
-0.0939709
-0.117365
-0.134622
-0.144172
-0.145165
-0.138629
-0.126696
-0.112592
-0.0994864
-0.0894773
-0.0829339
-0.0779792
-0.0713806
-0.0612043
-0.0479285
-0.0332283
-0.0186953
-0.00524828
0.00681759
0.0174218
0.0263943
0.0330272
0.0357748
0.0329099
0.0243738
0.0134366
0.00568224
0.00429384
0.00822704
0.0142122
0.0199484
0.024664
0.0284278
0.0316512
0.0345992
0.0372491
0.0393469
0.0396266
0.0355915
0.0250089
0.00830148
-0.00944915
-0.019584
-0.0166963
-0.00334204
0.0120846
0.0238615
0.0311042
0.0349653
0.0364472
0.0358715
0.0328781
0.0265066
0.0155034
-0.000959224
-0.0218924
-0.0432591
-0.0582611
-0.0609613
-0.0510991
-0.03498
-0.020076
-0.00984876
-0.00395484
-0.000828758
0.000791376
0.00160807
0.00193849
0.00188964
0.00144492
0.000565237
-0.000724408
-0.00228027
-0.00385032
-0.00515586
-0.00600109
-0.00633772
-0.00625314
-0.00589504
-0.00540342
-0.004878
-0.00437657
-0.00392763
-0.00354359
-0.00322849
-0.00298132
-0.00279691
-0.00266756
-0.0025842
-0.00253687
-0.00251484
-0.00250684
-0.00250177
-0.00248987
-0.0024638
-0.0024193
-0.00235559
-0.00227462
-0.00218019
-0.00207689
-0.00196934
-0.0018616
-0.0017569
-0.00165756
-0.00156501
-0.00147987
-0.00140216
-0.00133139
-0.00126676
-0.0012073
-0.00115197
-0.0010998
-0.00104993
-0.00100166
-0.000954497
-0.000908121
-0.000862381
-0.000817262
-0.000772847
-0.000729278
-0.000686724
-0.000645354
-0.000605315
-0.00056672
-0.000529644
-0.000494124
-0.000460162
-0.000427729
-0.000396777
-0.000367246
-0.000339066
-0.000312172
-0.000286499
-0.000261998
-0.000238608
-0.000216322
-0.000195041
-0.00017488
-0.000155512
-0.000137541
-0.000119612
-0.000104415
-8.62517e-05
-7.65798e-05
-5.17331e-05
-5.92999e-05
-2.76108e-06
-7.4882e-05
0.000108368
-0.000214353
0.0616226
0.060411
0.056317
0.0501249
0.0411046
0.0285925
0.0121463
-0.00881513
-0.0336404
-0.0612071
-0.0881928
-0.10986
-0.12603
-0.135402
-0.13734
-0.132683
-0.123176
-0.111378
-0.0998092
-0.0901425
-0.0827084
-0.0762191
-0.0684561
-0.0580815
-0.0454251
-0.0317121
-0.018169
-0.0055579
0.00582773
0.0158627
0.0243468
0.0306483
0.0335527
0.0318147
0.0255444
0.0173355
0.0113818
0.0101593
0.0130818
0.0178469
0.0226598
0.0267917
0.0302051
0.0332239
0.0361655
0.0391259
0.0417515
0.0426973
0.0395688
0.0302776
0.0154469
5.54422e-05
-0.00833387
-0.00578721
0.00483092
0.0169035
0.0261984
0.0320108
0.0351437
0.0363746
0.0359532
0.0334727
0.0279635
0.0181675
0.00325894
-0.0158029
-0.0351559
-0.0484532
-0.0506342
-0.0420342
-0.0285334
-0.0162826
-0.00789128
-0.00301599
-0.000419384
0.000903662
0.00153254
0.00174103
0.00162689
0.00118412
0.000384285
-0.000751998
-0.00210886
-0.00348247
-0.00464533
-0.00543341
-0.00579732
-0.00579744
-0.0055481
-0.00516411
-0.00473201
-0.00430536
-0.00391283
-0.0035683
-0.00327763
-0.00304198
-0.00285895
-0.00272371
-0.00262977
-0.00256924
-0.00253312
-0.00251159
-0.00249478
-0.0024739
-0.00244217
-0.00239544
-0.00233255
-0.00225475
-0.00216497
-0.00206699
-0.00196471
-0.00186168
-0.00176079
-0.00166422
-0.00157336
-0.00148895
-0.00141117
-0.00133973
-0.00127403
-0.0012133
-0.00115666
-0.00110327
-0.00105236
-0.00100328
-0.000955541
-0.000908823
-0.000862945
-0.000817849
-0.00077357
-0.000730205
-0.000687882
-0.000646734
-0.000606885
-0.000568434
-0.000531448
-0.000495966
-0.000461994
-0.000429514
-0.000398489
-0.000368868
-0.000340594
-0.000313608
-0.00028785
-0.000263277
-0.000239827
-0.000217493
-0.000196172
-0.000175981
-0.000156578
-0.000138576
-0.000120604
-0.00010534
-8.71619e-05
-7.72279e-05
-5.28164e-05
-5.89589e-05
-5.8682e-06
-6.98764e-05
9.36154e-05
-0.000185218
0.0589378
0.05766
0.0533435
0.046905
0.0376788
0.0251552
0.00906076
-0.0109017
-0.0340543
-0.0591921
-0.0837193
-0.103952
-0.119227
-0.128416
-0.131026
-0.127759
-0.120076
-0.110047
-0.0997001
-0.0903905
-0.082426
-0.0749314
-0.0663817
-0.0558645
-0.0436429
-0.0306552
-0.0178742
-0.00593835
0.00487608
0.0144274
0.0225067
0.0285518
0.031578
0.0306651
0.0260212
0.0197717
0.0151782
0.0142141
0.016558
0.0205315
0.0246941
0.0283748
0.0314879
0.0343013
0.0371336
0.0401534
0.0430265
0.0444229
0.0420529
0.0339966
0.0210264
0.00786278
0.000856587
0.00277557
0.0109754
0.0204075
0.0278169
0.0325186
0.0350348
0.0359813
0.0356059
0.0335303
0.0287887
0.0200973
0.00660348
-0.0107455
-0.028162
-0.0397824
-0.0415195
-0.0342813
-0.0232101
-0.0132181
-0.00631739
-0.00225952
-9.45947e-05
0.000981557
0.00145505
0.00156606
0.00140314
0.000964718
0.000227243
-0.000793096
-0.00200074
-0.00322627
-0.00427879
-0.00501727
-0.00539334
-0.00544973
-0.00527742
-0.00497258
-0.00461118
-0.00424257
-0.00389474
-0.0035822
-0.00331197
-0.00308673
-0.0029061
-0.00276738
-0.00266604
-0.00259584
-0.00254913
-0.00251725
-0.00249134
-0.00246334
-0.00242693
-0.00237809
-0.00231542
-0.00223966
-0.00215315
-0.00205903
-0.00196068
-0.00186123
-0.00176332
-0.00166896
-0.00157953
-0.00149582
-0.00141811
-0.00134626
-0.00127984
-0.0012182
-0.0011606
-0.00110629
-0.00105457
-0.00100484
-0.000956635
-0.000909616
-0.00086359
-0.00081847
-0.00077426
-0.000731023
-0.000688854
-0.000647863
-0.000608152
-0.00056981
-0.000532896
-0.000497449
-0.000463478
-0.00043097
-0.000399896
-0.000370213
-0.000341871
-0.000314816
-0.000288994
-0.000264364
-0.000240864
-0.000218489
-0.000197132
-0.000176909
-0.000157476
-0.000139436
-0.000121436
-0.000106079
-8.79518e-05
-7.7663e-05
-5.38921e-05
-5.83038e-05
-9.16589e-06
-6.43647e-05
7.89744e-05
-0.000156573
0.0567633
0.0554378
0.0509607
0.0443521
0.0349985
0.0225096
0.0067348
-0.0124269
-0.0342915
-0.0576413
-0.0803486
-0.099453
-0.114039
-0.123099
-0.126228
-0.124006
-0.117667
-0.108927
-0.0994668
-0.090429
-0.0821223
-0.0739606
-0.0648872
-0.0542809
-0.0423741
-0.0299195
-0.0177157
-0.00630816
0.0040486
0.0132114
0.0209729
0.0268277
0.0299518
0.0296389
0.0261482
0.0212808
0.0176792
0.0169775
0.0190039
0.0224707
0.0261815
0.0295215
0.0323873
0.0350166
0.0377238
0.040701
0.043645
0.045304
0.043542
0.0366398
0.0253714
0.0139472
0.00772217
0.00888581
0.0152707
0.0228405
0.0289045
0.032772
0.0347938
0.0354831
0.0350934
0.0333028
0.0291822
0.0214446
0.00923966
-0.00649598
-0.0221459
-0.0324556
-0.0341193
-0.0282413
-0.0191698
-0.0109049
-0.00511651
-0.00167503
0.000154645
0.00103466
0.00138513
0.00142113
0.00122276
0.000789406
9.92733e-05
-0.000835465
-0.00193382
-0.00305046
-0.00401994
-0.00471815
-0.00509822
-0.00519126
-0.00507237
-0.00482439
-0.0045151
-0.0041902
-0.00387663
-0.00358907
-0.0033352
-0.00311879
-0.00294085
-0.00280025
-0.0026939
-0.0026168
-0.00256236
-0.00252282
-0.00249006
-0.0024566
-0.00241648
-0.0023658
-0.00230301
-0.00222853
-0.00214424
-0.00205286
-0.00195736
-0.00186056
-0.00176489
-0.00167224
-0.00158396
-0.00150086
-0.00142329
-0.00135122
-0.00128432
-0.00122205
-0.00116376
-0.00110878
-0.00105646
-0.00100623
-0.000957649
-0.000910379
-0.000864214
-0.00081905
-0.000774866
-0.000731703
-0.000689634
-0.000648749
-0.000609137
-0.000570873
-0.000534015
-0.000498598
-0.000464631
-0.000432108
-0.000401003
-0.000371278
-0.000342887
-0.000315782
-0.000289913
-0.000265238
-0.000241699
-0.000219289
-0.000197902
-0.000177648
-0.000158189
-0.000140107
-0.000122092
-0.000106635
-8.85898e-05
-7.7922e-05
-5.48504e-05
-5.75095e-05
-1.22426e-05
-5.90531e-05
6.58001e-05
-0.000130862
0.0551179
0.0537597
0.0491723
0.0424518
0.0330239
0.0205854
0.00507058
-0.0134914
-0.0344185
-0.0565089
-0.0779304
-0.0962005
-0.110277
-0.119231
-0.122708
-0.121207
-0.115804
-0.107975
-0.0991586
-0.0903508
-0.081859
-0.0732866
-0.0638816
-0.0532195
-0.0415257
-0.02944
-0.0176471
-0.00662538
0.00339113
0.0122652
0.019795
0.0255181
0.0287175
0.0288225
0.0261188
0.0221916
0.019282
0.0187996
0.0206566
0.0238075
0.0272162
0.0303123
0.0329886
0.0354683
0.0380667
0.0409838
0.0439318
0.0457295
0.0443803
0.0383021
0.0282249
0.0179706
0.0122304
0.0128881
0.0181075
0.0244616
0.0296097
0.0328772
0.0345268
0.0350168
0.0345998
0.0329997
0.0293321
0.0223321
0.0111657
-0.00327031
-0.0175913
-0.0270656
-0.0288645
-0.0240363
-0.0163652
-0.00927872
-0.00425442
-0.00124828
0.00033645
0.00107025
0.00132936
0.00131092
0.00108801
0.000659335
3.32595e-06
-0.000871129
-0.00189308
-0.00293341
-0.00384403
-0.00451202
-0.00489215
-0.00500837
-0.00492523
-0.00471639
-0.00444371
-0.00415
-0.00386122
-0.00359196
-0.00335031
-0.00314071
-0.00296518
-0.00282364
-0.00271401
-0.00263222
-0.00257241
-0.00252747
-0.00248983
-0.00245243
-0.00240957
-0.00235746
-0.00229444
-0.00222072
-0.0021379
-0.00204838
-0.00195485
-0.00185992
-0.00176585
-0.00167444
-0.00158701
-0.00150439
-0.00142698
-0.00135479
-0.00128758
-0.00122489
-0.00116613
-0.00111068
-0.00105793
-0.00100734
-0.000958484
-0.000911023
-0.000864745
-0.000819535
-0.000775358
-0.000732236
-0.000690228
-0.000649412
-0.000609866
-0.000571657
-0.000534839
-0.000499444
-0.000465484
-0.000432953
-0.000401828
-0.000372075
-0.000343652
-0.000316513
-0.00029061
-0.000265903
-0.000242336
-0.0002199
-0.000198489
-0.000178211
-0.000158732
-0.000140615
-0.000122592
-0.000107046
-8.90896e-05
-7.80826e-05
-5.56471e-05
-5.67782e-05
-1.4828e-05
-5.4573e-05
5.50464e-05
-0.00010996
0.0540144
0.052636
0.0479799
0.0411922
0.0317246
0.0193306
0.00399778
-0.0141657
-0.0344816
-0.055769
-0.0763696
-0.0940918
-0.107836
-0.116722
-0.120427
-0.119391
-0.114587
-0.107335
-0.0989255
-0.0902648
-0.0816644
-0.0728464
-0.0632434
-0.0525511
-0.0409938
-0.0291448
-0.0176187
-0.00685128
0.00293914
0.0116218
0.0190001
0.0246399
0.0278899
0.0282591
0.0260458
0.0227029
0.0202321
0.0199069
0.0216814
0.024649
0.0278708
0.0308081
0.0333555
0.0357302
0.0382494
0.0411164
0.0440494
0.0459103
0.044787
0.0391857
0.0298291
0.0203033
0.0148906
0.0152894
0.0198334
0.0254567
0.0300318
0.0329082
0.0343082
0.0346638
0.0342256
0.0327428
0.0293602
0.0228287
0.0123209
-0.00130002
-0.0147945
-0.0237562
-0.025634
-0.0214389
-0.0146129
-0.00824551
-0.00369783
-0.000970918
0.000452985
0.00109001
0.0012892
0.00123582
0.000997799
0.000572759
-6.10761e-05
-0.000897048
-0.00187047
-0.00286215
-0.00373476
-0.00438244
-0.0047613
-0.00489102
-0.00482981
-0.00464555
-0.00439624
-0.0041227
-0.00385009
-0.00359288
-0.00335937
-0.00315444
-0.0029807
-0.00283874
-0.00272716
-0.00264244
-0.00257923
-0.00253083
-0.00249004
-0.00245006
-0.00240538
-0.00235227
-0.00228902
-0.00221573
-0.00213379
-0.00204542
-0.00195314
-0.0018594
-0.00176637
-0.00167578
-0.00158893
-0.00150664
-0.00142934
-0.00135711
-0.00128972
-0.00122677
-0.00116771
-0.00111196
-0.00105893
-0.00100812
-0.000959072
-0.00091148
-0.000865121
-0.000819874
-0.000775693
-0.000732592
-0.000690621
-0.000649846
-0.000610341
-0.000572167
-0.000535375
-0.000499995
-0.000466041
-0.000433506
-0.000402369
-0.000372599
-0.000344155
-0.000316995
-0.00029107
-0.000266342
-0.000242755
-0.0002203
-0.000198873
-0.000178577
-0.000159084
-0.000140939
-0.000122914
-0.000107299
-8.9414e-05
-7.81521e-05
-5.61942e-05
-5.61998e-05
-1.66597e-05
-5.13173e-05
4.74712e-05
-9.51852e-05
0.0534606
0.0520728
0.0473834
0.0405647
0.03108
0.0187116
0.00347252
-0.014492
-0.0345062
-0.0554024
-0.075603
-0.0930535
-0.106632
-0.115484
-0.119296
-0.118482
-0.113967
-0.106995
-0.0987866
-0.090204
-0.0815604
-0.0726328
-0.0629399
-0.0522348
-0.0407434
-0.0290091
-0.017614
-0.00697268
0.00270503
0.0112931
0.018598
0.0241994
0.0274766
0.0279757
0.0259994
0.0229372
0.0206782
0.0204324
0.0221721
0.0250542
0.028186
0.0310443
0.0335256
0.035845
0.0383221
0.0411616
0.0440831
0.0459672
0.0449464
0.0395747
0.0305658
0.0213869
0.0161331
0.0164204
0.0206521
0.0259298
0.0302275
0.0329099
0.0341838
0.0344709
0.0340214
0.0325947
0.0293476
0.0230379
0.0128411
-0.000391615
-0.0134889
-0.0222017
-0.0241043
-0.0202025
-0.0137718
-0.00774439
-0.00342557
-0.000835089
0.00050913
0.00109798
0.00126754
0.00119721
0.000952308
0.00052961
-9.28695e-05
-0.000909726
-0.00185934
-0.0028273
-0.00368137
-0.00431918
-0.00469739
-0.00483363
-0.00478308
-0.00461084
-0.00437301
-0.00410937
-0.00384472
-0.00359344
-0.00336392
-0.00316126
-0.00298837
-0.0028462
-0.00273363
-0.00264745
-0.00258255
-0.00253245
-0.00249011
-0.00244887
-0.0024033
-0.00234971
-0.00228636
-0.00221329
-0.00213179
-0.002044
-0.00195234
-0.00185918
-0.00176666
-0.00167647
-0.00158989
-0.00150776
-0.00143052
-0.00135826
-0.00129078
-0.00122769
-0.00116849
-0.00111259
-0.00105943
-0.0010085
-0.000959367
-0.000911712
-0.000865315
-0.000820051
-0.00077587
-0.00073278
-0.000690826
-0.000650072
-0.000610587
-0.00057243
-0.00053565
-0.000500278
-0.000466326
-0.000433788
-0.000402646
-0.000372868
-0.000344414
-0.000317243
-0.000291308
-0.00026657
-0.000242974
-0.000220511
-0.000199077
-0.000178773
-0.000159274
-0.000141117
-0.000123091
-0.000107443
-8.95975e-05
-7.82069e-05
-5.64975e-05
-5.59286e-05
-1.76292e-05
-4.96815e-05
4.35274e-05
-8.75394e-05
-0.48322
-0.253152
-0.144412
-0.48322
-0.253152
-0.361929
-0.367587
-0.456939
-0.361929
-0.367586
0.12812
0.417189
0.313346
0.335614
0.12812
0.417189
0.313346
-0.114138
-0.356666
-0.356665
-0.337825
-0.341634
-0.341409
-0.346508
-0.337825
-0.341634
-0.341409
0.489581
0.433026
0.489581
-0.343133
-0.350781
-0.343133
-0.350781
0.427486
0.488788
0.427486
-0.354424
-0.364562
-0.354424
-0.364562
0.29586
0.325361
0.106643
0.409507
0.295861
0.325361
0.106643
-0.143683
-0.143683
-0.388933
-0.388932
-0.369957
-0.379269
-0.372829
-0.371602
-0.369957
-0.379268
-0.372829
-0.171511
-0.524248
-0.285596
-0.171511
-0.524248
-0.401154
-0.498125
-0.394454
-0.401154
-0.498124
-0.394453
-0.299553
-0.171167
-0.370349
-0.124889
-0.299553
-0.171166
-0.370349
-0.334543
-0.434839
-0.354312
-0.35352
-0.334544
-0.434837
-0.354313
0.105892
0.267521
0.111551
0.196726
0.105892
0.267521
0.111551
-0.442006
-0.457778
-0.429495
-0.4816
-0.430315
-0.48188
-0.44183
-0.329946
-0.347356
-0.339258
-0.344396
-0.329946
-0.347355
-0.339258
-0.106827
-0.342646
-0.346692
-0.341825
-0.347417
-0.341856
-0.347386
-0.342661
-0.342433
-0.342327
-0.342283
-0.342475
-0.356119
-0.351443
-0.351363
-0.356214
-0.371772
-0.36972
-0.365913
-0.377563
-0.365826
-0.379082
-0.371464
0.0904286
0.183309
0.0868307
0.255583
0.0904286
0.183309
0.0868308
-0.420091
-0.2832
-0.196367
-0.198743
-0.423371
-0.377797
-0.37602
-0.371674
-0.380926
-0.377797
-0.37602
-0.371674
-0.406006
-0.149552
-0.332645
-0.198687
-0.406007
-0.149552
-0.332645
-0.389041
-0.389691
-0.370586
-0.474326
-0.389041
-0.389691
-0.370586
-0.38023
-0.484839
-0.368685
-0.505822
-0.369691
-0.507032
-0.379437
-0.382347
-0.250802
-0.16666
-0.168938
-0.385502
-0.380231
-0.484838
-0.368686
-0.505821
-0.369692
-0.507031
-0.379439
-0.382347
-0.250802
-0.16666
-0.168938
-0.385502
-0.381962
-0.367584
-0.365723
-0.365852
-0.382192
-0.442005
-0.457777
-0.429494
-0.4816
-0.430314
-0.481879
-0.44183
-0.381962
-0.367584
-0.365723
-0.365852
-0.382192
0.331896
0.126719
0.265063
0.112903
0.264375
0.111103
0.333515
0.379301
0.332351
0.206315
0.438832
0.177521
0.442854
0.381882
0.331896
0.126719
0.265063
0.112903
0.264376
0.111103
0.333515
0.379301
0.332352
0.206315
0.438832
0.177521
0.442854
0.381882
-0.106827
-0.356619
-0.356619
-0.342379
-0.340863
-0.344242
-0.341996
-0.34482
-0.341957
-0.342322
-0.342645
-0.346692
-0.341825
-0.347417
-0.341856
-0.347386
-0.342661
-0.342379
-0.340862
-0.344242
-0.341996
-0.34482
-0.341957
-0.342322
0.534499
0.467935
0.471048
0.532473
0.571785
0.591092
0.592194
0.570383
0.534499
0.467934
0.471048
0.532473
0.571785
0.591092
0.592194
0.570383
-0.344301
-0.347356
-0.347284
-0.344359
-0.342433
-0.342327
-0.342283
-0.342475
-0.344301
-0.347356
-0.347284
-0.344359
0.567275
0.589559
0.590673
0.565833
0.527265
0.457691
0.460918
0.52516
0.567275
0.589559
0.590673
0.565833
0.527265
0.457691
0.460918
0.52516
-0.360645
-0.367031
-0.366922
-0.360757
-0.356119
-0.351443
-0.351363
-0.356214
-0.360645
-0.367031
-0.366922
-0.360757
0.366687
0.315473
0.427644
0.186425
0.431809
0.156569
0.369371
0.318158
0.105296
0.0906692
0.249786
0.0887895
0.249051
0.319871
0.366687
0.315473
0.427644
0.186425
0.431809
0.156569
0.369371
0.318158
0.105296
0.0906695
0.249786
0.0887898
0.249052
0.319871
-0.136127
-0.136127
-0.388967
-0.388967
-0.373342
-0.37974
-0.382411
-0.372139
-0.382383
-0.372229
-0.373284
-0.371772
-0.36972
-0.365912
-0.377563
-0.365826
-0.379082
-0.371464
-0.373342
-0.379739
-0.382411
-0.372139
-0.382383
-0.372229
-0.373284
-0.41805
-0.52597
-0.548085
-0.405481
-0.549361
-0.406543
-0.417236
-0.420091
-0.2832
-0.196367
-0.198743
-0.42337
-0.418052
-0.525969
-0.548085
-0.405483
-0.549361
-0.406544
-0.417238
-0.416584
-0.401177
-0.398333
-0.39854
-0.41677
-0.480577
-0.499035
-0.523555
-0.467275
-0.523878
-0.468177
-0.480353
-0.416584
-0.401176
-0.398332
-0.39854
-0.416769
-0.480577
-0.499034
-0.523554
-0.467276
-0.523877
-0.468177
-0.480353
-0.380665
-0.145307
-0.333395
-0.162856
-0.333272
-0.164964
-0.381575
0.330103
0.304202
0.372357
0.277599
0.330103
0.304202
0.372357
-0.324563
-0.33962
-0.342252
-0.335492
-0.324563
-0.33962
-0.342252
0.404176
0.330834
0.420505
0.32141
0.404176
0.330834
0.420505
0.534062
0.434281
0.508743
0.46795
0.510243
0.469046
0.532806
-0.345057
-0.351421
-0.358247
-0.345488
-0.345057
-0.35142
-0.358247
0.419422
0.318882
0.401035
0.330011
0.419422
0.318882
0.401036
0.553241
0.489898
0.563442
0.479374
0.564624
0.480521
0.552032
-0.370993
-0.369792
-0.379728
-0.361171
-0.370993
-0.369792
-0.379728
0.367167
0.272041
0.323137
0.300199
0.367167
0.272041
0.323137
-0.400836
-0.388107
-0.399802
-0.381685
-0.400836
-0.388107
-0.399802
-0.381156
-0.375409
-0.381686
-0.375475
-0.381927
-0.370027
-0.369902
-0.380664
-0.145307
-0.333395
-0.162856
-0.333272
-0.164963
-0.381575
-0.38479
-0.362204
-0.374996
-0.373538
-0.375444
-0.373653
-0.384813
-0.38479
-0.362203
-0.374996
-0.373538
-0.375444
-0.373653
-0.384813
0.555873
0.490689
0.481819
0.564337
0.482957
0.565518
0.554668
0.534062
0.434281
0.508743
0.46795
0.510243
0.469046
0.532806
0.555873
0.490689
0.481819
0.564337
0.482957
0.565518
0.554668
-0.3436
-0.343101
-0.341936
-0.345721
-0.341885
-0.345684
-0.343668
-0.345672
-0.350727
-0.347809
-0.348451
-0.347764
-0.348389
-0.345732
-0.3436
-0.343101
-0.341936
-0.345721
-0.341885
-0.345684
-0.343668
-0.345672
-0.350727
-0.347809
-0.348451
-0.347763
-0.348389
-0.345732
0.529736
0.428759
0.464052
0.502896
0.465161
0.504407
0.528474
0.553241
0.489898
0.563442
0.479374
0.564624
0.480521
0.552033
0.529736
0.42876
0.464052
0.502896
0.465161
0.504407
0.528474
-0.35554
-0.354363
-0.351947
-0.357682
-0.351875
-0.357616
-0.355631
-0.359442
-0.364479
-0.361627
-0.363046
-0.361559
-0.362883
-0.359569
-0.35554
-0.354363
-0.351947
-0.357682
-0.351875
-0.357616
-0.355631
-0.359442
-0.364479
-0.361627
-0.363046
-0.361559
-0.362883
-0.359569
-0.417931
-0.172461
-0.191414
-0.367793
-0.193629
-0.367688
-0.418876
-0.41793
-0.172461
-0.191414
-0.367793
-0.193628
-0.367688
-0.418876
-0.419698
-0.394779
-0.407245
-0.409504
-0.407395
-0.41001
-0.419677
-0.419698
-0.394779
-0.407245
-0.409503
-0.407395
-0.41001
-0.419677
0.106178
0.0946493
0.213776
0.0904098
0.213046
0.158206
0.158766
0.106178
0.0946493
0.213776
0.0904098
0.213046
0.158206
0.158766
-0.347475
-0.348909
-0.343938
-0.349014
-0.343954
-0.339764
-0.339703
-0.347475
-0.348909
-0.343938
-0.349014
-0.343953
-0.339764
-0.339703
0.0848992
0.197327
0.0734346
0.196557
0.0690509
0.140824
0.141415
0.0848994
0.197327
0.0734346
0.196557
0.0690511
0.140824
0.141415
-0.381156
-0.375409
-0.381686
-0.375475
-0.381927
-0.370026
-0.369902
0.0622122
0.15342
0.0791065
0.10623
0.0622122
0.15342
0.0791064
-0.300715
-0.332801
-0.348338
-0.316824
-0.300715
-0.3328
-0.348338
0.253607
0.253308
0.286837
0.21661
0.253607
0.253308
0.286837
-0.307677
-0.330508
-0.328279
-0.326555
-0.307677
-0.330508
-0.328279
0.278444
0.208667
0.243955
0.246488
0.278444
0.208667
0.243955
-0.422046
-0.396542
-0.409905
-0.397517
-0.422046
-0.396542
-0.409905
0.0601545
0.0912428
0.0431707
0.138895
0.0601545
0.0912428
0.0431707
-0.3956
-0.355373
-0.353678
-0.365951
-0.3956
-0.355372
-0.353678
)
;

boundaryField
{
    inlet
    {
        type            zeroGradient;
    }
    outlet
    {
        type            fixedValue;
        value           uniform 0;
    }
    top
    {
        type            symmetryPlane;
    }
    bottom
    {
        type            symmetryPlane;
    }
    front
    {
        type            symmetryPlane;
    }
    back
    {
        type            symmetryPlane;
    }
    cylinder
    {
        type            zeroGradient;
    }
}


// ************************************************************************* //
