/*--------------------------------*- C++ -*----------------------------------*\
  =========                 |
  \\      /  F ield         | OpenFOAM: The Open Source CFD Toolbox
   \\    /   O peration     | Website:  https://openfoam.org
    \\  /    A nd           | Version:  11
     \\/     M anipulation  |
\*---------------------------------------------------------------------------*/
FoamFile
{
    format      ascii;
    class       volScalarField;
    location    "7.889296";
    object      p;
}
// * * * * * * * * * * * * * * * * * * * * * * * * * * * * * * * * * * * * * //

dimensions      [0 2 -2 0 0 0 0];

internalField   nonuniform List<scalar> 
7132
(
0.0525138
0.0510886
0.0462777
0.0392373
0.0293748
0.0163745
0.000121722
-0.0194306
-0.0418405
-0.0662525
-0.0913988
-0.115556
-0.137824
-0.157415
-0.173854
-0.186995
-0.196784
-0.203198
-0.206143
-0.205433
-0.200877
-0.192457
-0.180521
-0.165874
-0.149708
-0.133398
-0.118303
-0.105585
-0.0960409
-0.0899263
-0.0867757
-0.085364
-0.084003
-0.0811938
-0.0762152
-0.0692477
-0.0610415
-0.0524809
-0.0442965
-0.0369649
-0.0307396
-0.0257357
-0.0219939
-0.0195097
-0.0182106
-0.0179086
-0.0182827
-0.018925
-0.0194468
-0.0195807
-0.0192255
-0.0184227
-0.0172949
-0.015986
-0.0146218
-0.0132948
-0.0120641
-0.0109631
-0.0100073
-0.00920153
-0.00854284
-0.00802238
-0.00762519
-0.00733012
-0.00711091
-0.00693869
-0.00678571
-0.00662891
-0.0064524
-0.00624835
-0.00601601
-0.00575987
-0.00548738
-0.00520704
-0.00492698
-0.00465413
-0.00439382
-0.0041497
-0.00392385
-0.00371696
-0.00352852
-0.00335714
-0.00320079
-0.00305707
-0.00292351
-0.00279777
-0.00267782
-0.00256206
-0.00244937
-0.00233909
-0.00223095
-0.00212497
-0.00202138
-0.00192051
-0.00182272
-0.00172834
-0.00163763
-0.00155076
-0.00146778
-0.00138868
-0.00131336
-0.00124166
-0.00117336
-0.00110826
-0.00104612
-0.000986724
-0.000929885
-0.00087543
-0.000823216
-0.00077313
-0.00072508
-0.000678998
-0.000634829
-0.000592534
-0.000552079
-0.000513437
-0.000476584
-0.000441498
-0.000408155
-0.000376534
-0.00034661
-0.00031836
-0.000291761
-0.000266786
-0.000243412
-0.000221611
-0.000201354
-0.000182603
-0.000165309
-0.0001494
-0.000134775
-0.000121291
-0.000108766
-9.69846e-05
-8.57221e-05
-7.47892e-05
-6.40845e-05
-5.36411e-05
-4.36445e-05
-3.44004e-05
-2.62517e-05
-1.94695e-05
-1.41603e-05
-1.02394e-05
-7.46842e-06
-5.56035e-06
-4.25212e-06
-3.38786e-06
-2.85126e-06
-2.61996e-06
-2.59711e-06
-2.7497e-06
-3.08065e-06
-3.22311e-06
-4.34588e-06
-3.25372e-06
-8.21378e-06
6.13089e-07
-2.24301e-05
2.60752e-05
0.0530824
0.051669
0.0468997
0.0399032
0.0300767
0.0170772
0.000766052
-0.0189407
-0.0415986
-0.066344
-0.0918327
-0.11622
-0.13864
-0.158304
-0.174757
-0.187885
-0.197661
-0.204083
-0.20706
-0.206386
-0.201834
-0.193339
-0.181222
-0.166294
-0.149786
-0.133128
-0.11774
-0.104837
-0.0952567
-0.0892747
-0.0864059
-0.0853551
-0.0843234
-0.0817164
-0.0767797
-0.0697257
-0.0613622
-0.0526251
-0.0442787
-0.0368165
-0.0304988
-0.0254424
-0.0216872
-0.0192266
-0.0179842
-0.0177635
-0.0182285
-0.0189536
-0.0195353
-0.0196997
-0.019348
-0.0185296
-0.0173761
-0.0160385
-0.0146475
-0.013298
-0.0120502
-0.0109374
-0.00997479
-0.00916639
-0.00850862
-0.0079918
-0.00760021
-0.00731189
-0.00709974
-0.0069341
-0.00678656
-0.00663365
-0.00645933
-0.00625588
-0.00602288
-0.0057652
-0.00549073
-0.0052083
-0.00492631
-0.00465187
-0.00439038
-0.00414552
-0.00391935
-0.00371247
-0.00352433
-0.00335344
-0.00319768
-0.00305459
-0.00292162
-0.00279639
-0.00267686
-0.0025614
-0.0024489
-0.00233871
-0.00223058
-0.00212455
-0.00202087
-0.00191991
-0.00182203
-0.00172757
-0.0016368
-0.0015499
-0.00146691
-0.00138783
-0.00131255
-0.00124089
-0.00117265
-0.0011076
-0.00104551
-0.00098617
-0.000929375
-0.000874956
-0.000822772
-0.000772708
-0.000724675
-0.000678605
-0.000634444
-0.000592155
-0.000551703
-0.000513064
-0.000476214
-0.00044113
-0.000407789
-0.00037617
-0.000346248
-0.000317999
-0.000291401
-0.000266427
-0.000243053
-0.000221253
-0.000200998
-0.000182251
-0.000164964
-0.000149067
-0.000134458
-0.000120997
-0.0001085
-9.67498e-05
-8.5519e-05
-7.46147e-05
-6.39324e-05
-5.35034e-05
-4.35137e-05
-3.42721e-05
-2.61257e-05
-1.93502e-05
-1.40549e-05
-1.01544e-05
-7.4067e-06
-5.5196e-06
-4.22519e-06
-3.36526e-06
-2.82378e-06
-2.58221e-06
-2.54579e-06
-2.69056e-06
-3.00836e-06
-3.16496e-06
-4.25924e-06
-3.24873e-06
-8.09066e-06
4.2901e-07
-2.21973e-05
2.54389e-05
0.0542143
0.052826
0.0481419
0.0412379
0.0314887
0.0184973
0.00207459
-0.0179415
-0.0411022
-0.0665331
-0.0927242
-0.117571
-0.140295
-0.160101
-0.176573
-0.189667
-0.199413
-0.205851
-0.208899
-0.208312
-0.20378
-0.195143
-0.182663
-0.167165
-0.149958
-0.132588
-0.116597
-0.103312
-0.0936535
-0.087941
-0.0856527
-0.0853488
-0.0849988
-0.082807
-0.0779512
-0.0707132
-0.0620231
-0.0529234
-0.0442464
-0.0365192
-0.030014
-0.0248506
-0.0210668
-0.0186532
-0.0175259
-0.0174708
-0.0181219
-0.0190163
-0.0197199
-0.0199456
-0.0195997
-0.0187483
-0.0175416
-0.0161454
-0.0146998
-0.0133047
-0.0120223
-0.0108858
-0.00990937
-0.00909573
-0.00843973
-0.00793017
-0.0075498
-0.00727507
-0.0070772
-0.00692492
-0.00678845
-0.00664345
-0.00647356
-0.00627131
-0.00603695
-0.00577616
-0.00549765
-0.00521098
-0.00492507
-0.00464738
-0.00438349
-0.00413712
-0.00391028
-0.00370344
-0.00351589
-0.00334597
-0.0031914
-0.00304957
-0.0029178
-0.00279363
-0.00267494
-0.0025601
-0.00244799
-0.00233798
-0.00222987
-0.00212374
-0.0020199
-0.00191873
-0.00182066
-0.00172604
-0.00163516
-0.00154819
-0.00146519
-0.00138614
-0.00131092
-0.00123936
-0.00117122
-0.00110629
-0.00104431
-0.000985071
-0.000928364
-0.00087402
-0.000821896
-0.000771879
-0.000723881
-0.000677836
-0.000633694
-0.000591416
-0.000550974
-0.000512342
-0.000475497
-0.000440418
-0.000407083
-0.000375469
-0.000345553
-0.00031731
-0.000290716
-0.000265747
-0.000242377
-0.000220582
-0.000200335
-0.0001816
-0.000164333
-0.000148467
-0.000133905
-0.000120506
-0.000108087
-9.64252e-05
-8.52856e-05
-7.4465e-05
-6.38475e-05
-5.34566e-05
-4.34752e-05
-3.4216e-05
-2.60362e-05
-1.92246e-05
-1.39026e-05
-9.99188e-06
-7.25098e-06
-5.38255e-06
-4.11123e-06
-3.27197e-06
-2.74423e-06
-2.50961e-06
-2.47061e-06
-2.61529e-06
-2.91241e-06
-3.08969e-06
-4.11699e-06
-3.2447e-06
-7.84571e-06
9.44589e-08
-2.1694e-05
2.411e-05
0.0559
0.0545515
0.0500019
0.0432473
0.033628
0.0206644
0.00408709
-0.0163941
-0.0403274
-0.0668367
-0.0941274
-0.119665
-0.142839
-0.162845
-0.179328
-0.192358
-0.202047
-0.208506
-0.211668
-0.211228
-0.206747
-0.197909
-0.184881
-0.168506
-0.150219
-0.131745
-0.114816
-0.100934
-0.0911538
-0.0858666
-0.0845004
-0.0853876
-0.0861211
-0.0845763
-0.0798278
-0.0722793
-0.0630635
-0.0533927
-0.0442027
-0.0360683
-0.0292765
-0.0239497
-0.0201221
-0.0177803
-0.0168312
-0.0170344
-0.0179761
-0.019134
-0.0200245
-0.0203406
-0.0199978
-0.0190899
-0.0177971
-0.0163083
-0.0147778
-0.0133127
-0.0119775
-0.0108051
-0.00980803
-0.00898684
-0.00833405
-0.00783611
-0.0074734
-0.0072199
-0.00704422
-0.00691256
-0.00679303
-0.00665996
-0.00649656
-0.00629581
-0.00605898
-0.0057931
-0.00550817
-0.00521485
-0.00492287
-0.00464019
-0.00437266
-0.00412406
-0.00389626
-0.00368957
-0.00350301
-0.00333466
-0.00318196
-0.00304209
-0.00291218
-0.00278961
-0.0026722
-0.00255828
-0.00244673
-0.00233697
-0.00222886
-0.00212255
-0.00201843
-0.00191695
-0.00181857
-0.0017237
-0.00163264
-0.00154557
-0.00146256
-0.00138356
-0.00130845
-0.00123704
-0.00116907
-0.00110431
-0.00104251
-0.000983423
-0.000926852
-0.00087262
-0.000820585
-0.000770635
-0.000722687
-0.000676677
-0.000632559
-0.000590298
-0.000549867
-0.000511243
-0.000474406
-0.000439334
-0.000406006
-0.0003744
-0.00034449
-0.000316254
-0.000289666
-0.000264701
-0.000241335
-0.000219545
-0.000199304
-0.000180582
-0.000163338
-0.00014751
-0.000133005
-0.000119684
-0.000107363
-9.58138e-05
-8.47911e-05
-7.40777e-05
-6.35434e-05
-5.32008e-05
-4.32297e-05
-3.39487e-05
-2.5729e-05
-1.88777e-05
-1.35326e-05
-9.62479e-06
-6.91314e-06
-5.09246e-06
-3.87614e-06
-3.08813e-06
-2.60057e-06
-2.39345e-06
-2.36436e-06
-2.51697e-06
-2.78793e-06
-2.9932e-06
-3.91911e-06
-3.24166e-06
-7.47749e-06
-3.97021e-07
-2.08866e-05
2.20368e-05
0.0581236
0.056832
0.0524745
0.0459387
0.0365193
0.0236239
0.00686684
-0.0142345
-0.039232
-0.0672796
-0.0961266
-0.122583
-0.146346
-0.166591
-0.183048
-0.195957
-0.205549
-0.212041
-0.215387
-0.2152
-0.210844
-0.201771
-0.188002
-0.170409
-0.150609
-0.130586
-0.112339
-0.097612
-0.0876507
-0.0829642
-0.0829234
-0.0855354
-0.087834
-0.0871999
-0.0825659
-0.074534
-0.0645456
-0.0540588
-0.0441503
-0.0354531
-0.0282673
-0.0227159
-0.0188276
-0.0165858
-0.0158865
-0.0164543
-0.0178073
-0.0193357
-0.0204841
-0.0209178
-0.0205683
-0.0195719
-0.0181524
-0.0165311
-0.0148815
-0.0133197
-0.0119123
-0.0106914
-0.009667
-0.00883642
-0.00818887
-0.00770757
-0.00736976
-0.00714606
-0.00700142
-0.00689845
-0.00680231
-0.00668544
-0.00653049
-0.00633118
-0.00609032
-0.00581686
-0.00552265
-0.00521987
-0.00491936
-0.00462978
-0.0043573
-0.00410571
-0.00387675
-0.0036704
-0.00348534
-0.00331926
-0.00316925
-0.00303214
-0.00290483
-0.0027845
-0.00266884
-0.00255614
-0.00244532
-0.00233585
-0.00222767
-0.00212107
-0.00201651
-0.00191456
-0.00181574
-0.00172051
-0.0016292
-0.001542
-0.00145898
-0.00138007
-0.00130512
-0.00123392
-0.0011662
-0.00110169
-0.00104012
-0.000981249
-0.000924861
-0.000870779
-0.000818862
-0.000769
-0.000721115
-0.000675148
-0.000631058
-0.000588816
-0.000548397
-0.000509784
-0.000472956
-0.000437893
-0.000404575
-0.000372979
-0.000343079
-0.000314852
-0.000288271
-0.000263312
-0.00023995
-0.000218164
-0.000197929
-0.00017922
-0.000161999
-0.000146213
-0.000131771
-0.000118542
-0.000106337
-9.49245e-05
-8.40467e-05
-7.34704e-05
-6.30478e-05
-5.27779e-05
-4.28345e-05
-3.35417e-05
-2.52862e-05
-1.83961e-05
-1.3029e-05
-9.12827e-06
-6.45492e-06
-4.69609e-06
-3.55312e-06
-2.83673e-06
-2.40962e-06
-2.2472e-06
-2.23918e-06
-2.40533e-06
-2.64313e-06
-2.87659e-06
-3.66533e-06
-3.22437e-06
-6.973e-06
-1.01379e-06
-1.97305e-05
1.91947e-05
0.0608626
0.0596485
0.0555511
0.0493206
0.0401953
0.0274379
0.0105023
-0.0113708
-0.0377545
-0.0679042
-0.0988528
-0.126448
-0.150926
-0.171423
-0.187793
-0.200499
-0.20993
-0.21645
-0.220055
-0.220249
-0.216132
-0.206817
-0.192115
-0.17293
-0.151133
-0.129057
-0.109052
-0.0931899
-0.082978
-0.0791054
-0.080892
-0.0859009
-0.0903643
-0.090946
-0.0863985
-0.0776379
-0.0665595
-0.0549615
-0.0440993
-0.0346684
-0.0269742
-0.0211337
-0.0171654
-0.0150527
-0.0146839
-0.0157402
-0.0176461
-0.0196694
-0.0211538
-0.0217282
-0.0213504
-0.0202194
-0.0186205
-0.016818
-0.0150095
-0.013321
-0.0118207
-0.0105384
-0.00948015
-0.00863897
-0.00799977
-0.00754159
-0.00723757
-0.00705386
-0.00695057
-0.00688546
-0.00681975
-0.00672346
-0.00657858
-0.00637997
-0.00613271
-0.00584837
-0.00554131
-0.00522571
-0.00491387
-0.00461527
-0.00433644
-0.00408118
-0.00385096
-0.00364534
-0.00346249
-0.00329959
-0.00315325
-0.00301986
-0.00289598
-0.00277855
-0.00266513
-0.00255396
-0.00244398
-0.00233477
-0.00222641
-0.00211933
-0.00201414
-0.00191151
-0.00181208
-0.00171637
-0.00162473
-0.00153738
-0.00145435
-0.00137558
-0.00130087
-0.00122997
-0.00116258
-0.0010984
-0.00103715
-0.00097856
-0.000922408
-0.000868514
-0.00081674
-0.000766983
-0.000719168
-0.000673246
-0.000629184
-0.000586958
-0.000546551
-0.000507946
-0.000471126
-0.000436074
-0.000402768
-0.000371184
-0.000341297
-0.000313079
-0.000286505
-0.00026155
-0.000238189
-0.000216401
-0.000196165
-0.000177458
-0.000160252
-0.000144494
-0.000130105
-0.000116955
-0.000104857
-9.35742e-05
-8.28401e-05
-7.24069e-05
-6.21098e-05
-5.19338e-05
-4.20468e-05
-3.27763e-05
-2.45225e-05
-1.76322e-05
-1.22814e-05
-8.42452e-06
-5.82447e-06
-4.16066e-06
-3.12262e-06
-2.50691e-06
-2.16652e-06
-2.06968e-06
-2.09667e-06
-2.28214e-06
-2.48142e-06
-2.73893e-06
-3.3583e-06
-3.18172e-06
-6.32837e-06
-1.72541e-06
-1.81879e-05
1.55843e-05
0.0640865
0.0629742
0.059218
0.0534007
0.0446953
0.0321871
0.0151135
-0.00767116
-0.0358018
-0.0687722
-0.102493
-0.13142
-0.156714
-0.177428
-0.193587
-0.205959
-0.215144
-0.22171
-0.225715
-0.226518
-0.222843
-0.213325
-0.197476
-0.176251
-0.151873
-0.12714
-0.104858
-0.0875086
-0.0769462
-0.0741358
-0.0783778
-0.0866477
-0.0940464
-0.0962045
-0.0916559
-0.0818097
-0.0692216
-0.0561477
-0.0440573
-0.0337009
-0.025371
-0.0191681
-0.0150984
-0.0131497
-0.0132078
-0.0149031
-0.0175355
-0.0202028
-0.0221093
-0.0228397
-0.0223943
-0.0210639
-0.0192173
-0.0171742
-0.0151606
-0.0133118
-0.0116964
-0.0103394
-0.00924133
-0.00838937
-0.00776274
-0.00733535
-0.00707541
-0.00694354
-0.00689358
-0.00687693
-0.0068496
-0.00677848
-0.00664491
-0.00644548
-0.0061884
-0.00588885
-0.00556447
-0.00523203
-0.00490556
-0.00459556
-0.00430892
-0.00404935
-0.00381791
-0.0036136
-0.00343391
-0.00327534
-0.00313385
-0.00300532
-0.00288586
-0.00277211
-0.00266145
-0.00255209
-0.00244304
-0.00233401
-0.00222527
-0.00211745
-0.00201134
-0.00190778
-0.00180753
-0.00171118
-0.00161914
-0.0015316
-0.00144861
-0.00137004
-0.00129566
-0.00122517
-0.00115822
-0.00109448
-0.00103363
-0.000975391
-0.000919529
-0.000865861
-0.000814253
-0.00076461
-0.000716868
-0.000670989
-0.00062695
-0.000584735
-0.000544334
-0.000505736
-0.000468925
-0.000433885
-0.000400594
-0.000369026
-0.000339153
-0.000310948
-0.000284382
-0.000259428
-0.000236063
-0.000214266
-0.000194019
-0.000175303
-0.000158093
-0.000142346
-0.000127986
-0.000114892
-0.000102879
-9.17085e-05
-8.11086e-05
-7.08215e-05
-6.06685e-05
-5.06211e-05
-4.08386e-05
-3.16477e-05
-2.34559e-05
-1.66226e-05
-1.13375e-05
-7.56406e-06
-5.0678e-06
-3.5234e-06
-2.61265e-06
-2.11977e-06
-1.88848e-06
-1.87637e-06
-1.95213e-06
-2.16024e-06
-2.31459e-06
-2.58287e-06
-3.00131e-06
-3.09448e-06
-5.53388e-06
-2.47615e-06
-1.62095e-05
1.12497e-05
0.067755
0.0667735
0.0634537
0.0581829
0.0500624
0.0379698
0.0208546
-0.00295686
-0.0332439
-0.0699851
-0.107319
-0.137713
-0.163899
-0.184763
-0.200548
-0.212402
-0.221192
-0.227768
-0.232301
-0.23399
-0.231056
-0.221456
-0.204266
-0.180506
-0.152874
-0.12478
-0.0995974
-0.0803311
-0.0692895
-0.0678499
-0.0753614
-0.0880288
-0.0993445
-0.103524
-0.0987918
-0.0873447
-0.0726891
-0.0576863
-0.0440483
-0.0325557
-0.0234562
-0.0168145
-0.0126147
-0.010862
-0.0114563
-0.0139712
-0.0175416
-0.0210324
-0.0234579
-0.0243482
-0.0237702
-0.0221479
-0.019963
-0.0176051
-0.0153313
-0.0132847
-0.0115299
-0.0100847
-0.00894116
-0.00807922
-0.00747114
-0.00708465
-0.00688183
-0.00681638
-0.0068341
-0.00687822
-0.00689811
-0.00685679
-0.00673503
-0.00653196
-0.0062602
-0.00593971
-0.00559235
-0.00523814
-0.0048932
-0.00456913
-0.00427315
-0.00400874
-0.00377639
-0.00357428
-0.00339903
-0.00324625
-0.00311111
-0.00298879
-0.00287488
-0.00276565
-0.0026583
-0.002551
-0.00244287
-0.00233383
-0.00222441
-0.00211548
-0.00200809
-0.00190329
-0.00180196
-0.0017048
-0.00161225
-0.00152452
-0.00144161
-0.00136334
-0.00128941
-0.00121946
-0.00115309
-0.00108992
-0.00102958
-0.000971774
-0.000916261
-0.000862856
-0.000811433
-0.000761908
-0.000714235
-0.000668388
-0.000624358
-0.000582143
-0.00054174
-0.000503142
-0.000466339
-0.000431313
-0.000398039
-0.000366491
-0.000336637
-0.000308447
-0.000281888
-0.000256933
-0.000233557
-0.00021174
-0.000191465
-0.000172717
-0.000155477
-0.000139706
-0.000125336
-0.000112253
-0.000100279
-8.918e-05
-7.86827e-05
-6.85293e-05
-5.85343e-05
-4.86569e-05
-3.90469e-05
-3.00232e-05
-2.19892e-05
-1.53044e-05
-1.01618e-05
-6.52983e-06
-4.17817e-06
-2.78254e-06
-2.02279e-06
-1.67686e-06
-1.57985e-06
-1.67444e-06
-1.81557e-06
-2.04921e-06
-2.15309e-06
-2.41095e-06
-2.60068e-06
-2.94457e-06
-4.58788e-06
-3.19976e-06
-1.37524e-05
6.2909e-06
0.0718165
0.0709994
0.0682267
0.0636653
0.0563426
0.0449061
0.0279262
0.00302524
-0.0298853
-0.0716874
-0.113719
-0.145614
-0.172686
-0.193505
-0.208631
-0.219721
-0.22796
-0.234585
-0.23992
-0.242957
-0.241223
-0.231728
-0.212951
-0.18602
-0.154296
-0.121985
-0.0931593
-0.0714489
-0.0597361
-0.0600244
-0.0718545
-0.0904417
-0.106997
-0.113731
-0.108456
-0.0946394
-0.0771566
-0.0596542
-0.0440937
-0.0312302
-0.0212114
-0.0140415
-0.00968096
-0.00816376
-0.00942763
-0.0129893
-0.0177671
-0.0223035
-0.0253526
-0.0263813
-0.025565
-0.0235207
-0.0208799
-0.0181161
-0.0155181
-0.0132315
-0.011312
-0.00976517
-0.00857193
-0.00770257
-0.00712062
-0.0067866
-0.00665581
-0.00667383
-0.00677633
-0.00689583
-0.00697308
-0.00696626
-0.0068558
-0.00664463
-0.00635143
-0.00600249
-0.00562508
-0.00524313
-0.00487521
-0.00453409
-0.00422721
-0.00395761
-0.00372492
-0.00352627
-0.00335712
-0.00321198
-0.00308501
-0.00297055
-0.00286352
-0.00275978
-0.00265632
-0.0025513
-0.00244401
-0.00233465
-0.00222409
-0.00211355
-0.0020044
-0.00189793
-0.00179521
-0.00169704
-0.0016039
-0.00151599
-0.00143323
-0.0013554
-0.00128209
-0.00121286
-0.00114723
-0.00108476
-0.00102505
-0.000967771
-0.000912664
-0.000859555
-0.000808326
-0.000758915
-0.000711294
-0.00066546
-0.000621422
-0.00057919
-0.000538774
-0.000500171
-0.000463375
-0.000428365
-0.000395115
-0.000363594
-0.000333766
-0.000305594
-0.000279044
-0.000254084
-0.000230689
-0.000208839
-0.000188518
-0.000169713
-0.000152408
-0.000136572
-0.000122144
-0.000109017
-9.70262e-05
-8.59482e-05
-7.55191e-05
-6.54882e-05
-5.56736e-05
-4.60265e-05
-3.66812e-05
-2.79375e-05
-2.01792e-05
-1.37495e-05
-8.83324e-06
-5.39757e-06
-3.21993e-06
-1.98719e-06
-1.38833e-06
-1.20401e-06
-1.26193e-06
-1.4836e-06
-1.70669e-06
-1.96608e-06
-2.01259e-06
-2.22841e-06
-2.16417e-06
-2.71042e-06
-3.48963e-06
-3.80941e-06
-1.07763e-05
8.90785e-07
0.0762061
0.0755913
0.0734911
0.0698321
0.0635757
0.053129
0.0365713
0.0106116
-0.0254615
-0.0741333
-0.122243
-0.155456
-0.183403
-0.203992
-0.218114
-0.228042
-0.235382
-0.241928
-0.248287
-0.253252
-0.253421
-0.244437
-0.223905
-0.193097
-0.156293
-0.11875
-0.0853805
-0.0605694
-0.0479367
-0.0504046
-0.0679552
-0.0945272
-0.118132
-0.127955
-0.121518
-0.104214
-0.0828786
-0.0621626
-0.0442492
-0.0297665
-0.0186811
-0.010893
-0.00632132
-0.00506564
-0.00715107
-0.0120398
-0.018362
-0.0242162
-0.0280016
-0.0291136
-0.0278979
-0.0252482
-0.0219951
-0.0187115
-0.0157138
-0.0131406
-0.0110295
-0.00936773
-0.00812105
-0.00724814
-0.0067025
-0.00643638
-0.006397
-0.00651981
-0.00672763
-0.00693946
-0.00708524
-0.00711723
-0.00701599
-0.00678995
-0.00646606
-0.00607889
-0.00566251
-0.0052456
-0.00484946
-0.00448802
-0.00416872
-0.00389384
-0.00366183
-0.0034684
-0.00330755
-0.00317238
-0.0030558
-0.00295111
-0.00285248
-0.00275527
-0.00265625
-0.00255363
-0.00244694
-0.00233679
-0.00222449
-0.00211171
-0.0020002
-0.00189157
-0.0017871
-0.00168769
-0.00159387
-0.00150578
-0.00142331
-0.00134608
-0.0012736
-0.0012053
-0.00114062
-0.00107904
-0.0010201
-0.000963437
-0.000908801
-0.000856016
-0.000804986
-0.000755672
-0.000708078
-0.000662227
-0.000618152
-0.000575881
-0.000535435
-0.00049682
-0.000460029
-0.00042504
-0.000391823
-0.000360338
-0.000330544
-0.000302397
-0.000275858
-0.000250892
-0.00022747
-0.000205571
-0.000185181
-0.000166289
-0.00014888
-0.00013293
-0.000118385
-0.000105151
-9.30784e-05
-8.19646e-05
-7.15679e-05
-6.165e-05
-5.2045e-05
-4.27038e-05
-3.37365e-05
-2.54114e-05
-1.80709e-05
-1.20195e-05
-7.41602e-06
-4.22417e-06
-2.23841e-06
-1.16776e-06
-7.30373e-07
-7.15976e-07
-9.47702e-07
-1.31735e-06
-1.64024e-06
-1.92409e-06
-1.90606e-06
-2.03972e-06
-1.70118e-06
-2.37261e-06
-2.24765e-06
-4.20894e-06
-7.26111e-06
-4.67125e-06
0.0808439
0.0804733
0.079183
0.0766519
0.0717928
0.0627942
0.0471043
0.0202964
-0.0195583
-0.0776636
-0.133743
-0.16774
-0.196218
-0.216054
-0.228683
-0.237074
-0.243281
-0.249814
-0.257684
-0.265478
-0.268497
-0.260508
-0.237935
-0.202302
-0.159178
-0.115182
-0.076223
-0.047528
-0.0335861
-0.0388266
-0.0640567
-0.101527
-0.13467
-0.148085
-0.139319
-0.116794
-0.0901698
-0.0653328
-0.0445691
-0.0282022
-0.0158892
-0.00737421
-0.00254348
-0.00158573
-0.00469423
-0.0112864
-0.0196041
-0.0271191
-0.0317334
-0.0327806
-0.030913
-0.0274025
-0.0233354
-0.0193941
-0.0159107
-0.0130006
-0.0106706
-0.00888212
-0.00758082
-0.00671116
-0.00621397
-0.00603227
-0.00610558
-0.00635803
-0.00669602
-0.00702062
-0.00724761
-0.00732213
-0.00722587
-0.00697522
-0.00660834
-0.00617049
-0.0057042
-0.00524371
-0.00481337
-0.00442808
-0.00409495
-0.00381509
-0.00358528
-0.0033994
-0.00324958
-0.0031272
-0.00302365
-0.002931
-0.00284251
-0.00275298
-0.00265897
-0.0025588
-0.00245237
-0.00234077
-0.00222591
-0.00211006
-0.00199545
-0.00188406
-0.00177741
-0.00167653
-0.00158195
-0.00149377
-0.00141174
-0.00133535
-0.00126395
-0.00119684
-0.00113334
-0.00107283
-0.0010148
-0.000958859
-0.000904747
-0.000852304
-0.000801462
-0.00075222
-0.000704616
-0.00065871
-0.000614564
-0.000572228
-0.000531737
-0.000493103
-0.000456319
-0.00042136
-0.000388188
-0.000356753
-0.000327006
-0.000298895
-0.000272373
-0.0002474
-0.000223945
-0.000201984
-0.000181503
-0.000162493
-0.000144943
-0.000128831
-0.000114114
-0.000100714
-8.85038e-05
-7.73091e-05
-6.6922e-05
-5.71324e-05
-4.77862e-05
-3.88434e-05
-3.03858e-05
-2.26217e-05
-1.5834e-05
-1.02674e-05
-6.04532e-06
-3.12391e-06
-1.31746e-06
-3.8418e-07
-9.00938e-08
-2.41357e-07
-6.58796e-07
-1.19367e-06
-1.63203e-06
-1.93559e-06
-1.84428e-06
-1.84789e-06
-1.22012e-06
-1.91273e-06
-8.76453e-07
-4.29551e-06
-3.21391e-06
-1.00114e-05
0.0856332
0.0855498
0.0852141
0.0840595
0.0809947
0.074038
0.059872
0.0327106
-0.0116728
-0.0829577
-0.149182
-0.18295
-0.21199
-0.230672
-0.241027
-0.246997
-0.251287
-0.25748
-0.267278
-0.27914
-0.286586
-0.280612
-0.255874
-0.214301
-0.16334
-0.111422
-0.0655786
-0.0319164
-0.0162836
-0.0251978
-0.0609106
-0.113366
-0.159095
-0.176485
-0.163603
-0.133343
-0.0994514
-0.0693423
-0.0451719
-0.0266659
-0.0129893
-0.00364922
0.00155004
0.00218081
-0.00218928
-0.0109242
-0.0217576
-0.0313244
-0.0368633
-0.0376323
-0.0347803
-0.0300714
-0.02493
-0.0201626
-0.016095
-0.0127942
-0.0102184
-0.00829211
-0.0069358
-0.0060773
-0.00564466
-0.00557048
-0.00578471
-0.00619683
-0.00669303
-0.00715264
-0.0074739
-0.00759344
-0.00749563
-0.00720771
-0.0067824
-0.0062786
-0.00574927
-0.00523524
-0.00476401
-0.00435123
-0.00400316
-0.00371914
-0.0034937
-0.00331836
-0.00318292
-0.00307663
-0.00298908
-0.00291089
-0.00283434
-0.00275364
-0.00266513
-0.0025673
-0.00246057
-0.00234673
-0.00222842
-0.0021086
-0.00199009
-0.00187529
-0.00176602
-0.00166342
-0.00156802
-0.00147983
-0.00139842
-0.00132312
-0.00125309
-0.00118745
-0.00112538
-0.00106615
-0.00100919
-0.000954079
-0.000900548
-0.000848465
-0.000797798
-0.000748594
-0.000700939
-0.000654935
-0.00061068
-0.000568251
-0.000527696
-0.000489036
-0.000452261
-0.000417341
-0.000384227
-0.000352859
-0.000323175
-0.000295113
-0.000268618
-0.000243642
-0.00022015
-0.000198119
-0.000177531
-0.000158379
-0.000140655
-0.000124344
-0.000109414
-9.58052e-05
-8.34205e-05
-7.21231e-05
-6.17459e-05
-5.21197e-05
-4.31098e-05
-3.46605e-05
-2.68306e-05
-1.97661e-05
-1.36512e-05
-8.65334e-06
-4.84343e-06
-2.17296e-06
-5.06215e-07
3.30603e-07
5.14135e-07
2.09616e-07
-4.00807e-07
-1.11519e-06
-1.6825e-06
-1.99911e-06
-1.82612e-06
-1.64903e-06
-7.26193e-07
-1.3177e-06
5.9902e-07
-3.9766e-06
1.31368e-06
-1.46649e-05
0.0904601
0.0907072
0.0914679
0.0919608
0.0911477
0.0870244
0.0753377
0.0488938
-0.000875979
-0.0909906
-0.170974
-0.201602
-0.22978
-0.246552
-0.254291
-0.257517
-0.259611
-0.265566
-0.278066
-0.295751
-0.309448
-0.30655
-0.27925
-0.23014
-0.169368
-0.107769
-0.0535814
-0.0138448
0.0040613
-0.00907585
-0.0573212
-0.128546
-0.190898
-0.214243
-0.195865
-0.154886
-0.111185
-0.0743678
-0.0461663
-0.0252747
-0.0100969
0.000198719
0.00577095
0.00602912
0.000304937
-0.0107366
-0.0243582
-0.0363709
-0.0431416
-0.0436384
-0.039547
-0.0332941
-0.0267899
-0.021009
-0.0162518
-0.0125063
-0.00966036
-0.0075896
-0.00618393
-0.00534977
-0.00499997
-0.00505432
-0.00543478
-0.00603651
-0.00672063
-0.00733909
-0.00776825
-0.00793519
-0.00782892
-0.00749023
-0.00698973
-0.00640329
-0.00579664
-0.00521833
-0.0046993
-0.00425558
-0.00389192
-0.00360511
-0.00338674
-0.00322528
-0.00310774
-0.00302086
-0.00295221
-0.00289085
-0.00282797
-0.00275713
-0.00267457
-0.00257908
-0.00247162
-0.00235478
-0.00223209
-0.00210736
-0.00198413
-0.00186532
-0.00175302
-0.0016485
-0.00155226
-0.00146417
-0.0013836
-0.00130965
-0.00124124
-0.00117731
-0.00111687
-0.00105909
-0.00100332
-0.000949105
-0.000896193
-0.000844475
-0.000793969
-0.000744775
-0.000697036
-0.000650902
-0.000606511
-0.000563969
-0.000523341
-0.000484653
-0.000447894
-0.000413026
-0.000379986
-0.000348702
-0.000319098
-0.0002911
-0.000264643
-0.000239672
-0.000216149
-0.000194045
-0.000173345
-0.000154042
-0.000136132
-0.000119607
-0.000104449
-9.06238e-05
-7.8066e-05
-6.66822e-05
-5.63528e-05
-4.6947e-05
-3.83533e-05
-3.0508e-05
-2.34084e-05
-1.71148e-05
-1.17223e-05
-7.30436e-06
-3.88293e-06
-1.42138e-06
1.61343e-07
9.61506e-07
1.07621e-06
6.3684e-07
-1.67857e-07
-1.0701e-06
-1.77468e-06
-2.09551e-06
-1.83408e-06
-1.42934e-06
-2.17688e-07
-5.80419e-07
2.14642e-06
-3.18513e-06
6.21743e-06
-1.81431e-05
0.0951932
0.0958063
0.0977927
0.100186
0.102136
0.101752
0.0938931
0.0698868
0.0134885
-0.102416
-0.19964
-0.226021
-0.253831
-0.26708
-0.270171
-0.268667
-0.266827
-0.271873
-0.28807
-0.313903
-0.33728
-0.339843
-0.309903
-0.251262
-0.178167
-0.10479
-0.0405935
0.0061026
0.0259157
0.00956191
-0.0481845
-0.136463
-0.218291
-0.253615
-0.233206
-0.181031
-0.125587
-0.0806112
-0.0477515
-0.0242879
-0.00755077
0.0037102
0.00956791
0.00943059
0.00284592
-0.00926525
-0.0247364
-0.0393015
-0.0483693
-0.0497378
-0.0448307
-0.0369671
-0.0288827
-0.0219081
-0.0163569
-0.0121166
-0.0089809
-0.0067639
-0.00531801
-0.0045245
-0.00428033
-0.00449093
-0.00506141
-0.00586925
-0.00675466
-0.00754622
-0.00809703
-0.00832074
-0.00820738
-0.00781231
-0.00722523
-0.00654245
-0.00584581
-0.0051935
-0.00462053
-0.0041431
-0.00376378
-0.00347595
-0.00326737
-0.00312282
-0.00302601
-0.00296094
-0.00291303
-0.00286982
-0.00282161
-0.00276144
-0.0026853
-0.00259221
-0.00248381
-0.00236367
-0.00223624
-0.00210622
-0.00197787
-0.00185467
-0.00173908
-0.00163248
-0.00153535
-0.00144738
-0.00136772
-0.00129522
-0.00122856
-0.00116646
-0.00110777
-0.00105154
-0.00099703
-0.000943781
-0.00089153
-0.000840206
-0.000789877
-0.000740699
-0.000692873
-0.000646604
-0.000602072
-0.000559411
-0.000518707
-0.000479991
-0.000443251
-0.000408439
-0.000375481
-0.000344292
-0.00031478
-0.00028686
-0.000260454
-0.000235503
-0.00021196
-0.000189797
-0.000168997
-0.000149557
-0.000131475
-0.000114756
-9.9399e-05
-8.53922e-05
-7.27081e-05
-6.12963e-05
-5.10814e-05
-4.19694e-05
-3.38602e-05
-2.66672e-05
-2.03333e-05
-1.48289e-05
-1.01404e-05
-6.25676e-06
-3.16121e-06
-8.31052e-07
7.43093e-07
1.56266e-06
1.64199e-06
1.081e-06
8.10968e-08
-1.01373e-06
-1.86018e-06
-2.17807e-06
-1.82799e-06
-1.16304e-06
3.14127e-07
2.95025e-07
3.72409e-06
-1.90313e-06
1.13339e-05
-2.00323e-05
0.0996859
0.100693
0.103996
0.108533
0.113754
0.118329
0.116152
0.0985836
0.0336002
-0.126479
-0.242234
-0.25107
-0.277485
-0.288581
-0.287476
-0.280651
-0.274024
-0.27728
-0.296849
-0.33234
-0.368445
-0.37976
-0.348357
-0.278961
-0.191376
-0.104555
-0.0302728
0.0209633
0.0409662
0.0240851
-0.038715
-0.134904
-0.231462
-0.282197
-0.266962
-0.207956
-0.141567
-0.0879483
-0.05006
-0.023911
-0.00566786
0.00603844
0.0112715
0.0103223
0.003784
-0.00793159
-0.0229689
-0.0383902
-0.0499564
-0.0536936
-0.0494099
-0.0405972
-0.0310521
-0.0228147
-0.0163952
-0.0116223
-0.00818952
-0.00584032
-0.00438248
-0.00366361
-0.00354856
-0.00391174
-0.00464923
-0.0056369
-0.00670328
-0.00766344
-0.00835147
-0.00865973
-0.00856678
-0.00813403
-0.00746844
-0.00668924
-0.00589841
-0.00516737
-0.00453722
-0.00402492
-0.00363041
-0.00334285
-0.00314534
-0.00301841
-0.00294234
-0.00289839
-0.00287035
-0.00284462
-0.00281073
-0.00276118
-0.00269194
-0.00260221
-0.00249399
-0.00237139
-0.00223978
-0.00210484
-0.00197165
-0.00184427
-0.0017255
-0.00161688
-0.00151884
-0.00143093
-0.00135208
-0.00128088
-0.00121581
-0.00115538
-0.00109829
-0.00104348
-0.000990168
-0.000937845
-0.000886256
-0.000835357
-0.000785253
-0.000736151
-0.000688302
-0.000641955
-0.000597329
-0.000554588
-0.000513833
-0.000475105
-0.000438392
-0.00040364
-0.000370765
-0.00033967
-0.000310251
-0.000282412
-0.000256066
-0.000231147
-0.000207603
-0.000185406
-0.000164538
-0.000145
-0.000126797
-0.000109945
-9.44592e-05
-8.03543e-05
-6.76348e-05
-5.62873e-05
-4.62718e-05
-3.75182e-05
-2.99292e-05
-2.33896e-05
-1.77771e-05
-1.29751e-05
-8.8822e-06
-5.41792e-06
-2.54001e-06
-2.57571e-07
1.36278e-06
2.23153e-06
2.28665e-06
1.60483e-06
4.07396e-07
-8.8056e-07
-1.86935e-06
-2.18124e-06
-1.75216e-06
-8.17993e-07
8.82182e-07
1.28973e-06
5.28361e-06
-1.79318e-07
1.64461e-05
-2.01148e-05
0.10378
0.105185
0.109849
0.116639
0.12564
0.136046
0.142315
0.134238
0.0613479
-0.137628
-0.312287
-0.300087
-0.314554
-0.313916
-0.303958
-0.288621
-0.274438
-0.273653
-0.294588
-0.339318
-0.390633
-0.415658
-0.388397
-0.311809
-0.211136
-0.111934
-0.0306762
0.0179532
0.0316663
0.0117044
-0.045335
-0.133339
-0.233378
-0.296949
-0.290818
-0.230939
-0.157084
-0.0959435
-0.0533121
-0.0246437
-0.00549448
0.00518356
0.00788458
0.00453904
-0.00276762
-0.0119842
-0.0227964
-0.0359339
-0.048287
-0.0545098
-0.0521271
-0.043476
-0.0330033
-0.0236462
-0.0163639
-0.0110506
-0.00733389
-0.00488827
-0.00346825
-0.00286407
-0.00290265
-0.00341306
-0.00425741
-0.00531637
-0.00645935
-0.00752939
-0.00835453
-0.00879412
-0.00878709
-0.00837614
-0.00767601
-0.0068274
-0.00595707
-0.00515458
-0.00447085
-0.0039257
-0.00351699
-0.00322939
-0.00304105
-0.00292812
-0.00286769
-0.00283918
-0.00282524
-0.00281191
-0.00278908
-0.002749
-0.00268698
-0.00260172
-0.00249544
-0.00237281
-0.00223965
-0.00210208
-0.00196581
-0.00183545
-0.00171423
-0.00160389
-0.00150492
-0.00141679
-0.0013383
-0.00126787
-0.00120382
-0.00114453
-0.0010886
-0.00103486
-0.000982506
-0.000930982
-0.000880026
-0.000829596
-0.000779814
-0.000730912
-0.00068317
-0.000636869
-0.000592255
-0.000549513
-0.000508762
-0.000470053
-0.000433378
-0.00039868
-0.000365875
-0.000334857
-0.000305516
-0.000277748
-0.000251461
-0.000226583
-0.00020306
-0.000180863
-0.000159976
-0.000140403
-0.000122157
-0.000105264
-8.97561e-05
-7.56673e-05
-6.30265e-05
-5.18449e-05
-4.21031e-05
-3.374e-05
-2.66483e-05
-2.06802e-05
-1.56601e-05
-1.14033e-05
-7.74128e-06
-4.55061e-06
-1.78485e-06
5.08985e-07
2.19251e-06
3.09865e-06
3.10726e-06
2.28634e-06
8.83697e-07
-5.97028e-07
-1.72788e-06
-2.03943e-06
-1.55421e-06
-3.71992e-07
1.49077e-06
2.36005e-06
6.76624e-06
1.85497e-06
2.12968e-05
-1.84823e-05
0.107314
0.109105
0.115072
0.124171
0.137193
0.154903
0.173122
0.188757
0.102211
-0.126871
-0.346874
-0.31106
-0.330523
-0.328171
-0.313594
-0.296104
-0.279571
-0.275297
-0.292109
-0.335697
-0.393721
-0.432512
-0.416524
-0.342489
-0.2372
-0.132803
-0.0538068
-0.0169013
-0.0156382
-0.039451
-0.0774364
-0.140572
-0.226598
-0.295253
-0.299893
-0.245382
-0.169549
-0.103834
-0.0576723
-0.0271783
-0.00864223
-0.00159036
-0.00420623
-0.0113363
-0.0182163
-0.0217809
-0.0258307
-0.0337507
-0.0441956
-0.0518958
-0.0520406
-0.0448798
-0.0344008
-0.0243388
-0.0163289
-0.0105234
-0.00657491
-0.00411543
-0.00283768
-0.0024564
-0.00269464
-0.00329747
-0.00411246
-0.00508963
-0.00613666
-0.00715917
-0.00802655
-0.00858596
-0.00872603
-0.00842346
-0.00777052
-0.00691893
-0.00601466
-0.00516944
-0.00444921
-0.00388038
-0.00346087
-0.00317192
-0.00298725
-0.00287947
-0.00282373
-0.00279841
-0.00278671
-0.00277591
-0.00275621
-0.00271997
-0.00266267
-0.00258283
-0.00248154
-0.00236241
-0.00223121
-0.00209455
-0.00195845
-0.00182782
-0.00170612
-0.00159529
-0.00149594
-0.00140759
-0.00132902
-0.00125862
-0.00119469
-0.0011356
-0.0010799
-0.00102647
-0.000974454
-0.000923307
-0.000872744
-0.000822702
-0.000773288
-0.000724718
-0.000677265
-0.000631207
-0.000586791
-0.000544209
-0.000503586
-0.000464981
-0.000428391
-0.000393766
-0.000361023
-0.000330059
-0.000300766
-0.000273041
-0.000246791
-0.000221944
-0.00019845
-0.000176277
-0.000155416
-0.000135872
-0.000117667
-0.000100833
-8.54132e-05
-7.14546e-05
-5.89974e-05
-4.80627e-05
-3.86347e-05
-3.06473e-05
-2.39768e-05
-1.84458e-05
-1.38388e-05
-9.92894e-06
-6.51428e-06
-3.4568e-06
-7.2277e-07
1.60113e-06
3.3201e-06
4.21458e-06
4.13123e-06
3.14449e-06
1.53171e-06
-1.35658e-07
-1.40437e-06
-1.72767e-06
-1.21781e-06
1.64972e-07
2.122e-06
3.43352e-06
8.10391e-06
3.99018e-06
2.56122e-05
-1.55882e-05
0.110131
0.11225
0.11938
0.130501
0.147626
0.171981
0.207521
0.213729
0.193224
-0.145135
-0.442649
-0.33065
-0.332851
-0.329786
-0.316487
-0.301434
-0.285477
-0.27946
-0.291544
-0.32958
-0.3855
-0.429865
-0.425763
-0.362836
-0.264704
-0.167069
-0.102393
-0.0840708
-0.0965277
-0.116473
-0.127866
-0.154943
-0.212521
-0.275971
-0.291383
-0.247739
-0.176411
-0.110679
-0.0634231
-0.0330655
-0.0178316
-0.0172529
-0.02524
-0.0337248
-0.0358359
-0.032206
-0.0292072
-0.0311627
-0.0381488
-0.045931
-0.0486907
-0.044153
-0.0348332
-0.0247893
-0.0163924
-0.010253
-0.00619655
-0.00386491
-0.00287549
-0.00283453
-0.00337088
-0.00415817
-0.00490969
-0.0055512
-0.00616323
-0.00681768
-0.00748718
-0.00802945
-0.00828188
-0.00814969
-0.00764345
-0.00688262
-0.00602566
-0.0051974
-0.00448043
-0.00391232
-0.00349472
-0.00320805
-0.00302375
-0.00291224
-0.00284762
-0.00280942
-0.00278199
-0.00275516
-0.00272325
-0.00268022
-0.00262083
-0.00254201
-0.00244426
-0.00233112
-0.00220683
-0.00207647
-0.00194555
-0.00181892
-0.00170012
-0.00159122
-0.00149295
-0.00140496
-0.00132621
-0.00125523
-0.00119047
-0.00113044
-0.00107385
-0.00101966
-0.000967091
-0.000915623
-0.000864972
-0.000815048
-0.000765909
-0.000717719
-0.000670699
-0.000625082
-0.00058108
-0.000538863
-0.000498542
-0.000460173
-0.000423754
-0.000389245
-0.000356572
-0.000325645
-0.000296366
-0.000268641
-0.00024239
-0.000217547
-0.000194066
-0.000171923
-0.000151109
-0.000131636
-0.000113529
-9.68253e-05
-8.15716e-05
-6.78177e-05
-5.56044e-05
-4.49486e-05
-3.58256e-05
-2.81554e-05
-2.17954e-05
-1.65473e-05
-1.21752e-05
-8.4363e-06
-5.12209e-06
-2.10177e-06
6.36326e-07
2.97247e-06
4.67532e-06
5.49847e-06
5.27862e-06
4.10779e-06
2.29141e-06
4.52547e-07
-9.43723e-07
-1.29353e-06
-7.90937e-07
7.30071e-07
2.72014e-06
4.40389e-06
9.2158e-06
5.95669e-06
2.91265e-05
-1.21985e-05
0.112094
0.114464
0.122449
0.135235
0.155465
0.186893
0.235433
0.275662
0.332027
-0.115575
-0.332962
-0.330849
-0.330275
-0.321687
-0.31119
-0.299271
-0.293018
-0.298147
-0.323104
-0.366276
-0.406337
-0.409968
-0.363098
-0.282638
-0.20428
-0.164651
-0.168278
-0.187283
-0.189082
-0.173722
-0.166362
-0.192592
-0.241721
-0.2662
-0.236856
-0.175973
-0.115493
-0.0706756
-0.0432609
-0.0338571
-0.0400333
-0.0509604
-0.0556597
-0.0494609
-0.0387731
-0.0302088
-0.0273036
-0.0306781
-0.0374504
-0.0422663
-0.040903
-0.0339429
-0.0248609
-0.0166408
-0.0104917
-0.00656872
-0.00459957
-0.00414378
-0.00467643
-0.00562142
-0.00646571
-0.00687402
-0.0068636
-0.00670962
-0.00668674
-0.00688039
-0.00719219
-0.00743375
-0.00744384
-0.00715211
-0.00659205
-0.00588589
-0.00516516
-0.00452179
-0.00400482
-0.00362262
-0.00335787
-0.00318137
-0.00306289
-0.0029782
-0.00290971
-0.00284353
-0.00277929
-0.00271384
-0.00264347
-0.00256622
-0.00248038
-0.00238427
-0.00227692
-0.00216093
-0.00204073
-0.0019204
-0.00180342
-0.00169265
-0.00158983
-0.00149568
-0.00140999
-0.00133194
-0.00126038
-0.00119412
-0.00113203
-0.00107317
-0.0010168
-0.000962355
-0.000909455
-0.000857865
-0.00080748
-0.000758298
-0.000710388
-0.000663868
-0.000618871
-0.000575523
-0.000533924
-0.000494144
-0.000456209
-0.00042011
-0.000385811
-0.000353251
-0.00032236
-0.000293063
-0.00026529
-0.000238977
-0.000214079
-0.000190562
-0.00016841
-0.000147622
-0.000128212
-0.000110206
-9.36432e-05
-7.85674e-05
-6.50241e-05
-5.3046e-05
-4.26386e-05
-3.3763e-05
-2.63229e-05
-2.0161e-05
-1.50667e-05
-1.07979e-05
-7.11289e-06
-3.81259e-06
-7.83033e-07
1.96546e-06
4.29044e-06
5.9422e-06
6.66691e-06
6.30563e-06
4.97031e-06
2.988e-06
1.01479e-06
-4.82147e-07
-8.63516e-07
-3.85391e-07
1.21495e-06
3.20072e-06
5.1497e-06
1.00201e-05
7.47247e-06
3.16122e-05
-9.22966e-06
0.113099
0.115602
0.124057
0.13773
0.159819
0.19522
0.252788
0.320707
0.430545
-0.325433
-0.329464
-0.325465
-0.321723
-0.316021
-0.311291
-0.308912
-0.316208
-0.336917
-0.361396
-0.365387
-0.333944
-0.277571
-0.230963
-0.225191
-0.249803
-0.262208
-0.239839
-0.199559
-0.165167
-0.165297
-0.196472
-0.226562
-0.213339
-0.167563
-0.117387
-0.0789343
-0.0573819
-0.0555572
-0.0666787
-0.0767066
-0.0733058
-0.058383
-0.0416833
-0.0289207
-0.0223181
-0.0223567
-0.0273319
-0.0330793
-0.0348885
-0.0312226
-0.0241564
-0.016905
-0.0112677
-0.00786195
-0.00657186
-0.0068791
-0.00804714
-0.00924706
-0.00980347
-0.00946711
-0.0084911
-0.00740828
-0.00660558
-0.00621653
-0.00616609
-0.00627254
-0.00634113
-0.00624271
-0.00594065
-0.00548476
-0.004972
-0.00449372
-0.00410247
-0.0038109
-0.00360385
-0.00345374
-0.00333259
-0.003219
-0.00310273
-0.00298109
-0.00285724
-0.00273621
-0.00262111
-0.00251199
-0.00240677
-0.00230294
-0.00219911
-0.00209435
-0.00198848
-0.00188321
-0.00178065
-0.00168249
-0.00158977
-0.00150286
-0.00142156
-0.00134532
-0.00127349
-0.0012054
-0.00114052
-0.00107841
-0.00101878
-0.000961406
-0.000906128
-0.000852826
-0.000801408
-0.000751807
-0.000703984
-0.00065792
-0.000613607
-0.000571048
-0.00053024
-0.000491171
-0.000453822
-0.000418159
-0.000384145
-0.000351735
-0.000320882
-0.000291542
-0.000263674
-0.000237246
-0.000212232
-0.000188619
-0.000166402
-0.000145586
-0.000126188
-0.000108234
-9.17587e-05
-7.68015e-05
-6.34001e-05
-5.15783e-05
-4.13301e-05
-3.26047e-05
-2.52947e-05
-1.92337e-05
-1.42064e-05
-9.971e-06
-6.29163e-06
-2.97956e-06
6.56876e-08
2.8198e-06
5.12879e-06
6.73618e-06
7.38849e-06
6.93339e-06
5.49622e-06
3.41618e-06
1.36551e-06
-1.89778e-07
-5.94341e-07
-1.37628e-07
1.49586e-06
3.46896e-06
5.55478e-06
1.04421e-05
8.29724e-06
3.28995e-05
-7.50404e-06
0.113089
0.115593
0.124049
0.137724
0.159817
0.195225
0.252807
0.330922
0.488692
-0.323382
-0.330357
-0.330521
-0.333629
-0.334859
-0.3327
-0.32243
-0.308878
-0.30017
-0.2989
-0.29357
-0.273981
-0.24746
-0.243686
-0.275577
-0.316467
-0.315571
-0.269004
-0.205561
-0.151126
-0.130105
-0.146444
-0.175938
-0.179698
-0.151693
-0.115398
-0.0864778
-0.0735824
-0.0797338
-0.0942268
-0.0999642
-0.0871551
-0.0643432
-0.0427461
-0.0269602
-0.0176572
-0.0146835
-0.0171303
-0.0222682
-0.0262533
-0.0261055
-0.021946
-0.016547
-0.0121278
-0.00975162
-0.00945472
-0.0106045
-0.0121842
-0.0131582
-0.0128921
-0.0115016
-0.00957007
-0.00772785
-0.00633837
-0.00549854
-0.00512451
-0.00504887
-0.00509315
-0.00511402
-0.0050375
-0.00485711
-0.00461337
-0.00437094
-0.00416961
-0.00401701
-0.00389804
-0.00378723
-0.00366159
-0.00351113
-0.00333561
-0.0031454
-0.00295354
-0.00277132
-0.00260646
-0.00246126
-0.00233419
-0.00222132
-0.00211819
-0.00202152
-0.00192944
-0.00184083
-0.00175515
-0.00167229
-0.00159201
-0.00151417
-0.00143861
-0.001365
-0.00129315
-0.00122306
-0.00115489
-0.0010889
-0.00102531
-0.000964339
-0.000906095
-0.000850598
-0.000797778
-0.000747509
-0.000699627
-0.00065396
-0.000610344
-0.000568629
-0.000528687
-0.00049041
-0.000453716
-0.000418543
-0.000384845
-0.000352592
-0.000321764
-0.00029235
-0.000264346
-0.00023775
-0.000212564
-0.000188793
-0.000166446
-0.000145533
-0.000126073
-0.000108087
-9.16052e-05
-7.66602e-05
-6.32828e-05
-5.14906e-05
-4.12728e-05
-3.2575e-05
-2.52874e-05
-1.92426e-05
-1.42251e-05
-9.99377e-06
-6.31403e-06
-2.99868e-06
5.11871e-08
2.80991e-06
5.12263e-06
6.73246e-06
7.38601e-06
6.93127e-06
5.49403e-06
3.41385e-06
1.36319e-06
-1.91859e-07
-5.96041e-07
-1.38856e-07
1.49495e-06
3.46846e-06
5.55411e-06
1.0442e-05
8.2957e-06
3.29007e-05
-7.50958e-06
0.112066
0.114438
0.122425
0.135216
0.155456
0.186905
0.235486
0.302953
0.41401
-0.323601
-0.326286
-0.332561
-0.336654
-0.345884
-0.353614
-0.352733
-0.333915
-0.299755
-0.261526
-0.231827
-0.212384
-0.201714
-0.208267
-0.248783
-0.314899
-0.362031
-0.347007
-0.280043
-0.198117
-0.129557
-0.0917905
-0.0956009
-0.119935
-0.138261
-0.129011
-0.108022
-0.0908456
-0.089061
-0.103498
-0.120182
-0.118911
-0.0969806
-0.0678963
-0.0429992
-0.0254768
-0.0145207
-0.00917807
-0.00880434
-0.0118902
-0.0159151
-0.0182661
-0.0172932
-0.0145819
-0.0122003
-0.0114612
-0.0124595
-0.0143555
-0.015911
-0.016142
-0.0148333
-0.0124999
-0.00991937
-0.00764849
-0.00595508
-0.00487189
-0.00429824
-0.00408274
-0.00407322
-0.00414473
-0.00421712
-0.00424994
-0.00425163
-0.00424287
-0.00423499
-0.00422166
-0.00418296
-0.00409834
-0.00395917
-0.00376406
-0.00352591
-0.00327352
-0.00302442
-0.00279335
-0.00259018
-0.00241774
-0.002274
-0.00215432
-0.00205315
-0.00196509
-0.00188551
-0.00181103
-0.00173947
-0.00166924
-0.00159936
-0.00152903
-0.00145781
-0.0013858
-0.00131339
-0.00124118
-0.00116993
-0.00110044
-0.0010334
-0.000969336
-0.000908582
-0.000851248
-0.000797271
-0.000746458
-0.000698541
-0.000653213
-0.000610175
-0.000569149
-0.000529905
-0.000492258
-0.000456075
-0.000421268
-0.00038779
-0.000355623
-0.000324773
-0.000295256
-0.000267098
-0.000240322
-0.000214952
-0.000191007
-0.000168505
-0.00014746
-0.000127885
-0.000109798
-9.32222e-05
-7.81827e-05
-6.47065e-05
-5.28101e-05
-4.24858e-05
-3.36851e-05
-2.63059e-05
-2.01876e-05
-1.51197e-05
-1.08616e-05
-7.17518e-06
-3.86555e-06
-8.23055e-07
1.9383e-06
4.27362e-06
5.93214e-06
6.66023e-06
6.2999e-06
4.96432e-06
2.98157e-06
1.00835e-06
-4.87983e-07
-8.68314e-07
-3.88892e-07
1.21237e-06
3.19928e-06
5.14776e-06
1.002e-05
7.46803e-06
3.16155e-05
-9.24558e-06
0.110085
0.112205
0.119339
0.130467
0.147609
0.171995
0.207596
0.251021
0.264202
-0.251973
-0.330773
-0.3292
-0.333396
-0.338967
-0.352853
-0.364306
-0.363726
-0.337456
-0.287064
-0.227069
-0.175769
-0.14553
-0.143858
-0.179847
-0.254264
-0.340974
-0.384787
-0.35602
-0.274946
-0.182846
-0.107037
-0.0584274
-0.0477499
-0.0648696
-0.08937
-0.0981345
-0.0926702
-0.0896521
-0.101406
-0.125057
-0.141566
-0.132144
-0.102439
-0.0692389
-0.0428545
-0.0248453
-0.0132631
-0.00648195
-0.00378088
-0.00433237
-0.00676497
-0.00929577
-0.0108705
-0.0110348
-0.011296
-0.0126862
-0.0150658
-0.0173922
-0.0184934
-0.0177965
-0.0156063
-0.0127206
-0.00986797
-0.00747718
-0.0057075
-0.00454128
-0.00387418
-0.0035751
-0.00351829
-0.00360141
-0.00375058
-0.00391347
-0.00407328
-0.00422262
-0.00434332
-0.00441327
-0.0044118
-0.00432691
-0.00415508
-0.00391332
-0.00363211
-0.00333806
-0.00305404
-0.00279609
-0.00257335
-0.00238809
-0.0022377
-0.00211665
-0.00201835
-0.00193641
-0.00186527
-0.00180039
-0.0017382
-0.00167611
-0.00161235
-0.001546
-0.00147678
-0.00140497
-0.00133137
-0.00125704
-0.00118319
-0.00111099
-0.00104143
-0.000975208
-0.000912759
-0.000854227
-0.000799526
-0.000748405
-0.00070051
-0.000655441
-0.000612805
-0.00057224
-0.000533446
-0.000496186
-0.000460296
-0.000425676
-0.000392282
-0.000360109
-0.000329181
-0.000299538
-0.000271225
-0.000244285
-0.000218752
-0.000194654
-0.00017201
-0.000150834
-0.000131133
-0.000112919
-9.62056e-05
-8.10114e-05
-6.73597e-05
-5.52677e-05
-4.47336e-05
-3.57197e-05
-2.81372e-05
-2.18399e-05
-1.66291e-05
-1.22716e-05
-8.52966e-06
-5.20091e-06
-2.16089e-06
5.96655e-07
2.94836e-06
4.66131e-06
5.48941e-06
5.27084e-06
4.09945e-06
2.28224e-06
4.43191e-07
-9.52297e-07
-1.30068e-06
-7.96194e-07
7.26118e-07
2.71789e-06
4.4008e-06
9.21543e-06
5.94964e-06
2.91314e-05
-1.22231e-05
0.107249
0.109041
0.115013
0.124121
0.137163
0.154911
0.173206
0.188993
0.15016
-0.170193
-0.41862
-0.317532
-0.325498
-0.334581
-0.343904
-0.359488
-0.370976
-0.365691
-0.33069
-0.269498
-0.198206
-0.138798
-0.106843
-0.114074
-0.168468
-0.260586
-0.350485
-0.384468
-0.344177
-0.257119
-0.164261
-0.0887147
-0.0353243
-0.0107806
-0.0164494
-0.0363591
-0.0572751
-0.068072
-0.0825881
-0.110243
-0.142465
-0.155683
-0.138372
-0.103248
-0.0684914
-0.0423612
-0.0248485
-0.0134081
-0.00611448
-0.00210705
-0.000807046
-0.00149833
-0.00327583
-0.00558912
-0.0079381
-0.0105717
-0.013793
-0.0170691
-0.0193213
-0.0197224
-0.0182627
-0.015599
-0.0125633
-0.00974654
-0.00743932
-0.00572142
-0.00455546
-0.00385157
-0.00350347
-0.00340887
-0.00348161
-0.00364949
-0.00386284
-0.00409424
-0.00430953
-0.00447519
-0.00456365
-0.00455488
-0.00444158
-0.00423837
-0.00397038
-0.0036663
-0.00335516
-0.00305978
-0.00279473
-0.00256778
-0.00238038
-0.00222954
-0.00210963
-0.00201393
-0.00193566
-0.00186863
-0.00180776
-0.00174904
-0.00168957
-0.00162747
-0.00156173
-0.00149218
-0.00141937
-0.00134434
-0.00126841
-0.00119297
-0.00111932
-0.00104853
-0.000981332
-0.00091817
-0.000859165
-0.000804201
-0.000752982
-0.00070511
-0.000660143
-0.000617644
-0.000577219
-0.000538541
-0.000501359
-0.000465501
-0.000430867
-0.000397417
-0.000365157
-0.000334123
-0.000304363
-0.000275933
-0.000248879
-0.000223242
-0.00019905
-0.000176319
-0.000155058
-0.00013527
-0.000116956
-0.000100121
-8.47766e-05
-7.09388e-05
-5.8622e-05
-4.78264e-05
-3.85219e-05
-3.06335e-05
-2.40334e-05
-1.85439e-05
-1.39527e-05
-1.00384e-05
-6.60623e-06
-3.52528e-06
-7.68185e-07
1.5741e-06
3.30492e-06
4.20508e-06
4.12301e-06
3.13537e-06
1.52137e-06
-1.4642e-07
-1.41438e-06
-1.73614e-06
-1.22414e-06
1.60098e-07
2.11914e-06
3.42952e-06
8.10326e-06
3.9811e-06
2.56178e-05
-1.56189e-05
0.103696
0.105102
0.10977
0.116569
0.12559
0.136035
0.14238
0.134454
0.0618538
-0.136562
-0.310269
-0.298096
-0.314061
-0.324596
-0.337351
-0.352237
-0.359861
-0.349672
-0.312011
-0.250912
-0.181105
-0.122991
-0.0942669
-0.109915
-0.173029
-0.265489
-0.344612
-0.364533
-0.3166
-0.231863
-0.145982
-0.0763347
-0.0237451
0.0094269
0.0174185
0.00708698
-0.0149236
-0.0405827
-0.0738843
-0.116895
-0.153694
-0.161099
-0.137102
-0.0997627
-0.0660135
-0.0415209
-0.025134
-0.0142418
-0.00699227
-0.00250872
-0.000325
-2.7768e-05
-0.00118312
-0.00361847
-0.00700855
-0.0110017
-0.0150658
-0.0183691
-0.020051
-0.0197638
-0.0178703
-0.0151378
-0.01226
-0.00966901
-0.00755223
-0.00594853
-0.00482149
-0.00410235
-0.00371204
-0.00357021
-0.00360652
-0.00375559
-0.0039695
-0.00420292
-0.00441481
-0.00456812
-0.0046338
-0.00459734
-0.00446176
-0.00424274
-0.00396594
-0.00366086
-0.0033534
-0.00306356
-0.00280411
-0.00258156
-0.002397
-0.00224759
-0.00212808
-0.00203212
-0.00195328
-0.00188562
-0.00182407
-0.00176456
-0.00170412
-0.00164086
-0.00157386
-0.00150307
-0.00142913
-0.00135313
-0.00127643
-0.00120042
-0.00112639
-0.00105533
-0.000987978
-0.000924702
-0.000865605
-0.00081055
-0.000759233
-0.000711251
-0.000666161
-0.000623528
-0.000582961
-0.000544137
-0.000506807
-0.000470804
-0.000436032
-0.000402455
-0.000370082
-0.000338949
-0.000309109
-0.000280615
-0.000253513
-0.000227842
-0.000203625
-0.000180876
-0.000159598
-0.000139789
-0.000121442
-0.000104554
-8.91241e-05
-7.51577e-05
-6.26572e-05
-5.16141e-05
-4.19947e-05
-3.37296e-05
-2.67076e-05
-2.07808e-05
-1.57762e-05
-1.15147e-05
-7.83454e-06
-4.61965e-06
-1.83003e-06
4.82847e-07
2.17856e-06
3.09038e-06
3.10004e-06
2.27787e-06
8.73651e-07
-6.07809e-07
-1.73813e-06
-2.04828e-06
-1.56096e-06
-3.77363e-07
1.4875e-06
2.35536e-06
6.76517e-06
1.84448e-06
2.13021e-05
-1.85161e-05
0.099581
0.10059
0.103896
0.108441
0.113678
0.118286
0.116173
0.098717
0.0339163
-0.125931
-0.241558
-0.251209
-0.280584
-0.301715
-0.318228
-0.332358
-0.337207
-0.325058
-0.290467
-0.237371
-0.178137
-0.128969
-0.106117
-0.12261
-0.181723
-0.262626
-0.323258
-0.328706
-0.279764
-0.204628
-0.130295
-0.0689763
-0.0208213
0.0140852
0.0314266
0.0304967
0.0129155
-0.0223542
-0.0696858
-0.121099
-0.155913
-0.156575
-0.128894
-0.0929004
-0.0623107
-0.0403668
-0.0254521
-0.0153069
-0.00838255
-0.00387142
-0.00136407
-0.000649794
-0.00162474
-0.00414253
-0.00777158
-0.0119554
-0.0158748
-0.0186255
-0.0196283
-0.0189045
-0.0169662
-0.0144614
-0.0119135
-0.00962954
-0.00773953
-0.00627152
-0.00520147
-0.00448154
-0.00405369
-0.00385866
-0.00383828
-0.00393664
-0.00410453
-0.00429708
-0.00447067
-0.00458749
-0.00462213
-0.00456407
-0.0044173
-0.00419855
-0.00393148
-0.00364123
-0.00335006
-0.00307513
-0.00282745
-0.00261269
-0.00243203
-0.00228329
-0.00216213
-0.00206311
-0.00198046
-0.00190872
-0.00184317
-0.00177999
-0.00171637
-0.00165051
-0.00158155
-0.00150943
-0.00143473
-0.00135848
-0.00128191
-0.00120628
-0.00113271
-0.00106213
-0.000995152
-0.000932119
-0.000873109
-0.000817992
-0.000766487
-0.000718222
-0.000672787
-0.000629783
-0.000588846
-0.000549674
-0.000512036
-0.000475774
-0.000440796
-0.000407065
-0.000374586
-0.000343391
-0.000313522
-0.000285026
-0.000257943
-0.000232306
-0.000208134
-0.000185436
-0.000164214
-0.000144461
-0.000126164
-0.000109313
-9.38955e-05
-7.9898e-05
-6.73025e-05
-5.60776e-05
-4.61713e-05
-3.75057e-05
-2.99799e-05
-2.34784e-05
-1.7881e-05
-1.30755e-05
-8.96648e-06
-5.48012e-06
-2.58016e-06
-2.80061e-07
1.35154e-06
2.22539e-06
2.28118e-06
1.59784e-06
3.98567e-07
-8.90401e-07
-1.87895e-06
-2.18976e-06
-1.75883e-06
-8.23508e-07
8.78636e-07
1.28458e-06
5.282e-06
-1.90545e-07
1.64501e-05
-2.01486e-05
0.0950678
0.0956818
0.09767
0.100068
0.10203
0.101669
0.0938544
0.0699167
0.0136144
-0.102258
-0.199612
-0.227144
-0.257805
-0.27867
-0.294156
-0.306237
-0.309792
-0.299669
-0.271579
-0.22919
-0.181989
-0.142821
-0.125446
-0.140024
-0.186506
-0.246286
-0.286836
-0.284409
-0.241845
-0.180056
-0.118124
-0.0651504
-0.0223108
0.0107166
0.0306669
0.0337986
0.0181949
-0.0187132
-0.0712245
-0.121859
-0.149157
-0.143532
-0.115925
-0.0842112
-0.0580428
-0.0390185
-0.0256915
-0.016372
-0.00988298
-0.00555943
-0.0030401
-0.00214569
-0.00284351
-0.00507934
-0.00844483
-0.0122274
-0.0155639
-0.0177052
-0.018311
-0.0175446
-0.015849
-0.013724
-0.011561
-0.00959305
-0.00792784
-0.0065975
-0.00559258
-0.00488242
-0.00442649
-0.0041797
-0.00409497
-0.00412587
-0.00422881
-0.00436087
-0.00448124
-0.00455586
-0.00456142
-0.00448895
-0.00434219
-0.00413482
-0.00388655
-0.00361842
-0.00334895
-0.00309251
-0.00285868
-0.00265267
-0.00247596
-0.00232719
-0.00220305
-0.00209913
-0.00201064
-0.00193288
-0.00186167
-0.00179356
-0.00172593
-0.00165709
-0.00158615
-0.00151299
-0.00143804
-0.00136213
-0.00128627
-0.00121153
-0.00113888
-0.00106908
-0.00100269
-0.000939997
-0.000881081
-0.000825839
-0.000774034
-0.000725347
-0.000679422
-0.000635906
-0.000594477
-0.000554861
-0.000516848
-0.000480289
-0.000445092
-0.000411217
-0.000378658
-0.000347436
-0.000317582
-0.000289131
-0.000262117
-0.000236564
-0.000212487
-0.000189894
-0.000168783
-0.000149148
-0.000130975
-0.000114246
-9.8935e-05
-8.50103e-05
-7.24244e-05
-6.11119e-05
-5.09869e-05
-4.1949e-05
-3.38942e-05
-2.67352e-05
-2.04163e-05
-1.49107e-05
-1.02098e-05
-6.30822e-06
-3.19398e-06
-8.48675e-07
7.35063e-07
1.55884e-06
1.63847e-06
1.07579e-06
7.39237e-08
-1.02213e-06
-1.86865e-06
-2.18582e-06
-1.83427e-06
-1.16847e-06
3.10387e-07
2.89603e-07
3.7218e-06
-1.91447e-06
1.13358e-05
-2.00637e-05
0.090314
0.0905614
0.0913218
0.0918158
0.0910079
0.0868955
0.07523
0.0488097
-0.000947338
-0.0911764
-0.171547
-0.203491
-0.234385
-0.25709
-0.273479
-0.284954
-0.288127
-0.279488
-0.256804
-0.223236
-0.186357
-0.156061
-0.141824
-0.150996
-0.183026
-0.224008
-0.250418
-0.245288
-0.210635
-0.160806
-0.109392
-0.0637692
-0.0259968
0.0033122
0.0221086
0.0265019
0.0118548
-0.0231031
-0.0713329
-0.114106
-0.132826
-0.1244
-0.100825
-0.0751729
-0.0537601
-0.0376076
-0.0258417
-0.0173686
-0.0113532
-0.00726756
-0.00480077
-0.00378905
-0.00419763
-0.00594753
-0.00868044
-0.0117753
-0.0144892
-0.0162204
-0.0167169
-0.0161165
-0.0147593
-0.0130272
-0.0112244
-0.0095427
-0.00808164
-0.00688051
-0.00594258
-0.00525056
-0.0047764
-0.00448625
-0.00434252
-0.00430657
-0.00434113
-0.00440906
-0.00447451
-0.00450756
-0.00448752
-0.00440504
-0.00426198
-0.00406904
-0.00384169
-0.00359667
-0.00334907
-0.00311099
-0.0028908
-0.00269334
-0.00252044
-0.00237151
-0.00224422
-0.00213521
-0.00204059
-0.00195645
-0.00187921
-0.00180585
-0.00173401
-0.00166212
-0.00158928
-0.00151523
-0.00144024
-0.00136488
-0.00128997
-0.00121633
-0.00114474
-0.00107586
-0.00101012
-0.000947808
-0.000888994
-0.00083361
-0.000781471
-0.000732317
-0.000685854
-0.00064178
-0.000599818
-0.000559728
-0.00052132
-0.000484455
-0.000449042
-0.000415033
-0.000382412
-0.000351186
-0.000321373
-0.000292996
-0.000266079
-0.000240638
-0.000216686
-0.000194228
-0.000173265
-0.000153788
-0.000135784
-0.000119233
-0.000104097
-9.0324e-05
-7.7835e-05
-6.65242e-05
-5.62634e-05
-4.6916e-05
-3.83671e-05
-3.05516e-05
-2.34667e-05
-1.71747e-05
-1.17743e-05
-7.34316e-06
-3.90733e-06
-1.43394e-06
1.56349e-07
9.59725e-07
1.07438e-06
6.33297e-07
-1.73361e-07
-1.07694e-06
-1.78187e-06
-2.10233e-06
-1.83985e-06
-1.43456e-06
-2.21589e-07
-5.85935e-07
2.14335e-06
-3.19602e-06
6.21662e-06
-1.81699e-05
0.0854664
0.0853825
0.085044
0.0838863
0.0808192
0.0738603
0.0596928
0.0325152
-0.0119197
-0.083411
-0.150122
-0.185155
-0.21653
-0.23963
-0.255818
-0.266484
-0.269383
-0.262428
-0.244438
-0.218003
-0.189035
-0.165058
-0.153293
-0.15858
-0.179739
-0.206673
-0.22266
-0.215801
-0.187171
-0.146384
-0.103268
-0.0638813
-0.0306406
-0.00481605
0.0119094
0.0162874
0.00444394
-0.0247083
-0.0637657
-0.0968504
-0.110431
-0.104029
-0.0866029
-0.0670293
-0.049861
-0.0362469
-0.0259202
-0.0182655
-0.0127195
-0.00888042
-0.00649368
-0.00539126
-0.00551126
-0.00676147
-0.00884563
-0.0112601
-0.0134119
-0.0148248
-0.0152848
-0.0148627
-0.0138095
-0.0124132
-0.0109144
-0.0094764
-0.00819297
-0.00710849
-0.00623532
-0.00556616
-0.00508249
-0.00475911
-0.00456614
-0.00447212
-0.00444584
-0.00445556
-0.00447071
-0.0044657
-0.00442205
-0.00433037
-0.00419085
-0.00401079
-0.00380185
-0.00357715
-0.00334893
-0.00312725
-0.00291941
-0.0027299
-0.00256077
-0.00241202
-0.00228214
-0.00216863
-0.00206845
-0.00197844
-0.00189562
-0.00181737
-0.00174163
-0.00166689
-0.00159228
-0.00151742
-0.00144239
-0.00136757
-0.00129353
-0.00122091
-0.00115032
-0.00108226
-0.00101714
-0.000955167
-0.000896439
-0.000840915
-0.000788456
-0.00073886
-0.000691886
-0.000647285
-0.00060482
-0.000564284
-0.000525504
-0.000488353
-0.00045274
-0.00041861
-0.000385938
-0.000354716
-0.000324951
-0.000296655
-0.00026984
-0.000244519
-0.000220699
-0.000198385
-0.000177577
-0.00015827
-0.000140452
-0.000124099
-0.000109167
-9.55827e-05
-8.32392e-05
-7.19901e-05
-6.16614e-05
-5.20789e-05
-4.31046e-05
-3.46807e-05
-2.68655e-05
-1.98053e-05
-1.36867e-05
-8.68012e-06
-4.86016e-06
-2.18106e-06
-5.08751e-07
3.30344e-07
5.13591e-07
2.07432e-07
-4.04851e-07
-1.1206e-06
-1.68847e-06
-2.00502e-06
-1.83137e-06
-1.654e-06
-7.30256e-07
-1.3232e-06
5.95089e-07
-3.98662e-06
1.3098e-06
-1.46857e-05
0.0806567
0.0802848
0.078989
0.0764502
0.0715812
0.0625677
0.0468557
0.0199993
-0.0199542
-0.0783158
-0.134915
-0.170061
-0.200468
-0.22353
-0.239955
-0.250628
-0.254008
-0.248778
-0.234531
-0.213579
-0.190617
-0.171444
-0.161341
-0.163556
-0.176822
-0.193593
-0.202206
-0.194125
-0.169748
-0.135651
-0.0990599
-0.0649303
-0.0357088
-0.0129454
0.0017952
0.00625691
-0.00232347
-0.0242353
-0.0536407
-0.0789923
-0.090456
-0.0871975
-0.0750329
-0.0602451
-0.046461
-0.0349823
-0.0259435
-0.0190557
-0.0139581
-0.0103544
-0.00803594
-0.00685449
-0.00673296
-0.00756136
-0.00908997
-0.0109221
-0.0125955
-0.0137323
-0.014143
-0.0138493
-0.0130275
-0.0118931
-0.0106377
-0.00940023
-0.00826733
-0.00728525
-0.00647227
-0.00582821
-0.00534162
-0.00499423
-0.0047626
-0.00462111
-0.00454376
-0.00450391
-0.00447575
-0.00443735
-0.00437232
-0.00427145
-0.00413343
-0.00396298
-0.00376861
-0.00356042
-0.0033482
-0.00314033
-0.00294311
-0.00276068
-0.00259517
-0.002447
-0.0023153
-0.00219826
-0.00209355
-0.00199863
-0.00191102
-0.00182851
-0.00174927
-0.00167195
-0.00159566
-0.00151997
-0.00144479
-0.00137034
-0.00129699
-0.0012252
-0.00115543
-0.00108809
-0.0010235
-0.000961839
-0.000903204
-0.000847575
-0.000794853
-0.000744881
-0.000697468
-0.000652407
-0.0006095
-0.000568566
-0.000529454
-0.000492043
-0.000456246
-0.000422003
-0.00038928
-0.00035806
-0.000328337
-0.000300114
-0.000273395
-0.000248185
-0.00022449
-0.000202312
-0.000181651
-0.000162505
-0.000144862
-0.000128697
-0.000113959
-0.00010056
-8.83679e-05
-7.72003e-05
-6.68442e-05
-5.70851e-05
-4.77662e-05
-3.88447e-05
-3.04008e-05
-2.2643e-05
-1.58551e-05
-1.02839e-05
-6.05564e-06
-3.12852e-06
-1.31819e-06
-3.83443e-07
-8.97981e-08
-2.42554e-07
-6.61691e-07
-1.1979e-06
-1.63695e-06
-1.9407e-06
-1.84909e-06
-1.85262e-06
-1.22436e-06
-1.9181e-06
-8.81269e-07
-4.30432e-06
-3.22093e-06
-1.00253e-05
0.0759992
0.0753822
0.0732738
0.0696026
0.0633289
0.052856
0.036259
0.0102265
-0.0259755
-0.0749222
-0.123532
-0.15772
-0.18717
-0.209997
-0.226391
-0.236977
-0.240777
-0.23709
-0.225985
-0.209433
-0.191122
-0.175562
-0.166705
-0.166744
-0.174402
-0.184005
-0.187255
-0.178122
-0.156721
-0.127629
-0.0962038
-0.0664673
-0.0407192
-0.020534
-0.00736846
-0.00289856
-0.00882513
-0.0249815
-0.0468938
-0.0662181
-0.0758249
-0.0745295
-0.0659986
-0.0547033
-0.0435481
-0.0338362
-0.025922
-0.0197297
-0.0150468
-0.0116622
-0.00941094
-0.00816345
-0.00783593
-0.00831764
-0.00939866
-0.0107616
-0.0120413
-0.0129333
-0.0132736
-0.0130553
-0.0123975
-0.0114603
-0.0103955
-0.00932032
-0.00831308
-0.00741941
-0.00666081
-0.00604206
-0.00555713
-0.00519304
-0.00493173
-0.00475263
-0.00463403
-0.0045535
-0.00448917
-0.00442217
-0.00433804
-0.00422796
-0.00408959
-0.00392557
-0.00374197
-0.0035465
-0.00334699
-0.00315035
-0.00296202
-0.00278573
-0.0026236
-0.00247634
-0.00234351
-0.00222386
-0.0021156
-0.00201673
-0.0019252
-0.00183913
-0.00175692
-0.00167735
-0.00159955
-0.00152302
-0.00144759
-0.00137331
-0.00130043
-0.00122925
-0.00116011
-0.00109333
-0.00102916
-0.000967757
-0.000909203
-0.000853497
-0.000800569
-0.000750295
-0.000702524
-0.000657084
-0.000613808
-0.00057254
-0.000533144
-0.000495508
-0.000459547
-0.000425201
-0.000392426
-0.0003612
-0.000331507
-0.000303341
-0.000276701
-0.000251586
-0.000227997
-0.000205935
-0.000185401
-0.000166391
-0.000148894
-0.000132884
-0.000118303
-0.000105054
-9.29816e-05
-8.18781e-05
-7.14982e-05
-6.16001e-05
-5.2015e-05
-4.2691e-05
-3.37364e-05
-2.5419e-05
-1.80809e-05
-1.20282e-05
-7.42143e-06
-4.22618e-06
-2.23801e-06
-1.16648e-06
-7.29603e-07
-7.16523e-07
-9.49761e-07
-1.32067e-06
-1.64435e-06
-1.92856e-06
-1.91053e-06
-2.04423e-06
-1.70561e-06
-2.3778e-06
-2.25334e-06
-4.21637e-06
-7.27123e-06
-4.67821e-06
0.0715908
0.0707707
0.0679872
0.0634093
0.0560628
0.0445904
0.0275576
0.0025676
-0.030488
-0.0725608
-0.115043
-0.147726
-0.175913
-0.198193
-0.214494
-0.225184
-0.229613
-0.227425
-0.218928
-0.205847
-0.191125
-0.178287
-0.170284
-0.168604
-0.172094
-0.176526
-0.175957
-0.166088
-0.146895
-0.121624
-0.0943075
-0.0682135
-0.0454198
-0.0274295
-0.0155141
-0.0109694
-0.0148449
-0.0267042
-0.0430376
-0.0577199
-0.0655149
-0.065185
-0.0590297
-0.0502291
-0.0410896
-0.0328178
-0.0258671
-0.0202929
-0.0159865
-0.0128032
-0.0106138
-0.00931026
-0.00881154
-0.00901198
-0.00973334
-0.0107189
-0.011677
-0.012359
-0.0126217
-0.0124415
-0.0118962
-0.0111048
-0.0101872
-0.00924192
-0.00833829
-0.00751975
-0.00680926
-0.00621485
-0.00573448
-0.00535936
-0.00507579
-0.00486724
-0.00471565
-0.00460213
-0.00450805
-0.00441703
-0.00431624
-0.00419733
-0.00405722
-0.0038971
-0.00372117
-0.00353528
-0.00334563
-0.00315796
-0.00297689
-0.0028058
-0.00264672
-0.00250053
-0.00236711
-0.00224562
-0.0021347
-0.00203275
-0.00193809
-0.00184911
-0.00176443
-0.00168291
-0.00160374
-0.00152639
-0.00145061
-0.00137636
-0.00130375
-0.00123299
-0.00116431
-0.00109795
-0.00103411
-0.000972918
-0.000914442
-0.000858689
-0.000805608
-0.000755103
-0.00070705
-0.000661308
-0.000617733
-0.000576189
-0.000536554
-0.000498725
-0.00046262
-0.000428177
-0.00039535
-0.000364109
-0.000334432
-0.000306308
-0.000279727
-0.000254687
-0.000231183
-0.000209215
-0.00018878
-0.000169876
-0.00015249
-0.000136591
-0.00012212
-0.000108966
-9.69623e-05
-8.58822e-05
-7.54588e-05
-6.54391e-05
-5.56381e-05
-4.60045e-05
-3.66706e-05
-2.7935e-05
-2.01809e-05
-1.37523e-05
-8.83507e-06
-5.39777e-06
-3.21884e-06
-1.98571e-06
-1.38738e-06
-1.20418e-06
-1.26342e-06
-1.48625e-06
-1.71018e-06
-1.97006e-06
-2.01681e-06
-2.23274e-06
-2.16881e-06
-2.71537e-06
-3.49615e-06
-3.81533e-06
-1.07893e-05
8.90681e-07
0.0675118
0.0665265
0.0631934
0.0579025
0.0497525
0.0376161
0.0204381
-0.00347196
-0.0339088
-0.0709017
-0.108619
-0.139619
-0.166576
-0.188292
-0.204459
-0.215238
-0.220208
-0.219261
-0.212863
-0.202496
-0.190585
-0.179821
-0.172462
-0.169528
-0.170029
-0.170769
-0.16747
-0.157057
-0.139491
-0.117139
-0.0930782
-0.0699669
-0.0496366
-0.0334553
-0.0225323
-0.0178721
-0.0201236
-0.0287189
-0.0408761
-0.052008
-0.0581803
-0.0582449
-0.0536408
-0.0466326
-0.0390379
-0.0319283
-0.0257881
-0.0207501
-0.0167771
-0.0137744
-0.0116439
-0.0102964
-0.00965708
-0.00962991
-0.010064
-0.0107487
-0.0114466
-0.0119512
-0.0121366
-0.0119699
-0.0115002
-0.0108155
-0.0100109
-0.00916844
-0.00834929
-0.00759376
-0.00692499
-0.00635308
-0.0058789
-0.0054969
-0.00519686
-0.00496555
-0.00478796
-0.00464803
-0.00452978
-0.00441885
-0.00430374
-0.00417662
-0.004034
-0.00387596
-0.00370531
-0.00352645
-0.00334434
-0.0031637
-0.0029885
-0.00282173
-0.00266534
-0.00252027
-0.00238663
-0.00226387
-0.00215098
-0.00204667
-0.00194955
-0.00185825
-0.00177153
-0.00168838
-0.00160802
-0.00152991
-0.00145374
-0.00137941
-0.00130693
-0.00123643
-0.00116806
-0.00110201
-0.00103841
-0.000977369
-0.000918955
-0.000863171
-0.000809977
-0.000759297
-0.000711027
-0.000665048
-0.000621236
-0.00057947
-0.000539639
-0.000501649
-0.00046542
-0.00043089
-0.000398011
-0.000366748
-0.000337076
-0.000308976
-0.000282437
-0.000257451
-0.00023401
-0.00021211
-0.000191748
-0.000172918
-0.000155603
-0.000139771
-0.000125355
-0.000112237
-0.000100242
-8.91316e-05
-7.86322e-05
-6.84831e-05
-5.84966e-05
-4.86294e-05
-3.90294e-05
-3.00138e-05
-2.19852e-05
-1.53031e-05
-1.01611e-05
-6.52886e-06
-4.17674e-06
-2.78105e-06
-2.02182e-06
-1.67684e-06
-1.58098e-06
-1.67663e-06
-1.81864e-06
-2.05283e-06
-2.15715e-06
-2.41514e-06
-2.60553e-06
-2.94927e-06
-4.59516e-06
-3.2042e-06
-1.3768e-05
6.29712e-06
0.0638273
0.0627106
0.0589389
0.0530982
0.0443586
0.0318007
0.0146576
-0.0082299
-0.0365073
-0.0697015
-0.103733
-0.133098
-0.158871
-0.179967
-0.195947
-0.206826
-0.212327
-0.212481
-0.207814
-0.199617
-0.189852
-0.18066
-0.173765
-0.169878
-0.168171
-0.16625
-0.161001
-0.150225
-0.133899
-0.113794
-0.0923057
-0.07161
-0.0533013
-0.0385992
-0.0284557
-0.0236577
-0.0246044
-0.0306953
-0.0397003
-0.0481201
-0.0529359
-0.0531025
-0.0495053
-0.0437758
-0.037352
-0.0311667
-0.0256965
-0.0211149
-0.0174314
-0.0145882
-0.0125118
-0.01113
-0.010377
-0.0101676
-0.0103732
-0.0108184
-0.0113068
-0.011664
-0.0117779
-0.0116102
-0.0111902
-0.0105829
-0.009864
-0.00910226
-0.00835113
-0.00764761
-0.00701433
-0.00646258
-0.00599528
-0.00560938
-0.00529735
-0.00504864
-0.00485069
-0.0046898
-0.00455207
-0.00442484
-0.00429768
-0.00416324
-0.00401776
-0.00386057
-0.00369346
-0.00351971
-0.00334328
-0.00316808
-0.00299754
-0.00283431
-0.00268021
-0.00253621
-0.00240259
-0.00227899
-0.00216468
-0.00205859
-0.00195956
-0.00186642
-0.00177806
-0.00169356
-0.00161217
-0.00153336
-0.0014568
-0.00138231
-0.00130987
-0.00123951
-0.00117135
-0.0011055
-0.00104208
-0.000981158
-0.000922794
-0.000866991
-0.000813717
-0.000762907
-0.000714472
-0.000668311
-0.000624312
-0.000582369
-0.00054238
-0.000504256
-0.000467922
-0.000433315
-0.000400386
-0.000369097
-0.000339419
-0.000311332
-0.00028482
-0.00025987
-0.000236472
-0.00021462
-0.000194307
-0.000175522
-0.000158247
-0.000142442
-0.000128034
-0.000114902
-0.000102863
-9.16752e-05
-8.10673e-05
-7.07795e-05
-6.06309e-05
-5.0591e-05
-4.08171e-05
-3.16339e-05
-2.3448e-05
-1.66185e-05
-1.13352e-05
-7.56238e-06
-5.06626e-06
-3.52205e-06
-2.6118e-06
-2.11972e-06
-1.88942e-06
-1.87827e-06
-1.95492e-06
-2.16361e-06
-2.31856e-06
-2.58697e-06
-3.00636e-06
-3.09891e-06
-5.54182e-06
-2.47916e-06
-1.62273e-05
1.12615e-05
0.0605893
0.0593701
0.0552555
0.0489988
0.0398356
0.0270242
0.010015
-0.0119614
-0.0384835
-0.0688257
-0.100014
-0.1279
-0.152616
-0.173141
-0.188938
-0.199908
-0.205856
-0.206901
-0.203593
-0.19707
-0.18895
-0.18095
-0.174409
-0.169837
-0.166556
-0.162744
-0.156117
-0.145098
-0.129708
-0.11132
-0.0918417
-0.0730715
-0.0563903
-0.0428692
-0.0333285
-0.0283944
-0.0283095
-0.0324905
-0.0391251
-0.0454811
-0.0491849
-0.0492972
-0.0463485
-0.0415302
-0.0359881
-0.0305281
-0.025601
-0.0213984
-0.0179595
-0.0152531
-0.0132253
-0.0118186
-0.0109758
-0.0106225
-0.0106485
-0.0109058
-0.0112277
-0.0114646
-0.0115152
-0.0113387
-0.0109502
-0.0103984
-0.00974394
-0.00904466
-0.00834746
-0.00768613
-0.0070824
-0.00654812
-0.00608769
-0.00569988
-0.00537929
-0.00511747
-0.00490384
-0.00472654
-0.00457338
-0.004433
-0.00429588
-0.0041551
-0.00400674
-0.00384964
-0.0036848
-0.00351468
-0.00334247
-0.00317143
-0.00300453
-0.00284414
-0.00269194
-0.00254893
-0.00241545
-0.00229133
-0.00217598
-0.00206857
-0.00196809
-0.00187351
-0.00178385
-0.00169825
-0.00161601
-0.0015366
-0.00145966
-0.00138499
-0.00131252
-0.00124223
-0.00117418
-0.00110847
-0.00104516
-0.00098433
-0.000926003
-0.000870186
-0.000816852
-0.000765945
-0.000717387
-0.000671086
-0.000626943
-0.000584862
-0.000544747
-0.000506515
-0.000470092
-0.000435418
-0.000402443
-0.000371126
-0.000341438
-0.000313353
-0.000286854
-0.000261926
-0.000238555
-0.000216733
-0.000196447
-0.000177685
-0.00016042
-0.00014461
-0.000130173
-0.000116984
-0.000104857
-9.35533e-05
-8.28073e-05
-7.23695e-05
-6.20737e-05
-5.19029e-05
-4.2023e-05
-3.27598e-05
-2.45122e-05
-1.76263e-05
-1.2278e-05
-8.42245e-06
-5.82295e-06
-4.15948e-06
-3.1219e-06
-2.50687e-06
-2.16734e-06
-2.07139e-06
-2.09927e-06
-2.28535e-06
-2.48535e-06
-2.74295e-06
-3.36354e-06
-3.18591e-06
-6.33688e-06
-1.72713e-06
-1.82076e-05
1.5601e-05
0.0578382
0.056541
0.0521648
0.0456007
0.0361405
0.0231882
0.0063554
-0.0148472
-0.0399725
-0.0681812
-0.0972038
-0.123827
-0.147638
-0.167644
-0.183257
-0.194296
-0.200621
-0.202395
-0.200166
-0.194939
-0.188072
-0.180968
-0.174691
-0.169618
-0.165201
-0.160043
-0.152446
-0.141275
-0.126593
-0.109508
-0.0915779
-0.0743124
-0.0589118
-0.046316
-0.0372344
-0.0321761
-0.03129
-0.0340314
-0.0389002
-0.043706
-0.0465276
-0.0465175
-0.0439788
-0.0398004
-0.0349106
-0.0300079
-0.0255103
-0.0216143
-0.0183767
-0.0157845
-0.0137987
-0.0123739
-0.0114614
-0.0109966
-0.0108838
-0.0109955
-0.0111875
-0.0113284
-0.0113255
-0.0111367
-0.0107679
-0.0102552
-0.0096483
-0.00899648
-0.00834116
-0.00771324
-0.00713342
-0.00661378
-0.00615965
-0.00577121
-0.00544463
-0.00517308
-0.00494755
-0.00475764
-0.00459246
-0.0044417
-0.00429658
-0.0041505
-0.00399951
-0.00384207
-0.00367864
-0.00351106
-0.00334192
-0.003174
-0.00300988
-0.00285171
-0.00270106
-0.00255889
-0.00242561
-0.00230117
-0.00218511
-0.00207672
-0.00197515
-0.00187947
-0.0017888
-0.00170233
-0.00161939
-0.00153947
-0.0014622
-0.00138735
-0.0013148
-0.00124453
-0.00117656
-0.00111093
-0.0010477
-0.000986924
-0.000928624
-0.000872799
-0.000819422
-0.000768444
-0.000719794
-0.000673388
-0.000629137
-0.000586948
-0.000546735
-0.000508417
-0.000471923
-0.000437193
-0.000404177
-0.000372834
-0.000343131
-0.000315044
-0.00028855
-0.000263633
-0.000240279
-0.000218473
-0.000198201
-0.000179445
-0.000162175
-0.000146339
-0.000131852
-0.000118584
-0.000106349
-9.49132e-05
-8.40209e-05
-7.34374e-05
-6.30138e-05
-5.27472e-05
-4.28098e-05
-3.35237e-05
-2.52743e-05
-1.83889e-05
-1.3025e-05
-9.126e-06
-6.45351e-06
-4.69514e-06
-3.55261e-06
-2.83678e-06
-2.41043e-06
-2.24883e-06
-2.24168e-06
-2.40846e-06
-2.64706e-06
-2.88057e-06
-3.67074e-06
-3.22833e-06
-6.98196e-06
-1.01438e-06
-1.97516e-05
1.92154e-05
0.0556048
0.0542501
0.0496808
0.0428962
0.033234
0.0202116
0.00355781
-0.0170215
-0.0410717
-0.067714
-0.0951258
-0.120731
-0.143807
-0.163384
-0.17884
-0.189935
-0.196556
-0.19889
-0.197472
-0.193206
-0.187261
-0.180812
-0.17473
-0.169309
-0.164101
-0.158012
-0.14975
-0.138489
-0.124333
-0.108212
-0.0914403
-0.0753138
-0.0608876
-0.0489923
-0.0402502
-0.0350882
-0.033599
-0.0352818
-0.0388634
-0.0425299
-0.044674
-0.0445243
-0.0422401
-0.0385042
-0.0340866
-0.0295998
-0.0254304
-0.0217729
-0.0186939
-0.0161927
-0.0142416
-0.0128044
-0.0118399
-0.0112913
-0.0110746
-0.0110769
-0.0111706
-0.0112375
-0.0111916
-0.0109902
-0.0106329
-0.0101472
-0.00957464
-0.00895789
-0.00833412
-0.00773179
-0.00717061
-0.00666268
-0.00621396
-0.0058256
-0.00549494
-0.00521639
-0.0049821
-0.00478278
-0.00460854
-0.00444986
-0.00429851
-0.00414821
-0.00399496
-0.00383699
-0.00367438
-0.00350852
-0.00334156
-0.00317591
-0.00301387
-0.00285738
-0.00270793
-0.00256645
-0.00243339
-0.00230875
-0.0021922
-0.00208312
-0.00198075
-0.00188426
-0.00179282
-0.00170568
-0.00162221
-0.00154188
-0.00146433
-0.00138931
-0.00131669
-0.00124641
-0.00117846
-0.00111288
-0.00104971
-0.000988967
-0.000930683
-0.000874851
-0.000821444
-0.000770414
-0.000721697
-0.000675215
-0.000630883
-0.000588614
-0.000548326
-0.000509941
-0.000473391
-0.000438616
-0.000405565
-0.000374198
-0.000344481
-0.000316386
-0.000289892
-0.00026498
-0.000241632
-0.000219833
-0.000199564
-0.000180804
-0.000163515
-0.000147642
-0.000133093
-0.000119735
-0.000107383
-9.58099e-05
-8.47711e-05
-7.40486e-05
-6.35115e-05
-5.31708e-05
-4.32047e-05
-3.39298e-05
-2.57162e-05
-1.88699e-05
-1.35282e-05
-9.62244e-06
-6.91183e-06
-5.09167e-06
-3.87576e-06
-3.08825e-06
-2.60138e-06
-2.39503e-06
-2.36682e-06
-2.52005e-06
-2.79188e-06
-2.99715e-06
-3.92467e-06
-3.24543e-06
-7.48681e-06
-3.96675e-07
-2.09088e-05
2.20606e-05
0.0539116
0.0525169
0.0478121
0.040877
0.0310835
0.0180321
0.00153285
-0.018578
-0.041846
-0.0673872
-0.0936571
-0.118498
-0.141018
-0.160263
-0.17559
-0.186721
-0.193561
-0.196306
-0.195476
-0.191898
-0.186606
-0.180619
-0.174677
-0.169022
-0.163279
-0.156563
-0.14786
-0.136548
-0.122763
-0.107323
-0.0913766
-0.0760674
-0.0623427
-0.0509499
-0.0424469
-0.0372046
-0.0352842
-0.0362238
-0.0389083
-0.0417767
-0.0434313
-0.0431572
-0.0410253
-0.0375831
-0.0334914
-0.0292993
-0.0253671
-0.0218845
-0.018923
-0.0164899
-0.0145653
-0.0131199
-0.0121182
-0.0115098
-0.0112187
-0.0111429
-0.0111661
-0.0111791
-0.0111009
-0.0108888
-0.0105379
-0.0100702
-0.00952122
-0.00892915
-0.0083279
-0.00774408
-0.00719657
-0.00669739
-0.00625288
-0.00586488
-0.00553155
-0.00524816
-0.00500771
-0.00480171
-0.00462097
-0.00445657
-0.00430068
-0.00414722
-0.00399222
-0.00383373
-0.00367159
-0.00350685
-0.00334138
-0.00317731
-0.00301672
-0.00286145
-0.00271286
-0.0025719
-0.00243902
-0.00231429
-0.00219741
-0.00208786
-0.00198493
-0.00188786
-0.00179588
-0.00170826
-0.00162438
-0.00154374
-0.00146598
-0.00139083
-0.00131814
-0.00124784
-0.0011799
-0.00111435
-0.0010512
-0.000990487
-0.000932213
-0.000876376
-0.000822948
-0.000771883
-0.00072312
-0.000676584
-0.000632195
-0.000589869
-0.000549528
-0.000511095
-0.000474504
-0.000439695
-0.000406618
-0.000375232
-0.000345503
-0.000317402
-0.000290906
-0.000265994
-0.00024265
-0.000220853
-0.000200584
-0.000181816
-0.000164509
-0.000148602
-0.000133998
-0.000120563
-0.000108113
-9.64264e-05
-8.52697e-05
-7.44389e-05
-6.38174e-05
-5.34274e-05
-4.34501e-05
-3.41967e-05
-2.60228e-05
-1.92163e-05
-1.3898e-05
-9.98951e-06
-7.24981e-06
-5.38196e-06
-4.11102e-06
-3.27219e-06
-2.7451e-06
-2.51121e-06
-2.47307e-06
-2.61836e-06
-2.9164e-06
-3.09363e-06
-4.12266e-06
-3.24832e-06
-7.85528e-06
9.55387e-08
-2.1717e-05
2.41361e-05
0.0527746
0.0513546
0.0465641
0.0395356
0.029664
0.0166039
0.000216488
-0.0195824
-0.0423405
-0.0671803
-0.0927189
-0.117052
-0.1392
-0.15822
-0.173459
-0.184614
-0.191598
-0.194612
-0.194159
-0.191019
-0.186142
-0.180447
-0.174594
-0.168795
-0.162723
-0.155626
-0.146656
-0.135319
-0.121772
-0.106768
-0.0913517
-0.0765702
-0.0632994
-0.0522309
-0.0438803
-0.038584
-0.0363862
-0.0368533
-0.0389702
-0.041331
-0.042667
-0.0423012
-0.0402539
-0.036991
-0.0331044
-0.0291013
-0.0253233
-0.0219553
-0.0190715
-0.0166836
-0.0147768
-0.0133264
-0.012301
-0.0116541
-0.0113153
-0.0111892
-0.0111667
-0.0111446
-0.0110448
-0.0108248
-0.0104772
-0.0100204
-0.00948631
-0.00890998
-0.00832326
-0.00775149
-0.00721297
-0.00671962
-0.00627802
-0.00589041
-0.00555548
-0.00526905
-0.00502468
-0.0048144
-0.00462947
-0.00446134
-0.00430247
-0.0041469
-0.00399069
-0.00383179
-0.00366988
-0.00350582
-0.00334127
-0.0031782
-0.00301855
-0.00286406
-0.00271605
-0.00257543
-0.00244269
-0.0023179
-0.00220083
-0.00209098
-0.0019877
-0.00189027
-0.00179793
-0.00170999
-0.00162585
-0.00154501
-0.0014671
-0.00139185
-0.00131911
-0.00124879
-0.00118086
-0.00111532
-0.00105219
-0.000991488
-0.000933221
-0.00087738
-0.000823938
-0.000772851
-0.000724058
-0.000677488
-0.000633062
-0.000590699
-0.000550323
-0.000511858
-0.000475239
-0.000440407
-0.000407312
-0.000375912
-0.000346173
-0.000318066
-0.000291567
-0.000266654
-0.000243309
-0.000221512
-0.00020124
-0.000182463
-0.000165139
-0.000149202
-0.000134554
-0.000121057
-0.000108529
-9.67545e-05
-8.55059e-05
-7.45907e-05
-6.39035e-05
-5.34747e-05
-4.34887e-05
-3.42526e-05
-2.6112e-05
-1.93416e-05
-1.40501e-05
-1.0152e-05
-7.40559e-06
-5.5191e-06
-4.22506e-06
-3.36554e-06
-2.82469e-06
-2.58382e-06
-2.54827e-06
-2.69364e-06
-3.0124e-06
-3.16892e-06
-4.26501e-06
-3.25226e-06
-8.1004e-06
4.30588e-07
-2.22208e-05
2.54666e-05
0.0522034
0.0507715
0.0459391
0.0388664
0.0289584
0.0158972
-0.000431592
-0.0200746
-0.0425809
-0.0670791
-0.0922608
-0.11634
-0.138302
-0.157209
-0.172401
-0.183569
-0.190624
-0.19377
-0.193503
-0.190579
-0.185905
-0.180352
-0.174543
-0.168674
-0.162446
-0.155167
-0.146071
-0.134723
-0.121294
-0.106503
-0.0913459
-0.0768236
-0.0637758
-0.0528657
-0.0445883
-0.0392635
-0.036929
-0.0371658
-0.0390073
-0.0411218
-0.0423017
-0.0418885
-0.0398795
-0.0367019
-0.0329146
-0.0290039
-0.0253019
-0.0219908
-0.0191455
-0.0167802
-0.0148822
-0.0134292
-0.0123918
-0.0117257
-0.0113633
-0.0112125
-0.0111675
-0.0111281
-0.0110176
-0.0107937
-0.0104476
-0.00999613
-0.00946923
-0.00890062
-0.00832105
-0.00775522
-0.00722115
-0.00673067
-0.0062905
-0.00590307
-0.00556734
-0.0052794
-0.00503309
-0.00482068
-0.00463368
-0.00446372
-0.00430337
-0.00414677
-0.00398996
-0.00383087
-0.00366907
-0.00350535
-0.00334125
-0.00317867
-0.00301949
-0.00286537
-0.00271765
-0.0025772
-0.00244452
-0.00231971
-0.00220253
-0.00209254
-0.00198909
-0.00189147
-0.00179895
-0.00171086
-0.00162659
-0.00154565
-0.00146766
-0.00139237
-0.00131961
-0.00124928
-0.00118135
-0.00111581
-0.00105269
-0.000991996
-0.000933732
-0.000877889
-0.00082444
-0.000773342
-0.000724534
-0.000677947
-0.000633503
-0.000591123
-0.000550729
-0.000512249
-0.000475617
-0.000440774
-0.000407671
-0.000376266
-0.000346523
-0.000318415
-0.000291915
-0.000267003
-0.00024366
-0.000221864
-0.000201592
-0.000182813
-0.000165484
-0.000149536
-0.000134872
-0.000121353
-0.000108797
-9.69908e-05
-8.57103e-05
-7.47661e-05
-6.40561e-05
-5.36126e-05
-4.36194e-05
-3.43807e-05
-2.62379e-05
-1.94607e-05
-1.41555e-05
-1.02371e-05
-7.46739e-06
-5.55995e-06
-4.25211e-06
-3.38825e-06
-2.85225e-06
-2.62164e-06
-2.59965e-06
-2.75283e-06
-3.08475e-06
-3.2271e-06
-4.35172e-06
-3.25722e-06
-8.22361e-06
6.14928e-07
-2.24538e-05
2.61037e-05
-0.471599
-0.253041
-0.145135
-0.471599
-0.253041
-0.348072
-0.353603
-0.442649
-0.348072
-0.353603
0.123913
0.413807
0.307497
0.332027
0.123913
0.413808
0.307497
-0.115575
-0.342305
-0.342305
-0.325803
-0.326063
-0.324914
-0.332962
-0.325803
-0.326063
-0.324914
0.488675
0.430545
0.488675
-0.322991
-0.320533
-0.322991
-0.320533
0.430673
0.488692
0.430673
-0.320355
-0.320872
-0.320355
-0.320872
0.307785
0.33231
0.124505
0.41401
0.307785
0.33231
0.124505
-0.114643
-0.114643
-0.338704
-0.338704
-0.322313
-0.329648
-0.322043
-0.323601
-0.322313
-0.329648
-0.322043
-0.144032
-0.468638
-0.251973
-0.144032
-0.468637
-0.349866
-0.439152
-0.344255
-0.349867
-0.439151
-0.344255
-0.295872
-0.171452
-0.363948
-0.126871
-0.295872
-0.171452
-0.363949
-0.325877
-0.421932
-0.340745
-0.346873
-0.325878
-0.421931
-0.340746
0.102543
0.263843
0.107313
0.193224
0.102543
0.263843
0.107313
-0.426876
-0.443483
-0.415161
-0.466312
-0.415974
-0.466612
-0.426685
-0.323562
-0.334359
-0.329609
-0.33065
-0.323562
-0.334359
-0.329609
-0.108346
-0.327723
-0.333279
-0.327351
-0.334781
-0.327408
-0.334767
-0.327702
-0.320209
-0.323543
-0.323474
-0.320275
-0.318016
-0.317405
-0.317338
-0.318081
-0.324294
-0.322334
-0.321313
-0.327767
-0.321265
-0.328762
-0.324116
0.107921
0.193645
0.103251
0.264202
0.107921
0.193645
0.103251
-0.375998
-0.249666
-0.16587
-0.168171
-0.379039
-0.324717
-0.326582
-0.31781
-0.330773
-0.324717
-0.326582
-0.31781
-0.361632
-0.125848
-0.293892
-0.170192
-0.361633
-0.125848
-0.293892
-0.336931
-0.344298
-0.322485
-0.418619
-0.336931
-0.344297
-0.322486
-0.372861
-0.473177
-0.362043
-0.493261
-0.363034
-0.49447
-0.372035
-0.377756
-0.250729
-0.16702
-0.169317
-0.380807
-0.372862
-0.473177
-0.362045
-0.49326
-0.363036
-0.494469
-0.372037
-0.377755
-0.250729
-0.16702
-0.169317
-0.380807
-0.36778
-0.353614
-0.351377
-0.351541
-0.367989
-0.426876
-0.443482
-0.41516
-0.466312
-0.415974
-0.466612
-0.426685
-0.36778
-0.353614
-0.351377
-0.351541
-0.367989
0.327006
0.122526
0.2608
0.108316
0.260105
0.106448
0.328648
0.374186
0.326517
0.20108
0.433713
0.172342
0.437727
0.376785
0.327006
0.122526
0.2608
0.108316
0.260105
0.106449
0.328648
0.374186
0.326517
0.201081
0.433713
0.172343
0.437727
0.376785
-0.108346
-0.342302
-0.342302
-0.326486
-0.324766
-0.330574
-0.323201
-0.331585
-0.323148
-0.326316
-0.327723
-0.333279
-0.327351
-0.334781
-0.327408
-0.334767
-0.327702
-0.326486
-0.324766
-0.330574
-0.323201
-0.331585
-0.323147
-0.326316
0.529853
0.462857
0.46597
0.527824
0.567976
0.588464
0.589555
0.566578
0.529853
0.462857
0.46597
0.527824
0.567976
0.588464
0.589555
0.566578
-0.318625
-0.317609
-0.317541
-0.318693
-0.320209
-0.323543
-0.323474
-0.320275
-0.318625
-0.317609
-0.317541
-0.318693
0.568031
0.588482
0.589573
0.566632
0.529952
0.463004
0.466115
0.527923
0.568031
0.588482
0.589573
0.566632
0.529953
0.463004
0.466116
0.527923
-0.319168
-0.322113
-0.32205
-0.319231
-0.318016
-0.317405
-0.317338
-0.318081
-0.319168
-0.322113
-0.32205
-0.319231
0.374448
0.326805
0.433934
0.201458
0.437948
0.172718
0.377049
0.327345
0.123117
0.108797
0.261233
0.106931
0.260537
0.328988
0.374448
0.326805
0.433933
0.201459
0.437948
0.172719
0.377049
0.327345
0.123117
0.108797
0.261233
0.106931
0.260537
0.328988
-0.107421
-0.107421
-0.338704
-0.338704
-0.325008
-0.329965
-0.331619
-0.324213
-0.331596
-0.324278
-0.32498
-0.324294
-0.322334
-0.321313
-0.327767
-0.321265
-0.328762
-0.324116
-0.325008
-0.329965
-0.331619
-0.324213
-0.331596
-0.324278
-0.32498
-0.370508
-0.470214
-0.490214
-0.359789
-0.491426
-0.36078
-0.369675
-0.375998
-0.249666
-0.16587
-0.168171
-0.379039
-0.37051
-0.470213
-0.490214
-0.359791
-0.491426
-0.360781
-0.369677
-0.364113
-0.349877
-0.347665
-0.347831
-0.364322
-0.42318
-0.439987
-0.462694
-0.411543
-0.462998
-0.412357
-0.422986
-0.364113
-0.349877
-0.347665
-0.347831
-0.364322
-0.42318
-0.439986
-0.462693
-0.411544
-0.462998
-0.412357
-0.422987
-0.375501
-0.146022
-0.330007
-0.163395
-0.329889
-0.165481
-0.376361
0.327479
0.302857
0.370192
0.275662
0.327479
0.302857
0.370192
-0.328716
-0.328583
-0.334138
-0.330849
-0.328716
-0.328583
-0.334138
0.402716
0.330904
0.419905
0.320707
0.402716
0.330904
0.419905
0.530757
0.431788
0.504953
0.465766
0.506437
0.466851
0.529514
-0.327618
-0.323765
-0.328806
-0.325433
-0.327618
-0.323765
-0.328806
0.419932
0.320765
0.4028
0.330922
0.419932
0.320765
0.4028
0.553173
0.489785
0.562371
0.480262
0.563536
0.481387
0.551983
-0.328507
-0.324073
-0.326224
-0.323382
-0.328507
-0.324073
-0.326224
0.370334
0.275789
0.327672
0.302953
0.370334
0.275789
0.327672
-0.332116
-0.327245
-0.325556
-0.326286
-0.332116
-0.327245
-0.325556
-0.330942
-0.32654
-0.331869
-0.326586
-0.332037
-0.322271
-0.322179
-0.3755
-0.146022
-0.330007
-0.163395
-0.329889
-0.165481
-0.37636
-0.370633
-0.348366
-0.361396
-0.358869
-0.361854
-0.359019
-0.370656
-0.370633
-0.348366
-0.361396
-0.358869
-0.361854
-0.359019
-0.370656
0.553117
0.489767
0.48021
0.562352
0.481335
0.563516
0.551927
0.530757
0.431788
0.504953
0.465765
0.506437
0.466851
0.529514
0.553117
0.489767
0.48021
0.562352
0.481335
0.563516
0.551927
-0.320176
-0.322935
-0.321292
-0.322064
-0.321182
-0.322016
-0.320269
-0.319045
-0.320482
-0.321075
-0.318452
-0.321024
-0.318388
-0.319117
-0.320176
-0.322935
-0.321292
-0.322064
-0.321182
-0.322016
-0.320269
-0.319045
-0.320482
-0.321075
-0.318452
-0.321024
-0.318388
-0.319117
0.530853
0.431916
0.465855
0.505095
0.46694
0.506578
0.529612
0.553173
0.489784
0.562371
0.480262
0.563535
0.481387
0.551984
0.530854
0.431916
0.465856
0.505095
0.466941
0.506578
0.529612
-0.318469
-0.320304
-0.318262
-0.320247
-0.318199
-0.320198
-0.318539
-0.319129
-0.320823
-0.320828
-0.31997
-0.320783
-0.319869
-0.319219
-0.318469
-0.320304
-0.318262
-0.320247
-0.318199
-0.320198
-0.318539
-0.319129
-0.320823
-0.320828
-0.31997
-0.320783
-0.319869
-0.319219
-0.37364
-0.144919
-0.162279
-0.328331
-0.164363
-0.328213
-0.374494
-0.37364
-0.144919
-0.162279
-0.328331
-0.164363
-0.328213
-0.374493
-0.366972
-0.344552
-0.354971
-0.357771
-0.355127
-0.358232
-0.366998
-0.366972
-0.344552
-0.354971
-0.357771
-0.355127
-0.358232
-0.366998
0.101973
0.0908466
0.209836
0.0866069
0.209101
0.15478
0.155343
0.101973
0.0908466
0.209836
0.0866069
0.209101
0.15478
0.155343
-0.334527
-0.335587
-0.330076
-0.335748
-0.330114
-0.326087
-0.326005
-0.334527
-0.335587
-0.330076
-0.335748
-0.330114
-0.326087
-0.326005
0.102582
0.210344
0.0915523
0.209608
0.0873118
0.15535
0.155913
0.102582
0.210344
0.0915523
0.209608
0.0873119
0.15535
0.155913
-0.330942
-0.32654
-0.331869
-0.326586
-0.332037
-0.322271
-0.322179
0.0585837
0.149696
0.0758139
0.102211
0.0585837
0.149696
0.0758139
-0.302991
-0.321644
-0.342482
-0.311059
-0.302991
-0.321644
-0.342482
0.250284
0.250861
0.28389
0.213729
0.250284
0.250861
0.28389
-0.327366
-0.333899
-0.339033
-0.332851
-0.327366
-0.333899
-0.339033
0.284128
0.213896
0.250563
0.251021
0.284128
0.213896
0.250563
-0.334872
-0.327316
-0.323073
-0.3292
-0.334872
-0.327316
-0.323073
0.0765624
0.10264
0.0593193
0.15016
0.0765624
0.10264
0.0593193
-0.336489
-0.307528
-0.297805
-0.317532
-0.336489
-0.307528
-0.297805
)
;

boundaryField
{
    inlet
    {
        type            zeroGradient;
    }
    outlet
    {
        type            fixedValue;
        value           uniform 0;
    }
    top
    {
        type            symmetryPlane;
    }
    bottom
    {
        type            symmetryPlane;
    }
    front
    {
        type            symmetryPlane;
    }
    back
    {
        type            symmetryPlane;
    }
    cylinder
    {
        type            zeroGradient;
    }
}


// ************************************************************************* //
