/*--------------------------------*- C++ -*----------------------------------*\
  =========                 |
  \\      /  F ield         | OpenFOAM: The Open Source CFD Toolbox
   \\    /   O peration     | Website:  https://openfoam.org
    \\  /    A nd           | Version:  11
     \\/     M anipulation  |
\*---------------------------------------------------------------------------*/
FoamFile
{
    format      ascii;
    class       volScalarField;
    location    "2.359392";
    object      p;
}
// * * * * * * * * * * * * * * * * * * * * * * * * * * * * * * * * * * * * * //

dimensions      [0 2 -2 0 0 0 0];

internalField   nonuniform List<scalar> 
7132
(
0.0513958
0.0499601
0.0451174
0.0380298
0.0281049
0.0150285
-0.00130186
-0.0209137
-0.0433127
-0.0675634
-0.0922331
-0.11537
-0.13569
-0.151944
-0.163105
-0.168576
-0.168162
-0.162222
-0.151655
-0.137757
-0.121965
-0.105606
-0.0897291
-0.0750504
-0.0619738
-0.0506541
-0.0410724
-0.033102
-0.0265614
-0.0212497
-0.0169697
-0.0135406
-0.0108038
-0.00862469
-0.00689143
-0.00551281
-0.00441532
-0.00354023
-0.00284075
-0.00227958
-0.00182707
-0.00145997
-0.00116063
-0.000916234
-0.000717632
-0.00055779
-0.000430556
-0.000330199
-0.000251596
-0.000190506
-0.000143537
-0.00010788
-8.10941e-05
-6.10656e-05
-4.6055e-05
-3.47292e-05
-2.61257e-05
-1.9569e-05
-1.45792e-05
-1.0801e-05
-7.95934e-06
-5.8362e-06
-4.25888e-06
-3.09189e-06
-2.23078e-06
-1.59613e-06
-1.12857e-06
-7.84028e-07
-5.30156e-07
-3.431e-07
-2.05419e-07
-1.04125e-07
-2.97345e-08
2.4893e-08
6.49003e-08
9.42055e-08
1.15555e-07
1.31102e-07
1.42288e-07
1.50316e-07
1.55928e-07
1.59812e-07
1.62333e-07
1.63906e-07
1.64686e-07
1.64942e-07
1.64718e-07
1.642e-07
1.63375e-07
1.62384e-07
1.61181e-07
1.59886e-07
1.58432e-07
1.56927e-07
1.55295e-07
1.53637e-07
1.51872e-07
1.50096e-07
1.48225e-07
1.46352e-07
1.44394e-07
1.42441e-07
1.40409e-07
1.38387e-07
1.36291e-07
1.34209e-07
1.32056e-07
1.29921e-07
1.27718e-07
1.25536e-07
1.23289e-07
1.21065e-07
1.18779e-07
1.16516e-07
1.14195e-07
1.11898e-07
1.09545e-07
1.07218e-07
1.04837e-07
1.02482e-07
1.00075e-07
9.76952e-08
9.52648e-08
9.28624e-08
9.0411e-08
8.79879e-08
8.55173e-08
8.30754e-08
8.05874e-08
7.81283e-08
7.56243e-08
7.31494e-08
7.06308e-08
6.81415e-08
6.56097e-08
6.31072e-08
6.05633e-08
5.80488e-08
5.54939e-08
5.29684e-08
5.04035e-08
4.78681e-08
4.5294e-08
4.27496e-08
4.01669e-08
3.76143e-08
3.50234e-08
3.24634e-08
2.98638e-08
2.72985e-08
2.46894e-08
2.21222e-08
1.95032e-08
1.69402e-08
1.43025e-08
1.17754e-08
9.03812e-09
6.69542e-09
3.51783e-09
2.5127e-09
0.0519682
0.0505444
0.0457434
0.0386995
0.0288099
0.0157323
-0.000661036
-0.020437
-0.0431018
-0.0677177
-0.0927806
-0.116224
-0.136798
-0.153243
-0.164516
-0.170011
-0.169517
-0.163391
-0.152557
-0.138354
-0.122267
-0.105657
-0.0895916
-0.0747898
-0.0616469
-0.0503049
-0.0407312
-0.0327876
-0.0262832
-0.0210108
-0.0167691
-0.0133751
-0.010669
-0.00851594
-0.00680432
-0.00544336
-0.00436012
-0.00349642
-0.00280599
-0.00225197
-0.00180509
-0.00144237
-0.00114643
-0.000904674
-0.00070815
-0.000549987
-0.00042415
-0.000324969
-0.000247352
-0.00018708
-0.000140784
-0.000105684
-7.93653e-05
-5.97267e-05
-4.50355e-05
-3.39633e-05
-2.55548e-05
-1.91448e-05
-1.42646e-05
-1.05681e-05
-7.78732e-06
-5.70919e-06
-4.16492e-06
-3.0221e-06
-2.17873e-06
-1.55722e-06
-1.09951e-06
-7.62395e-07
-5.14145e-07
-3.3131e-07
-1.96766e-07
-9.77796e-08
-2.50771e-08
2.8317e-08
6.74201e-08
9.60613e-08
1.16921e-07
1.32107e-07
1.43027e-07
1.50861e-07
1.56328e-07
1.60108e-07
1.62551e-07
1.64067e-07
1.64805e-07
1.65031e-07
1.64783e-07
1.6425e-07
1.6341e-07
1.62412e-07
1.61201e-07
1.59902e-07
1.58443e-07
1.56937e-07
1.55301e-07
1.53643e-07
1.51875e-07
1.501e-07
1.48226e-07
1.46355e-07
1.44394e-07
1.42443e-07
1.40409e-07
1.38389e-07
1.3629e-07
1.3421e-07
1.32055e-07
1.29922e-07
1.27717e-07
1.25537e-07
1.23288e-07
1.21065e-07
1.18777e-07
1.16517e-07
1.14193e-07
1.11899e-07
1.09544e-07
1.07219e-07
1.04835e-07
1.02482e-07
1.00073e-07
9.76956e-08
9.52629e-08
9.28628e-08
9.04091e-08
8.79883e-08
8.55154e-08
8.30758e-08
8.05855e-08
7.81286e-08
7.56224e-08
7.31498e-08
7.0629e-08
6.81419e-08
6.56079e-08
6.31076e-08
6.05615e-08
5.80492e-08
5.54921e-08
5.29689e-08
5.04018e-08
4.78686e-08
4.52924e-08
4.27501e-08
4.01654e-08
3.76149e-08
3.50219e-08
3.24641e-08
2.98624e-08
2.72992e-08
2.46878e-08
2.21228e-08
1.95016e-08
1.69412e-08
1.4301e-08
1.17775e-08
9.0353e-09
6.70135e-09
3.50206e-09
2.54442e-09
0.0531078
0.0517092
0.0469935
0.0400422
0.0302287
0.0171554
0.000641757
-0.0194621
-0.0426643
-0.0680286
-0.0938951
-0.117955
-0.139038
-0.155867
-0.167367
-0.172916
-0.172263
-0.165763
-0.154387
-0.139563
-0.122873
-0.105753
-0.0893079
-0.0742589
-0.0609844
-0.0495997
-0.0400443
-0.0321559
-0.0257253
-0.0205325
-0.0163682
-0.0130445
-0.0104
-0.00829914
-0.00663079
-0.0053051
-0.0042503
-0.00340934
-0.00273701
-0.00219732
-0.00176171
-0.00140777
-0.00111859
-0.000882011
-0.000689495
-0.00053453
-0.000411349
-0.000314439
-0.00023878
-0.000180182
-0.000135301
-0.000101384
-7.60432e-05
-5.71982e-05
-4.31332e-05
-3.25386e-05
-2.4485e-05
-1.83368e-05
-1.36519e-05
-1.01039e-05
-7.43721e-06
-5.44688e-06
-3.96955e-06
-2.87718e-06
-2.07144e-06
-1.47782e-06
-1.04074e-06
-7.18913e-07
-4.82005e-07
-3.07595e-07
-1.79299e-07
-8.49345e-08
-1.5638e-08
3.5252e-08
7.25163e-08
9.98074e-08
1.19675e-07
1.34132e-07
1.44516e-07
1.51956e-07
1.57133e-07
1.60701e-07
1.62987e-07
1.64389e-07
1.65042e-07
1.65206e-07
1.64912e-07
1.64346e-07
1.63482e-07
1.62466e-07
1.61241e-07
1.59932e-07
1.58465e-07
1.56954e-07
1.55314e-07
1.53654e-07
1.51883e-07
1.50106e-07
1.48231e-07
1.4636e-07
1.44398e-07
1.42447e-07
1.40411e-07
1.38392e-07
1.36292e-07
1.34212e-07
1.32057e-07
1.29924e-07
1.27719e-07
1.25539e-07
1.23289e-07
1.21067e-07
1.18778e-07
1.16519e-07
1.14194e-07
1.11901e-07
1.09545e-07
1.0722e-07
1.04836e-07
1.02484e-07
1.00074e-07
9.76973e-08
9.52639e-08
9.28644e-08
9.04099e-08
8.79898e-08
8.55162e-08
8.30773e-08
8.05862e-08
7.81301e-08
7.56231e-08
7.31512e-08
7.06296e-08
6.81433e-08
6.56085e-08
6.31089e-08
6.05621e-08
5.80505e-08
5.54926e-08
5.29701e-08
5.04022e-08
4.78697e-08
4.52927e-08
4.27512e-08
4.01657e-08
3.76159e-08
3.50221e-08
3.24651e-08
2.98626e-08
2.73001e-08
2.46879e-08
2.21236e-08
1.95015e-08
1.69421e-08
1.43004e-08
1.17798e-08
9.03121e-09
6.70985e-09
3.47596e-09
2.59357e-09
0.0548049
0.0534463
0.0488656
0.0420637
0.0323788
0.0193285
0.00264849
-0.0179465
-0.0419709
-0.0685054
-0.0956227
-0.120612
-0.142465
-0.159878
-0.171726
-0.17736
-0.176464
-0.169383
-0.157163
-0.141376
-0.123759
-0.105863
-0.088844
-0.0734278
-0.059963
-0.0485219
-0.039001
-0.0312011
-0.0248854
-0.0198147
-0.015768
-0.0125509
-0.00999906
-0.00797646
-0.00637278
-0.00509972
-0.00408724
-0.00328006
-0.00263456
-0.00211609
-0.00169714
-0.00135618
-0.00107699
-0.000848075
-0.000661508
-0.000511308
-0.0003921
-0.000298599
-0.000225888
-0.00016982
-0.00012708
-9.49555e-05
-7.10943e-05
-5.3447e-05
-4.03219e-05
-3.04397e-05
-2.29119e-05
-1.7149e-05
-1.27502e-05
-9.41902e-06
-6.91878e-06
-5.05646e-06
-3.677e-06
-2.65889e-06
-1.90906e-06
-1.35732e-06
-9.51483e-07
-6.52912e-07
-4.33287e-07
-2.7169e-07
-1.52873e-07
-6.54988e-08
-1.35153e-09
4.57534e-08
8.02336e-08
1.0548e-07
1.23842e-07
1.37195e-07
1.46765e-07
1.53609e-07
1.58346e-07
1.61593e-07
1.63641e-07
1.6487e-07
1.65394e-07
1.65466e-07
1.65101e-07
1.64486e-07
1.63583e-07
1.62541e-07
1.61294e-07
1.59972e-07
1.58493e-07
1.56975e-07
1.55328e-07
1.53665e-07
1.51889e-07
1.50112e-07
1.48233e-07
1.46362e-07
1.44398e-07
1.42447e-07
1.4041e-07
1.38391e-07
1.3629e-07
1.34212e-07
1.32055e-07
1.29923e-07
1.27717e-07
1.25538e-07
1.23287e-07
1.21066e-07
1.18776e-07
1.16518e-07
1.14192e-07
1.119e-07
1.09543e-07
1.0722e-07
1.04834e-07
1.02484e-07
1.00072e-07
9.76967e-08
9.52623e-08
9.28639e-08
9.04085e-08
8.79894e-08
8.55149e-08
8.3077e-08
8.0585e-08
7.81298e-08
7.56219e-08
7.31509e-08
7.06285e-08
6.81431e-08
6.56074e-08
6.31088e-08
6.0561e-08
5.80504e-08
5.54916e-08
5.297e-08
5.04013e-08
4.78697e-08
4.52919e-08
4.27513e-08
4.01649e-08
3.7616e-08
3.50214e-08
3.24652e-08
2.98618e-08
2.73002e-08
2.46871e-08
2.21238e-08
1.95005e-08
1.69427e-08
1.42988e-08
1.1782e-08
9.02551e-09
6.71961e-09
3.44618e-09
2.64837e-09
0.0570436
0.0557423
0.0513546
0.044772
0.0352861
0.0222989
0.00542574
-0.0158206
-0.0409707
-0.0691614
-0.0980346
-0.124269
-0.147157
-0.165361
-0.17769
-0.183456
-0.18224
-0.174361
-0.160967
-0.143837
-0.124932
-0.105967
-0.0881693
-0.0722641
-0.0585543
-0.0470502
-0.0375868
-0.0299146
-0.0237592
-0.0188563
-0.0149693
-0.0118959
-0.00946821
-0.00755004
-0.00603236
-0.00482905
-0.00387253
-0.00310993
-0.00249977
-0.0020092
-0.00161216
-0.00128824
-0.00102218
-0.00080335
-0.000624614
-0.000480693
-0.000366724
-0.000277723
-0.000208911
-0.000156196
-0.000116304
-8.65675e-05
-6.46766e-05
-4.86148e-05
-3.67211e-05
-2.77589e-05
-2.09004e-05
-1.56233e-05
-1.1585e-05
-8.52889e-06
-6.24219e-06
-4.54576e-06
-3.29415e-06
-2.37349e-06
-1.69718e-06
-1.20045e-06
-8.35536e-07
-5.67308e-07
-3.70146e-07
-2.25161e-07
-1.18618e-07
-4.02986e-08
1.71763e-08
5.93724e-08
9.02418e-08
1.12836e-07
1.29247e-07
1.41168e-07
1.49685e-07
1.55755e-07
1.59923e-07
1.62753e-07
1.64494e-07
1.65498e-07
1.65856e-07
1.65806e-07
1.65351e-07
1.64671e-07
1.63718e-07
1.62642e-07
1.61368e-07
1.60027e-07
1.58533e-07
1.57006e-07
1.5535e-07
1.53682e-07
1.51901e-07
1.50122e-07
1.4824e-07
1.46368e-07
1.44402e-07
1.42451e-07
1.40412e-07
1.38394e-07
1.36292e-07
1.34214e-07
1.32056e-07
1.29925e-07
1.27717e-07
1.25539e-07
1.23288e-07
1.21068e-07
1.18777e-07
1.16519e-07
1.14193e-07
1.11901e-07
1.09543e-07
1.07221e-07
1.04835e-07
1.02485e-07
1.00073e-07
9.76977e-08
9.52626e-08
9.28649e-08
9.04087e-08
8.79904e-08
8.55151e-08
8.30779e-08
8.05852e-08
7.81307e-08
7.56221e-08
7.31518e-08
7.06286e-08
6.81439e-08
6.56075e-08
6.31096e-08
6.05611e-08
5.80511e-08
5.54917e-08
5.29708e-08
5.04014e-08
4.78705e-08
4.52919e-08
4.2752e-08
4.0165e-08
3.76167e-08
3.50214e-08
3.24659e-08
2.98618e-08
2.73009e-08
2.46869e-08
2.21244e-08
1.95e-08
1.69435e-08
1.42975e-08
1.17847e-08
9.01994e-09
6.72983e-09
3.41889e-09
2.69834e-09
0.0598014
0.0585781
0.0544519
0.0481759
0.0389842
0.0261309
0.00906605
-0.0129853
-0.0395908
-0.0700231
-0.101243
-0.12903
-0.153224
-0.172439
-0.185398
-0.191356
-0.189726
-0.180789
-0.165833
-0.146926
-0.126337
-0.105994
-0.0872132
-0.0707073
-0.0567122
-0.0451523
-0.0357819
-0.028286
-0.0223431
-0.0176577
-0.0139751
-0.0110836
-0.00881209
-0.00702434
-0.00561353
-0.00449652
-0.00360898
-0.00290115
-0.00233428
-0.00187783
-0.00150752
-0.0012044
-0.000954392
-0.000747929
-0.000578854
-0.00044272
-0.000335268
-0.000251867
-0.000187906
-0.000139362
-0.000103018
-7.62606e-05
-5.68285e-05
-4.27396e-05
-3.23669e-05
-2.45281e-05
-1.84765e-05
-1.37804e-05
-1.01729e-05
-7.44755e-06
-5.41909e-06
-3.924e-06
-2.82776e-06
-2.02563e-06
-1.43884e-06
-1.00915e-06
-6.94169e-07
-4.62979e-07
-2.93235e-07
-1.68514e-07
-7.69305e-08
-9.63761e-09
3.97169e-08
7.59405e-08
1.02417e-07
1.21783e-07
1.35822e-07
1.46e-07
1.53235e-07
1.58365e-07
1.61841e-07
1.64164e-07
1.6553e-07
1.66261e-07
1.66416e-07
1.66219e-07
1.65654e-07
1.64895e-07
1.63882e-07
1.62763e-07
1.61457e-07
1.60094e-07
1.58581e-07
1.57042e-07
1.55376e-07
1.53702e-07
1.51915e-07
1.50132e-07
1.48247e-07
1.46374e-07
1.44405e-07
1.42455e-07
1.40414e-07
1.38396e-07
1.36292e-07
1.34215e-07
1.32056e-07
1.29925e-07
1.27717e-07
1.2554e-07
1.23287e-07
1.21068e-07
1.18776e-07
1.16519e-07
1.14192e-07
1.11901e-07
1.09543e-07
1.07221e-07
1.04834e-07
1.02485e-07
1.00072e-07
9.7698e-08
9.52621e-08
9.28652e-08
9.04082e-08
8.79907e-08
8.55146e-08
8.30782e-08
8.05847e-08
7.81311e-08
7.56217e-08
7.31522e-08
7.06282e-08
6.81443e-08
6.56071e-08
6.31099e-08
6.05607e-08
5.80515e-08
5.54913e-08
5.29711e-08
5.0401e-08
4.78708e-08
4.52916e-08
4.27523e-08
4.01646e-08
3.76171e-08
3.50211e-08
3.24663e-08
2.98615e-08
2.73012e-08
2.46864e-08
2.21247e-08
1.94992e-08
1.69442e-08
1.4296e-08
1.17872e-08
9.01452e-09
6.73934e-09
3.39634e-09
2.73903e-09
0.0630475
0.0619269
0.0581439
0.0522836
0.0435135
0.0309075
0.0136942
-0.00930038
-0.037724
-0.071131
-0.105408
-0.135038
-0.160803
-0.181259
-0.195022
-0.201284
-0.199172
-0.188902
-0.171933
-0.150728
-0.127981
-0.105904
-0.0859137
-0.0686955
-0.0543854
-0.0427915
-0.0335628
-0.0263024
-0.0206314
-0.0162183
-0.0127875
-0.0101176
-0.00803456
-0.0064032
-0.00511982
-0.00410524
-0.00329926
-0.00265595
-0.00213992
-0.00172342
-0.00138438
-0.00110557
-0.000874376
-0.00068246
-0.000524803
-0.000397908
-0.000298197
-0.000221445
-0.000163231
-0.000119626
-8.74891e-05
-6.42738e-05
-4.77665e-05
-3.60136e-05
-2.74208e-05
-2.08727e-05
-1.57297e-05
-1.16798e-05
-8.5527e-06
-6.20077e-06
-4.46785e-06
-3.20515e-06
-2.28894e-06
-1.62429e-06
-1.14129e-06
-7.89208e-07
-5.31876e-07
-3.43346e-07
-2.0511e-07
-1.03638e-07
-2.91966e-08
2.54673e-08
6.55237e-08
9.49084e-08
1.16356e-07
1.32027e-07
1.4335e-07
1.51533e-07
1.57301e-07
1.61355e-07
1.64039e-07
1.65781e-07
1.66719e-07
1.67137e-07
1.67061e-07
1.66695e-07
1.66005e-07
1.65154e-07
1.64073e-07
1.62905e-07
1.61561e-07
1.60172e-07
1.58639e-07
1.57086e-07
1.55408e-07
1.53727e-07
1.51933e-07
1.50147e-07
1.48258e-07
1.46383e-07
1.44412e-07
1.4246e-07
1.40418e-07
1.384e-07
1.36295e-07
1.34218e-07
1.32057e-07
1.29928e-07
1.27718e-07
1.25542e-07
1.23288e-07
1.2107e-07
1.18777e-07
1.16521e-07
1.14193e-07
1.11903e-07
1.09543e-07
1.07222e-07
1.04835e-07
1.02486e-07
1.00073e-07
9.76992e-08
9.52626e-08
9.28664e-08
9.04087e-08
8.79919e-08
8.55151e-08
8.30793e-08
8.05852e-08
7.81321e-08
7.5622e-08
7.31532e-08
7.06286e-08
6.81452e-08
6.56074e-08
6.31108e-08
6.0561e-08
5.80523e-08
5.54916e-08
5.29719e-08
5.04012e-08
4.78716e-08
4.52917e-08
4.27531e-08
4.01648e-08
3.76179e-08
3.50213e-08
3.2467e-08
2.98616e-08
2.73019e-08
2.46864e-08
2.21253e-08
1.94988e-08
1.69451e-08
1.42948e-08
1.17898e-08
9.01001e-09
6.74782e-09
3.37912e-09
2.77011e-09
0.0667414
0.0657526
0.0624091
0.0570992
0.0489181
0.0367295
0.0194692
-0.00457754
-0.0352233
-0.0725601
-0.110766
-0.142467
-0.170061
-0.192014
-0.206791
-0.213479
-0.210778
-0.19882
-0.179294
-0.155191
-0.12976
-0.105574
-0.0841563
-0.066135
-0.0515055
-0.0399229
-0.0309039
-0.0239522
-0.0186223
-0.0145417
-0.0114132
-0.00900578
-0.00714361
-0.005694
-0.00455766
-0.0036606
-0.00294769
-0.00237769
-0.00191921
-0.00154778
-0.00124395
-0.00099255
-0.000782612
-0.000607243
-0.00046267
-0.000346427
-0.000255667
-0.000186592
-0.000135001
-9.7086e-05
-6.98075e-05
-5.06973e-05
-3.75856e-05
-2.85337e-05
-2.19723e-05
-1.68652e-05
-1.27124e-05
-9.35672e-06
-6.74839e-06
-4.80677e-06
-3.4033e-06
-2.40135e-06
-1.68726e-06
-1.17673e-06
-8.09847e-07
-5.44473e-07
-3.51451e-07
-2.10443e-07
-1.07269e-07
-3.1644e-08
2.37526e-08
6.43955e-08
9.41348e-08
1.15934e-07
1.31805e-07
1.4338e-07
1.51692e-07
1.57665e-07
1.61808e-07
1.64669e-07
1.66475e-07
1.67573e-07
1.68038e-07
1.68108e-07
1.67775e-07
1.67222e-07
1.66393e-07
1.65441e-07
1.64285e-07
1.63062e-07
1.61677e-07
1.60259e-07
1.58703e-07
1.57134e-07
1.55444e-07
1.53754e-07
1.51954e-07
1.50163e-07
1.48269e-07
1.46392e-07
1.44419e-07
1.42466e-07
1.40422e-07
1.38404e-07
1.36298e-07
1.34221e-07
1.32059e-07
1.2993e-07
1.2772e-07
1.25543e-07
1.23289e-07
1.21071e-07
1.18778e-07
1.16522e-07
1.14194e-07
1.11904e-07
1.09544e-07
1.07224e-07
1.04835e-07
1.02487e-07
1.00073e-07
9.77004e-08
9.52631e-08
9.28675e-08
9.04092e-08
8.79929e-08
8.55155e-08
8.30803e-08
8.05855e-08
7.81331e-08
7.56224e-08
7.31541e-08
7.06289e-08
6.81461e-08
6.56076e-08
6.31116e-08
6.05612e-08
5.80531e-08
5.54917e-08
5.29727e-08
5.04013e-08
4.78723e-08
4.52918e-08
4.27538e-08
4.01648e-08
3.76185e-08
3.50213e-08
3.24676e-08
2.98616e-08
2.73024e-08
2.46862e-08
2.21258e-08
1.94982e-08
1.69458e-08
1.42936e-08
1.1792e-08
9.00619e-09
6.7549e-09
3.36633e-09
2.7929e-09
0.0708312
0.0700081
0.0672157
0.0626208
0.0552446
0.0437188
0.0265962
0.00144611
-0.031875
-0.0744239
-0.11766
-0.151559
-0.181196
-0.204887
-0.220943
-0.228336
-0.225045
-0.211025
-0.188249
-0.160458
-0.13167
-0.104917
-0.0818294
-0.0629236
-0.0479941
-0.0364938
-0.0277739
-0.0212201
-0.0163107
-0.0126292
-0.00985655
-0.00775385
-0.00614526
-0.00490244
-0.0039322
-0.00316705
-0.00255808
-0.00206955
-0.00167474
-0.001353
-0.00108792
-0.000866684
-0.00068023
-0.000523254
-0.00039333
-0.000289073
-0.000208389
-0.000147931
-0.000103738
-7.21779e-05
-5.03432e-05
-3.58585e-05
-2.65829e-05
-2.05649e-05
-1.62433e-05
-1.26744e-05
-9.54018e-06
-6.8847e-06
-4.80662e-06
-3.2973e-06
-2.24915e-06
-1.53111e-06
-1.03727e-06
-6.94327e-07
-4.53394e-07
-2.81787e-07
-1.58102e-07
-6.81871e-08
-2.62647e-09
4.5313e-08
8.0332e-08
1.05983e-07
1.24696e-07
1.38391e-07
1.48306e-07
1.55506e-07
1.60603e-07
1.64215e-07
1.66622e-07
1.6821e-07
1.69079e-07
1.6949e-07
1.69448e-07
1.69148e-07
1.68541e-07
1.67787e-07
1.6681e-07
1.6575e-07
1.64513e-07
1.63232e-07
1.61803e-07
1.60353e-07
1.58773e-07
1.57187e-07
1.55484e-07
1.53785e-07
1.51977e-07
1.50182e-07
1.48283e-07
1.46404e-07
1.44427e-07
1.42474e-07
1.40428e-07
1.38409e-07
1.36302e-07
1.34225e-07
1.32062e-07
1.29933e-07
1.27722e-07
1.25546e-07
1.23291e-07
1.21074e-07
1.1878e-07
1.16524e-07
1.14195e-07
1.11906e-07
1.09545e-07
1.07226e-07
1.04837e-07
1.02489e-07
1.00074e-07
9.77021e-08
9.52642e-08
9.28691e-08
9.04103e-08
8.79945e-08
8.55165e-08
8.30818e-08
8.05865e-08
7.81345e-08
7.56233e-08
7.31554e-08
7.06296e-08
6.81473e-08
6.56083e-08
6.31128e-08
6.05618e-08
5.80541e-08
5.54923e-08
5.29736e-08
5.04018e-08
4.78732e-08
4.52923e-08
4.27546e-08
4.01653e-08
3.76193e-08
3.50217e-08
3.24684e-08
2.98619e-08
2.73032e-08
2.46863e-08
2.21264e-08
1.9498e-08
1.69465e-08
1.42927e-08
1.17941e-08
9.00329e-09
6.76077e-09
3.35717e-09
2.80939e-09
0.0752514
0.0746323
0.0725173
0.0688324
0.0625328
0.0520095
0.0353221
0.00911653
-0.0273939
-0.0769377
-0.126574
-0.162554
-0.194438
-0.220182
-0.237817
-0.246058
-0.242152
-0.225612
-0.19879
-0.166423
-0.133538
-0.103747
-0.0787652
-0.0589322
-0.0437634
-0.0324524
-0.0241484
-0.0180999
-0.0137016
-0.0104919
-0.00813117
-0.0063756
-0.00505225
-0.00403963
-0.0032527
-0.00263211
-0.00213632
-0.00173601
-0.00140983
-0.00114146
-0.000917911
-0.000729059
-0.000567946
-0.000430998
-0.000317175
-0.000226173
-0.000156639
-0.000105681
-6.96119e-05
-4.50324e-05
-2.9214e-05
-1.9886e-05
-1.49083e-05
-1.22689e-05
-1.03844e-05
-8.41807e-06
-6.29122e-06
-4.31029e-06
-2.75622e-06
-1.69391e-06
-1.02381e-06
-6.10073e-07
-3.51495e-07
-1.86639e-07
-7.90383e-08
-6.39397e-09
4.43269e-08
8.06092e-08
1.06753e-07
1.25711e-07
1.39415e-07
1.49395e-07
1.5659e-07
1.61822e-07
1.6552e-07
1.68154e-07
1.69897e-07
1.71047e-07
1.71644e-07
1.71903e-07
1.71796e-07
1.7149e-07
1.7092e-07
1.70233e-07
1.6934e-07
1.68378e-07
1.67246e-07
1.66073e-07
1.64752e-07
1.6341e-07
1.61935e-07
1.60452e-07
1.58847e-07
1.57243e-07
1.55526e-07
1.53817e-07
1.52001e-07
1.50201e-07
1.48298e-07
1.46416e-07
1.44437e-07
1.42482e-07
1.40434e-07
1.38415e-07
1.36306e-07
1.34229e-07
1.32066e-07
1.29937e-07
1.27725e-07
1.25549e-07
1.23294e-07
1.21077e-07
1.18782e-07
1.16527e-07
1.14197e-07
1.11908e-07
1.09547e-07
1.07228e-07
1.04838e-07
1.02491e-07
1.00076e-07
9.77039e-08
9.52656e-08
9.28709e-08
9.04115e-08
8.79961e-08
8.55177e-08
8.30834e-08
8.05876e-08
7.8136e-08
7.56242e-08
7.31567e-08
7.06305e-08
6.81485e-08
6.56091e-08
6.31139e-08
6.05625e-08
5.80552e-08
5.54929e-08
5.29746e-08
5.04024e-08
4.78741e-08
4.52928e-08
4.27555e-08
4.01657e-08
3.76201e-08
3.50221e-08
3.24692e-08
2.98622e-08
2.73038e-08
2.46864e-08
2.2127e-08
1.94978e-08
1.69472e-08
1.42919e-08
1.17959e-08
9.00103e-09
6.76542e-09
3.35059e-09
2.82117e-09
0.0799216
0.0795486
0.0782494
0.0757018
0.0708134
0.0617576
0.045963
0.018935
-0.0213484
-0.0804032
-0.138293
-0.175877
-0.209948
-0.23798
-0.257751
-0.267793
-0.263236
-0.243559
-0.211516
-0.173291
-0.135305
-0.101885
-0.0747713
-0.0540035
-0.0387043
-0.0277323
-0.0199926
-0.0145779
-0.0107939
-0.00813483
-0.00624511
-0.00487989
-0.00387316
-0.00311338
-0.00252605
-0.00206168
-0.00168742
-0.00138128
-0.00112795
-0.000915991
-0.000736269
-0.000581641
-0.000447472
-0.000331996
-0.000235584
-0.00015897
-0.000101505
-6.07461e-05
-3.33534e-05
-1.62353e-05
-6.90877e-06
-3.21681e-06
-2.96952e-06
-4.0177e-06
-4.70581e-06
-4.32257e-06
-3.10918e-06
-1.71558e-06
-6.45269e-07
-3.02321e-08
2.45512e-07
3.39449e-07
3.52533e-07
3.32953e-07
3.03098e-07
2.7408e-07
2.50133e-07
2.31714e-07
2.17747e-07
2.0725e-07
1.99313e-07
1.93394e-07
1.88908e-07
1.85562e-07
1.8296e-07
1.8097e-07
1.79315e-07
1.7797e-07
1.76735e-07
1.75648e-07
1.74551e-07
1.73519e-07
1.72414e-07
1.71335e-07
1.70153e-07
1.68979e-07
1.6769e-07
1.66402e-07
1.64996e-07
1.63592e-07
1.62071e-07
1.60554e-07
1.58923e-07
1.57302e-07
1.5557e-07
1.53852e-07
1.52028e-07
1.50222e-07
1.48315e-07
1.4643e-07
1.44448e-07
1.42492e-07
1.40442e-07
1.38422e-07
1.36312e-07
1.34235e-07
1.3207e-07
1.29941e-07
1.27729e-07
1.25553e-07
1.23297e-07
1.2108e-07
1.18785e-07
1.1653e-07
1.142e-07
1.11911e-07
1.09549e-07
1.0723e-07
1.0484e-07
1.02494e-07
1.00078e-07
9.77062e-08
9.52674e-08
9.28729e-08
9.04132e-08
8.79981e-08
8.55193e-08
8.30852e-08
8.05891e-08
7.81377e-08
7.56256e-08
7.31583e-08
7.06317e-08
6.815e-08
6.56102e-08
6.31152e-08
6.05635e-08
5.80564e-08
5.54938e-08
5.29758e-08
5.04032e-08
4.78752e-08
4.52935e-08
4.27565e-08
4.01663e-08
3.76211e-08
3.50226e-08
3.247e-08
2.98626e-08
2.73046e-08
2.46867e-08
2.21276e-08
1.94978e-08
1.69479e-08
1.42914e-08
1.17974e-08
8.99942e-09
6.76913e-09
3.34596e-09
2.82961e-09
0.0847443
0.0846607
0.0843228
0.0831627
0.0800856
0.0730981
0.0588657
0.0315371
-0.0132169
-0.0854488
-0.153652
-0.191749
-0.228194
-0.258835
-0.281019
-0.29242
-0.288126
-0.264867
-0.226395
-0.180904
-0.136715
-0.099061
-0.0696188
-0.0479755
-0.0327189
-0.0222867
-0.0152949
-0.0106634
-0.00760748
-0.00558233
-0.00422256
-0.00328879
-0.00262694
-0.0021393
-0.0017647
-0.00146545
-0.00121872
-0.00101078
-0.000833017
-0.000679353
-0.000544877
-0.000425717
-0.00031972
-0.000226959
-0.000149169
-8.80002e-05
-4.34174e-05
-1.34383e-05
4.83833e-06
1.40858e-05
1.64571e-05
1.39941e-05
9.01935e-06
3.93845e-06
5.56094e-07
-5.65791e-07
-1.00339e-07
8.45677e-07
1.49618e-06
1.669e-06
1.53498e-06
1.29664e-06
1.05868e-06
8.52711e-07
6.84566e-07
5.53511e-07
4.54869e-07
3.81901e-07
3.28002e-07
2.88206e-07
2.58755e-07
2.3704e-07
2.20958e-07
2.09101e-07
2.00251e-07
1.93673e-07
1.8865e-07
1.84833e-07
1.81782e-07
1.79361e-07
1.77283e-07
1.75531e-07
1.73897e-07
1.72428e-07
1.7096e-07
1.69575e-07
1.68131e-07
1.6673e-07
1.6524e-07
1.63774e-07
1.62206e-07
1.60656e-07
1.59e-07
1.5736e-07
1.55614e-07
1.53887e-07
1.52055e-07
1.50244e-07
1.48332e-07
1.46444e-07
1.44459e-07
1.42501e-07
1.4045e-07
1.38429e-07
1.36318e-07
1.3424e-07
1.32075e-07
1.29946e-07
1.27733e-07
1.25557e-07
1.23301e-07
1.21084e-07
1.18788e-07
1.16533e-07
1.14203e-07
1.11914e-07
1.09552e-07
1.07233e-07
1.04843e-07
1.02496e-07
1.0008e-07
9.77086e-08
9.52695e-08
9.28752e-08
9.04152e-08
8.80002e-08
8.55211e-08
8.30873e-08
8.05908e-08
7.81396e-08
7.56272e-08
7.31601e-08
7.06332e-08
6.81516e-08
6.56115e-08
6.31167e-08
6.05646e-08
5.80578e-08
5.54948e-08
5.2977e-08
5.04041e-08
4.78763e-08
4.52944e-08
4.27575e-08
4.01671e-08
3.7622e-08
3.50233e-08
3.24709e-08
2.98632e-08
2.73054e-08
2.46871e-08
2.21283e-08
1.94978e-08
1.69486e-08
1.4291e-08
1.17987e-08
8.99824e-09
6.772e-09
3.34269e-09
2.83561e-09
0.0896048
0.089854
0.0906198
0.0911192
0.0903132
0.086191
0.0744881
0.0479582
-0.00207003
-0.0930149
-0.175006
-0.210665
-0.248444
-0.282365
-0.308675
-0.324333
-0.319637
-0.291505
-0.244449
-0.189493
-0.137551
-0.0949184
-0.0629849
-0.0406178
-0.025667
-0.0160424
-0.0100245
-0.00635011
-0.00414862
-0.00284575
-0.00207638
-0.00161474
-0.0013249
-0.00112736
-0.000977293
-0.000850834
-0.000736527
-0.000629823
-0.000529481
-0.000435276
-0.000346912
-0.000264066
-0.000187205
-0.00011824
-6.00935e-05
-1.51779e-05
1.60062e-05
3.49481e-05
4.39782e-05
4.51774e-05
4.02633e-05
3.11753e-05
2.04993e-05
1.10751e-05
4.96792e-06
2.55347e-06
2.56883e-06
3.29573e-06
3.62777e-06
3.37099e-06
2.81295e-06
2.23426e-06
1.74628e-06
1.35774e-06
1.05456e-06
8.23953e-07
6.52709e-07
5.26916e-07
4.34413e-07
3.66305e-07
3.16075e-07
2.79116e-07
2.5185e-07
2.31787e-07
2.16914e-07
2.05917e-07
1.9765e-07
1.9145e-07
1.86649e-07
1.82943e-07
1.7992e-07
1.77474e-07
1.75329e-07
1.73486e-07
1.71741e-07
1.70154e-07
1.6856e-07
1.67048e-07
1.65477e-07
1.63951e-07
1.62339e-07
1.60757e-07
1.59076e-07
1.57419e-07
1.55659e-07
1.53921e-07
1.52082e-07
1.50265e-07
1.48349e-07
1.46459e-07
1.44471e-07
1.42512e-07
1.40459e-07
1.38437e-07
1.36325e-07
1.34247e-07
1.32081e-07
1.29951e-07
1.27737e-07
1.25562e-07
1.23305e-07
1.21088e-07
1.18792e-07
1.16537e-07
1.14206e-07
1.11918e-07
1.09555e-07
1.07236e-07
1.04845e-07
1.02499e-07
1.00083e-07
9.77113e-08
9.52719e-08
9.28777e-08
9.04174e-08
8.80026e-08
8.55232e-08
8.30895e-08
8.05928e-08
7.81417e-08
7.5629e-08
7.3162e-08
7.06348e-08
6.81533e-08
6.56129e-08
6.31182e-08
6.05659e-08
5.80592e-08
5.5496e-08
5.29783e-08
5.04052e-08
4.78775e-08
4.52953e-08
4.27586e-08
4.0168e-08
3.7623e-08
3.50241e-08
3.24718e-08
2.98639e-08
2.73062e-08
2.46876e-08
2.2129e-08
1.9498e-08
1.69492e-08
1.42908e-08
1.17998e-08
8.99747e-09
6.77426e-09
3.34043e-09
2.83991e-09
0.0943709
0.0949884
0.0969872
0.0993992
0.101378
0.10103
0.0932153
0.0692329
0.0127649
-0.103674
-0.202454
-0.23406
-0.273485
-0.310109
-0.340741
-0.361153
-0.357644
-0.323931
-0.266031
-0.199033
-0.137496
-0.0890674
-0.0545461
-0.0317216
-0.0174419
-0.00896618
-0.00419286
-0.00167183
-0.000459117
3.32328e-05
0.000156069
0.000110801
7.58823e-06
-9.738e-05
-0.000178901
-0.000229034
-0.000248979
-0.000244187
-0.000221325
-0.000186443
-0.000144183
-9.7986e-05
-5.09921e-05
-6.80526e-06
3.07197e-05
5.86773e-05
7.61557e-05
8.40576e-05
8.39195e-05
7.70025e-05
6.4464e-05
4.81818e-05
3.11999e-05
1.70465e-05
8.20393e-06
4.80827e-06
4.78381e-06
5.5903e-06
5.72398e-06
5.04453e-06
4.04464e-06
3.12291e-06
2.39486e-06
1.83457e-06
1.404e-06
1.07902e-06
8.39085e-07
6.63502e-07
5.3463e-07
4.39829e-07
3.70011e-07
3.18692e-07
2.80899e-07
2.53116e-07
2.32581e-07
2.17429e-07
2.06111e-07
1.97673e-07
1.91226e-07
1.86312e-07
1.82402e-07
1.79303e-07
1.76679e-07
1.74483e-07
1.72479e-07
1.707e-07
1.68965e-07
1.6735e-07
1.65702e-07
1.6412e-07
1.62466e-07
1.60853e-07
1.59149e-07
1.57475e-07
1.55702e-07
1.53956e-07
1.52109e-07
1.50287e-07
1.48367e-07
1.46473e-07
1.44483e-07
1.42523e-07
1.40468e-07
1.38445e-07
1.36332e-07
1.34253e-07
1.32087e-07
1.29957e-07
1.27743e-07
1.25567e-07
1.23309e-07
1.21092e-07
1.18796e-07
1.16541e-07
1.1421e-07
1.11921e-07
1.09559e-07
1.0724e-07
1.04849e-07
1.02502e-07
1.00086e-07
9.77143e-08
9.52746e-08
9.28806e-08
9.042e-08
8.80052e-08
8.55256e-08
8.3092e-08
8.0595e-08
7.81441e-08
7.56311e-08
7.31641e-08
7.06366e-08
6.81552e-08
6.56146e-08
6.312e-08
6.05674e-08
5.80608e-08
5.54974e-08
5.29798e-08
5.04064e-08
4.78789e-08
4.52965e-08
4.27598e-08
4.0169e-08
3.76242e-08
3.5025e-08
3.24729e-08
2.98647e-08
2.73071e-08
2.46882e-08
2.21297e-08
1.94984e-08
1.69499e-08
1.42908e-08
1.18008e-08
8.99697e-09
6.77599e-09
3.33886e-09
2.84296e-09
0.0988951
0.099909
0.103231
0.1078
0.113068
0.117715
0.115643
0.0982196
0.0333814
-0.126764
-0.24368
-0.257688
-0.298914
-0.342856
-0.381958
-0.408685
-0.405491
-0.364767
-0.29236
-0.20956
-0.135974
-0.0808141
-0.0437421
-0.0209233
-0.00783969
-0.000959218
0.00223912
0.00337967
0.00345499
0.00304293
0.00246154
0.00187479
0.00135837
0.000939588
0.000620549
0.000391159
0.000236252
0.000139523
8.57831e-05
6.22301e-05
5.8923e-05
6.84593e-05
8.50556e-05
0.000103674
0.000119914
0.000130686
0.000134733
0.000132181
0.00012345
0.000108687
8.83574e-05
6.43613e-05
4.048e-05
2.12719e-05
9.82181e-06
5.93786e-06
6.44809e-06
7.71234e-06
7.77404e-06
6.66055e-06
5.19252e-06
3.93085e-06
2.98236e-06
2.2688e-06
1.72265e-06
1.31118e-06
1.00857e-06
7.87769e-07
6.2584e-07
5.06724e-07
4.19059e-07
3.54672e-07
3.07306e-07
2.72507e-07
2.46824e-07
2.27897e-07
2.13808e-07
2.03335e-07
1.95393e-07
1.89381e-07
1.84664e-07
1.80972e-07
1.77911e-07
1.75394e-07
1.73153e-07
1.712e-07
1.69337e-07
1.67628e-07
1.65909e-07
1.64276e-07
1.62584e-07
1.60943e-07
1.59218e-07
1.57528e-07
1.55744e-07
1.53988e-07
1.52135e-07
1.50309e-07
1.48384e-07
1.46488e-07
1.44496e-07
1.42533e-07
1.40477e-07
1.38454e-07
1.3634e-07
1.3426e-07
1.32093e-07
1.29963e-07
1.27748e-07
1.25572e-07
1.23314e-07
1.21097e-07
1.188e-07
1.16545e-07
1.14214e-07
1.11925e-07
1.09562e-07
1.07243e-07
1.04852e-07
1.02506e-07
1.00089e-07
9.77175e-08
9.52776e-08
9.28835e-08
9.04227e-08
8.80079e-08
8.55281e-08
8.30946e-08
8.05974e-08
7.81465e-08
7.56333e-08
7.31663e-08
7.06385e-08
6.81571e-08
6.56163e-08
6.31217e-08
6.0569e-08
5.80624e-08
5.54988e-08
5.29812e-08
5.04077e-08
4.78802e-08
4.52976e-08
4.27611e-08
4.01701e-08
3.76253e-08
3.5026e-08
3.24739e-08
2.98655e-08
2.73079e-08
2.46889e-08
2.21304e-08
1.94988e-08
1.69505e-08
1.42909e-08
1.18016e-08
8.99671e-09
6.77735e-09
3.33781e-09
2.84514e-09
0.103019
0.104432
0.109121
0.115953
0.12502
0.13553
0.14196
0.134164
0.0617785
-0.136318
-0.309787
-0.301254
-0.329606
-0.370117
-0.414639
-0.451994
-0.452346
-0.406778
-0.319876
-0.219715
-0.132449
-0.0698697
-0.0303827
-0.0081261
0.00315443
0.00793454
0.00919685
0.00872067
0.00751408
0.00611427
0.00478351
0.00363282
0.00269361
0.00195838
0.00140274
0.000996658
0.000709959
0.000514893
0.000387351
0.000307477
0.000259837
0.00023306
0.000218949
0.000211468
0.000206142
0.000199985
0.000191369
0.000179351
0.000162847
0.000140596
0.000112272
7.99352e-05
4.84511e-05
2.38113e-05
9.88694e-06
6.03038e-06
7.6735e-06
9.73716e-06
9.7917e-06
8.19086e-06
6.2193e-06
4.62995e-06
3.49174e-06
2.64961e-06
2.00271e-06
1.51483e-06
1.15722e-06
8.96901e-07
7.05999e-07
5.65486e-07
4.62115e-07
3.86244e-07
3.30477e-07
2.8952e-07
2.59324e-07
2.37085e-07
2.20566e-07
2.08307e-07
1.99055e-07
1.9208e-07
1.86654e-07
1.82442e-07
1.78998e-07
1.76198e-07
1.7375e-07
1.71644e-07
1.69668e-07
1.67875e-07
1.66095e-07
1.64417e-07
1.62691e-07
1.61024e-07
1.59281e-07
1.57577e-07
1.55783e-07
1.5402e-07
1.5216e-07
1.5033e-07
1.48402e-07
1.46503e-07
1.44508e-07
1.42545e-07
1.40487e-07
1.38463e-07
1.36348e-07
1.34268e-07
1.321e-07
1.2997e-07
1.27754e-07
1.25578e-07
1.2332e-07
1.21102e-07
1.18805e-07
1.1655e-07
1.14218e-07
1.1193e-07
1.09566e-07
1.07248e-07
1.04856e-07
1.0251e-07
1.00092e-07
9.7721e-08
9.52809e-08
9.28868e-08
9.04258e-08
8.80111e-08
8.55311e-08
8.30975e-08
8.06003e-08
7.81494e-08
7.5636e-08
7.31689e-08
7.06408e-08
6.81593e-08
6.56183e-08
6.31237e-08
6.05708e-08
5.80642e-08
5.55005e-08
5.29829e-08
5.04093e-08
4.78817e-08
4.5299e-08
4.27625e-08
4.01713e-08
3.76265e-08
3.50271e-08
3.2475e-08
2.98665e-08
2.73089e-08
2.46897e-08
2.21313e-08
1.94993e-08
1.69512e-08
1.42912e-08
1.18023e-08
8.99664e-09
6.77841e-09
3.33711e-09
2.84666e-09
0.106579
0.108379
0.114377
0.123526
0.136627
0.15446
0.172874
0.18884
0.102639
-0.125268
-0.341887
-0.305503
-0.338816
-0.383554
-0.429688
-0.473276
-0.479574
-0.433258
-0.337297
-0.223994
-0.125269
-0.0563457
-0.0151148
0.00600905
0.0150207
0.0173405
0.0164187
0.0141687
0.0115894
0.00915464
0.00705381
0.0053335
0.00397364
0.00292775
0.00214263
0.00156712
0.00115537
0.000867788
0.000671084
0.000538264
0.000448523
0.000386856
0.000343109
0.000310673
0.00028524
0.000263913
0.000244471
0.000224603
0.000201482
0.000172319
0.000136013
9.49736e-05
5.54776e-05
2.52735e-05
9.14429e-06
5.80777e-06
8.97405e-06
1.19401e-05
1.1884e-05
9.66427e-06
7.1305e-06
5.22004e-06
3.91966e-06
2.97013e-06
2.23755e-06
1.68468e-06
1.28106e-06
9.87957e-07
7.7291e-07
6.14489e-07
4.97987e-07
4.12542e-07
3.49777e-07
3.03695e-07
2.69742e-07
2.44747e-07
2.26205e-07
2.1246e-07
2.02116e-07
1.94338e-07
1.88322e-07
1.83675e-07
1.79911e-07
1.76876e-07
1.74254e-07
1.7202e-07
1.69949e-07
1.68087e-07
1.66255e-07
1.64538e-07
1.62784e-07
1.61096e-07
1.59337e-07
1.57621e-07
1.55818e-07
1.54048e-07
1.52183e-07
1.50349e-07
1.48418e-07
1.46517e-07
1.44521e-07
1.42556e-07
1.40497e-07
1.38472e-07
1.36356e-07
1.34276e-07
1.32107e-07
1.29976e-07
1.27761e-07
1.25584e-07
1.23325e-07
1.21108e-07
1.1881e-07
1.16555e-07
1.14223e-07
1.11934e-07
1.09571e-07
1.07252e-07
1.0486e-07
1.02513e-07
1.00096e-07
9.77246e-08
9.52843e-08
9.28901e-08
9.04289e-08
8.8014e-08
8.55339e-08
8.31003e-08
8.0603e-08
7.81521e-08
7.56385e-08
7.31712e-08
7.06429e-08
6.81613e-08
6.56202e-08
6.31256e-08
6.05726e-08
5.8066e-08
5.55021e-08
5.29845e-08
5.04107e-08
4.78832e-08
4.53004e-08
4.27638e-08
4.01725e-08
3.76277e-08
3.50282e-08
3.24761e-08
2.98675e-08
2.73099e-08
2.46905e-08
2.2132e-08
1.94999e-08
1.69519e-08
1.42915e-08
1.1803e-08
8.99669e-09
6.77924e-09
3.33669e-09
2.84772e-09
0.109418
0.111548
0.118712
0.129888
0.147099
0.171588
0.207324
0.213752
0.193821
-0.142775
-0.434339
-0.32199
-0.33513
-0.383078
-0.429569
-0.476255
-0.484181
-0.438706
-0.339745
-0.22012
-0.114975
-0.0424187
-0.000518264
0.0191602
0.0259158
0.0258883
0.0229209
0.01903
0.015196
0.0118264
0.00903791
0.00681434
0.00508633
0.00377075
0.00278772
0.00206671
0.00154767
0.00118037
0.000923497
0.000744014
0.000616827
0.000524204
0.000454622
0.00040105
0.000359116
0.000325624
0.000297477
0.000270969
0.00024172
0.000205682
0.000161233
0.000111324
6.37564e-05
2.80266e-05
9.77836e-06
6.90289e-06
1.12263e-05
1.46535e-05
1.41422e-05
1.11203e-05
7.96399e-06
5.72739e-06
4.27433e-06
3.22993e-06
2.42458e-06
1.81827e-06
1.37797e-06
1.05913e-06
8.25117e-07
6.52638e-07
5.25873e-07
4.32972e-07
3.6477e-07
3.14711e-07
2.77843e-07
2.5071e-07
2.30597e-07
2.15699e-07
2.04506e-07
1.96104e-07
1.89629e-07
1.84644e-07
1.80631e-07
1.77412e-07
1.74654e-07
1.72321e-07
1.70175e-07
1.68258e-07
1.66386e-07
1.64638e-07
1.62861e-07
1.61157e-07
1.59385e-07
1.5766e-07
1.55849e-07
1.54074e-07
1.52205e-07
1.50368e-07
1.48434e-07
1.46531e-07
1.44533e-07
1.42567e-07
1.40507e-07
1.38482e-07
1.36365e-07
1.34284e-07
1.32115e-07
1.29984e-07
1.27767e-07
1.25591e-07
1.23331e-07
1.21114e-07
1.18816e-07
1.16561e-07
1.14228e-07
1.11939e-07
1.09576e-07
1.07256e-07
1.04864e-07
1.02518e-07
1.001e-07
9.77287e-08
9.52882e-08
9.2894e-08
9.04326e-08
8.80177e-08
8.55374e-08
8.31038e-08
8.06065e-08
7.81557e-08
7.56419e-08
7.31742e-08
7.06456e-08
6.81639e-08
6.56227e-08
6.3128e-08
6.05748e-08
5.80681e-08
5.55041e-08
5.29865e-08
5.04126e-08
4.7885e-08
4.5302e-08
4.27654e-08
4.0174e-08
3.76292e-08
3.50296e-08
3.24774e-08
2.98687e-08
2.7311e-08
2.46915e-08
2.2133e-08
1.95006e-08
1.69526e-08
1.4292e-08
1.18037e-08
8.99689e-09
6.77992e-09
3.33648e-09
2.84843e-09
0.111398
0.113781
0.121802
0.134646
0.154965
0.186528
0.235254
0.275699
0.332452
-0.113198
-0.32605
-0.335961
-0.381075
-0.428846
-0.474698
-0.482315
-0.43396
-0.332665
-0.211205
-0.104409
-0.0311244
0.0103396
0.0286524
0.0337213
0.0320072
0.0275839
0.0225229
0.0177922
0.0137533
0.0104724
0.00788878
0.00589792
0.00439023
0.00326639
0.00244165
0.00184554
0.00142016
0.00111864
0.000904086
0.000748849
0.000633647
0.000546023
0.000478317
0.000425571
0.000383872
0.000349222
0.000316919
0.000281664
0.000238789
0.000186588
0.000128665
7.40831e-05
3.36691e-05
1.34808e-05
1.04145e-05
1.48327e-05
1.78766e-05
1.64885e-05
1.25406e-05
8.74329e-06
6.17159e-06
4.55869e-06
3.42577e-06
2.56005e-06
1.91277e-06
1.44569e-06
1.10851e-06
8.6114e-07
6.78866e-07
5.45005e-07
4.46978e-07
3.75052e-07
3.22272e-07
2.8341e-07
2.54814e-07
2.33627e-07
2.17938e-07
2.06163e-07
1.97333e-07
1.90542e-07
1.85324e-07
1.81139e-07
1.77793e-07
1.74941e-07
1.72538e-07
1.70341e-07
1.68385e-07
1.66483e-07
1.64715e-07
1.62921e-07
1.61205e-07
1.59424e-07
1.57692e-07
1.55876e-07
1.54096e-07
1.52224e-07
1.50384e-07
1.48449e-07
1.46545e-07
1.44545e-07
1.42578e-07
1.40517e-07
1.38491e-07
1.36373e-07
1.34292e-07
1.32123e-07
1.29991e-07
1.27774e-07
1.25597e-07
1.23338e-07
1.21119e-07
1.18821e-07
1.16566e-07
1.14233e-07
1.11944e-07
1.0958e-07
1.07261e-07
1.04869e-07
1.02522e-07
1.00104e-07
9.77326e-08
9.52919e-08
9.28975e-08
9.04359e-08
8.80209e-08
8.55404e-08
8.31067e-08
8.06094e-08
7.81587e-08
7.56446e-08
7.31764e-08
7.06476e-08
6.81658e-08
6.56245e-08
6.31297e-08
6.05765e-08
5.80697e-08
5.55057e-08
5.29879e-08
5.0414e-08
4.78863e-08
4.53033e-08
4.27666e-08
4.01751e-08
3.76302e-08
3.50306e-08
3.24784e-08
2.98696e-08
2.73119e-08
2.46923e-08
2.21337e-08
1.95012e-08
1.69532e-08
1.42924e-08
1.18042e-08
8.99712e-09
6.78041e-09
3.33642e-09
2.84886e-09
0.112417
0.114932
0.123424
0.137156
0.159332
0.194864
0.252602
0.320704
0.430737
-0.328774
-0.3756
-0.420928
-0.463732
-0.468076
-0.420896
-0.320974
-0.20157
-0.0969475
-0.0250918
0.0154149
0.0327872
0.0370352
0.0345896
0.0295669
0.0240308
0.0189362
0.0146235
0.0111386
0.00840373
0.00630071
0.00470951
0.00352293
0.00265038
0.00201714
0.00156239
0.00123733
0.00100383
0.000833453
0.000706281
0.00060927
0.000534174
0.000475477
0.000428741
0.000389474
0.000352531
0.000312281
0.00026394
0.000205988
0.000142549
8.33771e-05
3.98438e-05
1.7999e-05
1.4127e-05
1.79417e-05
2.0278e-05
1.81082e-05
1.34959e-05
9.2638e-06
6.45984e-06
4.73321e-06
3.5392e-06
2.63514e-06
1.96369e-06
1.48152e-06
1.13431e-06
8.79828e-07
6.92434e-07
5.54896e-07
4.54225e-07
3.80383e-07
3.26205e-07
2.86318e-07
2.56969e-07
2.35226e-07
2.19128e-07
2.07052e-07
1.97998e-07
1.91042e-07
1.85701e-07
1.81425e-07
1.78011e-07
1.75109e-07
1.72667e-07
1.70442e-07
1.68465e-07
1.66547e-07
1.64766e-07
1.62964e-07
1.6124e-07
1.59453e-07
1.57717e-07
1.55898e-07
1.54116e-07
1.52241e-07
1.504e-07
1.48463e-07
1.46557e-07
1.44557e-07
1.42589e-07
1.40528e-07
1.385e-07
1.36382e-07
1.34301e-07
1.32131e-07
1.29999e-07
1.27782e-07
1.25604e-07
1.23344e-07
1.21126e-07
1.18828e-07
1.16572e-07
1.14239e-07
1.1195e-07
1.09586e-07
1.07266e-07
1.04874e-07
1.02527e-07
1.00109e-07
9.77373e-08
9.52966e-08
9.29021e-08
9.04404e-08
8.80253e-08
8.55447e-08
8.31109e-08
8.06136e-08
7.81632e-08
7.56491e-08
7.31807e-08
7.06518e-08
6.817e-08
6.56286e-08
6.31338e-08
6.05805e-08
5.80736e-08
5.55094e-08
5.29916e-08
5.04175e-08
4.78897e-08
4.53065e-08
4.27697e-08
4.01781e-08
3.7633e-08
3.50331e-08
3.24808e-08
2.98718e-08
2.73139e-08
2.4694e-08
2.21353e-08
1.95025e-08
1.69543e-08
1.42932e-08
1.18049e-08
8.99761e-09
6.78089e-09
3.33653e-09
2.84906e-09
0.112417
0.114932
0.123424
0.137156
0.159332
0.194864
0.252602
0.330877
0.488734
-0.325928
-0.37562
-0.420966
-0.463771
-0.468163
-0.420891
-0.320941
-0.201526
-0.0969108
-0.0250695
0.0154234
0.0327864
0.0370294
0.0345823
0.0295601
0.0240257
0.0189329
0.014622
0.0111386
0.00840469
0.00630223
0.00471123
0.00352458
0.00265176
0.00201818
0.00156308
0.00123769
0.00100393
0.000833369
0.000706095
0.000609048
0.000533965
0.000475311
0.000428626
0.000389407
0.000352499
0.00031227
0.000263936
0.000205984
0.000142542
8.3368e-05
3.98362e-05
1.79949e-05
1.41261e-05
1.7943e-05
2.02801e-05
1.81102e-05
1.34976e-05
9.26522e-06
6.46106e-06
4.73427e-06
3.54011e-06
2.63592e-06
1.96436e-06
1.4821e-06
1.1348e-06
8.80252e-07
6.92798e-07
5.55209e-07
4.54494e-07
3.80615e-07
3.26404e-07
2.8649e-07
2.57118e-07
2.35355e-07
2.1924e-07
2.07149e-07
1.98082e-07
1.91115e-07
1.85766e-07
1.81481e-07
1.78061e-07
1.75153e-07
1.72707e-07
1.70477e-07
1.68496e-07
1.66576e-07
1.64792e-07
1.62987e-07
1.61261e-07
1.59473e-07
1.57735e-07
1.55914e-07
1.54131e-07
1.52256e-07
1.50413e-07
1.48475e-07
1.46569e-07
1.44568e-07
1.42599e-07
1.40537e-07
1.38509e-07
1.36391e-07
1.34309e-07
1.32138e-07
1.30006e-07
1.27789e-07
1.25611e-07
1.23351e-07
1.21132e-07
1.18834e-07
1.16578e-07
1.14245e-07
1.11955e-07
1.09591e-07
1.07271e-07
1.04879e-07
1.02532e-07
1.00114e-07
9.77415e-08
9.53006e-08
9.29058e-08
9.0444e-08
8.80287e-08
8.55479e-08
8.31135e-08
8.06149e-08
7.81626e-08
7.56492e-08
7.31834e-08
7.06559e-08
6.81746e-08
6.56333e-08
6.31385e-08
6.05851e-08
5.80781e-08
5.55138e-08
5.29958e-08
5.04216e-08
4.78936e-08
4.53103e-08
4.27733e-08
4.01815e-08
3.76361e-08
3.50359e-08
3.24832e-08
2.98739e-08
2.73157e-08
2.46956e-08
2.21366e-08
1.95036e-08
1.69552e-08
1.4294e-08
1.18055e-08
8.99805e-09
6.78118e-09
3.33673e-09
2.84905e-09
0.111398
0.113781
0.121802
0.134646
0.154964
0.186527
0.235254
0.302877
0.414085
-0.319811
-0.334079
-0.381126
-0.428932
-0.474785
-0.482269
-0.433935
-0.332582
-0.211106
-0.104326
-0.0310715
0.0103643
0.0286576
0.0337155
0.0319968
0.027573
0.0225139
0.017786
0.0137502
0.0104719
0.00789019
0.0059005
0.00439329
0.0032694
0.00244425
0.00184753
0.0014215
0.00111937
0.000904326
0.000748741
0.000633333
0.00054563
0.000477939
0.000425266
0.000383661
0.000349097
0.000316858
0.00028164
0.000238778
0.000186576
0.000128647
7.4062e-05
3.36509e-05
1.34704e-05
1.04129e-05
1.48371e-05
1.78832e-05
1.64947e-05
1.25458e-05
8.74764e-06
6.17531e-06
4.5619e-06
3.42851e-06
2.5624e-06
1.91478e-06
1.44741e-06
1.10999e-06
8.62409e-07
6.79955e-07
5.45941e-07
4.47783e-07
3.75745e-07
3.22869e-07
2.83925e-07
2.5526e-07
2.34012e-07
2.18272e-07
2.06454e-07
1.97587e-07
1.90763e-07
1.85518e-07
1.81309e-07
1.77944e-07
1.75075e-07
1.72656e-07
1.70447e-07
1.6848e-07
1.66569e-07
1.64792e-07
1.62992e-07
1.61269e-07
1.59483e-07
1.57746e-07
1.55926e-07
1.54143e-07
1.52268e-07
1.50425e-07
1.48487e-07
1.4658e-07
1.44579e-07
1.4261e-07
1.40548e-07
1.38519e-07
1.36401e-07
1.34318e-07
1.32147e-07
1.30015e-07
1.27797e-07
1.25619e-07
1.23358e-07
1.21139e-07
1.18841e-07
1.16584e-07
1.14251e-07
1.11961e-07
1.09597e-07
1.07277e-07
1.04884e-07
1.02537e-07
1.00119e-07
9.77466e-08
9.53056e-08
9.29107e-08
9.04489e-08
8.80334e-08
8.55525e-08
8.3118e-08
8.06193e-08
7.81674e-08
7.5654e-08
7.3188e-08
7.06604e-08
6.8179e-08
6.56377e-08
6.31428e-08
6.05893e-08
5.80822e-08
5.55178e-08
5.29997e-08
5.04253e-08
4.78972e-08
4.53137e-08
4.27765e-08
4.01846e-08
3.7639e-08
3.50386e-08
3.24856e-08
2.98761e-08
2.73177e-08
2.46974e-08
2.21381e-08
1.9505e-08
1.69564e-08
1.42949e-08
1.18062e-08
8.99871e-09
6.78144e-09
3.3371e-09
2.84883e-09
0.109418
0.111548
0.118712
0.129888
0.147099
0.171588
0.207324
0.250914
0.264364
-0.250242
-0.327119
-0.338721
-0.383141
-0.429679
-0.476362
-0.484206
-0.438661
-0.339633
-0.219991
-0.114872
-0.042356
-0.000491077
0.0191639
0.0259069
0.0258747
0.0229076
0.0190195
0.0151893
0.0118235
0.00903814
0.00681676
0.00509001
0.00377485
0.00279163
0.00207
0.00155014
0.00118199
0.000924353
0.000744261
0.000616649
0.000523783
0.000454115
0.000400573
0.000358741
0.000325375
0.000297341
0.000270916
0.000241712
0.000205688
0.000161235
0.000111315
6.37402e-05
2.80112e-05
9.77052e-06
6.9047e-06
1.12348e-05
1.46643e-05
1.41524e-05
1.1129e-05
7.97128e-06
5.73361e-06
4.27967e-06
3.2345e-06
2.42847e-06
1.8216e-06
1.38083e-06
1.06159e-06
8.27223e-07
6.54446e-07
5.27426e-07
4.34307e-07
3.6592e-07
3.15702e-07
2.78697e-07
2.51448e-07
2.31236e-07
2.16253e-07
2.04988e-07
1.96524e-07
1.89996e-07
1.84965e-07
1.80913e-07
1.77662e-07
1.74875e-07
1.72517e-07
1.70351e-07
1.68415e-07
1.66527e-07
1.64766e-07
1.62977e-07
1.61263e-07
1.59482e-07
1.57749e-07
1.55932e-07
1.54151e-07
1.52276e-07
1.50434e-07
1.48497e-07
1.4659e-07
1.44589e-07
1.42619e-07
1.40557e-07
1.38529e-07
1.3641e-07
1.34326e-07
1.32156e-07
1.30022e-07
1.27804e-07
1.25626e-07
1.23365e-07
1.21146e-07
1.18847e-07
1.16591e-07
1.14257e-07
1.11967e-07
1.09602e-07
1.07282e-07
1.04889e-07
1.02542e-07
1.00124e-07
9.77511e-08
9.53099e-08
9.29148e-08
9.04528e-08
8.80371e-08
8.5556e-08
8.31213e-08
8.06227e-08
7.81708e-08
7.56572e-08
7.31905e-08
7.06628e-08
6.81812e-08
6.56399e-08
6.31448e-08
6.05913e-08
5.80841e-08
5.55196e-08
5.30014e-08
5.04269e-08
4.78987e-08
4.53152e-08
4.27778e-08
4.01859e-08
3.76402e-08
3.50398e-08
3.24867e-08
2.98772e-08
2.73187e-08
2.46983e-08
2.2139e-08
1.95058e-08
1.6957e-08
1.42956e-08
1.18066e-08
8.99927e-09
6.78148e-09
3.33756e-09
2.84836e-09
0.106578
0.108379
0.114377
0.123526
0.136627
0.15446
0.172873
0.18884
0.150293
-0.168918
-0.414327
-0.313246
-0.338833
-0.383627
-0.429798
-0.473384
-0.479587
-0.4332
-0.337174
-0.223861
-0.125166
-0.0562823
-0.0150849
0.0060168
0.0150162
0.0173309
0.0164083
0.0141601
0.0115837
0.00915197
0.00705376
0.00533538
0.00397669
0.00293125
0.00214604
0.00157006
0.00115765
0.000869348
0.000671985
0.000538628
0.000448502
0.0003866
0.000342755
0.000310326
0.000284966
0.000263738
0.000244386
0.000224584
0.000201498
0.000172343
0.00013603
9.49788e-05
5.54741e-05
2.52685e-05
9.1445e-06
5.81575e-06
8.98766e-06
1.19555e-05
1.18983e-05
9.67651e-06
7.14082e-06
5.2288e-06
3.92713e-06
2.9765e-06
2.24298e-06
1.68933e-06
1.28503e-06
9.91371e-07
7.7584e-07
6.17004e-07
5.00148e-07
4.14399e-07
3.51376e-07
3.05073e-07
2.70931e-07
2.45775e-07
2.27095e-07
2.13232e-07
2.02787e-07
1.94923e-07
1.88833e-07
1.84123e-07
1.80305e-07
1.77224e-07
1.74562e-07
1.72294e-07
1.70194e-07
1.68306e-07
1.66453e-07
1.64717e-07
1.62946e-07
1.61244e-07
1.59473e-07
1.57746e-07
1.55933e-07
1.54155e-07
1.52283e-07
1.50442e-07
1.48506e-07
1.466e-07
1.44598e-07
1.42629e-07
1.40567e-07
1.38538e-07
1.36419e-07
1.34335e-07
1.32164e-07
1.30031e-07
1.27813e-07
1.25634e-07
1.23373e-07
1.21153e-07
1.18854e-07
1.16597e-07
1.14264e-07
1.11974e-07
1.09609e-07
1.07288e-07
1.04895e-07
1.02547e-07
1.00129e-07
9.77562e-08
9.53149e-08
9.29196e-08
9.04575e-08
8.80416e-08
8.55605e-08
8.31256e-08
8.06271e-08
7.81751e-08
7.56614e-08
7.31942e-08
7.06662e-08
6.81844e-08
6.5643e-08
6.31477e-08
6.05942e-08
5.80867e-08
5.55222e-08
5.30038e-08
5.04293e-08
4.79009e-08
4.53173e-08
4.27798e-08
4.01878e-08
3.76419e-08
3.50415e-08
3.24883e-08
2.98788e-08
2.732e-08
2.46996e-08
2.214e-08
1.95069e-08
1.69578e-08
1.42965e-08
1.1807e-08
9.00002e-09
6.78142e-09
3.33822e-09
2.84761e-09
0.103019
0.104432
0.109121
0.115953
0.12502
0.135529
0.14196
0.134163
0.0617774
-0.136319
-0.309785
-0.301256
-0.329626
-0.370184
-0.414739
-0.452078
-0.452346
-0.406707
-0.319758
-0.219596
-0.132358
-0.0698135
-0.030355
-0.00811738
0.00315227
0.00792745
0.00918875
0.00871384
0.00750957
0.00611228
0.00478373
0.00363468
0.00269647
0.00196164
0.00140591
0.000999425
0.000712143
0.000516443
0.000388309
0.000307946
0.000259945
0.00023294
0.000218723
0.00021123
0.000205954
0.000199873
0.00019133
0.000179365
0.000162888
0.000140643
0.00011231
7.99606e-05
4.8466e-05
2.38218e-05
9.89898e-06
6.04658e-06
7.69287e-06
9.75697e-06
9.8098e-06
8.20646e-06
6.23253e-06
4.64117e-06
3.50128e-06
2.65773e-06
2.00963e-06
1.52075e-06
1.16229e-06
9.01252e-07
7.09733e-07
5.68691e-07
4.64869e-07
3.88612e-07
3.32515e-07
2.91277e-07
2.6084e-07
2.38395e-07
2.217e-07
2.09291e-07
1.99911e-07
1.92825e-07
1.87306e-07
1.83012e-07
1.795e-07
1.76641e-07
1.74142e-07
1.71993e-07
1.69979e-07
1.68154e-07
1.66347e-07
1.64644e-07
1.62898e-07
1.61213e-07
1.59454e-07
1.57736e-07
1.5593e-07
1.54156e-07
1.52287e-07
1.50448e-07
1.48513e-07
1.46607e-07
1.44607e-07
1.42638e-07
1.40576e-07
1.38547e-07
1.36428e-07
1.34344e-07
1.32173e-07
1.30039e-07
1.2782e-07
1.25641e-07
1.2338e-07
1.2116e-07
1.18861e-07
1.16604e-07
1.1427e-07
1.11979e-07
1.09614e-07
1.07294e-07
1.04901e-07
1.02552e-07
1.00134e-07
9.77609e-08
9.53195e-08
9.29239e-08
9.04617e-08
8.80455e-08
8.55643e-08
8.31292e-08
8.06308e-08
7.81786e-08
7.56648e-08
7.31972e-08
7.06691e-08
6.81871e-08
6.56456e-08
6.31501e-08
6.05966e-08
5.8089e-08
5.55244e-08
5.30058e-08
5.04313e-08
4.79027e-08
4.53191e-08
4.27814e-08
4.01894e-08
3.76434e-08
3.5043e-08
3.24896e-08
2.98801e-08
2.73211e-08
2.47008e-08
2.21409e-08
1.95079e-08
1.69584e-08
1.42974e-08
1.18073e-08
9.00084e-09
6.78114e-09
3.33908e-09
2.84648e-09
0.098895
0.0999089
0.103231
0.1078
0.113068
0.117715
0.115642
0.0982192
0.0333807
-0.126765
-0.243681
-0.257693
-0.298934
-0.342907
-0.382023
-0.40875
-0.405476
-0.364704
-0.292264
-0.209464
-0.135899
-0.080766
-0.043716
-0.0209127
-0.00783843
-0.000962716
0.00223408
0.00337507
0.00345183
0.00304154
0.00246178
0.00187629
0.00136068
0.000942253
0.000623199
0.00039353
0.00023819
0.000140973
8.67642e-05
6.28097e-05
5.91942e-05
6.85231e-05
8.5007e-05
0.00010359
0.000119849
0.000130662
0.000134753
0.000132233
0.000123515
0.000108752
8.84128e-05
6.44037e-05
4.05112e-05
2.12968e-05
9.8451e-06
5.96214e-06
6.47313e-06
7.73647e-06
7.79579e-06
6.67937e-06
5.20854e-06
3.94445e-06
2.99391e-06
2.27862e-06
1.73103e-06
1.31834e-06
1.01471e-06
7.9303e-07
6.30355e-07
5.106e-07
4.2239e-07
3.57536e-07
3.09772e-07
2.74631e-07
2.48658e-07
2.29482e-07
2.15181e-07
2.04525e-07
1.96429e-07
1.90283e-07
1.85452e-07
1.81663e-07
1.78519e-07
1.7593e-07
1.73628e-07
1.71623e-07
1.69715e-07
1.67966e-07
1.66214e-07
1.64552e-07
1.62835e-07
1.61171e-07
1.59428e-07
1.57721e-07
1.55923e-07
1.54154e-07
1.52289e-07
1.50453e-07
1.4852e-07
1.46615e-07
1.44616e-07
1.42647e-07
1.40585e-07
1.38556e-07
1.36437e-07
1.34353e-07
1.32181e-07
1.30047e-07
1.27829e-07
1.25649e-07
1.23388e-07
1.21168e-07
1.18868e-07
1.16611e-07
1.14277e-07
1.11986e-07
1.09621e-07
1.073e-07
1.04907e-07
1.02558e-07
1.00139e-07
9.77661e-08
9.53247e-08
9.29287e-08
9.04666e-08
8.805e-08
8.55689e-08
8.31335e-08
8.06351e-08
7.81826e-08
7.56687e-08
7.32008e-08
7.06726e-08
6.81902e-08
6.56488e-08
6.3153e-08
6.05995e-08
5.80916e-08
5.55271e-08
5.30081e-08
5.04337e-08
4.79048e-08
4.53213e-08
4.27833e-08
4.01913e-08
3.76451e-08
3.50447e-08
3.2491e-08
2.98816e-08
2.73224e-08
2.47021e-08
2.21419e-08
1.9509e-08
1.69591e-08
1.42984e-08
1.18076e-08
9.00187e-09
6.78067e-09
3.34027e-09
2.84487e-09
0.0943708
0.0949883
0.096987
0.0993991
0.101378
0.101029
0.093215
0.0692324
0.0127642
-0.103675
-0.202455
-0.234065
-0.273499
-0.31014
-0.340781
-0.361151
-0.357628
-0.323879
-0.265956
-0.198958
-0.137436
-0.0890268
-0.0545225
-0.0317107
-0.0174391
-0.00896772
-0.00419601
-0.00167487
-0.000461132
3.25653e-05
0.000156683
0.000112416
9.83821e-06
-9.48583e-05
-0.000176411
-0.000226795
-0.000247119
-0.000242754
-0.000220306
-0.000185785
-0.000143808
-9.78083e-05
-5.09304e-05
-6.79209e-06
3.07315e-05
5.87116e-05
7.62166e-05
8.41376e-05
8.40066e-05
7.70856e-05
6.45364e-05
4.82407e-05
3.12468e-05
1.70851e-05
8.23806e-06
4.84046e-06
4.81442e-06
5.61858e-06
5.74914e-06
5.06631e-06
4.06324e-06
3.13874e-06
2.40832e-06
1.84603e-06
1.41377e-06
1.08737e-06
8.46243e-07
6.6964e-07
5.39897e-07
4.44352e-07
3.73897e-07
3.22034e-07
2.83776e-07
2.55596e-07
2.34721e-07
2.19278e-07
2.07713e-07
1.99062e-07
1.92434e-07
1.87365e-07
1.83322e-07
1.8011e-07
1.77388e-07
1.75108e-07
1.73033e-07
1.71193e-07
1.69405e-07
1.67745e-07
1.66058e-07
1.64442e-07
1.62759e-07
1.6112e-07
1.59394e-07
1.577e-07
1.55911e-07
1.54149e-07
1.52289e-07
1.50455e-07
1.48525e-07
1.46621e-07
1.44623e-07
1.42654e-07
1.40593e-07
1.38564e-07
1.36445e-07
1.34361e-07
1.3219e-07
1.30055e-07
1.27837e-07
1.25657e-07
1.23396e-07
1.21175e-07
1.18875e-07
1.16617e-07
1.14283e-07
1.11992e-07
1.09627e-07
1.07305e-07
1.04912e-07
1.02563e-07
1.00145e-07
9.77708e-08
9.53295e-08
9.29331e-08
9.0471e-08
8.8054e-08
8.5573e-08
8.31372e-08
8.06389e-08
7.81861e-08
7.56723e-08
7.32039e-08
7.06758e-08
6.8193e-08
6.56516e-08
6.31555e-08
6.06021e-08
5.80938e-08
5.55294e-08
5.30102e-08
5.04358e-08
4.79066e-08
4.53232e-08
4.27849e-08
4.01931e-08
3.76465e-08
3.50463e-08
3.24923e-08
2.98829e-08
2.73235e-08
2.47033e-08
2.21428e-08
1.95101e-08
1.69597e-08
1.42994e-08
1.18077e-08
9.00307e-09
6.77987e-09
3.34186e-09
2.84258e-09
0.0896047
0.0898538
0.0906196
0.091119
0.090313
0.0861907
0.0744878
0.0479577
-0.00207074
-0.0930162
-0.175008
-0.21067
-0.248456
-0.282387
-0.308698
-0.324354
-0.319621
-0.291463
-0.244391
-0.189434
-0.137502
-0.0948835
-0.0629632
-0.0406065
-0.0256624
-0.0160418
-0.0100256
-0.00635155
-0.00414953
-0.00284579
-0.00207553
-0.00161316
-0.00132286
-0.00112512
-0.00097508
-0.000848819
-0.000734813
-0.000628453
-0.000528451
-0.00043455
-0.000346432
-0.000263767
-0.000187023
-0.000118119
-5.99943e-05
-1.50783e-05
1.61128e-05
3.50591e-05
4.40866e-05
4.52769e-05
4.03498e-05
3.12477e-05
2.05589e-05
1.11249e-05
5.0112e-06
2.59255e-06
2.60452e-06
3.32791e-06
3.65615e-06
3.39556e-06
2.834e-06
2.2522e-06
1.76155e-06
1.37076e-06
1.06566e-06
8.33453e-07
6.60845e-07
5.33892e-07
4.404e-07
3.71446e-07
3.20493e-07
2.82915e-07
2.55121e-07
2.34606e-07
2.19348e-07
2.08021e-07
1.99472e-07
1.9303e-07
1.88023e-07
1.8414e-07
1.80967e-07
1.78391e-07
1.76137e-07
1.74198e-07
1.72373e-07
1.70715e-07
1.69062e-07
1.67498e-07
1.65882e-07
1.64318e-07
1.62673e-07
1.61061e-07
1.59356e-07
1.57676e-07
1.55897e-07
1.54142e-07
1.52288e-07
1.50457e-07
1.4853e-07
1.46628e-07
1.44631e-07
1.42663e-07
1.40602e-07
1.38573e-07
1.36455e-07
1.3437e-07
1.32199e-07
1.30063e-07
1.27845e-07
1.25665e-07
1.23404e-07
1.21182e-07
1.18883e-07
1.16624e-07
1.1429e-07
1.11998e-07
1.09633e-07
1.07311e-07
1.04918e-07
1.02569e-07
1.0015e-07
9.7776e-08
9.53348e-08
9.29379e-08
9.04759e-08
8.80585e-08
8.55776e-08
8.31414e-08
8.06433e-08
7.819e-08
7.56763e-08
7.32074e-08
7.06794e-08
6.81961e-08
6.56549e-08
6.31583e-08
6.0605e-08
5.80964e-08
5.55321e-08
5.30125e-08
5.04383e-08
4.79087e-08
4.53255e-08
4.27868e-08
4.01951e-08
3.76481e-08
3.50481e-08
3.24937e-08
2.98845e-08
2.73246e-08
2.47047e-08
2.21437e-08
1.95113e-08
1.69603e-08
1.43007e-08
1.18078e-08
9.00461e-09
6.77873e-09
3.34404e-09
2.83939e-09
0.0847441
0.0846605
0.0843226
0.0831625
0.0800854
0.0730978
0.0588653
0.0315365
-0.0132176
-0.0854502
-0.153654
-0.191753
-0.228203
-0.25885
-0.281028
-0.292393
-0.2881
-0.264832
-0.226349
-0.180857
-0.136674
-0.0990309
-0.0695992
-0.0479642
-0.0327135
-0.0222848
-0.0152946
-0.0106636
-0.00760747
-0.00558173
-0.00422133
-0.00328704
-0.00262486
-0.0021371
-0.00176256
-0.0014635
-0.00121705
-0.00100941
-0.000831959
-0.000678573
-0.000544325
-0.000425339
-0.00031946
-0.000226769
-0.000149013
-8.78567e-05
-4.3279e-05
-1.33043e-05
4.96422e-06
1.41997e-05
1.65568e-05
1.40788e-05
9.09042e-06
3.99837e-06
6.07692e-07
-5.20311e-07
-5.9855e-08
8.81554e-07
1.52758e-06
1.69616e-06
1.55828e-06
1.31654e-06
1.07565e-06
8.67185e-07
6.96929e-07
5.64089e-07
4.63931e-07
3.89671e-07
3.34671e-07
2.93933e-07
2.63677e-07
2.41273e-07
2.24603e-07
2.12242e-07
2.02962e-07
1.96017e-07
1.90681e-07
1.86594e-07
1.83313e-07
1.80696e-07
1.78451e-07
1.76554e-07
1.74797e-07
1.73222e-07
1.71665e-07
1.70201e-07
1.68691e-07
1.67231e-07
1.65692e-07
1.64183e-07
1.62579e-07
1.60996e-07
1.59312e-07
1.57647e-07
1.5588e-07
1.54132e-07
1.52284e-07
1.50458e-07
1.48533e-07
1.46633e-07
1.44638e-07
1.4267e-07
1.4061e-07
1.38581e-07
1.36463e-07
1.34377e-07
1.32207e-07
1.30071e-07
1.27853e-07
1.25672e-07
1.23411e-07
1.21189e-07
1.1889e-07
1.1663e-07
1.14297e-07
1.12004e-07
1.09639e-07
1.07317e-07
1.04924e-07
1.02574e-07
1.00156e-07
9.77806e-08
9.53397e-08
9.29422e-08
9.04805e-08
8.80625e-08
8.55818e-08
8.31451e-08
8.06472e-08
7.81934e-08
7.56799e-08
7.32105e-08
7.06827e-08
6.81988e-08
6.56578e-08
6.31608e-08
6.06077e-08
5.80986e-08
5.55346e-08
5.30145e-08
5.04405e-08
4.79105e-08
4.53275e-08
4.27883e-08
4.01969e-08
3.76495e-08
3.50497e-08
3.24949e-08
2.9886e-08
2.73256e-08
2.4706e-08
2.21445e-08
1.95125e-08
1.69607e-08
1.4302e-08
1.18076e-08
9.00644e-09
6.77705e-09
3.34698e-09
2.83491e-09
0.0799214
0.0795484
0.0782492
0.0757016
0.0708131
0.0617573
0.0459626
0.0189344
-0.0213492
-0.0804046
-0.138296
-0.175881
-0.209955
-0.237989
-0.257752
-0.267763
-0.263211
-0.243529
-0.211478
-0.173251
-0.135271
-0.101859
-0.0747533
-0.0539922
-0.0386979
-0.027729
-0.0199911
-0.014577
-0.010793
-0.00813368
-0.00624358
-0.00487805
-0.00387113
-0.00311129
-0.00252404
-0.00205984
-0.00168582
-0.00137994
-0.00112688
-0.000915165
-0.000735648
-0.000581183
-0.000447129
-0.000331731
-0.000235366
-0.00015878
-0.000101333
-6.05878e-05
-3.32097e-05
-1.61075e-05
-6.79743e-06
-3.12162e-06
-2.88896e-06
-3.94939e-06
-4.64721e-06
-4.27153e-06
-3.06438e-06
-1.67628e-06
-6.11038e-07
-6.55351e-10
2.7091e-07
3.61178e-07
3.71088e-07
3.48796e-07
3.16639e-07
2.85669e-07
2.60063e-07
2.4023e-07
2.25056e-07
2.13527e-07
2.04709e-07
1.98034e-07
1.92904e-07
1.89007e-07
1.85935e-07
1.8354e-07
1.81542e-07
1.79902e-07
1.78416e-07
1.77113e-07
1.75832e-07
1.74641e-07
1.73403e-07
1.72207e-07
1.70927e-07
1.69666e-07
1.68305e-07
1.66953e-07
1.65494e-07
1.64042e-07
1.62481e-07
1.60928e-07
1.59267e-07
1.57617e-07
1.55863e-07
1.54123e-07
1.52281e-07
1.50458e-07
1.48537e-07
1.46638e-07
1.44645e-07
1.42677e-07
1.40619e-07
1.38589e-07
1.36472e-07
1.34386e-07
1.32216e-07
1.30079e-07
1.27862e-07
1.2568e-07
1.23419e-07
1.21196e-07
1.18898e-07
1.16637e-07
1.14304e-07
1.12011e-07
1.09646e-07
1.07323e-07
1.0493e-07
1.02579e-07
1.00162e-07
9.77858e-08
9.53452e-08
9.2947e-08
9.04856e-08
8.80669e-08
8.55866e-08
8.31492e-08
8.06517e-08
7.81972e-08
7.5684e-08
7.32139e-08
7.06864e-08
6.82019e-08
6.56613e-08
6.31635e-08
6.06109e-08
5.81011e-08
5.55374e-08
5.30167e-08
5.04431e-08
4.79124e-08
4.53298e-08
4.27901e-08
4.0199e-08
3.7651e-08
3.50516e-08
3.24962e-08
2.98877e-08
2.73267e-08
2.47075e-08
2.21453e-08
1.9514e-08
1.69612e-08
1.43036e-08
1.18073e-08
9.00881e-09
6.77478e-09
3.35106e-09
2.82868e-09
0.0752512
0.0746321
0.0725171
0.0688321
0.0625325
0.0520092
0.0353216
0.00911594
-0.0273948
-0.076939
-0.126576
-0.162557
-0.194443
-0.220188
-0.237819
-0.246056
-0.242135
-0.225587
-0.198759
-0.16639
-0.133509
-0.103724
-0.0787486
-0.0589211
-0.0437565
-0.0324482
-0.0241458
-0.0180981
-0.0137001
-0.0104902
-0.00812932
-0.00637357
-0.00505013
-0.00403751
-0.0032507
-0.00263029
-0.00213473
-0.00173467
-0.00140874
-0.00114059
-0.000917239
-0.000728544
-0.000567551
-0.000430684
-0.000316916
-0.000225949
-0.00015644
-0.000105503
-6.94536e-05
-4.48925e-05
-2.90922e-05
-1.97814e-05
-1.48192e-05
-1.21931e-05
-1.03194e-05
-8.36196e-06
-6.24242e-06
-4.2678e-06
-2.71936e-06
-1.6621e-06
-9.96477e-07
-5.86664e-07
-3.3148e-07
-1.69532e-07
-6.44069e-08
6.13272e-09
5.50633e-08
8.98177e-08
1.14658e-07
1.32499e-07
1.45251e-07
1.54415e-07
1.60913e-07
1.65549e-07
1.68738e-07
1.70936e-07
1.72307e-07
1.73137e-07
1.73464e-07
1.73489e-07
1.73183e-07
1.72705e-07
1.71991e-07
1.71177e-07
1.70179e-07
1.69123e-07
1.67913e-07
1.6667e-07
1.65292e-07
1.63898e-07
1.6238e-07
1.60857e-07
1.5922e-07
1.57586e-07
1.55844e-07
1.54111e-07
1.52277e-07
1.50457e-07
1.4854e-07
1.46642e-07
1.44651e-07
1.42684e-07
1.40627e-07
1.38597e-07
1.3648e-07
1.34394e-07
1.32224e-07
1.30087e-07
1.2787e-07
1.25687e-07
1.23427e-07
1.21203e-07
1.18905e-07
1.16643e-07
1.14311e-07
1.12016e-07
1.09652e-07
1.07328e-07
1.04936e-07
1.02584e-07
1.00167e-07
9.77902e-08
9.53501e-08
9.29511e-08
9.04902e-08
8.80706e-08
8.55909e-08
8.31526e-08
8.06557e-08
7.82003e-08
7.56877e-08
7.32168e-08
7.06898e-08
6.82045e-08
6.56643e-08
6.31658e-08
6.06136e-08
5.81031e-08
5.554e-08
5.30185e-08
5.04454e-08
4.7914e-08
4.53319e-08
4.27915e-08
4.02009e-08
3.76522e-08
3.50533e-08
3.24972e-08
2.98892e-08
2.73275e-08
2.47088e-08
2.21458e-08
1.95153e-08
1.69614e-08
1.43053e-08
1.18066e-08
9.01165e-09
6.77167e-09
3.35657e-09
2.81997e-09
0.070831
0.0700079
0.0672154
0.0626205
0.0552443
0.0437184
0.0265958
0.0014455
-0.0318759
-0.0744252
-0.117662
-0.151561
-0.1812
-0.204891
-0.220945
-0.22834
-0.225032
-0.211004
-0.188222
-0.16043
-0.131645
-0.104897
-0.081814
-0.0629127
-0.0479867
-0.0364889
-0.0277706
-0.0212176
-0.0163085
-0.0126271
-0.00985443
-0.00775169
-0.00614311
-0.00490035
-0.00393024
-0.00316527
-0.00255652
-0.00206822
-0.00167363
-0.0013521
-0.0010872
-0.000866114
-0.000679777
-0.000522888
-0.000393027
-0.000288815
-0.000208164
-0.000147734
-0.000103565
-7.20266e-05
-5.0212e-05
-3.57457e-05
-2.64866e-05
-2.04827e-05
-1.6173e-05
-1.26139e-05
-9.48781e-06
-6.83932e-06
-4.76736e-06
-3.26344e-06
-2.22006e-06
-1.50617e-06
-1.01592e-06
-6.76065e-07
-4.37765e-07
-2.68401e-07
-1.46627e-07
-5.83436e-08
5.82451e-09
5.25714e-08
8.65727e-08
1.11351e-07
1.29321e-07
1.42377e-07
1.51749e-07
1.58482e-07
1.63182e-07
1.66452e-07
1.6857e-07
1.69907e-07
1.70565e-07
1.70792e-07
1.70596e-07
1.7016e-07
1.6944e-07
1.68586e-07
1.67526e-07
1.66391e-07
1.65093e-07
1.63756e-07
1.62281e-07
1.60788e-07
1.59174e-07
1.57556e-07
1.55826e-07
1.54101e-07
1.52274e-07
1.50457e-07
1.48544e-07
1.46647e-07
1.44659e-07
1.42691e-07
1.40636e-07
1.38605e-07
1.3649e-07
1.34402e-07
1.32234e-07
1.30095e-07
1.27879e-07
1.25694e-07
1.23435e-07
1.2121e-07
1.18913e-07
1.1665e-07
1.14318e-07
1.12023e-07
1.09659e-07
1.07334e-07
1.04942e-07
1.02589e-07
1.00173e-07
9.77952e-08
9.53558e-08
9.29557e-08
9.04955e-08
8.80749e-08
8.55958e-08
8.31565e-08
8.06603e-08
7.82039e-08
7.5692e-08
7.322e-08
7.06937e-08
6.82074e-08
6.56679e-08
6.31684e-08
6.06169e-08
5.81054e-08
5.5543e-08
5.30205e-08
5.04482e-08
4.79159e-08
4.53344e-08
4.27931e-08
4.02032e-08
3.76536e-08
3.50553e-08
3.24983e-08
2.9891e-08
2.73284e-08
2.47105e-08
2.21465e-08
1.9517e-08
1.69616e-08
1.43074e-08
1.18058e-08
9.01531e-09
6.76764e-09
3.3642e-09
2.80784e-09
0.0667412
0.0657523
0.0624088
0.057099
0.0489178
0.0367291
0.0194687
-0.00457817
-0.0352242
-0.0725613
-0.110767
-0.142469
-0.170064
-0.192017
-0.206793
-0.21348
-0.210769
-0.198803
-0.179272
-0.155167
-0.129738
-0.105555
-0.084142
-0.0661244
-0.0514979
-0.0399175
-0.0308999
-0.0239491
-0.0186196
-0.0145393
-0.0114108
-0.00900346
-0.00714136
-0.00569187
-0.00455569
-0.00365882
-0.00294613
-0.00237635
-0.00191808
-0.00154685
-0.0012432
-0.00099194
-0.00078212
-0.00060684
-0.000462336
-0.000346144
-0.000255424
-0.000186382
-0.000134817
-9.69251e-05
-6.9668e-05
-5.05773e-05
-3.74828e-05
-2.84459e-05
-2.18973e-05
-1.68008e-05
-1.26569e-05
-9.30873e-06
-6.70695e-06
-4.77106e-06
-3.37261e-06
-2.37502e-06
-1.66471e-06
-1.15742e-06
-7.93318e-07
-5.30312e-07
-3.39308e-07
-2.00026e-07
-9.83246e-08
-2.3961e-08
3.03593e-08
7.00789e-08
9.90315e-08
1.20155e-07
1.35452e-07
1.46532e-07
1.54424e-07
1.60035e-07
1.63872e-07
1.66467e-07
1.6805e-07
1.68953e-07
1.69255e-07
1.69181e-07
1.68729e-07
1.68069e-07
1.67153e-07
1.66121e-07
1.64901e-07
1.63618e-07
1.62186e-07
1.60721e-07
1.5913e-07
1.57525e-07
1.55808e-07
1.5409e-07
1.5227e-07
1.50456e-07
1.48547e-07
1.46651e-07
1.44665e-07
1.42697e-07
1.40644e-07
1.38612e-07
1.36498e-07
1.34409e-07
1.32242e-07
1.30102e-07
1.27887e-07
1.25701e-07
1.23443e-07
1.21216e-07
1.1892e-07
1.16656e-07
1.14325e-07
1.12028e-07
1.09666e-07
1.07338e-07
1.04948e-07
1.02594e-07
1.00178e-07
9.77993e-08
9.53608e-08
9.29594e-08
9.05001e-08
8.80783e-08
8.56001e-08
8.31597e-08
8.06643e-08
7.82068e-08
7.56957e-08
7.32225e-08
7.06971e-08
6.82096e-08
6.5671e-08
6.31704e-08
6.06198e-08
5.81072e-08
5.55456e-08
5.30221e-08
5.04506e-08
4.79172e-08
4.53366e-08
4.27942e-08
4.02051e-08
3.76545e-08
3.50571e-08
3.24991e-08
2.98926e-08
2.73289e-08
2.47119e-08
2.21468e-08
1.95185e-08
1.69616e-08
1.43095e-08
1.18046e-08
9.01961e-09
6.76237e-09
3.3745e-09
2.79094e-09
0.0630472
0.0619266
0.0581436
0.0522833
0.0435132
0.0309071
0.0136938
-0.00930102
-0.0377248
-0.0711322
-0.105409
-0.13504
-0.160805
-0.181262
-0.195023
-0.201284
-0.199165
-0.188887
-0.171914
-0.150708
-0.127962
-0.105887
-0.0859003
-0.0686852
-0.0543776
-0.0427857
-0.0335583
-0.0262987
-0.0206283
-0.0162155
-0.0127849
-0.0101152
-0.00803225
-0.00640105
-0.00511785
-0.00410348
-0.0032977
-0.0026546
-0.00213878
-0.00172246
-0.00138359
-0.00110493
-0.000873845
-0.000682023
-0.000524439
-0.0003976
-0.000297934
-0.000221218
-0.000163035
-0.000119456
-8.73422e-05
-6.41475e-05
-4.76583e-05
-3.59211e-05
-2.73417e-05
-2.08048e-05
-1.56714e-05
-1.16295e-05
-8.50933e-06
-6.16343e-06
-4.43575e-06
-3.1776e-06
-2.26533e-06
-1.60407e-06
-1.12396e-06
-7.7436e-07
-5.19141e-07
-3.32419e-07
-1.95727e-07
-9.55775e-08
-2.22645e-08
3.14309e-08
7.06629e-08
9.93386e-08
1.20184e-07
1.35336e-07
1.46219e-07
1.54022e-07
1.5947e-07
1.63245e-07
1.65695e-07
1.67231e-07
1.67999e-07
1.68266e-07
1.68064e-07
1.67586e-07
1.66805e-07
1.6587e-07
1.64723e-07
1.63491e-07
1.62098e-07
1.60659e-07
1.5909e-07
1.57498e-07
1.55793e-07
1.54082e-07
1.52268e-07
1.50457e-07
1.48552e-07
1.46656e-07
1.44673e-07
1.42704e-07
1.40653e-07
1.3862e-07
1.36507e-07
1.34417e-07
1.32251e-07
1.3011e-07
1.27896e-07
1.25708e-07
1.23451e-07
1.21223e-07
1.18928e-07
1.16662e-07
1.14332e-07
1.12034e-07
1.09673e-07
1.07344e-07
1.04955e-07
1.02599e-07
1.00184e-07
9.78039e-08
9.53666e-08
9.29636e-08
9.05055e-08
8.80822e-08
8.56051e-08
8.31632e-08
8.06689e-08
7.821e-08
7.57e-08
7.32254e-08
7.07011e-08
6.82122e-08
6.56747e-08
6.31727e-08
6.06231e-08
5.81092e-08
5.55487e-08
5.30239e-08
5.04534e-08
4.79188e-08
4.53392e-08
4.27956e-08
4.02075e-08
3.76557e-08
3.50593e-08
3.25e-08
2.98945e-08
2.73296e-08
2.47137e-08
2.21472e-08
1.95203e-08
1.69616e-08
1.43121e-08
1.18033e-08
9.02497e-09
6.75589e-09
3.38856e-09
2.76764e-09
0.0598011
0.0585779
0.0544516
0.0481756
0.0389839
0.0261305
0.00906555
-0.012986
-0.0395916
-0.0700242
-0.101244
-0.129032
-0.153225
-0.172441
-0.185399
-0.191357
-0.189719
-0.180776
-0.165817
-0.146908
-0.12632
-0.105979
-0.0872005
-0.0706972
-0.0567043
-0.0451461
-0.035777
-0.028282
-0.0223396
-0.0176546
-0.0139723
-0.0110811
-0.0088097
-0.00702214
-0.00561153
-0.00449473
-0.00360741
-0.00289979
-0.00233312
-0.00187685
-0.00150671
-0.00120372
-0.000953835
-0.000747467
-0.000578468
-0.000442395
-0.000334991
-0.00025163
-0.000187702
-0.000139185
-0.000102865
-7.61289e-05
-5.67156e-05
-4.26431e-05
-3.22843e-05
-2.44574e-05
-1.84158e-05
-1.37281e-05
-1.01279e-05
-7.40878e-06
-5.38577e-06
-3.89539e-06
-2.80323e-06
-2.00461e-06
-1.42083e-06
-9.93712e-07
-6.80922e-07
-4.51611e-07
-2.83472e-07
-1.60128e-07
-6.97166e-08
-3.43145e-09
4.50659e-08
8.05515e-08
1.06402e-07
1.25228e-07
1.3881e-07
1.48592e-07
1.55493e-07
1.60333e-07
1.63566e-07
1.65675e-07
1.66864e-07
1.67437e-07
1.67463e-07
1.67148e-07
1.6649e-07
1.65641e-07
1.6456e-07
1.63374e-07
1.62017e-07
1.60602e-07
1.59053e-07
1.57473e-07
1.55779e-07
1.54073e-07
1.52265e-07
1.50456e-07
1.48555e-07
1.4666e-07
1.44679e-07
1.4271e-07
1.4066e-07
1.38626e-07
1.36515e-07
1.34423e-07
1.32259e-07
1.30115e-07
1.27903e-07
1.25714e-07
1.23458e-07
1.21228e-07
1.18934e-07
1.16667e-07
1.14338e-07
1.12038e-07
1.09678e-07
1.07348e-07
1.0496e-07
1.02603e-07
1.00189e-07
9.78073e-08
9.53712e-08
9.29667e-08
9.05099e-08
8.8085e-08
8.56092e-08
8.31657e-08
8.06727e-08
7.82123e-08
7.57035e-08
7.32275e-08
7.07043e-08
6.8214e-08
6.56777e-08
6.31743e-08
6.06259e-08
5.81105e-08
5.55512e-08
5.3025e-08
5.04557e-08
4.79197e-08
4.53413e-08
4.27963e-08
4.02095e-08
3.76562e-08
3.5061e-08
3.25004e-08
2.98961e-08
2.73298e-08
2.47152e-08
2.21472e-08
1.95219e-08
1.69612e-08
1.43146e-08
1.18016e-08
9.03095e-09
6.74791e-09
3.40705e-09
2.73599e-09
0.0570433
0.0557421
0.0513543
0.0447717
0.0352858
0.0222985
0.00542524
-0.0158212
-0.0409715
-0.0691625
-0.0980358
-0.12427
-0.147159
-0.165362
-0.17769
-0.183454
-0.182233
-0.174349
-0.160952
-0.143821
-0.124917
-0.105953
-0.0881572
-0.0722542
-0.0585464
-0.0470438
-0.0375816
-0.0299102
-0.0237555
-0.018853
-0.0149663
-0.0118932
-0.00946576
-0.00754781
-0.00603036
-0.00482726
-0.00387095
-0.00310856
-0.00249859
-0.00200821
-0.00161133
-0.00128754
-0.0010216
-0.000802865
-0.000624208
-0.000480351
-0.000366434
-0.000277475
-0.000208698
-0.000156012
-0.000116146
-8.64313e-05
-6.45599e-05
-4.8515e-05
-3.66357e-05
-2.76859e-05
-2.08376e-05
-1.55694e-05
-1.15385e-05
-8.48894e-06
-6.20785e-06
-4.51628e-06
-3.26886e-06
-2.3518e-06
-1.67859e-06
-1.18451e-06
-8.21859e-07
-5.55571e-07
-3.60065e-07
-2.165e-07
-1.11168e-07
-3.3889e-08
2.27014e-08
6.41352e-08
9.43588e-08
1.16394e-07
1.32335e-07
1.43846e-07
1.52019e-07
1.57789e-07
1.61707e-07
1.64315e-07
1.65874e-07
1.66714e-07
1.66939e-07
1.66767e-07
1.66216e-07
1.65443e-07
1.64421e-07
1.63274e-07
1.61949e-07
1.60554e-07
1.59022e-07
1.57452e-07
1.55769e-07
1.54066e-07
1.52265e-07
1.50457e-07
1.4856e-07
1.46665e-07
1.44687e-07
1.42716e-07
1.40669e-07
1.38632e-07
1.36524e-07
1.3443e-07
1.32267e-07
1.30122e-07
1.27911e-07
1.2572e-07
1.23466e-07
1.21234e-07
1.18942e-07
1.16672e-07
1.14345e-07
1.12043e-07
1.09685e-07
1.07353e-07
1.04966e-07
1.02607e-07
1.00195e-07
9.78112e-08
9.53766e-08
9.29702e-08
9.05149e-08
8.80882e-08
8.56139e-08
8.31686e-08
8.06771e-08
7.82149e-08
7.57076e-08
7.32298e-08
7.07081e-08
6.82161e-08
6.56812e-08
6.31761e-08
6.06292e-08
5.81121e-08
5.55543e-08
5.30264e-08
5.04586e-08
4.79209e-08
4.5344e-08
4.27973e-08
4.02119e-08
3.7657e-08
3.50632e-08
3.2501e-08
2.98981e-08
2.73301e-08
2.4717e-08
2.21473e-08
1.95239e-08
1.6961e-08
1.43176e-08
1.17998e-08
9.03792e-09
6.73882e-09
3.4309e-09
2.69455e-09
0.0548046
0.053446
0.0488653
0.0420634
0.0323784
0.0193281
0.00264797
-0.0179471
-0.0419717
-0.0685064
-0.0956238
-0.120613
-0.142466
-0.159878
-0.171725
-0.177357
-0.176457
-0.169372
-0.157149
-0.141361
-0.123745
-0.10585
-0.0888325
-0.0734181
-0.059955
-0.0485154
-0.0389955
-0.0311965
-0.0248814
-0.0198113
-0.0157649
-0.0125481
-0.00999655
-0.00797419
-0.00637076
-0.00509792
-0.00408565
-0.00327869
-0.00263337
-0.00211508
-0.00169629
-0.00135546
-0.00107639
-0.000847573
-0.000661087
-0.000510955
-0.0003918
-0.000298343
-0.000225668
-0.000169632
-0.000126918
-9.48157e-05
-7.09745e-05
-5.33446e-05
-4.02344e-05
-3.03647e-05
-2.28475e-05
-1.70937e-05
-1.27027e-05
-9.37811e-06
-6.88362e-06
-5.02626e-06
-3.65109e-06
-2.63667e-06
-1.89001e-06
-1.34098e-06
-9.37463e-07
-6.40881e-07
-4.22951e-07
-2.62811e-07
-1.45234e-07
-5.89277e-08
4.31316e-09
5.06362e-08
8.44546e-08
1.09128e-07
1.27008e-07
1.3994e-07
1.49159e-07
1.55694e-07
1.60175e-07
1.63194e-07
1.65056e-07
1.66117e-07
1.66506e-07
1.66451e-07
1.65988e-07
1.65278e-07
1.64304e-07
1.63189e-07
1.61891e-07
1.60512e-07
1.58995e-07
1.57433e-07
1.55758e-07
1.54059e-07
1.52263e-07
1.50456e-07
1.48562e-07
1.46666e-07
1.44691e-07
1.42719e-07
1.40674e-07
1.38636e-07
1.36529e-07
1.34434e-07
1.32273e-07
1.30126e-07
1.27916e-07
1.25724e-07
1.23471e-07
1.21237e-07
1.18946e-07
1.16675e-07
1.1435e-07
1.12046e-07
1.09689e-07
1.07355e-07
1.0497e-07
1.02609e-07
1.00199e-07
9.7813e-08
9.53801e-08
9.29719e-08
9.05182e-08
8.80897e-08
8.5617e-08
8.31699e-08
8.068e-08
7.8216e-08
7.57103e-08
7.32307e-08
7.07106e-08
6.82168e-08
6.56835e-08
6.31767e-08
6.06313e-08
5.81126e-08
5.55562e-08
5.30267e-08
5.04604e-08
4.79211e-08
4.53456e-08
4.27974e-08
4.02134e-08
3.7657e-08
3.50646e-08
3.25008e-08
2.98994e-08
2.73298e-08
2.47182e-08
2.21469e-08
1.95253e-08
1.69603e-08
1.432e-08
1.17976e-08
9.04482e-09
6.72874e-09
3.4593e-09
2.64376e-09
0.0531075
0.0517089
0.0469932
0.0400418
0.0302283
0.017155
0.000641236
-0.0194627
-0.0426651
-0.0680295
-0.0938962
-0.117956
-0.139039
-0.155867
-0.167366
-0.172912
-0.172256
-0.165752
-0.154374
-0.139549
-0.122859
-0.105741
-0.0892967
-0.0742494
-0.0609764
-0.0495931
-0.0400387
-0.0321512
-0.0257212
-0.020529
-0.016365
-0.0130417
-0.0103975
-0.00829686
-0.00662874
-0.00530329
-0.00424871
-0.00340796
-0.00273581
-0.0021963
-0.00176084
-0.00140704
-0.00111797
-0.000881497
-0.000689063
-0.000534167
-0.000411042
-0.000314177
-0.000238556
-0.00017999
-0.000135136
-0.000101242
-7.59212e-05
-5.70939e-05
-4.3044e-05
-3.24622e-05
-2.44195e-05
-1.82805e-05
-1.36035e-05
-1.00623e-05
-7.40144e-06
-5.41616e-06
-3.94318e-06
-2.85456e-06
-2.05204e-06
-1.46118e-06
-1.02647e-06
-7.06662e-07
-4.71482e-07
-2.98555e-07
-1.71522e-07
-7.82445e-08
-9.87109e-09
4.02224e-08
7.6813e-08
1.0352e-07
1.22897e-07
1.36926e-07
1.46952e-07
1.54077e-07
1.58994e-07
1.62329e-07
1.64427e-07
1.65656e-07
1.66172e-07
1.66208e-07
1.65814e-07
1.65151e-07
1.64215e-07
1.63125e-07
1.61847e-07
1.60481e-07
1.58976e-07
1.57419e-07
1.55752e-07
1.54054e-07
1.52263e-07
1.50456e-07
1.48566e-07
1.46669e-07
1.44696e-07
1.42723e-07
1.4068e-07
1.3864e-07
1.36535e-07
1.34438e-07
1.32279e-07
1.3013e-07
1.27922e-07
1.25727e-07
1.23477e-07
1.21241e-07
1.18952e-07
1.16679e-07
1.14355e-07
1.12049e-07
1.09694e-07
1.07358e-07
1.04975e-07
1.02611e-07
1.00203e-07
9.78154e-08
9.53843e-08
9.29741e-08
9.05222e-08
8.80916e-08
8.56208e-08
8.31717e-08
8.06836e-08
7.82175e-08
7.57136e-08
7.32321e-08
7.07138e-08
6.8218e-08
6.56864e-08
6.31777e-08
6.06341e-08
5.81134e-08
5.55588e-08
5.30274e-08
5.04628e-08
4.79216e-08
4.53479e-08
4.27978e-08
4.02155e-08
3.76572e-08
3.50666e-08
3.25009e-08
2.99012e-08
2.73297e-08
2.47199e-08
2.21467e-08
1.95272e-08
1.69599e-08
1.43228e-08
1.17959e-08
9.05175e-09
6.7189e-09
3.48989e-09
2.58787e-09
0.0519679
0.0505441
0.0457431
0.0386992
0.0288096
0.0157319
-0.00066156
-0.0204377
-0.0431026
-0.0677187
-0.0927816
-0.116225
-0.136798
-0.153242
-0.164514
-0.170007
-0.16951
-0.163381
-0.152545
-0.138341
-0.122254
-0.105644
-0.0895806
-0.0747804
-0.0616389
-0.0502982
-0.0407256
-0.0327828
-0.026279
-0.0210071
-0.0167659
-0.0133722
-0.0106664
-0.00851363
-0.00680227
-0.00544154
-0.00435852
-0.00349503
-0.00280479
-0.00225095
-0.00180421
-0.00144163
-0.0011458
-0.000904152
-0.000707711
-0.000549618
-0.000423838
-0.000324704
-0.000247125
-0.000186885
-0.000140616
-0.00010554
-7.92418e-05
-5.96211e-05
-4.49452e-05
-3.3886e-05
-2.54885e-05
-1.90878e-05
-1.42157e-05
-1.05261e-05
-7.75114e-06
-5.67812e-06
-4.13825e-06
-2.99923e-06
-2.15911e-06
-1.54039e-06
-1.08506e-06
-7.50003e-07
-5.035e-07
-3.22166e-07
-1.889e-07
-9.10145e-08
-1.92458e-08
3.33418e-08
7.17636e-08
9.98134e-08
1.20177e-07
1.34929e-07
1.45488e-07
1.53002e-07
1.58207e-07
1.61751e-07
1.64004e-07
1.65345e-07
1.65945e-07
1.6604e-07
1.65692e-07
1.65061e-07
1.64149e-07
1.63075e-07
1.61812e-07
1.60454e-07
1.58957e-07
1.57404e-07
1.55742e-07
1.54046e-07
1.52258e-07
1.50451e-07
1.48563e-07
1.46665e-07
1.44695e-07
1.4272e-07
1.40679e-07
1.38638e-07
1.36535e-07
1.34436e-07
1.32279e-07
1.30128e-07
1.27923e-07
1.25726e-07
1.23477e-07
1.21239e-07
1.18952e-07
1.16677e-07
1.14356e-07
1.12048e-07
1.09695e-07
1.07357e-07
1.04975e-07
1.0261e-07
1.00204e-07
9.78142e-08
9.53849e-08
9.29729e-08
9.05227e-08
8.80905e-08
8.56213e-08
8.31705e-08
8.06841e-08
7.82164e-08
7.57141e-08
7.3231e-08
7.07143e-08
6.82169e-08
6.56869e-08
6.31766e-08
6.06345e-08
5.81123e-08
5.55593e-08
5.30263e-08
5.04633e-08
4.79205e-08
4.53484e-08
4.27967e-08
4.0216e-08
3.76561e-08
3.5067e-08
3.24997e-08
2.99016e-08
2.73286e-08
2.47204e-08
2.21455e-08
1.95279e-08
1.69588e-08
1.43245e-08
1.17938e-08
9.05674e-09
6.71002e-09
3.51629e-09
2.53744e-09
0.0513955
0.0499599
0.0451171
0.0380295
0.0281046
0.015028
-0.00130238
-0.0209144
-0.0433135
-0.0675643
-0.092234
-0.115371
-0.13569
-0.151944
-0.163103
-0.168572
-0.168155
-0.162212
-0.151643
-0.137744
-0.121952
-0.105594
-0.0897183
-0.075041
-0.0619658
-0.0506474
-0.0410666
-0.0330971
-0.0265572
-0.021246
-0.0169664
-0.0135377
-0.0108012
-0.00862237
-0.00688937
-0.00551099
-0.00441372
-0.00353884
-0.00283955
-0.00227855
-0.00182619
-0.00145923
-0.00116
-0.000915707
-0.00071719
-0.000557417
-0.000430242
-0.000329931
-0.000251367
-0.00019031
-0.000143368
-0.000107735
-8.09699e-05
-6.09595e-05
-4.59642e-05
-3.46515e-05
-2.60591e-05
-1.95117e-05
-1.453e-05
-1.07587e-05
-7.92297e-06
-5.80496e-06
-4.23206e-06
-3.06888e-06
-2.21104e-06
-1.57921e-06
-1.11405e-06
-7.71563e-07
-5.1945e-07
-3.33904e-07
-1.97509e-07
-9.73225e-08
-2.3871e-08
2.99449e-08
6.92668e-08
9.7977e-08
1.18827e-07
1.33937e-07
1.4476e-07
1.52467e-07
1.57814e-07
1.61462e-07
1.63791e-07
1.65188e-07
1.6583e-07
1.65954e-07
1.6563e-07
1.65013e-07
1.64115e-07
1.63049e-07
1.61793e-07
1.60439e-07
1.58947e-07
1.57395e-07
1.55736e-07
1.5404e-07
1.52255e-07
1.50447e-07
1.48562e-07
1.46663e-07
1.44695e-07
1.42718e-07
1.40679e-07
1.38637e-07
1.36536e-07
1.34435e-07
1.3228e-07
1.30127e-07
1.27924e-07
1.25725e-07
1.23478e-07
1.21239e-07
1.18954e-07
1.16677e-07
1.14357e-07
1.12047e-07
1.09696e-07
1.07356e-07
1.04977e-07
1.0261e-07
1.00206e-07
9.7814e-08
9.53865e-08
9.29727e-08
9.05244e-08
8.80903e-08
8.5623e-08
8.31704e-08
8.06857e-08
7.82162e-08
7.57158e-08
7.32308e-08
7.07159e-08
6.82167e-08
6.56885e-08
6.31763e-08
6.06361e-08
5.81121e-08
5.55608e-08
5.3026e-08
5.04648e-08
4.79202e-08
4.53498e-08
4.27963e-08
4.02174e-08
3.76557e-08
3.50683e-08
3.24992e-08
2.99028e-08
2.7328e-08
2.47216e-08
2.2145e-08
1.95293e-08
1.69583e-08
1.43264e-08
1.17928e-08
9.05997e-09
6.70415e-09
3.53094e-09
2.50433e-09
-0.464355
-0.250234
-0.142775
-0.464355
-0.250234
-0.339511
-0.34531
-0.434339
-0.339511
-0.34531
0.125264
0.414087
0.308188
0.332452
0.125264
0.414087
0.308188
-0.113198
-0.334371
-0.334371
-0.31984
-0.319813
-0.319535
-0.32605
-0.31984
-0.319813
-0.319535
0.488734
0.430737
0.488734
-0.316865
-0.315144
-0.316865
-0.315144
0.430734
0.488733
0.430735
-0.315145
-0.316864
-0.315145
-0.316864
0.30818
0.332448
0.125258
0.414085
0.30818
0.332449
0.125258
-0.113206
-0.113206
-0.334364
-0.334364
-0.319534
-0.326045
-0.319837
-0.319811
-0.319534
-0.326045
-0.319837
-0.142778
-0.464352
-0.250242
-0.142779
-0.464352
-0.345303
-0.434333
-0.339502
-0.345303
-0.434332
-0.339502
-0.291712
-0.168916
-0.35855
-0.125268
-0.291712
-0.168916
-0.358551
-0.319026
-0.414334
-0.331996
-0.341887
-0.319027
-0.414332
-0.331997
0.103875
0.264367
0.108642
0.193821
0.103876
0.264367
0.108642
-0.418284
-0.435185
-0.406806
-0.457652
-0.407633
-0.457973
-0.418073
-0.314288
-0.327125
-0.321898
-0.32199
-0.314288
-0.327125
-0.321898
-0.105997
-0.321949
-0.326446
-0.320303
-0.328758
-0.320381
-0.328725
-0.321915
-0.31252
-0.317116
-0.317017
-0.312626
-0.310226
-0.308819
-0.308719
-0.310327
-0.320558
-0.318276
-0.316608
-0.324724
-0.316516
-0.325947
-0.320326
0.108636
0.193819
0.103872
0.264364
0.108636
0.193819
0.103872
-0.373312
-0.247943
-0.164268
-0.166568
-0.376328
-0.321891
-0.32198
-0.314279
-0.327119
-0.321891
-0.321981
-0.314279
-0.35855
-0.12527
-0.291712
-0.168918
-0.35855
-0.12527
-0.291712
-0.331989
-0.341883
-0.319021
-0.414326
-0.331989
-0.341883
-0.319021
-0.367188
-0.46593
-0.356653
-0.485732
-0.357644
-0.486953
-0.366342
-0.373307
-0.247935
-0.164262
-0.166562
-0.376324
-0.36719
-0.46593
-0.356655
-0.485732
-0.357645
-0.486952
-0.366344
-0.373307
-0.247935
-0.164262
-0.166562
-0.376323
-0.359551
-0.345324
-0.343007
-0.34319
-0.359739
-0.418283
-0.435185
-0.406806
-0.457652
-0.407632
-0.457973
-0.418072
-0.359551
-0.345324
-0.343007
-0.34319
-0.359739
0.327625
0.123873
0.261623
0.10954
0.260929
0.107674
0.329265
0.374666
0.32718
0.20203
0.434101
0.173342
0.438108
0.377264
0.327625
0.123873
0.261623
0.10954
0.260929
0.107675
0.329265
0.374666
0.32718
0.20203
0.434101
0.173342
0.438108
0.377264
-0.105997
-0.334402
-0.334402
-0.320558
-0.318278
-0.324726
-0.316609
-0.325949
-0.316517
-0.320327
-0.32195
-0.326446
-0.320303
-0.328758
-0.320381
-0.328725
-0.321915
-0.320558
-0.318278
-0.324726
-0.316609
-0.325949
-0.316518
-0.320327
0.529994
0.463135
0.466242
0.527968
0.56803
0.588465
0.589554
0.566634
0.529994
0.463135
0.466242
0.527968
0.56803
0.588465
0.589554
0.566634
-0.310225
-0.308818
-0.308718
-0.310326
-0.31252
-0.317116
-0.317017
-0.312627
-0.310225
-0.308818
-0.308718
-0.310326
0.568028
0.588465
0.589554
0.566632
0.529991
0.463131
0.466237
0.527965
0.568028
0.588465
0.589554
0.566632
0.529991
0.463131
0.466237
0.527965
-0.312521
-0.317117
-0.317018
-0.312628
-0.310226
-0.308819
-0.308719
-0.310327
-0.312521
-0.317117
-0.317018
-0.312628
0.374662
0.327173
0.434097
0.202023
0.438104
0.173334
0.377259
0.32762
0.123866
0.109532
0.261619
0.107667
0.260925
0.329261
0.374662
0.327173
0.434097
0.202023
0.438104
0.173334
0.377259
0.32762
0.123866
0.109532
0.261619
0.107667
0.260925
0.329261
-0.106005
-0.106005
-0.334395
-0.334395
-0.321947
-0.326441
-0.328755
-0.320298
-0.328722
-0.320376
-0.321912
-0.320558
-0.318276
-0.316608
-0.324724
-0.316516
-0.325948
-0.320326
-0.321947
-0.326441
-0.328755
-0.320298
-0.328722
-0.320376
-0.321912
-0.367188
-0.465928
-0.485729
-0.356653
-0.48695
-0.357644
-0.366342
-0.373312
-0.247943
-0.164268
-0.166567
-0.376328
-0.36719
-0.465928
-0.485729
-0.356655
-0.48695
-0.357646
-0.366344
-0.359544
-0.345317
-0.342999
-0.343183
-0.359731
-0.418276
-0.435179
-0.457645
-0.406798
-0.457967
-0.407625
-0.418065
-0.359544
-0.345317
-0.342999
-0.343183
-0.359731
-0.418276
-0.435178
-0.457644
-0.406799
-0.457966
-0.407625
-0.418065
-0.370855
-0.143658
-0.325998
-0.160818
-0.325881
-0.162893
-0.371695
0.32768
0.302878
0.370335
0.275699
0.32768
0.302878
0.370335
-0.342526
-0.334072
-0.355516
-0.335961
-0.342526
-0.334072
-0.355516
0.402801
0.330877
0.419944
0.320704
0.402801
0.330877
0.419944
0.53085
0.431979
0.505107
0.465895
0.506589
0.466979
0.529609
-0.341481
-0.325926
-0.346198
-0.328774
-0.341481
-0.325927
-0.346198
0.419943
0.320704
0.4028
0.330877
0.419943
0.320704
0.4028
0.553156
0.489825
0.56236
0.480298
0.563524
0.481422
0.551968
-0.346202
-0.328778
-0.341489
-0.325928
-0.346202
-0.328778
-0.341488
0.370334
0.275698
0.327679
0.302877
0.370334
0.275698
0.327679
-0.355532
-0.335967
-0.342543
-0.334079
-0.355532
-0.335967
-0.342543
-0.327318
-0.322821
-0.327802
-0.322884
-0.328023
-0.317804
-0.317681
-0.370855
-0.143658
-0.325998
-0.160818
-0.325881
-0.162893
-0.371694
-0.362396
-0.339817
-0.353267
-0.349992
-0.353746
-0.35016
-0.362412
-0.362396
-0.339817
-0.353267
-0.349992
-0.353747
-0.350161
-0.362412
0.553158
0.489825
0.4803
0.56236
0.481423
0.563523
0.551969
0.53085
0.431979
0.505107
0.465895
0.506589
0.466979
0.529609
0.553158
0.489825
0.4803
0.56236
0.481423
0.563523
0.551969
-0.313345
-0.316773
-0.315237
-0.317048
-0.31509
-0.316956
-0.313474
-0.311717
-0.315047
-0.315363
-0.310941
-0.315268
-0.310846
-0.311821
-0.313345
-0.316773
-0.315237
-0.317048
-0.31509
-0.316957
-0.313474
-0.311717
-0.315048
-0.315362
-0.310941
-0.315268
-0.310846
-0.311821
0.530848
0.431976
0.465893
0.505105
0.466977
0.506586
0.529607
0.553156
0.489824
0.56236
0.480298
0.563523
0.481422
0.551968
0.530848
0.431976
0.465893
0.505105
0.466977
0.506587
0.529608
-0.311718
-0.315048
-0.310941
-0.315362
-0.310846
-0.315268
-0.311822
-0.313346
-0.316772
-0.317048
-0.315238
-0.316957
-0.315091
-0.313475
-0.311718
-0.315048
-0.310941
-0.315363
-0.310846
-0.315268
-0.311822
-0.313346
-0.316772
-0.317048
-0.315238
-0.316957
-0.315091
-0.313475
-0.370859
-0.143662
-0.160823
-0.326002
-0.162898
-0.325885
-0.371698
-0.370858
-0.143662
-0.160823
-0.326002
-0.162898
-0.325884
-0.371697
-0.362389
-0.339808
-0.349984
-0.35326
-0.350152
-0.353739
-0.362404
-0.362389
-0.339808
-0.349984
-0.35326
-0.350152
-0.353739
-0.362404
0.103312
0.09232
0.210809
0.0880863
0.210074
0.155878
0.156441
0.103313
0.09232
0.210809
0.0880864
0.210074
0.155878
0.156441
-0.327323
-0.327809
-0.322827
-0.328029
-0.32289
-0.317813
-0.31769
-0.327323
-0.327809
-0.322827
-0.328029
-0.32289
-0.317813
-0.31769
0.103306
0.210805
0.092315
0.210071
0.0880812
0.155876
0.156437
0.103306
0.210805
0.092315
0.210071
0.0880813
0.155876
0.156437
-0.327318
-0.322821
-0.327802
-0.322884
-0.328023
-0.317805
-0.317681
0.0597011
0.150295
0.0771006
0.102639
0.0597011
0.150295
0.0771006
-0.297865
-0.313256
-0.3325
-0.305503
-0.297865
-0.313255
-0.3325
0.250552
0.250915
0.284131
0.213752
0.250552
0.250915
0.284131
-0.340828
-0.338714
-0.357035
-0.33513
-0.340828
-0.338714
-0.357035
0.28413
0.213751
0.250551
0.250914
0.28413
0.213751
0.250551
-0.357055
-0.335136
-0.340849
-0.338721
-0.357055
-0.335135
-0.340849
0.0770983
0.102637
0.0596996
0.150293
0.0770983
0.102637
0.0596996
-0.332491
-0.305497
-0.297861
-0.313246
-0.332491
-0.305497
-0.297861
)
;

boundaryField
{
    inlet
    {
        type            zeroGradient;
    }
    outlet
    {
        type            fixedValue;
        value           uniform 0;
    }
    top
    {
        type            symmetryPlane;
    }
    bottom
    {
        type            symmetryPlane;
    }
    front
    {
        type            symmetryPlane;
    }
    back
    {
        type            symmetryPlane;
    }
    cylinder
    {
        type            zeroGradient;
    }
}


// ************************************************************************* //
