/*--------------------------------*- C++ -*----------------------------------*\
  =========                 |
  \\      /  F ield         | OpenFOAM: The Open Source CFD Toolbox
   \\    /   O peration     | Website:  https://openfoam.org
    \\  /    A nd           | Version:  11
     \\/     M anipulation  |
\*---------------------------------------------------------------------------*/
FoamFile
{
    format      ascii;
    class       volScalarField;
    location    "15.541715";
    object      p;
}
// * * * * * * * * * * * * * * * * * * * * * * * * * * * * * * * * * * * * * //

dimensions      [0 2 -2 0 0 0 0];

internalField   nonuniform List<scalar> 
7132
(
0.0903435
0.0889809
0.0843546
0.0777425
0.0687036
0.0572442
0.0436051
0.0283344
0.0123905
-0.002559
-0.0149506
-0.0226252
-0.0253272
-0.0231229
-0.0171572
-0.00921743
-0.000784226
0.007043
0.0139632
0.0203191
0.0265912
0.0329544
0.0392352
0.0451465
0.05048
0.0551961
0.0593488
0.0629574
0.0658512
0.0675885
0.0677138
0.066274
0.0641195
0.0624175
0.0618534
0.0623238
0.0632876
0.064249
0.0649839
0.0655504
0.0661397
0.0668941
0.0676202
0.0676624
0.0662886
0.0634747
0.0602717
0.0580903
0.0576178
0.0584856
0.0597983
0.060835
0.0613307
0.0614147
0.0614044
0.0615591
0.0617512
0.0613542
0.0596574
0.0566631
0.053444
0.0514445
0.0513697
0.0527717
0.0545859
0.0559405
0.0565259
0.0565051
0.0562511
0.0560479
0.055788
0.054947
0.053007
0.0501048
0.0472378
0.0456464
0.0459163
0.0476217
0.0497302
0.0513332
0.0520671
0.0520774
0.0517444
0.0513477
0.0507988
0.0496881
0.047697
0.0450838
0.0427358
0.0416248
0.042153
0.0439239
0.0460537
0.0477222
0.0485425
0.0485976
0.0482314
0.0477215
0.0470218
0.0458148
0.0438897
0.041541
0.0395627
0.0387664
0.0394592
0.0412822
0.0434692
0.0452785
0.0462972
0.0465128
0.046185
0.0455789
0.0447092
0.0433354
0.0412711
0.0387619
0.0365392
0.0354289
0.0358418
0.0375532
0.0398683
0.042013
0.043445
0.0439705
0.0436908
0.0428349
0.0415264
0.0396499
0.0369612
0.0334236
0.0294727
0.0259291
0.0235881
0.0227994
0.0233348
0.0245631
0.0257828
0.0264814
0.026426
0.025624
0.0242337
0.0224858
0.0206549
0.0190544
0.0180414
0.0179432
0.0189725
0.021084
0.0240305
0.0273244
0.0305382
0.0331698
0.0349198
0.035541
0.034353
0.032342
0.0259011
0.0233395
0.00563519
0.0170245
0.0908887
0.0895296
0.0849175
0.078308
0.0692451
0.0577072
0.043909
0.0283733
0.0120659
-0.00329076
-0.0160486
-0.0238451
-0.0264875
-0.0240194
-0.0176745
-0.00938166
-0.00070135
0.00721189
0.0140807
0.0203313
0.0265254
0.0328669
0.0391696
0.0451252
0.0505105
0.0552803
0.0594855
0.0631413
0.0660712
0.0678102
0.0678717
0.0662969
0.0639826
0.0621677
0.0615703
0.0620696
0.0630859
0.0641004
0.0648817
0.0654882
0.0661113
0.0668959
0.0676458
0.0676834
0.0662452
0.0633057
0.0599658
0.0577064
0.057242
0.0581828
0.0595852
0.0606982
0.0612487
0.0613678
0.0613764
0.0615391
0.0617252
0.0612931
0.0595156
0.0564017
0.0530661
0.0510098
0.0509568
0.0524484
0.054374
0.0558255
0.0564777
0.0564934
0.0562523
0.0560455
0.0557603
0.0548591
0.0528197
0.0498003
0.04684
0.045216
0.0455218
0.0473161
0.0495342
0.0512377
0.0520444
0.0520943
0.0517729
0.0513666
0.0507819
0.0495999
0.0475057
0.0447849
0.0423646
0.0412426
0.0418176
0.0436733
0.0458989
0.0476539
0.048539
0.0486315
0.048276
0.0477524
0.0470098
0.0457259
0.0436991
0.0412518
0.0392136
0.0384173
0.0391647
0.0410751
0.0433544
0.0452429
0.0463201
0.0465715
0.0462556
0.0456354
0.0447183
0.0432611
0.0410886
0.0384739
0.0361825
0.0350628
0.0355262
0.0373299
0.0397507
0.0419903
0.0434942
0.044067
0.043811
0.0429533
0.0416098
0.0396563
0.0368525
0.0331847
0.0291242
0.0255247
0.0231975
0.0224863
0.0231399
0.0244969
0.0258267
0.0265982
0.0265717
0.0257568
0.0243187
0.0224962
0.0205743
0.0188824
0.0177974
0.0176663
0.0187129
0.0208903
0.0239377
0.0273468
0.0306701
0.0333887
0.0351948
0.0358317
0.0346277
0.0325457
0.0260394
0.0233273
0.00561608
0.0168606
0.0919771
0.090627
0.0860458
0.0794467
0.0703416
0.0586528
0.04454
0.0284704
0.0114228
-0.00477451
-0.0182919
-0.0263315
-0.0288446
-0.0258169
-0.0186735
-0.00964675
-0.000464574
0.00760513
0.0143403
0.0203499
0.0263703
0.0326651
0.0390147
0.0450623
0.0505535
0.0554312
0.0597425
0.0634961
0.0665038
0.0682509
0.0681832
0.0663281
0.0636804
0.0616322
0.0609705
0.061535
0.0626624
0.063785
0.0646578
0.0653415
0.0660304
0.0668757
0.0676758
0.0677048
0.066134
0.0629329
0.0593068
0.0568858
0.0564444
0.0575434
0.0591349
0.0604048
0.061064
0.0612497
0.0612938
0.0614727
0.0616486
0.0611455
0.059199
0.0558341
0.0522558
0.0500805
0.0500813
0.0517631
0.0539222
0.0555733
0.0563591
0.0564438
0.0562252
0.0560116
0.0556791
0.0546603
0.0524222
0.0491662
0.0460177
0.0443289
0.0447086
0.0466841
0.0491238
0.0510286
0.0519785
0.052104
0.051804
0.0513798
0.0507261
0.0494028
0.047102
0.0441652
0.0416007
0.040458
0.0411315
0.0431611
0.0455801
0.0475068
0.0485183
0.0486829
0.0483484
0.0477991
0.0469708
0.0455301
0.0432938
0.0406437
0.0384832
0.0376884
0.0385517
0.0406442
0.0431136
0.0451627
0.046357
0.0466798
0.0463896
0.0457428
0.0447293
0.0430978
0.0406965
0.0378585
0.0354216
0.0342825
0.0348535
0.0368519
0.0394936
0.0419299
0.043582
0.0442519
0.0440459
0.0431879
0.0417742
0.039661
0.0366147
0.0326707
0.0283777
0.0246601
0.0223633
0.0218175
0.0227217
0.0243477
0.0259063
0.0268289
0.0268631
0.0260244
0.0244913
0.0225182
0.0204105
0.0185288
0.0172924
0.01709
0.01817
0.0204829
0.0237388
0.027386
0.0309346
0.0338318
0.0357524
0.0364207
0.035182
0.0329559
0.0263113
0.0232946
0.00556574
0.0164834
0.0936055
0.0922714
0.0877446
0.081173
0.0720194
0.0601193
0.0455432
0.0286626
0.0104693
-0.00705956
-0.0217895
-0.0302034
-0.032523
-0.0286219
-0.0202254
-0.0100484
-7.86565e-05
0.00822876
0.0147364
0.020353
0.0260978
0.0323244
0.0387518
0.0449423
0.0505929
0.0556314
0.0601018
0.0640045
0.067135
0.0688979
0.0686241
0.0663158
0.0631303
0.0607165
0.059973
0.0606643
0.0619807
0.0632752
0.0642856
0.0650813
0.0658641
0.0667968
0.0676679
0.0676742
0.0658803
0.0622486
0.0581569
0.0554878
0.0551127
0.0564931
0.0584027
0.0599239
0.0607473
0.0610258
0.0611126
0.0613054
0.0614596
0.0608445
0.0586349
0.0548776
0.0509169
0.048554
0.0486467
0.0506426
0.0531806
0.0551485
0.0561375
0.0563192
0.0561261
0.0558992
0.0554958
0.0542971
0.0517512
0.0481284
0.0446914
0.0429096
0.0434167
0.0456827
0.0484679
0.0506792
0.0518419
0.0520773
0.0518085
0.0513596
0.0506008
0.0490544
0.046424
0.0431442
0.0403555
0.039192
0.0400366
0.0423509
0.0450748
0.0472636
0.048463
0.0487345
0.0484343
0.0478483
0.0468843
0.0451877
0.0426092
0.0396309
0.0372773
0.0364946
0.0375555
0.0399469
0.0427214
0.045022
0.0463954
0.0468276
0.0465801
0.0458945
0.044726
0.0428073
0.0400283
0.0368247
0.0341538
0.03299
0.033743
0.0360611
0.0390595
0.0418088
0.0436933
0.0445143
0.044388
0.0435324
0.0420077
0.0396353
0.0361943
0.0318037
0.0271399
0.0232408
0.021003
0.0207312
0.0220417
0.024098
0.0260185
0.0271778
0.0273071
0.0264325
0.0247531
0.0225444
0.0201418
0.0179558
0.0164748
0.0161571
0.0172917
0.0198239
0.0234146
0.0274405
0.0313427
0.0345161
0.0366091
0.0373202
0.0360215
0.0335666
0.0267054
0.0232016
0.00548462
0.015769
0.0957677
0.0944595
0.0900204
0.0835077
0.0743186
0.0621668
0.046993
0.0290147
0.00922927
-0.0102122
-0.0266955
-0.0356024
-0.0376176
-0.0324075
-0.0221644
-0.0103447
0.000699219
0.00925159
0.015317
0.0202809
0.0255981
0.0317385
0.0382988
0.0447044
0.0505803
0.0558375
0.0605228
0.06463
0.0679366
0.0697275
0.0691539
0.0661735
0.0621925
0.0592602
0.0584384
0.0593586
0.0609738
0.0625191
0.0637156
0.0646523
0.065549
0.0665852
0.0675393
0.0674969
0.0653629
0.0610875
0.0563065
0.0532878
0.0530555
0.0548973
0.0573039
0.0591974
0.0602443
0.0606279
0.0607413
0.060926
0.0610405
0.0602776
0.057722
0.0534387
0.0489544
0.0463266
0.0465421
0.0489868
0.0520703
0.054489
0.0557545
0.056054
0.0558836
0.05564
0.0551463
0.0536969
0.0507077
0.046557
0.0427176
0.0408305
0.0415498
0.0442438
0.0475158
0.0501453
0.05159
0.0519689
0.0517454
0.0512704
0.0503663
0.0484941
0.045379
0.0415998
0.0384944
0.0373201
0.0384363
0.0411765
0.0443404
0.0468927
0.048345
0.0487615
0.048515
0.0478838
0.0467228
0.0446452
0.0415595
0.0381022
0.035475
0.034721
0.0360813
0.0389136
0.0421313
0.04479
0.0464137
0.0469995
0.0468166
0.0460803
0.0446853
0.0423406
0.0390045
0.0352687
0.0322641
0.0310723
0.0320947
0.0348766
0.0383885
0.0415854
0.0437995
0.0448351
0.0448245
0.0439761
0.0422913
0.0395411
0.0355287
0.0305018
0.0253217
0.0211817
0.0190437
0.01917
0.0210588
0.0237224
0.0261507
0.0276416
0.0279062
0.0269862
0.0251059
0.0225655
0.0197408
0.017115
0.0152801
0.0147974
0.016014
0.0188628
0.0229304
0.0274876
0.0318773
0.0354239
0.0377433
0.0385026
0.0371125
0.034337
0.0271774
0.0229863
0.00536757
0.0145544
0.0984537
0.0971852
0.09288
0.0864774
0.0772919
0.064878
0.0489933
0.0296196
0.00773589
-0.0143454
-0.0332734
-0.0428185
-0.0444629
-0.0374975
-0.0247287
-0.0106609
0.0018515
0.0107
0.0160859
0.0200943
0.0248084
0.0308482
0.0376079
0.0443064
0.0504708
0.0559973
0.0609459
0.0653095
0.0688517
0.0706855
0.0696902
0.0657494
0.0606372
0.0570062
0.0561484
0.0574703
0.0595475
0.0614463
0.0628789
0.063973
0.0649736
0.0660817
0.0670943
0.066983
0.0644319
0.0593199
0.0535849
0.0500511
0.0500261
0.0525692
0.0557193
0.0581446
0.0594765
0.0599538
0.0600467
0.060188
0.060249
0.0593022
0.0562928
0.0513171
0.0461642
0.0432266
0.0436418
0.0466951
0.0505069
0.0535195
0.0551344
0.0555682
0.055421
0.0551676
0.0545633
0.0527652
0.0491497
0.0442656
0.0398924
0.0379064
0.0389707
0.0422766
0.0462059
0.0493748
0.0511712
0.0517298
0.0515747
0.0510764
0.049973
0.0476411
0.0438512
0.0393923
0.0358711
0.0347055
0.0362191
0.0395582
0.043323
0.0463542
0.0481302
0.0487352
0.0485689
0.0478814
0.0464444
0.0438319
0.0400478
0.0359471
0.0329654
0.0322649
0.0340407
0.0374756
0.041293
0.0444295
0.0463824
0.0471714
0.0470791
0.0462737
0.0445635
0.0416302
0.037539
0.0330983
0.0296641
0.0284489
0.0298365
0.0332358
0.0374285
0.0412168
0.0438657
0.0451849
0.0453292
0.0444895
0.0425826
0.0393175
0.0345443
0.0286939
0.0228686
0.0184509
0.016471
0.0171288
0.0197705
0.0232187
0.0263005
0.028219
0.0286602
0.0276835
0.0255396
0.0225536
0.0191557
0.0159337
0.0136266
0.0129345
0.0142757
0.0175557
0.0222517
0.0274936
0.0324971
0.0365002
0.0390854
0.0398894
0.0383714
0.035181
0.0276464
0.0225695
0.00519941
0.0127262
0.101648
0.100438
0.0963289
0.0901128
0.0810061
0.0683629
0.0516906
0.03062
0.00606142
-0.0195874
-0.0418323
-0.0520941
-0.0531521
-0.0436616
-0.0274246
-0.0104181
0.00389048
0.0128846
0.017078
0.0195829
0.0234409
0.0294096
0.0365092
0.0436293
0.0501667
0.0560138
0.061267
0.0659354
0.0697784
0.0716602
0.0700676
0.0647589
0.058053
0.0535276
0.0527722
0.0547872
0.0575696
0.0599574
0.0616765
0.0629141
0.063935
0.0649889
0.0659832
0.0658009
0.0628569
0.0568414
0.0499309
0.0456499
0.0458148
0.0492984
0.053491
0.0566497
0.0583314
0.0588665
0.0588777
0.0589582
0.058972
0.0577853
0.0541435
0.0482315
0.0422402
0.0389963
0.0397705
0.0436503
0.0483976
0.052151
0.0541855
0.0547729
0.0546628
0.0544175
0.0536713
0.0513951
0.0469391
0.0411014
0.0360616
0.0339913
0.0355524
0.0396864
0.044468
0.0483061
0.0505251
0.0513053
0.0512514
0.0507319
0.0493592
0.0464117
0.0417457
0.0364305
0.0324037
0.0312713
0.0333105
0.0374308
0.0419682
0.0456011
0.0477758
0.0486182
0.0485628
0.0478018
0.0459946
0.0426794
0.0380041
0.0331067
0.0297026
0.0290855
0.0313907
0.0355873
0.0401613
0.0438977
0.0462623
0.0473079
0.047333
0.0464314
0.0443034
0.0406124
0.0355764
0.0302776
0.0263379
0.0251107
0.0269548
0.0311132
0.0361425
0.0406598
0.0438473
0.045521
0.0458603
0.0450256
0.0428239
0.0389006
0.0331893
0.0263604
0.0198024
0.0151033
0.0133532
0.0146685
0.0182172
0.0226038
0.0264676
0.0289001
0.0295562
0.0285086
0.0260284
0.0224651
0.018325
0.0143439
0.0114555
0.0105296
0.0120543
0.015885
0.0213491
0.0274034
0.0331147
0.0376274
0.0404955
0.0413301
0.0396474
0.0359616
0.0280001
0.0218828
0.00496105
0.0103104
0.105327
0.1042
0.100368
0.094446
0.0855385
0.0727573
0.0552732
0.0322089
0.00430138
-0.0261626
-0.0529151
-0.0640445
-0.064516
-0.0517687
-0.030887
-0.0099233
0.0068019
0.0159001
0.0183068
0.0186731
0.0213648
0.0273028
0.0349097
0.042589
0.049571
0.0557638
0.0613309
0.0663338
0.0705235
0.0724179
0.0699341
0.0626773
0.0537545
0.0481288
0.0477922
0.0509961
0.0548617
0.0579274
0.0599785
0.0612867
0.0621408
0.0629367
0.0638314
0.0636001
0.0602693
0.0532542
0.045016
0.0399116
0.0402682
0.0449157
0.0504594
0.0545735
0.0566713
0.0572203
0.0571033
0.0571374
0.0571134
0.0555905
0.0510892
0.0439755
0.0369753
0.0334429
0.034768
0.0397411
0.0456553
0.0502952
0.0528151
0.0535832
0.0535398
0.0533222
0.0523867
0.049489
0.0439911
0.0370149
0.0312036
0.0290609
0.0312535
0.0364214
0.0422463
0.04688
0.0495901
0.0506372
0.0507217
0.0501774
0.0484555
0.0447391
0.0390202
0.0327097
0.028115
0.0270421
0.0297164
0.0347765
0.040241
0.0445887
0.0472338
0.0483619
0.0484455
0.047586
0.04531
0.0411362
0.0354089
0.0296009
0.0257339
0.0252333
0.0281629
0.0332517
0.0387134
0.0431552
0.0460054
0.0473561
0.0475197
0.0464858
0.0438372
0.0392389
0.0331097
0.026849
0.0223635
0.0211446
0.0235189
0.0285437
0.0345284
0.0398829
0.0436948
0.0457847
0.046353
0.0455111
0.0429384
0.0382292
0.0314462
0.0235485
0.016234
0.0112909
0.00984949
0.0119249
0.016492
0.0219238
0.0266586
0.0296674
0.0305641
0.0294238
0.0265195
0.0222351
0.0171854
0.0123064
0.00876801
0.00762086
0.00940268
0.0138855
0.0202156
0.0271536
0.0336088
0.0386375
0.0417756
0.0426158
0.0407391
0.0365105
0.0281206
0.0208963
0.00464631
0.00747619
0.109459
0.108446
0.104993
0.0995084
0.0909782
0.0782333
0.0599985
0.0346805
0.00265421
-0.0343
-0.067086
-0.0789634
-0.0784227
-0.0611455
-0.0340275
-0.00805748
0.0114733
0.0201949
0.0196482
0.0167849
0.0179069
0.0240199
0.0324925
0.0409773
0.0485054
0.055049
0.0608932
0.0661651
0.0706019
0.0724473
0.0688832
0.0591031
0.0471538
0.0400071
0.0404981
0.0456639
0.0511926
0.055203
0.0576174
0.0588444
0.0592775
0.0596525
0.0604527
0.0602034
0.0563265
0.0480111
0.0382645
0.0323586
0.0331818
0.0392862
0.0464871
0.0517707
0.0543489
0.0548823
0.054624
0.0546463
0.0545811
0.0526077
0.0470497
0.0385443
0.0304171
0.0265981
0.0286178
0.0349228
0.0422201
0.0478764
0.0509381
0.0519194
0.0519795
0.0518039
0.0506274
0.0469897
0.0403122
0.0320919
0.0254579
0.0232547
0.0261646
0.03251
0.039522
0.0450489
0.0483048
0.0496589
0.0499145
0.0493355
0.0471929
0.0425924
0.035709
0.0283324
0.0231496
0.0221624
0.025542
0.0316438
0.0381387
0.0432807
0.0464493
0.0479013
0.0481428
0.0471565
0.0443288
0.0391858
0.0323125
0.0255447
0.0212121
0.0208598
0.0244723
0.0305287
0.0369555
0.0421681
0.0455531
0.0472432
0.0475539
0.0463507
0.0430991
0.0374958
0.0301989
0.0229441
0.0179186
0.0167353
0.019681
0.0256234
0.0326195
0.0388664
0.0433522
0.0458982
0.0467171
0.045849
0.042841
0.0372624
0.0293507
0.0203834
0.0123623
0.0072511
0.00619107
0.00909015
0.0147241
0.0212392
0.0268767
0.0304848
0.0316258
0.0303575
0.0269328
0.0217926
0.0157076
0.00986124
0.00567569
0.00436225
0.00647104
0.0116581
0.0188735
0.0266774
0.0338312
0.0393221
0.0426839
0.0434966
0.0414156
0.0366533
0.0279086
0.0196255
0.00427108
0.00445387
0.113999
0.113136
0.110185
0.105322
0.0974152
0.0849856
0.0661769
0.0384195
0.00135633
-0.0444585
-0.0854508
-0.0981895
-0.0968566
-0.0735277
-0.0379358
-0.00524206
0.0180477
0.0260512
0.0211384
0.0136669
0.012722
0.0193
0.0290876
0.0386463
0.0467882
0.0536251
0.0595854
0.0647159
0.0689112
0.0706224
0.0664101
0.0545119
0.0389602
0.0291831
0.0302851
0.0382451
0.0462545
0.0515989
0.0544008
0.0553398
0.0551161
0.0550232
0.0557944
0.0555022
0.0508411
0.0409276
0.0295177
0.0228908
0.0244448
0.0323405
0.0414887
0.0481222
0.0512359
0.0517486
0.0513657
0.0514121
0.0512951
0.0487908
0.0420822
0.0321295
0.0228497
0.0187392
0.0215099
0.0292775
0.0380953
0.0448507
0.0484884
0.0497089
0.0499031
0.0497763
0.0483248
0.0438927
0.0360017
0.0265377
0.019098
0.0168502
0.0205029
0.0280743
0.0363294
0.0427887
0.0466125
0.0482951
0.0487406
0.0481167
0.0455139
0.039986
0.0319227
0.0234972
0.0177568
0.0168799
0.0209835
0.0281483
0.035698
0.0416546
0.045363
0.0471547
0.0475589
0.0464233
0.0430009
0.0368546
0.0288351
0.0211383
0.0163793
0.0162022
0.0205077
0.027533
0.034925
0.0409109
0.0448373
0.0468743
0.0473272
0.0459263
0.0420341
0.0354091
0.0269672
0.0187704
0.0132586
0.0121421
0.0156608
0.0225016
0.0304842
0.0376049
0.0427583
0.0457646
0.0468362
0.0459209
0.0424449
0.0359857
0.0269893
0.0170521
0.0084483
0.00327525
0.00265396
0.0063892
0.0130623
0.0206156
0.0271145
0.0312934
0.0326508
0.0312007
0.027167
0.0210833
0.0139282
0.00715538
0.00241387
0.00102095
0.00349687
0.00936221
0.0173765
0.0259188
0.0336314
0.039465
0.0429705
0.0437198
0.0414548
0.0362387
0.0272931
0.0181132
0.00386275
0.0014608
0.118888
0.118219
0.115913
0.1119
0.104943
0.0932558
0.074236
0.0440331
0.000920457
-0.0570947
-0.109068
-0.121754
-0.119061
-0.087707
-0.0410167
0.000163936
0.027736
0.0339159
0.0222399
0.00796458
0.00435178
0.0121385
0.0241414
0.0352651
0.0441418
0.0511714
0.0568065
0.0608123
0.0639031
0.0652129
0.0610659
0.0483
0.0295303
0.0163343
0.0172774
0.0284237
0.0397361
0.0468976
0.0501327
0.0505865
0.0495591
0.0490353
0.0498475
0.0494595
0.0438789
0.0322991
0.0192179
0.0118932
0.0142765
0.0241758
0.0354714
0.0435678
0.0472494
0.047751
0.0472703
0.0473676
0.0472027
0.0441704
0.0363635
0.0250629
0.0147116
0.0103186
0.0138091
0.0230224
0.0333668
0.0412206
0.0454249
0.0468863
0.047227
0.0471536
0.0454347
0.0402496
0.0312377
0.020648
0.012493
0.0102244
0.0145828
0.023318
0.0327587
0.0401037
0.0444636
0.0464627
0.0470972
0.0464284
0.0433808
0.036981
0.0278371
0.0184764
0.012261
0.0115157
0.0163052
0.0244617
0.0329918
0.0397025
0.0439121
0.046025
0.0465824
0.0452938
0.0412969
0.0342131
0.0251549
0.0166448
0.0115399
0.0115561
0.0165102
0.0244203
0.0326847
0.0393658
0.0437815
0.0461366
0.0467137
0.0451104
0.0406073
0.0330452
0.0235881
0.0145859
0.00868668
0.00766809
0.0117181
0.0193619
0.0282146
0.0361028
0.0418475
0.0452709
0.0465738
0.0455982
0.0416742
0.0344168
0.0244906
0.0137813
0.00478141
-0.000327562
-0.000470145
0.00404988
0.0116501
0.0201052
0.0273435
0.0320058
0.0335167
0.0318187
0.0271233
0.0200998
0.0119715
0.00443976
-0.000688807
-0.00206762
0.00076394
0.00718819
0.0157984
0.0248364
0.0328739
0.0388683
0.0424078
0.043065
0.0406731
0.0351523
0.0262255
0.016408
0.00344858
-0.00130822
0.124049
0.12362
0.122119
0.11922
0.11363
0.103272
0.0846412
0.0522734
0.00183197
-0.0731612
-0.140228
-0.153061
-0.149581
-0.106779
-0.044553
0.00795078
0.0413026
0.0444201
0.0224665
-0.00149154
-0.00828953
0.00192721
0.0173589
0.0306163
0.0403281
0.0473102
0.0517876
0.0534073
0.0547585
0.0557771
0.0521772
0.0387741
0.0172594
0.000997886
0.00177327
0.0162445
0.0314729
0.0409093
0.0446512
0.0444899
0.0426094
0.0417304
0.0426566
0.0421807
0.0357494
0.0227057
0.00813751
0.000131172
0.00326226
0.015125
0.0285778
0.0381371
0.0423717
0.0428616
0.0422979
0.0424645
0.0422943
0.0388486
0.0301534
0.017755
0.00651836
0.00188105
0.00598908
0.0164837
0.0282056
0.0370438
0.0417374
0.0433987
0.0438726
0.0438638
0.0419457
0.0361607
0.0262528
0.01477
0.00605988
0.00380378
0.00877376
0.0185019
0.028947
0.0370281
0.0418208
0.044078
0.0448802
0.0441883
0.0407835
0.0336777
0.0236705
0.0135813
0.00702185
0.00642559
0.0118066
0.0207899
0.0301201
0.0374316
0.0420349
0.0444082
0.045097
0.0436843
0.0392127
0.0313667
0.0214855
0.0123574
0.00702349
0.00724037
0.012744
0.0213685
0.0303143
0.0375227
0.0423066
0.0449083
0.045583
0.0438098
0.0388079
0.0305005
0.0202614
0.0106671
0.00451761
0.0036256
0.00812368
0.0164012
0.0259155
0.0343722
0.0405536
0.0442964
0.0457855
0.0447563
0.0404717
0.0326005
0.0220062
0.0108065
0.00164557
-0.00326448
-0.00291875
0.00227551
0.0106064
0.019735
0.0275096
0.0325091
0.0340799
0.0320754
0.0267331
0.0188965
0.0100313
0.00201546
-0.00328598
-0.00456783
-0.00145196
0.00532032
0.0142168
0.0234065
0.0314562
0.0373817
0.0408264
0.0413754
0.0389453
0.0333215
0.0246748
0.0145552
0.00305324
-0.00367137
0.129385
0.129248
0.128718
0.127241
0.123521
0.115333
0.0980665
0.0644574
0.00542557
-0.0940848
-0.180894
-0.190029
-0.186174
-0.12944
-0.047261
0.0198308
0.0593083
0.0570814
0.0203048
-0.0179417
-0.0284437
-0.0133571
0.00782044
0.0242781
0.0350593
0.0415922
0.0437885
0.0422217
0.0419755
0.0433019
0.0402997
0.0258332
0.00187717
-0.016763
-0.0157613
0.00208573
0.0215349
0.0335507
0.0378732
0.0370508
0.0343305
0.0331801
0.0343194
0.0338928
0.0269079
0.012833
-0.00286244
-0.0114803
-0.00780484
0.00572083
0.0210967
0.0319636
0.0366598
0.0370976
0.0364375
0.0366898
0.0366137
0.0329881
0.0237605
0.0106463
-0.00119693
-0.00600747
-0.00143368
0.0100524
0.0228495
0.0324315
0.037451
0.0392148
0.0397809
0.0398638
0.0378851
0.031765
0.0213073
0.00926461
0.000219556
-0.0019818
0.00345805
0.0139123
0.0250633
0.0336232
0.0386639
0.0410688
0.0419999
0.0413371
0.0377418
0.030205
0.0196592
0.00912864
0.00239637
0.00196167
0.0077905
0.0173503
0.0271988
0.0348626
0.0396786
0.0422064
0.0429984
0.0415321
0.0367708
0.0284433
0.018051
0.00856714
0.00314996
0.003564
0.00946876
0.0185583
0.0279009
0.0353793
0.0403395
0.0430751
0.0438188
0.0419543
0.0366505
0.0278899
0.0171907
0.00727963
0.00104687
0.000306352
0.00513216
0.0138086
0.0236918
0.03243
0.0388166
0.0427271
0.0443373
0.0432915
0.0388068
0.030602
0.0196914
0.00834774
-0.000707217
-0.00528472
-0.00447323
0.00122472
0.0100097
0.0194978
0.0275328
0.0326754
0.0341964
0.0318614
0.0259776
0.0175791
0.0083245
0.000162934
-0.00508389
-0.00620832
-0.00293149
0.00390387
0.0126955
0.0216202
0.0293195
0.0349204
0.0381349
0.0385706
0.0362096
0.0307149
0.0226293
0.0125985
0.00270047
-0.00547102
0.134782
0.134982
0.135588
0.135835
0.134581
0.129548
0.115091
0.0818511
0.0121719
-0.120629
-0.237145
-0.24316
-0.238684
-0.160055
-0.049456
0.0370052
0.0851329
0.071333
0.0101274
-0.0472586
-0.0597029
-0.0352314
-0.0049569
0.0160666
0.0281234
0.0336196
0.0324997
0.0275561
0.026232
0.0286039
0.0263151
0.0109984
-0.0147254
-0.0351816
-0.0340412
-0.0131797
0.0103236
0.0249389
0.0298518
0.0283687
0.0248403
0.0234992
0.0250016
0.0249141
0.0178713
0.00336935
-0.012959
-0.0220421
-0.0180823
-0.00339123
0.0134379
0.0252825
0.0302461
0.0305279
0.0297224
0.0300835
0.0302643
0.0267989
0.0175113
0.00416385
-0.00793701
-0.0128207
-0.0079607
0.00413503
0.0175769
0.0275405
0.0326297
0.0343375
0.0349299
0.0351536
0.0333214
0.0272274
0.0166638
0.00447097
-0.00464433
-0.00674194
-0.00100896
0.00983016
0.0212903
0.029974
0.0349984
0.0373901
0.0383995
0.037852
0.0343071
0.0267067
0.0160322
0.00540829
-0.00129651
-0.00156198
0.00453154
0.0143489
0.0243484
0.0320311
0.0368098
0.0393465
0.0402129
0.0388078
0.0340194
0.0255786
0.0150622
0.00553414
0.000199028
0.000796191
0.00691379
0.0161546
0.0255314
0.032945
0.0378273
0.0405492
0.0413381
0.0395072
0.0341736
0.0253324
0.0145625
0.00465469
-0.0014746
-0.0020436
0.00295998
0.0117485
0.0216396
0.0302985
0.0365926
0.0404739
0.0421281
0.0411358
0.0366778
0.0284975
0.017688
0.00658862
-0.00207714
-0.00619759
-0.00497646
0.000998187
0.0098891
0.0193524
0.0273183
0.0323809
0.0337468
0.0311146
0.0248867
0.0162717
0.00703418
-0.000915563
-0.00588845
-0.00681839
-0.00354215
0.0030237
0.011273
0.0194847
0.0264573
0.0314748
0.0343248
0.0346448
0.0324651
0.0273439
0.0201028
0.0105827
0.00241119
-0.00660072
0.140104
0.140682
0.142558
0.14485
0.146682
0.14623
0.136669
0.108091
0.0256107
-0.16367
-0.307232
-0.300544
-0.304448
-0.20074
-0.0530172
0.0592471
0.111446
0.0907969
0.00110613
-0.0872471
-0.105811
-0.0675189
-0.0225015
0.00564408
0.0194085
0.0232481
0.0181158
0.00995197
0.0082525
0.012458
0.0113869
-0.00388342
-0.0303015
-0.0520264
-0.0511663
-0.0282432
-0.00143361
0.0154318
0.0208105
0.0186452
0.0143189
0.012864
0.0149457
0.0156268
0.00916246
-0.00505957
-0.0214438
-0.0307773
-0.0267961
-0.0115511
0.00607937
0.0184093
0.0233329
0.0232804
0.0222466
0.022753
0.0234111
0.0205246
0.0117244
-0.0013142
-0.0132815
-0.0181166
-0.0131602
-0.000890653
0.0126754
0.0225598
0.0273793
0.0288167
0.0293513
0.0297884
0.0283651
0.0227272
0.0125637
0.000676753
-0.00821861
-0.0101598
-0.00433142
0.00650367
0.0178074
0.0261848
0.0308642
0.0330415
0.0340725
0.033758
0.0305616
0.0233294
0.0129908
0.00265822
-0.00380321
-0.00389663
0.00225241
0.0119621
0.0216845
0.0289892
0.0334281
0.035799
0.0367151
0.0355237
0.0310292
0.0229035
0.0126972
0.0034653
-0.00161318
-0.00085604
0.00525871
0.0142933
0.0232871
0.0302461
0.0347513
0.0372895
0.0381083
0.0364742
0.0314371
0.0229412
0.0125307
0.00297119
-0.00285871
-0.0032419
0.00176892
0.0103481
0.0198399
0.0280083
0.0338665
0.0374915
0.0391094
0.0382683
0.034113
0.0263659
0.0161121
0.00566308
-0.00233062
-0.00588698
-0.00434589
0.00162981
0.0102237
0.0192326
0.0267733
0.0315287
0.0326597
0.0298257
0.0235213
0.0150798
0.00627379
-0.00112111
-0.00562235
-0.00634192
-0.00324989
0.00269534
0.00996121
0.0170265
0.0229173
0.0271052
0.0294567
0.0296546
0.0277655
0.0232621
0.0171381
0.00855238
0.00219799
-0.00702486
0.1452
0.146173
0.149417
0.153944
0.159538
0.164727
0.163287
0.142451
0.046551
-0.196582
-0.429497
-0.390954
-0.398666
-0.255381
-0.0561091
0.0768634
0.139139
0.110209
0.00438545
-0.105044
-0.147679
-0.105141
-0.0444182
-0.00706561
0.00892054
0.0105972
0.00107714
-0.010039
-0.0112495
-0.00426765
-0.00317409
-0.0171589
-0.043019
-0.0653578
-0.0652469
-0.0416158
-0.0127744
0.00560814
0.0111412
0.00818644
0.0030268
0.00153817
0.00448293
0.00645973
0.00127448
-0.0119358
-0.0277775
-0.0371033
-0.0333297
-0.0181715
-0.000493887
0.0117073
0.0161818
0.0155482
0.014178
0.0148818
0.0162779
0.0144292
0.0066888
-0.00548646
-0.0169203
-0.0215748
-0.0167056
-0.00471234
0.00841419
0.0176974
0.0218482
0.0227621
0.0231449
0.0238864
0.0231672
0.0184467
0.00921059
-0.00190404
-0.0102854
-0.0120178
-0.00629741
0.00412763
0.0147775
0.022377
0.0263434
0.0280818
0.029078
0.0291349
0.0266164
0.0202126
0.0106935
0.00104556
-0.00495563
-0.00487885
0.00110557
0.0103229
0.0193118
0.0258091
0.0295774
0.031594
0.0325418
0.0317402
0.0278911
0.0205344
0.0110879
0.00249808
-0.00215105
-0.00126421
0.00461945
0.013072
0.0212422
0.0273317
0.0311405
0.0333174
0.03416
0.0329081
0.0285201
0.0208158
0.0112062
0.00234351
-0.00299365
-0.00318302
0.00165457
0.00968894
0.0183563
0.0256027
0.0306628
0.0337931
0.0352972
0.034722
0.031169
0.0242827
0.0150449
0.00564505
-0.00141108
-0.00432114
-0.00258072
0.00308502
0.0109501
0.0190634
0.0258276
0.0300672
0.0309209
0.0280284
0.0219485
0.0140669
0.00607511
-0.000459963
-0.00432215
-0.00483619
-0.00211868
0.00287033
0.00875457
0.0142966
0.0187956
0.021926
0.0236435
0.0237061
0.0222107
0.0185613
0.0138052
0.00654844
0.00206055
-0.00678242
0.149905
0.151279
0.155888
0.162817
0.172571
0.185328
0.196008
0.199981
0.0937498
-0.184599
-0.500664
-0.458629
-0.531632
-0.338451
-0.078082
0.0538027
0.103139
0.0604855
-0.0051821
-0.109385
-0.174194
-0.139444
-0.0676025
-0.0211702
-0.00295727
-0.00386692
-0.0179835
-0.0317726
-0.0314772
-0.0205555
-0.016118
-0.0275732
-0.0516832
-0.0738925
-0.0748833
-0.0519663
-0.0226723
-0.00381088
0.00136851
-0.0026011
-0.00867853
-0.0101095
-0.0059663
-0.0021296
-0.00535479
-0.0168769
-0.0316186
-0.0406665
-0.0372751
-0.0228029
-0.00584786
0.00555092
0.00909958
0.0075913
0.00576449
0.00673161
0.00914164
0.00878469
0.00264752
-0.00814663
-0.0186719
-0.0230157
-0.0183983
-0.00710839
0.00502154
0.0131666
0.0162264
0.0163482
0.0164847
0.0176314
0.0179152
0.0145625
0.0067573
-0.00314462
-0.0107363
-0.0122115
-0.00679347
0.00282992
0.0123372
0.0186863
0.0215659
0.0226386
0.0235477
0.0241203
0.0226083
0.0174814
0.00924568
0.000655629
-0.0046827
-0.00444179
0.0011631
0.00951346
0.017321
0.0225856
0.0253542
0.0268312
0.0277985
0.0275674
0.0247123
0.0185663
0.0103113
0.00269124
-0.00136905
-0.000387416
0.00504075
0.012545
0.0194629
0.0242786
0.0270803
0.0287257
0.0295922
0.0289101
0.0255176
0.0190367
0.0106505
0.00281421
-0.00185138
-0.00184553
0.00264032
0.00980362
0.017235
0.0231425
0.0270542
0.0294597
0.0307783
0.0305854
0.0279293
0.0223156
0.0145279
0.00654294
0.000654792
-0.00155821
0.000236349
0.0052676
0.0119788
0.0187815
0.0244497
0.0279961
0.0285634
0.0257802
0.0202227
0.0132486
0.00639602
0.000969148
-0.00212471
-0.00245802
-0.000293173
0.0034571
0.00764561
0.011372
0.0142239
0.0160878
0.0170355
0.0169431
0.0159384
0.0133636
0.0101957
0.00460656
0.0019856
-0.00597625
0.154059
0.155791
0.161683
0.170809
0.185044
0.204896
0.234544
0.231171
0.189324
-0.219335
-0.679582
-0.532935
-0.618927
-0.437247
-0.159926
-0.0472135
-0.0147865
-0.0156931
-0.0375589
-0.112909
-0.183843
-0.164223
-0.0886165
-0.0353051
-0.0155204
-0.0193969
-0.0382423
-0.0543171
-0.0513726
-0.0352419
-0.0263511
-0.0342988
-0.0557217
-0.0770805
-0.0793247
-0.058348
-0.0302121
-0.0120674
-0.00790342
-0.013221
-0.0203335
-0.0215976
-0.0158998
-0.00967427
-0.0103621
-0.0196493
-0.032832
-0.0413517
-0.0384554
-0.0251712
-0.00964294
0.000292057
0.00242097
-0.000268421
-0.00266763
-0.00136411
0.00232097
0.00385761
-0.000213636
-0.00919182
-0.0184907
-0.0224071
-0.0181766
-0.00796093
0.00266982
0.00917531
0.0107407
0.00981471
0.00961978
0.0112684
0.0128266
0.0112383
0.00530003
-0.00301051
-0.00957625
-0.0107541
-0.00580942
0.00266545
0.0105912
0.015259
0.0167085
0.0169085
0.0176852
0.0189062
0.018695
0.0152412
0.00869559
0.0014882
-0.00301364
-0.00261827
0.00241366
0.00956196
0.015787
0.0194368
0.0209095
0.0216811
0.0226592
0.0231623
0.0216128
0.0170692
0.0103863
0.00402183
0.000685714
0.00172556
0.00649485
0.0127238
0.0180091
0.0211938
0.0227144
0.0236786
0.0245713
0.0246273
0.0225383
0.0176633
0.0108736
0.00435181
0.000510306
0.000706421
0.00467675
0.0106763
0.0165069
0.0207083
0.0231636
0.0246407
0.0257091
0.0260003
0.0245011
0.0205221
0.0145612
0.00829841
0.00375686
0.0022557
0.00394693
0.008036
0.0132154
0.0183522
0.022654
0.0253603
0.0256501
0.023144
0.0183773
0.0125994
0.0071385
0.00299966
0.000756535
0.00056548
0.00203603
0.00435087
0.00663868
0.00835081
0.00935665
0.0097676
0.00981478
0.00954424
0.00911737
0.00781292
0.00641592
0.00275688
0.00195274
-0.00475277
0.157508
0.159538
0.166446
0.177512
0.195316
0.223107
0.26725
0.299794
0.342636
-0.1945
-0.531042
-0.629712
-0.48594
-0.260322
-0.170421
-0.15233
-0.0893535
-0.0653023
-0.10774
-0.172239
-0.170585
-0.101944
-0.0469683
-0.0273879
-0.0348404
-0.0585455
-0.0763334
-0.0695369
-0.0470889
-0.0330265
-0.0369583
-0.0551449
-0.0750608
-0.0784998
-0.0603221
-0.0347303
-0.0184721
-0.0160493
-0.0231054
-0.0313714
-0.0323409
-0.024756
-0.0157236
-0.0134749
-0.0201694
-0.0314759
-0.0392649
-0.0369162
-0.0251884
-0.0116598
-0.00376685
-0.00351013
-0.00765987
-0.0107271
-0.00901531
-0.00384018
-0.00010411
-0.00177294
-0.00862175
-0.0164601
-0.0198595
-0.016112
-0.00725811
0.0014674
0.00591505
0.00564415
0.0034564
0.00286131
0.00509179
0.00813763
0.00861794
0.00487687
-0.00155623
-0.00691772
-0.00776988
-0.00343389
0.00361717
0.00960954
0.0122478
0.0119888
0.0111488
0.0117561
0.0137294
0.0150485
0.0135754
0.00903504
0.00346129
-7.23765e-05
0.000464903
0.00476689
0.0104453
0.0147688
0.0165005
0.0164428
0.0163767
0.017357
0.0187212
0.0187212
0.0160874
0.0112755
0.00638923
0.00387865
0.00494174
0.00888635
0.0135798
0.0169347
0.0182113
0.0182383
0.0184039
0.0193222
0.0202456
0.019701
0.0167335
0.0118355
0.00685432
0.00395244
0.00432824
0.00764684
0.0122475
0.0161901
0.0184006
0.01916
0.0195468
0.0203083
0.0211562
0.0210124
0.0189492
0.0151056
0.0107916
0.00771037
0.00690106
0.00833635
0.0112264
0.0145797
0.0177787
0.0204978
0.0222386
0.0222591
0.0201763
0.0164243
0.0120658
0.00817173
0.00542854
0.00407072
0.00398249
0.0046745
0.00545975
0.00575515
0.00534492
0.00436345
0.00316802
0.00220057
0.00172635
0.0019479
0.00207082
0.00258183
0.00102537
0.00194488
-0.00327827
0.160131
0.162351
0.169929
0.182214
0.202458
0.235219
0.290245
0.353381
0.457357
-0.556695
-0.442457
-0.337167
-0.307726
-0.246828
-0.138225
-0.0797516
-0.0973357
-0.148729
-0.159203
-0.10471
-0.0537754
-0.0367732
-0.0486479
-0.0773051
-0.0960234
-0.0842729
-0.0549158
-0.0356166
-0.0355809
-0.0504023
-0.0684761
-0.0728979
-0.0579515
-0.0358881
-0.022487
-0.0224777
-0.0316426
-0.0411428
-0.0416778
-0.0319501
-0.0198749
-0.0145256
-0.0184939
-0.0277735
-0.0346963
-0.0328943
-0.0229412
-0.011808
-0.00639188
-0.00836122
-0.0141835
-0.0179792
-0.0157992
-0.00899432
-0.00288545
-0.0019755
-0.00652965
-0.0127744
-0.0155957
-0.0123913
-0.0050857
0.00145708
0.00355214
0.00120263
-0.00239612
-0.00343749
-0.00057387
0.00409026
0.00682025
0.00547097
0.00108527
-0.0029654
-0.003478
0.000158471
0.00560301
0.00942764
0.0098039
0.00765136
0.00565951
0.00606962
0.00885604
0.0118456
0.0125432
0.010205
0.00642187
0.0039357
0.00460028
0.00806431
0.012095
0.0143091
0.0139277
0.0121886
0.0111967
0.0121678
0.0144676
0.0161684
0.0156401
0.0128919
0.00962577
0.00800025
0.00905648
0.0120627
0.0150509
0.0162875
0.0154846
0.0138855
0.0131746
0.0141126
0.0159792
0.0171295
0.0162646
0.0134521
0.0101586
0.00826649
0.00880694
0.0113769
0.0144215
0.0162923
0.0163339
0.015247
0.0144347
0.0148415
0.0162788
0.0176072
0.0176347
0.016089
0.0138531
0.0122741
0.0121079
0.01316
0.0146751
0.0160173
0.017101
0.0180742
0.0187347
0.0184766
0.0169248
0.0143584
0.0115783
0.00935445
0.00804862
0.00757246
0.00756002
0.00745547
0.00671663
0.0050297
0.00247271
-0.000571885
-0.00347684
-0.00554197
-0.0062445
-0.00533137
-0.00368162
-0.00118332
-0.000564715
0.0019592
-0.00171818
0.161849
0.164133
0.171931
0.184585
0.205424
0.239229
0.29584
0.372144
0.533163
-0.417418
-0.368231
-0.378618
-0.422448
-0.307761
-0.161769
-0.0792017
-0.0775852
-0.116536
-0.132976
-0.0958799
-0.0538402
-0.0418081
-0.0590285
-0.092589
-0.111288
-0.0938157
-0.0578059
-0.0339908
-0.0305558
-0.0422398
-0.0582777
-0.0633857
-0.0517068
-0.0336757
-0.0237731
-0.0266787
-0.0382167
-0.0489563
-0.0489193
-0.0369247
-0.0218112
-0.0134631
-0.014804
-0.022074
-0.0280699
-0.0267724
-0.0186627
-0.0101203
-0.00742908
-0.0118327
-0.0194389
-0.0239771
-0.0212916
-0.0128165
-0.00431926
-0.000833173
-0.00308806
-0.00771533
-0.00993994
-0.00729206
-0.00161261
0.00261905
0.00221882
-0.00232463
-0.00739942
-0.00890683
-0.00539781
0.000914729
0.00593274
0.00701692
0.00471914
0.00200604
0.00183036
0.0047263
0.00848734
0.0100473
0.00806791
0.0039492
0.000759704
0.000953551
0.00456183
0.00925676
0.0121798
0.0121051
0.0101626
0.00874435
0.00952009
0.0120956
0.0144059
0.0144331
0.0118706
0.00839696
0.00644215
0.00738811
0.010636
0.0140811
0.0157247
0.0151102
0.0135136
0.0127868
0.013813
0.0158294
0.0170488
0.0161068
0.0131742
0.00990798
0.0082884
0.00923204
0.0120558
0.0149471
0.0162562
0.0156055
0.0140556
0.0131922
0.0138793
0.0156521
0.0170766
0.0168116
0.0146287
0.0116451
0.00958576
0.00960153
0.0116162
0.0144392
0.0166097
0.0174173
0.017282
0.0171753
0.0175848
0.0181693
0.0182347
0.0175014
0.0163895
0.0155052
0.0149771
0.0144017
0.0134344
0.0121648
0.0110623
0.0105517
0.0106735
0.0110514
0.0111083
0.0102508
0.00807629
0.00450177
-0.000146114
-0.00525092
-0.00989742
-0.0130953
-0.014046
-0.0124367
-0.00923932
-0.00474908
-0.00199154
0.00201237
-0.000224291
0.162635
0.164856
0.172412
0.184558
0.20412
0.234914
0.283789
0.351482
0.471687
-0.298224
-0.310114
-0.320579
-0.419214
-0.471787
-0.322362
-0.159168
-0.0675361
-0.052758
-0.0814774
-0.0982388
-0.0771195
-0.0464861
-0.0410319
-0.0642147
-0.102302
-0.119989
-0.0966714
-0.0553195
-0.0284582
-0.0225616
-0.0315569
-0.0455332
-0.0510103
-0.0423286
-0.0283663
-0.0222071
-0.0282634
-0.0422574
-0.0541376
-0.0534155
-0.0392123
-0.0213411
-0.0103628
-0.00938426
-0.0148092
-0.0198892
-0.0190264
-0.0126945
-0.0067374
-0.00681025
-0.0136802
-0.0230583
-0.0283005
-0.0251039
-0.0150332
-0.00430119
0.00157803
0.00147139
-0.00162045
-0.00326392
-0.0011534
0.00293062
0.00487782
0.00200519
-0.00470521
-0.0112294
-0.0131955
-0.00907186
-0.00118869
0.00600657
0.00940953
0.00910913
0.00767945
0.00782063
0.00998535
0.0120954
0.011439
0.00715835
0.00112139
-0.0032413
-0.003274
0.00110893
0.00743389
0.0124959
0.0146056
0.0144427
0.0140521
0.0149215
0.0166183
0.017247
0.0151475
0.0104695
0.00531095
0.00240923
0.00330938
0.00745311
0.0125738
0.0163202
0.0177802
0.017806
0.017943
0.0189254
0.0199675
0.0194671
0.0164196
0.0114333
0.00655292
0.00404018
0.00496787
0.00869847
0.0132687
0.0166931
0.0181561
0.0183093
0.0184407
0.0192552
0.0202354
0.0200752
0.0177365
0.0133995
0.00857206
0.00528161
0.00488372
0.00742019
0.0116642
0.0159018
0.0189868
0.0208664
0.0221358
0.0230433
0.0231323
0.0217801
0.0190263
0.0157355
0.0129388
0.0111256
0.010161
0.00976455
0.00983147
0.0104456
0.011643
0.0131477
0.014341
0.0144828
0.012964
0.00950433
0.00420655
-0.0023959
-0.0094657
-0.0157962
-0.0200993
-0.0213077
-0.0190433
-0.0143727
-0.00797815
-0.00323392
0.00213616
0.00106958
0.162519
0.164556
0.171485
0.182328
0.19933
0.223829
0.260739
0.305588
0.326932
-0.187933
-0.279652
-0.25018
-0.290486
-0.41361
-0.451104
-0.294666
-0.138725
-0.0507992
-0.0271839
-0.046178
-0.0604058
-0.0514475
-0.0323549
-0.0338486
-0.0629562
-0.104743
-0.120492
-0.0920449
-0.047677
-0.0197573
-0.0124813
-0.0192922
-0.0312804
-0.0368302
-0.0306831
-0.0204425
-0.0178732
-0.0269986
-0.0433008
-0.0561072
-0.0546392
-0.0385031
-0.0184358
-0.00542892
-0.0025984
-0.00645183
-0.0106868
-0.010174
-0.00544597
-0.00188558
-0.00455394
-0.0137354
-0.0247413
-0.0305972
-0.0269225
-0.0154516
-0.00280307
0.00512252
0.00687802
0.00514758
0.00403201
0.00565616
0.00827385
0.00811056
0.00295175
-0.00575574
-0.0136088
-0.0159996
-0.011338
-0.00206868
0.00705121
0.0125134
0.0139999
0.0137248
0.0141456
0.0156343
0.016229
0.0135435
0.00716021
-0.000629579
-0.00607267
-0.00633389
-0.00127739
0.00649683
0.0134776
0.0175603
0.0190116
0.0195502
0.0204942
0.0213798
0.0204717
0.0164377
0.00983806
0.00314271
-0.000638418
0.000191266
0.00511802
0.0117395
0.0173909
0.0207432
0.0222511
0.0231701
0.0241039
0.0242527
0.0221895
0.0172367
0.0103915
0.00403963
0.000694409
0.00157912
0.00610777
0.0121927
0.0175493
0.0209568
0.0226791
0.0237204
0.0246421
0.0248874
0.0232743
0.0190438
0.0127423
0.00622162
0.00177776
0.000959435
0.00392494
0.00942885
0.0155367
0.0206977
0.0244051
0.026897
0.0282229
0.0278446
0.0252062
0.0205977
0.015241
0.010546
0.00737833
0.00592149
0.0060118
0.00736771
0.00966813
0.0125245
0.0153445
0.0173108
0.0175711
0.0155163
0.0109656
0.00416725
-0.00417326
-0.0130138
-0.0208727
-0.0261843
-0.0276442
-0.0248103
-0.0188398
-0.0107314
-0.00427092
0.00236492
0.0020477
0.161575
0.163352
0.169333
0.178498
0.191863
0.210426
0.230628
0.250619
0.216219
-0.101625
-0.365113
-0.250805
-0.205236
-0.293004
-0.408258
-0.399576
-0.246498
-0.111397
-0.0342501
-0.00500779
-0.0135644
-0.0238072
-0.022288
-0.0131145
-0.0207041
-0.0548741
-0.0989608
-0.112055
-0.08012
-0.035807
-0.00895823
-0.00129331
-0.00633587
-0.0164355
-0.0217999
-0.0176434
-0.0105177
-0.0110429
-0.022836
-0.0410551
-0.0544685
-0.0522737
-0.03471
-0.0132557
0.0010112
0.00513646
0.00252417
-0.000974835
-0.000726391
0.00264581
0.00414598
-0.000763609
-0.0119253
-0.0242891
-0.0306222
-0.0265455
-0.0139858
0.000116922
0.0096118
0.0128432
0.0122321
0.0115623
0.0127714
0.0141303
0.0121566
0.00504353
-0.0053611
-0.0143381
-0.0170973
-0.0120157
-0.0016396
0.00903059
0.016173
0.0191385
0.0198281
0.0204756
0.0213801
0.0206818
0.0162753
0.00811432
-0.00115879
-0.00752841
-0.00801252
-0.00243054
0.00652126
0.015087
0.0208194
0.023631
0.024951
0.0259475
0.0261373
0.0239285
0.0182663
0.0100504
0.00205247
-0.00249479
-0.00176238
0.00378367
0.0116409
0.0188896
0.023846
0.0266151
0.0281959
0.0290819
0.0284725
0.0250964
0.0185476
0.0101413
0.00253852
-0.00153733
-0.000725993
0.00444306
0.0117919
0.0187899
0.0238671
0.0269415
0.0287624
0.0297706
0.0293844
0.0265344
0.020698
0.0127241
0.00474559
-0.000718568
-0.00194718
0.00132725
0.00785928
0.0155383
0.0224649
0.0277247
0.0312383
0.0329027
0.0321339
0.0284232
0.0222221
0.0150082
0.00851241
0.00397065
0.00191517
0.00233387
0.00482937
0.00869738
0.0131115
0.0171583
0.0198528
0.020277
0.0178326
0.0124167
0.00438968
-0.00539812
-0.015722
-0.0248612
-0.0310195
-0.0327064
-0.0294239
-0.0224126
-0.0128804
-0.00508246
0.00272064
0.00261495
0.159917
0.16137
0.166248
0.173405
0.183169
0.19493
0.203723
0.200128
0.133659
-0.0606814
-0.234777
-0.208234
-0.20861
-0.26049
-0.328809
-0.302121
-0.185038
-0.083052
-0.0197929
0.0121967
0.0145206
0.00904761
0.00773476
0.00915643
-0.00317911
-0.0408796
-0.085421
-0.0953664
-0.0622982
-0.0212535
0.00271457
0.0100536
0.0065306
-0.00174897
-0.00670648
-0.00400415
0.000733181
-0.0021494
-0.0159356
-0.0354646
-0.0490931
-0.0462942
-0.0280155
-0.00615569
0.00852649
0.0133782
0.0116741
0.00878522
0.00884771
0.0111507
0.0110288
0.00437734
-0.00828693
-0.0216337
-0.0282732
-0.0239145
-0.0106764
0.00430994
0.0148136
0.0190798
0.0193084
0.0189827
0.0198575
0.0202175
0.016827
0.00820599
-0.00349071
-0.0133178
-0.0163709
-0.0110231
0.000105048
0.0118606
0.0202208
0.0242931
0.0257158
0.0265244
0.0269599
0.0252531
0.0195245
0.0100091
-0.000395599
-0.00748911
-0.00818371
-0.0022602
0.00752861
0.0172613
0.0242395
0.028094
0.0300109
0.0310339
0.0306764
0.0274695
0.0205718
0.0111306
0.00213171
-0.00303139
-0.00242302
0.00354151
0.0123029
0.0207595
0.0269529
0.030702
0.0327923
0.0336342
0.0324416
0.0280707
0.0203179
0.0107266
0.00215472
-0.00251636
-0.00180919
0.00380757
0.0121052
0.0203725
0.0267632
0.0309083
0.0333429
0.0344145
0.0335342
0.0297268
0.0226492
0.0133741
0.00423967
-0.00206646
-0.00367864
-0.000231547
0.00704831
0.015925
0.0242244
0.0306934
0.0349913
0.0369123
0.035862
0.0313516
0.0238984
0.0151271
0.00702017
0.0011548
-0.00159098
-0.00104599
0.00233921
0.00754998
0.0133487
0.0185014
0.0218714
0.0225081
0.0198338
0.0138021
0.00485905
-0.00602459
-0.0174701
-0.0275703
-0.0343635
-0.0362352
-0.0326465
-0.0249124
-0.0143276
-0.00565223
0.00320118
0.00270685
0.157675
0.158788
0.162487
0.167665
0.173999
0.180371
0.181119
0.168077
0.109656
-0.0446627
-0.155071
-0.151857
-0.164809
-0.204901
-0.24682
-0.224351
-0.140845
-0.062762
-0.00917798
0.0238027
0.0359733
0.0364627
0.0362499
0.032384
0.0160531
-0.0234081
-0.0659343
-0.0724637
-0.0409602
-0.00583408
0.0141248
0.0207703
0.0186694
0.0121929
0.00783851
0.00955928
0.0126243
0.00823719
-0.00668223
-0.0267628
-0.040193
-0.0370245
-0.0188874
0.00233658
0.0166174
0.0216888
0.020607
0.0182101
0.0181511
0.0196733
0.0184158
0.010613
-0.00297568
-0.0168582
-0.0236164
-0.0191352
-0.00569963
0.00954029
0.0204644
0.0253179
0.0261026
0.0260112
0.0266306
0.026274
0.0219139
0.0123048
-0.000208118
-0.0105643
-0.0138258
-0.0083907
0.00308574
0.0154101
0.0244861
0.0292663
0.0311729
0.0320684
0.0321582
0.0297591
0.0231605
0.0127759
0.0016456
-0.00593538
-0.00682251
-0.000763857
0.00947964
0.0199133
0.0276908
0.0322389
0.0345481
0.0355665
0.0348247
0.030958
0.0232682
0.0130465
0.0033926
-0.00221014
-0.00175024
0.00441093
0.0137061
0.0229343
0.0299534
0.0343672
0.0367948
0.0375946
0.0360124
0.0310027
0.0224869
0.0121366
0.00291783
-0.00218926
-0.00161453
0.00423775
0.013131
0.0222468
0.0295459
0.0344405
0.0372992
0.038407
0.0371874
0.0327389
0.0248338
0.0146791
0.00473553
-0.0022021
-0.00415618
-0.000677591
0.00704524
0.0167044
0.0259346
0.0332281
0.0380487
0.0401378
0.038927
0.0339207
0.0256116
0.0156608
0.00622231
-0.000835758
-0.0043195
-0.00386304
8.70319e-05
0.00630923
0.0132286
0.0193133
0.0232836
0.0241732
0.0214327
0.0150536
0.00553848
-0.00604782
-0.0182081
-0.0289086
-0.0360959
-0.0380972
-0.0343525
-0.0262404
-0.0150259
-0.00597289
0.00377425
0.00230656
0.154991
0.15576
0.158305
0.161571
0.164938
0.166682
0.162072
0.142694
0.0927568
-0.0163633
-0.107785
-0.12478
-0.141288
-0.168462
-0.190217
-0.169225
-0.107213
-0.0462918
-0.000839072
0.0307283
0.0490684
0.0570462
0.0601508
0.0539198
0.0332775
-0.00636305
-0.0438126
-0.0466741
-0.0190767
0.00873385
0.0244204
0.0303141
0.0295972
0.0249443
0.0213767
0.0225018
0.0244963
0.0194375
0.00431472
-0.0155001
-0.0283556
-0.0251476
-0.00804842
0.0115764
0.024766
0.0296653
0.028999
0.0270029
0.0268718
0.0278732
0.0259608
0.0176258
0.00373554
-0.0102047
-0.0168966
-0.0124833
0.000637639
0.0154993
0.0262852
0.031319
0.0324027
0.03244
0.0328718
0.0320734
0.0272001
0.017149
0.0043265
-0.00621652
-0.00959759
-0.0042667
0.00713661
0.019505
0.0288011
0.0339033
0.0360519
0.0369574
0.0368178
0.0340414
0.0270363
0.0162889
0.00486158
-0.00295479
-0.00401227
0.00196842
0.0122726
0.0229328
0.0310612
0.0359548
0.0384509
0.0394281
0.03846
0.0342739
0.0262474
0.0157083
0.00576413
-8.8603e-05
0.000202847
0.00633477
0.0157843
0.0253384
0.0327651
0.0375235
0.0401113
0.0408644
0.039082
0.0337934
0.0249684
0.0143032
0.0047779
-0.000592655
-0.000173762
0.00569813
0.0148236
0.0243532
0.0321421
0.037454
0.0405388
0.0416494
0.0402443
0.035478
0.0271744
0.0165826
0.00619772
-0.00114206
-0.00338431
-1.04858e-05
0.00784849
0.0178663
0.0275725
0.0352942
0.0403678
0.0425279
0.041268
0.0360704
0.0273288
0.0166334
0.00621709
-0.00182787
-0.00604028
-0.00586389
-0.00170275
0.00512249
0.0128084
0.0195825
0.0240331
0.0251916
0.0225382
0.0160883
0.00636628
-0.00550682
-0.0179586
-0.0288899
-0.0362251
-0.0382942
-0.0345412
-0.0263942
-0.0149927
-0.00605245
0.00437799
0.00146111
0.152002
0.152451
0.153912
0.155482
0.156338
0.154633
0.146453
0.124788
0.0814917
-0.00152972
-0.0739287
-0.0950536
-0.112209
-0.130932
-0.145228
-0.128596
-0.0823298
-0.0340428
0.00493935
0.0341645
0.0547506
0.0681586
0.074474
0.0684834
0.0444182
0.00659912
-0.0225222
-0.0212215
0.00083367
0.0213025
0.0331705
0.0384178
0.038982
0.0361597
0.0335533
0.034389
0.0357407
0.0306938
0.0162371
-0.00254109
-0.0145358
-0.011659
0.00360694
0.0208855
0.0324958
0.0369697
0.0366021
0.0349553
0.034789
0.0354778
0.0333342
0.0250518
0.011467
-0.00206662
-0.008529
-0.00439139
0.00791875
0.0218302
0.0320014
0.0368844
0.0380617
0.0381378
0.0384329
0.0374324
0.0324684
0.0224997
0.009863
-0.000530563
-0.00394594
0.00109038
0.0120147
0.023938
0.0330077
0.0380936
0.0402725
0.0411151
0.040843
0.0379724
0.0309944
0.0203706
0.00906473
0.00126258
5.96987e-05
0.00575826
0.0157475
0.0261897
0.034257
0.0391809
0.0416766
0.0425726
0.0415139
0.0373178
0.0293832
0.0189725
0.00909548
0.00318295
0.00329225
0.0091814
0.0184255
0.0278864
0.0353316
0.0401385
0.0427197
0.0434126
0.0415954
0.036358
0.0276539
0.0171039
0.00760804
0.00214882
0.00239532
0.0080822
0.0170926
0.0266217
0.0345031
0.0399183
0.0430391
0.0441129
0.0426574
0.037874
0.029583
0.0189864
0.00852649
0.00101792
-0.00145075
0.00169623
0.00940294
0.0193773
0.0291265
0.0368997
0.0419681
0.0440958
0.0428702
0.0377562
0.028999
0.0180206
0.00703003
-0.00173829
-0.00661416
-0.00686429
-0.00282652
0.00416911
0.0122068
0.0193616
0.0241179
0.0255177
0.0230695
0.0168103
0.00724974
-0.00448878
-0.0168144
-0.0276217
-0.0348732
-0.0369506
-0.0333311
-0.0254694
-0.014313
-0.00591871
0.00492869
0.000285842
0.148839
0.148995
0.149484
0.149578
0.148395
0.144086
0.133631
0.111364
0.0734472
0.00959465
-0.0485222
-0.0732677
-0.0917575
-0.10755
-0.114548
-0.0991446
-0.0630323
-0.024204
0.00911649
0.0355671
0.0556447
0.0705723
0.0782299
0.0730164
0.0506143
0.0192364
-0.000773203
0.00200797
0.0173199
0.0314322
0.0403086
0.0450242
0.0466343
0.0455712
0.0440819
0.0448773
0.0458298
0.0412233
0.0281111
0.0109912
2.95684e-05
0.00225384
0.015146
0.0296516
0.0394288
0.0433549
0.0432445
0.0419359
0.0417663
0.0422884
0.0402392
0.0324999
0.019754
0.00703489
0.000926809
0.00458437
0.0156552
0.0281632
0.0373651
0.0418632
0.0429927
0.043043
0.043234
0.0422162
0.0375128
0.0280838
0.0160767
0.00613654
0.00276107
0.00732905
0.0174177
0.0284832
0.0369644
0.0417687
0.0438137
0.0445323
0.0441973
0.0414589
0.0348747
0.0248018
0.0139948
0.00643697
0.0051149
0.0103508
0.0196964
0.0295399
0.0372025
0.0418999
0.0442418
0.0450173
0.0439691
0.0400147
0.0325382
0.0226509
0.0131662
0.00737209
0.00729314
0.0127535
0.021478
0.0304845
0.0376186
0.0422264
0.0446588
0.0452699
0.0435431
0.0386291
0.0304186
0.0203697
0.0112128
0.00583127
0.00589712
0.0112192
0.0198069
0.0289715
0.0366005
0.0418485
0.0448394
0.0458326
0.0444297
0.039881
0.0319643
0.0217568
0.0115639
0.00411136
0.00148257
0.00430145
0.0116019
0.0211774
0.0305883
0.0380839
0.0429206
0.044914
0.0437684
0.0389561
0.0305566
0.0197471
0.00860593
-0.000585499
-0.00601221
-0.00678485
-0.00315222
0.00361104
0.0115771
0.018766
0.0236108
0.0251667
0.0229858
0.0171263
0.00806239
-0.00313908
-0.0149413
-0.0252971
-0.0322584
-0.0342957
-0.0309447
-0.02365
-0.0131311
-0.00561903
0.00533541
-0.00105003
0.145617
0.145519
0.145159
0.144024
0.141224
0.135067
0.123258
0.101461
0.0681019
0.0175592
-0.0298719
-0.0542661
-0.0715773
-0.0839329
-0.0881453
-0.0758212
-0.0479646
-0.0165903
0.0118623
0.0355387
0.0541099
0.0683374
0.07612
0.0727053
0.0561196
0.0334227
0.0193047
0.0201598
0.0295793
0.0391836
0.0459696
0.0502131
0.0525257
0.0529944
0.0527196
0.0536924
0.0543574
0.050304
0.0388874
0.0238036
0.0139757
0.0153956
0.0257562
0.0374144
0.045327
0.0486831
0.0488293
0.0478769
0.0477393
0.0481805
0.0464267
0.0395773
0.0280794
0.0164897
0.0108125
0.0138155
0.0233403
0.0341566
0.0421774
0.0461551
0.0471608
0.0471515
0.0472561
0.0463405
0.0421498
0.0336136
0.0225933
0.0133549
0.010077
0.0140347
0.0230111
0.0329152
0.0405536
0.0448971
0.0467002
0.0472526
0.046895
0.0444435
0.0385249
0.0293391
0.01934
0.0122196
0.0108045
0.0154355
0.02388
0.0328352
0.03984
0.0441272
0.046207
0.0468286
0.0458527
0.0423159
0.035574
0.0265254
0.0177037
0.0121828
0.011918
0.0168038
0.0247615
0.0330342
0.0396084
0.0438344
0.0460121
0.046516
0.0449572
0.0405601
0.0331303
0.0238973
0.0153426
0.0101867
0.0100729
0.0148868
0.0228037
0.0313133
0.0384199
0.043293
0.0460259
0.0468959
0.0456094
0.0414788
0.0342222
0.0247328
0.0151048
0.00791162
0.0051905
0.00760555
0.0142936
0.0231808
0.0319466
0.0389043
0.0433323
0.0451027
0.044045
0.0396777
0.0319306
0.0216918
0.0108107
0.00151137
-0.00431669
-0.00565688
-0.00264357
0.0035502
0.0110633
0.017947
0.0226452
0.024231
0.0223162
0.0169794
0.00866274
-0.00166377
-0.0125916
-0.022205
-0.0286995
-0.03066
-0.027698
-0.0211941
-0.011633
-0.00521373
0.00551959
-0.00235458
0.142437
0.142124
0.141043
0.138903
0.134854
0.127406
0.114863
0.0940092
0.0644454
0.0234208
-0.0158167
-0.0393254
-0.0560871
-0.0670059
-0.0694188
-0.058719
-0.0362937
-0.0104795
0.0138445
0.034812
0.0516903
0.0646131
0.0720574
0.070843
0.0597949
0.0438894
0.0332529
0.0325415
0.0383204
0.0450558
0.0503763
0.0541536
0.0567993
0.0583818
0.0592881
0.0606159
0.0610813
0.0574283
0.0476238
0.0346639
0.0261137
0.0268717
0.0349026
0.0439185
0.0501075
0.052931
0.0533304
0.0527581
0.0526962
0.0530975
0.0517097
0.0459207
0.0359171
0.025651
0.0204311
0.0226714
0.0305122
0.0395385
0.0463065
0.0497126
0.0505717
0.0504999
0.0505285
0.0497702
0.046231
0.0388101
0.0290203
0.0206586
0.0175163
0.0207687
0.0284618
0.0370321
0.0436895
0.0474776
0.0489867
0.0493545
0.0489899
0.0469042
0.0418124
0.0337352
0.0247631
0.0182254
0.0167424
0.0206745
0.0280499
0.0359353
0.0421297
0.0459005
0.0476581
0.0481044
0.0472263
0.0442008
0.0383633
0.0303676
0.0224069
0.0172803
0.016841
0.0210565
0.0280821
0.0354385
0.0412954
0.0450286
0.0468877
0.0472614
0.045902
0.0421282
0.0356624
0.0274674
0.0197144
0.0149044
0.0146215
0.0188293
0.0259014
0.0335552
0.0399572
0.0443201
0.0467124
0.0474244
0.0462796
0.0426731
0.0362675
0.0277389
0.0189111
0.0121482
0.0094015
0.0113654
0.0172922
0.0252815
0.0331841
0.039425
0.043327
0.0448107
0.0438212
0.0399624
0.0330573
0.023702
0.0134421
0.00434164
-0.00171333
-0.00361309
-0.00136031
0.00400977
0.0107648
0.017055
0.0213867
0.0228704
0.0211712
0.0163874
0.00894366
-0.000294026
-0.0100934
-0.0187375
-0.0246248
-0.0264767
-0.0239867
-0.0184095
-0.01002
-0.00476399
0.00543524
-0.00345077
0.139385
0.138894
0.137216
0.134278
0.129283
0.120976
0.108122
0.0884111
0.0620332
0.0279399
-0.00504431
-0.0268835
-0.0423191
-0.0516176
-0.0532519
-0.0445989
-0.026768
-0.0055345
0.0152492
0.0337248
0.0489447
0.0606454
0.0676652
0.067874
0.0606458
0.049707
0.0419527
0.0408338
0.0445374
0.0494408
0.05372
0.0570634
0.0597462
0.0619252
0.0637375
0.0654894
0.0658978
0.0624388
0.0538623
0.0429346
0.0358813
0.0363414
0.0423755
0.0491063
0.0538238
0.0561761
0.0567881
0.0565944
0.0566585
0.0570396
0.0559806
0.0512394
0.0427883
0.0339037
0.0291384
0.0306074
0.0368204
0.0441375
0.0496959
0.0525388
0.0532619
0.053149
0.0531135
0.0525159
0.0496555
0.043431
0.0349862
0.0275917
0.0246171
0.0271158
0.0334766
0.0406774
0.0463242
0.049534
0.0507429
0.0509321
0.0505611
0.0488529
0.0446371
0.0377656
0.0299366
0.0240681
0.0225405
0.0257365
0.031975
0.0387224
0.0440512
0.0472698
0.0486896
0.0489549
0.0481733
0.045677
0.0408039
0.0339632
0.0269763
0.0223244
0.0217301
0.025235
0.0312527
0.0376113
0.0426843
0.0458815
0.0473997
0.0476291
0.0464638
0.0433367
0.0379081
0.0308674
0.0240388
0.0196599
0.0192274
0.0227819
0.0289169
0.0356098
0.0412162
0.0450055
0.0470211
0.0475545
0.0465464
0.0434948
0.0380292
0.030603
0.0227326
0.0165273
0.0138162
0.0153123
0.0203932
0.0273621
0.0342781
0.0397077
0.0430287
0.0441944
0.0432408
0.039884
0.0338964
0.0256179
0.0162546
0.00762317
0.00152587
-0.000876161
0.000549455
0.00493364
0.0107198
0.0162071
0.0200027
0.0212736
0.0197159
0.0154508
0.00888384
0.000792445
-0.00777355
-0.0153293
-0.0205241
-0.0222335
-0.0202362
-0.0156089
-0.00847336
-0.00431756
0.00508388
-0.00421015
0.136533
0.135897
0.133735
0.130173
0.124479
0.115623
0.102721
0.0841674
0.0604257
0.0314201
0.00319642
-0.0170076
-0.0314664
-0.0399914
-0.0413323
-0.0340791
-0.019414
-0.0015965
0.01631
0.0326073
0.0462981
0.0569409
0.0635736
0.0647741
0.060281
0.052859
0.0473593
0.0463826
0.04895
0.0526852
0.0562121
0.0591667
0.061712
0.0640462
0.0662789
0.0682859
0.0687358
0.0655266
0.0580566
0.0491066
0.0435875
0.0438761
0.0481934
0.0530707
0.0566223
0.0585654
0.0593036
0.0594352
0.0596655
0.0600481
0.0592255
0.0553686
0.0483369
0.0407578
0.0364452
0.0372645
0.0420757
0.0478928
0.0523609
0.0546833
0.0552918
0.0551703
0.0550901
0.0546261
0.0523806
0.0472986
0.0401805
0.0337538
0.0309388
0.0327319
0.0378387
0.0437577
0.0484508
0.0511099
0.0520433
0.0520794
0.051699
0.0503302
0.0469422
0.0412528
0.0345772
0.0294032
0.0278527
0.0303342
0.0354679
0.0411146
0.0456058
0.0482909
0.0493915
0.0494874
0.0487862
0.046778
0.0428306
0.0371368
0.0311472
0.0270048
0.0262819
0.0290917
0.0341136
0.0394875
0.0437892
0.0464633
0.0476529
0.0477369
0.0467375
0.0442136
0.0397942
0.0339167
0.0280516
0.0241477
0.0235922
0.0264978
0.0316859
0.0374053
0.0422081
0.0454238
0.0470673
0.047419
0.0465235
0.0439964
0.0394634
0.033175
0.0263314
0.0207589
0.0181341
0.0191767
0.0233933
0.0293077
0.0352056
0.039808
0.0425491
0.0433972
0.042449
0.0395384
0.0344408
0.0273016
0.0189953
0.0110361
0.00507052
0.00226225
0.00287073
0.00620083
0.0109094
0.0154751
0.0186317
0.0196121
0.0181329
0.0143214
0.00855492
0.00153657
-0.00584501
-0.0123268
-0.0168196
-0.0183554
-0.0168071
-0.0130453
-0.00712037
-0.00389938
0.00451726
-0.00457361
0.133937
0.133187
0.13064
0.126601
0.120403
0.111218
0.0984299
0.0809591
0.0593879
0.0341778
0.00961659
-0.00895072
-0.0223057
-0.0300095
-0.0312428
-0.0253241
-0.0133035
0.00168274
0.0171606
0.0315722
0.0439203
0.0536642
0.0599899
0.0619194
0.0593993
0.0545241
0.0507737
0.0501177
0.0520674
0.0550539
0.0580359
0.0606548
0.0629944
0.0652296
0.0674734
0.0694677
0.0699538
0.0672431
0.0611013
0.0539969
0.0496351
0.0495795
0.0524971
0.0559971
0.058685
0.0602731
0.0610293
0.0613786
0.0617782
0.062194
0.0615293
0.0583238
0.0524368
0.0459931
0.042165
0.0425523
0.0462629
0.0508376
0.0543721
0.0562332
0.0567416
0.056637
0.05654
0.0561774
0.054428
0.0503277
0.0443989
0.0388617
0.0362171
0.0374009
0.0414356
0.0462484
0.0500997
0.0522637
0.0529604
0.0528803
0.0524919
0.0513989
0.0487209
0.0440904
0.0384827
0.0339702
0.0324167
0.0342602
0.0384083
0.0430748
0.0468158
0.0490212
0.049842
0.0497946
0.0491545
0.0475572
0.0444231
0.0397739
0.0347227
0.0310795
0.0302581
0.0324376
0.0365519
0.0410311
0.0446344
0.0468375
0.0477348
0.0476857
0.0468161
0.0448086
0.0412907
0.0364899
0.0315467
0.028119
0.0274707
0.0297776
0.0340821
0.0388945
0.0429531
0.045643
0.0469493
0.0471331
0.0463196
0.0442462
0.040561
0.0353487
0.0295125
0.0245899
0.0220873
0.0227179
0.0261137
0.0310202
0.0359495
0.0397742
0.0419805
0.0425381
0.0415752
0.0390309
0.034721
0.028665
0.0214499
0.0142741
0.00857796
0.00548071
0.00534011
0.00764507
0.0112688
0.0148858
0.0173701
0.0180247
0.0165811
0.0131525
0.00807703
0.00198906
-0.00435809
-0.00988605
-0.01374
-0.0150895
-0.01391
-0.0108628
-0.00601623
-0.00351284
0.00382425
-0.0045572
0.131643
0.130804
0.127957
0.123563
0.117009
0.107644
0.0950497
0.0785345
0.0587177
0.0363364
0.0145501
-0.00261895
-0.0151183
-0.0223628
-0.0236743
-0.0187623
-0.00863631
0.00424197
0.0178148
0.0306838
0.0419038
0.0509057
0.0569932
0.0594678
0.0583778
0.055334
0.0529015
0.0526134
0.0542562
0.0567688
0.0593548
0.0616891
0.0638122
0.0658636
0.0679373
0.069768
0.0702863
0.0681707
0.0633067
0.0576562
0.0540238
0.053614
0.0555542
0.0581151
0.0601858
0.061468
0.0621524
0.0625889
0.0631028
0.0635683
0.0630319
0.0602897
0.0552656
0.04977
0.0464506
0.0466106
0.0494815
0.0530617
0.0558338
0.0573005
0.05771
0.0576283
0.0575412
0.0572595
0.0558781
0.0525421
0.0475815
0.0427975
0.0403264
0.0410647
0.0442653
0.048185
0.0513291
0.053065
0.0535648
0.0534057
0.0530174
0.0521335
0.0500147
0.046255
0.0415562
0.0376245
0.0360878
0.0374128
0.0407545
0.0446119
0.0477218
0.0495176
0.0501061
0.0499491
0.0493553
0.0480792
0.0456039
0.0418322
0.0375952
0.0344021
0.0335135
0.0351646
0.0385142
0.0422403
0.0452539
0.0470591
0.0477127
0.0475532
0.0467798
0.0451834
0.0424103
0.0385296
0.0343998
0.0314102
0.0306985
0.0324928
0.0360331
0.0400625
0.0434815
0.0457228
0.046744
0.0467847
0.0460263
0.0443179
0.041346
0.0370731
0.0321467
0.0278349
0.0254718
0.0257524
0.0284229
0.0324342
0.0365065
0.03965
0.0413951
0.0417049
0.040719
0.0384579
0.0347942
0.0296797
0.0234772
0.017095
0.0117495
0.00847957
0.0077068
0.0090914
0.011712
0.014436
0.0162777
0.0166104
0.0151766
0.0120647
0.00756542
0.00224614
-0.00325268
-0.00799616
-0.0113186
-0.0124926
-0.011599
-0.00909949
-0.00515671
-0.00315198
0.00310585
-0.00423983
0.129686
0.12878
0.125706
0.121051
0.114255
0.104806
0.0924336
0.0767251
0.0583016
0.0380302
0.0183485
0.0023815
-0.0093353
-0.0161393
-0.0175191
-0.0134379
-0.00482761
0.00635438
0.0183769
0.0299789
0.0402715
0.0486751
0.0545762
0.0574489
0.0573867
0.0556597
0.0542134
0.0542704
0.0557749
0.0579901
0.0602926
0.0623953
0.0643193
0.0661844
0.0680651
0.0697104
0.0702319
0.0685733
0.0646604
0.0600573
0.056955
0.0563583
0.0576883
0.0596295
0.0612611
0.0622887
0.0628566
0.0632771
0.0638181
0.0643103
0.0638929
0.0615313
0.0572019
0.0524927
0.0496217
0.0496392
0.051861
0.0546762
0.0568592
0.0580027
0.0583077
0.0582353
0.0581709
0.0579629
0.0568486
0.0540663
0.0498311
0.0456436
0.0433594
0.0438152
0.0464085
0.0496377
0.0522099
0.0535876
0.0539246
0.0537144
0.0533378
0.0526095
0.0509035
0.0478059
0.0438196
0.0403594
0.0388586
0.0398042
0.0425384
0.0457701
0.0483747
0.0498335
0.0502358
0.0500019
0.0494471
0.0484094
0.046431
0.0433413
0.0397566
0.0369378
0.0360103
0.0372534
0.0400075
0.043143
0.0456886
0.0471743
0.0476351
0.0473929
0.0466905
0.0454023
0.0432014
0.0400479
0.0365798
0.0339601
0.033211
0.0345969
0.0375241
0.0409253
0.0438317
0.0457138
0.0465083
0.0464362
0.0457151
0.0442838
0.0418706
0.0383561
0.0341864
0.0304
0.0281733
0.0281766
0.0302509
0.0335229
0.0368889
0.0394742
0.0408458
0.0409579
0.0399501
0.0378994
0.0347335
0.0303753
0.0250278
0.0193609
0.0143815
0.0110318
0.00976852
0.010388
0.0121513
0.0141016
0.0153799
0.0154245
0.0139876
0.0111316
0.00709899
0.00239346
-0.00243796
-0.00656888
-0.00947718
-0.0105031
-0.00982662
-0.00772541
-0.00450607
-0.00281438
0.00244855
-0.00373883
0.128092
0.127137
0.123897
0.119057
0.112099
0.102624
0.0904642
0.0754018
0.0580457
0.0393134
0.0211754
0.00614596
-0.00498592
-0.011522
-0.0130199
-0.00956458
-0.00203547
0.00792026
0.0187903
0.0294267
0.0390014
0.0469461
0.0527093
0.0558693
0.0565335
0.0557336
0.0550043
0.0553539
0.0568118
0.0588435
0.0609459
0.0628679
0.0646244
0.066328
0.0680444
0.0695346
0.0700375
0.0686795
0.0654176
0.0615456
0.0588487
0.0581913
0.0591548
0.060692
0.0620145
0.062841
0.0632889
0.0636457
0.0641532
0.0646384
0.0643213
0.0622917
0.0585386
0.054446
0.0519021
0.0517904
0.0535341
0.0558003
0.0575559
0.0584476
0.0586477
0.0585599
0.0585134
0.0583716
0.0574567
0.055069
0.0513569
0.0476236
0.0455192
0.0458121
0.0479745
0.0506863
0.0528152
0.0539058
0.0541091
0.0538634
0.0535059
0.0528952
0.0514825
0.0488569
0.0453889
0.0422853
0.0408347
0.0415313
0.0438389
0.0466112
0.0488278
0.050019
0.0502756
0.0499908
0.0494712
0.0486047
0.0469789
0.0443819
0.04128
0.0387484
0.0378056
0.0387611
0.0410857
0.0437877
0.0459813
0.0472215
0.0475361
0.0472371
0.0465884
0.0455201
0.0437292
0.0411072
0.0381343
0.0358008
0.035032
0.0361207
0.0385935
0.0415263
0.044048
0.0456587
0.0462821
0.0461271
0.045433
0.0442018
0.042197
0.0392483
0.0356563
0.0322824
0.0301735
0.0299738
0.0315954
0.0343026
0.0371273
0.0392848
0.0403712
0.040334
0.0393097
0.03741
0.0346065
0.0308127
0.0261257
0.0210381
0.0163851
0.0130155
0.0113996
0.0114338
0.0125246
0.0138594
0.0146841
0.0144929
0.0130478
0.0103896
0.00671873
0.00248397
-0.00184291
-0.0055153
-0.00811656
-0.00902866
-0.00851402
-0.00669025
-0.00402442
-0.00250826
0.00190952
-0.00317893
0.126881
0.125892
0.122536
0.117572
0.110512
0.101039
0.0890571
0.0744786
0.057898
0.0402451
0.0231987
0.00887567
-0.00179876
-0.00811091
-0.00968324
-0.00668163
5.93748e-05
0.0091114
0.0191256
0.0290431
0.0380839
0.0456912
0.0513532
0.0547092
0.0558668
0.0556955
0.0554651
0.056039
0.0574922
0.0594143
0.0613815
0.0631713
0.0647991
0.0663768
0.0679676
0.0693428
0.0698262
0.0686649
0.065834
0.062452
0.0600462
0.0593817
0.0601288
0.0614076
0.0625192
0.0631972
0.0635455
0.0638364
0.0642969
0.0647623
0.0645174
0.0627366
0.0594023
0.0557405
0.0534146
0.0532116
0.0546405
0.0565439
0.058009
0.0587167
0.0588254
0.0587083
0.0586669
0.0585754
0.0578084
0.0557047
0.0523675
0.0489653
0.0470028
0.0471937
0.049056
0.0513995
0.0532072
0.0540834
0.0541816
0.053908
0.0535693
0.0530473
0.0518393
0.0495367
0.0464254
0.0435748
0.0421756
0.0427203
0.0447424
0.0471927
0.049126
0.0501158
0.0502628
0.0499447
0.0494557
0.0487095
0.0473223
0.0450588
0.0422883
0.0399598
0.0390168
0.0397862
0.0418221
0.0442256
0.0461692
0.0472305
0.0474395
0.0471044
0.046497
0.0455789
0.0440627
0.041799
0.0391652
0.0370324
0.0362567
0.037146
0.0393082
0.0419177
0.0441709
0.0455897
0.0460926
0.0458818
0.0452095
0.0441161
0.0423891
0.0398274
0.036636
0.0335534
0.031533
0.0311962
0.0325035
0.0348149
0.037258
0.0391122
0.0399964
0.0398551
0.0388215
0.0370272
0.0344727
0.0310688
0.0268463
0.0221777
0.0177746
0.0144115
0.0125605
0.0121854
0.0127962
0.0136862
0.0141792
0.0138133
0.0123599
0.00984537
0.00643773
0.00254371
-0.00142171
-0.00476836
-0.00715453
-0.00798518
-0.00758659
-0.00594688
-0.00368077
-0.00225056
0.001512
-0.00266781
0.126067
0.125057
0.121628
0.116587
0.109468
0.100005
0.0881507
0.0738933
0.0578166
0.0408483
0.0244946
0.0106319
0.000248355
-0.00593861
-0.0075796
-0.00487414
0.00137381
0.0098601
0.0193317
0.0287873
0.037482
0.0448714
0.0504695
0.053949
0.0554132
0.0556323
0.0557173
0.0564426
0.0579053
0.0597657
0.0616484
0.0633512
0.0648919
0.0663841
0.0678903
0.06919
0.0696589
0.0686171
0.06605
0.0629707
0.0607523
0.0600981
0.0607254
0.0618508
0.0628299
0.0634093
0.0636875
0.06393
0.0643544
0.0648018
0.0645972
0.0629667
0.0598893
0.0564953
0.0543108
0.0540645
0.0553114
0.0569972
0.0582816
0.0588684
0.0589108
0.058767
0.0587234
0.0586633
0.0579931
0.0560752
0.052982
0.0497951
0.0479257
0.0480543
0.0497292
0.0518392
0.0534397
0.0541734
0.0541984
0.0539035
0.0535778
0.0531151
0.052039
0.0499416
0.0470571
0.0443706
0.0430113
0.0434692
0.0453151
0.0475596
0.0493061
0.0501597
0.0502318
0.0498924
0.0494254
0.0487565
0.0475179
0.0454608
0.042897
0.0406984
0.0397621
0.0404236
0.0422834
0.0444995
0.0462813
0.0472238
0.0473629
0.0470062
0.0464273
0.0456027
0.0442534
0.042207
0.0397807
0.0377741
0.0370001
0.0377712
0.0397436
0.0421527
0.0442362
0.0455316
0.0459565
0.0457114
0.045055
0.0440479
0.0424906
0.0401647
0.0372187
0.0343171
0.0323548
0.0319376
0.0330536
0.0351198
0.0373232
0.0389844
0.0397391
0.0395313
0.038493
0.0367654
0.0343654
0.0312022
0.027268
0.0228636
0.0186234
0.0152736
0.0132837
0.0126573
0.0129682
0.013576
0.0138562
0.0133762
0.0119159
0.0094933
0.00625557
0.00258147
-0.00115174
-0.00428998
-0.00653979
-0.00731781
-0.00699376
-0.00546519
-0.0034575
-0.00206293
0.00125708
-0.00228545
0.125658
0.124638
0.121173
0.116096
0.108949
0.099496
0.0877071
0.0736102
0.0577824
0.0411474
0.0251322
0.0115008
0.00126692
-0.00485086
-0.00652056
-0.00395977
0.00204262
0.0102444
0.0194423
0.0286655
0.0371873
0.0444687
0.0500355
0.053575
0.0551867
0.0555929
0.0558298
0.0566302
0.0581
0.059932
0.0617734
0.0634322
0.0649284
0.0663775
0.067842
0.069106
0.0695694
0.0685859
0.0661452
0.0632107
0.061083
0.0604363
0.0610089
0.0620614
0.0629757
0.0635051
0.0637467
0.063964
0.0643703
0.0648092
0.0646242
0.0630656
0.0601111
0.056845
0.0547288
0.0544652
0.0556275
0.0572104
0.0584074
0.0589336
0.0589409
0.058782
0.0587374
0.0586946
0.0580736
0.0562467
0.053272
0.0501899
0.0483663
0.0484658
0.0500502
0.0520466
0.0535452
0.0542073
0.0541938
0.0538869
0.0535681
0.0531367
0.0521279
0.0501335
0.0473623
0.0447579
0.0434192
0.0438353
0.0455948
0.0477368
0.0493892
0.050173
0.0502059
0.0498554
0.0494001
0.0487706
0.0476059
0.0456508
0.043189
0.0410549
0.040123
0.0407332
0.0425079
0.044632
0.046333
0.0472152
0.0473187
0.0469515
0.0463876
0.0456092
0.0443403
0.0423978
0.0400708
0.0381247
0.0373515
0.0380673
0.0399494
0.0422621
0.0442631
0.0454978
0.0458845
0.0456232
0.0449761
0.0440116
0.0425355
0.040321
0.0374903
0.0346737
0.0327389
0.0322839
0.0333098
0.0352589
0.037347
0.038915
0.0396069
0.0393675
0.0383283
0.0366344
0.0343094
0.0312611
0.0274636
0.0231841
0.0190214
0.0156783
0.0136233
0.0128782
0.0130466
0.0135189
0.013696
0.0131606
0.0116971
0.00931998
0.00616627
0.0026009
-0.00101778
-0.00405338
-0.00623667
-0.00698885
-0.00670196
-0.00522635
-0.00334635
-0.00196429
0.00113192
-0.0020781
-0.685102
-0.350429
-0.219335
-0.685102
-0.350432
-0.550359
-0.560331
-0.679582
-0.550359
-0.560332
0.0906718
0.434584
0.300029
0.342636
0.0906706
0.434584
0.300028
-0.194503
-0.544882
-0.544883
-0.559951
-0.520641
-0.542428
-0.531042
-0.559951
-0.520641
-0.542427
0.529478
0.457357
0.529478
-0.524688
-0.438761
-0.524688
-0.438761
0.483515
0.533163
0.483515
-0.406614
-0.324972
-0.406615
-0.324973
0.376771
0.392801
0.193772
0.471687
0.376771
0.392801
0.193771
-0.0479216
-0.047924
-0.289357
-0.289358
-0.300843
-0.284207
-0.271816
-0.298226
-0.300844
-0.284208
-0.271818
-0.0767641
-0.415827
-0.187935
-0.0767649
-0.415827
-0.297495
-0.387873
-0.288407
-0.297496
-0.387872
-0.288408
-0.421333
-0.251277
-0.518824
-0.184599
-0.421334
-0.251276
-0.518825
-0.498551
-0.63662
-0.549741
-0.500664
-0.498552
-0.636618
-0.549742
0.0727355
0.267174
0.0753626
0.189324
0.0727353
0.267174
0.0753617
-0.665014
-0.680793
-0.64386
-0.714294
-0.64517
-0.714627
-0.664572
-0.569863
-0.534741
-0.564416
-0.532935
-0.569863
-0.534741
-0.564416
-0.185947
-0.521141
-0.532017
-0.518065
-0.538712
-0.518086
-0.538621
-0.521092
-0.471928
-0.496279
-0.495806
-0.472383
-0.360239
-0.386683
-0.386531
-0.36032
-0.303136
-0.2987
-0.316051
-0.291631
-0.316023
-0.291214
-0.3033
0.17761
0.25754
0.171665
0.326932
0.177609
0.25754
0.171665
-0.316269
-0.185572
-0.0994601
-0.101746
-0.319469
-0.252273
-0.268573
-0.225427
-0.279653
-0.252274
-0.268574
-0.225428
-0.300691
-0.0540719
-0.228024
-0.101625
-0.300692
-0.054072
-0.228024
-0.281121
-0.279151
-0.257469
-0.365112
-0.281122
-0.279151
-0.25747
-0.544302
-0.68735
-0.522915
-0.718239
-0.524193
-0.719658
-0.543706
-0.525697
-0.347737
-0.254314
-0.256827
-0.529814
-0.544305
-0.68735
-0.522918
-0.718238
-0.524195
-0.719658
-0.543709
-0.525698
-0.347738
-0.254317
-0.256828
-0.529815
-0.579223
-0.560447
-0.555235
-0.555582
-0.579491
-0.665014
-0.680793
-0.643859
-0.714294
-0.64517
-0.714628
-0.664572
-0.579223
-0.560448
-0.555236
-0.555583
-0.579491
0.328916
0.0894638
0.253124
0.0758342
0.252299
0.0738914
0.330786
0.382382
0.321174
0.181223
0.447696
0.148503
0.45226
0.385237
0.328915
0.0894629
0.253123
0.0758334
0.252299
0.0738909
0.330785
0.382381
0.321174
0.181223
0.447696
0.148503
0.452259
0.385237
-0.185949
-0.545053
-0.545054
-0.51409
-0.516301
-0.530906
-0.496858
-0.534514
-0.496448
-0.513367
-0.521142
-0.532019
-0.518065
-0.538712
-0.518087
-0.538622
-0.521092
-0.514092
-0.516302
-0.530906
-0.496857
-0.534516
-0.496449
-0.513366
0.558682
0.481502
0.485031
0.556381
0.604543
0.632387
0.633559
0.602987
0.558681
0.481501
0.48503
0.556381
0.604543
0.632387
0.633559
0.602987
-0.446519
-0.417014
-0.416793
-0.446848
-0.471929
-0.496278
-0.495807
-0.472383
-0.446521
-0.417016
-0.416795
-0.446849
0.623599
0.638845
0.639973
0.622197
0.589659
0.525576
0.528668
0.587655
0.623599
0.638845
0.639973
0.622197
0.589659
0.525575
0.528668
0.587655
-0.338945
-0.323173
-0.323171
-0.338988
-0.36024
-0.386685
-0.386533
-0.360322
-0.338947
-0.323175
-0.323173
-0.33899
0.439684
0.395627
0.498155
0.270346
0.502157
0.241571
0.442246
0.39342
0.192307
0.177657
0.327143
0.176064
0.326468
0.394995
0.439684
0.395627
0.498155
0.270346
0.502157
0.241571
0.442246
0.393419
0.192306
0.177657
0.327143
0.176064
0.326468
0.394995
-0.0405916
-0.0405934
-0.289317
-0.289318
-0.294632
-0.284198
-0.287286
-0.284034
-0.287067
-0.28409
-0.294703
-0.303138
-0.298702
-0.316053
-0.291633
-0.316025
-0.291216
-0.303302
-0.294635
-0.284199
-0.287288
-0.284035
-0.287069
-0.284093
-0.294704
-0.312009
-0.417551
-0.43928
-0.300375
-0.440574
-0.301427
-0.311162
-0.31627
-0.185574
-0.0994622
-0.101747
-0.319471
-0.312011
-0.417551
-0.43928
-0.300377
-0.440574
-0.301429
-0.311165
-0.311322
-0.297459
-0.295684
-0.295801
-0.311509
-0.372061
-0.3888
-0.413042
-0.358676
-0.413388
-0.359581
-0.371842
-0.311323
-0.297461
-0.295685
-0.295802
-0.31151
-0.372062
-0.388799
-0.413042
-0.358677
-0.413388
-0.359583
-0.371842
-0.526133
-0.220468
-0.458431
-0.24456
-0.458396
-0.247168
-0.527437
0.347886
0.331428
0.396614
0.299794
0.347886
0.331428
0.396614
-0.636424
-0.607481
-0.653072
-0.629712
-0.636424
-0.607482
-0.653073
0.435422
0.368123
0.458362
0.353381
0.435422
0.368123
0.458362
0.565446
0.458712
0.534966
0.498268
0.536563
0.499439
0.564127
-0.580088
-0.490529
-0.523311
-0.556696
-0.580088
-0.49053
-0.523312
0.463659
0.36593
0.451022
0.372144
0.463659
0.36593
0.451022
0.604934
0.534308
0.610513
0.528105
0.611732
0.529272
0.603696
-0.439721
-0.355824
-0.355404
-0.417418
-0.439721
-0.355825
-0.355404
0.422515
0.327484
0.382902
0.351482
0.422515
0.327484
0.382902
-0.316146
-0.275981
-0.255877
-0.310115
-0.316146
-0.275982
-0.255877
-0.2797
-0.279644
-0.278612
-0.279701
-0.27878
-0.267574
-0.267359
-0.526133
-0.220468
-0.458431
-0.244561
-0.458396
-0.247168
-0.527437
-0.583091
-0.550707
-0.569061
-0.57587
-0.569472
-0.575993
-0.58291
-0.583091
-0.550707
-0.569062
-0.575871
-0.569473
-0.575994
-0.58291
0.59282
0.530634
0.516737
0.60641
0.517941
0.607634
0.59156
0.565446
0.458712
0.534966
0.498268
0.536563
0.499439
0.564127
0.59282
0.530633
0.516737
0.606409
0.517941
0.607634
0.59156
-0.472665
-0.524286
-0.491005
-0.4977
-0.490381
-0.497415
-0.473099
-0.445556
-0.438552
-0.466572
-0.419451
-0.466318
-0.419217
-0.445873
-0.472666
-0.524288
-0.491004
-0.4977
-0.490382
-0.497416
-0.4731
-0.445558
-0.438554
-0.466572
-0.419452
-0.46632
-0.419219
-0.445874
0.585538
0.48479
0.516637
0.562554
0.517753
0.564077
0.58426
0.604934
0.534307
0.610513
0.528105
0.611732
0.529272
0.603696
0.585538
0.48479
0.516637
0.562555
0.517753
0.564077
0.58426
-0.367647
-0.406476
-0.391762
-0.37734
-0.391611
-0.377301
-0.367735
-0.345317
-0.324997
-0.354002
-0.330282
-0.353897
-0.33048
-0.345417
-0.367648
-0.406477
-0.391763
-0.377341
-0.391613
-0.377302
-0.367736
-0.345319
-0.325
-0.354004
-0.330281
-0.3539
-0.330482
-0.345418
-0.314582
-0.0776722
-0.0957244
-0.266009
-0.097851
-0.265884
-0.315501
-0.314583
-0.0776731
-0.0957257
-0.26601
-0.097852
-0.265884
-0.315501
-0.314015
-0.288667
-0.302026
-0.303181
-0.302106
-0.303703
-0.314002
-0.314016
-0.288668
-0.302027
-0.303181
-0.302108
-0.303704
-0.314002
0.0693363
0.055066
0.195348
0.050326
0.194505
0.133915
0.134563
0.0693355
0.0550658
0.195347
0.0503254
0.194505
0.133914
0.134562
-0.535198
-0.533048
-0.524956
-0.533502
-0.524957
-0.516813
-0.516708
-0.535199
-0.533049
-0.524956
-0.533503
-0.524958
-0.516814
-0.516708
0.172189
0.276723
0.161439
0.275998
0.15721
0.221323
0.221884
0.172188
0.276723
0.161439
0.275997
0.157209
0.221322
0.221883
-0.279701
-0.279645
-0.278613
-0.279703
-0.278782
-0.267576
-0.267359
0.0293218
0.141585
0.045514
0.0937497
0.0293217
0.141585
0.0455138
-0.498272
-0.507772
-0.561506
-0.458629
-0.498271
-0.507772
-0.561506
0.261159
0.271279
0.299123
0.231171
0.261159
0.271279
0.299123
-0.604992
-0.630815
-0.658013
-0.618927
-0.604991
-0.630815
-0.658013
0.341829
0.270665
0.310873
0.305588
0.341829
0.270665
0.310873
-0.25265
-0.230933
-0.205789
-0.250181
-0.25265
-0.230934
-0.205789
0.145941
0.169956
0.130345
0.216219
0.145941
0.169956
0.130345
-0.240997
-0.233555
-0.194281
-0.250806
-0.240998
-0.233555
-0.194281
)
;

boundaryField
{
    inlet
    {
        type            zeroGradient;
    }
    outlet
    {
        type            fixedValue;
        value           uniform 0;
    }
    top
    {
        type            symmetryPlane;
    }
    bottom
    {
        type            symmetryPlane;
    }
    front
    {
        type            symmetryPlane;
    }
    back
    {
        type            symmetryPlane;
    }
    cylinder
    {
        type            zeroGradient;
    }
}


// ************************************************************************* //
