/*--------------------------------*- C++ -*----------------------------------*\
  =========                 |
  \\      /  F ield         | OpenFOAM: The Open Source CFD Toolbox
   \\    /   O peration     | Website:  https://openfoam.org
    \\  /    A nd           | Version:  11
     \\/     M anipulation  |
\*---------------------------------------------------------------------------*/
FoamFile
{
    format      ascii;
    class       volScalarField;
    location    "11.967101";
    object      p;
}
// * * * * * * * * * * * * * * * * * * * * * * * * * * * * * * * * * * * * * //

dimensions      [0 2 -2 0 0 0 0];

internalField   nonuniform List<scalar> 
7132
(
0.0820949
0.0810077
0.0773343
0.0719657
0.0644386
0.0545361
0.0422415
0.0276248
0.0112566
-0.00589277
-0.0224686
-0.0366962
-0.0477133
-0.0548232
-0.0577191
-0.0564612
-0.051367
-0.0432835
-0.0334062
-0.0228769
-0.012594
-0.00321497
0.00478491
0.0109794
0.0150484
0.0170197
0.0175399
0.0177136
0.0184531
0.0200188
0.0221264
0.0243631
0.0264587
0.0283729
0.0302037
0.0320257
0.033682
0.0346068
0.034033
0.0316835
0.0283665
0.0256279
0.0245773
0.0252249
0.0267511
0.0283005
0.0294236
0.0301109
0.0306301
0.0313041
0.0322253
0.0329209
0.0323742
0.0297614
0.0254696
0.0212943
0.0191985
0.0198448
0.0223211
0.0251078
0.027142
0.0281287
0.0283346
0.0282762
0.0284599
0.0290378
0.0294847
0.0286897
0.0257737
0.0211007
0.0164713
0.0140348
0.0147885
0.0179757
0.0217799
0.024626
0.025891
0.0257984
0.0249885
0.0241498
0.0235949
0.0228861
0.0209124
0.0167269
0.0105937
0.00420966
-0.00023785
-0.00141329
0.000505664
0.00411931
0.00768505
0.00991021
0.0102704
0.00886076
0.00593436
0.00143455
-0.00511271
-0.0141918
-0.0255336
-0.0375968
-0.0478114
-0.0535757
-0.0534627
-0.0478328
-0.0385997
-0.0282261
-0.0187101
-0.0111258
-0.0057379
-0.00234762
-0.000586073
-8.44241e-05
-0.00056248
-0.00186342
-0.00390623
-0.00655032
-0.00943368
-0.0119259
-0.0132871
-0.0130091
-0.011112
-0.00819557
-0.00512869
-0.00261241
-0.000931049
-2.22296e-06
0.000417028
0.000554971
0.000554099
0.000478005
0.000345167
0.000159823
-7.06538e-05
-0.000329534
-0.000591471
-0.000827525
-0.00101226
-0.00113013
-0.00117848
-0.00116635
-0.00110946
-0.00102478
-0.000926481
-0.000824587
-0.00072496
-0.000631401
-0.000545254
-0.000469119
-0.000401297
-0.000346464
-0.000295337
-0.000262713
-0.000216565
-0.000211004
-0.000139873
-0.000194029
-1.88008e-05
-0.000260166
0.00025403
-0.000596306
0.082529
0.0814514
0.0778124
0.0724777
0.064974
0.0550579
0.0426901
0.0279059
0.0112814
-0.00620217
-0.023112
-0.0375511
-0.0486979
-0.0558634
-0.0587573
-0.0574385
-0.052189
-0.043868
-0.0337209
-0.0229336
-0.0124311
-0.00288729
0.0052169
0.0114453
0.0154608
0.0172871
0.0176071
0.0176029
0.0182442
0.0197934
0.0219317
0.0242165
0.0263636
0.0283284
0.0302081
0.0320751
0.0337708
0.0347096
0.034088
0.03161
0.0281189
0.0252452
0.0241535
0.0248499
0.026462
0.0280936
0.0292815
0.0300167
0.0305693
0.0312627
0.0321927
0.0328766
0.0322746
0.0295413
0.0250769
0.0207397
0.0185709
0.0192597
0.0218588
0.0247816
0.0269245
0.0279846
0.0282345
0.0281963
0.0283817
0.0289438
0.0293449
0.0284533
0.0253871
0.0205449
0.0157835
0.0132973
0.0140946
0.0174051
0.0213695
0.0243677
0.0257467
0.0257213
0.0249408
0.0241082
0.0235383
0.0227667
0.0206532
0.0162583
0.00990571
0.00337543
-0.00108512
-0.00213675
-1.6905e-06
0.00386172
0.00766327
0.0100848
0.0105826
0.00923374
0.00627947
0.0016502
-0.00513472
-0.0145472
-0.0262706
-0.0386875
-0.0491495
-0.0550001
-0.0547962
-0.0489192
-0.0393458
-0.0286197
-0.018807
-0.0110166
-0.00551349
-0.00207668
-0.000312347
0.000161934
-0.00037185
-0.00175938
-0.00391436
-0.00668185
-0.00968102
-0.0122653
-0.0136833
-0.0134198
-0.011492
-0.00850721
-0.00535261
-0.00275115
-0.00100271
-2.95277e-05
0.000414924
0.000565247
0.000569113
0.000493193
0.00035763
0.000167676
-6.84111e-05
-0.000333181
-0.000600649
-0.000841261
-0.00102903
-0.00114808
-0.00119577
-0.00118154
-0.00112169
-0.00103376
-0.000932337
-0.000827714
-0.000725877
-0.000630664
-0.000543424
-0.000466696
-0.000398742
-0.000344068
-0.000293395
-0.000261204
-0.000215734
-0.000210419
-0.000140032
-0.000193901
-1.93543e-05
-0.000260161
0.000254976
-0.000599184
0.083393
0.0823359
0.0787675
0.073505
0.0660533
0.0561161
0.0436071
0.028487
0.0113424
-0.00682825
-0.0244234
-0.0392825
-0.0506799
-0.0579408
-0.0608152
-0.059368
-0.0538067
-0.0450133
-0.0343322
-0.0230344
-0.0120962
-0.00222266
0.00609248
0.0123911
0.0162981
0.0178246
0.0177276
0.0173538
0.0177951
0.0193158
0.0215211
0.0239052
0.0261553
0.0282196
0.0301954
0.0321531
0.0339308
0.0349012
0.0341825
0.0314365
0.0275812
0.0244268
0.0232545
0.0240603
0.025856
0.0276578
0.0289756
0.0298034
0.0304188
0.0311495
0.0320961
0.0327546
0.0320337
0.0290445
0.0242178
0.0195439
0.0172276
0.0180159
0.0208811
0.0240938
0.026463
0.0276707
0.0280031
0.0279977
0.0281815
0.0287132
0.0290265
0.0279441
0.0245785
0.0193985
0.0143734
0.0117883
0.012672
0.0162306
0.0205181
0.0238222
0.0254274
0.0255307
0.0248017
0.0239776
0.0233764
0.0224754
0.0200742
0.0152534
0.00846053
0.00164285
-0.00283287
-0.00362108
-0.00103424
0.00334027
0.00761673
0.0104273
0.0111943
0.00996412
0.00695203
0.00205529
-0.00522792
-0.0153436
-0.0278719
-0.0410338
-0.052017
-0.0580442
-0.0576372
-0.051231
-0.0409385
-0.0294732
-0.0190433
-0.0108276
-0.00508736
-0.00155395
0.000218074
0.000639301
-4.61925e-06
-0.00156332
-0.00394018
-0.00695229
-0.0101818
-0.0129496
-0.0144798
-0.0142437
-0.0122546
-0.00913353
-0.00580373
-0.00303212
-0.00114972
-8.77989e-05
0.000407532
0.000583487
0.000597812
0.000523092
0.000382593
0.000183681
-6.35723e-05
-0.000340211
-0.000618933
-0.000868911
-0.00106299
-0.00118461
-0.00123108
-0.00121266
-0.00114684
-0.00105232
-0.000944555
-0.000834364
-0.000727992
-0.000629358
-0.000539829
-0.000461835
-0.000393558
-0.000339176
-0.000289396
-0.000258089
-0.000213969
-0.000209209
-0.000140269
-0.000193703
-2.03596e-05
-0.000260351
0.000257324
-0.000605192
0.0846789
0.0836545
0.0801988
0.0750547
0.0676943
0.0577401
0.0450308
0.029404
0.0114584
-0.00779638
-0.0264703
-0.0419673
-0.0537467
-0.0611661
-0.0640434
-0.062432
-0.0563923
-0.0468456
-0.0353129
-0.0232113
-0.0115956
-0.00121411
0.00742761
0.0138386
0.0175763
0.0186234
0.0178546
0.0168912
0.0170297
0.0185275
0.0208549
0.0234006
0.0258087
0.0280209
0.0301389
0.0322302
0.0341304
0.0351458
0.0342656
0.0310812
0.0266333
0.0230304
0.0217532
0.0227661
0.0248774
0.0269561
0.0284741
0.0294371
0.0301392
0.0309159
0.031874
0.0324796
0.0315615
0.0281573
0.0227471
0.0175344
0.0149898
0.0159593
0.0192791
0.0229763
0.0257123
0.027146
0.0275914
0.0276179
0.0277835
0.0282632
0.0284429
0.0270712
0.0232526
0.0175643
0.0121496
0.00942751
0.0104571
0.0144002
0.019179
0.0229442
0.0248855
0.0251751
0.0245201
0.0237153
0.0230709
0.0219592
0.0190814
0.0135622
0.00606243
-0.00119902
-0.00567141
-0.00600872
-0.00267943
0.00251007
0.00752185
0.0109165
0.0120801
0.0110255
0.00792399
0.00260164
-0.00548937
-0.0167478
-0.0305759
-0.0449287
-0.0567341
-0.0630258
-0.0622731
-0.0550016
-0.0435459
-0.0308962
-0.019488
-0.0106055
-0.00449601
-0.000811371
0.000975077
0.00131786
0.000509639
-0.00130257
-0.00400531
-0.0073745
-0.0109393
-0.0139743
-0.0156695
-0.0154753
-0.0133961
-0.010073
-0.00648237
-0.00345685
-0.00137417
-0.000179038
0.000393457
0.000609065
0.000640085
0.000567627
0.000419558
0.000206695
-5.79606e-05
-0.000353063
-0.000649246
-0.000913671
-0.00111732
-0.00124252
-0.00128657
-0.00126112
-0.00118559
-0.00108053
-0.00096277
-0.000843905
-0.000730545
-0.000626708
-0.000533767
-0.000453968
-0.00038535
-0.00033157
-0.000283295
-0.000253442
-0.000211477
-0.000207574
-0.000140958
-0.000193534
-2.24511e-05
-0.00026029
0.000259692
-0.000612532
0.0863735
0.0853965
0.0821031
0.0771358
0.0699231
0.0599759
0.047024
0.0307189
0.0116679
-0.0091358
-0.029341
-0.0456793
-0.0579364
-0.0655177
-0.0683665
-0.0665396
-0.0598595
-0.0492923
-0.0366083
-0.0234248
-0.0108992
0.000166506
0.00925367
0.0158222
0.0193177
0.0196646
0.0179076
0.0160885
0.0158184
0.017326
0.019861
0.0226493
0.025277
0.0276839
0.0299842
0.032248
0.0343102
0.0353766
0.0342457
0.0303982
0.0250592
0.0208036
0.0194271
0.0208087
0.0234258
0.0259214
0.0277207
0.0288568
0.0296515
0.0304502
0.031382
0.0318925
0.0307137
0.0267786
0.0205971
0.0146241
0.011712
0.0129063
0.0168914
0.0213143
0.0245932
0.026341
0.0269164
0.0269536
0.0270789
0.0274948
0.0275013
0.0257198
0.0212418
0.0148236
0.00888421
0.00603208
0.00733418
0.0118372
0.0172895
0.0216716
0.0240548
0.0245864
0.0240351
0.0232765
0.0225795
0.0211467
0.0175491
0.0110079
0.00250845
-0.00535533
-0.00979226
-0.00946507
-0.00506386
0.00128968
0.00732807
0.0115117
0.013198
0.0123761
0.00914683
0.00321142
-0.00604847
-0.0189397
-0.0345877
-0.0505755
-0.0634899
-0.0701261
-0.0688845
-0.0604061
-0.0473234
-0.033015
-0.0202391
-0.0104273
-0.00380289
9.61986e-05
0.00190838
0.00214899
0.0011245
-0.00101622
-0.00413429
-0.00795271
-0.0119355
-0.0153016
-0.0172026
-0.0170639
-0.0148756
-0.0112994
-0.00737514
-0.00401984
-0.00167425
-0.000302793
0.000372985
0.000642652
0.000696988
0.000627891
0.000469125
0.000236534
-5.26859e-05
-0.00037382
-0.00069463
-0.000979388
-0.00119632
-0.00132604
-0.00136594
-0.00132975
-0.00123979
-0.00111934
-0.000987199
-0.000856008
-0.000732847
-0.000621828
-0.000524298
-0.000442223
-0.000373404
-0.000320737
-0.000274791
-0.000247158
-0.000208329
-0.000205679
-0.000142435
-0.000193596
-2.62966e-05
-0.000259714
0.000260609
-0.000618961
0.088458
0.0875462
0.0844752
0.0797594
0.0727737
0.0628857
0.0496732
0.0325188
0.0120225
-0.0109072
-0.0331982
-0.0505925
-0.0634477
-0.0712576
-0.0741535
-0.0721381
-0.0646168
-0.0526355
-0.038371
-0.0237391
-0.0100229
0.00192548
0.0115922
0.0183769
0.0215462
0.0209128
0.0177547
0.0147398
0.0139577
0.0155598
0.0184396
0.0215795
0.0244955
0.027138
0.0296496
0.0321136
0.0343625
0.035463
0.0339376
0.0291135
0.0224898
0.0173334
0.0159222
0.0179414
0.0213546
0.0244625
0.0266401
0.0279744
0.0288279
0.0295657
0.0303946
0.030761
0.0292705
0.0247114
0.0176091
0.0107
0.00729829
0.00873417
0.0135767
0.0189827
0.0230052
0.0251612
0.0258719
0.0258919
0.0259731
0.0263333
0.0261133
0.0237448
0.0183286
0.0109047
0.00428725
0.00134515
0.00312039
0.00843303
0.0147792
0.0199389
0.0228639
0.0236956
0.0232946
0.0226249
0.0218559
0.0199544
0.0153571
0.0074626
-0.00230795
-0.0109053
-0.0152648
-0.014067
-0.00826961
-0.000396147
0.00696866
0.0121474
0.0144797
0.0139452
0.0105316
0.00376083
-0.0070545
-0.0220485
-0.0399622
-0.0579309
-0.0721631
-0.0791998
-0.077354
-0.0673863
-0.052277
-0.0358822
-0.0213732
-0.0103769
-0.00308983
0.0010916
0.00294449
0.00306225
0.00177577
-0.000754495
-0.00435601
-0.00869113
-0.0131506
-0.0168891
-0.0190159
-0.0189324
-0.0166182
-0.0127543
-0.00844576
-0.00470319
-0.00204331
-0.000457668
0.000345817
0.000683871
0.000768328
0.000703412
0.000530001
0.000270814
-5.11942e-05
-0.000406913
-0.000760431
-0.00107212
-0.00130626
-0.00144105
-0.00147402
-0.00142197
-0.00131139
-0.00116943
-0.00101753
-0.000869715
-0.000733582
-0.000613284
-0.000510063
-0.000425459
-0.00035688
-0.000306176
-0.00026371
-0.000239315
-0.000204831
-0.000203894
-0.000145304
-0.000194189
-3.29397e-05
-0.000258106
0.0002576
-0.000620843
0.0909063
0.0900815
0.087305
0.0829366
0.076288
0.0665516
0.0530984
0.0349332
0.0126104
-0.0131789
-0.0382365
-0.0568457
-0.0703161
-0.0782701
-0.0811816
-0.0790164
-0.0705077
-0.0567707
-0.0405382
-0.0241221
-0.00895449
0.00406749
0.0144544
0.0215239
0.0242605
0.0222763
0.0171699
0.0125293
0.0111485
0.0130091
0.0164462
0.0200873
0.0233687
0.0262772
0.0290071
0.0316507
0.0340395
0.0351253
0.0330977
0.0270011
0.0186209
0.0121871
0.0107671
0.0138122
0.0184533
0.0224532
0.0251291
0.026661
0.0274842
0.0280395
0.0287015
0.0289113
0.0270407
0.0216505
0.0133652
0.00536903
0.0014949
0.00331118
0.00922314
0.0158649
0.0208336
0.0234911
0.0243405
0.0243295
0.0243921
0.0247112
0.0241789
0.0210039
0.0143614
0.00567436
-0.00176686
-0.00477212
-0.0023256
0.00408201
0.011574
0.0176778
0.0212393
0.0224332
0.0222431
0.0217078
0.0208287
0.0182921
0.0124294
0.00290797
-0.00832918
-0.0177341
-0.021964
-0.0197275
-0.0122716
-0.00257871
0.00637567
0.0127354
0.0158266
0.0156222
0.0119392
0.00409276
-0.00862286
-0.026061
-0.0464996
-0.0666142
-0.0822523
-0.0897097
-0.0872044
-0.0755917
-0.0582096
-0.0394381
-0.0229244
-0.0105371
-0.0024569
0.00207366
0.00398737
0.00397122
0.00239135
-0.000568427
-0.00469666
-0.0095915
-0.0145646
-0.0186976
-0.0210498
-0.021002
-0.0185371
-0.0143607
-0.00963971
-0.00547647
-0.00246815
-0.000639543
0.000312639
0.000732675
0.000853888
0.000793337
0.000600256
0.000306471
-5.74198e-05
-0.000457015
-0.000852169
-0.00119828
-0.00145414
-0.00159433
-0.0016167
-0.00154215
-0.00140304
-0.00123186
-0.00105361
-0.000884034
-0.000731264
-0.000599393
-0.000489429
-0.000402284
-0.000334751
-0.000287258
-0.000249803
-0.00022997
-0.000201297
-0.000202635
-0.000150223
-0.000195684
-4.3585e-05
-0.000254903
0.000247417
-0.000613219
0.0936838
0.0929718
0.0905763
0.0866752
0.0805118
0.0710728
0.0574518
0.0381343
0.0135469
-0.0160839
-0.0447908
-0.0647592
-0.0789166
-0.0870753
-0.0902013
-0.0880638
-0.0782947
-0.062177
-0.0433431
-0.0246699
-0.0077341
0.00656357
0.0178184
0.0252582
0.0274363
0.0236115
0.0158092
0.00897396
0.0069211
0.00935253
0.0136894
0.01804
0.0217725
0.0249578
0.0278492
0.0305011
0.0328134
0.0337927
0.031355
0.0240838
0.0136814
0.00538691
0.00363311
0.00802582
0.0144446
0.0197268
0.0230549
0.0247538
0.0254157
0.0256895
0.0261876
0.0262522
0.0238612
0.0173035
0.00747127
-0.00178142
-0.00602214
-0.0035423
0.00373428
0.0118708
0.017971
0.0212128
0.022213
0.0221841
0.0222708
0.0225509
0.0215992
0.017414
0.00932746
-0.000793282
-0.00915911
-0.0122303
-0.00897849
-0.0012373
0.00763244
0.0148338
0.0191151
0.0207317
0.0208158
0.0204509
0.0194097
0.0160852
0.00875804
-0.00255633
-0.0153465
-0.0255602
-0.0295963
-0.026206
-0.0169306
-0.00522992
0.00548959
0.0131634
0.0170979
0.0172383
0.0131751
0.00403728
-0.0107973
-0.0307995
-0.053771
-0.0759884
-0.0929932
-0.100854
-0.097695
-0.0844292
-0.0647282
-0.0434905
-0.0248577
-0.010969
-0.00201012
0.0029235
0.00492247
0.00477625
0.00289266
-0.000511168
-0.00518069
-0.0106476
-0.016142
-0.020668
-0.0232288
-0.0231868
-0.0205405
-0.0160325
-0.0108909
-0.00629974
-0.00293073
-0.000843334
0.000273145
0.00078729
0.000951334
0.000894236
0.000675244
0.000338229
-7.63727e-05
-0.000528561
-0.000974191
-0.00136285
-0.00164581
-0.00179203
-0.00179959
-0.00169455
-0.00151721
-0.00130738
-0.00109482
-0.000897425
-0.000723868
-0.000578014
-0.000460434
-0.000371134
-0.000305955
-0.000263444
-0.000232989
-0.000219378
-0.000198229
-0.000202475
-0.000157978
-0.000198531
-5.96043e-05
-0.00024944
0.000225876
-0.000589603
0.0967456
0.0961771
0.0942634
0.0909787
0.0854955
0.0765728
0.0629363
0.0423762
0.0150257
-0.0197749
-0.0532689
-0.0745634
-0.0891885
-0.0972581
-0.10065
-0.0988995
-0.0878101
-0.0688028
-0.046789
-0.0254248
-0.00644307
0.00930222
0.0215709
0.0294885
0.0309228
0.0245659
0.0130255
0.00338902
0.000606503
0.00414957
0.00991048
0.0152617
0.0195474
0.0229863
0.0258507
0.0280967
0.0299519
0.0306872
0.028012
0.0199069
0.00757478
-0.00294116
-0.00544016
0.000371904
0.00906835
0.0160846
0.0202516
0.0220742
0.0224465
0.0224013
0.0227873
0.0226915
0.019588
0.0115581
-9.60146e-05
-0.0107488
-0.0152913
-0.0118936
-0.00293331
0.00695008
0.0143341
0.0182243
0.0193967
0.0193832
0.0195339
0.0197617
0.0182991
0.0129802
0.00335658
-0.00824843
-0.0175706
-0.0207222
-0.0166196
-0.00741891
0.00297666
0.0113796
0.0164365
0.0185209
0.0189281
0.0187516
0.017498
0.0132861
0.00440802
-0.00872293
-0.0230248
-0.0339701
-0.0377401
-0.0331439
-0.0220135
-0.00826738
0.00426151
0.0132947
0.0181059
0.0185642
0.0140035
0.00344328
-0.0135306
-0.0359515
-0.0612105
-0.0852962
-0.103517
-0.111741
-0.107973
-0.0931763
-0.0713154
-0.0477493
-0.0270774
-0.0117086
-0.00185422
0.00351279
0.00562518
0.00537019
0.00319667
-0.000635781
-0.00582282
-0.0118282
-0.0178063
-0.0226907
-0.0254304
-0.0253668
-0.0225183
-0.017675
-0.0121271
-0.00712795
-0.00341013
-0.00106369
0.000225604
0.000843603
0.00105553
0.000999531
0.000747944
0.000360668
-0.000110042
-0.000619877
-0.00112276
-0.00156246
-0.00187986
-0.00203533
-0.00202547
-0.00188205
-0.00165579
-0.00139648
-0.00114035
-0.000908163
-0.000709183
-0.000546849
-0.00042103
-0.000330437
-0.000269505
-0.000234302
-0.000213284
-0.000207853
-0.00019612
-0.000203944
-0.000169242
-0.00020311
-8.22678e-05
-0.000240997
0.000188116
-0.000542247
0.100035
0.0996443
0.0983274
0.095837
0.0912831
0.083186
0.0697931
0.0479884
0.0172933
-0.0245534
-0.0643332
-0.0868121
-0.101849
-0.109835
-0.113957
-0.11314
-0.100337
-0.0773656
-0.0511862
-0.0265308
-0.00520866
0.0121016
0.0255205
0.0339906
0.0343296
0.0244288
0.007614
-0.00593443
-0.00895298
-0.00327085
0.00477612
0.0115526
0.0165143
0.0201118
0.0225809
0.0238763
0.0249718
0.0254921
0.0226746
0.013613
-0.000736041
-0.0134013
-0.0165336
-0.00918874
0.00217498
0.0113459
0.0165431
0.0184579
0.0184578
0.0181104
0.0184434
0.0181518
0.0141862
0.00454319
-0.00900372
-0.0211007
-0.0259468
-0.021527
-0.0106801
0.00112605
0.0098869
0.0144573
0.0158219
0.0158572
0.0160958
0.0162552
0.0142444
0.00778838
-0.0033183
-0.0163302
-0.026562
-0.029804
-0.0248847
-0.0142341
-0.0022926
0.00732873
0.0131656
0.0157293
0.0164787
0.0164895
0.0149961
0.00988416
-0.000489293
-0.0153026
-0.0309441
-0.0424693
-0.0458961
-0.0401143
-0.027231
-0.0115737
0.00264755
0.012968
0.0186123
0.0193162
0.0141708
0.00219673
-0.0167067
-0.0411491
-0.0682365
-0.0938002
-0.112988
-0.121487
-0.117187
-0.101094
-0.0774137
-0.0518745
-0.0294455
-0.0127654
-0.00208348
0.00371395
0.00596701
0.00563852
0.00321467
-0.000993638
-0.00662397
-0.0130764
-0.019447
-0.0246169
-0.0274913
-0.027387
-0.0243383
-0.0191837
-0.0132731
-0.00791497
-0.00388557
-0.00129715
0.000164486
0.000891952
0.00115461
0.00109631
0.000807712
0.000369752
-0.000153019
-0.000716419
-0.00127772
-0.00177656
-0.00214053
-0.00231444
-0.00228995
-0.00210345
-0.00181861
-0.00149865
-0.00118891
-0.000914255
-0.00068487
-0.000503614
-0.000369329
-0.000278903
-0.000224762
-0.000199742
-0.000190938
-0.000195792
-0.000195365
-0.00020737
-0.000184336
-0.000209531
-0.000112414
-0.000228811
0.000129174
-0.000462943
0.10348
0.103307
0.102713
0.101227
0.097913
0.0910765
0.0783461
0.0554775
0.0207791
-0.0307831
-0.0789089
-0.101842
-0.116362
-0.123555
-0.128913
-0.130338
-0.115972
-0.0880874
-0.056735
-0.0282123
-0.00434413
0.0145338
0.0291627
0.0381123
0.0368039
0.0218026
-0.00232
-0.0209589
-0.023355
-0.0138192
-0.00214352
0.00668043
0.0124677
0.0160308
0.0176086
0.0175543
0.0178947
0.01839
0.0153489
0.00488611
-0.0117245
-0.0263438
-0.0297543
-0.0205837
-0.0062431
0.00539772
0.0117791
0.0137775
0.0133775
0.0127692
0.0130959
0.0125974
0.00775232
-0.00342481
-0.0187174
-0.0321695
-0.0373425
-0.0319546
-0.019224
-0.00547499
0.00465768
0.00988878
0.0114427
0.0115394
0.0118701
0.0119625
0.00944933
0.0019899
-0.0103969
-0.0246142
-0.0356305
-0.0389572
-0.0333203
-0.021362
-0.00800137
0.00273992
0.00928559
0.012286
0.0133552
0.0135374
0.0118199
0.00590584
-0.00575145
-0.0219541
-0.0386391
-0.0505273
-0.0535449
-0.0466672
-0.0322731
-0.015018
0.000602496
0.0120004
0.0183417
0.0191856
0.0134375
0.000227008
-0.0201786
-0.0460423
-0.0743328
-0.100852
-0.120661
-0.129303
-0.124566
-0.107502
-0.0824982
-0.0555316
-0.0318119
-0.0141328
-0.00277892
0.00340692
0.00582077
0.00546475
0.00285901
-0.00162804
-0.00757225
-0.014324
-0.0209469
-0.0262939
-0.0292414
-0.0290822
-0.0258595
-0.020451
-0.0142549
-0.00861736
-0.00433893
-0.00154359
7.88316e-05
0.000914471
0.00122631
0.00116254
0.000839393
0.00036354
-0.000191086
-0.000788922
-0.00139958
-0.00196303
-0.0023905
-0.00260314
-0.00257699
-0.00235063
-0.00200209
-0.00161211
-0.00123901
-0.000914054
-0.000649185
-0.000446763
-0.000304263
-0.000216063
-0.000171775
-0.000160109
-0.000166309
-0.000183383
-0.000195851
-0.000212413
-0.00020273
-0.000217252
-0.000149889
-0.000212075
4.51575e-05
-0.000344708
0.106996
0.107079
0.107342
0.107091
0.105392
0.100381
0.0889394
0.0654675
0.0259691
-0.039158
-0.098174
-0.120721
-0.134457
-0.140431
-0.147961
-0.153192
-0.136783
-0.102018
-0.0638501
-0.0307294
-0.00421643
0.0160706
0.0313394
0.0400929
0.0375478
0.0179605
-0.0145719
-0.0411712
-0.0440835
-0.0287556
-0.011405
0.000420962
0.00721381
0.0104634
0.0106739
0.009115
0.0088815
0.00953928
0.0061758
-0.0058325
-0.0246509
-0.0410518
-0.0445931
-0.0334467
-0.0159945
-0.00174716
0.00588641
0.00796707
0.00717238
0.00633827
0.00669759
0.00605066
0.000484679
-0.0119274
-0.0286237
-0.0432088
-0.0487103
-0.0425273
-0.0281303
-0.0126174
-0.00125047
0.00454707
0.0062411
0.00637457
0.00678601
0.00684903
0.00397701
-0.00421695
-0.0175446
-0.0326545
-0.0442585
-0.0476451
-0.0414385
-0.0284292
-0.0139203
-0.00228463
0.00480476
0.00813038
0.00944989
0.00978061
0.00791187
0.00141366
-0.0111638
-0.0283179
-0.0456422
-0.0576243
-0.060172
-0.0523711
-0.0368422
-0.0184764
-0.00192449
0.0101975
0.0170057
0.0178754
0.0116031
-0.00250027
-0.0238082
-0.050348
-0.0790902
-0.105927
-0.12592
-0.134526
-0.129467
-0.111836
-0.0861316
-0.0584365
-0.0340431
-0.0157991
-0.00400837
0.00248317
0.00506607
0.00473912
0.00205117
-0.00257274
-0.00865326
-0.015513
-0.0222108
-0.0275967
-0.0305364
-0.0303056
-0.0269527
-0.0213778
-0.0150061
-0.00919804
-0.00475696
-0.00180781
-4.98927e-05
0.000881701
0.00123387
0.00116299
0.000817775
0.000331832
-0.00021776
-0.000814239
-0.00145058
-0.00207504
-0.00258282
-0.00286166
-0.00285897
-0.0026072
-0.00219802
-0.00173337
-0.0012893
-0.000906978
-0.000601914
-0.000376482
-0.000226513
-0.000143017
-0.000111798
-0.000116468
-0.000139894
-0.000170394
-0.000196584
-0.000217642
-0.000222567
-0.000224699
-0.000192977
-0.00018995
-6.50196e-05
-0.000184353
0.11048
0.110859
0.112108
0.113348
0.113697
0.111281
0.102059
0.0790436
0.0338647
-0.0508642
-0.124682
-0.143261
-0.153302
-0.157151
-0.169211
-0.181938
-0.163883
-0.120057
-0.0730918
-0.0346141
-0.00544839
0.0154795
0.0292221
0.036006
0.0325087
0.0120745
-0.0247353
-0.0608827
-0.0688434
-0.0483245
-0.0235488
-0.00750119
0.00057474
0.00323418
0.00174534
-0.00129444
-0.0018685
-0.000856398
-0.00445069
-0.0176898
-0.0382541
-0.0561785
-0.0599046
-0.0470106
-0.0266476
-0.00991257
-0.00109178
0.00103993
-0.000151834
-0.00119983
-0.0007604
-0.00139831
-0.0073476
-0.0205037
-0.0381006
-0.0534798
-0.0592686
-0.0525379
-0.0368716
-0.0199739
-0.00766091
-0.00148661
0.000232743
0.000333467
0.000806728
0.000926538
-0.00206323
-0.0106038
-0.0244201
-0.0400183
-0.0519534
-0.0553563
-0.0487624
-0.0350497
-0.0197883
-0.00760709
-0.00023978
0.00322281
0.00467669
0.00513456
0.00325102
-0.00349928
-0.0164994
-0.0340471
-0.0515219
-0.063292
-0.0653265
-0.0568463
-0.040681
-0.0218461
-0.00498772
0.00737269
0.0143407
0.015138
0.00852271
-0.00599354
-0.0274878
-0.0538674
-0.0822187
-0.108636
-0.128294
-0.136653
-0.131408
-0.113687
-0.0880047
-0.0603899
-0.0360458
-0.0177595
-0.00582913
0.000849797
0.0035989
0.00337042
0.000729284
-0.00385292
-0.00985818
-0.0166052
-0.023174
-0.0284357
-0.0312685
-0.0309446
-0.0275159
-0.0218847
-0.0154743
-0.00962944
-0.00513241
-0.00209971
-0.000247784
0.000752798
0.00112686
0.00104656
0.000696495
0.000234018
-0.000266487
-0.000813642
-0.00143398
-0.0020963
-0.00268553
-0.00305261
-0.0031034
-0.00285046
-0.00239381
-0.00185741
-0.00133928
-0.000894813
-0.000545943
-0.00029627
-0.000139904
-6.35532e-05
-4.80035e-05
-7.08347e-05
-0.000112266
-0.00015603
-0.000195532
-0.000220369
-0.000240489
-0.000229134
-0.000238007
-0.000161657
-0.000197662
1.45315e-05
0.113815
0.114521
0.116874
0.119834
0.12272
0.123764
0.11809
0.097233
0.0451288
-0.0661988
-0.159883
-0.173663
-0.178868
-0.17717
-0.195645
-0.220913
-0.200988
-0.143999
-0.0851248
-0.0403012
-0.00861512
0.0108042
0.0191088
0.0217291
0.0167264
-0.000327882
-0.0365077
-0.0797853
-0.0943557
-0.0709968
-0.0383978
-0.0171942
-0.00755069
-0.00568669
-0.00905141
-0.0134724
-0.0141327
-0.0124942
-0.0159303
-0.0297121
-0.0512595
-0.0702826
-0.0743232
-0.0602314
-0.0375504
-0.0187506
-0.0089793
-0.00690226
-0.00853988
-0.00981831
-0.00922447
-0.00958807
-0.01543
-0.0286949
-0.0465722
-0.0623172
-0.0683063
-0.061309
-0.0448968
-0.0271616
-0.0143358
-0.0080791
-0.00652468
-0.00657016
-0.00605296
-0.00573872
-0.00852033
-0.0169284
-0.0306999
-0.046318
-0.0582847
-0.061645
-0.0548666
-0.0408602
-0.025337
-0.0130635
-0.00577817
-0.00243998
-0.00100748
-0.000436196
-0.0021389
-0.00871457
-0.0215381
-0.0388357
-0.0559167
-0.0671505
-0.0686464
-0.059795
-0.0435917
-0.0250519
-0.00863578
0.00337277
0.0101434
0.0108012
0.00411248
-0.0102427
-0.0311454
-0.0564856
-0.0835527
-0.108751
-0.127501
-0.135383
-0.130116
-0.112836
-0.0879637
-0.0612981
-0.0377812
-0.0200229
-0.00828789
-0.00156428
0.00134074
0.00129218
-0.00115025
-0.00548759
-0.0111858
-0.0175817
-0.0237987
-0.0287557
-0.0313697
-0.0309274
-0.0274838
-0.0219213
-0.0156272
-0.00989565
-0.0054639
-0.00243283
-0.000545694
0.000480197
0.000846507
0.000746978
0.000402222
-1.12826e-05
-0.000421082
-0.000862221
-0.001405
-0.00205497
-0.0026995
-0.0031557
-0.00328038
-0.00305448
-0.00257304
-0.00197765
-0.00138968
-0.000882673
-0.000488654
-0.000214474
-5.27958e-05
1.48142e-05
1.37392e-05
-2.69826e-05
-8.48909e-05
-0.000139707
-0.000190422
-0.000217467
-0.00025235
-0.000227202
-0.000279643
-0.000126778
-0.000342844
0.000239417
0.116867
0.117926
0.121461
0.126371
0.132269
0.137982
0.137678
0.123042
0.0621443
-0.0952552
-0.209462
-0.203972
-0.199757
-0.196569
-0.229204
-0.274149
-0.252099
-0.176148
-0.10106
-0.0483991
-0.0147173
-0.000190576
-0.000160286
-0.00181788
-0.00620596
-0.0184861
-0.0526754
-0.0994304
-0.119212
-0.0948629
-0.0551817
-0.0285013
-0.0171313
-0.0161766
-0.0214892
-0.0271912
-0.0276499
-0.0249607
-0.0275708
-0.0409723
-0.0625707
-0.0821226
-0.0865831
-0.072011
-0.047922
-0.0277727
-0.0174759
-0.015669
-0.0178719
-0.0194213
-0.0185592
-0.0182862
-0.023422
-0.0360756
-0.0535501
-0.0691794
-0.0752428
-0.0682619
-0.0516945
-0.0337839
-0.0209966
-0.0150494
-0.0139224
-0.0142635
-0.0137123
-0.0130202
-0.0152063
-0.0229473
-0.0360987
-0.0512367
-0.062913
-0.0661609
-0.0594078
-0.0455489
-0.0303124
-0.0184737
-0.0117044
-0.00881087
-0.00758421
-0.00690272
-0.00818348
-0.0140943
-0.0260812
-0.0424407
-0.0585613
-0.0689357
-0.0698917
-0.0610238
-0.0454477
-0.0280448
-0.0128961
-0.00189405
0.00429825
0.00477941
-0.00165155
-0.0152207
-0.0347365
-0.0581619
-0.0830531
-0.106223
-0.123483
-0.130662
-0.125559
-0.109283
-0.0860238
-0.0611808
-0.0392686
-0.0226113
-0.0114165
-0.00480267
-0.00175738
-0.0015374
-0.00361422
-0.00748905
-0.0126377
-0.0184352
-0.0240696
-0.0285344
-0.0308136
-0.0302278
-0.026834
-0.0214712
-0.0154547
-0.00999275
-0.00575384
-0.00282003
-0.00097169
2.06429e-05
0.000339338
0.000198132
-0.000145626
-0.000491578
-0.000767787
-0.00103784
-0.00142655
-0.00199078
-0.00263613
-0.00315698
-0.00336261
-0.00319035
-0.00271508
-0.00208505
-0.00144166
-0.000878753
-0.000442241
-0.000144926
2.11922e-05
8.00182e-05
6.38743e-05
8.58501e-06
-6.14821e-05
-0.000123017
-0.000180982
-0.000207534
-0.00025512
-0.000216398
-0.000311965
-8.57099e-05
-0.000484576
0.000468986
0.119497
0.120908
0.125658
0.132599
0.141997
0.153181
0.161008
0.155852
0.0867965
-0.111706
-0.292367
-0.263641
-0.236773
-0.211855
-0.263525
-0.346037
-0.324928
-0.220931
-0.122264
-0.0592043
-0.0248113
-0.0188415
-0.0264377
-0.0305321
-0.0306278
-0.0380652
-0.0692958
-0.116395
-0.14017
-0.116873
-0.0722861
-0.0408124
-0.0278895
-0.0279478
-0.0352534
-0.0421523
-0.0420702
-0.0377361
-0.0386597
-0.0506645
-0.0713371
-0.0907678
-0.0956755
-0.0813735
-0.0569688
-0.0364068
-0.0261837
-0.0249852
-0.0279477
-0.0298233
-0.0285355
-0.0271943
-0.0309741
-0.0422792
-0.0586651
-0.0736859
-0.0796728
-0.0729671
-0.0568446
-0.0394711
-0.0273467
-0.0221748
-0.0217933
-0.022602
-0.0220148
-0.0207291
-0.0219023
-0.0284283
-0.0403851
-0.0545474
-0.0656121
-0.0686729
-0.0621477
-0.0488773
-0.034492
-0.0236498
-0.0178736
-0.0157806
-0.0149587
-0.0141606
-0.0147543
-0.0194861
-0.0299636
-0.0446986
-0.0593061
-0.0685196
-0.0689588
-0.0604546
-0.0461965
-0.0307927
-0.0177563
-0.00843427
-0.00320593
-0.00292217
-0.00873618
-0.0208807
-0.0382336
-0.0589187
-0.0808051
-0.101193
-0.116418
-0.122695
-0.117962
-0.103243
-0.0823652
-0.0601629
-0.0405754
-0.0255506
-0.0152253
-0.00888137
-0.00571944
-0.00514092
-0.00667515
-0.00986008
-0.014212
-0.0191648
-0.0239915
-0.0277843
-0.0296195
-0.0288694
-0.0255901
-0.0205543
-0.0149705
-0.00992713
-0.00600485
-0.00326743
-0.00154114
-0.00065154
-0.000428994
-0.000636122
-0.000982584
-0.00123525
-0.00132617
-0.00135788
-0.00151589
-0.00191438
-0.00249123
-0.00303522
-0.00331834
-0.00322461
-0.00279425
-0.0021661
-0.00149399
-0.000891441
-0.000421237
-0.000105031
6.44433e-05
0.000116313
8.9244e-05
2.49475e-05
-5.06528e-05
-0.000112362
-0.000171631
-0.000193455
-0.000249244
-0.000196663
-0.000330111
-4.02013e-05
-0.00060302
0.000676556
0.121559
0.123307
0.129203
0.138218
0.151311
0.169421
0.188817
0.207382
0.124975
-0.103056
-0.338814
-0.299488
-0.241104
-0.210476
-0.276454
-0.399091
-0.399942
-0.275374
-0.149852
-0.0734807
-0.0396381
-0.0440284
-0.0579758
-0.061526
-0.0539379
-0.0558718
-0.0828621
-0.127959
-0.154391
-0.133965
-0.0876341
-0.0530801
-0.0392346
-0.0405239
-0.0499173
-0.0579374
-0.0569098
-0.0502012
-0.0485118
-0.058156
-0.0770062
-0.0956661
-0.10096
-0.0876002
-0.063999
-0.0440703
-0.0346452
-0.0344994
-0.0384751
-0.0407334
-0.0388264
-0.035956
-0.0377431
-0.0470143
-0.0616849
-0.0756373
-0.0813842
-0.0751737
-0.060053
-0.0439135
-0.0330948
-0.029199
-0.0299092
-0.0313629
-0.0307249
-0.0286169
-0.0283654
-0.0331591
-0.0433917
-0.0561243
-0.0662802
-0.0690804
-0.0629657
-0.050693
-0.0376975
-0.028404
-0.0241028
-0.0231719
-0.0229525
-0.0220258
-0.0216694
-0.0247271
-0.0330606
-0.0455344
-0.0581262
-0.0659187
-0.0658864
-0.0581265
-0.0458538
-0.0332678
-0.0231465
-0.0161537
-0.0122703
-0.0122081
-0.0170522
-0.0271528
-0.041616
-0.0588275
-0.0770039
-0.0939796
-0.10672
-0.111947
-0.107787
-0.0951299
-0.0773091
-0.0584493
-0.0417932
-0.0288543
-0.0197005
-0.0137951
-0.0105536
-0.00952743
-0.0103322
-0.0125908
-0.0158987
-0.0197726
-0.0235874
-0.0265522
-0.0278529
-0.0269246
-0.0238194
-0.0192236
-0.014208
-0.00971189
-0.0062154
-0.00376813
-0.002248
-0.0015309
-0.00145223
-0.00173968
-0.00206484
-0.00217515
-0.0020224
-0.00176066
-0.00163178
-0.00180111
-0.00224629
-0.00276881
-0.00311694
-0.00312346
-0.00278067
-0.00220067
-0.00153861
-0.000923735
-0.000436798
-0.000110653
5.94479e-05
0.000106378
7.40205e-05
8.19868e-06
-6.53987e-05
-0.000119919
-0.000172405
-0.000183102
-0.000239346
-0.000171446
-0.000331347
7.00619e-06
-0.000678875
0.000835742
0.122916
0.124941
0.131835
0.142607
0.159458
0.183683
0.220039
0.229014
0.214212
-0.122351
-0.451181
-0.341557
-0.285004
-0.232643
-0.265803
-0.400284
-0.436982
-0.315976
-0.175672
-0.0894795
-0.0588758
-0.0739073
-0.0933447
-0.0924944
-0.074507
-0.0696001
-0.0910629
-0.132407
-0.160258
-0.143986
-0.0992529
-0.0640101
-0.0503062
-0.05324
-0.0648987
-0.0739458
-0.0715076
-0.0616502
-0.0565014
-0.063008
-0.0793281
-0.0966487
-0.102198
-0.0902988
-0.0685062
-0.0502391
-0.0423843
-0.0437964
-0.0490658
-0.0517516
-0.0490125
-0.0441715
-0.0434066
-0.0500762
-0.0625207
-0.0750184
-0.0803727
-0.0748197
-0.0611692
-0.046884
-0.0379731
-0.035842
-0.0379833
-0.0402466
-0.0395327
-0.0363832
-0.0343378
-0.0369554
-0.0450205
-0.0559447
-0.0649407
-0.0674142
-0.0618608
-0.0509355
-0.0398019
-0.0325554
-0.0301737
-0.0307406
-0.031305
-0.0302377
-0.0286974
-0.029649
-0.0352916
-0.0449633
-0.0551227
-0.0612931
-0.0608525
-0.0541886
-0.0444911
-0.0354326
-0.0289276
-0.0248506
-0.0226813
-0.0228873
-0.0264503
-0.0339403
-0.044865
-0.057996
-0.0719304
-0.0850433
-0.0949879
-0.0990819
-0.0956873
-0.0855074
-0.0712728
-0.056283
-0.0430081
-0.0325119
-0.0248066
-0.0195253
-0.0162582
-0.014694
-0.0145704
-0.0156568
-0.0176783
-0.0202617
-0.0228957
-0.0249135
-0.0256154
-0.0245054
-0.0216248
-0.0175588
-0.0132145
-0.00936221
-0.00637675
-0.00429998
-0.00306222
-0.00257855
-0.00267287
-0.00302861
-0.00327685
-0.00317609
-0.00272763
-0.00214375
-0.00170667
-0.00161617
-0.00188799
-0.0023501
-0.00274409
-0.00286394
-0.00264539
-0.0021621
-0.00155678
-0.0009669
-0.000489264
-0.000168735
-4.80666e-06
3.70585e-05
3.55649e-06
-5.69999e-05
-0.000119894
-0.000158507
-0.000194624
-0.000185808
-0.000231755
-0.000145651
-0.000315892
5.23095e-05
-0.000697373
0.000926041
0.12345
0.125676
0.133253
0.145415
0.164962
0.195674
0.244268
0.287192
0.351665
-0.0887137
-0.346629
-0.329132
-0.29861
-0.297743
-0.393171
-0.442647
-0.33474
-0.19342
-0.10499
-0.0812981
-0.106721
-0.130805
-0.121204
-0.0905176
-0.0777513
-0.0929708
-0.129381
-0.15738
-0.145929
-0.105665
-0.072302
-0.0600858
-0.0652689
-0.0794346
-0.0893673
-0.0850252
-0.0713263
-0.0620989
-0.0649866
-0.0783366
-0.0938947
-0.0995274
-0.0894162
-0.0702164
-0.0545009
-0.0489442
-0.0524151
-0.0592429
-0.0623772
-0.0585978
-0.0514166
-0.0476791
-0.0513512
-0.0612195
-0.0719825
-0.0768051
-0.0720201
-0.060188
-0.0482496
-0.0417525
-0.0418126
-0.0456802
-0.048887
-0.0480653
-0.0436888
-0.0395583
-0.0396672
-0.0452429
-0.0540839
-0.0617333
-0.063827
-0.058945
-0.0496333
-0.0407325
-0.0359365
-0.0358421
-0.0381854
-0.0396848
-0.0384708
-0.0355674
-0.0340818
-0.0366189
-0.0430847
-0.0505112
-0.0549319
-0.0541582
-0.0488821
-0.0422195
-0.0372295
-0.0348882
-0.0342172
-0.0341072
-0.0346636
-0.0367108
-0.0411157
-0.0479605
-0.056554
-0.0659166
-0.0749349
-0.0819472
-0.0849066
-0.0824375
-0.0750214
-0.0647053
-0.0538947
-0.0442729
-0.0364836
-0.0304911
-0.0260396
-0.0228157
-0.0206191
-0.019356
-0.0190181
-0.0195218
-0.0206342
-0.0219634
-0.0229611
-0.0230346
-0.0217513
-0.019133
-0.0156546
-0.0120435
-0.00889155
-0.00647322
-0.00482926
-0.00393636
-0.00372946
-0.00400079
-0.00438123
-0.00447899
-0.00410178
-0.00332772
-0.0024243
-0.00169258
-0.00134542
-0.00142778
-0.00180043
-0.00221519
-0.00244273
-0.00236792
-0.00202252
-0.00152064
-0.000998566
-0.000563901
-0.000271779
-0.000126643
-9.43332e-05
-0.000127435
-0.000177443
-0.000221532
-0.000234734
-0.00024373
-0.000206284
-0.000230216
-0.000122968
-0.000285104
9.16042e-05
-0.000653481
0.000936897
0.123079
0.125387
0.133264
0.146029
0.167005
0.200956
0.257621
0.327122
0.443978
-0.394776
-0.42659
-0.347971
-0.351592
-0.391174
-0.314484
-0.193306
-0.114949
-0.103181
-0.139476
-0.167205
-0.144074
-0.100037
-0.0796718
-0.0887539
-0.119695
-0.146628
-0.140042
-0.106189
-0.0769174
-0.0675562
-0.0756795
-0.092585
-0.103191
-0.0964845
-0.0784801
-0.0649098
-0.06406
-0.0743033
-0.0878575
-0.0933958
-0.0852017
-0.0690946
-0.0565876
-0.0539209
-0.0598726
-0.0684623
-0.072033
-0.0670388
-0.05727
-0.050328
-0.0508175
-0.0579482
-0.0668244
-0.0710273
-0.0670422
-0.0572361
-0.0479729
-0.0442528
-0.0468224
-0.0526328
-0.0568713
-0.0559088
-0.0501749
-0.0437759
-0.0411848
-0.0440955
-0.0507022
-0.056896
-0.0585741
-0.0544268
-0.0468951
-0.0404705
-0.0384001
-0.0408496
-0.0451659
-0.0477096
-0.0463538
-0.0419819
-0.0378597
-0.0370434
-0.0400691
-0.0446021
-0.0472286
-0.0462013
-0.0425158
-0.0391731
-0.0385775
-0.0407517
-0.043848
-0.0460969
-0.0471232
-0.0475281
-0.048512
-0.0508791
-0.0546422
-0.0593103
-0.0642294
-0.0683565
-0.0702591
-0.0688331
-0.0643099
-0.0580152
-0.05146
-0.0455959
-0.0407043
-0.0366807
-0.0332762
-0.030171
-0.027245
-0.0246273
-0.0226165
-0.0213905
-0.0208895
-0.020839
-0.0207925
-0.0202439
-0.0188092
-0.0164764
-0.0136081
-0.0107461
-0.00830997
-0.00648588
-0.00531806
-0.00481565
-0.0049081
-0.0053377
-0.00568577
-0.00556769
-0.00487288
-0.00377103
-0.00257583
-0.0015874
-0.00101168
-0.00091001
-0.00117518
-0.00158066
-0.00189065
-0.00195861
-0.00176935
-0.00140551
-0.000991238
-0.000635652
-0.000399295
-0.000290252
-0.000275675
-0.000309275
-0.000344416
-0.000362191
-0.000341112
-0.000313337
-0.000240308
-0.000232958
-0.000104048
-0.000241673
0.000121854
-0.000553492
0.000868933
0.121766
0.124028
0.131743
0.144233
0.164766
0.197905
0.253321
0.330964
0.491375
-0.48715
-0.571281
-0.410705
-0.311688
-0.287683
-0.254257
-0.16967
-0.114034
-0.120471
-0.169766
-0.196954
-0.157416
-0.101906
-0.0756733
-0.0794582
-0.10489
-0.129738
-0.127506
-0.100936
-0.0772466
-0.0718487
-0.0835179
-0.103285
-0.114279
-0.104863
-0.0824552
-0.0647189
-0.0603901
-0.0676797
-0.079175
-0.0844613
-0.078138
-0.0653202
-0.0563861
-0.0569886
-0.0656952
-0.076147
-0.0801051
-0.0737842
-0.061346
-0.051191
-0.048541
-0.052968
-0.0599389
-0.0634744
-0.0602677
-0.0525486
-0.0461049
-0.04535
-0.0506028
-0.0584658
-0.0637662
-0.0626346
-0.0554866
-0.046766
-0.041443
-0.0416727
-0.0460267
-0.0507398
-0.0519871
-0.0485898
-0.0428963
-0.0390469
-0.0398258
-0.0449408
-0.0513258
-0.0549735
-0.0534948
-0.0476353
-0.0408275
-0.0365979
-0.0361384
-0.037771
-0.0386466
-0.0374411
-0.035437
-0.0354954
-0.0393761
-0.0461947
-0.0532584
-0.0580878
-0.0597299
-0.0584973
-0.0559096
-0.0535869
-0.0524023
-0.0524434
-0.053463
-0.0549201
-0.0559132
-0.0555881
-0.0539136
-0.0515138
-0.0490812
-0.0469458
-0.0450839
-0.0432643
-0.0411117
-0.038196
-0.03445
-0.0302787
-0.0263698
-0.0232352
-0.0210214
-0.0195649
-0.0184955
-0.0173647
-0.0158123
-0.0137753
-0.0115048
-0.00936589
-0.00762519
-0.00639795
-0.00573191
-0.00564793
-0.00604412
-0.00660239
-0.00686793
-0.00649516
-0.00547329
-0.00406525
-0.00262176
-0.00142838
-0.000667809
-0.000404004
-0.000556157
-0.000923989
-0.00128012
-0.00146356
-0.00142337
-0.00121062
-0.000930884
-0.00068368
-0.000527656
-0.000471062
-0.000481949
-0.000516574
-0.000532798
-0.00051779
-0.000456707
-0.000386935
-0.000276483
-0.000234161
-8.71961e-05
-0.000189517
0.000140621
-0.000414122
0.000734565
0.119532
0.121621
0.12872
0.140079
0.158322
0.18673
0.23167
0.296138
0.399511
-0.491702
-0.561769
-0.646128
-0.423093
-0.239465
-0.165309
-0.165883
-0.12373
-0.0986083
-0.128845
-0.193369
-0.214204
-0.158448
-0.0961868
-0.0669647
-0.0666971
-0.0868908
-0.108929
-0.110124
-0.0906991
-0.073179
-0.0723591
-0.0879077
-0.110445
-0.121478
-0.109225
-0.0827874
-0.0615309
-0.0543156
-0.0590355
-0.0685759
-0.0734913
-0.0688563
-0.0592415
-0.0539318
-0.0579198
-0.0694547
-0.0817357
-0.0859965
-0.0783252
-0.0633317
-0.0501934
-0.0446689
-0.0466068
-0.051778
-0.0546339
-0.0521474
-0.046439
-0.0427731
-0.0449802
-0.0529227
-0.0628235
-0.0691522
-0.0678335
-0.059301
-0.0483476
-0.0404263
-0.0381172
-0.0403299
-0.0436204
-0.0444442
-0.0417665
-0.0378615
-0.0365374
-0.0401275
-0.0478816
-0.0563205
-0.0610777
-0.0595101
-0.0522349
-0.0428483
-0.035339
-0.0315427
-0.0304232
-0.0296748
-0.0283562
-0.0280031
-0.0313309
-0.0395184
-0.0508726
-0.0619162
-0.0694394
-0.0718462
-0.0691144
-0.0630243
-0.0560273
-0.049967
-0.0456112
-0.0430862
-0.042211
-0.0424842
-0.0432481
-0.0442173
-0.0453959
-0.0467976
-0.0482642
-0.0495023
-0.0500663
-0.0493253
-0.0466526
-0.0420178
-0.0361418
-0.0301644
-0.0249945
-0.0210176
-0.0181739
-0.0161397
-0.0144915
-0.0128632
-0.0111228
-0.00941051
-0.00793657
-0.00684504
-0.006199
-0.00604431
-0.00638975
-0.00708092
-0.00773819
-0.00788936
-0.0072525
-0.00592035
-0.0042445
-0.00260542
-0.00126614
-0.000373818
1.803e-05
-2.91902e-05
-0.000342329
-0.000708614
-0.000966571
-0.00104524
-0.000973706
-0.000832939
-0.00070601
-0.00064213
-0.00064521
-0.000683276
-0.00071646
-0.0007099
-0.000658327
-0.000556492
-0.000446388
-0.000303089
-0.000228585
-7.10853e-05
-0.00013428
0.0001466
-0.000258637
0.000555563
0.116449
0.118255
0.124383
0.13388
0.148682
0.169363
0.20018
0.237906
0.236059
-0.366477
-0.498125
-0.580689
-0.637708
-0.376693
-0.149964
-0.0608859
-0.0480575
-0.0570848
-0.0695353
-0.129971
-0.207609
-0.214857
-0.147229
-0.0844537
-0.0553431
-0.0522369
-0.0675249
-0.0863194
-0.0898436
-0.0766843
-0.065066
-0.0688216
-0.0881648
-0.113099
-0.123806
-0.108892
-0.0793063
-0.0555963
-0.046326
-0.0489992
-0.0567975
-0.0612686
-0.0580513
-0.0513212
-0.0493916
-0.0566008
-0.0708087
-0.0847391
-0.0891901
-0.080252
-0.0630252
-0.0473621
-0.0394217
-0.0392329
-0.0428115
-0.0450338
-0.0431576
-0.0392695
-0.0381665
-0.0431421
-0.0536072
-0.065401
-0.0726604
-0.0711511
-0.0613552
-0.0484004
-0.0381711
-0.033609
-0.0339075
-0.0359083
-0.0363385
-0.034311
-0.032046
-0.0330556
-0.03926
-0.049479
-0.0598458
-0.0656637
-0.0640553
-0.0555229
-0.0438126
-0.0333397
-0.0265357
-0.0229566
-0.0207883
-0.0194076
-0.0205564
-0.0268211
-0.038907
-0.0544532
-0.0692864
-0.0794817
-0.0827793
-0.0788037
-0.0695069
-0.0581065
-0.0474481
-0.0390624
-0.0334442
-0.0306365
-0.0303854
-0.0321574
-0.0354442
-0.0397597
-0.0446108
-0.0494758
-0.0537972
-0.0568253
-0.0575744
-0.0551718
-0.0496198
-0.0419727
-0.0338491
-0.0265945
-0.0208613
-0.0166891
-0.0137737
-0.0116851
-0.0100244
-0.00857601
-0.00736717
-0.00648298
-0.00598008
-0.00588677
-0.00623799
-0.00700795
-0.00797592
-0.00870623
-0.00872753
-0.00783909
-0.00623253
-0.00433997
-0.0025643
-0.00114109
-0.000173869
0.000304828
0.000343672
9.01428e-05
-0.000262273
-0.000555908
-0.000716816
-0.000757538
-0.000737518
-0.00072038
-0.000741191
-0.000796649
-0.000854508
-0.000880247
-0.000847916
-0.000761333
-0.000624052
-0.000481305
-0.000314835
-0.000215764
-5.68717e-05
-8.30316e-05
0.000139758
-0.000111518
0.00036027
0.112634
0.114093
0.118974
0.126331
0.136755
0.150503
0.162727
0.169149
0.113977
-0.263958
-0.605886
-0.474923
-0.55912
-0.539053
-0.301289
-0.0824791
0.0241073
0.0531082
0.0173799
-0.0335346
-0.124801
-0.204855
-0.195716
-0.125773
-0.0690989
-0.0426717
-0.0376595
-0.0483224
-0.063659
-0.0684254
-0.0602596
-0.0536294
-0.0613505
-0.0839263
-0.110593
-0.120639
-0.103603
-0.0722099
-0.0474101
-0.0370246
-0.0382059
-0.0445214
-0.0485146
-0.046407
-0.0420812
-0.0430404
-0.0530422
-0.0695408
-0.0847994
-0.0893136
-0.0793094
-0.0603696
-0.042835
-0.0330807
-0.0312251
-0.0334881
-0.035146
-0.0337638
-0.0314177
-0.0325182
-0.0398977
-0.0525551
-0.0659739
-0.0740083
-0.0723227
-0.0614737
-0.0468798
-0.0347681
-0.028355
-0.0270562
-0.0279608
-0.0280482
-0.0265728
-0.0257179
-0.0287461
-0.0372244
-0.0495986
-0.0616645
-0.0684429
-0.0668532
-0.0572979
-0.0436476
-0.0306835
-0.0213536
-0.0157277
-0.0124057
-0.0110018
-0.013405
-0.0221046
-0.0374726
-0.0566508
-0.0748849
-0.0875879
-0.0918561
-0.0869732
-0.0749657
-0.0596861
-0.0449222
-0.032997
-0.0247844
-0.0204498
-0.0198432
-0.0224853
-0.0276954
-0.0346476
-0.0425093
-0.0504919
-0.0577614
-0.063197
-0.0654072
-0.0632722
-0.0568302
-0.0474579
-0.0372362
-0.0279503
-0.0205352
-0.0151304
-0.0114315
-0.00897922
-0.00732442
-0.00615856
-0.00539596
-0.00502408
-0.00504493
-0.00546665
-0.00630368
-0.00747798
-0.00869593
-0.00947524
-0.00936235
-0.00824743
-0.00641623
-0.00436847
-0.00251918
-0.00107221
-8.41612e-05
0.0004401
0.00054246
0.000343055
1.59007e-05
-0.000288289
-0.000498059
-0.000615957
-0.000684309
-0.000748723
-0.000829978
-0.000917898
-0.000981212
-0.000992232
-0.00093379
-0.000818122
-0.000656057
-0.000492354
-0.000314528
-0.00020031
-4.80263e-05
-4.27282e-05
0.000121586
7.23129e-06
0.000178617
0.108234
0.1093
0.112839
0.11783
0.124148
0.130417
0.130645
0.112453
0.0215705
-0.212087
-0.4291
-0.406195
-0.447455
-0.414328
-0.238468
-0.0655661
0.048099
0.0921548
0.0727657
-0.0145704
-0.119862
-0.185526
-0.162862
-0.0997261
-0.053069
-0.0305202
-0.0241455
-0.0304075
-0.0421891
-0.047227
-0.0427173
-0.039836
-0.0504468
-0.0752628
-0.10277
-0.11192
-0.0936365
-0.0620882
-0.0376708
-0.0270753
-0.0272541
-0.0323311
-0.0358397
-0.03454
-0.0320552
-0.0352368
-0.0473857
-0.0655966
-0.0817468
-0.0861998
-0.0754443
-0.0554762
-0.0368613
-0.0259739
-0.0229519
-0.0242084
-0.0254021
-0.0243899
-0.0232524
-0.0260911
-0.0353714
-0.0497532
-0.0644253
-0.0730323
-0.0712052
-0.0595915
-0.0438282
-0.0303614
-0.0225774
-0.0200558
-0.0200981
-0.0199118
-0.0188738
-0.0191411
-0.0237769
-0.0340725
-0.0481791
-0.0616288
-0.0692233
-0.0677191
-0.0574345
-0.0423269
-0.0274618
-0.0161984
-0.00902409
-0.00485953
-0.00346537
-0.00680789
-0.0173177
-0.0351901
-0.0572593
-0.0783292
-0.0932414
-0.0985023
-0.0930889
-0.0790114
-0.0605924
-0.0424191
-0.0275628
-0.0172765
-0.0117902
-0.0109512
-0.0142862
-0.0210035
-0.0300798
-0.0404795
-0.0512117
-0.0611546
-0.0687889
-0.0723246
-0.0704264
-0.0631792
-0.0522464
-0.0401147
-0.0289717
-0.0200267
-0.0135223
-0.00914548
-0.00639642
-0.00477176
-0.00387263
-0.00350476
-0.00357643
-0.00405877
-0.00495048
-0.00623847
-0.00778157
-0.00921314
-0.010016
-0.00977144
-0.00846365
-0.00646829
-0.00433428
-0.00247472
-0.00105765
-9.41397e-05
0.000440461
0.000585105
0.000435698
0.000141416
-0.00016093
-0.000398142
-0.000563122
-0.000685895
-0.000797937
-0.000909188
-0.00100557
-0.00105945
-0.00105003
-0.000969006
-0.000834103
-0.000659743
-0.000487552
-0.000309366
-0.000188629
-4.80751e-05
-1.81378e-05
9.49402e-05
8.6184e-05
3.49502e-05
0.103409
0.104083
0.106263
0.109033
0.1116
0.112224
0.104288
0.078117
-0.000494339
-0.183773
-0.32052
-0.323649
-0.354181
-0.326765
-0.198611
-0.0656741
0.0344426
0.078643
0.0653388
-0.015457
-0.110742
-0.152182
-0.123822
-0.0738873
-0.0383572
-0.0197568
-0.0123969
-0.0145822
-0.0227285
-0.0272107
-0.0251497
-0.0247928
-0.036998
-0.0627859
-0.0901245
-0.0982795
-0.0798568
-0.0498719
-0.0271966
-0.0171373
-0.016671
-0.0206933
-0.0237207
-0.0229641
-0.0217507
-0.0263997
-0.0399053
-0.0591101
-0.0756405
-0.0799304
-0.0688354
-0.0486316
-0.029789
-0.0184573
-0.014752
-0.0153045
-0.0161445
-0.0153907
-0.0151114
-0.0191625
-0.0297474
-0.0452864
-0.0607655
-0.0697125
-0.0677983
-0.0557693
-0.0393802
-0.0251443
-0.0165039
-0.0131544
-0.0125855
-0.0122079
-0.0114902
-0.0125613
-0.0183329
-0.0299084
-0.0452428
-0.0596962
-0.067928
-0.0665788
-0.0558967
-0.0398785
-0.0237734
-0.0112298
-0.00304855
0.00162292
0.00297184
-0.000966219
-0.0125952
-0.0320901
-0.0561771
-0.0793801
-0.0960911
-0.102312
-0.0967443
-0.0813153
-0.0606447
-0.0399213
-0.0228495
-0.0110278
-0.00472474
-0.00372896
-0.00755619
-0.0153711
-0.026068
-0.0385048
-0.0515285
-0.0637333
-0.0732206
-0.0778559
-0.0761461
-0.0682295
-0.0560034
-0.0422783
-0.0295718
-0.0193321
-0.0119009
-0.00695877
-0.00396694
-0.00237748
-0.00171901
-0.00169982
-0.00215885
-0.00304626
-0.0043563
-0.00604528
-0.00790576
-0.00950422
-0.0103024
-0.00993383
-0.00847552
-0.00638423
-0.00423584
-0.00242511
-0.00108112
-0.000175089
0.000344003
0.000516517
0.000413712
0.000155867
-0.000133911
-0.0003815
-0.000571398
-0.000721832
-0.000853396
-0.00096952
-0.00105614
-0.00109107
-0.00106098
-0.000964279
-0.000820945
-0.000646024
-0.000476041
-0.000305834
-0.00018508
-5.83073e-05
-1.03782e-05
6.34944e-05
0.000123987
-5.83484e-05
0.0983205
0.098616
0.099523
0.100239
0.099696
0.0956721
0.0826891
0.0514238
-0.0153192
-0.14529
-0.258199
-0.27631
-0.293712
-0.26518
-0.168371
-0.0661098
0.0133539
0.0556501
0.0450244
-0.0147198
-0.0823084
-0.106628
-0.0859666
-0.0519784
-0.0261465
-0.0107752
-0.00277159
-0.00143239
-0.00582225
-0.00905238
-0.00841099
-0.00964175
-0.0222307
-0.0476605
-0.0738469
-0.0810259
-0.0636168
-0.0366992
-0.0168079
-0.00779127
-0.00688639
-0.00995598
-0.0124996
-0.0120732
-0.0116221
-0.0169868
-0.0310012
-0.0504146
-0.0667928
-0.0708578
-0.0598998
-0.0402831
-0.0220397
-0.0108912
-0.00692035
-0.00703049
-0.00762444
-0.00703966
-0.007286
-0.0120127
-0.0232638
-0.0393406
-0.0551412
-0.0641851
-0.062257
-0.0501984
-0.0337594
-0.0193509
-0.010358
-0.00655877
-0.00562376
-0.0051443
-0.00463941
-0.00619482
-0.0126086
-0.0248865
-0.0408988
-0.0559379
-0.0646061
-0.0634791
-0.052747
-0.0363895
-0.0197264
-0.00656361
0.00208596
0.00692878
0.00818599
0.00398318
-0.00806961
-0.0282655
-0.0534232
-0.077967
-0.0959856
-0.103083
-0.0977099
-0.0816628
-0.059696
-0.0373794
-0.0188849
-0.00608542
0.00072924
0.00184209
-0.00226532
-0.0107834
-0.0226118
-0.0365607
-0.0513405
-0.0652876
-0.0761846
-0.0816376
-0.0800613
-0.0716475
-0.0584665
-0.0435598
-0.029681
-0.0184577
-0.0103136
-0.00493056
-0.00174216
-0.000175475
0.00028224
1.04706e-07
-0.000798996
-0.0020403
-0.00371038
-0.00573488
-0.00784511
-0.00955345
-0.0103165
-0.00983775
-0.00828041
-0.00616585
-0.00407258
-0.00236127
-0.00112143
-0.000293336
0.000193622
0.00038152
0.000322404
0.00010917
-0.00015472
-0.000397988
-0.000596415
-0.000756612
-0.000890226
-0.000997313
-0.00106633
-0.00108124
-0.00103555
-0.000932167
-0.000790304
-0.00062408
-0.000463913
-0.000306843
-0.000190265
-7.70815e-05
-1.69921e-05
3.09368e-05
0.000127687
-0.000102795
0.0931209
0.0930765
0.0928341
0.0917986
0.0887354
0.0814441
0.0654336
0.0333396
-0.0236746
-0.12198
-0.208398
-0.227883
-0.240127
-0.217756
-0.146378
-0.0676693
-0.00438044
0.031264
0.0299381
-0.00700297
-0.0521342
-0.0707912
-0.059045
-0.0361676
-0.016722
-0.00361967
0.00466434
0.0086999
0.00804381
0.00664094
0.00679622
0.00451874
-0.0076711
-0.0316274
-0.0558148
-0.0620443
-0.0465553
-0.0237254
-0.00720258
0.000528104
0.0017866
-0.000362061
-0.00240044
-0.00214321
-0.00205531
-0.00747468
-0.0211856
-0.040036
-0.0557634
-0.059593
-0.049266
-0.0309993
-0.0140688
-0.0036143
0.000302502
0.000437551
-1.80615e-06
0.00047568
-1.11827e-05
-0.00491303
-0.0162043
-0.0321976
-0.047834
-0.0567409
-0.0548875
-0.0431936
-0.0272668
-0.0132431
-0.00434912
-0.000430173
0.000654182
0.00114791
0.00152542
-0.000221793
-0.00680137
-0.0192071
-0.0353407
-0.0505381
-0.0594331
-0.0585888
-0.048147
-0.0320077
-0.0154404
-0.00227648
0.00634916
0.0110535
0.0121576
0.00797059
-0.00386731
-0.0238715
-0.0491423
-0.0741976
-0.0929856
-0.100831
-0.0959553
-0.0799891
-0.0576721
-0.0347396
-0.0156402
-0.00242905
0.00460578
0.00581107
0.00163471
-0.00720748
-0.0196898
-0.0346112
-0.0505653
-0.0656752
-0.0774914
-0.0834604
-0.0819663
-0.0732491
-0.059489
-0.0438635
-0.0292623
-0.0174194
-0.00881249
-0.00312977
0.000206037
0.00177026
0.00208043
0.00155289
0.000460571
-0.00108495
-0.0030503
-0.00533028
-0.00760728
-0.00935965
-0.0100584
-0.00948911
-0.0078913
-0.00582568
-0.00384925
-0.00227638
-0.00115958
-0.000419011
2.65342e-05
0.000220239
0.000200859
3.64933e-05
-0.000190073
-0.000414462
-0.00060724
-0.000765072
-0.000891926
-0.000985774
-0.00103795
-0.00103834
-0.000985293
-0.000883752
-0.000751037
-0.000599482
-0.000453478
-0.000311887
-0.000201779
-0.000100812
-3.33013e-05
2.46369e-07
0.000108914
-0.000110287
0.087947
0.087605
0.0863696
0.0838724
0.0788641
0.0692678
0.0516514
0.0203568
-0.0288079
-0.103805
-0.171779
-0.193704
-0.203278
-0.184118
-0.129547
-0.0682603
-0.0175338
0.0130857
0.0164312
-0.00624804
-0.0354853
-0.0483144
-0.0407534
-0.024562
-0.00943638
0.0019063
0.0100922
0.0157952
0.0183679
0.0192314
0.0197368
0.0167403
0.00504433
-0.0168306
-0.0382369
-0.043378
-0.0302337
-0.0119098
0.00114708
0.00757698
0.00916092
0.00793194
0.00644417
0.00665411
0.00664222
0.00166378
-0.0110571
-0.0286656
-0.0433283
-0.0469636
-0.0377164
-0.021408
-0.00631655
0.00308458
0.00673667
0.00699408
0.00664559
0.00705102
0.00653993
0.00188449
-0.0088854
-0.024222
-0.0392462
-0.0478106
-0.0461308
-0.0351732
-0.0202587
-0.00709222
0.00133636
0.00511592
0.00617795
0.00660823
0.00691612
0.00521914
-0.00110378
-0.0131071
-0.0288368
-0.0437843
-0.0527017
-0.0521907
-0.0423509
-0.0269373
-0.0110471
0.00158555
0.00977739
0.0140836
0.0149612
0.0109931
-0.000102328
-0.0191179
-0.0435992
-0.0683536
-0.08736
-0.0957866
-0.0916537
-0.076394
-0.0545989
-0.0319724
-0.0130488
3.15626e-05
0.00700374
0.00826961
0.00421744
-0.00458801
-0.0172577
-0.0326128
-0.0491528
-0.0648417
-0.0770911
-0.0832857
-0.0818341
-0.0730156
-0.0590583
-0.043185
-0.0283247
-0.0162434
-0.00744217
-0.00161838
0.00180146
0.00337668
0.00359858
0.0028923
0.00156189
-0.000234272
-0.00242488
-0.00487009
-0.00721989
-0.00894453
-0.00955378
-0.00891799
-0.0073392
-0.00538793
-0.00357754
-0.00216896
-0.00118352
-0.000532275
-0.000132154
5.91311e-05
7.25196e-05
-4.36388e-05
-0.000226254
-0.000420858
-0.000596728
-0.000743653
-0.000859621
-0.000940898
-0.000981075
-0.000974243
-0.000921316
-0.000827969
-0.000709008
-0.000574876
-0.000444619
-0.000318775
-0.000216063
-0.000125581
-5.41718e-05
-2.67242e-05
7.97444e-05
-9.67728e-05
0.0829174
0.0823264
0.0802584
0.0765973
0.0701371
0.059065
0.0408146
0.0112948
-0.0311639
-0.0898691
-0.143631
-0.164075
-0.171404
-0.156477
-0.11559
-0.0680938
-0.0272913
-0.00132518
0.00475896
-0.00788288
-0.0259218
-0.0339662
-0.0284533
-0.0163211
-0.00407842
0.00594677
0.0138414
0.0202611
0.024987
0.0280923
0.0294942
0.0261566
0.0145223
-0.00517421
-0.0229688
-0.0265201
-0.0157981
-0.00187185
0.00803476
0.0133039
0.0151715
0.0148351
0.0139593
0.0142233
0.014244
0.00998567
-0.00126324
-0.0171136
-0.0304234
-0.033936
-0.0260965
-0.0121166
0.000842222
0.00899054
0.0122669
0.0125926
0.0123056
0.0126554
0.0122576
0.00815788
-0.00163959
-0.0158393
-0.0298749
-0.0379359
-0.0365316
-0.0266259
-0.0131171
-0.00115806
0.00654419
0.0100065
0.0109293
0.0112372
0.0115039
0.0100324
0.00430404
-0.00684777
-0.0217149
-0.0360491
-0.0448034
-0.044664
-0.035691
-0.0214286
-0.00668833
0.0049983
0.0124525
0.0161706
0.0167465
0.0131102
0.00313309
-0.0142541
-0.0371616
-0.0608718
-0.0795669
-0.0883811
-0.0851691
-0.0711371
-0.0506117
-0.0290937
-0.0110296
0.00144535
0.00809575
0.00936949
0.00559417
-0.00284888
-0.0152594
-0.0305275
-0.0470954
-0.0628244
-0.0750706
-0.0812393
-0.0798071
-0.0710849
-0.0572932
-0.0416149
-0.026929
-0.0149682
-0.00623181
-0.000431701
0.00299044
0.00456939
0.00475489
0.00394277
0.00244281
0.000459087
-0.00188339
-0.00440205
-0.00672913
-0.00835469
-0.00885355
-0.00817619
-0.00667019
-0.00488588
-0.00327483
-0.00204287
-0.00118844
-0.000623187
-0.000268962
-8.59745e-05
-4.88189e-05
-0.000123017
-0.000261834
-0.000421512
-0.00057342
-0.000703896
-0.000806936
-0.000877431
-0.000910189
-0.000901595
-0.000853553
-0.000771623
-0.000667965
-0.000551385
-0.000436461
-0.000325307
-0.000230006
-0.000148356
-7.53496e-05
-4.9253e-05
4.97932e-05
-7.65988e-05
0.078131
0.0773366
0.0745919
0.0700273
0.0625262
0.0505674
0.0322987
0.00489385
-0.0319933
-0.0789379
-0.122093
-0.141337
-0.147999
-0.136312
-0.104889
-0.0675184
-0.0344205
-0.0120613
-0.00434067
-0.0103077
-0.0206739
-0.024864
-0.0200438
-0.0103613
-0.00013117
0.00881736
0.0163043
0.0227999
0.0284072
0.0328517
0.0350303
0.03184
0.0205929
0.00355726
-0.0100408
-0.0119194
-0.00383815
0.00616325
0.0134955
0.017807
0.0198607
0.0203147
0.020103
0.0205203
0.0206108
0.0171215
0.00755914
-0.00624375
-0.0180573
-0.0214985
-0.0151955
-0.00362857
0.00713853
0.013979
0.0168444
0.0172327
0.0170122
0.0173164
0.0170937
0.0137265
0.00520517
-0.0075076
-0.0202764
-0.0277287
-0.0266932
-0.0180666
-0.00621138
0.00433502
0.0111601
0.0142061
0.0149289
0.0150802
0.0153104
0.0141654
0.00926351
-0.000698698
-0.0143401
-0.0277654
-0.0362014
-0.0364587
-0.0285554
-0.0157625
-0.00250909
0.00795247
0.0144804
0.0174996
0.0177116
0.014435
0.00577945
-0.00954396
-0.0302702
-0.0523121
-0.0702209
-0.0792166
-0.0770298
-0.0646182
-0.0459474
-0.0261717
-0.00950535
0.00199682
0.0081185
0.00933045
0.00592454
-0.00189634
-0.0136475
-0.0283475
-0.0444406
-0.059747
-0.0716324
-0.0775807
-0.0761667
-0.067727
-0.0544251
-0.0393271
-0.0251845
-0.0136455
-0.00519388
0.00043251
0.00376514
0.00531596
0.00549572
0.00464692
0.00305851
0.000964497
-0.00145228
-0.00395889
-0.00617832
-0.00764383
-0.00801895
-0.00732608
-0.00593789
-0.00435685
-0.00296104
-0.00190558
-0.00117534
-0.00068984
-0.000379926
-0.000209544
-0.000157138
-0.00019786
-0.000297668
-0.000422768
-0.000548365
-0.00065992
-0.000749254
-0.000810301
-0.000838343
-0.000830712
-0.000789373
-0.000719288
-0.00063017
-0.00052954
-0.000428333
-0.000330107
-0.000241663
-0.000167439
-9.40456e-05
-6.74709e-05
2.50481e-05
-5.95405e-05
0.0736683
0.0727134
0.0694335
0.0641928
0.0559786
0.0435685
0.025667
0.000430839
-0.0317872
-0.0701165
-0.105223
-0.122571
-0.128386
-0.119441
-0.0954433
-0.0660604
-0.0391126
-0.0198774
-0.0113421
-0.0127681
-0.0177611
-0.0190758
-0.0144177
-0.00621715
0.0026397
0.0107329
0.0177816
0.0240511
0.0296766
0.0344273
0.0368782
0.0342293
0.0247525
0.0113228
0.00137356
3.1122e-05
0.00538146
0.0122793
0.0177096
0.0212588
0.0233563
0.0244038
0.0248521
0.0255234
0.0256897
0.0228364
0.0148723
0.00312405
-0.00718036
-0.0105069
-0.00560811
0.00372334
0.0124284
0.0180194
0.0204851
0.0209494
0.0208249
0.0211012
0.0210569
0.0184637
0.0113513
0.000317837
-0.0110243
-0.0178238
-0.0172237
-0.00998163
0.000141278
0.00921836
0.0151152
0.017711
0.0182218
0.0182105
0.0183952
0.0176068
0.0136469
0.00508126
-0.0070887
-0.0193944
-0.0273966
-0.0280625
-0.0213582
-0.0102272
0.00135294
0.0104501
0.0159727
0.0182595
0.018073
0.0151187
0.0078202
-0.00523439
-0.0233945
-0.0433091
-0.0600434
-0.0690179
-0.0678846
-0.0573411
-0.0409204
-0.0233195
-0.00841246
0.00188129
0.00734378
0.00842768
0.0054178
-0.00161846
-0.0123983
-0.0261197
-0.0413092
-0.055817
-0.0670727
-0.0726728
-0.0713002
-0.0633123
-0.0507709
-0.0365575
-0.0232353
-0.0123371
-0.00432856
0.00101043
0.00417082
0.00564628
0.00582519
0.0049957
0.00340612
0.00129451
-0.00111031
-0.00352714
-0.00557592
-0.00684686
-0.0071024
-0.00642919
-0.00519587
-0.0038367
-0.00265524
-0.00176575
-0.00114842
-0.00073472
-0.000466054
-0.00031055
-0.000249822
-0.000265666
-0.000333508
-0.000427919
-0.000528416
-0.000621131
-0.000697029
-0.000749507
-0.000773938
-0.000767928
-0.000733041
-0.000673482
-0.000596847
-0.00050971
-0.000420055
-0.000332734
-0.000250271
-0.000182321
-0.000108914
-8.19745e-05
8.08806e-06
-5.0374e-05
0.0695927
0.068514
0.0648222
0.0590905
0.0504143
0.0378447
0.0205152
-0.00268336
-0.0310531
-0.0630206
-0.0920988
-0.10782
-0.113394
-0.106737
-0.0881571
-0.0647047
-0.0424476
-0.025631
-0.0166479
-0.0150003
-0.0162526
-0.0153808
-0.0105846
-0.00327994
0.004603
0.0119871
0.0185781
0.0245069
0.0298186
0.0343285
0.0367866
0.0350175
0.0279533
0.0179365
0.010377
0.00875621
0.0120202
0.016804
0.0209156
0.0238539
0.0258543
0.0272354
0.0282373
0.0292301
0.0295074
0.0270976
0.0203867
0.0104277
0.00159129
-0.00143163
0.00239339
0.00980113
0.0166876
0.0211662
0.0232643
0.0238065
0.0238128
0.0240953
0.0242022
0.022308
0.0165621
0.00722718
-0.00265855
-0.0088181
-0.00866804
-0.00276826
0.00571353
0.0133928
0.0183874
0.0205446
0.0208665
0.0207137
0.020842
0.0203826
0.0173668
0.0102647
-0.000319304
-0.011391
-0.0188908
-0.0199632
-0.0145055
-0.00509176
0.00478189
0.0125048
0.0170353
0.0186208
0.0180372
0.0153323
0.00928662
-0.00152107
-0.0169788
-0.0345085
-0.0497976
-0.0585687
-0.0584454
-0.0498653
-0.0358856
-0.0206741
-0.00769853
0.00128783
0.00604384
0.00695988
0.00431787
-0.00188235
-0.0115089
-0.0239571
-0.0379121
-0.0513366
-0.0617756
-0.0669592
-0.0656734
-0.0582817
-0.0467009
-0.0335743
-0.0212404
-0.0111065
-0.00362875
0.00135693
0.0042893
0.0056459
0.00581212
0.00504063
0.0035325
0.00150348
-0.000796244
-0.00305451
-0.00489843
-0.00598126
-0.00615356
-0.00554549
-0.00449263
-0.00335525
-0.00237273
-0.00163124
-0.00111289
-0.000762202
-0.00053073
-0.000390746
-0.000326617
-0.000324819
-0.000367856
-0.000436932
-0.000515564
-0.000591223
-0.000654801
-0.000699491
-0.000720633
-0.00071586
-0.000686182
-0.000635089
-0.000568439
-0.000492135
-0.000411782
-0.000333373
-0.000255881
-0.000193265
-0.00011969
-9.34919e-05
-9.92624e-07
-4.99834e-05
0.0659528
0.0647817
0.0607813
0.0547063
0.0457538
0.0332142
0.016546
-0.00482766
-0.0300447
-0.0572514
-0.0817578
-0.0959141
-0.10113
-0.0962007
-0.0817294
-0.0628721
-0.0443491
-0.0296039
-0.0205584
-0.0169094
-0.0156
-0.0131222
-0.00808342
-0.00130104
0.00591439
0.0127425
0.0189114
0.0244781
0.0294333
0.0335844
0.0359481
0.0349264
0.0297846
0.0223067
0.0164252
0.014704
0.0167068
0.0201321
0.0233254
0.0257698
0.0275841
0.0290571
0.0303912
0.0316657
0.0321075
0.0300298
0.0242023
0.0156949
0.00828987
0.0057864
0.00882436
0.0146146
0.0199832
0.0235347
0.0253019
0.0258947
0.0260469
0.0263821
0.0266137
0.0252735
0.0207019
0.0129118
0.00438047
-0.00118527
-0.00142293
0.00332437
0.0103895
0.0168289
0.0209974
0.0227531
0.0229252
0.0226717
0.022743
0.0225497
0.0203842
0.0146775
0.00565974
-0.00416497
-0.0111426
-0.0126038
-0.00835275
-0.000574624
0.00769903
0.0141431
0.0177616
0.018722
0.0177795
0.0152443
0.0102546
0.00148038
-0.0113818
-0.0264894
-0.0402043
-0.0486286
-0.0494107
-0.0427423
-0.0311918
-0.0183696
-0.00731493
0.00039002
0.00446417
0.00520564
0.00287454
-0.00253433
-0.0109736
-0.022012
-0.0345385
-0.0467018
-0.056215
-0.0609582
-0.0598118
-0.0531146
-0.0426002
-0.0306438
-0.0193496
-0.0100089
-0.00308175
0.00153164
0.004214
0.00542798
0.0055676
0.0048752
0.00351099
0.0016508
-0.000463876
-0.00251716
-0.00415675
-0.00509445
-0.00524021
-0.00473455
-0.0038675
-0.0029335
-0.00212389
-0.00150817
-0.00107367
-0.000776758
-0.00057771
-0.000452588
-0.000388176
-0.00037439
-0.000398979
-0.000448188
-0.000508911
-0.000570111
-0.000623008
-0.000660802
-0.000678803
-0.000674602
-0.000648687
-0.000603964
-0.000544908
-0.000476976
-0.000403856
-0.000332544
-0.000259007
-0.000200929
-0.00012679
-0.000102682
-3.53863e-06
-5.68816e-05
0.0627849
0.0615465
0.0573214
0.0510154
0.0419167
0.0295149
0.0135112
-0.00629489
-0.0289753
-0.0526248
-0.0737175
-0.0865949
-0.0916767
-0.088177
-0.0767772
-0.0613619
-0.045662
-0.0324961
-0.0234738
-0.0184645
-0.015363
-0.0116979
-0.00639881
6.90425e-05
0.00680596
0.0131874
0.0189788
0.0242005
0.0288262
0.0326569
0.0349058
0.0343708
0.0305656
0.0248982
0.0202921
0.0187112
0.0200016
0.0225596
0.0251092
0.0271602
0.02876
0.0301657
0.0315878
0.0329917
0.0335739
0.0318229
0.0267706
0.0195538
0.013461
0.0114512
0.0137965
0.0182585
0.0224421
0.0252695
0.026742
0.0273324
0.0276077
0.0280339
0.0283832
0.0274469
0.0237741
0.0172375
0.00985068
0.00483018
0.00435222
0.00823369
0.0141628
0.0195554
0.0230016
0.0244038
0.0244641
0.0241569
0.0241866
0.0241874
0.0227135
0.018219
0.0106218
0.00195827
-0.00452465
-0.00633608
-0.00316304
0.00318493
0.0100742
0.0154066
0.0182315
0.0186663
0.0174307
0.0150001
0.0108304
0.00374627
-0.00683047
-0.01969
-0.0318544
-0.0398453
-0.0413848
-0.0364457
-0.027128
-0.0165038
-0.00720419
-0.000656188
0.00281
0.00339146
0.00131003
-0.00341249
-0.0107569
-0.0204188
-0.031491
-0.0423486
-0.0509119
-0.0552278
-0.054253
-0.0482718
-0.0388163
-0.0279908
-0.0176803
-0.0090813
-0.00267004
0.00158896
0.00402805
0.00509872
0.00520573
0.00459813
0.00340462
0.00175751
-0.00013279
-0.00197076
-0.00343363
-0.00427611
-0.00443612
-0.00404348
-0.00334429
-0.0025816
-0.0019136
-0.00140032
-0.00103459
-0.000782303
-0.000610655
-0.000498952
-0.000436044
-0.000414445
-0.000425753
-0.000459966
-0.000506663
-0.000556186
-0.000600233
-0.000632137
-0.0006472
-0.000642988
-0.000619563
-0.000579395
-0.000525895
-0.000464239
-0.000396582
-0.000330796
-0.000260289
-0.000206051
-0.000130943
-0.000110039
-1.48212e-06
-6.85491e-05
0.0601152
0.0588295
0.0544456
0.0479916
0.0388325
0.0266176
0.0112271
-0.00728035
-0.0279575
-0.0489541
-0.0674977
-0.0793033
-0.0842189
-0.0817464
-0.0725984
-0.0597684
-0.0462496
-0.0343839
-0.0255309
-0.0196826
-0.0153867
-0.010879
-0.005342
0.000952212
0.00736364
0.0134079
0.0188898
0.0238163
0.0281625
0.0317378
0.0338908
0.0336963
0.0308299
0.0264363
0.0227781
0.0214148
0.0223097
0.0243111
0.0264072
0.0281494
0.0295461
0.0308214
0.0321836
0.0335744
0.0342294
0.0328147
0.028555
0.02251
0.0174442
0.0156984
0.017425
0.020889
0.0242193
0.0265117
0.0277281
0.0282615
0.0286042
0.0291249
0.029597
0.0289621
0.0259273
0.0203091
0.0138174
0.00930721
0.00876492
0.0120507
0.0170962
0.0216358
0.0244791
0.0255799
0.0255525
0.0252285
0.0252439
0.0253809
0.0244186
0.0208799
0.0144584
0.0067854
0.000733748
-0.0013617
0.00093783
0.00614666
0.0119275
0.0163478
0.0185122
0.0185255
0.0170724
0.0147074
0.0111303
0.005339
-0.00339347
-0.014347
-0.0251264
-0.0326648
-0.0347921
-0.0313038
-0.0238795
-0.0151176
-0.00729635
-0.00171656
0.00124233
0.00168628
-0.000200001
-0.00436329
-0.0107824
-0.0192356
-0.0289886
-0.0386385
-0.04632
-0.0502486
-0.0494426
-0.0441156
-0.0356033
-0.0257661
-0.0163028
-0.00833796
-0.00237129
0.00157611
0.00379813
0.00474133
0.00482085
0.00429201
0.00326111
0.00182146
0.000146149
-0.0014989
-0.00282015
-0.00360055
-0.00378707
-0.00349343
-0.00292952
-0.00230091
-0.00174301
-0.00130987
-0.000998646
-0.000782163
-0.000632825
-0.000532576
-0.000471974
-0.000445519
-0.000447556
-0.000470819
-0.000506937
-0.000547415
-0.000584441
-0.000611531
-0.000624009
-0.000619436
-0.000597553
-0.000560531
-0.000510974
-0.000453902
-0.000390259
-0.000328676
-0.000260395
-0.000209343
-0.000132982
-0.000115902
3.20974e-06
-8.23155e-05
0.0579623
0.0566444
0.0521524
0.0456085
0.0364393
0.024417
0.0095496
-0.00793035
-0.0270788
-0.0461402
-0.0628356
-0.0738237
-0.0786546
-0.076982
-0.0694915
-0.0585568
-0.0466391
-0.035729
-0.027022
-0.0206128
-0.0154917
-0.0103814
-0.00464946
0.0015425
0.00772377
0.013511
0.0187447
0.0234306
0.0275519
0.0309314
0.0330155
0.0330636
0.0308549
0.027353
0.0243813
0.0232204
0.0239004
0.0255485
0.0273302
0.0288371
0.0300606
0.0312032
0.0324642
0.0337822
0.0344626
0.0333334
0.0297357
0.0245927
0.0202435
0.0186322
0.0199214
0.0227172
0.0254704
0.0273809
0.0283848
0.028831
0.0291814
0.0297609
0.0303403
0.0299432
0.0273703
0.022415
0.0166113
0.0125574
0.0120487
0.0149112
0.0192758
0.0231516
0.0255215
0.0263753
0.026271
0.0259461
0.0259721
0.0262099
0.0255994
0.0227456
0.0172036
0.0102964
0.00459315
0.00230628
0.00397891
0.00836332
0.0133158
0.017024
0.0186602
0.0183483
0.016747
0.0144308
0.0112578
0.00637721
-0.000997498
-0.0104853
-0.0201503
-0.0272813
-0.0298305
-0.0274513
-0.0214942
-0.0141781
-0.00750456
-0.00267867
-0.00011924
0.000210904
-0.00152902
-0.0052599
-0.0109509
-0.0184348
-0.0271106
-0.0357604
-0.0427059
-0.046309
-0.0456385
-0.04084
-0.033083
-0.0240309
-0.0152363
-0.00777251
-0.00216231
0.00152893
0.0035704
0.0044098
0.00447135
0.00401014
0.00311458
0.00184631
0.000346691
-0.00114452
-0.00235689
-0.00309213
-0.00330022
-0.00308072
-0.00261649
-0.00208655
-0.00161031
-0.00123743
-0.000967788
-0.000778972
-0.000647098
-0.000556149
-0.000498029
-0.000468728
-0.000464505
-0.000480041
-0.000508472
-0.000542217
-0.000573895
-0.000597213
-0.000607534
-0.000602431
-0.000581424
-0.000546486
-0.000499636
-0.000445811
-0.000385028
-0.000326549
-0.000259844
-0.000211352
-0.000133661
-0.000120464
8.82938e-06
-9.58551e-05
0.0563387
0.055
0.050438
0.043843
0.0346881
0.0228336
0.00837565
-0.0083417
-0.0263848
-0.0440912
-0.0594964
-0.0698781
-0.0746294
-0.0734919
-0.0671328
-0.0575118
-0.0467324
-0.0365351
-0.0279933
-0.0212646
-0.0156278
-0.0101206
-0.00424392
0.00189515
0.00792717
0.0135355
0.0185888
0.0230973
0.0270539
0.0302947
0.032334
0.0325505
0.0307857
0.0278842
0.0253856
0.0243907
0.0249591
0.0263876
0.0279579
0.0292943
0.0303833
0.0314168
0.0325889
0.0338352
0.0345157
0.0335713
0.0304182
0.0258844
0.0220226
0.0205243
0.0215565
0.0239356
0.0263144
0.0279623
0.028804
0.0291639
0.0294887
0.030088
0.0307399
0.0305217
0.0282963
0.0238388
0.0185573
0.0148517
0.0143702
0.0169168
0.0207859
0.0241868
0.0262153
0.02688
0.0267052
0.0263761
0.0264212
0.0267374
0.0263638
0.0239678
0.0190265
0.0126575
0.00721706
0.00483087
0.00610697
0.00993822
0.0143056
0.0174865
0.0187229
0.0181715
0.0164753
0.0142009
0.0112917
0.00700363
0.000535932
-0.00794062
-0.016809
-0.0236248
-0.0264448
-0.0248304
-0.0199006
-0.0136036
-0.00774519
-0.00346083
-0.00119425
-0.000952187
-0.00258874
-0.00600475
-0.0111623
-0.0179335
-0.0258136
-0.0337212
-0.0401174
-0.0434734
-0.0428937
-0.0384751
-0.0312636
-0.0227785
-0.0144672
-0.00736756
-0.00202112
0.00147565
0.00337859
0.0041402
0.00419172
0.00378394
0.00299012
0.0018481
0.000476598
-0.000903233
-0.00203689
-0.00273849
-0.00295991
-0.00279054
-0.00239452
-0.00193279
-0.0015137
-0.00118357
-0.000943786
-0.000775014
-0.000655888
-0.000571882
-0.000515901
-0.00048499
-0.000476697
-0.000487026
-0.00051016
-0.00053918
-0.000567043
-0.000587618
-0.000596309
-0.000590709
-0.000570185
-0.000536589
-0.000491528
-0.000439909
-0.000381071
-0.000324772
-0.000259113
-0.000212551
-0.000133638
-0.000123853
1.40571e-05
-0.000107371
0.0552524
0.0539015
0.049298
0.0426768
0.0335413
0.021809
0.00763101
-0.00858287
-0.0259093
-0.0427568
-0.0573488
-0.0673396
-0.0720497
-0.0712723
-0.065635
-0.0568546
-0.0467989
-0.0370513
-0.0286146
-0.0216905
-0.015734
-0.00997611
-0.00400265
0.00210773
0.00804559
0.0135365
0.0184691
0.0228589
0.0267067
0.0298584
0.0318705
0.032193
0.0307031
0.0281725
0.0259717
0.0250926
0.0256075
0.0269093
0.0283488
0.0295735
0.0305705
0.0315276
0.0326368
0.0338304
0.034502
0.0336632
0.0307774
0.0266159
0.0230581
0.0216483
0.0225451
0.0246841
0.0268371
0.0283184
0.0290506
0.0293458
0.0296428
0.0302442
0.030937
0.0308345
0.0288404
0.0247154
0.0197778
0.0162941
0.0158218
0.0181658
0.0217234
0.0248261
0.026636
0.0271721
0.0269413
0.0266021
0.0266596
0.0270287
0.0268054
0.024696
0.0201323
0.0141079
0.0088471
0.00642014
0.00747029
0.0109594
0.014947
0.0177745
0.0187388
0.0180268
0.0162735
0.0140309
0.0112811
0.00734138
0.00141071
-0.00645665
-0.0148328
-0.0214404
-0.0244067
-0.0232466
-0.0189452
-0.0132827
-0.00794012
-0.00400506
-0.00193232
-0.0017521
-0.00332341
-0.00653386
-0.0113425
-0.0176488
-0.0250112
-0.0324359
-0.0384737
-0.0416643
-0.0411353
-0.0369543
-0.0300893
-0.0219672
-0.0139673
-0.00710482
-0.0019337
0.0014309
0.00323928
0.00394939
0.00399661
0.00362631
0.00290012
0.00184015
0.000551267
-0.000756691
-0.00183895
-0.00251733
-0.00274526
-0.002606
-0.00225209
-0.00183316
-0.00145043
-0.00114782
-0.000927459
-0.000771796
-0.000661047
-0.000581669
-0.000527241
-0.000495487
-0.000484754
-0.000491861
-0.000511652
-0.000537641
-0.000563019
-0.000581771
-0.000589338
-0.000583334
-0.000563033
-0.00053022
-0.000486243
-0.000435994
-0.000378371
-0.000323469
-0.000258459
-0.0002132
-0.00013338
-0.000126109
1.79467e-05
-0.000115624
0.054708
0.0533518
0.0487288
0.0420971
0.0329742
0.0213062
0.00727044
-0.00869302
-0.0256668
-0.042097
-0.056295
-0.0660913
-0.0707774
-0.0701666
-0.0648736
-0.0564949
-0.0467919
-0.0372703
-0.0288962
-0.0218909
-0.0157912
-0.00991808
-0.00389843
0.00219962
0.00809295
0.0135268
0.0183998
0.022731
0.0265261
0.0296358
0.0316369
0.0320123
0.0306552
0.0283023
0.0262448
0.0254238
0.0259161
0.0271584
0.0285343
0.029703
0.0306525
0.0315699
0.032647
0.0338146
0.0344815
0.0336935
0.0309363
0.0269531
0.0235411
0.0221765
0.0230126
0.02504
0.0270854
0.0284849
0.0291612
0.0294216
0.0297031
0.0303053
0.0310197
0.0309745
0.0290906
0.025123
0.0203504
0.016976
0.016511
0.0187595
0.022169
0.0251288
0.0268319
0.0273021
0.0270387
0.0266898
0.0267512
0.0271466
0.0269986
0.0250345
0.0206644
0.0148179
0.00965168
0.00720768
0.00814854
0.0114678
0.0152643
0.017912
0.018737
0.0179426
0.0161606
0.0139346
0.0112608
0.00748391
0.00180382
-0.00577797
-0.0139213
-0.0204274
-0.0234576
-0.0225068
-0.0185017
-0.0131427
-0.0080496
-0.00428516
-0.00230833
-0.00215941
-0.00369867
-0.00680691
-0.0114424
-0.0175189
-0.0246259
-0.0318125
-0.0376733
-0.0407814
-0.0402751
-0.0362086
-0.0295125
-0.0215677
-0.0137202
-0.00697453
-0.00189085
0.00140681
0.00316692
0.00385093
0.00389654
0.00354569
0.00285376
0.00183477
0.00058675
-0.000685846
-0.00174291
-0.00240992
-0.002641
-0.00251637
-0.00218294
-0.00178486
-0.00141989
-0.00113076
-0.000919896
-0.000770602
-0.000663865
-0.000586647
-0.000532881
-0.000500642
-0.000488664
-0.000494162
-0.000512298
-0.000536795
-0.000560958
-0.000578829
-0.000585865
-0.000579685
-0.000559517
-0.000527108
-0.000483677
-0.000434112
-0.000377086
-0.000322874
-0.000258161
-0.000213564
-0.000133219
-0.000127312
1.99975e-05
-0.00011993
-0.473301
-0.228807
-0.122351
-0.473301
-0.228807
-0.358729
-0.365539
-0.451179
-0.358725
-0.365538
0.153277
0.431249
0.338758
0.351665
0.153277
0.431249
0.338758
-0.0887142
-0.356692
-0.356691
-0.335506
-0.352627
-0.357289
-0.346628
-0.335503
-0.352629
-0.357286
0.494674
0.443978
0.494674
-0.376609
-0.426984
-0.376607
-0.426983
0.421096
0.491375
0.421096
-0.44823
-0.491812
-0.448229
-0.491813
0.264882
0.309497
0.0627867
0.39951
0.264882
0.309497
0.0627866
-0.213952
-0.213952
-0.507532
-0.507532
-0.501422
-0.49657
-0.507388
-0.491702
-0.501422
-0.496569
-0.507388
-0.235356
-0.658953
-0.366476
-0.235356
-0.658953
-0.522483
-0.641509
-0.513703
-0.522482
-0.641507
-0.513703
-0.28163
-0.149796
-0.354796
-0.103055
-0.28163
-0.149796
-0.354796
-0.322112
-0.427918
-0.350022
-0.338812
-0.322109
-0.427915
-0.350019
0.127347
0.284683
0.136455
0.214212
0.127347
0.284683
0.136455
-0.439018
-0.452019
-0.425367
-0.477087
-0.426189
-0.477337
-0.438862
-0.301365
-0.345113
-0.327915
-0.341554
-0.301361
-0.345111
-0.327913
-0.0814234
-0.351627
-0.346439
-0.346263
-0.34631
-0.346214
-0.346199
-0.351749
-0.379594
-0.366726
-0.366637
-0.379624
-0.452976
-0.434574
-0.434384
-0.453246
-0.488801
-0.487884
-0.475599
-0.49894
-0.475267
-0.502023
-0.488109
0.047686
0.160166
0.0483028
0.236059
0.047686
0.160166
0.0483029
-0.525644
-0.363894
-0.269128
-0.271716
-0.529489
-0.507551
-0.490126
-0.50552
-0.498124
-0.507551
-0.490126
-0.505521
-0.510195
-0.201373
-0.420542
-0.263958
-0.510196
-0.201373
-0.420542
-0.514185
-0.489286
-0.478996
-0.605885
-0.514185
-0.489286
-0.478996
-0.364945
-0.474958
-0.352831
-0.496838
-0.353842
-0.49804
-0.364204
-0.362513
-0.226418
-0.143076
-0.145258
-0.365764
-0.364946
-0.474956
-0.352833
-0.496837
-0.353842
-0.498038
-0.364205
-0.362512
-0.226418
-0.143076
-0.145257
-0.365764
-0.379308
-0.36548
-0.36453
-0.364552
-0.379577
-0.439017
-0.452016
-0.425365
-0.477085
-0.426186
-0.477336
-0.438859
-0.379307
-0.36548
-0.364528
-0.364552
-0.379574
0.352937
0.151806
0.285853
0.13922
0.285215
0.137628
0.354446
0.40003
0.357328
0.232255
0.45864
0.204058
0.462578
0.402507
0.352937
0.151806
0.285853
0.13922
0.285215
0.137628
0.354446
0.40003
0.357328
0.232255
0.45864
0.204058
0.462578
0.402507
-0.0814232
-0.356545
-0.356544
-0.355756
-0.353492
-0.347793
-0.366044
-0.347215
-0.365961
-0.35599
-0.351628
-0.34644
-0.346262
-0.346309
-0.346216
-0.3462
-0.351748
-0.355757
-0.353494
-0.347793
-0.366043
-0.347216
-0.365961
-0.355989
0.550689
0.48696
0.489999
0.548721
0.584543
0.599652
0.600769
0.583161
0.550689
0.48696
0.489999
0.548721
0.584542
0.599652
0.600769
0.583161
-0.395462
-0.414322
-0.414181
-0.395545
-0.379593
-0.366724
-0.366636
-0.379622
-0.39546
-0.414321
-0.414179
-0.395544
0.565493
0.593176
0.594342
0.56394
0.52018
0.443762
0.447281
0.517881
0.565493
0.593176
0.594342
0.56394
0.52018
0.443762
0.447281
0.517881
-0.467149
-0.481653
-0.481276
-0.467522
-0.452973
-0.434573
-0.434382
-0.453245
-0.467146
-0.481651
-0.481273
-0.467521
0.347132
0.286034
0.411615
0.148333
0.416158
0.115592
0.350051
0.29547
0.0615507
0.0454356
0.22207
0.0435315
0.221222
0.29738
0.347132
0.286035
0.411615
0.148333
0.416158
0.115593
0.350051
0.29547
0.0615508
0.0454357
0.22207
0.0435318
0.221222
0.29738
-0.205611
-0.20561
-0.50771
-0.507709
-0.48975
-0.497491
-0.504127
-0.483679
-0.503956
-0.483796
-0.489652
-0.488798
-0.487882
-0.475598
-0.498939
-0.475264
-0.502021
-0.488108
-0.489748
-0.49749
-0.504127
-0.483679
-0.503954
-0.483794
-0.489652
-0.531987
-0.661095
-0.688939
-0.513922
-0.690397
-0.515173
-0.531226
-0.525643
-0.363893
-0.269128
-0.271716
-0.529488
-0.531989
-0.661095
-0.688939
-0.513924
-0.690396
-0.515174
-0.531228
-0.541737
-0.522578
-0.51826
-0.518616
-0.54181
-0.621322
-0.642694
-0.672334
-0.603251
-0.672746
-0.604492
-0.620912
-0.541737
-0.522577
-0.51826
-0.518615
-0.541809
-0.621322
-0.642692
-0.672333
-0.603253
-0.672744
-0.604493
-0.620913
-0.362215
-0.123222
-0.313693
-0.139957
-0.313553
-0.142033
-0.363182
0.342092
0.311898
0.382488
0.287192
0.342092
0.311898
0.382488
-0.303224
-0.356894
-0.363645
-0.329129
-0.303223
-0.356892
-0.363644
0.411793
0.334237
0.425357
0.327122
0.411792
0.334237
0.425357
0.545846
0.445243
0.52248
0.477367
0.524003
0.478474
0.544572
-0.412976
-0.435499
-0.472293
-0.394775
-0.412975
-0.435498
-0.472292
0.420949
0.317121
0.399062
0.330964
0.420949
0.317121
0.399062
0.554552
0.492521
0.567714
0.479077
0.568927
0.480272
0.553307
-0.554453
-0.525174
-0.586878
-0.487149
-0.554453
-0.525174
-0.586878
0.361496
0.2654
0.314054
0.296138
0.361496
0.2654
0.314054
-0.656849
-0.574035
-0.634856
-0.561769
-0.656849
-0.574035
-0.634856
-0.498574
-0.486895
-0.497015
-0.487047
-0.497553
-0.477678
-0.477381
-0.362214
-0.123221
-0.313694
-0.139957
-0.313552
-0.142032
-0.363182
-0.381848
-0.358951
-0.371154
-0.371843
-0.371578
-0.371884
-0.381889
-0.381848
-0.358948
-0.371152
-0.37184
-0.371577
-0.371884
-0.381886
0.565541
0.495808
0.489219
0.571453
0.490376
0.572663
0.564309
0.545846
0.445243
0.52248
0.477367
0.524003
0.478474
0.544571
0.565541
0.495808
0.489219
0.571453
0.490375
0.572663
0.564309
-0.385407
-0.376637
-0.373351
-0.393525
-0.373504
-0.393488
-0.385389
-0.400399
-0.426867
-0.409871
-0.416811
-0.409789
-0.416723
-0.400445
-0.385406
-0.376634
-0.373348
-0.393523
-0.373502
-0.393486
-0.385386
-0.400398
-0.426864
-0.409869
-0.416809
-0.409786
-0.416721
-0.400443
0.527808
0.42244
0.461211
0.498111
0.462373
0.499683
0.526506
0.554553
0.492521
0.567714
0.479077
0.568927
0.480273
0.553307
0.527808
0.42244
0.461212
0.498112
0.462374
0.499683
0.526506
-0.450527
-0.448062
-0.434739
-0.462555
-0.434593
-0.462369
-0.450737
-0.465238
-0.491545
-0.479743
-0.47554
-0.479534
-0.475127
-0.465539
-0.450524
-0.448058
-0.434738
-0.462555
-0.43459
-0.462365
-0.450736
-0.465235
-0.491539
-0.479743
-0.47554
-0.47953
-0.475123
-0.465538
-0.523956
-0.236476
-0.260447
-0.461299
-0.263001
-0.461254
-0.525114
-0.523955
-0.236476
-0.260447
-0.461299
-0.263001
-0.461254
-0.525113
-0.545521
-0.514114
-0.533348
-0.532947
-0.533511
-0.533635
-0.545345
-0.54552
-0.514113
-0.533348
-0.532946
-0.533511
-0.533635
-0.545345
0.131125
0.118763
0.234706
0.114628
0.234017
0.17867
0.179202
0.131125
0.118763
0.234706
0.114628
0.234017
0.17867
0.179202
-0.345072
-0.346513
-0.345428
-0.346473
-0.345382
-0.338968
-0.338944
-0.345076
-0.34651
-0.345426
-0.346476
-0.345385
-0.338968
-0.338942
0.0416835
0.166174
0.0296864
0.165305
0.0249379
0.106543
0.107212
0.0416837
0.166174
0.0296863
0.165305
0.024938
0.106543
0.107212
-0.498573
-0.486896
-0.497014
-0.487045
-0.497551
-0.477676
-0.477382
0.0834622
0.171793
0.100052
0.124975
0.0834621
0.171793
0.100052
-0.259798
-0.324651
-0.325807
-0.299484
-0.259796
-0.324645
-0.325804
0.268249
0.264478
0.300135
0.229014
0.268249
0.264478
0.300135
-0.242126
-0.302659
-0.288889
-0.285001
-0.242126
-0.302656
-0.288888
0.266636
0.198418
0.229981
0.237906
0.266636
0.198418
0.229981
-0.671095
-0.573665
-0.639082
-0.58069
-0.671096
-0.573666
-0.639083
0.0225668
0.0664174
0.00688458
0.113977
0.0225668
0.0664175
0.00688462
-0.527158
-0.450106
-0.477445
-0.474922
-0.527159
-0.450106
-0.477445
)
;

boundaryField
{
    inlet
    {
        type            zeroGradient;
    }
    outlet
    {
        type            fixedValue;
        value           uniform 0;
    }
    top
    {
        type            symmetryPlane;
    }
    bottom
    {
        type            symmetryPlane;
    }
    front
    {
        type            symmetryPlane;
    }
    back
    {
        type            symmetryPlane;
    }
    cylinder
    {
        type            zeroGradient;
    }
}


// ************************************************************************* //
