/*--------------------------------*- C++ -*----------------------------------*\
  =========                 |
  \\      /  F ield         | OpenFOAM: The Open Source CFD Toolbox
   \\    /   O peration     | Website:  https://openfoam.org
    \\  /    A nd           | Version:  11
     \\/     M anipulation  |
\*---------------------------------------------------------------------------*/
FoamFile
{
    format      ascii;
    class       volScalarField;
    location    "15.062428";
    object      p;
}
// * * * * * * * * * * * * * * * * * * * * * * * * * * * * * * * * * * * * * //

dimensions      [0 2 -2 0 0 0 0];

internalField   nonuniform List<scalar> 
7132
(
0.109158
0.108093
0.104457
0.0991486
0.0917026
0.0818959
0.0697279
0.055279
0.0392018
0.0225213
0.00679656
-0.00613673
-0.0151619
-0.0196564
-0.0193753
-0.0148387
-0.00723477
0.00207006
0.0118439
0.0210898
0.0290647
0.035205
0.0392336
0.0413779
0.0424603
0.0434698
0.0450006
0.0470537
0.0493174
0.0514896
0.0534409
0.0552236
0.0569393
0.0585883
0.0598474
0.0600708
0.0587449
0.0561316
0.0533697
0.0516431
0.0513698
0.0521104
0.0531426
0.0539581
0.0544179
0.0546764
0.0549943
0.0555013
0.0558844
0.0553869
0.0533863
0.0501865
0.0471052
0.0454826
0.0456905
0.0470498
0.0485601
0.0495642
0.0499249
0.0498731
0.049766
0.0497927
0.049685
0.0487689
0.046537
0.0433507
0.0404772
0.039191
0.0398356
0.0416859
0.0436306
0.0449093
0.0453582
0.0452404
0.0449514
0.0446901
0.0442287
0.0430326
0.0407841
0.0379053
0.0354956
0.0345988
0.035482
0.037507
0.0396409
0.0410996
0.0416542
0.0415387
0.04116
0.0407411
0.0401017
0.0388007
0.0366226
0.0340018
0.0319147
0.0312534
0.0322488
0.0343665
0.0366889
0.0384315
0.039256
0.0392836
0.0388824
0.0383232
0.0375173
0.0360899
0.0338121
0.0310308
0.0286529
0.027615
0.0283044
0.0303656
0.0329596
0.0352271
0.0366242
0.0370278
0.0366494
0.0358094
0.0346334
0.0329069
0.0302632
0.0266373
0.0225688
0.0190381
0.0169289
0.0165481
0.017526
0.0190787
0.0204147
0.0210053
0.0206508
0.0194067
0.0174596
0.0150287
0.0123422
0.00968317
0.00744086
0.00606827
0.00591592
0.00705042
0.00919323
0.0118118
0.014301
0.0161323
0.0169078
0.0163319
0.0141644
0.01022
0.00447926
-0.00281677
-0.010866
-0.0186712
-0.0244421
-0.0278485
-0.0264674
-0.024573
-0.0148301
-0.0160794
0.00619028
-0.0218277
0.109587
0.108531
0.104929
0.099653
0.0922285
0.0824053
0.0701605
0.0555369
0.0391934
0.0221596
0.00607787
-0.00710252
-0.016275
-0.0208164
-0.0204407
-0.015671
-0.00775596
0.00186966
0.0119265
0.0213845
0.0294886
0.0356611
0.0396163
0.041598
0.0424919
0.0433593
0.0448275
0.0468798
0.0491736
0.0513876
0.0533835
0.0552123
0.0569722
0.058664
0.0599547
0.0601692
0.0587641
0.0560105
0.05311
0.0513117
0.0510492
0.05185
0.0529517
0.0538268
0.0543325
0.0546255
0.0549676
0.0554935
0.0558822
0.0553538
0.0532644
0.0499313
0.0467307
0.0450621
0.0453106
0.0467639
0.0483741
0.0494576
0.0498711
0.0498485
0.0497525
0.0497769
0.0496452
0.0486686
0.0463344
0.0430261
0.0400574
0.0387443
0.0394391
0.0413917
0.0434503
0.0448231
0.0453335
0.0452454
0.0449628
0.0446898
0.0441895
0.0429162
0.0405577
0.0375674
0.0350871
0.0341845
0.0351228
0.0372413
0.0394787
0.0410273
0.0416441
0.0415599
0.0411867
0.0407512
0.0400652
0.03868
0.0363911
0.0336662
0.0315215
0.0308678
0.031926
0.0341365
0.0365544
0.0383787
0.0392631
0.0393253
0.0389331
0.0383566
0.0374986
0.0359806
0.033586
0.0306934
0.0282472
0.0272073
0.0279569
0.0301184
0.0328205
0.0351813
0.0366481
0.0370979
0.0367429
0.0359004
0.034687
0.0328787
0.0301136
0.0263525
0.0221742
0.0185936
0.01651
0.0162215
0.0173327
0.0190258
0.0204795
0.0211476
0.0208253
0.0195707
0.0175745
0.0150604
0.0122656
0.00949192
0.00715571
0.00573681
0.00560121
0.00681342
0.00907732
0.0118349
0.0144552
0.0163896
0.0172262
0.0166622
0.0144524
0.0104093
0.00451467
-0.00297968
-0.0112515
-0.0192664
-0.0252032
-0.0286858
-0.0273036
-0.0252836
-0.015413
-0.0163991
0.0059582
-0.0217659
0.110441
0.109405
0.105872
0.100665
0.0932893
0.0834392
0.0710459
0.0560726
0.03919
0.0214307
0.00461807
-0.00905716
-0.0185184
-0.0231473
-0.0225723
-0.0173252
-0.00878031
0.00148978
0.0121139
0.0219981
0.0303611
0.0365964
0.0403973
0.042039
0.042538
0.043112
0.0444556
0.046511
0.0488688
0.0511668
0.0532506
0.0551695
0.057018
0.0587982
0.0601568
0.0603557
0.0587871
0.0557409
0.0525511
0.0506063
0.0503719
0.0513025
0.0525495
0.0535451
0.0541407
0.0544993
0.0548886
0.0554527
0.0558534
0.0552612
0.0529867
0.0493753
0.0459249
0.0441632
0.0445033
0.0461579
0.047978
0.049224
0.0497413
0.0497731
0.0496974
0.0497183
0.0495415
0.0484434
0.0458982
0.0423375
0.0391737
0.0378072
0.0386075
0.0407724
0.0430651
0.044629
0.0452603
0.0452277
0.0449558
0.044661
0.0440866
0.0426613
0.0400833
0.0368702
0.0342489
0.0333365
0.0343879
0.0366961
0.0391405
0.0408667
0.0416042
0.0415791
0.0412163
0.0407494
0.0399711
0.0384162
0.0359025
0.032967
0.0307064
0.0300709
0.0312617
0.033664
0.0362761
0.0382634
0.0392652
0.0393951
0.039022
0.038412
0.0374479
0.0357408
0.0331008
0.0299747
0.0273863
0.0263434
0.0272223
0.0295948
0.0325224
0.0350759
0.0366852
0.0372289
0.0369228
0.0360786
0.0347899
0.0328108
0.0297886
0.0257401
0.0213284
0.0176428
0.0156149
0.0155232
0.0169158
0.018902
0.0205998
0.0214282
0.0211737
0.0199006
0.0178071
0.0151237
0.0121051
0.00909112
0.00655567
0.00503649
0.00493343
0.00630749
0.00882474
0.0118713
0.0147622
0.0169075
0.0178697
0.01733
0.0150345
0.0107917
0.00458548
-0.00331108
-0.012034
-0.0204746
-0.0267465
-0.0303842
-0.028996
-0.0267261
-0.0165881
-0.0170523
0.00549657
-0.0216208
0.111711
0.110708
0.107284
0.102193
0.0949026
0.0850271
0.0724229
0.0569223
0.039211
0.0203091
0.00234485
-0.0120927
-0.0220147
-0.026809
-0.025941
-0.019942
-0.0103975
0.000887852
0.0123973
0.0229413
0.0317066
0.0380399
0.0415931
0.0426856
0.0425492
0.0426615
0.0438237
0.0459016
0.04837
0.0508014
0.0530181
0.0550708
0.0570508
0.0589636
0.0604266
0.0605983
0.0587623
0.055239
0.0515837
0.0494178
0.0492532
0.0504135
0.051901
0.0530852
0.053814
0.0542652
0.05472
0.0553345
0.0557453
0.0550416
0.05246
0.0483948
0.0445444
0.0426482
0.0431607
0.0451611
0.0473285
0.0488322
0.049504
0.0496077
0.0495511
0.0495597
0.0493122
0.0480288
0.0451609
0.0412121
0.0377463
0.0362986
0.0372692
0.0397732
0.0424351
0.044294
0.0451055
0.0451502
0.0448908
0.0445641
0.0438779
0.0422164
0.0392942
0.0357325
0.032897
0.031982
0.0332252
0.0358371
0.0386018
0.0405948
0.0415095
0.0415711
0.0412265
0.0407137
0.0397896
0.0379599
0.0350822
0.0318092
0.0293699
0.028776
0.0301939
0.0329102
0.0358307
0.0380684
0.039246
0.0394785
0.0391389
0.038479
0.0373426
0.0353224
0.0322774
0.0287707
0.0259561
0.0249178
0.0260162
0.0287353
0.0320274
0.0348871
0.0367185
0.0374076
0.0371801
0.0363374
0.0349289
0.0326707
0.0292275
0.0247119
0.019927
0.0160805
0.0141523
0.0143851
0.016232
0.0186853
0.0207678
0.0218469
0.0216991
0.0203989
0.018155
0.0152042
0.0118264
0.008424
0.00556638
0.0038872
0.00384099
0.00548052
0.0084074
0.0119148
0.0152312
0.0177036
0.0188554
0.0183489
0.0159187
0.0113674
0.00468119
-0.00383515
-0.0132534
-0.0223502
-0.0291382
-0.0330125
-0.0316094
-0.0289483
-0.0183986
-0.0180419
0.00474817
-0.0213152
0.113386
0.11243
0.109165
0.104244
0.0970948
0.0872152
0.074355
0.05815
0.0392984
0.01877
-0.000822839
-0.0162833
-0.0267978
-0.0318032
-0.0305202
-0.023469
-0.0125398
0.000134869
0.012848
0.0242847
0.0335935
0.0400509
0.0432328
0.0435107
0.0424372
0.0418911
0.0428264
0.0449742
0.0476221
0.0502456
0.0526411
0.0548677
0.0570182
0.0591077
0.0607135
0.0608383
0.0585986
0.0543585
0.0500164
0.0475565
0.0475442
0.0490834
0.0509404
0.0523952
0.0532996
0.0538594
0.0543779
0.0550333
0.0554416
0.0545846
0.0515825
0.0468764
0.0424422
0.0403424
0.0411188
0.0436518
0.0463455
0.0482236
0.0490992
0.0492771
0.0492219
0.0492046
0.048864
0.0473302
0.0440175
0.0395328
0.0356577
0.0341126
0.0353341
0.0383191
0.0414983
0.0437633
0.044813
0.0449531
0.0447099
0.0443468
0.0435093
0.0415072
0.0380823
0.034017
0.0308868
0.0299963
0.0315447
0.0346039
0.0378192
0.0401733
0.0413218
0.0415002
0.0411886
0.0406175
0.0394807
0.0372421
0.0338266
0.0300638
0.0273751
0.0268583
0.0286239
0.0318069
0.0351739
0.0377625
0.0391807
0.039556
0.0392708
0.0385431
0.0371516
0.0346641
0.0310217
0.026963
0.0238286
0.0228064
0.0242302
0.0274543
0.0312739
0.0345727
0.0367189
0.037614
0.0375013
0.0366653
0.0350831
0.0324157
0.0283607
0.0231784
0.0178729
0.0138133
0.0120398
0.0127395
0.0152305
0.018342
0.0209646
0.0223961
0.0224011
0.0210684
0.0186158
0.0152826
0.0113848
0.00741936
0.00409927
0.00219784
0.00224423
0.00427166
0.00778376
0.0119387
0.0158431
0.0187586
0.0201615
0.0196945
0.017078
0.0121063
0.00476654
-0.00459359
-0.0149579
-0.0249468
-0.0324353
-0.0366285
-0.0351982
-0.0319965
-0.020885
-0.0193796
0.00365429
-0.0207581
0.115447
0.114556
0.111507
0.106832
0.0999003
0.0900661
0.0769292
0.0598433
0.0395053
0.0167519
-0.00506269
-0.0218479
-0.0331991
-0.0385832
-0.0367785
-0.028266
-0.0154162
-0.000858916
0.013451
0.0260523
0.0360722
0.0426893
0.0453449
0.0444625
0.0420602
0.0406218
0.0413065
0.0436145
0.0465434
0.0494333
0.0520548
0.0544884
0.0568402
0.0591434
0.0609236
0.0609569
0.0581164
0.0528315
0.0475137
0.0447047
0.0450098
0.0471657
0.0495772
0.0514051
0.052522
0.0531781
0.0537072
0.0543477
0.0547252
0.0536944
0.0502099
0.0447196
0.0395146
0.0371054
0.0382141
0.0414879
0.0449246
0.0473163
0.0484419
0.0486786
0.0485988
0.0485503
0.0480993
0.0462265
0.0422937
0.0370785
0.0326842
0.0310702
0.0326815
0.036326
0.0401867
0.0429713
0.0443149
0.0445701
0.0443566
0.0439579
0.0429151
0.0404326
0.036304
0.0315501
0.0280388
0.027221
0.029227
0.0329174
0.0367386
0.0395566
0.0409981
0.0413294
0.041074
0.0404289
0.0389906
0.0361757
0.0320205
0.0276013
0.0245923
0.0241983
0.0264513
0.0302792
0.034253
0.0373062
0.0390364
0.0396006
0.039395
0.0385748
0.0368248
0.0336901
0.0292393
0.0244524
0.020909
0.0199205
0.0217835
0.025682
0.0302047
0.0340867
0.0366492
0.0378165
0.0378585
0.0370304
0.0352069
0.0319816
0.0271133
0.0210693
0.0151128
0.010808
0.0092575
0.0105714
0.0138967
0.0178575
0.0211771
0.023066
0.0232732
0.0219012
0.019169
0.0153143
0.0107071
0.00598482
0.00206116
-0.000108692
8.95195e-05
0.00264631
0.00692741
0.0119141
0.0165584
0.0200192
0.0217225
0.0212948
0.0184391
0.0129374
0.00477765
-0.0056363
-0.0171757
-0.0282677
-0.0366203
-0.0412062
-0.0397388
-0.0358528
-0.0240455
-0.0210497
0.00215657
-0.0198486
0.117868
0.117063
0.114302
0.109966
0.103361
0.0936622
0.0802666
0.0621343
0.039927
0.0141989
-0.0105362
-0.0288919
-0.0411521
-0.0469841
-0.0445422
-0.0341828
-0.018904
-0.00199584
0.0142904
0.0283249
0.039223
0.046026
0.0479453
0.0454391
0.0411859
0.038568
0.0390222
0.0416598
0.0450253
0.0482748
0.0511649
0.053821
0.0563806
0.058897
0.0608501
0.0607268
0.0570438
0.050301
0.0436276
0.0404074
0.0413011
0.0444435
0.0476814
0.0500165
0.0513687
0.0520586
0.0524828
0.0530245
0.0533522
0.0521356
0.0480849
0.0416525
0.035528
0.0327649
0.0343017
0.0385319
0.0429446
0.0460014
0.0474196
0.0476928
0.0475752
0.0475095
0.0469257
0.044583
0.0397966
0.0336147
0.0285855
0.026965
0.0291624
0.0336943
0.0384222
0.0418413
0.0435332
0.0439308
0.0437737
0.04334
0.0420174
0.0388869
0.0338379
0.0282101
0.0242361
0.0235444
0.0261733
0.0307
0.0352991
0.0386907
0.0404876
0.041015
0.0408441
0.0401021
0.0382556
0.0346823
0.0295853
0.0243556
0.0209667
0.0207428
0.0236203
0.028272
0.0330167
0.0366529
0.0387707
0.0395737
0.0394721
0.0385256
0.0363012
0.032335
0.0268772
0.0212086
0.0171865
0.0162535
0.0186596
0.0233874
0.0287776
0.0333826
0.036463
0.0379711
0.0382073
0.0373818
0.0352389
0.0313044
0.0254384
0.0183737
0.0116771
0.00712399
0.00586954
0.00793213
0.0122573
0.0172341
0.0213916
0.0238368
0.0242955
0.0228756
0.0197766
0.0152387
0.00971732
0.00405026
-0.000590915
-0.00304104
-0.00260887
0.000620264
0.00583289
0.0118005
0.0172975
0.0213726
0.023404
0.023008
0.0198655
0.0137428
0.00463419
-0.00698356
-0.0198499
-0.0321775
-0.0414987
-0.0465324
-0.0450353
-0.0403624
-0.0277802
-0.0229855
0.000234863
-0.0184995
0.120615
0.119922
0.117535
0.113656
0.107524
0.0981027
0.084519
0.0651949
0.0406778
0.0109711
-0.0176317
-0.0378659
-0.0514319
-0.0581188
-0.0549145
-0.0419793
-0.0233787
-0.00340957
0.0153485
0.0311225
0.0430939
0.0501197
0.0510238
0.0462549
0.0394419
0.0353058
0.0356347
0.0388873
0.0429176
0.0466447
0.0498401
0.052704
0.0553954
0.0579773
0.0600023
0.0597405
0.0552136
0.0467462
0.0382053
0.0342679
0.0359867
0.040621
0.0450799
0.0481025
0.0496908
0.0502952
0.0504761
0.05087
0.0511655
0.0497129
0.0448834
0.0372422
0.0300688
0.0270291
0.0292114
0.0346593
0.040288
0.0441583
0.0459091
0.0462069
0.0460614
0.0460019
0.0452422
0.0422692
0.0363924
0.0290278
0.0232596
0.0216916
0.0246756
0.0303419
0.0361325
0.0402978
0.0423908
0.042967
0.042901
0.0424259
0.040735
0.0367891
0.0306303
0.0239819
0.0194851
0.0189656
0.0223609
0.0279122
0.0334523
0.0375224
0.0397362
0.0405045
0.0404447
0.0395747
0.0372095
0.0327109
0.0265066
0.0203537
0.0165495
0.0165394
0.0201532
0.0257766
0.0314332
0.0357572
0.0383319
0.0394199
0.03944
0.0383253
0.0355133
0.0305579
0.0239423
0.0172905
0.0127539
0.0119021
0.0149302
0.0206023
0.0269853
0.0324245
0.0361079
0.0380167
0.0384802
0.0376425
0.0351008
0.0303274
0.0233298
0.0151534
0.00768982
0.00292084
0.00203473
0.00494991
0.010392
0.0165011
0.0215989
0.0246773
0.0254261
0.0239387
0.02037
0.014977
0.00835284
0.0016018
-0.00380619
-0.00649734
-0.00573779
-0.00171787
0.00453319
0.0115605
0.0179547
0.02266
0.0250166
0.0246344
0.0211699
0.0143766
0.00426821
-0.00859044
-0.0228055
-0.0363821
-0.0466921
-0.0521957
-0.0507024
-0.0452094
-0.031865
-0.0250512
-0.00206665
-0.0166625
0.123645
0.123094
0.12118
0.117906
0.112439
0.103511
0.0898902
0.0692822
0.041966
0.00694712
-0.0266387
-0.0488191
-0.0636051
-0.0713185
-0.0673448
-0.0513421
-0.0286975
-0.0050497
0.0166334
0.0344371
0.0476815
0.0549708
0.0544883
0.0465908
0.0362507
0.0301719
0.03062
0.0349795
0.0400287
0.0443893
0.0479131
0.0509012
0.0534498
0.0556978
0.0575609
0.0572283
0.0522026
0.0421898
0.0314246
0.0262643
0.0287767
0.0353846
0.0415523
0.0454974
0.0473099
0.0476836
0.0475168
0.0477779
0.0480653
0.0462622
0.040382
0.0312527
0.0229077
0.0196958
0.0227987
0.0297702
0.036855
0.041671
0.0437927
0.0441231
0.0439791
0.0439451
0.0429539
0.039208
0.0320711
0.0233907
0.0168192
0.0153371
0.0192501
0.0262508
0.0332705
0.0382754
0.0408148
0.0416072
0.0416649
0.0411358
0.0389966
0.0341107
0.0267239
0.0189796
0.0139367
0.0136219
0.0178753
0.0245792
0.031178
0.0360052
0.0386842
0.0397308
0.0398002
0.0387691
0.0357954
0.0302577
0.0228531
0.0157301
0.0115086
0.0117462
0.0161619
0.0228439
0.0294987
0.0345786
0.0376582
0.0390638
0.0392119
0.0378874
0.0344018
0.0283601
0.0205164
0.0128533
0.0078085
0.00706431
0.0107543
0.0174229
0.0248581
0.0311892
0.0355255
0.0378741
0.0385847
0.0377133
0.0347095
0.0290184
0.0208374
0.0115489
0.00336276
-0.00155628
-0.0020086
0.00181291
0.00841862
0.0157036
0.0217849
0.025536
0.0265928
0.0250025
0.0208544
0.0144557
0.00660629
-0.00126932
-0.00740026
-0.0102434
-0.00907006
-0.00420627
0.00309649
0.0111581
0.0184005
0.0236835
0.0263254
0.0259293
0.0221334
0.0146897
0.0036459
-0.010345
-0.0257821
-0.0404958
-0.0517284
-0.0576831
-0.0562393
-0.0499654
-0.0359738
-0.0270517
-0.00463047
-0.0143498
0.126901
0.126526
0.125199
0.122706
0.11815
0.110022
0.0966188
0.0747211
0.0440224
0.00179203
-0.038377
-0.0626908
-0.0794011
-0.0891051
-0.0841829
-0.0636788
-0.0354157
-0.00707266
0.0180999
0.0382059
0.0529235
0.0604867
0.0580752
0.0457908
0.0305279
0.0221119
0.0232563
0.0295335
0.036118
0.0413176
0.0451745
0.0480749
0.0499704
0.0513481
0.0528563
0.0525789
0.0472501
0.0357687
0.0227515
0.0162765
0.0195847
0.0285367
0.0368895
0.0420151
0.0440462
0.0440687
0.0435111
0.0436891
0.0439723
0.0416913
0.0345754
0.0238167
0.0142312
0.0108926
0.0151005
0.0238514
0.0325923
0.0384532
0.0409765
0.0413611
0.0412531
0.041254
0.0399898
0.0353994
0.0269512
0.0169393
0.00956204
0.00817652
0.0130706
0.021501
0.029839
0.0357319
0.0387414
0.0397756
0.0399784
0.0393841
0.0367529
0.0308826
0.0222536
0.0134289
0.00786237
0.00777042
0.0129054
0.0207991
0.0284959
0.0341067
0.0372692
0.0386118
0.0388158
0.0376003
0.033976
0.0273703
0.0187714
0.0107116
0.00610826
0.00661401
0.0118384
0.0195828
0.0272419
0.0330848
0.0366779
0.0384088
0.0386787
0.037116
0.0329238
0.0257884
0.0167485
0.00813045
0.00262901
0.00201633
0.00636178
0.0140016
0.0224625
0.0296682
0.0346527
0.0374449
0.0384032
0.0374769
0.0339843
0.0273747
0.0180625
0.00776186
-0.00103153
-0.00600734
-0.00597936
-0.00125427
0.00647864
0.0148938
0.0219259
0.0263363
0.0276873
0.0259405
0.0211174
0.0136291
0.00455049
-0.0043564
-0.0110675
-0.0139419
-0.0123042
-0.0066314
0.00161782
0.0105654
0.0185009
0.0242341
0.027082
0.0266401
0.0225435
0.0145571
0.00276727
-0.0121086
-0.028511
-0.044143
-0.0561528
-0.0624944
-0.0611376
-0.0541754
-0.0397364
-0.0287647
-0.00728008
-0.0116441
0.130314
0.130153
0.129538
0.128034
0.124697
0.117799
0.105028
0.0820195
0.0473046
-0.00478343
-0.0534474
-0.079121
-0.0971259
-0.109503
-0.104271
-0.0786771
-0.0435978
-0.00967312
0.019478
0.0420836
0.0585183
0.066233
0.0609036
0.0424085
0.020336
0.00931228
0.0123469
0.0219461
0.0308933
0.0372295
0.0413813
0.0438156
0.0444508
0.0446451
0.0458758
0.0458049
0.0399272
0.0266505
0.011444
0.00395605
0.00837386
0.0200171
0.030951
0.037487
0.039749
0.0393572
0.0384182
0.0385694
0.0388528
0.0360394
0.0276775
0.0153453
0.00455313
0.00107944
0.00641441
0.0170389
0.0275263
0.0344692
0.0374016
0.0378566
0.0378087
0.037852
0.0363184
0.0309212
0.0212541
0.0100235
0.00191098
0.000620257
0.00645155
0.0162723
0.0259021
0.0326574
0.0361184
0.0373929
0.0377458
0.0370892
0.0339851
0.0271939
0.0174299
0.00763867
0.00162006
0.00175495
0.00772119
0.0167354
0.0254666
0.0318118
0.035427
0.0370524
0.0373848
0.0359863
0.0317413
0.0241461
0.0144706
0.00559161
0.000679412
0.00145749
0.0074324
0.0161481
0.0247198
0.0312528
0.0353119
0.0373417
0.037717
0.0359175
0.0310612
0.0229324
0.0128387
0.00340658
-0.00245754
-0.00291944
0.00202517
0.0105283
0.0198919
0.0278652
0.0334229
0.0366159
0.0378013
0.0368093
0.0328579
0.0254262
0.0151472
0.00403158
-0.00519143
-0.0101124
-0.00958263
-0.00401983
0.00471407
0.0141155
0.021979
0.0269728
0.0285669
0.0266009
0.0210548
0.0125053
0.00234534
-0.0073626
-0.0144328
-0.0172125
-0.015116
-0.00876886
0.000197624
0.00975842
0.0181281
0.0241132
0.0270519
0.0265409
0.0222241
0.0138881
0.00164638
-0.0137583
-0.0307651
-0.0470017
-0.0595661
-0.0661842
-0.0649373
-0.0574181
-0.0427917
-0.0299779
-0.00980874
-0.00869246
0.133798
0.133891
0.13412
0.133833
0.132087
0.126978
0.115456
0.0917867
0.0522321
-0.0136213
-0.0734495
-0.100295
-0.121224
-0.138363
-0.132221
-0.0985028
-0.0538147
-0.0129828
0.0205632
0.0457155
0.0636587
0.0711995
0.0620293
0.0349591
0.00359366
-0.0106469
-0.0037165
0.0114861
0.0240435
0.0319191
0.0362675
0.0377623
0.0366622
0.0356691
0.0368469
0.0370505
0.0303818
0.0151705
-0.00210617
-0.0103875
-0.00461017
0.00996887
0.0237284
0.0318206
0.0343324
0.033516
0.0322279
0.0324037
0.0327287
0.0294635
0.0200466
0.00638771
-0.0054569
-0.0090882
-0.00275482
0.00962704
0.0217851
0.0297501
0.0330519
0.0335656
0.0335813
0.0336844
0.0319545
0.0259156
0.0152693
0.00305705
-0.00564897
-0.00684958
-0.000209577
0.0108248
0.0215851
0.0290794
0.0329112
0.034384
0.0348758
0.0341866
0.0307097
0.02318
0.0125115
0.00196222
-0.00439134
-0.00403788
0.00263951
0.0125967
0.0221859
0.0291246
0.0330975
0.0349538
0.0354004
0.0338592
0.0291107
0.0207201
0.0101963
0.000695061
-0.00442001
-0.00338208
0.00322159
0.0127222
0.0220106
0.0290696
0.0334801
0.0357426
0.0362027
0.0342113
0.0288218
0.0199123
0.00901217
-0.0010165
-0.00711265
-0.00741027
-0.00196993
0.00720864
0.0172549
0.0257935
0.031771
0.0352682
0.0366351
0.0355928
0.0312835
0.0232293
0.0122549
0.000606353
-0.00881903
-0.0135634
-0.0125391
-0.00626887
0.00324964
0.0133936
0.0218794
0.027315
0.0290666
0.0268305
0.0205937
0.0111498
0.000205829
-0.00996518
-0.0171295
-0.0197058
-0.0172163
-0.0104219
-0.00107769
0.00871587
0.0171755
0.0231614
0.0260557
0.0254686
0.0210558
0.012625
0.000295742
-0.0152051
-0.0323687
-0.0488076
-0.0616284
-0.0683671
-0.0672449
-0.0593382
-0.0448273
-0.0305182
-0.0120116
-0.00568639
0.137254
0.137639
0.138842
0.140025
0.140299
0.137741
0.128388
0.105108
0.0598606
-0.0256831
-0.100066
-0.123824
-0.145509
-0.17031
-0.166421
-0.123818
-0.0670019
-0.0178403
0.020503
0.0478215
0.0657798
0.0725874
0.0613724
0.027705
-0.014545
-0.0366056
-0.0263289
-0.00290654
0.0151747
0.0252166
0.0296381
0.0297392
0.0266711
0.0246345
0.0260229
0.0265884
0.0192253
0.0024183
-0.0166092
-0.0256258
-0.0186109
-0.00117589
0.0153985
0.0250508
0.0278054
0.0265726
0.0249629
0.025213
0.0256884
0.0222079
0.012115
-0.00246047
-0.0150919
-0.0188854
-0.0117912
0.00203308
0.0155973
0.0243997
0.027959
0.0284723
0.0285312
0.0287346
0.0269634
0.020573
0.00932008
-0.0035285
-0.012623
-0.0137355
-0.00648297
0.0054662
0.0170616
0.0250627
0.0291083
0.03069
0.0312964
0.0306417
0.0269785
0.0190077
0.00777639
-0.00324037
-0.00977269
-0.00921935
-0.00201157
0.00861302
0.0187741
0.0260687
0.0302331
0.0322273
0.0327721
0.0311765
0.0261323
0.0172495
0.00620385
-0.00365593
-0.0088411
-0.00757169
-0.00051751
0.00949445
0.0192045
0.0265341
0.0311113
0.0335017
0.0340287
0.0319415
0.0262395
0.0168644
0.00549575
-0.00484954
-0.0110183
-0.0111445
-0.00535296
0.00424276
0.0146634
0.0234743
0.0296405
0.0332924
0.0347789
0.0337328
0.0292407
0.0208598
0.00955211
-0.00228061
-0.0116459
-0.0160903
-0.0146099
-0.0078241
0.00217745
0.0127261
0.0215419
0.0272193
0.0290207
0.026502
0.0197079
0.00967051
-0.00164684
-0.0118807
-0.0188631
-0.0211541
-0.0183902
-0.0114499
-0.00215294
0.00741645
0.0155694
0.0212785
0.0239907
0.0233359
0.0189784
0.0107397
-0.00127543
-0.0163891
-0.0331949
-0.0493601
-0.0620749
-0.0687426
-0.0677556
-0.0596713
-0.0456076
-0.0302722
-0.0137131
-0.00283649
0.140564
0.141272
0.143566
0.146449
0.149228
0.150079
0.144195
0.122955
0.0705681
-0.0419887
-0.135915
-0.156768
-0.182436
-0.218714
-0.215031
-0.157118
-0.0832848
-0.0242901
0.018896
0.045858
0.0596927
0.0640262
0.0520838
0.0197003
-0.0288499
-0.0619636
-0.0530452
-0.0212462
0.00398859
0.0169625
0.0214007
0.0197772
0.0147005
0.0118348
0.0137337
0.0149145
0.00733272
-0.0103561
-0.0305797
-0.0403084
-0.0324754
-0.012694
0.00634367
0.0173675
0.0202865
0.0186188
0.0166922
0.017075
0.0178916
0.0145761
0.00433611
-0.0106224
-0.0236858
-0.027614
-0.020059
-0.00526118
0.00926988
0.0185903
0.0222056
0.0226019
0.0226627
0.0230374
0.0214592
0.0151144
0.00373186
-0.00932574
-0.0185555
-0.0195768
-0.0119546
0.000516028
0.0125358
0.0207066
0.0247301
0.0262838
0.0269733
0.0264606
0.0228775
0.0148594
0.00349413
-0.00763777
-0.0141642
-0.0134378
-0.00592654
0.00501164
0.0153645
0.022689
0.0268103
0.0288123
0.0294434
0.0279305
0.0228798
0.0138973
0.00273206
-0.00717315
-0.0122771
-0.0108182
-0.0035366
0.00664315
0.0163963
0.0236607
0.0281573
0.0305385
0.0311232
0.0290868
0.0233708
0.0139272
0.00249576
-0.00784121
-0.0139037
-0.0138578
-0.00789179
0.00180772
0.0122229
0.0209378
0.0269948
0.0306074
0.0321417
0.0311716
0.0267378
0.0184036
0.00719181
-0.0044311
-0.0134536
-0.0174804
-0.0156133
-0.00855996
0.00154841
0.012085
0.0208718
0.0265482
0.0282884
0.0255337
0.0184151
0.00818488
-0.00303407
-0.0129122
-0.0194478
-0.0213936
-0.0185172
-0.0117863
-0.00301182
0.00584385
0.013282
0.0184387
0.0208376
0.0201304
0.0159872
0.00823527
-0.00305219
-0.0172725
-0.0331688
-0.0485407
-0.0607483
-0.0671403
-0.0662923
-0.0582677
-0.0449948
-0.0291959
-0.0147879
-0.000344184
0.1436
0.144655
0.148117
0.152927
0.158684
0.164147
0.163539
0.148408
0.0869794
-0.0715777
-0.184129
-0.184254
-0.211981
-0.271688
-0.278703
-0.203128
-0.105872
-0.0340451
0.013894
0.0359662
0.0412234
0.0411461
0.0313619
0.00514752
-0.0446368
-0.0861864
-0.0808823
-0.0422793
-0.00928962
0.00716846
0.0116195
0.00809267
0.00104383
-0.00240313
0.000380911
0.00266404
-0.00437102
-0.022018
-0.042714
-0.053059
-0.0449596
-0.0236888
-0.00288077
0.00910834
0.0120028
0.00981817
0.0075496
0.00814261
0.0095712
0.00690923
-0.00285332
-0.0175886
-0.0306724
-0.0346744
-0.0269802
-0.0117724
0.00315228
0.0125491
0.0159278
0.0160341
0.0160413
0.0166893
0.0156026
0.00977435
-0.00119532
-0.0139862
-0.0230696
-0.0239909
-0.0162668
-0.00372785
0.00822215
0.0161404
0.0198374
0.0211871
0.0219266
0.0216992
0.0185236
0.0109175
-9.7829e-05
-0.0109559
-0.017276
-0.0164087
-0.00885015
0.00199576
0.012093
0.0190529
0.0228424
0.0246949
0.0254081
0.0241559
0.0194478
0.0108187
-1.70467e-05
-0.00962637
-0.0144898
-0.0128933
-0.00563665
0.00432032
0.01368
0.0204852
0.0246079
0.0268219
0.0274665
0.0256681
0.0202918
0.0112301
0.000182067
-0.00979683
-0.0155654
-0.0153528
-0.00941046
4.38893e-05
0.0100268
0.0182252
0.0238288
0.0271785
0.0286869
0.0279
0.0238133
0.0159491
0.00530127
-0.00569611
-0.0140891
-0.0175938
-0.0154389
-0.00841195
0.00137
0.0114233
0.0197803
0.0251932
0.0267775
0.023896
0.0167622
0.00679073
-0.0038483
-0.0129681
-0.0188158
-0.0203823
-0.0175852
-0.011444
-0.00367368
0.00399609
0.0103391
0.0146874
0.0166479
0.0159008
0.0121263
0.005149
-0.00500566
-0.0178348
-0.0322743
-0.0463321
-0.0576236
-0.0635287
-0.0628215
-0.055111
-0.0429625
-0.0273165
-0.0151736
0.00162682
0.14622
0.147622
0.152285
0.159106
0.168327
0.179196
0.186583
0.180455
0.109972
-0.090399
-0.266753
-0.2459
-0.271625
-0.358551
-0.369437
-0.26329
-0.133499
-0.046283
0.0040048
0.0155249
0.0130337
0.00993444
0.0062694
-0.0140373
-0.0620098
-0.108088
-0.106708
-0.0639576
-0.0239078
-0.00390204
0.000535783
-0.00495806
-0.0139306
-0.0176796
-0.0135285
-0.00944957
-0.0150204
-0.0316414
-0.0520171
-0.0627741
-0.0549659
-0.0332471
-0.0116203
0.000725144
0.00327594
0.000412363
-0.0022498
-0.00134385
0.00102866
-0.000433178
-0.00906259
-0.022954
-0.0356288
-0.0396177
-0.0320931
-0.0170711
-0.00240226
0.00654059
0.0093148
0.00891388
0.0088056
0.00985402
0.00959531
0.00478698
-0.00520839
-0.0172471
-0.0258959
-0.0267038
-0.019149
-0.00701634
0.00432729
0.0115185
0.0145387
0.0154842
0.0162432
0.0164688
0.0140599
0.00735251
-0.00281188
-0.0129993
-0.0189108
-0.017938
-0.0105981
-0.000271394
0.00909006
0.0152533
0.0183911
0.0199235
0.0207231
0.0199344
0.0159479
0.00814901
-0.00189389
-0.0108611
-0.015326
-0.0136505
-0.00668326
0.00264153
0.0111459
0.01707
0.0205041
0.0223855
0.0231025
0.0217522
0.0170947
0.00888443
-0.00132349
-0.0105919
-0.0158814
-0.0155134
-0.00980135
-0.000953834
0.00815236
0.0153936
0.0201801
0.0230322
0.0244438
0.0239634
0.0205345
0.0135815
0.00397306
-0.00598662
-0.0134763
-0.0163738
-0.0140554
-0.00738025
0.00161134
0.0106889
0.0182045
0.0230944
0.024456
0.0216049
0.0148057
0.00554726
-0.00406147
-0.0120625
-0.0170191
-0.0182005
-0.0156889
-0.0105068
-0.00417823
0.00189687
0.00681759
0.0101258
0.0115232
0.0107409
0.00748097
0.00155222
-0.00709044
-0.0180712
-0.0305547
-0.0428206
-0.0528146
-0.058033
-0.057466
-0.0503199
-0.0395976
-0.024725
-0.0148742
0.00297954
0.148282
0.150016
0.155813
0.164689
0.177576
0.195324
0.214149
0.231666
0.14698
-0.084321
-0.313159
-0.264413
-0.290492
-0.441589
-0.490562
-0.353259
-0.174797
-0.0638136
-0.0128851
-0.0140424
-0.0217048
-0.0231727
-0.0178697
-0.032183
-0.0759418
-0.123129
-0.126181
-0.0831134
-0.0383592
-0.0155522
-0.0113573
-0.0188845
-0.029756
-0.0334926
-0.0273775
-0.0206874
-0.0238752
-0.038567
-0.0578659
-0.0687511
-0.0616991
-0.0405839
-0.0192151
-0.00726823
-0.0054983
-0.00927528
-0.0123983
-0.0110526
-0.00737449
-0.00709092
-0.0139682
-0.0264406
-0.0383005
-0.042175
-0.0350904
-0.0208242
-0.00707207
0.000846524
0.00260599
0.00145748
0.00117336
0.00276238
0.00367349
0.000373486
-0.0081163
-0.0189478
-0.0268907
-0.0275693
-0.0204374
-0.00916823
0.00103598
0.00701479
0.00899441
0.00933036
0.0100835
0.0109364
0.0096516
0.00431401
-0.00452184
-0.0136636
-0.0189774
-0.0179347
-0.0110697
-0.00167692
0.00647537
0.0114097
0.0135743
0.0146181
0.0155142
0.0153955
0.0125045
0.00599714
-0.00281044
-0.010809
-0.0147297
-0.0130357
-0.00661496
0.00168038
0.00887923
0.0135091
0.0159463
0.0173361
0.0181443
0.0174532
0.0138855
0.00697872
-0.00195381
-0.0101794
-0.0148193
-0.0143116
-0.00903162
-0.00114017
0.00666061
0.0125187
0.0161362
0.0182646
0.0195143
0.0194642
0.0169967
0.0113787
0.00325965
-0.00527996
-0.0116225
-0.0138538
-0.0115145
-0.00552644
0.00221488
0.00984148
0.0161238
0.0202502
0.0213478
0.0187085
0.0125966
0.00447094
-0.00371767
-0.0103042
-0.014218
-0.0150366
-0.0130094
-0.00910333
-0.00456406
-0.000399153
0.00283351
0.00489049
0.00559756
0.00477697
0.00216791
-0.0024566
-0.00924754
-0.0179901
-0.0281045
-0.0381853
-0.0465621
-0.0509266
-0.0504947
-0.0441377
-0.03509
-0.021561
-0.0139558
0.00370569
0.149649
0.151655
0.158441
0.169061
0.185681
0.209518
0.245242
0.252989
0.2345
-0.112941
-0.427037
-0.290072
-0.285855
-0.456278
-0.543074
-0.421715
-0.214425
-0.0844505
-0.0370736
-0.0496131
-0.0619991
-0.0549808
-0.038624
-0.0459477
-0.0838017
-0.129504
-0.136821
-0.0969558
-0.0508346
-0.0267276
-0.0233083
-0.0330424
-0.045811
-0.0491756
-0.040423
-0.0303175
-0.0303545
-0.0424178
-0.0600177
-0.0707105
-0.0647383
-0.0451462
-0.0250898
-0.014353
-0.0138747
-0.0188433
-0.0224947
-0.0205665
-0.0152319
-0.0127206
-0.0173283
-0.0279082
-0.0386091
-0.0422671
-0.0358358
-0.0228203
-0.0105939
-0.00425246
-0.00391736
-0.00604963
-0.00656168
-0.00429456
-0.00190261
-0.00326791
-0.00979835
-0.0190357
-0.0260404
-0.0265734
-0.0200824
-0.0100805
-0.00149914
0.00281673
0.00341476
0.00295177
0.00367921
0.00532027
0.00547883
0.00192434
-0.00516808
-0.0129402
-0.017494
-0.016415
-0.0102521
-0.00216296
0.00435407
0.00766712
0.00856615
0.00896965
0.00997445
0.0107127
0.00924997
0.00444079
-0.00274395
-0.00949021
-0.0127437
-0.0110891
-0.00544521
0.00146712
0.00696033
0.00992874
0.0110953
0.0118536
0.0127719
0.0129292
0.0107801
0.00557584
-0.00169885
-0.00859247
-0.0124373
-0.0118095
-0.00714378
-0.00051922
0.00559723
0.00969713
0.011836
0.0130403
0.0140701
0.0145593
0.0133197
0.00940859
0.0031711
-0.00362196
-0.00862069
-0.0101566
-0.00794667
-0.00296314
0.00311199
0.00886783
0.0135696
0.0167171
0.0175208
0.0152722
0.0101729
0.00354074
-0.00291703
-0.00787403
-0.0106533
-0.0111531
-0.0097753
-0.00737159
-0.0048508
-0.0028097
-0.00147307
-0.000859433
-0.000969844
-0.00183901
-0.00367234
-0.0067607
-0.0114096
-0.0176088
-0.0250536
-0.0326732
-0.0392046
-0.0425959
-0.0422925
-0.0369054
-0.0297089
-0.0179891
-0.0125308
0.00388821
0.150207
0.152409
0.15987
0.171874
0.191184
0.221542
0.26959
0.311325
0.371105
-0.0909726
-0.307702
-0.317166
-0.472271
-0.566035
-0.462839
-0.243722
-0.106144
-0.067265
-0.0889917
-0.10508
-0.0827672
-0.0537668
-0.0532266
-0.0841578
-0.12656
-0.137624
-0.103595
-0.0596171
-0.0361842
-0.0343637
-0.0466224
-0.0612815
-0.0638692
-0.0518168
-0.037659
-0.0340598
-0.0430876
-0.0585721
-0.0687918
-0.0640491
-0.0466627
-0.0288192
-0.0200569
-0.0213865
-0.0278245
-0.032055
-0.0294006
-0.0221141
-0.017014
-0.0189917
-0.0273517
-0.036642
-0.0399929
-0.0343609
-0.0229786
-0.0127799
-0.00849379
-0.00994466
-0.013264
-0.0140424
-0.0109797
-0.00686156
-0.0059704
-0.0102062
-0.0175631
-0.0234547
-0.0238283
-0.0181459
-0.00973046
-0.00316379
-0.000882783
-0.00194864
-0.00336556
-0.00267859
-0.000121329
0.00172897
0.000274931
-0.00475677
-0.0109115
-0.0145826
-0.0134963
-0.00821689
-0.00172624
0.00281433
0.00419102
0.00359022
0.00323215
0.00435432
0.00609533
0.00631994
0.00352555
-0.0017347
-0.00700961
-0.00950414
-0.0079394
-0.00325785
0.00199105
0.00546389
0.00648338
0.00616529
0.00618124
0.00722318
0.00837499
0.00790112
0.00471258
-0.000603356
-0.00593921
-0.00887959
-0.00815244
-0.00425021
0.000859581
0.00499421
0.00704442
0.00746389
0.00758648
0.00834609
0.00945276
0.00964443
0.00772843
0.00367648
-0.00112325
-0.00464278
-0.00548474
-0.00354829
0.000162322
0.00423835
0.00779123
0.0106269
0.0126038
0.0130792
0.011371
0.00755835
0.00270857
-0.0017945
-0.00499302
-0.00660409
-0.00683709
-0.00621493
-0.0054289
-0.00503272
-0.00523401
-0.00594704
-0.00694366
-0.00799091
-0.00892539
-0.00987672
-0.0112307
-0.0135055
-0.0169489
-0.0215485
-0.0265663
-0.031137
-0.033498
-0.0333181
-0.0290216
-0.0237656
-0.0141734
-0.0107363
0.00367682
0.149874
0.152152
0.159908
0.172512
0.193247
0.226914
0.283164
0.352121
0.466226
-0.357697
-0.46183
-0.5144
-0.445901
-0.247043
-0.121698
-0.0980324
-0.130743
-0.145825
-0.103133
-0.0616202
-0.0535804
-0.0774787
-0.115356
-0.129152
-0.102388
-0.063466
-0.0427192
-0.0434739
-0.0586602
-0.0751495
-0.0765315
-0.0606566
-0.0421353
-0.0347919
-0.0407072
-0.0538946
-0.0634299
-0.0599201
-0.0451386
-0.0301609
-0.0239935
-0.0275749
-0.0357092
-0.040537
-0.0370304
-0.0275965
-0.0197171
-0.0189014
-0.0248884
-0.0326278
-0.0356037
-0.0308462
-0.0213437
-0.0135254
-0.0116476
-0.0151539
-0.0198047
-0.0208701
-0.0169313
-0.0109369
-0.00760589
-0.00936077
-0.0146747
-0.019349
-0.0195545
-0.0147879
-0.00817054
-0.00388506
-0.00389492
-0.00681801
-0.00929353
-0.00865823
-0.00510612
-0.0014133
-0.000575354
-0.00335379
-0.00773946
-0.0104542
-0.00938383
-0.00510977
-0.000413426
0.00192515
0.00115857
-0.00109525
-0.00229599
-0.00105556
0.00177526
0.00384712
0.0032661
0.000121343
-0.00354458
-0.00522651
-0.00379082
-0.000196946
0.00320554
0.00445727
0.00334701
0.00140875
0.000608664
0.00177725
0.00401092
0.00537289
0.00440124
0.00123975
-0.00239301
-0.00436297
-0.00355741
-0.000522357
0.00290869
0.00487116
0.00468905
0.00323768
0.00217315
0.00262114
0.00438376
0.00612668
0.00638486
0.00470941
0.00205081
7.46684e-05
-0.000103442
0.00143827
0.00368636
0.00554483
0.006673
0.00742941
0.00806677
0.00815989
0.00708943
0.00476773
0.00191039
-0.000498655
-0.00188814
-0.00234381
-0.00235379
-0.00252204
-0.00335892
-0.00508366
-0.0075614
-0.0104187
-0.0131518
-0.015235
-0.0162566
-0.0162505
-0.0157229
-0.0154618
-0.0160327
-0.0177344
-0.020146
-0.0227594
-0.0241025
-0.0240447
-0.0208894
-0.0175682
-0.0102564
-0.00871225
0.00324421
0.148612
0.15084
0.158432
0.170763
0.191064
0.224013
0.279214
0.357161
0.518768
-0.435583
-0.436093
-0.406447
-0.364083
-0.212506
-0.120664
-0.121772
-0.171394
-0.175946
-0.112578
-0.061568
-0.0477267
-0.0651435
-0.0978235
-0.113121
-0.0938905
-0.0618557
-0.0453987
-0.0496268
-0.0680933
-0.0862401
-0.0860147
-0.0660838
-0.0433427
-0.0325652
-0.0356097
-0.046534
-0.055222
-0.0528593
-0.0408237
-0.029064
-0.0258887
-0.03202
-0.0419791
-0.0473774
-0.0429322
-0.0312949
-0.020651
-0.0170939
-0.0207374
-0.0269034
-0.0294652
-0.0255901
-0.0180694
-0.0128087
-0.01353
-0.0192337
-0.0252806
-0.026635
-0.0217898
-0.0138863
-0.00809166
-0.00734483
-0.0105885
-0.0140194
-0.014055
-0.0102468
-0.00551791
-0.00363236
-0.00604726
-0.0109102
-0.0144865
-0.0139127
-0.00934915
-0.00377806
-0.000600767
-0.00107443
-0.00364743
-0.00538686
-0.00434898
-0.0011344
0.0016866
0.00173391
-0.0012542
-0.00521818
-0.00729622
-0.00594745
-0.00200935
0.0019543
0.00364935
0.00268453
0.000672717
-0.000186036
0.00109593
0.0035478
0.00503472
0.00399721
0.000699799
-0.00290381
-0.00455165
-0.00326642
6.78286e-05
0.00331542
0.00463255
0.00369994
0.00182367
0.000841307
0.00170634
0.00382489
0.00551169
0.00523565
0.00276298
-0.000609663
-0.00290558
-0.00280038
-0.000389471
0.00292927
0.0054152
0.00617739
0.00569639
0.00525237
0.0056856
0.00674865
0.00744535
0.00700139
0.00560662
0.00415214
0.00330792
0.00293865
0.00253126
0.00181645
0.00107703
0.000825015
0.00123279
0.00188983
0.00207981
0.00115608
-0.00121605
-0.00496779
-0.00967672
-0.0147002
-0.0192328
-0.0224117
-0.0235457
-0.0225521
-0.0200704
-0.0172005
-0.014881
-0.0137443
-0.0136645
-0.0144305
-0.0148304
-0.0148973
-0.0128645
-0.0113842
-0.00635017
-0.0065874
0.00274395
0.146442
0.148494
0.155471
0.166674
0.184689
0.212946
0.257765
0.322939
0.430776
-0.500631
-0.546433
-0.394327
-0.275199
-0.222303
-0.139029
-0.0978256
-0.136556
-0.202844
-0.188155
-0.10968
-0.0545969
-0.0374229
-0.049216
-0.0763939
-0.0919193
-0.0795146
-0.0549802
-0.0437
-0.0519736
-0.0738549
-0.0933322
-0.0912047
-0.0674137
-0.0411228
-0.0276133
-0.0282758
-0.0371448
-0.044913
-0.0435352
-0.0341419
-0.0256472
-0.025594
-0.0343727
-0.0461499
-0.0520425
-0.046632
-0.0329037
-0.0197308
-0.0136957
-0.0151947
-0.0198743
-0.0220141
-0.0189717
-0.0133947
-0.0106854
-0.0140136
-0.0219081
-0.0293241
-0.0309501
-0.0252285
-0.0155118
-0.00739615
-0.004293
-0.00557308
-0.00781257
-0.00768532
-0.00481434
-0.00194011
-0.00241671
-0.00719647
-0.0139603
-0.0186151
-0.0181113
-0.0125862
-0.00522264
0.000191859
0.00192989
0.00110264
0.000300979
0.00129627
0.00346742
0.00445239
0.00226351
-0.00288744
-0.00851674
-0.0114579
-0.0100228
-0.00503321
0.000746296
0.00463878
0.00578658
0.00537806
0.00531186
0.00642919
0.00775877
0.00738092
0.00412523
-0.00128786
-0.00650802
-0.00899138
-0.00761309
-0.00323053
0.00183716
0.00537957
0.00662262
0.00645965
0.00643159
0.00734026
0.00855181
0.00853353
0.00608247
0.0013899
-0.00385034
-0.00735931
-0.00761622
-0.0046095
0.000212489
0.00484909
0.00797382
0.00959171
0.0105944
0.0115668
0.0121191
0.0112864
0.00859399
0.00470643
0.00100094
-0.00142717
-0.00236333
-0.00216415
-0.00126301
0.000145963
0.00204395
0.00419191
0.00590406
0.00629686
0.0047098
0.000960684
-0.00465033
-0.0114646
-0.0185859
-0.0248948
-0.0291734
-0.0304391
-0.0284846
-0.0240743
-0.0186346
-0.0135128
-0.00969516
-0.00733131
-0.00643915
-0.00601591
-0.00621098
-0.00522299
-0.00542362
-0.00254255
-0.00447284
0.00228878
0.143439
0.145204
0.151215
0.160558
0.175136
0.195677
0.226346
0.264754
0.266371
-0.326603
-0.532222
-0.589049
-0.308552
-0.123915
-0.0395266
-0.0257307
-0.0560008
-0.14683
-0.218443
-0.179101
-0.0956781
-0.0428539
-0.0247994
-0.0317733
-0.0534078
-0.0680448
-0.0611305
-0.0436381
-0.0375825
-0.0499542
-0.0750271
-0.0953439
-0.0912214
-0.0642866
-0.0356241
-0.0203814
-0.0192941
-0.0264147
-0.0332742
-0.0326715
-0.0256298
-0.0201709
-0.023092
-0.0343866
-0.0478207
-0.054083
-0.0477601
-0.032236
-0.016983
-0.00891614
-0.00860585
-0.0119752
-0.0137143
-0.0114114
-0.00761781
-0.00727904
-0.013038
-0.022962
-0.0316256
-0.0334894
-0.0269856
-0.01568
-0.00554374
-0.000380204
7.77563e-05
-0.00109197
-0.000818923
0.00119207
0.00236083
-0.00028926
-0.00724182
-0.0157474
-0.021392
-0.020968
-0.0145978
-0.00564481
0.00176389
0.00548602
0.00623485
0.00628019
0.00722783
0.00843724
0.00774032
0.0035095
-0.00361314
-0.0107643
-0.0145071
-0.0130191
-0.0071036
0.000301644
0.00617902
0.00924688
0.0102991
0.0109479
0.0119083
0.0122084
0.0101319
0.00486231
-0.00247202
-0.00916997
-0.0124341
-0.0109983
-0.0056862
0.00102696
0.00660167
0.009844
0.0112577
0.012102
0.0130419
0.0134135
0.0118306
0.00739224
0.000672521
-0.00628285
-0.010926
-0.0115511
-0.00804083
-0.00187764
0.00470923
0.00999082
0.013519
0.0158159
0.0172447
0.0173055
0.0150721
0.010317
0.00409322
-0.00180149
-0.00585758
-0.00747226
-0.00680426
-0.00440002
-0.000923407
0.00304485
0.00684075
0.00954425
0.0101662
0.00804978
0.00313347
-0.00410601
-0.0128161
-0.0218636
-0.0298228
-0.0351321
-0.0365388
-0.0337075
-0.0275059
-0.0196658
-0.0119455
-0.0056927
-0.00131698
0.000996894
0.00210043
0.00177654
0.00183777
0.000154048
0.00109037
-0.00246218
0.0019526
0.139716
0.141133
0.145905
0.15311
0.163317
0.176855
0.188894
0.195133
0.141487
-0.239658
-0.621123
-0.507794
-0.473197
-0.224806
-0.0155061
0.0859002
0.069867
-0.0249574
-0.146505
-0.203354
-0.151026
-0.0746625
-0.0290642
-0.011823
-0.0145692
-0.0307128
-0.0435782
-0.0406037
-0.0290037
-0.0274768
-0.0434071
-0.0710223
-0.0915588
-0.0856355
-0.0567968
-0.0273269
-0.0114946
-0.00930868
-0.0150028
-0.0209953
-0.0209598
-0.0158692
-0.0130006
-0.0184955
-0.031948
-0.0467255
-0.0531976
-0.0461051
-0.0292583
-0.0125551
-0.00303601
-0.00133984
-0.00363462
-0.00502049
-0.00333429
-0.00106821
-0.0027702
-0.0106168
-0.0222647
-0.0319668
-0.0340222
-0.0268932
-0.0143402
-0.00261752
0.0041905
0.00606905
0.0057914
0.00618312
0.0074555
0.00716463
0.00266104
-0.00613666
-0.0161167
-0.0226044
-0.0222709
-0.0152316
-0.00499415
0.00404619
0.00941327
0.0114834
0.0122397
0.0131372
0.0135211
0.0113948
0.00543743
-0.00334938
-0.0117916
-0.0162324
-0.0147345
-0.00807861
0.000664459
0.00820015
0.0128897
0.015181
0.0164271
0.0172514
0.0166782
0.013168
0.00620403
-0.00275019
-0.0107082
-0.0146603
-0.0132115
-0.00714468
0.000945825
0.0082478
0.0132055
0.0159769
0.0175687
0.0185298
0.0181784
0.0152598
0.00912985
0.000681609
-0.00775031
-0.0133945
-0.0143799
-0.0104897
-0.00322117
0.00501073
0.0121303
0.0172846
0.0206662
0.0224605
0.0220963
0.0186817
0.0121637
0.0038783
-0.00403641
-0.00968783
-0.0120781
-0.0111401
-0.00746772
-0.00213049
0.00374234
0.00905617
0.0126817
0.0135741
0.0110907
0.00525595
-0.00332498
-0.0136391
-0.0243372
-0.0337168
-0.0399166
-0.0414525
-0.0378767
-0.0301279
-0.0201908
-0.0101969
-0.00183769
0.0042334
0.00771214
0.00934994
0.00890185
0.00817709
0.00522175
0.00447428
-0.000633258
0.00178526
0.135423
0.136446
0.139889
0.144737
0.150851
0.156899
0.156808
0.138357
0.0465622
-0.191174
-0.420492
-0.38234
-0.360279
-0.172724
0.00129284
0.101817
0.101883
-0.0269139
-0.142781
-0.169672
-0.11475
-0.0522941
-0.0156421
0.000142748
0.00113023
-0.00962809
-0.0200682
-0.0195207
-0.0124048
-0.0142355
-0.0326711
-0.0617997
-0.0818967
-0.0746768
-0.0455671
-0.0170117
-0.00169556
0.00103093
-0.00350157
-0.0086776
-0.00901794
-0.0054343
-0.0045719
-0.012042
-0.0271008
-0.0427801
-0.0492857
-0.0416604
-0.0241142
-0.00671586
0.00360845
0.00623581
0.0047565
0.00365989
0.00486235
0.0059178
0.00261553
-0.00684159
-0.0197892
-0.0302493
-0.0324431
-0.0249016
-0.0115368
0.00124094
0.00919969
0.0121257
0.0125274
0.0130011
0.0136833
0.0122474
0.00631033
-0.00389803
-0.0149987
-0.022136
-0.0219049
-0.0144196
-0.00328132
0.00694067
0.0135355
0.0166134
0.0179121
0.0187561
0.0184883
0.0152573
0.00798133
-0.00207154
-0.0115054
-0.0165061
-0.0150479
-0.00788219
0.00183747
0.0106206
0.016555
0.0198075
0.0215165
0.0222237
0.0209715
0.0163672
0.00811648
-0.00207338
-0.0110112
-0.015527
-0.0141149
-0.00751001
0.00161926
0.0102585
0.0165658
0.0204123
0.0225926
0.0235649
0.0226445
0.0186863
0.0112433
0.00144728
-0.00815476
-0.0146227
-0.0159476
-0.0118211
-0.00373581
0.00575833
0.0143113
0.0207348
0.0249485
0.0270101
0.0263204
0.0220104
0.0141183
0.00414756
-0.00551382
-0.0126419
-0.0158691
-0.0148866
-0.0102791
-0.00341599
0.00409384
0.010743
0.0152058
0.0164123
0.0137412
0.00726831
-0.00231684
-0.0138702
-0.0258542
-0.0363369
-0.0432234
-0.0448573
-0.0407011
-0.0317324
-0.0201181
-0.00828871
0.00177049
0.00918827
0.0135721
0.0156077
0.0150468
0.0136869
0.00967149
0.00753543
0.000951222
0.00182603
0.130716
0.13135
0.133449
0.136092
0.138485
0.138891
0.130662
0.104008
0.024671
-0.160126
-0.30121
-0.291843
-0.275452
-0.148219
-0.0159728
0.0615788
0.0567835
-0.0315304
-0.110675
-0.118968
-0.0766816
-0.0318289
-0.00382007
0.0104437
0.0145242
0.00896616
0.00144154
0.00090635
0.00484454
0.000933283
-0.0186568
-0.0480309
-0.0670916
-0.0593177
-0.0317043
-0.00565524
0.00824688
0.0111221
0.0075867
0.00319434
0.00264352
0.00514715
0.00464032
-0.00408534
-0.0200636
-0.0361176
-0.0424901
-0.0346532
-0.0171298
0.000159936
0.0106475
0.0137764
0.0128652
0.0119888
0.0128333
0.0130185
0.00861976
-0.00188317
-0.0156246
-0.0265141
-0.0287926
-0.0210941
-0.00741427
0.0058361
0.0144232
0.0180086
0.0188649
0.0193765
0.0196259
0.0173947
0.010504
-0.000611364
-0.0124203
-0.0199816
-0.0198662
-0.0121897
-0.000582697
0.0103228
0.0176903
0.0214354
0.0230911
0.0238748
0.0231456
0.0191746
0.0110437
0.000180844
-0.00989916
-0.0152979
-0.0139314
-0.00651406
0.00377745
0.0133495
0.0201103
0.0240139
0.0260305
0.0266414
0.0249281
0.0196108
0.0105345
-0.000453512
-0.0100488
-0.014981
-0.0136568
-0.00675523
0.00303142
0.0125666
0.0198085
0.0244092
0.0269964
0.0279671
0.0266511
0.0219889
0.0136638
0.00295399
-0.00746579
-0.0145485
-0.0161797
-0.0119702
-0.00338617
0.00694214
0.0164728
0.0237646
0.0285312
0.0307552
0.0298541
0.0249696
0.0161498
0.0049479
-0.00609832
-0.0145008
-0.018571
-0.0177627
-0.0126094
-0.00465863
0.00411573
0.0118471
0.0170281
0.0185775
0.0159014
0.00909503
-0.00111405
-0.0134851
-0.0263278
-0.0375387
-0.0448676
-0.0465514
-0.0419927
-0.0321813
-0.0193908
-0.00625271
0.00503549
0.0134272
0.0184624
0.020776
0.0201215
0.018281
0.0134129
0.0102071
0.00224483
0.00210825
0.125757
0.126016
0.126863
0.127477
0.126801
0.122615
0.109418
0.0779006
0.0107679
-0.118956
-0.232172
-0.235841
-0.220191
-0.12697
-0.0300772
0.0329738
0.0378695
-0.0169343
-0.0681183
-0.0748072
-0.0477861
-0.016394
0.00561664
0.0187573
0.0251482
0.0243898
0.0202078
0.0197616
0.0215665
0.0165647
-0.00284834
-0.0311739
-0.0487191
-0.0412156
-0.016639
0.00572627
0.0176442
0.0204607
0.0178607
0.014252
0.0136308
0.0154184
0.0141469
0.00491744
-0.0112335
-0.0271059
-0.0332134
-0.0255474
-0.00879437
0.0076226
0.0177056
0.0209779
0.0204293
0.0197067
0.0203018
0.0199434
0.0149638
0.00401398
-0.00997838
-0.0209492
-0.0232653
-0.0156899
-0.00221318
0.0109285
0.0196429
0.0235247
0.0246226
0.0251242
0.0250885
0.0224111
0.0150621
0.00356968
-0.00851011
-0.0162551
-0.0162695
-0.00866954
0.00296013
0.0140455
0.021735
0.0258136
0.0276414
0.0283523
0.0273473
0.0230046
0.014498
0.0033026
-0.00705808
-0.0126809
-0.0114568
-0.00405369
0.00639371
0.0162875
0.0234522
0.0276947
0.0298544
0.0303869
0.0284292
0.0227864
0.013362
0.00203404
-0.00787676
-0.0130655
-0.0118775
-0.00492755
0.00512187
0.0150969
0.0228457
0.0278695
0.0306743
0.0316245
0.0300862
0.0250649
0.0163061
0.0051391
-0.00572381
-0.0131943
-0.0150885
-0.0109479
-0.00218971
0.00853283
0.0185715
0.0263199
0.0313537
0.0336292
0.0326248
0.0274884
0.0182099
0.00627804
-0.00572697
-0.015134
-0.0199946
-0.0195449
-0.0142398
-0.00569431
0.00388876
0.0123735
0.0180996
0.0199864
0.0174702
0.0106441
0.000222914
-0.0125059
-0.0257473
-0.0372884
-0.0447999
-0.0464763
-0.0416937
-0.0314352
-0.018008
-0.00413683
0.00786999
0.0168499
0.0222929
0.0247838
0.0240644
0.0218994
0.0163822
0.0124395
0.0032198
0.00265533
0.120695
0.120619
0.120341
0.119236
0.116094
0.108719
0.0926232
0.0605175
0.00355405
-0.0935356
-0.177729
-0.18467
-0.172854
-0.108526
-0.0374884
0.0105852
0.0204265
-0.0110758
-0.0426973
-0.0467936
-0.028116
-0.00493185
0.0130438
0.02519
0.0329709
0.0361301
0.0355463
0.0361385
0.0367124
0.0310549
0.012713
-0.0134672
-0.0290752
-0.0224134
-0.00184069
0.0162591
0.0259877
0.028685
0.0270213
0.0242286
0.0236588
0.0250046
0.0234663
0.0144254
-0.00117387
-0.0163399
-0.0221031
-0.0150135
0.000286276
0.015195
0.0244338
0.0275905
0.0272599
0.0266404
0.0270671
0.0264461
0.0213623
0.0105426
-0.00316914
-0.0138835
-0.0162022
-0.00903342
0.00374591
0.016251
0.0246581
0.0285307
0.0296901
0.0301351
0.0299377
0.0271286
0.0197875
0.00842977
-0.00349226
-0.0111845
-0.0113428
-0.00407965
0.00714748
0.0179456
0.0255503
0.0296655
0.031499
0.0321187
0.030999
0.0266222
0.0181935
0.00712734
-0.00315507
-0.0088275
-0.0077915
-0.00065702
0.00955099
0.0193289
0.0265078
0.0308029
0.0329539
0.0334137
0.0314021
0.0257928
0.0164754
0.00525333
-0.00463464
-0.00991737
-0.00890755
-0.00214727
0.00778599
0.0177656
0.0256166
0.0307518
0.0335925
0.0344959
0.0328894
0.0278321
0.0190716
0.00789517
-0.00303791
-0.0106651
-0.0127714
-0.00884102
-0.000218384
0.0104777
0.0205767
0.0283919
0.0334224
0.0356374
0.034614
0.0295178
0.0202338
0.00808493
-0.0044182
-0.0145143
-0.020063
-0.0201068
-0.015006
-0.00635543
0.00354254
0.0123943
0.0184361
0.0206002
0.0183646
0.0118118
0.00159835
-0.01101
-0.0241814
-0.0356584
-0.0430992
-0.0447118
-0.0398782
-0.0295613
-0.0160347
-0.00200889
0.0102034
0.0193916
0.0250135
0.027599
0.0268529
0.0245202
0.0185536
0.0142093
0.00386934
0.00347316
0.115665
0.115298
0.114053
0.111524
0.106499
0.0969127
0.0793624
0.0483177
-0.000358641
-0.0734972
-0.138295
-0.149365
-0.142135
-0.0951701
-0.0418792
-0.00342023
0.00850299
-0.0081596
-0.0264818
-0.0279975
-0.0143062
0.00350323
0.0186056
0.0298737
0.0382551
0.0439769
0.0468667
0.0491297
0.0493397
0.0429627
0.0257611
0.00252613
-0.0105529
-0.00475579
0.011498
0.025354
0.0330064
0.0355985
0.0348657
0.0329365
0.0325302
0.0336156
0.0321467
0.0238419
0.00941507
-0.00460875
-0.0100071
-0.00386253
0.00946267
0.0224296
0.0305423
0.0334288
0.0332373
0.0326926
0.0330048
0.0323332
0.0275377
0.0173506
0.00439334
-0.00576648
-0.00806899
-0.00156809
0.0100895
0.0215308
0.0292957
0.0329328
0.0340206
0.0343696
0.0341003
0.0314121
0.0244755
0.0137046
0.00232708
-0.00509691
-0.00541216
0.00128109
0.0117354
0.0218528
0.0290411
0.0329567
0.0346617
0.0351686
0.0340571
0.0299236
0.0219636
0.0114376
0.00156044
-0.00399882
-0.0031879
0.00345359
0.0130768
0.022364
0.0292308
0.0333418
0.0353546
0.0357364
0.0338192
0.0285427
0.0197301
0.00901594
-0.000536708
-0.0057587
-0.00495969
0.00139943
0.0108796
0.0204813
0.0280841
0.0330633
0.0357812
0.0366053
0.035051
0.0302314
0.0218523
0.0110755
0.000420879
-0.00714172
-0.00940435
-0.00580661
0.00240407
0.0126993
0.022464
0.0300071
0.0348003
0.0368496
0.0358573
0.0310349
0.022145
0.0102659
-0.00227179
-0.0127177
-0.0188132
-0.0194326
-0.01483
-0.00651335
0.00322226
0.0120368
0.0181276
0.02045
0.0185505
0.0125013
0.00288005
-0.00914222
-0.021785
-0.0328226
-0.0399592
-0.0414604
-0.0367409
-0.0267288
-0.0136006
4.58115e-05
0.0119905
0.0210385
0.0266337
0.0292464
0.0285176
0.0261712
0.0199484
0.0155249
0.00420877
0.00454478
0.110781
0.110173
0.108123
0.104472
0.0980603
0.0870972
0.0690654
0.0400263
-0.00158911
-0.0581242
-0.108292
-0.119705
-0.114468
-0.08115
-0.0419856
-0.0122356
-0.000295734
-0.00777141
-0.017261
-0.0161429
-0.00490905
0.00957241
0.0226296
0.0331214
0.0415667
0.0484741
0.0537527
0.0576538
0.0581648
0.0511634
0.0348801
0.0153267
0.00554869
0.0106084
0.0226618
0.0327651
0.0386633
0.0411628
0.0412823
0.0402469
0.0401105
0.0410412
0.0397936
0.0325593
0.0197494
0.00716832
0.00211249
0.00705661
0.0181331
0.0289661
0.0358283
0.0383779
0.0383022
0.0378298
0.0380598
0.0374694
0.0332369
0.0240651
0.0122385
0.00286707
0.000582812
0.00620403
0.0164289
0.0265162
0.0334216
0.0366819
0.037618
0.0378453
0.0375582
0.035164
0.028928
0.019101
0.00858382
0.00160618
0.00112375
0.00706078
0.0164567
0.0256022
0.0321376
0.0356905
0.0371748
0.0375488
0.0365235
0.0328304
0.0256375
0.0159817
0.00678202
0.00147583
0.00203665
0.00800713
0.0167744
0.0252843
0.0315963
0.0353513
0.0371301
0.0374202
0.0356935
0.0309679
0.0229708
0.0130949
0.00414389
-0.000879941
-0.00031253
0.00547419
0.0142284
0.0231474
0.030229
0.0348479
0.0373204
0.0380305
0.0366063
0.032228
0.0245368
0.0145036
0.00443094
-0.00286781
-0.00523054
-0.00206157
0.00550953
0.0150971
0.0242095
0.0312142
0.0355896
0.0373853
0.0364392
0.0320479
0.0238645
0.0126772
0.000538831
-0.00991649
-0.0163881
-0.0176182
-0.0137325
-0.00610837
0.00305032
0.0114527
0.0173225
0.0196505
0.0180713
0.0126575
0.0039192
-0.00711628
-0.0188127
-0.0290658
-0.0356888
-0.0370412
-0.0325857
-0.0231952
-0.0108877
0.00193394
0.0132186
0.0218378
0.0272349
0.0298184
0.0291515
0.0269344
0.0206355
0.0164259
0.00427362
0.00583272
0.10614
0.105337
0.102638
0.0981259
0.0907393
0.0789856
0.0610778
0.0343462
-0.00143176
-0.046059
-0.0856289
-0.097463
-0.0950505
-0.0714928
-0.0418794
-0.0178766
-0.00592837
-0.00725733
-0.0108054
-0.00788276
0.0017667
0.0139552
0.02545
0.0352093
0.0434354
0.0505717
0.0567347
0.0614384
0.0622597
0.0556247
0.0413683
0.0261458
0.0194329
0.0231735
0.0314198
0.0385453
0.0430865
0.0454617
0.0462533
0.0460794
0.0463081
0.0471509
0.046114
0.040028
0.029035
0.0180328
0.0133061
0.0169906
0.0258344
0.0345714
0.040191
0.0423962
0.0424442
0.0420645
0.0422349
0.0417808
0.0382498
0.0303234
0.0198746
0.0114429
0.00916719
0.0137751
0.0224044
0.0310035
0.036949
0.0397679
0.0405218
0.0406204
0.0403388
0.0383269
0.0329681
0.0243215
0.0148871
0.00848531
0.00783029
0.0128874
0.0210464
0.0290484
0.0347965
0.0378974
0.039113
0.039341
0.0384376
0.0352934
0.0290545
0.0204955
0.0121723
0.00722833
0.00752786
0.0127077
0.0204397
0.0279893
0.0335973
0.0368943
0.0383819
0.0385642
0.037072
0.0330229
0.0260449
0.0172435
0.00909698
0.004383
0.0047115
0.00980581
0.0176415
0.0256678
0.0320459
0.0361726
0.0383201
0.0388855
0.0376266
0.0338124
0.0270192
0.0179862
0.00873545
0.00186627
-0.000543201
0.0021327
0.00889741
0.0175533
0.0257879
0.0320728
0.0359131
0.0373942
0.036482
0.0325974
0.0253224
0.0151492
0.003781
-0.00636461
-0.0130251
-0.014853
-0.0118253
-0.00515798
0.00310058
0.0107835
0.0161964
0.0183848
0.017053
0.0123022
0.00459743
-0.00518315
-0.0156113
-0.0247934
-0.030724
-0.031894
-0.0278181
-0.0192873
-0.0081088
0.00356998
0.0139154
0.0218985
0.0269719
0.0294898
0.0289145
0.0269438
0.0207246
0.0169775
0.00411426
0.0072902
0.10182
0.100864
0.0976573
0.0925102
0.0844733
0.0723572
0.0549407
0.0305277
-0.000402584
-0.0364033
-0.0681176
-0.0794641
-0.0785336
-0.0617079
-0.0395151
-0.0205364
-0.00949545
-0.00746243
-0.00707724
-0.00263586
0.00626689
0.0170034
0.0273462
0.0364325
0.0443044
0.0512238
0.0573175
0.0620289
0.0630944
0.0579234
0.046987
0.0357121
0.0306007
0.0325745
0.0378968
0.0429276
0.0464732
0.048659
0.0498661
0.050412
0.0510638
0.0518872
0.050972
0.0458668
0.0366005
0.0271632
0.0228346
0.025444
0.032309
0.0391532
0.0436312
0.0455128
0.0456938
0.0454381
0.0455735
0.0452536
0.0424283
0.0358092
0.0268369
0.019405
0.0171285
0.0206944
0.0277313
0.0348585
0.0398431
0.0422134
0.0427926
0.0427754
0.0425028
0.0408853
0.0364576
0.0290944
0.0208578
0.0151041
0.0142791
0.0184084
0.0252718
0.0320806
0.0370016
0.0396248
0.0405637
0.0406447
0.0398654
0.037295
0.0320807
0.0247292
0.0173961
0.0128853
0.0129279
0.0172642
0.0238822
0.0303956
0.0352409
0.0380428
0.0392205
0.0392834
0.0380263
0.0346891
0.028819
0.0212202
0.0140044
0.00967936
0.0097757
0.0141156
0.02093
0.0279551
0.03354
0.037114
0.0389016
0.0393021
0.0382082
0.0350008
0.02921
0.021331
0.0130637
0.00674664
0.00433927
0.00649156
0.0123512
0.019943
0.0271724
0.0326436
0.035896
0.0370345
0.0361301
0.0327548
0.0264718
0.0175098
0.00718761
-0.00237664
-0.00903716
-0.0114001
-0.00929682
-0.00375307
0.00338781
0.0101358
0.0149181
0.0168495
0.015677
0.0115411
0.0048778
-0.00355627
-0.0125531
-0.0204861
-0.0255972
-0.0265489
-0.0229087
-0.0153625
-0.00547439
0.00489486
0.0141507
0.0213803
0.0260546
0.0284842
0.0280165
0.0263725
0.0203526
0.0172581
0.0037881
0.00887147
0.0978795
0.0968078
0.0932149
0.0876154
0.0791741
0.0669773
0.0502368
0.0279739
0.00100413
-0.0286891
-0.0546423
-0.0654974
-0.0660536
-0.0543145
-0.0374978
-0.0220495
-0.0116785
-0.00732236
-0.00436335
0.00107305
0.0094582
0.0191526
0.0285916
0.0370616
0.044516
0.051086
0.0568036
0.061196
0.0625446
0.0590359
0.0511036
0.0427021
0.0384007
0.0391278
0.0425761
0.0462174
0.0490255
0.0509642
0.0523243
0.0533408
0.0543827
0.0552624
0.0544143
0.0499959
0.0421479
0.0341876
0.0304237
0.0322822
0.037506
0.0427403
0.046234
0.047819
0.0481174
0.0480086
0.0481427
0.0479267
0.0457065
0.0402957
0.0327442
0.0262837
0.0240185
0.0266342
0.0322362
0.0380273
0.0421195
0.044069
0.0445014
0.0443978
0.0441306
0.0428634
0.0393117
0.0332042
0.0261695
0.021077
0.0200967
0.023332
0.0289594
0.0346344
0.0387638
0.0409298
0.0416139
0.0415614
0.0408887
0.0388494
0.0346232
0.028475
0.0221562
0.0181078
0.0179136
0.0214218
0.0269464
0.0324468
0.0365475
0.0388693
0.0397503
0.039692
0.0386417
0.035976
0.0311935
0.0248146
0.0185727
0.0146782
0.0145625
0.018146
0.0239269
0.0299398
0.0347265
0.0377491
0.0391808
0.0394107
0.0384584
0.0358328
0.031047
0.0243669
0.0171563
0.0114631
0.00909941
0.0107323
0.0156591
0.0221474
0.0283396
0.0329839
0.0356527
0.0364525
0.0355293
0.0326128
0.0272981
0.0196098
0.0104902
0.00170605
-0.00478297
-0.00758478
-0.00639692
-0.00204104
0.00387526
0.00957257
0.0136253
0.0152234
0.0141398
0.0105342
0.00481892
-0.00233897
-0.00992377
-0.0165791
-0.0208261
-0.0215273
-0.0183081
-0.011744
-0.00315296
0.00589149
0.014032
0.0204779
0.0247224
0.0270429
0.0266894
0.0254181
0.0196703
0.0173475
0.00335411
0.0105254
0.094365
0.0932084
0.0893303
0.0834226
0.074756
0.0626565
0.0466608
0.0263022
0.00254366
-0.0224879
-0.0441706
-0.0543893
-0.0558637
-0.0476175
-0.034791
-0.0222244
-0.0127703
-0.00723701
-0.00268547
0.00347111
0.0115937
0.0205967
0.0293574
0.0372982
0.0443378
0.0505369
0.0558696
0.0599262
0.0614333
0.0591067
0.0533453
0.0470571
0.0435175
0.0436311
0.0459426
0.048659
0.0509147
0.0525904
0.0539131
0.0551153
0.0563797
0.0573279
0.0565731
0.0526766
0.0459944
0.039408
0.0363017
0.0376227
0.0415059
0.0454422
0.0481369
0.0494491
0.0498152
0.0498477
0.050017
0.0498798
0.0481155
0.0436946
0.0373728
0.0317875
0.0295846
0.0314478
0.035872
0.0405282
0.0438351
0.0454068
0.0457233
0.0455686
0.0453086
0.04432
0.0415118
0.0365217
0.0305908
0.0261191
0.0250146
0.0274668
0.0320161
0.036696
0.0401182
0.041874
0.0423416
0.0421815
0.0415922
0.0399987
0.0366419
0.0315931
0.0262293
0.0226325
0.0222355
0.0249936
0.0295305
0.0341193
0.0375494
0.0394402
0.0400597
0.0398906
0.0390062
0.03692
0.0331163
0.0278741
0.0225685
0.0191072
0.0188102
0.0216901
0.0265065
0.0315798
0.0356305
0.0381492
0.0392581
0.0393273
0.0384836
0.0363673
0.0325042
0.0269662
0.0207959
0.0157426
0.0134531
0.0146028
0.0186371
0.0240683
0.0292752
0.0331455
0.0352795
0.0357711
0.0348114
0.0322744
0.027824
0.0213492
0.0134603
0.00556026
-0.000624756
-0.00375127
-0.00340417
-0.000204767
0.004487
0.00911606
0.0124155
0.0136515
0.012611
0.00944608
0.00453994
-0.00151062
-0.0078423
-0.0133315
-0.0167623
-0.0172007
-0.0143367
-0.00865025
-0.00123784
0.00658801
0.0136873
0.0193883
0.023212
0.0254155
0.0251689
0.0242746
0.0188239
0.017315
0.00287001
0.0121725
0.09131
0.0900928
0.0860105
0.0799027
0.0711334
0.0592272
0.0439611
0.0252244
0.004027
-0.0175576
-0.036102
-0.0457547
-0.0479884
-0.042355
-0.0324952
-0.022065
-0.0133402
-0.00707703
-0.00147702
0.00515634
0.013089
0.0215838
0.0298131
0.0373044
0.0439641
0.0498162
0.0548167
0.0586
0.0601997
0.0587
0.0544715
0.0497091
0.0468587
0.0467225
0.0483534
0.0504505
0.0522913
0.0537209
0.0549128
0.0560891
0.057372
0.0583184
0.0576977
0.0543648
0.0487771
0.0433823
0.0407906
0.0416251
0.0444521
0.0474113
0.0494938
0.0505557
0.0509215
0.0510532
0.0512779
0.0512141
0.0497739
0.046085
0.0407296
0.0358936
0.033833
0.0351802
0.0386963
0.0424305
0.0450747
0.0463168
0.0465386
0.0463646
0.046119
0.045338
0.0431063
0.0390233
0.0340201
0.0300891
0.0289096
0.0307464
0.0344333
0.0382965
0.0411187
0.0425213
0.0428148
0.042579
0.042054
0.0408056
0.0381517
0.0340272
0.0294923
0.026302
0.0257473
0.0278813
0.0315967
0.0354248
0.0382891
0.0398148
0.0402185
0.0399593
0.0392001
0.0375761
0.0345848
0.0303198
0.0258446
0.0227838
0.0223429
0.0246163
0.0286001
0.0328665
0.0362879
0.0383772
0.0392132
0.0391446
0.0383774
0.0366742
0.0335932
0.0290588
0.0238321
0.0193809
0.0171832
0.0179128
0.0211524
0.0256433
0.0299805
0.0331764
0.0348522
0.0350823
0.0340799
0.0318369
0.0281014
0.0226878
0.0159412
0.00892782
0.00312323
-0.000212878
-0.000584027
0.0015709
0.0051327
0.00876299
0.011351
0.0122366
0.0112129
0.00840823
0.00416609
-0.000978903
-0.00628102
-0.0107987
-0.0135326
-0.0137252
-0.0111328
-0.00616653
0.000257836
0.00704585
0.0132432
0.0182863
0.0217275
0.023821
0.023661
0.0231129
0.0179433
0.0172153
0.00238969
0.0136975
0.0887383
0.0874795
0.0832559
0.0770259
0.068232
0.0565573
0.0419531
0.0245499
0.00535687
-0.0136861
-0.0299303
-0.0390689
-0.0418051
-0.0379812
-0.0302631
-0.0214708
-0.0134425
-0.00686896
-0.000663856
0.00626861
0.0140802
0.0222216
0.0300525
0.0371822
0.0435195
0.049075
0.0538031
0.0573802
0.0590488
0.0581413
0.0549997
0.0513408
0.0490557
0.0488407
0.0500626
0.0517443
0.0532761
0.0544935
0.0555328
0.0565944
0.0577818
0.0586687
0.0581942
0.0554321
0.0508033
0.0463123
0.0440281
0.04446
0.0465355
0.0488102
0.0504433
0.051283
0.0515912
0.0517584
0.0520256
0.0520352
0.0508394
0.047681
0.0430566
0.038844
0.0369755
0.0379865
0.0408139
0.0438234
0.0459335
0.0468965
0.0470325
0.0468538
0.0466344
0.0460098
0.0441988
0.0407938
0.0365073
0.0330179
0.0318211
0.0332255
0.0362703
0.0394954
0.0418272
0.0429345
0.0430913
0.0428095
0.0423374
0.041342
0.039216
0.035809
0.0319373
0.0290856
0.028424
0.0300836
0.0331684
0.0364028
0.0388142
0.0400433
0.0402781
0.0399541
0.039288
0.0380089
0.0356422
0.0321527
0.0283566
0.025636
0.0250903
0.0268803
0.0301995
0.0338229
0.0367417
0.0384871
0.0391056
0.0389292
0.0382148
0.0368257
0.0343597
0.0306393
0.0262006
0.0222685
0.020165
0.0205542
0.0231368
0.026851
0.0304741
0.0331206
0.0344279
0.0344503
0.0334097
0.0313842
0.0282023
0.0236468
0.0178687
0.0116535
0.00624111
0.00279083
0.00184674
0.00312913
0.00572552
0.00849314
0.0104621
0.0110388
0.0100207
0.00750445
0.00379176
-0.000641311
-0.00514079
-0.00890071
-0.0110846
-0.0110725
-0.00867853
-0.00426887
0.0013777
0.00733612
0.0128004
0.0172987
0.0204143
0.0224087
0.0223133
0.0220598
0.0171283
0.0170884
0.0019562
0.0149849
0.0866663
0.0853801
0.0810624
0.0747633
0.0659876
0.0545395
0.0404936
0.0241392
0.00646503
-0.0107397
-0.0253357
-0.0340628
-0.0371705
-0.0346477
-0.0284856
-0.0208989
-0.0134141
-0.00668377
-9.8561e-05
0.0070264
0.0147508
0.0226372
0.0301686
0.0370146
0.0430921
0.0484092
0.052925
0.0563534
0.0580794
0.0575948
0.0552155
0.052337
0.0504849
0.0502717
0.0512534
0.05266
0.0539658
0.0550108
0.0559108
0.0568523
0.0579232
0.0587351
0.0583698
0.0560455
0.0521213
0.0482695
0.0462007
0.0463789
0.0479679
0.0497836
0.0510948
0.0517491
0.0519739
0.0521237
0.0524002
0.0524668
0.0514675
0.0487211
0.0446637
0.0409466
0.0392487
0.0400194
0.0423334
0.0448011
0.046505
0.0472424
0.0472964
0.0471115
0.0469228
0.0464207
0.0449104
0.0419861
0.0382197
0.0350736
0.0339041
0.0350298
0.0376165
0.0403609
0.0423075
0.0431761
0.0432257
0.0429186
0.0424925
0.0416778
0.0399254
0.0370359
0.0336543
0.0310651
0.0303445
0.0316763
0.0343111
0.0371081
0.0391726
0.0401693
0.0402766
0.0399117
0.0393152
0.0382795
0.0363587
0.0334371
0.0301517
0.0276968
0.0270834
0.0285205
0.0313505
0.0344975
0.0370395
0.0385233
0.0389774
0.0387229
0.0380469
0.0368835
0.0348663
0.0317536
0.027918
0.0243947
0.0223753
0.0225112
0.0245935
0.027715
0.0307928
0.0330203
0.0340481
0.0339151
0.0328459
0.0309759
0.0281974
0.0242846
0.0192578
0.0136903
0.00862646
0.00512817
0.00376298
0.00437196
0.00620834
0.0082899
0.00976238
0.0100887
0.00907057
0.00677737
0.00347122
-0.000423437
-0.00432382
-0.00752255
-0.00929869
-0.00913188
-0.00688033
-0.00288038
0.0021871
0.00752059
0.012425
0.0165006
0.0193569
0.0212682
0.0212166
0.0211951
0.0164462
0.0169636
0.0015968
0.0159706
0.0851048
0.0838015
0.0794244
0.0730898
0.0643492
0.0530935
0.0394811
0.0239011
0.00731833
-0.0086099
-0.0220698
-0.030482
-0.0338293
-0.0321699
-0.0270626
-0.0203208
-0.0132572
-0.00649451
0.000290061
0.00751847
0.0151781
0.0228892
0.0302089
0.0368479
0.0427323
0.0478732
0.0522363
0.0555637
0.0573341
0.0571394
0.0552759
0.0529292
0.0513898
0.0512074
0.0520508
0.0532801
0.054428
0.0553431
0.056132
0.0569761
0.0579523
0.0587003
0.0583981
0.0563598
0.0529053
0.0494864
0.0475845
0.0476264
0.0489161
0.0504342
0.0515234
0.0520362
0.052182
0.0522945
0.0525594
0.0526629
0.0518139
0.049381
0.0457448
0.0423838
0.0408001
0.0413968
0.0433547
0.0454483
0.0468661
0.0474338
0.0474154
0.0472181
0.0470536
0.0466455
0.0453496
0.0427603
0.0393588
0.0364648
0.035335
0.0362834
0.0385528
0.040952
0.0426137
0.0433007
0.043268
0.0429461
0.0425587
0.0418719
0.0403739
0.0378361
0.0347924
0.0323925
0.0316467
0.0327692
0.0351018
0.0375929
0.0394048
0.0402281
0.0402429
0.0398545
0.0393101
0.0384388
0.0368158
0.0342779
0.0313441
0.0290782
0.0284263
0.0296283
0.0321265
0.0349462
0.037224
0.0385206
0.0388576
0.0385516
0.0379052
0.036896
0.035182
0.0324842
0.0290669
0.0258331
0.0238789
0.0238427
0.0255775
0.0282845
0.0309792
0.032911
0.0337417
0.0335013
0.0324154
0.0306536
0.0281512
0.0246817
0.0201835
0.0150848
0.0102878
0.00677586
0.00512564
0.00526023
0.00655212
0.00813751
0.00924762
0.00938928
0.00836985
0.00623931
0.00322817
-0.000280136
-0.00375592
-0.00656119
-0.00805395
-0.00778022
-0.00562879
-0.00191511
0.00274653
0.00763927
0.0121452
0.0159161
0.0185819
0.0204298
0.0204049
0.020552
0.0159296
0.0168607
0.00132192
0.0166572
0.0840607
0.0827476
0.0783361
0.0719856
0.0632782
0.0521606
0.0388429
0.0237726
0.00789439
-0.00722895
-0.0199775
-0.0281816
-0.0316798
-0.0305615
-0.0261221
-0.0199226
-0.0131401
-0.00637338
0.000524258
0.00781395
0.0154341
0.0230353
0.0302183
0.0367208
0.0424765
0.0475009
0.051765
0.0550301
0.056831
0.056818
0.0552737
0.0532581
0.0519218
0.051773
0.0525425
0.0536657
0.0547125
0.0555403
0.0562522
0.0570291
0.0579398
0.0586425
0.0583744
0.0565084
0.0533402
0.05019
0.0484032
0.0483782
0.0494965
0.0508348
0.0517831
0.0522005
0.0522883
0.0523694
0.0526202
0.0527437
0.05199
0.0497567
0.0463874
0.0432512
0.0417415
0.0422353
0.0439779
0.0458411
0.0470773
0.0475315
0.0474592
0.0472482
0.0470982
0.0467526
0.0455968
0.0432244
0.0400596
0.0373311
0.0362324
0.0370732
0.0391424
0.0413187
0.0427923
0.0433562
0.0432661
0.0429344
0.0425739
0.0419702
0.0406327
0.0383154
0.0354851
0.033209
0.032456
0.0334565
0.0356028
0.0378983
0.0395432
0.040249
0.0402019
0.0398007
0.0392913
0.0385217
0.0370797
0.0347757
0.0320591
0.0299138
0.0292446
0.0303089
0.0326052
0.0352213
0.0373306
0.0385048
0.0387652
0.038428
0.0378028
0.0368892
0.0353591
0.032913
0.0297519
0.0266986
0.0247893
0.0246519
0.0261751
0.0286254
0.0310795
0.0328233
0.0335277
0.0332197
0.0321255
0.0304326
0.0281007
0.0249035
0.0207323
0.0159284
0.0113052
0.00779408
0.00597387
0.00581609
0.00676677
0.00803731
0.00891451
0.00893566
0.00791406
0.00588825
0.00306762
-0.000192277
-0.00339711
-0.00595337
-0.00726817
-0.00692796
-0.00484005
-0.00130644
0.00309976
0.0077141
0.0119668
0.0155429
0.0180851
0.0198909
0.0198805
0.0201355
0.01559
0.0167903
0.00113679
0.0170853
0.0835377
0.0822205
0.077793
0.0714372
0.0627492
0.0517036
0.0385351
0.0237176
0.00818502
-0.00654886
-0.0189548
-0.0270543
-0.0306227
-0.0297592
-0.025637
-0.019698
-0.0130549
-0.00629742
0.000643968
0.00795622
0.015554
0.0231003
0.0302154
0.0366498
0.0423411
0.047308
0.0515245
0.0547613
0.0565793
0.0566552
0.0552646
0.0534079
0.0521705
0.0520404
0.0527764
0.0538489
0.0548456
0.0556289
0.056301
0.0570438
0.0579224
0.0586038
0.058353
0.0565703
0.0535393
0.0505179
0.0487873
0.0487332
0.0497716
0.0510242
0.0519032
0.0522719
0.0523288
0.0523936
0.0526378
0.0527719
0.0520643
0.049926
0.046684
0.0436563
0.0421837
0.0426306
0.0442715
0.0460245
0.0471721
0.0475688
0.0474675
0.0472483
0.0471064
0.0467938
0.0457089
0.0434445
0.0403965
0.0377499
0.0366669
0.0374553
0.0394263
0.0414923
0.0428718
0.0433726
0.043252
0.0429147
0.0425685
0.0420077
0.040751
0.038544
0.0358203
0.0336064
0.0328511
0.0337931
0.0358481
0.0380462
0.0396064
0.0402517
0.0401722
0.0397649
0.0392736
0.0385544
0.0372004
0.0350095
0.0323982
0.0303119
0.0296354
0.030635
0.0328347
0.0353522
0.0373786
0.0384916
0.0387136
0.0383616
0.0377481
0.0368814
0.035439
0.0331118
0.0300716
0.0271036
0.0252161
0.0250315
0.0264549
0.0287825
0.0311209
0.0327737
0.033417
0.0330767
0.0319805
0.0303222
0.0280728
0.0250048
0.0209875
0.0163225
0.0117815
0.00827142
0.0063716
0.00607599
0.00686466
0.00798392
0.00874825
0.00871068
0.00768833
0.00571464
0.00298857
-0.000148487
-0.00322001
-0.00565453
-0.0068831
-0.00651172
-0.00445581
-0.00101047
0.00327121
0.00775
0.0118792
0.0153599
0.0178413
0.0196268
0.0196224
0.019932
0.01542
0.0167586
0.00103594
0.0172958
-0.458558
-0.233288
-0.112941
-0.458557
-0.233284
-0.313919
-0.323341
-0.427037
-0.313919
-0.323341
0.158428
0.452275
0.343732
0.371105
0.15843
0.452275
0.343733
-0.0909687
-0.312615
-0.312616
-0.293634
-0.316675
-0.315577
-0.307702
-0.293635
-0.316676
-0.315577
0.52071
0.466226
0.52071
-0.325775
-0.385441
-0.325776
-0.385443
0.451719
0.518768
0.451719
-0.406069
-0.488009
-0.40607
-0.48801
0.310422
0.341089
0.102621
0.430776
0.310423
0.34109
0.102624
-0.173969
-0.173964
-0.542328
-0.542327
-0.514934
-0.52566
-0.549861
-0.500631
-0.514934
-0.52566
-0.549861
-0.205837
-0.662894
-0.326599
-0.205836
-0.662894
-0.556863
-0.661209
-0.549139
-0.556863
-0.661206
-0.549139
-0.264274
-0.136251
-0.340227
-0.0843209
-0.264274
-0.13625
-0.340228
-0.2892
-0.402033
-0.31056
-0.313159
-0.289201
-0.402032
-0.310561
0.142416
0.304285
0.143285
0.234501
0.142416
0.304285
0.143287
-0.405918
-0.428089
-0.392026
-0.452489
-0.393061
-0.452932
-0.405611
-0.253419
-0.304012
-0.27555
-0.290072
-0.25342
-0.304012
-0.27555
-0.0833671
-0.31318
-0.308071
-0.302174
-0.313044
-0.302392
-0.312787
-0.313125
-0.345048
-0.336896
-0.336814
-0.345176
-0.417116
-0.39437
-0.394156
-0.417372
-0.49496
-0.497213
-0.477962
-0.516426
-0.477656
-0.519227
-0.494564
0.0865108
0.189226
0.0784542
0.266372
0.0865128
0.189227
0.0784548
-0.500387
-0.323924
-0.236259
-0.238582
-0.504392
-0.565908
-0.537876
-0.570496
-0.532221
-0.565908
-0.537875
-0.570496
-0.502135
-0.177718
-0.408346
-0.239657
-0.502135
-0.177718
-0.408345
-0.54225
-0.490286
-0.491312
-0.621122
-0.54225
-0.490285
-0.491313
-0.35485
-0.460418
-0.342324
-0.483142
-0.343459
-0.484551
-0.353924
-0.363307
-0.230905
-0.140633
-0.143098
-0.366593
-0.354852
-0.460418
-0.342326
-0.483141
-0.343462
-0.484551
-0.353925
-0.363305
-0.230903
-0.140629
-0.143096
-0.36659
-0.339571
-0.323325
-0.320694
-0.320927
-0.339681
-0.405918
-0.428089
-0.392025
-0.452489
-0.393061
-0.452932
-0.40561
-0.339571
-0.323326
-0.320694
-0.320928
-0.339681
0.366636
0.157056
0.299613
0.140203
0.298854
0.138435
0.368377
0.41347
0.363427
0.234959
0.473279
0.204717
0.477472
0.416205
0.366636
0.157057
0.299614
0.140205
0.298855
0.138437
0.368378
0.413471
0.363428
0.23496
0.47328
0.204718
0.477472
0.416205
-0.0833642
-0.312681
-0.312682
-0.321578
-0.315672
-0.314945
-0.326272
-0.315741
-0.326192
-0.321384
-0.313182
-0.308072
-0.302175
-0.313045
-0.302393
-0.312788
-0.313126
-0.321579
-0.315673
-0.314946
-0.326274
-0.315742
-0.326194
-0.321385
0.569016
0.5013
0.504551
0.566903
0.606368
0.625408
0.62655
0.604911
0.569016
0.5013
0.504551
0.566903
0.606369
0.625408
0.62655
0.604911
-0.357959
-0.374061
-0.373876
-0.358094
-0.345051
-0.336898
-0.336817
-0.345178
-0.357962
-0.374063
-0.373879
-0.358096
0.598943
0.622916
0.624067
0.597451
0.556355
0.483045
0.486404
0.554173
0.598943
0.622916
0.624067
0.597451
0.556355
0.483046
0.486405
0.554173
-0.441008
-0.465774
-0.465442
-0.441305
-0.417118
-0.394372
-0.394159
-0.417374
-0.44101
-0.465777
-0.465444
-0.441308
0.385474
0.330609
0.449246
0.193946
0.453596
0.162993
0.388129
0.332456
0.101367
0.0907462
0.257696
0.0887945
0.256957
0.334171
0.385475
0.33061
0.449247
0.193947
0.453597
0.162995
0.38813
0.332457
0.101369
0.0907483
0.257697
0.0887963
0.256959
0.334172
-0.165699
-0.165696
-0.542391
-0.54239
-0.511231
-0.526351
-0.52899
-0.51552
-0.529105
-0.515548
-0.511262
-0.494961
-0.497213
-0.477963
-0.516427
-0.477657
-0.519227
-0.494566
-0.511231
-0.526351
-0.528991
-0.51552
-0.529104
-0.515548
-0.511263
-0.523677
-0.664982
-0.694554
-0.503463
-0.695856
-0.504658
-0.523159
-0.500384
-0.323921
-0.236255
-0.23858
-0.504388
-0.523678
-0.664981
-0.694554
-0.503464
-0.695856
-0.504659
-0.52316
-0.572684
-0.556964
-0.552543
-0.552799
-0.572824
-0.651811
-0.662316
-0.695321
-0.631259
-0.695571
-0.632465
-0.651421
-0.572683
-0.556963
-0.552542
-0.552798
-0.572823
-0.651811
-0.662314
-0.695319
-0.63126
-0.695569
-0.632464
-0.651421
-0.360067
-0.113938
-0.308384
-0.134688
-0.308296
-0.136968
-0.360991
0.364963
0.336534
0.406008
0.311325
0.364963
0.336534
0.406008
-0.340128
-0.337486
-0.380468
-0.317166
-0.340128
-0.337486
-0.380469
0.436292
0.359738
0.45076
0.352121
0.436292
0.359738
0.45076
0.56909
0.467519
0.544457
0.500901
0.545984
0.502032
0.567807
-0.371624
-0.391772
-0.418525
-0.357697
-0.371625
-0.391772
-0.418525
0.447517
0.343806
0.426407
0.357161
0.447517
0.343806
0.426407
0.584083
0.519916
0.595734
0.507859
0.596958
0.509046
0.582826
-0.443181
-0.490747
-0.49365
-0.435582
-0.443181
-0.490746
-0.49365
0.389408
0.292573
0.342067
0.322939
0.389408
0.292573
0.342067
-0.545346
-0.58021
-0.540291
-0.546432
-0.545346
-0.58021
-0.540291
-0.532528
-0.528696
-0.53233
-0.528628
-0.532532
-0.524143
-0.52419
-0.360066
-0.113938
-0.308383
-0.134686
-0.308296
-0.136967
-0.360989
-0.342905
-0.314245
-0.331989
-0.328623
-0.332616
-0.328747
-0.342829
-0.342905
-0.314246
-0.331989
-0.328623
-0.332616
-0.328748
-0.342829
0.59029
0.521855
0.513901
0.597811
0.515076
0.59903
0.589052
0.56909
0.46752
0.544457
0.500901
0.545984
0.502033
0.567807
0.59029
0.521855
0.513901
0.597811
0.515077
0.59903
0.589052
-0.347285
-0.325815
-0.338502
-0.349167
-0.338523
-0.34909
-0.34738
-0.361293
-0.385301
-0.362447
-0.376896
-0.362369
-0.376756
-0.361398
-0.347288
-0.32582
-0.338503
-0.349168
-0.338527
-0.349093
-0.347381
-0.361296
-0.385304
-0.362448
-0.376898
-0.362372
-0.376759
-0.3614
0.558553
0.453042
0.490829
0.529483
0.491978
0.531069
0.55724
0.584084
0.519916
0.595733
0.507859
0.596958
0.509047
0.582827
0.558554
0.453043
0.490829
0.529483
0.491979
0.53107
0.55724
-0.415814
-0.405915
-0.395603
-0.430684
-0.395419
-0.430482
-0.416115
-0.441393
-0.487646
-0.457532
-0.460364
-0.45731
-0.459843
-0.44167
-0.415816
-0.405918
-0.395605
-0.430685
-0.395421
-0.430485
-0.416116
-0.441395
-0.48765
-0.457532
-0.460363
-0.457312
-0.459846
-0.44167
-0.502207
-0.206884
-0.227875
-0.437966
-0.230328
-0.437905
-0.503502
-0.502205
-0.206882
-0.227873
-0.437964
-0.230326
-0.437904
-0.503499
-0.575731
-0.549676
-0.571711
-0.561901
-0.571662
-0.562618
-0.575687
-0.575729
-0.549674
-0.571711
-0.5619
-0.571661
-0.562616
-0.575686
0.137656
0.128137
0.248547
0.123679
0.247747
0.192895
0.193514
0.137658
0.128137
0.248548
0.12368
0.247748
0.192896
0.193515
-0.304236
-0.302521
-0.298532
-0.30295
-0.298757
-0.285536
-0.285088
-0.304236
-0.302521
-0.298533
-0.302951
-0.298758
-0.285537
-0.285088
0.0807423
0.200438
0.0649179
0.199676
0.0603996
0.139304
0.139888
0.0807443
0.200439
0.0649186
0.199678
0.0604017
0.139306
0.139889
-0.532527
-0.528696
-0.53233
-0.528627
-0.532531
-0.524142
-0.524189
0.103528
0.192865
0.118252
0.14698
0.103528
0.192865
0.118252
-0.23659
-0.275083
-0.275379
-0.264413
-0.23659
-0.275083
-0.27538
0.291339
0.28857
0.323044
0.252989
0.291339
0.28857
0.323044
-0.310411
-0.301485
-0.345729
-0.285855
-0.310411
-0.301486
-0.34573
0.294173
0.225463
0.25676
0.264754
0.294173
0.225463
0.25676
-0.5643
-0.581991
-0.500241
-0.589048
-0.5643
-0.581991
-0.500241
0.049433
0.0935805
0.0321567
0.141487
0.0494335
0.0935807
0.0321569
-0.556195
-0.455409
-0.4835
-0.507793
-0.556195
-0.455408
-0.4835
)
;

boundaryField
{
    inlet
    {
        type            zeroGradient;
    }
    outlet
    {
        type            fixedValue;
        value           uniform 0;
    }
    top
    {
        type            symmetryPlane;
    }
    bottom
    {
        type            symmetryPlane;
    }
    front
    {
        type            symmetryPlane;
    }
    back
    {
        type            symmetryPlane;
    }
    cylinder
    {
        type            zeroGradient;
    }
}


// ************************************************************************* //
