/*--------------------------------*- C++ -*----------------------------------*\
  =========                 |
  \\      /  F ield         | OpenFOAM: The Open Source CFD Toolbox
   \\    /   O peration     | Website:  https://openfoam.org
    \\  /    A nd           | Version:  11
     \\/     M anipulation  |
\*---------------------------------------------------------------------------*/
FoamFile
{
    format      ascii;
    class       volScalarField;
    location    "18.251572";
    object      p;
}
// * * * * * * * * * * * * * * * * * * * * * * * * * * * * * * * * * * * * * //

dimensions      [0 2 -2 0 0 0 0];

internalField   nonuniform List<scalar> 
7132
(
0.0824236
0.0813021
0.0774619
0.0718869
0.0641015
0.0539253
0.041397
0.0266855
0.0105235
-0.00593272
-0.0210421
-0.0329112
-0.0404445
-0.0431946
-0.0410607
-0.0349026
-0.0261254
-0.0161389
-0.00621329
0.00267543
0.00982006
0.0148512
0.0179138
0.0197578
0.0213538
0.0233366
0.0257676
0.0283743
0.0308673
0.0331097
0.0351447
0.0370699
0.0388951
0.0403282
0.0407523
0.0396406
0.0371888
0.0344729
0.0326829
0.0322993
0.0329497
0.0339399
0.0347546
0.0352324
0.0355097
0.0358417
0.0363798
0.0368534
0.0365278
0.034729
0.0316494
0.0285276
0.0267332
0.0267388
0.0279566
0.0294092
0.0304111
0.0307832
0.030731
0.030614
0.0306688
0.0306924
0.0300264
0.0280673
0.0250117
0.0220272
0.0204446
0.0207595
0.0223811
0.0242309
0.0255019
0.0259635
0.0258349
0.0255097
0.0252383
0.0248586
0.0238459
0.0217864
0.0189502
0.0163513
0.0150876
0.0155696
0.0172936
0.0192772
0.020706
0.0212835
0.0211779
0.0207554
0.0202477
0.0195307
0.0182297
0.0161391
0.013617
0.0115222
0.0106694
0.011297
0.0129539
0.0148313
0.0162326
0.0168536
0.0167824
0.0162992
0.0155941
0.0146047
0.0131298
0.0111533
0.00907591
0.00757836
0.00719808
0.00799767
0.00955087
0.011216
0.0124583
0.0130293
0.0129638
0.0124426
0.011604
0.0104551
0.00896594
0.0072693
0.00575335
0.00490305
0.00500959
0.00599608
0.00746603
0.00892195
0.00997723
0.0104563
0.010377
0.00985422
0.00898996
0.00783901
0.00647729
0.00510589
0.00406022
0.00366639
0.00405661
0.00508774
0.00641329
0.00764903
0.0085131
0.00888047
0.00876275
0.0082371
0.00738897
0.00629822
0.00509621
0.00400426
0.00330306
0.00323186
0.0037714
0.00488056
0.0059058
0.00725694
0.00710623
0.00862688
0.0050981
0.00978789
-0.00304926
0.015859
0.082876
0.0817631
0.0779527
0.0724046
0.0646323
0.0544277
0.0418068
0.026902
0.0104529
-0.00637435
-0.0218513
-0.0339635
-0.041619
-0.0443727
-0.0420735
-0.0356184
-0.0264947
-0.0161767
-0.00598588
0.00307569
0.0102851
0.0152648
0.0181757
0.0198302
0.0212756
0.0231853
0.0256074
0.0282398
0.0307724
0.0330585
0.0351394
0.0371096
0.0389786
0.0404454
0.0408649
0.0396797
0.0370909
0.034234
0.0323652
0.031984
0.0326884
0.0337445
0.034617
0.0351401
0.0354522
0.03581
0.0363688
0.0368529
0.0365043
0.034625
0.0314164
0.028172
0.0263234
0.02636
0.0276647
0.029213
0.0302922
0.0307165
0.0306942
0.0305901
0.0306461
0.0306534
0.0299383
0.0278876
0.0247144
0.02163
0.0200102
0.0203636
0.0220794
0.0240389
0.025403
0.0259268
0.0258299
0.0255136
0.0252352
0.0248247
0.0237453
0.021584
0.0186379
0.0159623
0.0146837
0.0152127
0.0170264
0.0191131
0.0206337
0.0212765
0.0212053
0.0207908
0.0202691
0.0195102
0.0181333
0.0159417
0.0133232
0.011173
0.0103247
0.0110097
0.0127546
0.0147248
0.0162058
0.0168839
0.0168431
0.0163635
0.0156358
0.0145938
0.0130386
0.0109692
0.00881452
0.0072829
0.00692251
0.00778564
0.00942403
0.0111725
0.0124819
0.0130975
0.0130521
0.0125257
0.0116551
0.0104471
0.00887941
0.0071031
0.00553045
0.00466523
0.004802
0.00585218
0.00739907
0.00892594
0.0100347
0.0105456
0.0104757
0.00993952
0.00903826
0.0078287
0.00639654
0.0049603
0.00387479
0.0034784
0.00390277
0.00499311
0.00638545
0.00768013
0.0085862
0.00897548
0.00885938
0.00831503
0.00742793
0.00628145
0.00501724
0.00387228
0.00314366
0.00307855
0.00365734
0.00482497
0.00591853
0.00732435
0.00722324
0.00876108
0.00523936
0.00993226
-0.00307218
0.016169
0.0837772
0.0826826
0.0789337
0.0734442
0.0657034
0.0554484
0.0426474
0.0273551
0.0103246
-0.00726464
-0.0234953
-0.0360951
-0.0439898
-0.046745
-0.0441013
-0.0370365
-0.0272094
-0.0162218
-0.00549695
0.0039108
0.0112467
0.0161144
0.0187058
0.0199629
0.021096
0.0228583
0.0252665
0.0279531
0.0305654
0.0329378
0.035109
0.0371692
0.0391284
0.0406676
0.0410811
0.0397445
0.03687
0.0337179
0.0316874
0.0313171
0.032139
0.0333333
0.0343229
0.0349346
0.0353131
0.0357203
0.0363216
0.0368275
0.0364317
0.0343851
0.030907
0.0274063
0.0254469
0.0255549
0.0270465
0.0287965
0.0300343
0.0305614
0.0305947
0.0305138
0.030573
0.0305503
0.029737
0.0274976
0.0240807
0.0207907
0.0190958
0.0195316
0.0214437
0.0236299
0.0251836
0.0258304
0.0257926
0.0254917
0.0252
0.0247314
0.0235211
0.021157
0.0179905
0.0151613
0.0138546
0.0144804
0.0164769
0.018771
0.0204739
0.0212441
0.0212388
0.0208394
0.0202912
0.0194502
0.017921
0.0155253
0.0127119
0.0104505
0.00961389
0.010419
0.012345
0.0145034
0.0161437
0.0169341
0.0169525
0.0164809
0.0157087
0.0145612
0.0128414
0.0105806
0.0082666
0.00666542
0.00634731
0.00734376
0.00915837
0.0110776
0.0125229
0.013228
0.0132234
0.0126879
0.0117536
0.0104252
0.00869504
0.00675261
0.00506142
0.00416498
0.00436489
0.0055479
0.00725391
0.0089266
0.0101446
0.0107204
0.0106707
0.0101092
0.00913379
0.00780427
0.00622587
0.00465377
0.00348415
0.00308162
0.0035768
0.00479
0.00632033
0.00773627
0.00872854
0.00916325
0.00905196
0.00847139
0.00750587
0.00624497
0.00485121
0.00359457
0.00280712
0.00275333
0.00341287
0.00470149
0.0059351
0.00745389
0.00745289
0.00902809
0.00552128
0.0102188
-0.00310476
0.0167343
0.0851202
0.0840552
0.0804053
0.075014
0.0673342
0.0570184
0.0439586
0.0280814
0.0101562
-0.00863363
-0.0260535
-0.0394074
-0.0476868
-0.0504713
-0.0472995
-0.0392728
-0.0283366
-0.0162998
-0.00474458
0.00520183
0.0127353
0.0174215
0.0194963
0.0201121
0.0207505
0.0222936
0.0246977
0.0274813
0.0302212
0.0327249
0.0350301
0.0372242
0.0393187
0.0409696
0.041372
0.0397885
0.0364479
0.0328198
0.0305429
0.0302147
0.031247
0.0326712
0.0338445
0.0345879
0.0350602
0.0355363
0.0361947
0.0367263
0.0362451
0.033919
0.0300003
0.0260876
0.0239647
0.0242137
0.0260295
0.0281153
0.0296058
0.0302865
0.0303937
0.0303355
0.0303912
0.0303199
0.0293564
0.0268281
0.023036
0.0194277
0.0176177
0.0181876
0.0204159
0.022962
0.0248105
0.0256416
0.0256866
0.0254037
0.0250922
0.0245363
0.0231226
0.0204398
0.0169277
0.013863
0.0125235
0.0133166
0.0156077
0.0182253
0.0202044
0.0211631
0.0212542
0.0208789
0.0202929
0.0193239
0.0175507
0.0148268
0.0117027
0.00926947
0.00846221
0.00947195
0.0116926
0.014148
0.0160325
0.0169912
0.0170991
0.0166423
0.0158033
0.0144879
0.0125014
0.00993
0.00736017
0.00565218
0.00540983
0.00662766
0.00872701
0.0109168
0.0125729
0.0134149
0.0134735
0.0129262
0.0118936
0.010373
0.00837969
0.00616756
0.00428565
0.00334247
0.00364912
0.00504954
0.00701108
0.00891427
0.0103025
0.0109787
0.0109611
0.0103618
0.00927044
0.0077494
0.00593493
0.00414304
0.00283851
0.00242873
0.00304118
0.00445376
0.00620478
0.00781211
0.00893899
0.00944443
0.00934138
0.00870525
0.00761617
0.00617211
0.00456912
0.00313176
0.00224963
0.00221576
0.00300693
0.00449041
0.00594633
0.00764206
0.00779786
0.00942532
0.00595819
0.010621
-0.00307772
0.0173957
0.0868933
0.0858717
0.0823667
0.0771257
0.0695536
0.0591867
0.0458063
0.0291452
0.00998804
-0.0105112
-0.0296172
-0.0439864
-0.0527665
-0.0555846
-0.0516566
-0.0422703
-0.0297919
-0.0163128
-0.00362521
0.00704753
0.0148351
0.0192365
0.020537
0.0202015
0.0201312
0.0213911
0.0238256
0.0267684
0.0296929
0.0323738
0.0348541
0.037223
0.0394983
0.041304
0.0416848
0.0397296
0.0356905
0.0313613
0.0287493
0.0285287
0.0299115
0.0316913
0.0331294
0.0340475
0.0346314
0.0351777
0.035887
0.0364361
0.0358342
0.033121
0.0285759
0.0240617
0.0216963
0.0221673
0.0244881
0.0270871
0.0289477
0.0298329
0.0300171
0.0299628
0.0300003
0.0298636
0.0286986
0.0257736
0.0214641
0.0174222
0.0154655
0.0162364
0.0189164
0.0219704
0.024228
0.0253047
0.0254519
0.0251901
0.0248577
0.0241855
0.0224794
0.0193307
0.0153179
0.0119249
0.0105637
0.0116273
0.014355
0.0174311
0.0197875
0.0209964
0.021216
0.0208797
0.0202475
0.0190958
0.0169633
0.0137565
0.010182
0.00750909
0.00676037
0.00808374
0.0107397
0.0136219
0.0158464
0.0170343
0.0172657
0.0168359
0.0159068
0.0143482
0.0119684
0.0089404
0.00600027
0.00414488
0.00402244
0.0055692
0.00808323
0.0106606
0.0126136
0.0136465
0.0137952
0.0132366
0.0120668
0.0102677
0.00788826
0.00528104
0.00312328
0.00211761
0.00258543
0.00430435
0.00663481
0.00886676
0.0104954
0.0113136
0.0113439
0.0106954
0.0094404
0.00764241
0.0054833
0.00337081
0.00187171
0.00145524
0.00224152
0.00394385
0.00601192
0.00789158
0.00920899
0.00981558
0.00972724
0.00901563
0.00775112
0.00604196
0.00413371
0.00243271
0.00141352
0.00141049
0.00239335
0.00415747
0.0059293
0.00787425
0.00825099
0.00994501
0.00655942
0.0111112
-0.0029156
0.0179572
0.0890799
0.0881186
0.0848147
0.0797932
0.0723992
0.0620191
0.0482804
0.0306354
0.00987004
-0.0129686
-0.034378
-0.050071
-0.0595555
-0.0625036
-0.057572
-0.0463092
-0.0317238
-0.0163088
-0.00212668
0.00950005
0.0176176
0.0216068
0.0218009
0.0201128
0.019068
0.0199901
0.0225302
0.0257306
0.0289154
0.0318226
0.0345129
0.037088
0.0395841
0.0415835
0.0419129
0.0394066
0.0343486
0.0290173
0.0259932
0.0260262
0.0279864
0.0303026
0.0321079
0.0332398
0.0339273
0.0344953
0.0351987
0.0357361
0.0349972
0.0318438
0.0265339
0.0212235
0.0184942
0.0192418
0.0222727
0.0256038
0.0279779
0.029117
0.0293625
0.0292808
0.0292911
0.0290792
0.0276434
0.0241659
0.0191489
0.0145498
0.0124539
0.0135499
0.0168553
0.0205844
0.0233701
0.0247522
0.0250213
0.0247922
0.024445
0.0236173
0.0214981
0.0176954
0.0129958
0.00917314
0.00781871
0.00929164
0.0126372
0.0163331
0.0191778
0.0207012
0.0210862
0.0208121
0.020125
0.0187186
0.0160816
0.0122088
0.00802829
0.00504723
0.00439794
0.00616465
0.00942182
0.0128809
0.0155527
0.0170362
0.0174305
0.0170442
0.0159966
0.0141007
0.0111748
0.00752266
0.00408893
0.00204968
0.00210372
0.0041037
0.0071802
0.0102766
0.0126219
0.0139053
0.0141754
0.0136062
0.0122514
0.0100685
0.00715736
0.0040132
0.00148988
0.000412323
0.00110918
0.00326316
0.00609033
0.00876026
0.0107067
0.011713
0.0118097
0.0110982
0.00962178
0.00744374
0.00481266
0.00226645
0.000511299
9.60992e-05
0.00112582
0.00322209
0.00571567
0.00795743
0.00952716
0.010269
0.0102031
0.00939216
0.00788928
0.0058165
0.00349064
0.00143331
0.000234284
0.000280319
0.00152666
0.00366927
0.00586059
0.00813308
0.00880101
0.010573
0.00732823
0.0116501
-0.00254476
0.0181988
0.0916561
0.0907762
0.087743
0.0830316
0.0759176
0.0656033
0.0515068
0.0326866
0.00989556
-0.0160702
-0.040523
-0.0577939
-0.0680783
-0.0712037
-0.064968
-0.0512685
-0.0339963
-0.0161483
-0.000110684
0.01269
0.0211963
0.0245864
0.0232173
0.0196332
0.0172897
0.0178604
0.0206556
0.0242615
0.0277988
0.0309769
0.0338963
0.0366901
0.0394204
0.0416263
0.0418435
0.0385389
0.032041
0.02532
0.021811
0.0223546
0.0252519
0.0283737
0.0306816
0.0320555
0.0327908
0.033264
0.0338642
0.0343619
0.0334836
0.0298322
0.0236176
0.0173536
0.0141885
0.0152858
0.0192369
0.023539
0.0265863
0.0280268
0.0283084
0.0281763
0.0281711
0.027875
0.0260624
0.0218185
0.0158592
0.0105691
0.00837162
0.00997203
0.0141268
0.0187227
0.0221598
0.0239062
0.0243233
0.0241516
0.0237986
0.0227597
0.0200801
0.0154184
0.00984467
0.0054968
0.00418276
0.00621372
0.0103773
0.0148705
0.0183216
0.0202268
0.0208204
0.0206384
0.0198838
0.0181347
0.0148306
0.0101037
0.00516969
0.0018227
0.00131877
0.00366056
0.00768933
0.0118809
0.0151119
0.0169615
0.0175629
0.0172382
0.016036
0.0136935
0.0100557
0.00561077
0.00156969
-0.000678524
-0.000384897
0.00219479
0.005983
0.00973193
0.0125676
0.0141649
0.0145908
0.0140102
0.0124125
0.00972482
0.00612495
0.00230162
-0.000667941
-0.00181736
-0.00081501
0.00189461
0.00534832
0.00856733
0.0109117
0.0121557
0.0123394
0.0115479
0.00978121
0.00710553
0.00386519
0.000771768
-0.00129335
-0.00168995
-0.000339128
0.00226013
0.00529053
0.00798647
0.00987312
0.0107875
0.0107534
0.00981467
0.00799949
0.00545111
0.00258625
7.9288e-05
-0.00133585
-0.00121423
0.000373754
0.00299662
0.00571234
0.00839116
0.0094225
0.0112826
0.00825023
0.012193
-0.00191797
0.0179291
0.0945904
0.0938171
0.0911388
0.0868535
0.0801606
0.0700445
0.0556433
0.0354737
0.010176
-0.0199725
-0.0484521
-0.0676363
-0.079074
-0.0826587
-0.074718
-0.0576895
-0.0368507
-0.0158892
0.00245434
0.0166965
0.0256707
0.0282158
0.0246627
0.0184485
0.0143991
0.0146566
0.0179626
0.0222015
0.0262168
0.0297086
0.03285
0.0358112
0.0386608
0.0409835
0.0410849
0.0369189
0.0286495
0.0200087
0.0157361
0.0170545
0.0214059
0.0257308
0.0287256
0.0303499
0.0310168
0.0312412
0.031666
0.0321372
0.0310934
0.0267629
0.0193878
0.0120265
0.00847688
0.0101224
0.0152499
0.0207712
0.0246514
0.0264386
0.0267386
0.0265555
0.026561
0.0261558
0.0238294
0.0185963
0.0114777
0.0053768
0.00311301
0.00539831
0.0106455
0.0163118
0.0205223
0.0226901
0.0232897
0.0232102
0.0228559
0.0215363
0.0181468
0.0124444
0.0058478
0.000904702
-0.000338407
0.00237839
0.00754116
0.012998
0.0171675
0.01952
0.0203678
0.0203085
0.0194669
0.0172806
0.0131556
0.00741514
0.00161648
-0.00213061
-0.00244342
0.000586148
0.00553269
0.0105936
0.0144848
0.016767
0.0176192
0.0173711
0.0159704
0.013068
0.00856426
0.00318634
-0.00154321
-0.00400566
-0.00340962
-0.000139994
0.00448752
0.00900421
0.0124175
0.0143877
0.0150025
0.0144044
0.012497
0.00918007
0.00474547
0.000125705
-0.00334296
-0.00454328
-0.00316416
0.00020695
0.00440013
0.00826528
0.0110794
0.0126076
0.0128977
0.0120032
0.0098692
0.0065751
0.00259741
-0.00113647
-0.00354407
-0.00389341
-0.00214453
0.00105758
0.00472387
0.00795589
0.0102183
0.0113406
0.0113467
0.0102456
0.00803627
0.00489733
0.00137956
-0.00165398
-0.00330494
-0.00307223
-0.00106611
0.00212991
0.00546275
0.00861651
0.0100767
0.012032
0.00928583
0.0126866
-0.00103442
0.0170271
0.0978408
0.0972045
0.094981
0.091268
0.0851857
0.0754752
0.060903
0.0392605
0.0109183
-0.0248093
-0.0585185
-0.0796976
-0.0922556
-0.096532
-0.0865623
-0.0653884
-0.0401584
-0.0154329
0.00564436
0.0215932
0.0311111
0.0324789
0.025887
0.0160134
0.00974263
0.0098678
0.0141485
0.019368
0.0240185
0.0278513
0.0311505
0.0340509
0.0366383
0.0388237
0.0388559
0.0341666
0.0243009
0.0133245
0.00771181
0.00977334
0.016102
0.0221457
0.0260766
0.0279469
0.0283936
0.0282386
0.0284856
0.0289635
0.0276666
0.0223982
0.0135748
0.00497634
0.00113203
0.00359273
0.0102044
0.0171972
0.0220563
0.0242329
0.0245527
0.0243409
0.0243833
0.0238314
0.0208648
0.0144792
0.00606628
-0.000918514
-0.00323188
-0.00013749
0.00639653
0.0133071
0.0183944
0.0210331
0.0218517
0.0218998
0.021542
0.0198769
0.0156636
0.0088059
0.00110944
-0.00445611
-0.00560349
-0.00211965
0.00416342
0.0107019
0.0156729
0.0185241
0.0196654
0.0197526
0.0188015
0.016098
0.0110412
0.00419189
-0.00252106
-0.0066689
-0.00675111
-0.00296104
0.00299533
0.0090144
0.0136349
0.0163997
0.0175379
0.0173738
0.0157298
0.0121722
0.00669297
0.000301793
-0.00514489
-0.00780283
-0.00685214
-0.00281966
0.0027272
0.0080847
0.0121342
0.0145213
0.0153502
0.0147221
0.0124394
0.00838786
0.00301426
-0.00246732
-0.00644623
-0.00766531
-0.00584845
-0.00174466
0.00326149
0.00783611
0.0111697
0.0130175
0.0134285
0.0124026
0.0098267
0.0058121
0.00100565
-0.00341891
-0.00616994
-0.00643475
-0.00422668
-0.000351024
0.00401798
0.00784146
0.0105219
0.0118794
0.0119296
0.010629
0.00794751
0.00412067
-0.000132086
-0.00373383
-0.00561661
-0.00523382
-0.00274936
0.00108516
0.00509715
0.00877012
0.0107065
0.0127584
0.0103631
0.0130702
5.13382e-05
0.0154794
0.101354
0.100889
0.0992354
0.0962715
0.0910455
0.0820396
0.0675363
0.0443801
0.012354
-0.0309449
-0.07155
-0.0949814
-0.109475
-0.115158
-0.102338
-0.0752932
-0.0442331
-0.0148323
0.00948152
0.0273961
0.0375356
0.0372437
0.026389
0.0114513
0.00238331
0.00277435
0.00877335
0.0154944
0.0210021
0.0251989
0.028483
0.0308366
0.0325532
0.0343112
0.0343637
0.0294809
0.0182548
0.00490307
-0.00228438
0.000422342
0.00911155
0.0173934
0.0225463
0.0246644
0.0247548
0.0241524
0.0242652
0.0247681
0.0231042
0.0167073
0.00628102
-0.00363369
-0.00773456
-0.00427828
0.00408226
0.012763
0.0187147
0.0213157
0.021672
0.021463
0.0215605
0.0208314
0.0171583
0.0095675
-0.000157183
-0.00802854
-0.0103865
-0.00644104
0.00147009
0.00971919
0.0157401
0.0188771
0.0199404
0.0201409
0.0197753
0.0177282
0.0126489
0.00462008
-0.00416107
-0.0103235
-0.0113552
-0.00708288
0.000353748
0.00801147
0.0138117
0.017182
0.0186375
0.018883
0.0178051
0.0145428
0.00851856
0.000556794
-0.00704276
-0.0115541
-0.0113771
-0.00680784
0.000173965
0.00716659
0.0125313
0.0157955
0.0172363
0.017155
0.0152345
0.0109712
0.0044824
-0.00291778
-0.00904573
-0.0118566
-0.0105184
-0.00570395
0.000773063
0.00697977
0.0116765
0.0144953
0.0155486
0.0148732
0.012167
0.0073235
0.000979283
-0.00535436
-0.00980651
-0.0110073
-0.00871631
-0.00385626
0.00197497
0.00726801
0.0111324
0.013313
0.013849
0.0126635
0.00959153
0.00480117
-0.00086055
-0.00596431
-0.00902319
-0.00916429
-0.00646524
-0.00189359
0.00319286
0.00761914
0.0107297
0.0123331
0.0124238
0.0108908
0.00768123
0.00311344
-0.00189894
-0.00605916
-0.00814286
-0.00757529
-0.00458362
-9.1295e-05
0.0046124
0.00880904
0.0112373
0.0133772
0.0113774
0.013275
0.00123484
0.0133858
0.105061
0.104807
0.103852
0.101848
0.097789
0.0899155
0.0758843
0.0513572
0.0149439
-0.0386875
-0.0882374
-0.113142
-0.128938
-0.137099
-0.121474
-0.0873407
-0.0491752
-0.0142463
0.0137242
0.0339322
0.0446979
0.0419769
0.025169
0.00304823
-0.0094532
-0.00780703
0.00125588
0.0103023
0.0169711
0.0215182
0.0244436
0.0255925
0.025974
0.0272947
0.0275636
0.0223544
0.00948698
-0.00616765
-0.0146521
-0.0110338
0.000358438
0.0113176
0.017959
0.020345
0.019999
0.018943
0.0189802
0.0195224
0.0174339
0.00988265
-0.00209988
-0.0132957
-0.0176616
-0.0131885
-0.00297647
0.00749903
0.0145943
0.0176317
0.0180394
0.0178573
0.018022
0.0171204
0.012772
0.00406067
-0.00686444
-0.0155454
-0.0179426
-0.0131876
-0.00393913
0.00562524
0.0125598
0.0161795
0.0174864
0.0178464
0.0174763
0.015063
0.00917347
7.48985e-05
-0.00967552
-0.0163538
-0.0172538
-0.0122353
-0.00371327
0.00499848
0.0115777
0.0154368
0.0171966
0.0175983
0.0163945
0.0125943
0.0056656
-0.0033054
-0.011681
-0.0164811
-0.0160309
-0.0107254
-0.00279225
0.00509786
0.0111487
0.0148804
0.0166122
0.0166057
0.0144046
0.00945554
0.00202186
-0.00628583
-0.0129922
-0.0158917
-0.0141605
-0.00861
-0.00127594
0.00570663
0.0109974
0.0142213
0.0154889
0.0147513
0.0116116
0.00599429
-0.00125736
-0.00834928
-0.0131877
-0.0143244
-0.0115632
-0.00599041
0.000601462
0.00655176
0.0109057
0.0134
0.0140507
0.0126895
0.00911082
0.00356317
-0.0028953
-0.00859722
-0.011894
-0.0118783
-0.00869739
-0.00346987
0.00228089
0.00726231
0.0107729
0.0126089
0.0127291
0.0109471
0.00719867
0.00190673
-0.00381421
-0.00846524
-0.0106954
-0.00992153
-0.00643739
-0.00132865
0.00401431
0.00868568
0.0115781
0.0137828
0.0121986
0.0132299
0.00238372
0.0109327
0.10888
0.108876
0.108757
0.107949
0.105434
0.0992554
0.0863044
0.0608194
0.0191085
-0.0489328
-0.110285
-0.136689
-0.156519
-0.168227
-0.147598
-0.102839
-0.0552518
-0.0137653
0.0181842
0.04081
0.0519383
0.0453677
0.0197692
-0.0121168
-0.0284003
-0.0235192
-0.00920818
0.00342027
0.0116949
0.0165409
0.0186373
0.0179883
0.0169386
0.0180442
0.0186725
0.01287
-0.00186829
-0.0197114
-0.0292191
-0.0243897
-0.0100268
0.00389748
0.0122113
0.0148934
0.0140903
0.0126083
0.0126266
0.0132497
0.0108014
0.00226819
-0.0110276
-0.0233394
-0.0279821
-0.0226153
-0.0106619
0.00154421
0.00973434
0.0131739
0.0136226
0.0134721
0.0137189
0.0127066
0.00783004
-0.00177584
-0.0136654
-0.0230009
-0.025423
-0.0199713
-0.0095548
0.00116732
0.00889531
0.0129188
0.0144274
0.0149332
0.0145804
0.0118856
0.00535159
-0.00459541
-0.0151028
-0.0221639
-0.0229194
-0.0172573
-0.00781948
0.00176992
0.00898463
0.013237
0.0152506
0.0157946
0.0144969
0.0102581
0.00259731
-0.00717164
-0.0161344
-0.0211149
-0.0203938
-0.014457
-0.00573907
0.00287319
0.00946715
0.0135736
0.0155512
0.0156111
0.0131705
0.00764343
-0.000562358
-0.00958
-0.016701
-0.0196089
-0.0175089
-0.0113358
-0.00330661
0.00428826
0.0100453
0.0135972
0.0150464
0.0142446
0.0107193
0.00443985
-0.00355372
-0.0112285
-0.0163232
-0.0173479
-0.0141626
-0.00799306
-0.000788915
0.00567801
0.0104182
0.0131684
0.0139106
0.0123827
0.00835022
0.00215419
-0.00495176
-0.011105
-0.0145422
-0.0143483
-0.0107403
-0.00496558
0.00132046
0.006741
0.0105707
0.0125971
0.0127325
0.0107156
0.00648241
0.000568275
-0.00572965
-0.0107495
-0.0130536
-0.0120707
-0.0081582
-0.00254176
0.0033148
0.00835007
0.0116279
0.0138575
0.0126863
0.0128694
0.00336525
0.00834265
0.112711
0.112999
0.113852
0.1145
0.113974
0.110262
0.0993157
0.073892
0.0259386
-0.0627046
-0.139282
-0.16251
-0.181425
-0.203763
-0.18027
-0.122725
-0.0633661
-0.0142489
0.0219455
0.046241
0.0570547
0.0475686
0.0128602
-0.0316677
-0.0554817
-0.0464999
-0.0237362
-0.00550595
0.00501861
0.0100579
0.0108277
0.00803207
0.00566477
0.00685243
0.0079633
0.00159441
-0.0147422
-0.0344452
-0.0448749
-0.0389012
-0.0216098
-0.00469262
0.0053296
0.00831172
0.00705966
0.00518222
0.00523449
0.00603766
0.00344254
-0.00571233
-0.0199116
-0.0330561
-0.0379587
-0.0319204
-0.0185343
-0.0048554
0.00425221
0.00798726
0.00842151
0.00828199
0.00863871
0.00764737
0.00250554
-0.00764094
-0.0201505
-0.0299175
-0.0323371
-0.0263564
-0.0150539
-0.00346259
0.00482872
0.00909926
0.0107178
0.0113373
0.0110504
0.00823481
0.0013294
-0.00913594
-0.0201041
-0.0273708
-0.0279724
-0.0218213
-0.0117283
-0.00154437
0.00606572
0.0105428
0.0127155
0.0133801
0.012061
0.00756719
-0.000547663
-0.0108064
-0.0201005
-0.0251271
-0.0241535
-0.0177469
-0.00849642
0.000566439
0.00747347
0.0117974
0.0139413
0.0140663
0.0114828
0.0055787
-0.00312381
-0.0125695
-0.0198927
-0.0227219
-0.0203047
-0.0136838
-0.00520605
0.00274854
0.00876739
0.0125176
0.0140952
0.0132525
0.00945887
0.00272618
-0.00574904
-0.0137628
-0.0189513
-0.0198221
-0.0162977
-0.00971452
-0.00212801
0.00463536
0.00959454
0.0125037
0.0133078
0.0116586
0.00729995
0.000656633
-0.00686551
-0.0132696
-0.0167307
-0.0163518
-0.012416
-0.00626908
0.000347935
0.00602201
0.0100374
0.0121839
0.012324
0.0101292
0.00554035
-0.00080824
-0.00747956
-0.0127028
-0.0149986
-0.0138236
-0.00959426
-0.00364436
0.0025271
0.0077526
0.0112853
0.0134843
0.0127095
0.0121433
0.00407101
0.00582546
0.116438
0.117051
0.119001
0.12135
0.123315
0.122948
0.115323
0.0915764
0.0357473
-0.0811877
-0.178912
-0.20022
-0.227629
-0.257492
-0.225528
-0.148126
-0.073509
-0.0158453
0.0235976
0.0459234
0.0544338
0.0435864
0.00677241
-0.0464216
-0.0829176
-0.0750645
-0.0429231
-0.0169451
-0.00324223
0.00195512
0.000997677
-0.00405686
-0.00753027
-0.00591813
-0.00407424
-0.0105903
-0.0278253
-0.0487967
-0.0600822
-0.0533594
-0.0336353
-0.0140579
-0.0024962
0.000718663
-0.000992829
-0.0032556
-0.00311297
-0.0019566
-0.0043444
-0.0136091
-0.0281763
-0.0417764
-0.0468805
-0.0404466
-0.0260869
-0.0113713
-0.00166208
0.00217171
0.00247787
0.00230403
0.00281963
0.00205017
-0.00299493
-0.0132271
-0.0259301
-0.0358535
-0.0382309
-0.0319254
-0.0201042
-0.00804331
0.000476675
0.00475705
0.00634276
0.00703003
0.0068885
0.0041836
-0.00272912
-0.0132967
-0.0243659
-0.0316295
-0.0320706
-0.0256251
-0.0152098
-0.00480465
0.00287274
0.0073358
0.00953191
0.0102934
0.00906807
0.0045802
-0.00362241
-0.0139869
-0.0233076
-0.0282283
-0.0270354
-0.0203662
-0.010906
-0.00174663
0.00516539
0.00948964
0.0116914
0.0118936
0.00932083
0.00332469
-0.00551475
-0.0150429
-0.022321
-0.0249802
-0.0223234
-0.0154825
-0.00687425
0.00111031
0.00711833
0.0108901
0.012528
0.0117007
0.00782565
0.000934245
-0.00768697
-0.0157458
-0.0208454
-0.0215281
-0.0177836
-0.0110267
-0.00335787
0.00341196
0.00836619
0.011304
0.012142
0.0104591
0.00597444
-0.000836023
-0.00847978
-0.014897
-0.0182548
-0.0176986
-0.0135724
-0.00728532
-0.000607381
0.00507301
0.00909412
0.0112678
0.0114136
0.00914579
0.00440198
-0.00212088
-0.00890735
-0.0141389
-0.0163391
-0.0150078
-0.0106135
-0.0045607
0.00166331
0.00685012
0.0104625
0.0125648
0.0121651
0.011024
0.0044306
0.003546
0.11993
0.120895
0.124032
0.128325
0.133282
0.137501
0.135043
0.117085
0.0513688
-0.113383
-0.230046
-0.23051
-0.264495
-0.322331
-0.286758
-0.18358
-0.0884033
-0.0203467
0.0190022
0.0327845
0.0362019
0.0242202
-0.00557168
-0.0596095
-0.107093
-0.10474
-0.0652799
-0.0307009
-0.0130944
-0.00772583
-0.0106597
-0.0179667
-0.0222919
-0.0198486
-0.0167977
-0.0227177
-0.0399082
-0.0613689
-0.073352
-0.066427
-0.0451474
-0.0236136
-0.0109164
-0.00764994
-0.0098922
-0.0125618
-0.0122594
-0.0105015
-0.0122189
-0.020984
-0.0353098
-0.0489302
-0.0541379
-0.047598
-0.0328132
-0.0176318
-0.00776173
-0.00411907
-0.00411375
-0.00438666
-0.00363938
-0.00392865
-0.00844526
-0.0182449
-0.0306667
-0.0404411
-0.0427267
-0.0363186
-0.0243987
-0.0123467
-0.00401666
-3.37657e-05
0.00133312
0.0020338
0.00214585
-0.000161876
-0.0066549
-0.0168543
-0.0276277
-0.0346617
-0.0349388
-0.0284188
-0.0180619
-0.00787284
-0.000523567
0.00363062
0.00568275
0.00651987
0.00554026
0.00137788
-0.00648524
-0.0165236
-0.0255379
-0.0301932
-0.028826
-0.0221334
-0.0128353
-0.0039926
0.00255789
0.00662014
0.00875211
0.00905892
0.006698
0.000957607
-0.00760189
-0.0168276
-0.0237958
-0.0261939
-0.0233963
-0.0166015
-0.00823218
-0.000603139
0.00507128
0.00865422
0.010279
0.00955449
0.00584206
-0.000851253
-0.00923383
-0.0170153
-0.0218343
-0.022304
-0.0184848
-0.0118354
-0.00443515
0.00200075
0.00668516
0.00949982
0.0103516
0.00876136
0.00440857
-0.00223331
-0.00966465
-0.0158368
-0.0189613
-0.0182486
-0.0140988
-0.00794567
-0.00152492
0.00386981
0.00768355
0.00977898
0.00994696
0.00775384
0.00311178
-0.0032751
-0.00988478
-0.0149138
-0.0169312
-0.0154942
-0.0111175
-0.00523377
0.000734313
0.00561434
0.00910029
0.0110361
0.0109936
0.00951025
0.00441506
0.00161371
0.123046
0.124365
0.128734
0.135075
0.143547
0.153187
0.158707
0.149277
0.0733441
-0.135746
-0.319409
-0.299661
-0.336547
-0.420205
-0.370056
-0.228128
-0.106708
-0.0283548
0.00445035
0.00632788
0.00388689
-0.00418861
-0.0251898
-0.076141
-0.129266
-0.132507
-0.0887119
-0.0460557
-0.024309
-0.018767
-0.0237845
-0.0333079
-0.0381965
-0.0344168
-0.0294688
-0.0338689
-0.0499983
-0.0710974
-0.0835117
-0.0769271
-0.0551683
-0.0326653
-0.019457
-0.0164566
-0.0193842
-0.0225135
-0.0219621
-0.0192938
-0.0198166
-0.0274389
-0.0408998
-0.0540889
-0.059293
-0.0529006
-0.0382658
-0.0232644
-0.0137647
-0.0106805
-0.011197
-0.0116448
-0.0105725
-0.0100879
-0.0136132
-0.0224439
-0.0341003
-0.0434143
-0.045553
-0.0392651
-0.0276834
-0.0161573
-0.00848714
-0.00515636
-0.00422245
-0.00356493
-0.00307118
-0.00466517
-0.0102847
-0.0196284
-0.0297013
-0.0362784
-0.0363913
-0.0300256
-0.0201264
-0.0106212
-0.00403223
-0.000514532
0.00120896
0.00210498
0.00154649
-0.00194003
-0.00901044
-0.0182755
-0.0266455
-0.0308789
-0.0293912
-0.0229288
-0.0141866
-0.00610182
-0.00030914
0.00320521
0.0051315
0.00558366
0.00366467
-0.00143966
-0.00927837
-0.0178056
-0.0241983
-0.0262519
-0.0234257
-0.0169625
-0.00922557
-0.00236358
0.00263056
0.00579921
0.00733959
0.00682739
0.00355571
-0.00255138
-0.0102915
-0.017467
-0.0218169
-0.0220586
-0.0183266
-0.0120877
-0.00533103
0.000407396
0.00453865
0.00707067
0.00792599
0.00658192
0.00265232
-0.00345875
-0.0103296
-0.0159955
-0.0187616
-0.0179244
-0.0139352
-0.00821258
-0.00239041
0.00240611
0.00578507
0.00769402
0.0079155
0.00597346
0.00172162
-0.00419558
-0.0103247
-0.014938
-0.0166903
-0.0152098
-0.0110505
-0.00562924
-0.000247078
0.00404148
0.00718235
0.00888401
0.00918645
0.00762656
0.0040331
8.48471e-05
0.125638
0.127301
0.132848
0.141305
0.153532
0.170164
0.187176
0.201575
0.111628
-0.129781
-0.370163
-0.320356
-0.384529
-0.54164
-0.496009
-0.298006
-0.133483
-0.0430185
-0.0223161
-0.0283818
-0.0342687
-0.0324123
-0.0452542
-0.0905076
-0.144522
-0.153455
-0.109683
-0.0614243
-0.0362085
-0.030698
-0.0378731
-0.0495959
-0.0547213
-0.0489848
-0.0413085
-0.0432459
-0.0573773
-0.07731
-0.0898116
-0.0840114
-0.0628546
-0.04051
-0.0275763
-0.0252861
-0.0291338
-0.0327975
-0.031886
-0.0279658
-0.0267662
-0.0326369
-0.044656
-0.0569866
-0.0620325
-0.0560361
-0.0421
-0.0279341
-0.0193765
-0.0172635
-0.0185499
-0.0192501
-0.0177471
-0.0161882
-0.0182718
-0.0256261
-0.0360646
-0.0446257
-0.0465625
-0.0406014
-0.0297766
-0.0192883
-0.012758
-0.0104492
-0.0101705
-0.00960984
-0.00859959
-0.00916373
-0.0134694
-0.0214927
-0.0304838
-0.0363921
-0.0363436
-0.0303531
-0.0212991
-0.0129378
-0.00754121
-0.0049908
-0.00378089
-0.00283824
-0.00279586
-0.00525852
-0.0110955
-0.019159
-0.0265663
-0.0302351
-0.0286849
-0.0227025
-0.0149014
-0.00800761
-0.00336444
-0.000681702
0.000906203
0.00155056
0.000308291
-0.00378213
-0.0104709
-0.0179208
-0.0234905
-0.025128
-0.0223909
-0.0165427
-0.00982455
-0.00413211
-0.000158028
0.00237566
0.00376665
0.00358411
0.00103691
-0.00409881
-0.0108047
-0.0170616
-0.0207698
-0.0207791
-0.0173001
-0.011773
-0.00602776
-0.00134132
0.00196066
0.00405642
0.00491276
0.00397704
0.000766375
-0.00445609
-0.0104302
-0.0153433
-0.0176386
-0.0167175
-0.0130768
-0.00807957
-0.00319085
0.000702776
0.00342591
0.00504604
0.00536064
0.00385487
0.000285552
-0.00483251
-0.0101874
-0.0141836
-0.0155984
-0.0141431
-0.0104039
-0.00573536
-0.00126131
0.00216053
0.0047445
0.00614976
0.00678908
0.00542155
0.00332454
-0.00103097
0.127566
0.129517
0.136107
0.146392
0.162495
0.185388
0.21969
0.224607
0.199833
-0.163253
-0.494437
-0.343721
-0.364736
-0.587537
-0.576961
-0.363207
-0.163615
-0.0665315
-0.0588669
-0.0706931
-0.0728382
-0.0570947
-0.0613375
-0.0993143
-0.150799
-0.164603
-0.124809
-0.0747485
-0.0476799
-0.0427529
-0.0522569
-0.0661838
-0.0711712
-0.062774
-0.0515331
-0.0502124
-0.0616251
-0.0797385
-0.0919677
-0.0872363
-0.0676175
-0.0465371
-0.0347282
-0.033675
-0.0387297
-0.0430076
-0.0416083
-0.0361
-0.0327074
-0.0363176
-0.046422
-0.0575349
-0.062291
-0.0568666
-0.0441009
-0.0313724
-0.0243114
-0.0235843
-0.0258878
-0.0269177
-0.0248706
-0.0219618
-0.0222102
-0.0276558
-0.0364932
-0.044052
-0.0457371
-0.0402788
-0.0305794
-0.0215919
-0.0166472
-0.0157087
-0.0162925
-0.0158758
-0.0142239
-0.0134749
-0.0160802
-0.0223801
-0.029961
-0.0350199
-0.034816
-0.0293974
-0.0215339
-0.0147302
-0.0109183
-0.00963744
-0.00910956
-0.00813011
-0.00732368
-0.0084513
-0.012665
-0.0191516
-0.0253209
-0.0283061
-0.0267515
-0.0214753
-0.0149605
-0.00964486
-0.0065023
-0.00490659
-0.00377675
-0.00289644
-0.00324899
-0.00598592
-0.0111426
-0.0171826
-0.0217166
-0.0228834
-0.0203491
-0.0153742
-0.0100202
-0.00585435
-0.00320191
-0.00150028
-0.000315945
-6.04544e-05
-0.00162421
-0.0054408
-0.0107627
-0.0158278
-0.0187491
-0.0185315
-0.0154625
-0.0109201
-0.00651344
-0.00319145
-0.000962641
0.000560208
0.00141773
0.00104059
-0.00118093
-0.00519183
-0.00996992
-0.0139158
-0.0156488
-0.0146892
-0.0115726
-0.00756718
-0.00390867
-0.00118598
0.000685983
0.00192671
0.00237341
0.00147567
-0.00114339
-0.00516408
-0.00948273
-0.0126867
-0.0137056
-0.012346
-0.0092147
-0.00555964
-0.00227747
3.75746e-05
0.00187749
0.00293142
0.00389857
0.00296482
0.00235344
-0.00176569
0.128707
0.130872
0.138204
0.14998
0.168945
0.198647
0.245719
0.284974
0.339115
-0.145493
-0.361334
-0.392008
-0.601879
-0.613352
-0.407052
-0.191693
-0.0986298
-0.100588
-0.119936
-0.107905
-0.076157
-0.070901
-0.100666
-0.147619
-0.165111
-0.131963
-0.0841017
-0.0573866
-0.0539296
-0.0660873
-0.0822255
-0.0866452
-0.0748801
-0.0594012
-0.0543205
-0.0626044
-0.0784698
-0.0900979
-0.0865613
-0.0691722
-0.0502997
-0.0404198
-0.0411424
-0.0476981
-0.0526543
-0.0506351
-0.0432507
-0.0373105
-0.0383071
-0.0461734
-0.0558087
-0.0601615
-0.0554257
-0.0441914
-0.0333946
-0.0283104
-0.0293378
-0.0328732
-0.0342819
-0.031603
-0.0271264
-0.025243
-0.0284623
-0.0354172
-0.0417873
-0.0431814
-0.0383606
-0.0300768
-0.0229654
-0.0199752
-0.0206974
-0.0223149
-0.0220801
-0.019687
-0.0174045
-0.0180131
-0.0222827
-0.028204
-0.0322783
-0.0319279
-0.0272392
-0.0208416
-0.0159266
-0.0140152
-0.0142479
-0.0145393
-0.0135331
-0.0118359
-0.0113855
-0.0136718
-0.0182898
-0.0230098
-0.0252253
-0.0237193
-0.0193337
-0.0143805
-0.0109492
-0.00958463
-0.00927981
-0.00870669
-0.00755912
-0.00685536
-0.00797033
-0.0112926
-0.0156616
-0.0189991
-0.0196609
-0.0174289
-0.0135371
-0.00981992
-0.00745856
-0.00636338
-0.00565159
-0.00472323
-0.00394638
-0.00432065
-0.00653938
-0.0101983
-0.0138578
-0.0158852
-0.0154554
-0.0129289
-0.00959036
-0.00677717
-0.00506039
-0.00409501
-0.00325539
-0.00239984
-0.00209997
-0.00311542
-0.00565469
-0.00899809
-0.0118109
-0.0129174
-0.0119649
-0.00951845
-0.0067164
-0.00451757
-0.00317203
-0.00230463
-0.00151801
-0.000910126
-0.00106236
-0.00251419
-0.00519567
-0.00826839
-0.0105446
-0.011129
-0.00992911
-0.00756014
-0.00512356
-0.00325096
-0.0022256
-0.00127746
-0.000621835
0.00065793
0.000343851
0.00120245
-0.00218889
0.128971
0.131235
0.138935
0.151434
0.172031
0.205396
0.261279
0.328611
0.439068
-0.413212
-0.577763
-0.580575
-0.409157
-0.206463
-0.13244
-0.145519
-0.171369
-0.135486
-0.0874301
-0.0730442
-0.0946341
-0.13579
-0.155501
-0.130339
-0.0880476
-0.0640015
-0.0630974
-0.0783454
-0.0966451
-0.100031
-0.0843255
-0.0642752
-0.0553341
-0.0604317
-0.073874
-0.0846511
-0.0822937
-0.0675364
-0.0515516
-0.0442548
-0.0472223
-0.0555254
-0.0611897
-0.0584293
-0.0489735
-0.0402976
-0.038524
-0.0440069
-0.0520239
-0.0558911
-0.0518986
-0.0424259
-0.0339074
-0.0311561
-0.0342156
-0.039138
-0.040959
-0.0375808
-0.0314023
-0.0272196
-0.0280394
-0.0329554
-0.0380273
-0.0391059
-0.0350082
-0.0283327
-0.0233535
-0.0225739
-0.0251583
-0.027927
-0.0279011
-0.0247064
-0.020757
-0.0191913
-0.0212467
-0.0253583
-0.0283684
-0.0278833
-0.024032
-0.0192838
-0.0164769
-0.0166746
-0.0185828
-0.0197873
-0.0187678
-0.0161056
-0.0139276
-0.0140959
-0.0166617
-0.0198022
-0.0212014
-0.0197877
-0.0164193
-0.0132086
-0.0118581
-0.012449
-0.0135692
-0.0136241
-0.012198
-0.0103373
-0.00965934
-0.0109511
-0.0134818
-0.0155256
-0.0156718
-0.0138173
-0.0111493
-0.00924254
-0.00885821
-0.00946875
-0.00985295
-0.00922161
-0.00787796
-0.00693232
-0.00736971
-0.00918075
-0.0112975
-0.0123709
-0.01175
-0.00986077
-0.00786852
-0.00680625
-0.00684141
-0.00726
-0.00718016
-0.00633742
-0.00528995
-0.00495838
-0.00585249
-0.00760294
-0.00917873
-0.00962657
-0.00872098
-0.00704542
-0.00558128
-0.00498167
-0.00513893
-0.00537529
-0.00509764
-0.00431694
-0.00363748
-0.00377785
-0.00495616
-0.00664285
-0.00790656
-0.00803933
-0.00705011
-0.00554761
-0.00445733
-0.0041249
-0.00449895
-0.00453966
-0.00432064
-0.00275302
-0.00233944
-3.22004e-05
-0.00240243
0.128316
0.130546
0.138162
0.150518
0.170892
0.203936
0.259396
0.336998
0.498525
-0.435169
-0.498799
-0.465278
-0.351066
-0.190507
-0.154096
-0.191839
-0.212483
-0.150431
-0.089635
-0.068345
-0.0826135
-0.117432
-0.137797
-0.120641
-0.0860059
-0.066494
-0.0691581
-0.0879005
-0.108192
-0.110088
-0.090165
-0.0656987
-0.0532464
-0.0554345
-0.0665154
-0.076291
-0.074992
-0.062984
-0.0502519
-0.0459605
-0.0514947
-0.0616923
-0.0680446
-0.0644524
-0.0528618
-0.0414651
-0.0369818
-0.0401217
-0.0465038
-0.0498413
-0.0465906
-0.0389719
-0.0329067
-0.032684
-0.0379265
-0.0443084
-0.0465481
-0.0424423
-0.0345326
-0.0280329
-0.0264408
-0.0292974
-0.0330462
-0.0338024
-0.0304616
-0.0254774
-0.0227472
-0.0242965
-0.0288332
-0.032803
-0.0330019
-0.0289949
-0.0233491
-0.0195679
-0.0193637
-0.0216267
-0.0235551
-0.0229501
-0.0199861
-0.0169644
-0.0163536
-0.0187417
-0.0223894
-0.0245497
-0.0235351
-0.0198966
-0.0159505
-0.0139415
-0.0143954
-0.0159183
-0.0164983
-0.0152078
-0.0129145
-0.0115158
-0.0123142
-0.0149214
-0.0175196
-0.0182422
-0.0165505
-0.0135103
-0.0109831
-0.0101727
-0.0108055
-0.0115309
-0.0111749
-0.00974104
-0.00835455
-0.00831523
-0.00995891
-0.0123237
-0.0138504
-0.0135477
-0.0116369
-0.00933114
-0.00791693
-0.007806
-0.00833133
-0.00844139
-0.0076541
-0.00644832
-0.00585315
-0.00658652
-0.00841333
-0.010257
-0.0109757
-0.0101652
-0.00835621
-0.00662805
-0.00580684
-0.00590064
-0.00620561
-0.00599658
-0.00516704
-0.00430579
-0.00422259
-0.00525861
-0.0069531
-0.00833033
-0.00859327
-0.00764907
-0.00611388
-0.00488661
-0.00449147
-0.00473406
-0.00495811
-0.00464509
-0.00389692
-0.00330252
-0.00359588
-0.00483548
-0.00663665
-0.00770526
-0.00795068
-0.00613029
-0.00497283
-0.00124558
-0.00253106
0.126751
0.128827
0.135901
0.147253
0.165544
0.194263
0.239919
0.30581
0.417825
-0.478026
-0.492551
-0.394484
-0.300678
-0.230475
-0.139337
-0.162232
-0.232057
-0.232759
-0.15022
-0.0834971
-0.0585886
-0.0667362
-0.0950358
-0.114617
-0.104512
-0.0782288
-0.064301
-0.071198
-0.0936171
-0.115555
-0.115602
-0.0916357
-0.0634823
-0.0482915
-0.0481066
-0.0570653
-0.0657834
-0.0653593
-0.0559763
-0.0465431
-0.045401
-0.0536179
-0.065716
-0.0726768
-0.0682133
-0.0545888
-0.0407075
-0.0337879
-0.034797
-0.0396422
-0.0424456
-0.039888
-0.034085
-0.0304702
-0.0327918
-0.0402188
-0.0480363
-0.0506729
-0.0458591
-0.0363051
-0.0276281
-0.0237728
-0.0246838
-0.0271678
-0.0276136
-0.0250134
-0.0216931
-0.0211818
-0.025028
-0.0314841
-0.0366331
-0.0370616
-0.0322853
-0.0250231
-0.0191271
-0.0167602
-0.0172491
-0.0181416
-0.0174344
-0.0153481
-0.0140184
-0.0155528
-0.020077
-0.0254235
-0.0285291
-0.0275425
-0.0229824
-0.0173419
-0.0132332
-0.0116448
-0.0116072
-0.0114088
-0.0102584
-0.00902459
-0.00939004
-0.0122711
-0.0168334
-0.0208771
-0.0222727
-0.0203533
-0.0161925
-0.0118802
-0.0090269
-0.00781593
-0.00727281
-0.00645112
-0.00544511
-0.00530844
-0.00707186
-0.0106687
-0.0147326
-0.0173855
-0.0174317
-0.0149996
-0.0113881
-0.00817263
-0.00618402
-0.0051621
-0.00435132
-0.00342305
-0.0028929
-0.0036484
-0.00610558
-0.00965412
-0.0128814
-0.0143958
-0.0136445
-0.0111195
-0.00804215
-0.00554649
-0.004021
-0.00309458
-0.00226404
-0.00152455
-0.0014584
-0.00270338
-0.00530584
-0.00847856
-0.0109685
-0.0117774
-0.0106996
-0.00834994
-0.00579363
-0.00385628
-0.00268451
-0.00190146
-0.00116977
-0.000668408
-0.00095629
-0.00257683
-0.00532003
-0.00849253
-0.0105671
-0.0112916
-0.00926215
-0.00743919
-0.00232987
-0.00270791
0.124341
0.126151
0.132326
0.141932
0.156964
0.178269
0.210244
0.250232
0.257479
-0.312372
-0.518412
-0.530485
-0.259497
-0.116051
-0.0566412
-0.064853
-0.163202
-0.250113
-0.225363
-0.135428
-0.0713504
-0.046168
-0.0493406
-0.071181
-0.0887937
-0.0841514
-0.0656771
-0.0574176
-0.0686371
-0.094527
-0.117567
-0.115602
-0.0883273
-0.0577746
-0.0409374
-0.0390586
-0.0462281
-0.0539041
-0.0541464
-0.0470865
-0.0407157
-0.0425799
-0.0533582
-0.0671993
-0.0746306
-0.0693265
-0.0539496
-0.0380363
-0.0291392
-0.0283667
-0.0318647
-0.0341665
-0.0322182
-0.02808
-0.0267452
-0.0314459
-0.0409034
-0.050032
-0.0530174
-0.0475675
-0.0365741
-0.0260094
-0.0201862
-0.0193838
-0.020736
-0.0209021
-0.0189825
-0.0171958
-0.0187319
-0.0246955
-0.0329159
-0.0391493
-0.0398021
-0.0343539
-0.0256618
-0.0178856
-0.0135852
-0.012479
-0.0124405
-0.0116525
-0.0103785
-0.0106007
-0.0140957
-0.0205702
-0.0274735
-0.0314608
-0.03053
-0.0251659
-0.018013
-0.012012
-0.00857355
-0.00712275
-0.00622927
-0.00522128
-0.004961
-0.00693037
-0.0116993
-0.0180392
-0.0234135
-0.0254539
-0.0233662
-0.0182195
-0.0123004
-0.00758945
-0.00469794
-0.00300716
-0.00177732
-0.00117081
-0.00216697
-0.00555315
-0.01091
-0.0165195
-0.0202204
-0.0206225
-0.017756
-0.0129825
-0.00813198
-0.004425
-0.00198964
-0.000349201
0.000695501
0.000610399
-0.00135742
-0.00535776
-0.0104556
-0.0149463
-0.0172111
-0.016551
-0.0134091
-0.0091221
-0.00510081
-0.00209197
-4.36141e-05
0.00134276
0.00199384
0.00134415
-0.00108669
-0.00508845
-0.0095929
-0.0131043
-0.014437
-0.013272
-0.0102093
-0.00645368
-0.00310505
-0.000634751
0.00106599
0.0021704
0.00244418
0.00136394
-0.00144027
-0.00552627
-0.00993631
-0.0129359
-0.0141385
-0.0119485
-0.00962362
-0.0031822
-0.00305535
0.121194
0.122672
0.127666
0.135228
0.146033
0.160539
0.174246
0.183307
0.134492
-0.233179
-0.601014
-0.496271
-0.413043
-0.174394
-0.000272983
0.054018
-0.0273994
-0.164485
-0.238717
-0.195504
-0.111868
-0.0566507
-0.0333384
-0.0323542
-0.0478337
-0.062627
-0.061697
-0.0497158
-0.0463723
-0.0613478
-0.0900289
-0.113468
-0.10962
-0.080338
-0.0490936
-0.031851
-0.0289657
-0.0346822
-0.0413687
-0.0420722
-0.0369289
-0.033167
-0.0376353
-0.050619
-0.0658822
-0.0735983
-0.0675687
-0.0509004
-0.0335931
-0.0233128
-0.0211949
-0.0235943
-0.0254552
-0.0240124
-0.0213018
-0.021935
-0.0286858
-0.0398743
-0.0500961
-0.0533602
-0.0473986
-0.0352791
-0.0232451
-0.0158664
-0.0136737
-0.0140847
-0.0140186
-0.0126864
-0.0122181
-0.0155079
-0.0232771
-0.0329966
-0.0401543
-0.0410177
-0.0350432
-0.0252008
-0.0158933
-0.00999824
-0.00756237
-0.00674696
-0.00590363
-0.00533088
-0.00687429
-0.0120292
-0.0201534
-0.0283818
-0.0331392
-0.0322954
-0.0262982
-0.0179079
-0.0103324
-0.00533993
-0.00270016
-0.00123126
-0.000356722
-0.000924279
-0.00424144
-0.0105931
-0.0184319
-0.0249496
-0.0275747
-0.0253945
-0.0194596
-0.0122091
-0.00593395
-0.00161959
0.0010367
0.00259878
0.00286403
0.000923888
-0.00380767
-0.0106304
-0.0175467
-0.0221624
-0.0229129
-0.0197307
-0.0140123
-0.00779257
-0.00262713
0.00100919
0.00334656
0.00448344
0.00388711
0.000922063
-0.00434955
-0.0107371
-0.0163025
-0.0192338
-0.018697
-0.0150795
-0.00979934
-0.00449486
-0.000225596
0.00277409
0.0046257
0.00520224
0.00396528
0.00056523
-0.00458685
-0.010202
-0.0145878
-0.0163955
-0.0151999
-0.0115738
-0.00682592
-0.00228453
0.00129208
0.00377133
0.00518654
0.00527284
0.00354319
-0.000229324
-0.00542056
-0.0108682
-0.0146603
-0.0163227
-0.0140213
-0.0114224
-0.00371473
-0.00366419
0.11745
0.118548
0.122259
0.127535
0.134346
0.14149
0.143172
0.127688
0.0410477
-0.189163
-0.41024
-0.373407
-0.328077
-0.137469
0.00879114
0.0633534
-0.0308345
-0.164312
-0.205025
-0.154673
-0.0861821
-0.0422336
-0.021584
-0.0171271
-0.026431
-0.037847
-0.0389187
-0.0318383
-0.0321616
-0.0497747
-0.0801417
-0.103201
-0.0979214
-0.0683571
-0.0382897
-0.0218268
-0.0185121
-0.0230395
-0.028792
-0.0297712
-0.026103
-0.0243624
-0.0308324
-0.0454644
-0.061689
-0.0694768
-0.0629285
-0.0455843
-0.0276512
-0.0166502
-0.0136514
-0.0152215
-0.0167198
-0.0156734
-0.0140996
-0.0162846
-0.0246261
-0.0371255
-0.0481456
-0.0516036
-0.0453023
-0.0324592
-0.019469
-0.0110233
-0.00781745
-0.00751369
-0.00727604
-0.00641806
-0.00699318
-0.01165
-0.0208092
-0.0316733
-0.0395429
-0.0405961
-0.0342802
-0.0236394
-0.0132336
-0.00615961
-0.00271843
-0.00131474
-0.000446423
-0.000432561
-0.00300101
-0.0094273
-0.0188107
-0.0280615
-0.0334396
-0.0327143
-0.0262947
-0.0170107
-0.00826024
-0.00208561
0.00146326
0.0033624
0.00411776
0.00290925
-0.00142937
-0.00897546
-0.0179568
-0.0253727
-0.0284958
-0.0263084
-0.0198277
-0.0115924
-0.00412694
0.00128206
0.00467574
0.00647929
0.00648098
0.00383594
-0.00189291
-0.00981206
-0.0177306
-0.0230828
-0.0241591
-0.0207996
-0.0144055
-0.0071559
-0.00086806
0.00369661
0.00656537
0.0077685
0.00679432
0.00310085
-0.00310397
-0.0104565
-0.0168538
-0.0203356
-0.0199501
-0.0160253
-0.0100232
-0.00374766
0.00149276
0.00522584
0.00743127
0.00795418
0.0062919
0.00219126
-0.00380273
-0.0102512
-0.0153204
-0.0175313
-0.0163647
-0.0123566
-0.00687893
-0.00142937
0.00300219
0.00608198
0.007733
0.00768447
0.00548417
0.00100919
-0.00499412
-0.0112295
-0.0156415
-0.0177284
-0.0153615
-0.0127528
-0.00386603
-0.00457569
0.113262
0.113979
0.116383
0.119501
0.12265
0.124198
0.117732
0.09367
0.0184396
-0.160564
-0.296121
-0.28467
-0.253233
-0.129625
-0.021827
0.0105623
-0.047024
-0.130912
-0.149907
-0.11163
-0.0630473
-0.0297589
-0.0116066
-0.00442913
-0.00792435
-0.0155531
-0.0171174
-0.013458
-0.0161421
-0.0349806
-0.0656573
-0.0875967
-0.0815887
-0.053614
-0.026427
-0.0116821
-0.00832999
-0.0118202
-0.0166696
-0.0177635
-0.0151531
-0.014802
-0.0225518
-0.038134
-0.0547649
-0.0624144
-0.0556394
-0.0383393
-0.0206002
-0.00953456
-0.00609008
-0.00708362
-0.0083024
-0.0075503
-0.00680403
-0.0100667
-0.0194539
-0.0327613
-0.0442321
-0.0477935
-0.0413633
-0.0282585
-0.0148765
-0.00588071
-0.00205202
-0.00127014
-0.000929328
-0.000427267
-0.00174102
-0.00732304
-0.017389
-0.0289836
-0.0373155
-0.0385336
-0.0320875
-0.0210456
-0.0100218
-0.00222232
0.00187362
0.00366054
0.00451872
0.00412923
0.000867101
-0.00638949
-0.0165847
-0.0265077
-0.0323294
-0.0317528
-0.0251449
-0.0153519
-0.00587202
0.00107251
0.00522137
0.00738974
0.00804081
0.00639797
0.00140206
-0.00690112
-0.0166193
-0.0246491
-0.0281626
-0.0260553
-0.0192956
-0.0104624
-0.00222624
0.00390943
0.00778624
0.00973044
0.00955209
0.00646449
0.000124424
-0.00847678
-0.0170503
-0.0229292
-0.0242952
-0.0209035
-0.0141302
-0.00623116
0.000798618
0.00598347
0.00919774
0.0104363
0.00922822
0.00510057
-0.00166314
-0.00961613
-0.0165677
-0.02046
-0.0202465
-0.0161939
-0.00976924
-0.00287398
0.00300924
0.00722903
0.0096622
0.010152
0.00823935
0.00373181
-0.00276257
-0.00973264
-0.0152647
-0.0177895
-0.0167084
-0.012513
-0.0065971
-0.000561835
0.00443772
0.0079159
0.00971771
0.00958884
0.00711135
0.00222478
-0.00426633
-0.0110089
-0.0158419
-0.0183022
-0.0159118
-0.013562
-0.00361154
-0.00577196
0.108785
0.109134
0.110308
0.111426
0.111532
0.108487
0.0969817
0.0677903
0.0040679
-0.121596
-0.230023
-0.233358
-0.211118
-0.122746
-0.0430029
-0.00937664
-0.040202
-0.092468
-0.105844
-0.0807358
-0.0462642
-0.02005
-0.00366889
0.00538487
0.00696397
0.00350692
0.00270778
0.00420618
7.65311e-05
-0.0186768
-0.0482653
-0.0684373
-0.0624753
-0.0376926
-0.0146028
-0.00213698
0.0010591
-0.00144077
-0.00538068
-0.0064492
-0.00454607
-0.00499457
-0.0132749
-0.0290473
-0.0454945
-0.0528271
-0.0461844
-0.0296787
-0.0129129
-0.00236031
0.00117088
0.000548091
-0.000465818
7.65514e-05
0.000289462
-0.0035677
-0.0134229
-0.0269974
-0.0385495
-0.0421277
-0.0358037
-0.0229226
-0.00971422
-0.000664391
0.00342349
0.00446192
0.0048361
0.00509179
0.00334212
-0.0027098
-0.0131736
-0.0250578
-0.033586
-0.034942
-0.0285879
-0.0175565
-0.00640196
0.00167344
0.00608153
0.00804996
0.00885915
0.00821668
0.004594
-0.00303883
-0.013578
-0.0238021
-0.0298753
-0.0294739
-0.0229177
-0.0130102
-0.00325447
0.00404479
0.00848454
0.0107591
0.0113159
0.00944109
0.00415459
-0.00445634
-0.0144876
-0.0228283
-0.0266117
-0.024667
-0.0178979
-0.00886106
-0.000282429
0.00620608
0.0103084
0.0122888
0.0120056
0.00873219
0.00216943
-0.0066878
-0.0155521
-0.0217309
-0.0233388
-0.0200553
-0.0132009
-0.0050403
0.00234166
0.00783111
0.0111995
0.0124353
0.0111287
0.00685603
-8.85392e-05
-0.00826572
-0.0154781
-0.019627
-0.019597
-0.0155919
-0.00904575
-0.00188886
0.00430057
0.00875381
0.011283
0.0117522
0.00975503
0.00513022
-0.00151842
-0.00868691
-0.0144478
-0.0171847
-0.0162382
-0.0120472
-0.0059868
0.000304618
0.00557684
0.00924457
0.0111066
0.0109431
0.00837408
0.00336439
-0.00328526
-0.010244
-0.0152879
-0.0180566
-0.0156805
-0.0138342
-0.0029699
-0.00717808
0.104167
0.104185
0.104246
0.103657
0.101296
0.095026
0.080505
0.0504383
-0.00374535
-0.0978453
-0.178567
-0.185117
-0.168854
-0.109626
-0.053472
-0.0266844
-0.041949
-0.0718319
-0.078096
-0.0595795
-0.0338132
-0.0124678
0.00242053
0.0124212
0.0177808
0.0186077
0.0195053
0.0200419
0.0148172
-0.00313442
-0.0304651
-0.0482147
-0.0427984
-0.0221863
-0.00374016
0.00629382
0.00929258
0.00778822
0.00479635
0.00387944
0.00533828
0.00456511
-0.00356371
-0.0187899
-0.0344946
-0.041388
-0.0352656
-0.0202414
-0.00509374
0.0045029
0.00786517
0.00747267
0.0066084
0.00700387
0.00693369
0.00292586
-0.00684165
-0.020153
-0.0314267
-0.0349487
-0.0289729
-0.0167822
-0.00426317
0.00441034
0.00845328
0.00956299
0.00990668
0.0100059
0.00809157
0.00199711
-0.00837305
-0.0201145
-0.0285761
-0.0300435
-0.0239983
-0.0133715
-0.00254023
0.00540389
0.00982045
0.0117909
0.0125111
0.0117447
0.00806454
0.000483151
-0.00994863
-0.020109
-0.0262418
-0.0260357
-0.0197587
-0.0101109
-0.000503916
0.00676778
0.0112172
0.013448
0.0139117
0.0119812
0.00673902
-0.00175557
-0.0116898
-0.0200413
-0.0239687
-0.022258
-0.0157317
-0.00686244
0.00165777
0.00815226
0.0122421
0.0141581
0.0138266
0.0105916
0.00416207
-0.00454707
-0.0133466
-0.0195968
-0.0213901
-0.0183395
-0.0116814
-0.00362256
0.00374637
0.00924576
0.0125878
0.0137762
0.0124812
0.0083182
0.00154177
-0.00649973
-0.0136842
-0.0179313
-0.0180857
-0.0142865
-0.00789766
-0.000813221
0.00536782
0.00981768
0.0123163
0.0127646
0.010821
0.00633594
-0.000145453
-0.00720171
-0.0129592
-0.0158015
-0.0150268
-0.0110141
-0.00508069
0.00115967
0.0064281
0.0100887
0.011921
0.0117525
0.00924952
0.00437546
-0.00212511
-0.00901867
-0.0140659
-0.0170669
-0.0147396
-0.0135936
-0.00200349
-0.00867607
0.0995413
0.0992688
0.0983677
0.0963518
0.0920894
0.0835497
0.067442
0.03817
-0.0081893
-0.0791046
-0.141251
-0.152336
-0.143454
-0.101828
-0.0595167
-0.0363172
-0.0412786
-0.0572084
-0.0592089
-0.0448986
-0.0247958
-0.00687692
0.0067876
0.0170482
0.0245698
0.029108
0.0322469
0.0328795
0.0265765
0.00923758
-0.0149836
-0.0294944
-0.0244937
-0.00835877
0.00555984
0.0133543
0.0161863
0.0156579
0.0136601
0.013014
0.0142053
0.0134179
0.00596896
-0.00808365
-0.0225813
-0.028992
-0.0237365
-0.0107144
0.00238332
0.010747
0.0137917
0.0135567
0.0128138
0.0131046
0.0129378
0.00914177
-5.59951e-05
-0.0126314
-0.0233085
-0.0267217
-0.021322
-0.0102257
0.00118583
0.00915235
0.0129265
0.0139728
0.0142358
0.0142423
0.0123794
0.00660476
-0.00323826
-0.0144468
-0.022602
-0.0241565
-0.0186154
-0.0087385
0.00138472
0.00886444
0.0130482
0.0148783
0.0154728
0.0146793
0.0111881
0.00402396
-0.00590026
-0.0156651
-0.021677
-0.0216788
-0.0158806
-0.00681873
0.00227593
0.00920025
0.013429
0.0154915
0.0158549
0.014003
0.00907915
0.00106559
-0.00840539
-0.0164903
-0.0204388
-0.0190172
-0.0129513
-0.00457052
0.00354799
0.00975607
0.013635
0.0153984
0.0150514
0.0120264
0.00602252
-0.00218799
-0.0106011
-0.0167067
-0.018616
-0.0159065
-0.00968192
-0.00203673
0.00500722
0.0102673
0.0134298
0.0145234
0.0133147
0.00945787
0.00313927
-0.0044507
-0.0113424
-0.0155352
-0.0158633
-0.0124004
-0.00640556
0.000321864
0.00622755
0.0104741
0.0128325
0.0132477
0.0114543
0.00730933
0.00126437
-0.00540483
-0.0109443
-0.0137871
-0.0132061
-0.0095152
-0.003938
0.00199069
0.00702103
0.0105076
0.0122295
0.0120674
0.00974465
0.00521116
-0.000880201
-0.00745721
-0.0123165
-0.0154658
-0.0132181
-0.0129044
-0.0008124
-0.0101263
0.0950219
0.0945071
0.0927981
0.0896481
0.0839673
0.0739805
0.0572506
0.0297412
-0.00997158
-0.0648461
-0.113165
-0.124916
-0.119433
-0.0907228
-0.0603298
-0.0418816
-0.0416478
-0.0487381
-0.0470636
-0.0347509
-0.0182389
-0.00281984
0.00976493
0.0198603
0.0281841
0.0348318
0.0397575
0.0409752
0.034133
0.0175085
-0.00269104
-0.013187
-0.00866233
0.0030855
0.0130802
0.0190336
0.0217197
0.0220576
0.0210681
0.020805
0.0218405
0.0211694
0.0147067
0.00226871
-0.0107021
-0.0166366
-0.0124888
-0.0017327
0.00913728
0.0161565
0.0188239
0.0187274
0.0181058
0.0183203
0.0181717
0.0148374
0.00657393
-0.00489101
-0.0147208
-0.0179975
-0.0133626
-0.00365953
0.00636088
0.0134083
0.0167758
0.0176795
0.0178316
0.0177823
0.0161178
0.0109318
0.00195745
-0.00839942
-0.0160491
-0.0176705
-0.0127908
-0.00393288
0.0051954
0.0119724
0.0157571
0.0173509
0.0177912
0.017031
0.0139015
0.00743076
-0.00166662
-0.0107605
-0.0164957
-0.0167091
-0.0115458
-0.00332546
0.00497883
0.0113186
0.0151612
0.0169668
0.0172176
0.0155289
0.0111164
0.00386167
-0.00485001
-0.0124333
-0.0162906
-0.015193
-0.00975556
-0.00211296
0.00534053
0.0110433
0.0145661
0.0161101
0.015758
0.0130507
0.00767909
0.00023702
-0.0075251
-0.0132987
-0.0152668
-0.0129613
-0.00735084
-0.000359584
0.00612128
0.0109554
0.0138247
0.0147817
0.013696
0.0102696
0.00461547
-0.00227641
-0.0086537
-0.0126545
-0.0131343
-0.0101013
-0.00468009
0.00147383
0.0069028
0.0107976
0.0129334
0.0132965
0.0117049
0.0080283
0.00261363
-0.00345207
-0.00859186
-0.0113354
-0.0109542
-0.00768951
-0.00264097
0.00277943
0.00739588
0.0105841
0.0121332
0.0119741
0.00989637
0.00583811
0.000346347
-0.00571275
-0.0102221
-0.0134326
-0.0112895
-0.0118658
0.000477367
-0.0113912
0.0907055
0.0899931
0.0876273
0.0835974
0.0769014
0.0660484
0.0493056
0.0238878
-0.0103251
-0.0537017
-0.0919694
-0.104274
-0.102345
-0.0828361
-0.0601793
-0.044611
-0.0408157
-0.0422311
-0.0383802
-0.0275083
-0.0135034
2.26566e-05
0.0116221
0.0213389
0.0296586
0.0368394
0.0424142
0.0439416
0.0378014
0.0236928
0.00823515
0.00100446
0.004117
0.0119369
0.0189081
0.0234752
0.0259897
0.0269794
0.0269309
0.0271434
0.0281062
0.0275353
0.0221036
0.0114608
0.00015774
-0.00530301
-0.00230802
0.00621946
0.0149237
0.0206247
0.0229139
0.0229642
0.0224858
0.022649
0.0225671
0.0198161
0.0127021
0.00259245
-0.00622694
-0.00936161
-0.00561477
0.00253748
0.011039
0.0170742
0.0199746
0.0207066
0.0207411
0.0206517
0.0192597
0.0148215
0.0069409
-0.00234009
-0.0093396
-0.0110119
-0.00689932
0.000769094
0.00873154
0.0146702
0.0179657
0.0192746
0.0195458
0.0188457
0.0161708
0.0105633
0.00250924
-0.00571295
-0.0110509
-0.0114694
-0.00704383
0.000167063
0.00750361
0.0131134
0.0164739
0.0179735
0.0180999
0.0166112
0.0128143
0.00649182
-0.00125532
-0.00815987
-0.0118314
-0.0110701
-0.00636993
0.000369799
0.00698756
0.012048
0.0151288
0.0164135
0.0160513
0.0137065
0.00907729
0.00257388
-0.00434941
-0.00964349
-0.0116087
-0.00974197
-0.00486035
0.0013203
0.0070846
0.0113764
0.0138849
0.0146773
0.0137187
0.0107735
0.00589488
-0.000140899
-0.0058428
-0.00953884
-0.010138
-0.00758582
-0.00285069
0.00259164
0.00741688
0.0108692
0.0127337
0.0130263
0.0116482
0.00849352
0.00381449
-0.0015075
-0.00611381
-0.00867349
-0.00847992
-0.00569925
-0.00128581
0.00350257
0.00759541
0.0104096
0.0117476
0.0115803
0.00976705
0.00624378
0.00145819
-0.0039489
-0.00798883
-0.0111764
-0.00915449
-0.0106018
0.00173064
-0.0123553
0.0866702
0.0858024
0.0829171
0.0782298
0.0708396
0.0595484
0.0431671
0.0198785
-0.00977716
-0.0448484
-0.0757241
-0.0876954
-0.0877365
-0.0744543
-0.0578167
-0.0451977
-0.0399833
-0.0380011
-0.0325811
-0.0224698
-0.0101289
0.00196996
0.0126779
0.021899
0.0298911
0.0368141
0.0422347
0.0440073
0.0395434
0.0290704
0.0177125
0.0120698
0.0134438
0.0184064
0.0233173
0.0268834
0.029169
0.0305325
0.0312332
0.0319597
0.0329358
0.0323964
0.0278055
0.018833
0.00917339
0.00426531
0.00630816
0.0128812
0.0196478
0.0241528
0.0260908
0.0262917
0.0259851
0.0261273
0.0261138
0.0239443
0.0180313
0.00937224
0.00162818
-0.00137066
0.00145791
0.00806329
0.0150709
0.0201024
0.0225328
0.0231006
0.0230329
0.022908
0.021799
0.0181557
0.0114659
0.00337654
-0.00289176
-0.00460209
-0.00129924
0.0051205
0.0118669
0.0169284
0.0197099
0.0207272
0.0208307
0.0201932
0.0179921
0.0133083
0.00640043
-0.00083679
-0.00569842
-0.00630611
-0.00266075
0.00346818
0.00976402
0.0145875
0.0174336
0.0186159
0.018613
0.0173229
0.0141624
0.00883665
0.00215686
-0.00396174
-0.00737732
-0.00694184
-0.00302325
0.00273935
0.00844548
0.0128068
0.0154156
0.0164298
0.0160464
0.0140566
0.0101885
0.0046879
-0.00129811
-0.00601657
-0.00792354
-0.00649445
-0.00238766
0.00291257
0.00789208
0.0115938
0.013719
0.0143376
0.0134888
0.0110136
0.00692863
0.00181001
-0.00312894
-0.00644169
-0.00712087
-0.00505665
-0.00105025
0.00362228
0.00779033
0.0107655
0.0123431
0.0125546
0.0113739
0.00873056
0.00480504
0.000281832
-0.00371645
-0.00603014
-0.00599605
-0.00371001
2.94451e-05
0.0041353
0.00765954
0.0100712
0.0111855
0.0109991
0.00943579
0.00644119
0.00238385
-0.00231391
-0.00581792
-0.00891009
-0.00701614
-0.00924591
0.00282308
-0.0129415
0.0829777
0.0819904
0.0787053
0.0735413
0.065702
0.0542575
0.0384342
0.0171329
-0.00880133
-0.0378069
-0.0632487
-0.0747828
-0.0764833
-0.0677905
-0.0554629
-0.0449339
-0.0388109
-0.0346953
-0.0283452
-0.0188291
-0.00771093
0.00327026
0.0131872
0.0218721
0.02944
0.0359214
0.0409447
0.0429259
0.0400621
0.0325823
0.0242027
0.019558
0.019874
0.0230697
0.0266265
0.0294551
0.0314697
0.0329446
0.0340991
0.0352623
0.0363274
0.0358041
0.0317761
0.0241464
0.0160274
0.011835
0.0132491
0.0182096
0.0233419
0.0268292
0.0284495
0.0287758
0.0286545
0.0288139
0.0288512
0.0271688
0.0223543
0.0150855
0.00838493
0.00552508
0.0075166
0.0127326
0.0183927
0.0225007
0.0244926
0.0249222
0.0247831
0.0246268
0.023766
0.0208672
0.0153402
0.0084461
0.00292383
0.00118845
0.00370864
0.00893322
0.0145232
0.0187474
0.0210384
0.0217872
0.0217411
0.0211556
0.0193899
0.0155917
0.00982137
0.00359139
-0.000761647
-0.00153348
0.00135116
0.0064201
0.011699
0.0157561
0.0181059
0.0189895
0.0188629
0.0177467
0.015177
0.0108132
0.00520137
-9.90307e-05
-0.00321822
-0.0030774
7.85372e-05
0.00487635
0.00968154
0.0133561
0.0155087
0.0162661
0.0158521
0.014176
0.0110139
0.00648278
0.00144121
-0.00266372
-0.00446897
-0.00344434
-9.26451e-05
0.00433807
0.00854087
0.0116632
0.0134192
0.0138715
0.0131084
0.0110507
0.00770205
0.00347131
-0.000694005
-0.00358638
-0.00430294
-0.00269625
0.000603543
0.00452031
0.00804194
0.0105521
0.0118549
0.0119853
0.0109718
0.00878489
0.00555926
0.0018101
-0.00156863
-0.00360217
-0.00368991
-0.00186744
0.00122022
0.00465782
0.00762412
0.00964411
0.0105438
0.0103322
0.00898529
0.00646607
0.00308856
-0.000916122
-0.00387446
-0.00681845
-0.00505086
-0.00792144
0.00366196
-0.0131199
0.0796753
0.0785991
0.0750145
0.0695179
0.0614104
0.0499966
0.0348131
0.015278
-0.00764323
-0.032178
-0.0536045
-0.064557
-0.0672902
-0.061717
-0.0525582
-0.0438351
-0.0375345
-0.0322679
-0.0253705
-0.0162579
-0.00600966
0.00410863
0.013348
0.0215165
0.0286479
0.0347124
0.0393671
0.041442
0.0396701
0.0343204
0.0281283
0.0244133
0.0242715
0.0264154
0.0290787
0.0313606
0.0331024
0.0345128
0.0358188
0.037201
0.0383367
0.0378787
0.0343087
0.0278055
0.0211134
0.0176882
0.0186512
0.022294
0.0261216
0.0287952
0.0301281
0.0305211
0.0305642
0.0307763
0.0308549
0.029529
0.0256009
0.0195266
0.0137609
0.0110737
0.0124108
0.0164945
0.0210193
0.0243222
0.0259224
0.0262411
0.0260651
0.0258884
0.0252214
0.0229489
0.0184522
0.0126543
0.00783147
0.00608911
0.00792169
0.0121008
0.0166763
0.0201554
0.0220069
0.0225265
0.0223611
0.0218153
0.0204123
0.017388
0.0126514
0.00736693
0.00350989
0.00260626
0.0048052
0.00891735
0.0132803
0.0166464
0.0185509
0.0191739
0.0189398
0.017964
0.0158975
0.0123855
0.00775393
0.00323287
0.000419998
0.000312293
0.00277786
0.0066958
0.01068
0.0137314
0.0154754
0.0160069
0.01556
0.0141414
0.0115836
0.00791376
0.00374378
0.000232836
-0.00144448
-0.000767264
0.00190273
0.0055404
0.00903419
0.0116313
0.0130576
0.0133629
0.0126642
0.0109525
0.00823516
0.00479389
0.00134482
-0.00113316
-0.00185483
-0.000641883
0.00202431
0.00525572
0.00819029
0.0102814
0.0113407
0.0113996
0.0105199
0.00871321
0.00608854
0.00302787
0.000224156
-0.00152655
-0.00169706
-0.000277126
0.00222733
0.00506019
0.00752044
0.00918768
0.00989682
0.00966016
0.00849023
0.00636908
0.00357735
0.000192603
-0.00226083
-0.0050292
-0.00338191
-0.00672385
0.00420156
-0.0129125
0.076798
0.0756576
0.0718548
0.066135
0.0578854
0.046606
0.0320618
0.0140337
-0.006486
-0.0277196
-0.0461906
-0.0565962
-0.0601009
-0.0568036
-0.0499893
-0.042646
-0.0363497
-0.0304028
-0.0231978
-0.0144057
-0.00481022
0.00463197
0.0133039
0.0210104
0.0277414
0.0334458
0.0378088
0.0399419
0.0389492
0.0351073
0.0304905
0.0275726
0.0272846
0.028808
0.0308766
0.0327504
0.0342438
0.0355112
0.036767
0.0381459
0.0392579
0.0389036
0.0358699
0.030458
0.0249952
0.0221447
0.0226753
0.0252883
0.0281468
0.0302066
0.0312813
0.0316678
0.0318168
0.032094
0.0322204
0.0311445
0.0278631
0.0227191
0.0177448
0.0152879
0.0161916
0.0194103
0.0230206
0.0256509
0.0269114
0.027136
0.0269489
0.026769
0.0262452
0.0244532
0.0207877
0.0159088
0.0116923
0.00997097
0.0112633
0.0146062
0.018352
0.0212028
0.0226769
0.0230096
0.0227601
0.0222462
0.0211226
0.0187199
0.0148477
0.0103807
0.00696895
0.0059709
0.00760161
0.0109176
0.0145149
0.0172967
0.0188232
0.0192313
0.0189133
0.0180467
0.016379
0.0135642
0.00976281
0.00592522
0.00339945
0.00309767
0.00498385
0.00815769
0.0114462
0.013969
0.0153683
0.0157133
0.0152382
0.0140209
0.0119465
0.00898649
0.00555865
0.00257476
0.00103248
0.00143204
0.00352968
0.00649469
0.00938539
0.0115368
0.0126864
0.0128709
0.012221
0.0107817
0.00857154
0.0057821
0.00294422
0.000838296
0.000135184
0.00103141
0.00316816
0.00582031
0.00825693
0.009994
0.0108506
0.0108517
0.0100767
0.00857082
0.00643002
0.00393831
0.00162618
0.000133615
-8.65305e-05
0.00100718
0.0030248
0.00534663
0.00737738
0.00874636
0.00929663
0.00903945
0.0080083
0.00620267
0.00388354
0.00101317
-0.00101087
-0.00360119
-0.00206695
-0.00571022
0.0044495
-0.0123888
0.0743715
0.0731861
0.0692292
0.0633667
0.0550581
0.0439598
0.0300022
0.0132144
-0.0054274
-0.0242317
-0.0405373
-0.0504428
-0.054444
-0.0527043
-0.0475691
-0.0413088
-0.0351967
-0.0289435
-0.0216146
-0.0130828
-0.00397544
0.00494438
0.0131556
0.0204709
0.0268609
0.032269
0.0364128
0.0385956
0.0381679
0.035402
0.0319226
0.0296375
0.0293402
0.0304995
0.0321739
0.0337462
0.0350281
0.0361386
0.0372696
0.0385362
0.0395636
0.0393214
0.0368264
0.0323621
0.0278269
0.0253297
0.0255059
0.0273991
0.0295879
0.0312023
0.0320518
0.0323746
0.0325559
0.0328743
0.033052
0.0321683
0.0293567
0.0249145
0.0205909
0.0183903
0.0190238
0.0215915
0.0244886
0.026582
0.0275574
0.027694
0.0275046
0.0273379
0.026924
0.02548
0.0224322
0.0182603
0.0145338
0.0128669
0.0137836
0.0165066
0.0196085
0.0219506
0.0231104
0.0232939
0.0229908
0.0225071
0.0215892
0.0196514
0.0164472
0.0126317
0.0095893
0.00853531
0.00973571
0.0124398
0.0154382
0.0177517
0.0189701
0.0192084
0.0188319
0.0180502
0.0166817
0.0143987
0.0112484
0.0079638
0.00568407
0.0052428
0.00667809
0.00926694
0.0120045
0.0141046
0.0152274
0.0154263
0.0149321
0.0138681
0.0121603
0.00974683
0.00690464
0.00435074
0.00293284
0.00312514
0.00477453
0.00720668
0.00961661
0.0114116
0.0123413
0.0124322
0.0118214
0.0105898
0.00876626
0.00648094
0.00412675
0.00232666
0.00165316
0.00230996
0.00403208
0.0062252
0.0082648
0.00971957
0.0104165
0.0103744
0.00968114
0.00840495
0.00663403
0.00458334
0.00266114
0.00138297
0.00113583
0.00198081
0.00361639
0.00553225
0.00721963
0.00835021
0.00877508
0.00850067
0.00757895
0.00601358
0.00405584
0.00158562
-0.000100368
-0.00253031
-0.0011021
-0.00490115
0.004459
-0.0116584
0.0724138
0.0711979
0.067136
0.061187
0.0528683
0.0419556
0.0284964
0.0126846
-0.00453495
-0.0215844
-0.0363364
-0.0458334
-0.0501786
-0.0495391
-0.0456206
-0.0401787
-0.0342713
-0.0278734
-0.0204953
-0.0121604
-0.00340913
0.00511898
0.0129718
0.0199746
0.0260918
0.0312696
0.035255
0.037483
0.0374613
0.0354517
0.032777
0.0309719
0.0307247
0.0316757
0.0330916
0.0344447
0.035556
0.0365254
0.0375316
0.0386736
0.0396069
0.0394412
0.0373482
0.0335713
0.0296917
0.0274502
0.0274151
0.0288496
0.0305931
0.0318908
0.0325549
0.0327906
0.0329492
0.0332692
0.0334824
0.0327557
0.0303141
0.0264197
0.022611
0.0206257
0.0210678
0.0231525
0.0255207
0.0272099
0.027957
0.0280088
0.0278113
0.0276633
0.0273382
0.0261431
0.0235315
0.0198702
0.0165189
0.0149292
0.0156101
0.0178948
0.0205162
0.0224623
0.0233697
0.0234347
0.0230985
0.0226451
0.0218758
0.0202676
0.017544
0.0142088
0.0114507
0.0103749
0.0112788
0.0135454
0.016102
0.0180571
0.0190336
0.0191418
0.0187283
0.0180132
0.0168596
0.0149575
0.0122818
0.00941044
0.00732468
0.00679257
0.00790365
0.0100644
0.0123924
0.0141722
0.0150828
0.0151721
0.0146681
0.0137187
0.0122762
0.010258
0.00784554
0.00561517
0.00429981
0.00434807
0.00567035
0.00770783
0.00975759
0.0112828
0.0120459
0.0120682
0.0114894
0.0104112
0.00886889
0.00695077
0.00495331
0.00338475
0.00274168
0.00322844
0.00464626
0.00649789
0.00823917
0.00948057
0.0100575
0.00998498
0.00935458
0.00824771
0.00674649
0.00501824
0.00338466
0.00226993
0.00200948
0.00267571
0.00402939
0.00564177
0.00707004
0.00801993
0.00835056
0.00806671
0.00722443
0.00583482
0.00414007
0.00196331
0.000525138
-0.00177354
-0.000441985
-0.0042897
0.00431388
-0.0108522
0.0709367
0.0697014
0.0655715
0.0595735
0.051268
0.0405168
0.0274462
0.0123554
-0.00384266
-0.0196748
-0.0333552
-0.0425379
-0.0470967
-0.0471782
-0.0440789
-0.0392149
-0.0335021
-0.0270701
-0.0197026
-0.0115249
-0.00303169
0.00521208
0.0128003
0.0195692
0.0254839
0.0304949
0.0343724
0.0366375
0.0368962
0.0353996
0.033273
0.0318108
0.0316262
0.0324616
0.0337126
0.0349136
0.0358969
0.0367542
0.0376601
0.0387022
0.0395591
0.0394341
0.0376018
0.0342813
0.0308447
0.0287969
0.0286547
0.0298098
0.0312663
0.0323468
0.0328707
0.0330257
0.0331431
0.0334437
0.0336753
0.0330689
0.0309101
0.0274232
0.0239841
0.0221444
0.022447
0.0241995
0.0262055
0.0276125
0.0281895
0.028166
0.0279521
0.0278181
0.0275622
0.0265452
0.0242375
0.0209335
0.0178546
0.0163381
0.0168732
0.0188571
0.0211365
0.0227924
0.0235092
0.0234827
0.0231246
0.0226984
0.022036
0.0206532
0.0182567
0.0152524
0.0126975
0.0116201
0.0123362
0.0143086
0.0165564
0.0182515
0.0190476
0.01906
0.0186245
0.0179607
0.0169561
0.0153121
0.0129589
0.010373
0.00842685
0.00784085
0.00873637
0.0106052
0.0126479
0.0141994
0.0149563
0.0149676
0.0144605
0.0135944
0.0123348
0.0105852
0.00846551
0.00645867
0.00521845
0.00517292
0.0062732
0.00803832
0.00983608
0.0111702
0.0118146
0.0117899
0.0112369
0.010268
0.0089199
0.00725272
0.0054993
0.004091
0.00347202
0.00384489
0.00505405
0.00666852
0.00820036
0.00929085
0.00978335
0.00969141
0.00910796
0.00812072
0.00680598
0.00529881
0.00386326
0.00286189
0.00259435
0.00313918
0.00429808
0.00569847
0.00694404
0.00776585
0.00803019
0.00774081
0.00695625
0.00568968
0.00417612
0.00220098
0.000930886
-0.00127114
-2.16246e-05
-0.00385748
0.00410672
-0.0101071
0.0699484
0.0687017
0.0645315
0.0585083
0.0502212
0.0395873
0.0267817
0.0121653
-0.00337345
-0.0184386
-0.0314474
-0.0404208
-0.045109
-0.0456382
-0.0430576
-0.038571
-0.0330024
-0.0265693
-0.0192171
-0.0111384
-0.00280696
0.0052549
0.0126702
0.0192844
0.0250653
0.0299684
0.0337791
0.0360704
0.0365054
0.035327
0.0335414
0.032301
0.0321699
0.0329455
0.0340986
0.0352025
0.0361
0.03688
0.0377165
0.03869
0.0394939
0.0393894
0.037714
0.0346716
0.0315094
0.0295924
0.0294015
0.0303977
0.0316817
0.0326248
0.0330544
0.0331504
0.0332339
0.0335151
0.0337544
0.0332231
0.0312433
0.0280137
0.0248075
0.0230619
0.0232841
0.0248376
0.026622
0.0278511
0.0283148
0.0282356
0.0280045
0.0278771
0.0276669
0.0267663
0.0246554
0.0215827
0.0186819
0.0172176
0.0176657
0.0194614
0.0215214
0.0229872
0.0235757
0.0234857
0.0231122
0.0227054
0.0221128
0.0208727
0.0186816
0.0158861
0.0134631
0.0123928
0.0129994
0.0147905
0.0168416
0.0183658
0.0190405
0.0189885
0.0185399
0.017911
0.0170008
0.0155166
0.0133629
0.0109551
0.0090995
0.00848577
0.00925287
0.0109417
0.0128043
0.014208
0.0148634
0.0148237
0.0143164
0.0135047
0.0123599
0.0107759
0.00883637
0.00696849
0.00577758
0.0056777
0.0066432
0.00823921
0.00987774
0.011089
0.0116563
0.0116016
0.0110665
0.0101679
0.00894151
0.00742955
0.0058267
0.00451814
0.003916
0.00422064
0.00530168
0.00676812
0.00816734
0.00916106
0.00959916
0.00949522
0.00894272
0.00803169
0.00683363
0.00546347
0.0041504
0.00321973
0.00294927
0.00342025
0.00445865
0.00572618
0.00685577
0.00759537
0.00781695
0.00752411
0.0067766
0.00558755
0.00418673
0.00233662
0.00116913
-0.000969264
0.000220475
-0.00358126
0.00392084
-0.00953908
0.069453
0.0682014
0.0640122
0.057979
0.0497038
0.0391315
0.0264602
0.0120791
-0.00313614
-0.0178303
-0.0305153
-0.0393832
-0.0441299
-0.0448682
-0.0425324
-0.0382264
-0.0327328
-0.0263085
-0.0189723
-0.0109475
-0.00269876
0.00527131
0.0125994
0.0191358
0.0248502
0.029701
0.0334811
0.0357875
0.0363092
0.0352841
0.0336623
0.0325294
0.0324263
0.0331754
0.034282
0.035338
0.0361918
0.0369318
0.037733
0.0386727
0.0394518
0.0393581
0.0377588
0.0348497
0.0318188
0.0299654
0.0297539
0.0306765
0.0318783
0.032754
0.0331356
0.0332003
0.0332659
0.0335377
0.0337815
0.0332867
0.031392
0.0282851
0.025191
0.023492
0.0236784
0.0251383
0.0268171
0.0279596
0.0283661
0.0282568
0.0280155
0.0278918
0.0277062
0.0268648
0.0248518
0.0218932
0.0190803
0.0176422
0.0180482
0.019752
0.0217039
0.0230749
0.0235981
0.0234746
0.0230926
0.0226961
0.0221398
0.0209717
0.0188832
0.0161917
0.0138348
0.0127691
0.0133232
0.0150257
0.0169792
0.0184173
0.0190298
0.0189443
0.0184894
0.0178786
0.0170158
0.0156103
0.0135542
0.0112338
0.00942288
0.0087958
0.00950248
0.0111042
0.0128785
0.0142087
0.0148131
0.0147476
0.0142409
0.0134567
0.0123685
0.0108648
0.0090121
0.00721112
0.00604413
0.00591839
0.00681944
0.00833373
0.0098947
0.0110456
0.011575
0.0115056
0.0109804
0.0101168
0.00895002
0.00751291
0.00598208
0.00472098
0.00412667
0.00439849
0.00541793
0.00681276
0.00814747
0.00909395
0.00950562
0.00939641
0.00886005
0.00798695
0.00684581
0.00554154
0.00428681
0.00338942
0.003117
0.00355229
0.00453251
0.00573565
0.00680882
0.00750836
0.00770935
0.00741551
0.006687
0.00553632
0.0041904
0.00240008
0.0012814
-0.000827346
0.000332448
-0.00344971
0.00381954
-0.00924065
-0.526111
-0.291228
-0.163252
-0.526111
-0.291224
-0.37077
-0.38023
-0.494437
-0.37077
-0.38023
0.113146
0.42291
0.302198
0.339115
0.113148
0.42291
0.3022
-0.145488
-0.367405
-0.367405
-0.349231
-0.367569
-0.36664
-0.361334
-0.349232
-0.367569
-0.36664
0.498729
0.439068
0.498729
-0.372426
-0.407464
-0.372426
-0.407464
0.436492
0.498525
0.436492
-0.414643
-0.469285
-0.414643
-0.469285
0.309168
0.330737
0.105164
0.417824
0.309169
0.330737
0.105166
-0.162666
-0.162662
-0.529483
-0.529482
-0.485695
-0.510499
-0.521333
-0.478026
-0.485693
-0.510499
-0.521332
-0.19909
-0.639377
-0.312368
-0.19909
-0.639377
-0.543499
-0.637238
-0.53753
-0.543499
-0.637235
-0.537529
-0.319907
-0.186282
-0.400367
-0.129781
-0.319907
-0.186282
-0.400367
-0.347468
-0.466394
-0.370673
-0.370163
-0.347468
-0.466392
-0.370674
0.101099
0.270849
0.0985125
0.199833
0.101099
0.270849
0.0985145
-0.47031
-0.495593
-0.455407
-0.520984
-0.456562
-0.521486
-0.469935
-0.314408
-0.358437
-0.332476
-0.34372
-0.314408
-0.358437
-0.332477
-0.137604
-0.363042
-0.361966
-0.35173
-0.368101
-0.352011
-0.367824
-0.362948
-0.386148
-0.382989
-0.382767
-0.386426
-0.41645
-0.406232
-0.405957
-0.416741
-0.473981
-0.475632
-0.460289
-0.494572
-0.45995
-0.496232
-0.474007
0.0883577
0.18143
0.0770624
0.257479
0.0883597
0.18143
0.077063
-0.480517
-0.309735
-0.225351
-0.227546
-0.484382
-0.542253
-0.529138
-0.545736
-0.518411
-0.542252
-0.529137
-0.545735
-0.48624
-0.175672
-0.3969
-0.233179
-0.48624
-0.175671
-0.3969
-0.526826
-0.477025
-0.478102
-0.601013
-0.526826
-0.477025
-0.478102
-0.418081
-0.528112
-0.404149
-0.552288
-0.405355
-0.553782
-0.417128
-0.426814
-0.288801
-0.194735
-0.19733
-0.430251
-0.418084
-0.528113
-0.404151
-0.552287
-0.405358
-0.553783
-0.41713
-0.426812
-0.288798
-0.194732
-0.197327
-0.430248
-0.398527
-0.380241
-0.377008
-0.377325
-0.398579
-0.47031
-0.495593
-0.455406
-0.520984
-0.456563
-0.521486
-0.469934
-0.398527
-0.380242
-0.377008
-0.377326
-0.398578
0.330133
0.111828
0.261595
0.0934984
0.260768
0.0916817
0.331996
0.377983
0.322654
0.1908
0.439405
0.159186
0.443772
0.380861
0.330134
0.111829
0.261597
0.0935009
0.260769
0.0916835
0.331997
0.377984
0.322656
0.190802
0.439406
0.159188
0.443772
0.380862
-0.137601
-0.367543
-0.367544
-0.371258
-0.365441
-0.368438
-0.369719
-0.370067
-0.36952
-0.370861
-0.363044
-0.361967
-0.35173
-0.368101
-0.352012
-0.367825
-0.362948
-0.371259
-0.365442
-0.368439
-0.36972
-0.370068
-0.369522
-0.370861
0.539423
0.468174
0.471564
0.537214
0.579889
0.602432
0.603587
0.578382
0.539424
0.468174
0.471564
0.537215
0.57989
0.602432
0.603588
0.578383
-0.392279
-0.398413
-0.398152
-0.392529
-0.38615
-0.382989
-0.382769
-0.386426
-0.392281
-0.398413
-0.398154
-0.392529
0.582949
0.603512
0.604649
0.581505
0.543477
0.473557
0.47678
0.54139
0.58295
0.603512
0.60465
0.581506
0.543478
0.473558
0.47678
0.54139
-0.429958
-0.444721
-0.444407
-0.430239
-0.416452
-0.406232
-0.405959
-0.416741
-0.42996
-0.444721
-0.444409
-0.43024
0.378306
0.328634
0.440673
0.195235
0.444853
0.165539
0.380834
0.3263
0.103833
0.0944751
0.252944
0.0926476
0.252265
0.327896
0.378308
0.328636
0.440673
0.195236
0.444854
0.16554
0.380835
0.326301
0.103835
0.0944772
0.252945
0.0926494
0.252267
0.327897
-0.154675
-0.154672
-0.529439
-0.529439
-0.493291
-0.510866
-0.509184
-0.501308
-0.50939
-0.501169
-0.493519
-0.473982
-0.475633
-0.460288
-0.494572
-0.459952
-0.496233
-0.474007
-0.493292
-0.510866
-0.509184
-0.501307
-0.509391
-0.50117
-0.493518
-0.503974
-0.641319
-0.669239
-0.485485
-0.670458
-0.486606
-0.503474
-0.480514
-0.309732
-0.225348
-0.227543
-0.484379
-0.503975
-0.641318
-0.669239
-0.485486
-0.670458
-0.486607
-0.503476
-0.557383
-0.543553
-0.540154
-0.540309
-0.55763
-0.630575
-0.638214
-0.670051
-0.611137
-0.670236
-0.612205
-0.630285
-0.557382
-0.543553
-0.540153
-0.540309
-0.557629
-0.630575
-0.638211
-0.670049
-0.611138
-0.670234
-0.612204
-0.630285
-0.423006
-0.164322
-0.367565
-0.187375
-0.367503
-0.189792
-0.423972
0.336947
0.311667
0.379721
0.284974
0.336947
0.311668
0.379721
-0.455415
-0.406383
-0.488864
-0.392009
-0.455415
-0.406384
-0.488864
0.412044
0.337939
0.428654
0.328611
0.412043
0.33794
0.428654
0.543193
0.440384
0.516953
0.475522
0.518492
0.476669
0.541903
-0.462675
-0.424575
-0.482722
-0.413213
-0.462676
-0.424575
-0.482722
0.427652
0.325242
0.408579
0.336999
0.427652
0.325242
0.408579
0.565885
0.499669
0.575637
0.48935
0.576859
0.490527
0.564631
-0.458748
-0.459762
-0.475441
-0.435168
-0.458747
-0.459761
-0.475441
0.373669
0.276913
0.328046
0.30581
0.373669
0.276913
0.328046
-0.480991
-0.519937
-0.472768
-0.49255
-0.48099
-0.519936
-0.472768
-0.518576
-0.516624
-0.520793
-0.516472
-0.520801
-0.513085
-0.513224
-0.423005
-0.164323
-0.367563
-0.187374
-0.367503
-0.189792
-0.42397
-0.402361
-0.371141
-0.390999
-0.386973
-0.391707
-0.387113
-0.402219
-0.402361
-0.371142
-0.390999
-0.386973
-0.391708
-0.387114
-0.402218
0.566261
0.499876
0.490059
0.575725
0.491245
0.576943
0.56502
0.543193
0.440385
0.516953
0.475522
0.518492
0.476669
0.541903
0.566261
0.499877
0.490059
0.575725
0.491245
0.576944
0.56502
-0.38526
-0.372405
-0.381041
-0.388969
-0.380969
-0.388848
-0.385418
-0.392282
-0.407298
-0.393182
-0.398888
-0.393071
-0.398735
-0.392421
-0.385262
-0.372409
-0.381041
-0.388969
-0.380972
-0.388851
-0.385418
-0.392285
-0.407301
-0.393182
-0.398889
-0.393074
-0.398737
-0.392422
0.542189
0.437793
0.473898
0.514781
0.475032
0.516356
0.540883
0.565886
0.49967
0.575637
0.48935
0.576859
0.490527
0.564632
0.542189
0.437794
0.473898
0.514781
0.475032
0.516356
0.540883
-0.416529
-0.414491
-0.40626
-0.429275
-0.406087
-0.429093
-0.416734
-0.430393
-0.468997
-0.444436
-0.44087
-0.444257
-0.440469
-0.430668
-0.416532
-0.414494
-0.40626
-0.429276
-0.406089
-0.429097
-0.416734
-0.430396
-0.469001
-0.444436
-0.440868
-0.44426
-0.440472
-0.430667
-0.483051
-0.200063
-0.218827
-0.422609
-0.221143
-0.422514
-0.484308
-0.483049
-0.200062
-0.218825
-0.422607
-0.221141
-0.422512
-0.484305
-0.560167
-0.537978
-0.557718
-0.546793
-0.557655
-0.547355
-0.560157
-0.560166
-0.537976
-0.557717
-0.546791
-0.557654
-0.547354
-0.560155
0.0926815
0.0836452
0.209482
0.0790109
0.208622
0.153066
0.153732
0.0926831
0.0836461
0.209483
0.0790122
0.208623
0.153067
0.153733
-0.358786
-0.356929
-0.348675
-0.357522
-0.348979
-0.335691
-0.335102
-0.358787
-0.356929
-0.348675
-0.357524
-0.34898
-0.335692
-0.335101
0.0827719
0.196786
0.0665382
0.196076
0.0622034
0.136407
0.136953
0.0827737
0.196787
0.0665389
0.196077
0.0622054
0.13641
0.136954
-0.518576
-0.516623
-0.520792
-0.516473
-0.520801
-0.513085
-0.513223
0.0635694
0.157536
0.0777545
0.111628
0.0635696
0.157536
0.0777548
-0.304754
-0.330161
-0.342121
-0.320355
-0.304754
-0.330161
-0.342121
0.260998
0.261138
0.293754
0.224607
0.260998
0.261138
0.293754
-0.429463
-0.380125
-0.460267
-0.364736
-0.429463
-0.380125
-0.460267
0.28141
0.211881
0.245092
0.250232
0.281411
0.211881
0.245092
-0.484328
-0.527866
-0.417408
-0.530483
-0.484327
-0.527866
-0.417407
0.0472559
0.0866389
0.0295051
0.134492
0.0472565
0.0866391
0.0295054
-0.533441
-0.445799
-0.456607
-0.496269
-0.53344
-0.445798
-0.456607
)
;

boundaryField
{
    inlet
    {
        type            zeroGradient;
    }
    outlet
    {
        type            fixedValue;
        value           uniform 0;
    }
    top
    {
        type            symmetryPlane;
    }
    bottom
    {
        type            symmetryPlane;
    }
    front
    {
        type            symmetryPlane;
    }
    back
    {
        type            symmetryPlane;
    }
    cylinder
    {
        type            zeroGradient;
    }
}


// ************************************************************************* //
