/*--------------------------------*- C++ -*----------------------------------*\
  =========                 |
  \\      /  F ield         | OpenFOAM: The Open Source CFD Toolbox
   \\    /   O peration     | Website:  https://openfoam.org
    \\  /    A nd           | Version:  11
     \\/     M anipulation  |
\*---------------------------------------------------------------------------*/
FoamFile
{
    format      ascii;
    class       volScalarField;
    location    "1.740573";
    object      p;
}
// * * * * * * * * * * * * * * * * * * * * * * * * * * * * * * * * * * * * * //

dimensions      [0 2 -2 0 0 0 0];

internalField   nonuniform List<scalar> 
7132
(
0.0528098
0.0514064
0.0466725
0.0397553
0.0300887
0.0173914
0.00160767
-0.0172242
-0.0385187
-0.0612304
-0.0837907
-0.10413
-0.120852
-0.13273
-0.138858
-0.139059
-0.133772
-0.124069
-0.111403
-0.0972637
-0.0829179
-0.069292
-0.0569572
-0.0461879
-0.0370426
-0.0294417
-0.0232301
-0.0182212
-0.0142239
-0.0110589
-0.00856696
-0.00661203
-0.00508269
-0.00389
-0.00296366
-0.00224765
-0.00169694
-0.00127549
-0.000954752
-0.00071222
-0.000530005
-0.000393841
-0.000292444
-0.000217047
-0.000160981
-0.000119268
-8.82279e-05
-6.51453e-05
-4.80052e-05
-3.53022e-05
-2.5907e-05
-1.89709e-05
-1.38578e-05
-1.00929e-05
-7.32278e-06
-5.28603e-06
-3.78947e-06
-2.69067e-06
-1.88469e-06
-1.29421e-06
-8.62261e-07
-5.46883e-07
-3.17199e-07
-1.50487e-07
-3.00393e-08
5.64303e-08
1.17954e-07
1.61173e-07
1.90971e-07
2.10936e-07
2.23713e-07
2.31238e-07
2.34946e-07
2.3588e-07
2.34822e-07
2.3233e-07
2.28832e-07
2.24627e-07
2.19951e-07
2.14961e-07
2.09788e-07
2.04512e-07
1.99209e-07
1.93916e-07
1.88679e-07
1.83512e-07
1.78442e-07
1.73472e-07
1.6862e-07
1.63883e-07
1.5927e-07
1.54776e-07
1.50407e-07
1.46158e-07
1.4203e-07
1.38019e-07
1.34123e-07
1.30338e-07
1.26663e-07
1.23093e-07
1.19625e-07
1.16257e-07
1.12981e-07
1.09801e-07
1.06705e-07
1.03698e-07
1.00769e-07
9.79219e-08
9.51447e-08
9.2445e-08
8.98074e-08
8.72423e-08
8.47323e-08
8.22898e-08
7.98959e-08
7.7565e-08
7.52764e-08
7.30464e-08
7.08531e-08
6.87144e-08
6.66069e-08
6.45504e-08
6.252e-08
6.05373e-08
5.85761e-08
5.66594e-08
5.476e-08
5.29022e-08
5.10578e-08
4.92524e-08
4.74569e-08
4.56978e-08
4.39455e-08
4.22275e-08
4.05133e-08
3.88313e-08
3.71505e-08
3.55002e-08
3.38485e-08
3.22258e-08
3.05996e-08
2.90008e-08
2.73964e-08
2.58182e-08
2.42327e-08
2.2672e-08
2.11021e-08
1.95565e-08
1.79989e-08
1.64668e-08
1.49171e-08
1.34009e-08
1.18486e-08
1.03624e-08
8.7789e-09
7.36805e-09
5.66408e-09
4.48008e-09
2.38766e-09
1.9166e-09
0.0533693
0.0519769
0.047282
0.0404044
0.0307667
0.0180594
0.00220072
-0.0168107
-0.03839
-0.0614883
-0.0844629
-0.105125
-0.122098
-0.134137
-0.140298
-0.140401
-0.134892
-0.124887
-0.111899
-0.0974679
-0.0828917
-0.0691065
-0.056678
-0.0458675
-0.0367183
-0.029137
-0.0229577
-0.0179859
-0.0140259
-0.0108955
-0.00843391
-0.00650491
-0.00499717
-0.00382218
-0.0029102
-0.00220575
-0.00166425
-0.00125009
-0.000935094
-0.000697061
-0.000518374
-0.000384977
-0.000285739
-0.000212011
-0.000157219
-0.000116466
-8.61447e-05
-6.35993e-05
-4.686e-05
-3.44553e-05
-2.52813e-05
-1.85089e-05
-1.35167e-05
-9.84094e-06
-7.1368e-06
-5.14884e-06
-3.68838e-06
-2.61627e-06
-1.82998e-06
-1.25399e-06
-8.327e-07
-5.2516e-07
-3.01237e-07
-1.38761e-07
-2.14254e-08
6.27542e-08
1.22597e-07
1.64578e-07
1.93469e-07
2.12765e-07
2.25053e-07
2.32217e-07
2.35662e-07
2.36401e-07
2.352e-07
2.32603e-07
2.29029e-07
2.24767e-07
2.2005e-07
2.15028e-07
2.09834e-07
2.04541e-07
1.99227e-07
1.93925e-07
1.88682e-07
1.8351e-07
1.78437e-07
1.73465e-07
1.68612e-07
1.63873e-07
1.5926e-07
1.54765e-07
1.50397e-07
1.46147e-07
1.4202e-07
1.38008e-07
1.34112e-07
1.30328e-07
1.26653e-07
1.23084e-07
1.19616e-07
1.16248e-07
1.12973e-07
1.09793e-07
1.06697e-07
1.03691e-07
1.00761e-07
9.7915e-08
9.51379e-08
9.24386e-08
8.98012e-08
8.72365e-08
8.47266e-08
8.22846e-08
7.98907e-08
7.75602e-08
7.52716e-08
7.30421e-08
7.08487e-08
6.87105e-08
6.66029e-08
6.45468e-08
6.25164e-08
6.05341e-08
5.85728e-08
5.66565e-08
5.47569e-08
5.28996e-08
5.1055e-08
4.92501e-08
4.74543e-08
4.56958e-08
4.39432e-08
4.22257e-08
4.05111e-08
3.88297e-08
3.71486e-08
3.54988e-08
3.38468e-08
3.22246e-08
3.0598e-08
2.89997e-08
2.7395e-08
2.58173e-08
2.42313e-08
2.26712e-08
2.11009e-08
1.95558e-08
1.79978e-08
1.64662e-08
1.49161e-08
1.34004e-08
1.18477e-08
1.03622e-08
8.77787e-09
7.36829e-09
5.66153e-09
4.483e-09
2.37336e-09
1.94386e-09
0.0544834
0.0531147
0.0484996
0.041706
0.032132
0.0194115
0.00340885
-0.0159613
-0.0381162
-0.0620065
-0.0858287
-0.107141
-0.124622
-0.136987
-0.143213
-0.143115
-0.137153
-0.126532
-0.112887
-0.0978657
-0.0828258
-0.0687225
-0.056109
-0.045219
-0.0360647
-0.0285249
-0.0224118
-0.0175156
-0.0136308
-0.0105699
-0.00816933
-0.00629221
-0.00482753
-0.0036877
-0.00280415
-0.00212254
-0.0015993
-0.00119964
-0.00089611
-0.000667098
-0.000495486
-0.000367616
-0.000272666
-0.000202224
-0.000149918
-0.000111027
-8.2093e-05
-6.05821e-05
-4.46158e-05
-3.27893e-05
-2.40469e-05
-1.7596e-05
-1.28424e-05
-9.34341e-06
-6.76991e-06
-4.87843e-06
-3.48918e-06
-2.4696e-06
-1.72205e-06
-1.17461e-06
-7.74332e-07
-4.82253e-07
-2.69699e-07
-1.15583e-07
-4.39312e-09
7.52684e-08
1.31791e-07
1.71331e-07
1.9843e-07
2.16408e-07
2.27728e-07
2.34181e-07
2.37104e-07
2.37458e-07
2.35976e-07
2.33171e-07
2.29446e-07
2.25072e-07
2.20274e-07
2.15192e-07
2.09953e-07
2.04628e-07
1.9929e-07
1.93971e-07
1.88715e-07
1.83534e-07
1.78455e-07
1.73478e-07
1.68621e-07
1.63879e-07
1.59264e-07
1.54768e-07
1.50399e-07
1.46149e-07
1.42021e-07
1.38009e-07
1.34113e-07
1.30329e-07
1.26653e-07
1.23084e-07
1.19616e-07
1.16248e-07
1.12973e-07
1.09793e-07
1.06698e-07
1.03691e-07
1.00762e-07
9.79155e-08
9.51384e-08
9.24392e-08
8.98018e-08
8.72371e-08
8.47272e-08
8.22852e-08
7.98913e-08
7.75609e-08
7.52722e-08
7.30428e-08
7.08494e-08
6.87112e-08
6.66035e-08
6.45476e-08
6.2517e-08
6.05349e-08
5.85734e-08
5.66573e-08
5.47576e-08
5.29004e-08
5.10557e-08
4.92508e-08
4.74549e-08
4.56965e-08
4.39438e-08
4.22264e-08
4.05117e-08
3.88304e-08
3.71491e-08
3.54994e-08
3.38473e-08
3.22252e-08
3.05985e-08
2.90003e-08
2.73954e-08
2.58178e-08
2.42318e-08
2.26718e-08
2.11013e-08
1.95563e-08
1.79982e-08
1.64667e-08
1.49163e-08
1.34008e-08
1.18478e-08
1.03627e-08
8.77742e-09
7.36945e-09
5.6581e-09
4.48865e-09
2.35131e-09
1.98408e-09
0.0561432
0.054812
0.0503239
0.0436674
0.0342036
0.0214799
0.00527552
-0.0146322
-0.0376675
-0.0627958
-0.0879393
-0.110239
-0.128497
-0.141369
-0.147699
-0.147293
-0.140625
-0.129042
-0.114375
-0.0984416
-0.0826933
-0.0681107
-0.0552242
-0.0442223
-0.035068
-0.0275967
-0.0215878
-0.0168085
-0.0130387
-0.0100831
-0.00777467
-0.00597543
-0.00457514
-0.00348777
-0.00264654
-0.00199889
-0.00150278
-0.00112469
-0.000838197
-0.000622598
-0.00046151
-0.000341862
-0.000253287
-0.000187729
-0.000139112
-0.000102978
-7.60978e-05
-5.61169e-05
-4.12932e-05
-3.03208e-05
-2.22164e-05
-1.62407e-05
-1.18406e-05
-8.60376e-06
-6.22435e-06
-4.47636e-06
-3.19308e-06
-2.25168e-06
-1.56174e-06
-1.05672e-06
-6.87666e-07
-4.18553e-07
-2.22886e-07
-8.11858e-08
2.08784e-08
9.38329e-08
1.45427e-07
1.81346e-07
2.05784e-07
2.21808e-07
2.31692e-07
2.3709e-07
2.39238e-07
2.39024e-07
2.37125e-07
2.34013e-07
2.30063e-07
2.25523e-07
2.20604e-07
2.15433e-07
2.10129e-07
2.04756e-07
1.99383e-07
1.94038e-07
1.88764e-07
1.83569e-07
1.7848e-07
1.73495e-07
1.68634e-07
1.63888e-07
1.5927e-07
1.54772e-07
1.50402e-07
1.4615e-07
1.42022e-07
1.38009e-07
1.34113e-07
1.30329e-07
1.26653e-07
1.23084e-07
1.19615e-07
1.16248e-07
1.12973e-07
1.09793e-07
1.06697e-07
1.03691e-07
1.00761e-07
9.79154e-08
9.51381e-08
9.24391e-08
8.98015e-08
8.72371e-08
8.4727e-08
8.22853e-08
7.98911e-08
7.7561e-08
7.5272e-08
7.30429e-08
7.08492e-08
6.87113e-08
6.66034e-08
6.45477e-08
6.25168e-08
6.0535e-08
5.85732e-08
5.66574e-08
5.47574e-08
5.29005e-08
5.10554e-08
4.92509e-08
4.74547e-08
4.56966e-08
4.39435e-08
4.22265e-08
4.05114e-08
3.88305e-08
3.71488e-08
3.54995e-08
3.3847e-08
3.22252e-08
3.05981e-08
2.90003e-08
2.73951e-08
2.58179e-08
2.42314e-08
2.26718e-08
2.11009e-08
1.95563e-08
1.79978e-08
1.64666e-08
1.49158e-08
1.34008e-08
1.18471e-08
1.03627e-08
8.77606e-09
7.37042e-09
5.65334e-09
4.49498e-09
2.32795e-09
2.02548e-09
0.0583336
0.0570567
0.052751
0.0462976
0.0370089
0.0243142
0.00786988
-0.0127513
-0.0369913
-0.0638702
-0.0908721
-0.114507
-0.133826
-0.147399
-0.153872
-0.153035
-0.145375
-0.132439
-0.116349
-0.0991602
-0.0824504
-0.0672298
-0.05399
-0.0428534
-0.033713
-0.0263448
-0.0204831
-0.015865
-0.012252
-0.00943855
-0.00725346
-0.00555804
-0.00424324
-0.00322525
-0.00243987
-0.00183694
-0.0013765
-0.00102673
-0.000762613
-0.000564621
-0.000417339
-0.000308466
-0.000228225
-0.000169026
-0.000125192
-9.26166e-05
-6.83771e-05
-5.03618e-05
-3.7007e-05
-2.71341e-05
-1.9852e-05
-1.44901e-05
-1.05466e-05
-7.64855e-06
-5.51996e-06
-3.95732e-06
-2.81085e-06
-1.97033e-06
-1.35474e-06
-9.04476e-07
-5.75722e-07
-3.36259e-07
-1.624e-07
-3.67333e-08
5.35437e-08
1.17834e-07
1.63061e-07
1.943e-07
2.153e-07
2.28797e-07
2.36826e-07
2.4086e-07
2.42007e-07
2.41057e-07
2.38618e-07
2.35109e-07
2.30868e-07
2.26114e-07
2.21038e-07
2.15752e-07
2.10364e-07
2.04928e-07
1.99511e-07
1.94132e-07
1.88834e-07
1.8362e-07
1.78518e-07
1.73524e-07
1.68656e-07
1.63905e-07
1.59283e-07
1.54783e-07
1.5041e-07
1.46157e-07
1.42028e-07
1.38014e-07
1.34118e-07
1.30333e-07
1.26657e-07
1.23087e-07
1.19619e-07
1.16251e-07
1.12976e-07
1.09796e-07
1.067e-07
1.03694e-07
1.00764e-07
9.79181e-08
9.51406e-08
9.24417e-08
8.98038e-08
8.72395e-08
8.47291e-08
8.22875e-08
7.98931e-08
7.75631e-08
7.52739e-08
7.30449e-08
7.08509e-08
6.87132e-08
6.6605e-08
6.45495e-08
6.25183e-08
6.05366e-08
5.85746e-08
5.66589e-08
5.47586e-08
5.29019e-08
5.10565e-08
4.92522e-08
4.74557e-08
4.56978e-08
4.39444e-08
4.22276e-08
4.05122e-08
3.88315e-08
3.71495e-08
3.55004e-08
3.38476e-08
3.2226e-08
3.05986e-08
2.9001e-08
2.73955e-08
2.58185e-08
2.42317e-08
2.26724e-08
2.11012e-08
1.95568e-08
1.7998e-08
1.64671e-08
1.49159e-08
1.34012e-08
1.18469e-08
1.03633e-08
8.77505e-09
7.37182e-09
5.6489e-09
4.50159e-09
2.30802e-09
2.06055e-09
0.0610333
0.0598307
0.055774
0.0496077
0.0405841
0.0279815
0.0112879
-0.0102161
-0.0360126
-0.0652572
-0.0947482
-0.120072
-0.14076
-0.155271
-0.161954
-0.160554
-0.151559
-0.136805
-0.118818
-0.0999815
-0.0820358
-0.0660164
-0.0523526
-0.041072
-0.0319729
-0.024753
-0.0190898
-0.0146829
-0.0112716
-0.00863887
-0.00660919
-0.00504358
-0.00383506
-0.00290295
-0.00218645
-0.00163854
-0.00122191
-0.000906871
-0.000670184
-0.000493773
-0.000363421
-0.000267762
-0.000197735
-0.000146314
-0.000108306
-8.00519e-05
-5.90121e-05
-4.33783e-05
-3.18047e-05
-2.32664e-05
-1.6983e-05
-1.23663e-05
-8.97722e-06
-6.49051e-06
-4.66634e-06
-3.32859e-06
-2.34803e-06
-1.62981e-06
-1.1043e-06
-7.20337e-07
-4.40365e-07
-2.36779e-07
-8.92972e-08
1.69792e-08
9.30056e-08
1.46823e-07
1.84355e-07
2.09941e-07
2.26787e-07
2.37233e-07
2.43021e-07
2.45409e-07
2.45347e-07
2.43509e-07
2.40417e-07
2.36429e-07
2.31837e-07
2.26825e-07
2.2156e-07
2.16134e-07
2.10645e-07
2.05134e-07
1.99662e-07
1.94243e-07
1.88916e-07
1.83681e-07
1.78563e-07
1.73557e-07
1.6868e-07
1.63923e-07
1.59297e-07
1.54794e-07
1.50419e-07
1.46164e-07
1.42033e-07
1.38019e-07
1.34121e-07
1.30336e-07
1.2666e-07
1.2309e-07
1.19621e-07
1.16253e-07
1.12978e-07
1.09798e-07
1.06702e-07
1.03696e-07
1.00766e-07
9.79199e-08
9.51422e-08
9.24434e-08
8.98053e-08
8.72411e-08
8.47304e-08
8.2289e-08
7.98943e-08
7.75644e-08
7.5275e-08
7.30461e-08
7.08518e-08
6.87143e-08
6.66058e-08
6.45504e-08
6.2519e-08
6.05375e-08
5.85751e-08
5.66597e-08
5.47591e-08
5.29026e-08
5.10569e-08
4.92528e-08
4.7456e-08
4.56983e-08
4.39446e-08
4.2228e-08
4.05123e-08
3.88319e-08
3.71495e-08
3.55007e-08
3.38476e-08
3.22263e-08
3.05986e-08
2.90012e-08
2.73954e-08
2.58187e-08
2.42316e-08
2.26725e-08
2.1101e-08
1.95569e-08
1.79977e-08
1.64671e-08
1.49155e-08
1.34012e-08
1.18463e-08
1.03634e-08
8.77363e-09
7.37287e-09
5.64448e-09
4.50735e-09
2.29215e-09
2.08751e-09
0.0642132
0.0631089
0.0593811
0.053608
0.0449726
0.0325688
0.0156591
-0.00688116
-0.0346196
-0.0669969
-0.0997375
-0.1271
-0.149483
-0.165193
-0.172149
-0.170036
-0.159305
-0.142188
-0.121759
-0.10084
-0.0813687
-0.0643959
-0.0502534
-0.0388379
-0.0298236
-0.0228098
-0.0174047
-0.0132641
-0.0101021
-0.00768991
-0.00584789
-0.00443782
-0.00335586
-0.00252553
-0.00189033
-0.00140716
-0.00104193
-0.00076757
-0.000562949
-0.000411748
-0.000301161
-0.000220914
-0.000162771
-0.000120356
-8.90498e-05
-6.57317e-05
-4.83315e-05
-3.54051e-05
-2.58606e-05
-1.88456e-05
-1.37035e-05
-9.939e-06
-7.18413e-06
-5.16777e-06
-3.69156e-06
-2.61074e-06
-1.81965e-06
-1.24105e-06
-8.18352e-07
-5.10074e-07
-2.85786e-07
-1.23158e-07
-5.79226e-09
7.83435e-08
1.38096e-07
1.79952e-07
2.08694e-07
2.27821e-07
2.39921e-07
2.46881e-07
2.50107e-07
2.50613e-07
2.49169e-07
2.46316e-07
2.42479e-07
2.37944e-07
2.32949e-07
2.27643e-07
2.22161e-07
2.16576e-07
2.1097e-07
2.05374e-07
1.99839e-07
1.94374e-07
1.89013e-07
1.83753e-07
1.78617e-07
1.73599e-07
1.68712e-07
1.63948e-07
1.59317e-07
1.54809e-07
1.50431e-07
1.46174e-07
1.42042e-07
1.38027e-07
1.34128e-07
1.30342e-07
1.26665e-07
1.23095e-07
1.19626e-07
1.16258e-07
1.12982e-07
1.09802e-07
1.06706e-07
1.037e-07
1.00769e-07
9.79234e-08
9.51455e-08
9.24466e-08
8.98083e-08
8.72441e-08
8.47332e-08
8.22917e-08
7.98968e-08
7.75669e-08
7.52772e-08
7.30484e-08
7.08538e-08
6.87164e-08
6.66075e-08
6.45523e-08
6.25206e-08
6.05392e-08
5.85765e-08
5.66612e-08
5.47603e-08
5.29039e-08
5.1058e-08
4.92541e-08
4.74569e-08
4.56994e-08
4.39454e-08
4.2229e-08
4.0513e-08
3.88327e-08
3.71501e-08
3.55014e-08
3.3848e-08
3.2227e-08
3.05989e-08
2.90018e-08
2.73957e-08
2.58192e-08
2.42318e-08
2.26729e-08
2.11011e-08
1.95572e-08
1.79977e-08
1.64674e-08
1.49154e-08
1.34014e-08
1.1846e-08
1.03638e-08
8.77255e-09
7.37405e-09
5.64085e-09
4.51242e-09
2.28039e-09
2.10737e-09
0.0678344
0.0668572
0.063553
0.0583056
0.0502221
0.0381814
0.0211482
-0.00255164
-0.0326595
-0.0691625
-0.106088
-0.1358
-0.160242
-0.177506
-0.184847
-0.181864
-0.168886
-0.148705
-0.125156
-0.101645
-0.0803339
-0.0622607
-0.047607
-0.0360914
-0.0272282
-0.0204955
-0.0154204
-0.0116085
-0.00874784
-0.00659779
-0.00497612
-0.00374693
-0.00281103
-0.00209744
-0.0015551
-0.0011456
-0.000838707
-0.000610407
-0.000442068
-0.000319397
-0.000231199
-0.000168423
-0.000123734
-9.14689e-05
-6.76623e-05
-4.98288e-05
-3.64582e-05
-2.65324e-05
-1.92432e-05
-1.39255e-05
-1.00561e-05
-7.24172e-06
-5.19325e-06
-3.70032e-06
-2.61093e-06
-1.81545e-06
-1.23461e-06
-8.10811e-07
-5.02039e-07
-2.7757e-07
-1.14914e-07
2.40325e-09
8.64636e-08
1.46123e-07
1.87889e-07
2.1653e-07
2.35562e-07
2.47556e-07
2.54416e-07
2.57526e-07
2.57925e-07
2.56354e-07
2.53385e-07
2.49411e-07
2.44752e-07
2.39613e-07
2.34175e-07
2.28543e-07
2.22823e-07
2.17062e-07
2.11328e-07
2.05638e-07
2.00033e-07
1.94518e-07
1.89119e-07
1.83832e-07
1.78677e-07
1.73643e-07
1.68746e-07
1.63974e-07
1.59337e-07
1.54825e-07
1.50444e-07
1.46185e-07
1.42051e-07
1.38034e-07
1.34135e-07
1.30348e-07
1.26671e-07
1.231e-07
1.19631e-07
1.16262e-07
1.12986e-07
1.09806e-07
1.0671e-07
1.03703e-07
1.00773e-07
9.79266e-08
9.51484e-08
9.24495e-08
8.98109e-08
8.72467e-08
8.47355e-08
8.22941e-08
7.98989e-08
7.7569e-08
7.5279e-08
7.30503e-08
7.08554e-08
6.8718e-08
6.66089e-08
6.45538e-08
6.25218e-08
6.05405e-08
5.85775e-08
5.66624e-08
5.47611e-08
5.29049e-08
5.10586e-08
4.92549e-08
4.74574e-08
4.57001e-08
4.39458e-08
4.22296e-08
4.05133e-08
3.88332e-08
3.71503e-08
3.55018e-08
3.38481e-08
3.22273e-08
3.05989e-08
2.9002e-08
2.73956e-08
2.58194e-08
2.42317e-08
2.2673e-08
2.1101e-08
1.95573e-08
1.79975e-08
1.64675e-08
1.49151e-08
1.34014e-08
1.18454e-08
1.03639e-08
8.77135e-09
7.3749e-09
5.63764e-09
4.51641e-09
2.27165e-09
2.12158e-09
0.0718468
0.0710303
0.0682605
0.0637017
0.0563834
0.0449471
0.0279682
0.00304472
-0.0299082
-0.0718621
-0.114152
-0.146443
-0.173303
-0.192509
-0.200373
-0.19637
-0.180549
-0.156459
-0.128982
-0.102289
-0.0788002
-0.0594937
-0.0443263
-0.0327764
-0.0241559
-0.0177974
-0.0131351
-0.0097211
-0.00721667
-0.00537143
-0.00400275
-0.00297916
-0.00220797
-0.00162524
-0.00118642
-0.000858706
-0.000616316
-0.000438792
-0.000310361
-0.000219046
-0.000155459
-0.000111877
-8.19225e-05
-6.06885e-05
-4.49362e-05
-3.29246e-05
-2.3812e-05
-1.70617e-05
-1.21719e-05
-8.66738e-06
-6.15978e-06
-4.36203e-06
-3.069e-06
-2.1354e-06
-1.45898e-06
-9.67881e-07
-6.11191e-07
-3.52372e-07
-1.64988e-07
-2.98078e-08
6.71867e-08
1.36229e-07
1.84802e-07
2.18379e-07
2.40977e-07
2.55533e-07
2.64216e-07
2.68604e-07
2.69878e-07
2.68883e-07
2.66267e-07
2.62481e-07
2.57885e-07
2.52717e-07
2.4718e-07
2.41397e-07
2.35486e-07
2.29507e-07
2.23531e-07
2.17584e-07
2.11713e-07
2.05922e-07
2.00243e-07
1.94674e-07
1.89236e-07
1.83919e-07
1.78743e-07
1.73693e-07
1.68784e-07
1.64004e-07
1.59361e-07
1.54844e-07
1.5046e-07
1.46199e-07
1.42062e-07
1.38044e-07
1.34144e-07
1.30356e-07
1.26678e-07
1.23107e-07
1.19637e-07
1.16268e-07
1.12992e-07
1.09812e-07
1.06715e-07
1.03708e-07
1.00777e-07
9.79311e-08
9.51525e-08
9.24535e-08
8.98146e-08
8.72503e-08
8.47388e-08
8.22973e-08
7.99018e-08
7.75719e-08
7.52816e-08
7.30529e-08
7.08577e-08
6.87203e-08
6.66109e-08
6.45558e-08
6.25235e-08
6.05422e-08
5.8579e-08
5.66638e-08
5.47623e-08
5.29062e-08
5.10597e-08
4.9256e-08
4.74582e-08
4.57011e-08
4.39465e-08
4.22304e-08
4.05138e-08
3.88338e-08
3.71507e-08
3.55024e-08
3.38484e-08
3.22277e-08
3.05991e-08
2.90024e-08
2.73957e-08
2.58196e-08
2.42317e-08
2.26732e-08
2.11009e-08
1.95575e-08
1.79974e-08
1.64676e-08
1.49149e-08
1.34015e-08
1.1845e-08
1.03641e-08
8.77041e-09
7.37572e-09
5.63515e-09
4.51968e-09
2.26538e-09
2.13178e-09
0.0761872
0.0755694
0.0734597
0.0697836
0.063501
0.0530063
0.0363744
0.010265
-0.026068
-0.0753024
-0.124419
-0.159313
-0.18905
-0.21082
-0.219462
-0.214206
-0.194706
-0.165582
-0.133151
-0.102588
-0.0765708
-0.0559304
-0.0402926
-0.0288181
-0.0205664
-0.0146994
-0.010548
-0.00760905
-0.00551952
-0.00402262
-0.00293881
-0.00214406
-0.00155457
-0.00111515
-0.000789106
-0.000550074
-0.000377385
-0.000254594
-0.000169152
-0.000111652
-7.46708e-05
-5.18766e-05
-3.78464e-05
-2.84324e-05
-2.11873e-05
-1.52424e-05
-1.05417e-05
-7.09872e-06
-4.72828e-06
-3.13677e-06
-2.06706e-06
-1.3414e-06
-8.43701e-07
-4.97957e-07
-2.54858e-07
-8.2665e-08
3.94757e-08
1.25828e-07
1.86418e-07
2.28396e-07
2.56892e-07
2.75598e-07
2.87186e-07
2.93589e-07
2.96224e-07
2.96113e-07
2.94022e-07
2.90497e-07
2.85957e-07
2.80692e-07
2.7494e-07
2.6885e-07
2.62563e-07
2.56152e-07
2.49704e-07
2.43251e-07
2.36848e-07
2.30508e-07
2.24268e-07
2.18126e-07
2.12112e-07
2.06216e-07
2.00462e-07
1.94836e-07
1.89356e-07
1.8401e-07
1.78811e-07
1.73745e-07
1.68824e-07
1.64035e-07
1.59386e-07
1.54864e-07
1.50477e-07
1.46213e-07
1.42074e-07
1.38055e-07
1.34153e-07
1.30365e-07
1.26686e-07
1.23114e-07
1.19644e-07
1.16275e-07
1.12998e-07
1.09817e-07
1.0672e-07
1.03713e-07
1.00782e-07
9.79355e-08
9.51567e-08
9.24575e-08
8.98183e-08
8.72539e-08
8.47421e-08
8.23005e-08
7.99047e-08
7.75748e-08
7.52841e-08
7.30554e-08
7.08599e-08
6.87225e-08
6.66128e-08
6.45577e-08
6.25251e-08
6.05439e-08
5.85804e-08
5.66653e-08
5.47635e-08
5.29074e-08
5.10606e-08
4.9257e-08
4.7459e-08
4.57019e-08
4.39471e-08
4.22311e-08
4.05143e-08
3.88344e-08
3.7151e-08
3.55028e-08
3.38486e-08
3.22281e-08
3.05992e-08
2.90026e-08
2.73958e-08
2.58198e-08
2.42317e-08
2.26734e-08
2.11008e-08
1.95575e-08
1.79973e-08
1.64676e-08
1.49146e-08
1.34015e-08
1.18445e-08
1.03641e-08
8.7695e-09
7.37631e-09
5.63308e-09
4.52214e-09
2.26078e-09
2.13899e-09
0.0807769
0.0804001
0.079089
0.0765231
0.0716109
0.0625226
0.0466944
0.0196258
-0.020687
-0.0797732
-0.137683
-0.174848
-0.207724
-0.232734
-0.242592
-0.236036
-0.211884
-0.176302
-0.13762
-0.102359
-0.0734333
-0.0513962
-0.035387
-0.0241475
-0.0164272
-0.0111917
-0.00766229
-0.00528218
-0.00366873
-0.00256407
-0.00179636
-0.00125261
-0.000860576
-0.000575752
-0.000370571
-0.000226038
-0.000127232
-6.22164e-05
-2.20487e-05
-1.73045e-07
8.72109e-06
9.5482e-06
6.8259e-06
3.97732e-06
2.59481e-06
2.51877e-06
2.86947e-06
3.01753e-06
2.84183e-06
2.48441e-06
2.08742e-06
1.72119e-06
1.41026e-06
1.15924e-06
9.63086e-07
8.12408e-07
6.97274e-07
6.09238e-07
5.4165e-07
4.89421e-07
4.48682e-07
4.1651e-07
3.90713e-07
3.69647e-07
3.52099e-07
3.3716e-07
3.24174e-07
3.12645e-07
3.02226e-07
2.92642e-07
2.83717e-07
2.75297e-07
2.67298e-07
2.59631e-07
2.5226e-07
2.45129e-07
2.38229e-07
2.31523e-07
2.25016e-07
2.18677e-07
2.12519e-07
2.06517e-07
2.00685e-07
1.95002e-07
1.89481e-07
1.84104e-07
1.78882e-07
1.738e-07
1.68867e-07
1.64069e-07
1.59413e-07
1.54887e-07
1.50495e-07
1.46228e-07
1.42088e-07
1.38067e-07
1.34164e-07
1.30375e-07
1.26695e-07
1.23123e-07
1.19652e-07
1.16282e-07
1.13005e-07
1.09824e-07
1.06726e-07
1.03719e-07
1.00788e-07
9.79409e-08
9.51617e-08
9.24624e-08
8.98228e-08
8.72582e-08
8.4746e-08
8.23043e-08
7.99081e-08
7.75781e-08
7.52871e-08
7.30582e-08
7.08625e-08
6.8725e-08
6.6615e-08
6.45598e-08
6.25269e-08
6.05457e-08
5.85819e-08
5.66668e-08
5.47648e-08
5.29087e-08
5.10616e-08
4.9258e-08
4.74598e-08
4.57027e-08
4.39477e-08
4.22317e-08
4.05147e-08
3.88349e-08
3.71513e-08
3.55032e-08
3.38488e-08
3.22283e-08
3.05993e-08
2.90028e-08
2.73958e-08
2.58199e-08
2.42316e-08
2.26734e-08
2.11007e-08
1.95575e-08
1.79971e-08
1.64675e-08
1.49144e-08
1.34014e-08
1.18441e-08
1.03641e-08
8.76876e-09
7.3768e-09
5.6315e-09
4.52406e-09
2.25751e-09
2.14416e-09
0.0855207
0.0854282
0.0850619
0.0838572
0.0807174
0.0736382
0.059286
0.0317795
-0.0132212
-0.0858749
-0.154764
-0.193326
-0.230092
-0.259431
-0.270922
-0.262837
-0.232643
-0.188716
-0.142168
-0.10127
-0.06908
-0.0456618
-0.0294637
-0.0186877
-0.0117089
-0.00727428
-0.00449329
-0.00276186
-0.00168642
-0.00101588
-0.000592308
-0.000318337
-0.000136441
-1.48813e-05
6.34467e-05
0.000109329
0.000131353
0.000136494
0.000129733
0.000114545
9.40388e-05
7.17693e-05
5.14946e-05
3.60185e-05
2.60216e-05
2.01088e-05
1.62679e-05
1.31811e-05
1.04521e-05
8.1228e-06
6.24386e-06
4.77897e-06
3.65694e-06
2.80867e-06
2.17387e-06
1.70139e-06
1.35012e-06
1.08871e-06
8.93799e-07
7.48061e-07
6.38644e-07
5.56031e-07
4.93188e-07
4.44912e-07
4.07379e-07
3.77761e-07
3.53994e-07
3.34546e-07
3.1831e-07
3.04454e-07
2.92392e-07
2.81669e-07
2.71978e-07
2.63068e-07
2.54785e-07
2.46984e-07
2.39593e-07
2.32527e-07
2.25754e-07
2.19222e-07
2.12921e-07
2.06815e-07
2.00906e-07
1.95167e-07
1.89605e-07
1.84197e-07
1.78953e-07
1.73855e-07
1.6891e-07
1.64103e-07
1.59441e-07
1.5491e-07
1.50514e-07
1.46245e-07
1.42103e-07
1.3808e-07
1.34176e-07
1.30386e-07
1.26705e-07
1.23132e-07
1.1966e-07
1.1629e-07
1.13013e-07
1.09831e-07
1.06733e-07
1.03726e-07
1.00794e-07
9.79466e-08
9.5167e-08
9.24674e-08
8.98275e-08
8.72627e-08
8.47502e-08
8.23083e-08
7.99118e-08
7.75816e-08
7.52904e-08
7.30614e-08
7.08653e-08
6.87277e-08
6.66174e-08
6.45622e-08
6.2529e-08
6.05477e-08
5.85837e-08
5.66685e-08
5.47662e-08
5.29101e-08
5.10628e-08
4.92592e-08
4.74608e-08
4.57037e-08
4.39485e-08
4.22325e-08
4.05153e-08
3.88355e-08
3.71518e-08
3.55037e-08
3.38491e-08
3.22287e-08
3.05995e-08
2.90031e-08
2.73958e-08
2.58201e-08
2.42316e-08
2.26735e-08
2.11007e-08
1.95576e-08
1.79969e-08
1.64675e-08
1.49141e-08
1.34013e-08
1.18437e-08
1.03642e-08
8.76812e-09
7.37716e-09
5.63025e-09
4.52547e-09
2.25512e-09
2.14781e-09
0.0903058
0.0905415
0.0912634
0.0916942
0.0907899
0.0865229
0.074622
0.0477858
-0.00270577
-0.0945593
-0.178014
-0.21512
-0.255463
-0.290953
-0.30558
-0.296193
-0.258161
-0.203294
-0.146683
-0.0989713
-0.0631576
-0.0384737
-0.0223722
-0.012365
-0.00638561
-0.00294728
-0.00105349
-6.5296e-05
0.000409355
0.000604811
0.000657714
0.000644745
0.000605381
0.000556497
0.000503445
0.000447958
0.000391664
0.00033606
0.000281764
0.000228901
0.000178298
0.000132274
9.40711e-05
6.60478e-05
4.79094e-05
3.67427e-05
2.91491e-05
2.30492e-05
1.78503e-05
1.35874e-05
1.02602e-05
7.72845e-06
5.82154e-06
4.39634e-06
3.33855e-06
2.55624e-06
1.97781e-06
1.54968e-06
1.23236e-06
9.9673e-07
8.21293e-07
6.90192e-07
5.91734e-07
5.17298e-07
4.60549e-07
4.16816e-07
3.82681e-07
3.55616e-07
3.33786e-07
3.15822e-07
3.00741e-07
2.87801e-07
2.76483e-07
2.66378e-07
2.57217e-07
2.48772e-07
2.40908e-07
2.33495e-07
2.26468e-07
2.19748e-07
2.1331e-07
2.07104e-07
2.01121e-07
1.95328e-07
1.89726e-07
1.84289e-07
1.79024e-07
1.7391e-07
1.68954e-07
1.64138e-07
1.59469e-07
1.54934e-07
1.50535e-07
1.46263e-07
1.42118e-07
1.38094e-07
1.34189e-07
1.30397e-07
1.26716e-07
1.23142e-07
1.1967e-07
1.16299e-07
1.13021e-07
1.09839e-07
1.06741e-07
1.03733e-07
1.008e-07
9.7953e-08
9.5173e-08
9.24731e-08
8.98328e-08
8.72676e-08
8.47548e-08
8.23126e-08
7.99158e-08
7.75853e-08
7.52938e-08
7.30646e-08
7.08682e-08
6.87304e-08
6.66198e-08
6.45644e-08
6.2531e-08
6.05496e-08
5.85853e-08
5.667e-08
5.47676e-08
5.29114e-08
5.10639e-08
4.92602e-08
4.74616e-08
4.57045e-08
4.3949e-08
4.22331e-08
4.05157e-08
3.88359e-08
3.7152e-08
3.55039e-08
3.38492e-08
3.22288e-08
3.05995e-08
2.90031e-08
2.73957e-08
2.582e-08
2.42314e-08
2.26734e-08
2.11004e-08
1.95574e-08
1.79967e-08
1.64673e-08
1.49138e-08
1.34011e-08
1.18433e-08
1.0364e-08
8.76753e-09
7.37738e-09
5.62928e-09
4.52652e-09
2.2534e-09
2.15043e-09
0.0950019
0.0956016
0.0975428
0.0998647
0.101715
0.101176
0.0930995
0.0686976
0.0115569
-0.106308
-0.207487
-0.241707
-0.286934
-0.329704
-0.348347
-0.337821
-0.289456
-0.220198
-0.150777
-0.0949321
-0.0552136
-0.0295361
-0.0139579
-0.00512587
-0.000463459
0.00175432
0.00261246
0.00276377
0.00258069
0.00226745
0.0019303
0.00161932
0.00135241
0.0011296
0.000943428
0.000785948
0.000651334
0.00053517
0.000433355
0.000342464
0.000261056
0.000190474
0.000133855
9.34091e-05
6.77868e-05
5.21587e-05
4.13813e-05
3.25298e-05
2.49462e-05
1.87944e-05
1.4069e-05
1.05197e-05
7.86731e-06
5.89477e-06
4.43644e-06
3.36138e-06
2.56861e-06
1.9833e-06
1.55065e-06
1.2304e-06
9.92851e-07
8.16161e-07
6.84235e-07
5.85226e-07
5.10433e-07
4.5345e-07
4.09583e-07
3.75373e-07
3.48295e-07
3.26476e-07
3.08566e-07
2.93548e-07
2.80704e-07
2.69479e-07
2.59496e-07
2.50447e-07
2.42141e-07
2.34402e-07
2.27136e-07
2.20242e-07
2.13676e-07
2.07375e-07
2.01324e-07
1.9548e-07
1.89841e-07
1.84377e-07
1.79092e-07
1.73963e-07
1.68996e-07
1.64172e-07
1.59498e-07
1.54957e-07
1.50555e-07
1.46281e-07
1.42134e-07
1.38109e-07
1.34202e-07
1.3041e-07
1.26727e-07
1.23153e-07
1.1968e-07
1.16309e-07
1.1303e-07
1.09847e-07
1.06749e-07
1.0374e-07
1.00807e-07
9.79598e-08
9.51794e-08
9.24792e-08
8.98384e-08
8.72731e-08
8.47599e-08
8.23174e-08
7.99203e-08
7.75896e-08
7.52977e-08
7.30683e-08
7.08716e-08
6.87337e-08
6.66228e-08
6.45673e-08
6.25336e-08
6.0552e-08
5.85875e-08
5.66721e-08
5.47693e-08
5.2913e-08
5.10654e-08
4.92616e-08
4.74628e-08
4.57056e-08
4.395e-08
4.2234e-08
4.05164e-08
3.88366e-08
3.71526e-08
3.55045e-08
3.38496e-08
3.22292e-08
3.05998e-08
2.90034e-08
2.73959e-08
2.58202e-08
2.42315e-08
2.26735e-08
2.11004e-08
1.95575e-08
1.79966e-08
1.64673e-08
1.49137e-08
1.34011e-08
1.1843e-08
1.0364e-08
8.76711e-09
7.37757e-09
5.62855e-09
4.5273e-09
2.25216e-09
2.15229e-09
0.0994632
0.100456
0.103709
0.108169
0.113284
0.117709
0.115329
0.0974176
0.0317189
-0.130532
-0.250649
-0.268477
-0.321215
-0.378936
-0.404014
-0.391817
-0.329382
-0.240473
-0.154137
-0.0884208
-0.0446106
-0.0184523
-0.00401688
0.00311276
0.00607763
0.00682141
0.00648413
0.00570201
0.00480482
0.003951
0.00320624
0.00258789
0.00208877
0.00169026
0.00137111
0.00111301
0.000901994
0.00072715
0.000579213
0.000450971
0.000338758
0.000243324
0.000168295
0.000116143
8.4348e-05
6.55917e-05
5.25235e-05
4.132e-05
3.14957e-05
2.35492e-05
1.75274e-05
1.30521e-05
9.72366e-06
7.25363e-06
5.43153e-06
4.09113e-06
3.10413e-06
2.37636e-06
1.83917e-06
1.44221e-06
1.14837e-06
9.30366e-07
7.68104e-07
6.46821e-07
5.5567e-07
4.86673e-07
4.33984e-07
3.93293e-07
3.61456e-07
3.36142e-07
3.15666e-07
2.98763e-07
2.84535e-07
2.72294e-07
2.61565e-07
2.51969e-07
2.43261e-07
2.35227e-07
2.27746e-07
2.20693e-07
2.1401e-07
2.07625e-07
2.0151e-07
1.95621e-07
1.89948e-07
1.8446e-07
1.79157e-07
1.74015e-07
1.69037e-07
1.64206e-07
1.59526e-07
1.54982e-07
1.50577e-07
1.46299e-07
1.42151e-07
1.38124e-07
1.34216e-07
1.30423e-07
1.2674e-07
1.23165e-07
1.19691e-07
1.16319e-07
1.1304e-07
1.09857e-07
1.06757e-07
1.03749e-07
1.00815e-07
9.79671e-08
9.51862e-08
9.24856e-08
8.98444e-08
8.72787e-08
8.47651e-08
8.23223e-08
7.99247e-08
7.75937e-08
7.53015e-08
7.30717e-08
7.08747e-08
6.87365e-08
6.66254e-08
6.45696e-08
6.25357e-08
6.05539e-08
5.85891e-08
5.66736e-08
5.47707e-08
5.29143e-08
5.10664e-08
4.92625e-08
4.74635e-08
4.57063e-08
4.39505e-08
4.22344e-08
4.05167e-08
3.88369e-08
3.71527e-08
3.55046e-08
3.38496e-08
3.22292e-08
3.05996e-08
2.90033e-08
2.73957e-08
2.582e-08
2.42312e-08
2.26732e-08
2.11001e-08
1.95572e-08
1.79962e-08
1.6467e-08
1.49132e-08
1.34008e-08
1.18426e-08
1.03638e-08
8.76661e-09
7.37759e-09
5.62793e-09
4.52782e-09
2.25125e-09
2.15361e-09
0.103532
0.104922
0.109532
0.116242
0.125139
0.135403
0.141511
0.133188
0.0597788
-0.141219
-0.319049
-0.31562
-0.362929
-0.431337
-0.465965
-0.453346
-0.374976
-0.262776
-0.15594
-0.0787105
-0.0307478
-0.00485105
0.00761668
0.0123755
0.0131892
0.0121787
0.0104852
0.0086837
0.00703014
0.00561737
0.00445864
0.00353201
0.00280203
0.00223027
0.00178138
0.00142631
0.00114249
0.000911931
0.000719787
0.000554906
0.000411589
0.000290598
0.000196894
0.00013375
9.72793e-05
7.696e-05
6.25636e-05
4.93603e-05
3.73934e-05
2.77504e-05
2.05629e-05
1.52792e-05
1.13581e-05
8.44875e-06
6.30582e-06
4.732e-06
3.57427e-06
2.72121e-06
2.09215e-06
1.62784e-06
1.28462e-06
1.03038e-06
8.41527e-07
7.00729e-07
5.95252e-07
5.15736e-07
4.55324e-07
4.08963e-07
3.72962e-07
3.44591e-07
3.2187e-07
3.0332e-07
2.87882e-07
2.74753e-07
2.63373e-07
2.53299e-07
2.4424e-07
2.35949e-07
2.28279e-07
2.21088e-07
2.14304e-07
2.07844e-07
2.01676e-07
1.95746e-07
1.90044e-07
1.84534e-07
1.79216e-07
1.74062e-07
1.69076e-07
1.64238e-07
1.59553e-07
1.55005e-07
1.50597e-07
1.46318e-07
1.42168e-07
1.3814e-07
1.34231e-07
1.30437e-07
1.26753e-07
1.23177e-07
1.19702e-07
1.1633e-07
1.1305e-07
1.09866e-07
1.06766e-07
1.03757e-07
1.00823e-07
9.79749e-08
9.51936e-08
9.24926e-08
8.9851e-08
8.72849e-08
8.47709e-08
8.23278e-08
7.99299e-08
7.75987e-08
7.53061e-08
7.30761e-08
7.08788e-08
6.87404e-08
6.6629e-08
6.45729e-08
6.25387e-08
6.05567e-08
5.85917e-08
5.6676e-08
5.47728e-08
5.29162e-08
5.10681e-08
4.92642e-08
4.7465e-08
4.57076e-08
4.39516e-08
4.22355e-08
4.05177e-08
3.88377e-08
3.71534e-08
3.55052e-08
3.38501e-08
3.22297e-08
3.06e-08
2.90036e-08
2.73959e-08
2.58203e-08
2.42314e-08
2.26734e-08
2.11002e-08
1.95573e-08
1.79963e-08
1.64671e-08
1.49132e-08
1.34008e-08
1.18424e-08
1.03637e-08
8.76634e-09
7.37768e-09
5.62752e-09
4.52821e-09
2.25061e-09
2.15454e-09
0.107048
0.108821
0.114734
0.123752
0.136672
0.154261
0.172356
0.187929
0.100897
-0.129772
-0.351774
-0.316619
-0.378938
-0.462285
-0.50266
-0.49836
-0.410424
-0.27907
-0.153331
-0.0652793
-0.0138124
0.0109763
0.0207147
0.0225015
0.0207591
0.0177444
0.0145534
0.0116594
0.0092159
0.00723167
0.00565682
0.0044244
0.00346826
0.00272924
0.0021574
0.0017124
0.00136232
0.00108145
0.000848998
0.000649736
0.000476166
0.000329803
0.00021801
0.000145357
0.000106221
8.61972e-05
7.14318e-05
5.64903e-05
4.24483e-05
3.12399e-05
2.30646e-05
1.71245e-05
1.27145e-05
9.4395e-06
7.03041e-06
5.26348e-06
3.96435e-06
3.00734e-06
2.30202e-06
1.78184e-06
1.39766e-06
1.11336e-06
9.02454e-07
7.45465e-07
6.28101e-07
5.39857e-07
4.73036e-07
4.21969e-07
3.82512e-07
3.51605e-07
3.27021e-07
3.07103e-07
2.90662e-07
2.76796e-07
2.64875e-07
2.54405e-07
2.45055e-07
2.36552e-07
2.28725e-07
2.21419e-07
2.14552e-07
2.0803e-07
2.01816e-07
1.95854e-07
1.90128e-07
1.846e-07
1.79268e-07
1.74105e-07
1.69112e-07
1.64269e-07
1.5958e-07
1.55029e-07
1.50619e-07
1.46337e-07
1.42186e-07
1.38156e-07
1.34246e-07
1.30451e-07
1.26766e-07
1.2319e-07
1.19715e-07
1.16342e-07
1.13061e-07
1.09877e-07
1.06776e-07
1.03767e-07
1.00832e-07
9.79831e-08
9.52013e-08
9.24998e-08
8.98577e-08
8.72911e-08
8.47767e-08
8.23331e-08
7.99348e-08
7.76031e-08
7.531e-08
7.30797e-08
7.0882e-08
6.87433e-08
6.66315e-08
6.45753e-08
6.25408e-08
6.05586e-08
5.85934e-08
5.66775e-08
5.47741e-08
5.29174e-08
5.10691e-08
4.9265e-08
4.74656e-08
4.57081e-08
4.3952e-08
4.22358e-08
4.05178e-08
3.88378e-08
3.71533e-08
3.55051e-08
3.38499e-08
3.22295e-08
3.05997e-08
2.90033e-08
2.73956e-08
2.58199e-08
2.42309e-08
2.2673e-08
2.10997e-08
1.95568e-08
1.79957e-08
1.64666e-08
1.49126e-08
1.34003e-08
1.18419e-08
1.03634e-08
8.7659e-09
7.37756e-09
5.62711e-09
4.52842e-09
2.25011e-09
2.15518e-09
0.109853
0.111954
0.119028
0.130066
0.147097
0.171338
0.206832
0.212961
0.192341
-0.147902
-0.446572
-0.331519
-0.367438
-0.464033
-0.508161
-0.505642
-0.416953
-0.278957
-0.143515
-0.0493639
0.00373818
0.0267005
0.0334758
0.0322122
0.0279165
0.0229359
0.0183022
0.0143734
0.0111928
0.00868249
0.00672875
0.00522053
0.00406219
0.00317497
0.00249516
0.00197172
0.0015639
0.00123881
0.000970091
0.000738736
0.000535908
0.000364626
0.000235307
0.000154261
0.000113802
9.47506e-05
7.96691e-05
6.28328e-05
4.66817e-05
3.40311e-05
2.5035e-05
1.85728e-05
1.37754e-05
1.0211e-05
7.59344e-06
5.67625e-06
4.26707e-06
3.22915e-06
2.46458e-06
1.90105e-06
1.48512e-06
1.17754e-06
9.4956e-07
7.80041e-07
6.53481e-07
5.58488e-07
4.86712e-07
4.32008e-07
3.89882e-07
3.57015e-07
3.30993e-07
3.10021e-07
2.92805e-07
2.78372e-07
2.66035e-07
2.55259e-07
2.45686e-07
2.37018e-07
2.29071e-07
2.21677e-07
2.14746e-07
2.08178e-07
2.01929e-07
1.95941e-07
1.90198e-07
1.84655e-07
1.79313e-07
1.74142e-07
1.69144e-07
1.64297e-07
1.59605e-07
1.55051e-07
1.50639e-07
1.46356e-07
1.42204e-07
1.38173e-07
1.34262e-07
1.30466e-07
1.2678e-07
1.23203e-07
1.19727e-07
1.16354e-07
1.13072e-07
1.09888e-07
1.06787e-07
1.03776e-07
1.00841e-07
9.79918e-08
9.52095e-08
9.25076e-08
8.98651e-08
8.72981e-08
8.47833e-08
8.23394e-08
7.99407e-08
7.76087e-08
7.53154e-08
7.30848e-08
7.08868e-08
6.87478e-08
6.66357e-08
6.45792e-08
6.25444e-08
6.05619e-08
5.85964e-08
5.66802e-08
5.47766e-08
5.29197e-08
5.10712e-08
4.92669e-08
4.74673e-08
4.57097e-08
4.39534e-08
4.2237e-08
4.05189e-08
3.88388e-08
3.71542e-08
3.55059e-08
3.38506e-08
3.22301e-08
3.06002e-08
2.90038e-08
2.73959e-08
2.58202e-08
2.42312e-08
2.26732e-08
2.10999e-08
1.9557e-08
1.79959e-08
1.64667e-08
1.49127e-08
1.34004e-08
1.18419e-08
1.03634e-08
8.76575e-09
7.37757e-09
5.62687e-09
4.52858e-09
2.24978e-09
2.1556e-09
0.11181
0.114163
0.122091
0.134794
0.154931
0.186261
0.234786
0.275061
0.331708
-0.11848
-0.337285
-0.36945
-0.459399
-0.508205
-0.504623
-0.411708
-0.270024
-0.131208
-0.0353191
0.0176273
0.0387268
0.0431805
0.0396013
0.0333791
0.0269061
0.0211716
0.0164502
0.0127041
0.0097905
0.00754784
0.00583153
0.00452279
0.00352663
0.00276758
0.00218581
0.00173388
0.00137382
0.00107537
0.00081695
0.000589128
0.000396646
0.000252842
0.000165248
0.000123466
0.000104036
8.75205e-05
6.83676e-05
5.01315e-05
3.6172e-05
2.64721e-05
1.95941e-05
1.45103e-05
1.07399e-05
7.97757e-06
5.95739e-06
4.47298e-06
3.37988e-06
2.57497e-06
1.98198e-06
1.54448e-06
1.2211e-06
9.8153e-07
8.03506e-07
6.70704e-07
5.71129e-07
4.9599e-07
4.38818e-07
3.94881e-07
3.60684e-07
3.33688e-07
3.12e-07
2.9426e-07
2.79442e-07
2.66823e-07
2.55841e-07
2.46116e-07
2.37338e-07
2.2931e-07
2.21858e-07
2.14883e-07
2.08284e-07
2.02011e-07
1.96006e-07
1.90247e-07
1.84699e-07
1.7935e-07
1.74174e-07
1.69172e-07
1.64322e-07
1.59628e-07
1.55073e-07
1.50659e-07
1.46375e-07
1.42222e-07
1.3819e-07
1.34278e-07
1.30481e-07
1.26795e-07
1.23217e-07
1.19741e-07
1.16366e-07
1.13084e-07
1.09899e-07
1.06797e-07
1.03786e-07
1.00851e-07
9.80008e-08
9.52179e-08
9.25154e-08
8.98723e-08
8.73048e-08
8.47894e-08
8.2345e-08
7.99458e-08
7.76133e-08
7.53194e-08
7.30883e-08
7.08899e-08
6.87506e-08
6.66382e-08
6.45814e-08
6.25463e-08
6.05637e-08
5.85979e-08
5.66816e-08
5.47778e-08
5.29206e-08
5.1072e-08
4.92675e-08
4.74678e-08
4.571e-08
4.39536e-08
4.22372e-08
4.05189e-08
3.88387e-08
3.71541e-08
3.55057e-08
3.38503e-08
3.22297e-08
3.05998e-08
2.90033e-08
2.73954e-08
2.58197e-08
2.42306e-08
2.26726e-08
2.10993e-08
1.95564e-08
1.79952e-08
1.6466e-08
1.49121e-08
1.33997e-08
1.18413e-08
1.0363e-08
8.76535e-09
7.37737e-09
5.6266e-09
4.52861e-09
2.24953e-09
2.15585e-09
0.112817
0.115302
0.1237
0.137289
0.159286
0.194591
0.252165
0.320217
0.430529
-0.354948
-0.447059
-0.490916
-0.485413
-0.394821
-0.255898
-0.120691
-0.0270183
0.0245385
0.0442684
0.0475627
0.0429397
0.0358892
0.0287747
0.022562
0.017489
0.0134863
0.0103857
0.00800648
0.00618996
0.0048068
0.00375449
0.00295225
0.00233655
0.00185713
0.00147368
0.00115423
0.000876296
0.000630806
0.000423865
0.000270257
0.000177461
0.000133094
0.000111729
9.31908e-05
7.20639e-05
5.23308e-05
3.74729e-05
2.72972e-05
2.01547e-05
1.49008e-05
1.10154e-05
8.17535e-06
6.10114e-06
4.5778e-06
3.4564e-06
2.63092e-06
2.02294e-06
1.5745e-06
1.24311e-06
9.97664e-07
8.15337e-07
6.79379e-07
5.77489e-07
5.00653e-07
4.42237e-07
3.97388e-07
3.62523e-07
3.35037e-07
3.1299e-07
2.94988e-07
2.79979e-07
2.6722e-07
2.56136e-07
2.46336e-07
2.37504e-07
2.29436e-07
2.21955e-07
2.14958e-07
2.0834e-07
2.0206e-07
1.96047e-07
1.90284e-07
1.8473e-07
1.79378e-07
1.742e-07
1.69196e-07
1.64345e-07
1.59649e-07
1.55093e-07
1.50678e-07
1.46393e-07
1.4224e-07
1.38207e-07
1.34295e-07
1.30497e-07
1.2681e-07
1.23231e-07
1.19754e-07
1.16379e-07
1.13097e-07
1.09911e-07
1.06809e-07
1.03797e-07
1.00861e-07
9.80104e-08
9.5227e-08
9.2524e-08
8.98805e-08
8.73126e-08
8.47968e-08
8.2352e-08
7.99525e-08
7.76197e-08
7.53256e-08
7.30944e-08
7.08956e-08
6.87559e-08
6.66432e-08
6.4586e-08
6.25505e-08
6.05675e-08
5.86014e-08
5.66848e-08
5.47807e-08
5.29233e-08
5.10744e-08
4.92697e-08
4.74698e-08
4.57119e-08
4.39553e-08
4.22386e-08
4.05203e-08
3.88399e-08
3.71551e-08
3.55066e-08
3.38511e-08
3.22304e-08
3.06004e-08
2.90038e-08
2.73959e-08
2.58201e-08
2.4231e-08
2.26729e-08
2.10995e-08
1.95566e-08
1.79954e-08
1.64663e-08
1.49123e-08
1.33999e-08
1.18414e-08
1.0363e-08
8.76525e-09
7.3773e-09
5.62645e-09
4.52858e-09
2.24938e-09
2.15595e-09
0.112817
0.115302
0.1237
0.137289
0.159286
0.194591
0.252165
0.330426
0.488853
-0.349294
-0.447042
-0.490898
-0.485402
-0.394827
-0.255913
-0.120708
-0.0270301
0.0245324
0.0442669
0.0475639
0.0429421
0.0358917
0.0287768
0.0225634
0.0174899
0.0134866
0.0103855
0.00800612
0.0061895
0.00480635
0.00375411
0.00295198
0.00233638
0.00185703
0.00147364
0.00115421
0.00087628
0.000630785
0.000423841
0.000270236
0.000177447
0.000133086
0.000111725
9.31889e-05
7.20624e-05
5.23294e-05
3.74717e-05
2.72962e-05
2.01539e-05
1.49001e-05
1.10148e-05
8.17482e-06
6.10068e-06
4.57741e-06
3.45606e-06
2.63063e-06
2.02269e-06
1.57428e-06
1.24293e-06
9.97511e-07
8.15208e-07
6.79271e-07
5.77399e-07
5.00579e-07
4.42176e-07
3.97339e-07
3.62485e-07
3.35008e-07
3.12969e-07
2.94974e-07
2.7997e-07
2.67216e-07
2.56136e-07
2.46341e-07
2.37511e-07
2.29447e-07
2.21967e-07
2.14973e-07
2.08357e-07
2.02077e-07
1.96066e-07
1.90303e-07
1.8475e-07
1.79398e-07
1.7422e-07
1.69216e-07
1.64365e-07
1.59669e-07
1.55112e-07
1.50696e-07
1.46412e-07
1.42257e-07
1.38224e-07
1.34311e-07
1.30513e-07
1.26826e-07
1.23246e-07
1.19768e-07
1.16393e-07
1.1311e-07
1.09923e-07
1.0682e-07
1.03808e-07
1.00871e-07
9.802e-08
9.5236e-08
9.25324e-08
8.98882e-08
8.73197e-08
8.48033e-08
8.2358e-08
7.99579e-08
7.76245e-08
7.53299e-08
7.30979e-08
7.08988e-08
6.87587e-08
6.66456e-08
6.45882e-08
6.25526e-08
6.05694e-08
5.86031e-08
5.66863e-08
5.47819e-08
5.29244e-08
5.10753e-08
4.92705e-08
4.74704e-08
4.57123e-08
4.39556e-08
4.22388e-08
4.05203e-08
3.88399e-08
3.7155e-08
3.55064e-08
3.38509e-08
3.22301e-08
3.06001e-08
2.90034e-08
2.73955e-08
2.58196e-08
2.42305e-08
2.26724e-08
2.1099e-08
1.95561e-08
1.79949e-08
1.64657e-08
1.49117e-08
1.33993e-08
1.18409e-08
1.03626e-08
8.76502e-09
7.37714e-09
5.62635e-09
4.52852e-09
2.24932e-09
2.15594e-09
0.11181
0.114163
0.122091
0.134794
0.154932
0.186261
0.234787
0.302333
0.413802
-0.330968
-0.365749
-0.459359
-0.508164
-0.504608
-0.411722
-0.270058
-0.131243
-0.0353459
0.017612
0.0387205
0.0431799
0.0396036
0.0333824
0.0269092
0.0211742
0.0164518
0.0127049
0.00979059
0.00754747
0.00583093
0.00452213
0.00352605
0.00276713
0.0021855
0.00173369
0.0013737
0.00107529
0.000816882
0.000589061
0.000396579
0.000252784
0.000165207
0.000123444
0.000104026
8.75153e-05
6.83635e-05
5.01276e-05
3.61685e-05
2.64691e-05
1.95915e-05
1.45081e-05
1.0738e-05
7.97594e-06
5.956e-06
4.47179e-06
3.37885e-06
2.5741e-06
1.98123e-06
1.54384e-06
1.22056e-06
9.8107e-07
8.03118e-07
6.70378e-07
5.70857e-07
4.95766e-07
4.38635e-07
3.94734e-07
3.60569e-07
3.33599e-07
3.11934e-07
2.94215e-07
2.79415e-07
2.66811e-07
2.55843e-07
2.46129e-07
2.3736e-07
2.29341e-07
2.21895e-07
2.14925e-07
2.08328e-07
2.02061e-07
1.96059e-07
1.90305e-07
1.84756e-07
1.79409e-07
1.74233e-07
1.69231e-07
1.64381e-07
1.59687e-07
1.5513e-07
1.50715e-07
1.4643e-07
1.42275e-07
1.38242e-07
1.34328e-07
1.30529e-07
1.26841e-07
1.23261e-07
1.19783e-07
1.16407e-07
1.13123e-07
1.09936e-07
1.06832e-07
1.03819e-07
1.00882e-07
9.80303e-08
9.52458e-08
9.25416e-08
8.9897e-08
8.7328e-08
8.48112e-08
8.23654e-08
7.9965e-08
7.76313e-08
7.53364e-08
7.31043e-08
7.09048e-08
6.87643e-08
6.66509e-08
6.4593e-08
6.2557e-08
6.05734e-08
5.86068e-08
5.66896e-08
5.4785e-08
5.29272e-08
5.10778e-08
4.92727e-08
4.74724e-08
4.57142e-08
4.39573e-08
4.22403e-08
4.05217e-08
3.88411e-08
3.71561e-08
3.55074e-08
3.38517e-08
3.22308e-08
3.06007e-08
2.9004e-08
2.73959e-08
2.582e-08
2.42308e-08
2.26727e-08
2.10993e-08
1.95563e-08
1.79951e-08
1.64659e-08
1.49119e-08
1.33995e-08
1.1841e-08
1.03626e-08
8.76499e-09
7.37702e-09
5.62631e-09
4.52837e-09
2.24933e-09
2.15578e-09
0.109853
0.111955
0.119029
0.130067
0.147098
0.171339
0.206834
0.250203
0.263284
-0.256622
-0.338378
-0.374062
-0.463986
-0.508116
-0.505627
-0.416976
-0.279002
-0.14356
-0.0493959
0.00372081
0.026694
0.0334759
0.0322156
0.0279207
0.0229398
0.0183051
0.0143751
0.0111935
0.00868236
0.00672811
0.00521965
0.0040613
0.00317421
0.00249458
0.00197133
0.00156367
0.00123868
0.00097001
0.000738669
0.000535836
0.000364552
0.00023524
0.000154213
0.000113774
9.47354e-05
7.96602e-05
6.28257e-05
4.66754e-05
3.40255e-05
2.50302e-05
1.85687e-05
1.37718e-05
1.02079e-05
7.59076e-06
5.67395e-06
4.2651e-06
3.22746e-06
2.46313e-06
1.89981e-06
1.48406e-06
1.17664e-06
9.48798e-07
7.79398e-07
6.52942e-07
5.58039e-07
4.86342e-07
4.31706e-07
3.8964e-07
3.56824e-07
3.30847e-07
3.09914e-07
2.92732e-07
2.78328e-07
2.66016e-07
2.55263e-07
2.45707e-07
2.37056e-07
2.29122e-07
2.2174e-07
2.14817e-07
2.08255e-07
2.02013e-07
1.9603e-07
1.90289e-07
1.84751e-07
1.79411e-07
1.7424e-07
1.69242e-07
1.64395e-07
1.59703e-07
1.55148e-07
1.50734e-07
1.46448e-07
1.42293e-07
1.38259e-07
1.34345e-07
1.30546e-07
1.26858e-07
1.23277e-07
1.19798e-07
1.16421e-07
1.13137e-07
1.09949e-07
1.06844e-07
1.03831e-07
1.00893e-07
9.80406e-08
9.52554e-08
9.25506e-08
8.99053e-08
8.73357e-08
8.48183e-08
8.23719e-08
7.99708e-08
7.76365e-08
7.53411e-08
7.31083e-08
7.09084e-08
6.87675e-08
6.66537e-08
6.45956e-08
6.25593e-08
6.05754e-08
5.86086e-08
5.66911e-08
5.47863e-08
5.29283e-08
5.10787e-08
4.92735e-08
4.7473e-08
4.57145e-08
4.39575e-08
4.22404e-08
4.05217e-08
3.8841e-08
3.71559e-08
3.55071e-08
3.38514e-08
3.22304e-08
3.06002e-08
2.90034e-08
2.73954e-08
2.58194e-08
2.42302e-08
2.2672e-08
2.10986e-08
1.95556e-08
1.79944e-08
1.64652e-08
1.49112e-08
1.33988e-08
1.18405e-08
1.03621e-08
8.76471e-09
7.37671e-09
5.62624e-09
4.52811e-09
2.24942e-09
2.15547e-09
0.107048
0.108822
0.114734
0.123753
0.136674
0.154262
0.172358
0.187932
0.148612
-0.174316
-0.426001
-0.322255
-0.378912
-0.462235
-0.502619
-0.498352
-0.410452
-0.279117
-0.153375
-0.0653101
-0.0138298
0.0109687
0.0207133
0.0225032
0.020762
0.0177473
0.0145558
0.011661
0.00921663
0.00723175
0.00565644
0.00442379
0.00346759
0.00272864
0.00215692
0.00171206
0.0013621
0.00108131
0.0008489
0.000649655
0.000476087
0.000329726
0.000217941
0.000145304
0.000106187
8.61777e-05
7.14193e-05
5.64805e-05
4.24397e-05
3.12323e-05
2.3058e-05
1.71187e-05
1.27095e-05
9.43514e-06
7.02666e-06
5.26026e-06
3.96159e-06
3.00497e-06
2.3e-06
1.78011e-06
1.39618e-06
1.11211e-06
9.01392e-07
7.44569e-07
6.2735e-07
5.39231e-07
4.7252e-07
4.21547e-07
3.82174e-07
3.51338e-07
3.26817e-07
3.06953e-07
2.90559e-07
2.76735e-07
2.64849e-07
2.54409e-07
2.45085e-07
2.36604e-07
2.28796e-07
2.21506e-07
2.14651e-07
2.08139e-07
2.01935e-07
1.95979e-07
1.90258e-07
1.84734e-07
1.79404e-07
1.74242e-07
1.69249e-07
1.64406e-07
1.59718e-07
1.55162e-07
1.50751e-07
1.46466e-07
1.4231e-07
1.38276e-07
1.34362e-07
1.30563e-07
1.26874e-07
1.23293e-07
1.19813e-07
1.16436e-07
1.13151e-07
1.09962e-07
1.06857e-07
1.03843e-07
1.00905e-07
9.80514e-08
9.52656e-08
9.25602e-08
8.99144e-08
8.73442e-08
8.48264e-08
8.23795e-08
7.9978e-08
7.76433e-08
7.53475e-08
7.31144e-08
7.09141e-08
6.87728e-08
6.66587e-08
6.46001e-08
6.25635e-08
6.05792e-08
5.8612e-08
5.66943e-08
5.47892e-08
5.29308e-08
5.10811e-08
4.92756e-08
4.74749e-08
4.57162e-08
4.39591e-08
4.22418e-08
4.05229e-08
3.8842e-08
3.71568e-08
3.55079e-08
3.38521e-08
3.2231e-08
3.06008e-08
2.90038e-08
2.73957e-08
2.58197e-08
2.42305e-08
2.26722e-08
2.10988e-08
1.95557e-08
1.79946e-08
1.64653e-08
1.49114e-08
1.33989e-08
1.18406e-08
1.03621e-08
8.76477e-09
7.37655e-09
5.62635e-09
4.52782e-09
2.24965e-09
2.15499e-09
0.103533
0.104923
0.109533
0.116243
0.125141
0.135405
0.141514
0.133191
0.0597839
-0.141211
-0.31904
-0.315608
-0.362905
-0.431298
-0.465936
-0.453346
-0.375005
-0.262818
-0.155977
-0.0787362
-0.0307626
-0.00485772
0.00761515
0.0123767
0.0131916
0.0121811
0.0104872
0.00868496
0.00703071
0.00561736
0.00445824
0.00353141
0.00280139
0.00222969
0.00178092
0.00142598
0.00114227
0.000911788
0.000719689
0.000554828
0.000411517
0.000290528
0.000196831
0.000133701
9.7245e-05
7.69374e-05
6.25477e-05
4.93476e-05
3.73825e-05
2.77407e-05
2.05545e-05
1.52718e-05
1.13517e-05
8.44321e-06
6.30106e-06
4.72791e-06
3.57076e-06
2.7182e-06
2.08957e-06
1.62563e-06
1.28274e-06
1.02878e-06
8.40173e-07
6.99587e-07
5.94294e-07
5.14939e-07
4.54666e-07
4.08426e-07
3.72531e-07
3.44252e-07
3.21611e-07
3.0313e-07
2.87753e-07
2.74676e-07
2.63341e-07
2.53306e-07
2.4428e-07
2.36018e-07
2.28371e-07
2.212e-07
2.14433e-07
2.07986e-07
2.01828e-07
1.95907e-07
1.90211e-07
1.84706e-07
1.7939e-07
1.74237e-07
1.69252e-07
1.64414e-07
1.59725e-07
1.55176e-07
1.50766e-07
1.46482e-07
1.42328e-07
1.38294e-07
1.3438e-07
1.3058e-07
1.26891e-07
1.23309e-07
1.19829e-07
1.16451e-07
1.13165e-07
1.09976e-07
1.0687e-07
1.03855e-07
1.00916e-07
9.80621e-08
9.52757e-08
9.25696e-08
8.99232e-08
8.73524e-08
8.48339e-08
8.23864e-08
7.99844e-08
7.7649e-08
7.53527e-08
7.3119e-08
7.09183e-08
6.87766e-08
6.66621e-08
6.46031e-08
6.25662e-08
6.05816e-08
5.86142e-08
5.66961e-08
5.47908e-08
5.29322e-08
5.10823e-08
4.92765e-08
4.74757e-08
4.57168e-08
4.39595e-08
4.2242e-08
4.05231e-08
3.8842e-08
3.71568e-08
3.55076e-08
3.38518e-08
3.22306e-08
3.06004e-08
2.90033e-08
2.73953e-08
2.58191e-08
2.42299e-08
2.26716e-08
2.10982e-08
1.95551e-08
1.7994e-08
1.64647e-08
1.49108e-08
1.33983e-08
1.18402e-08
1.03616e-08
8.76458e-09
7.37616e-09
5.62642e-09
4.52734e-09
2.24998e-09
2.15427e-09
0.0994645
0.100457
0.10371
0.108171
0.113286
0.117711
0.115332
0.0974214
0.031724
-0.130524
-0.25064
-0.268466
-0.321197
-0.37891
-0.403996
-0.39182
-0.329404
-0.240504
-0.154165
-0.0884411
-0.044623
-0.0184585
-0.00401898
0.00311308
0.00607905
0.00682308
0.00648557
0.00570298
0.0048053
0.00395105
0.00320598
0.00258746
0.00208828
0.0016898
0.00137073
0.00111272
0.000901788
0.000727004
0.000579105
0.000450884
0.000338681
0.000243254
0.000168234
0.000116094
8.43113e-05
6.55656e-05
5.25041e-05
4.13043e-05
3.14822e-05
2.35374e-05
1.75171e-05
1.30432e-05
9.71589e-06
7.2469e-06
5.42574e-06
4.08616e-06
3.09987e-06
2.3727e-06
1.83604e-06
1.43954e-06
1.1461e-06
9.2843e-07
7.66465e-07
6.45439e-07
5.54511e-07
4.85708e-07
4.33188e-07
3.92644e-07
3.60935e-07
3.35732e-07
3.15352e-07
2.98534e-07
2.84379e-07
2.72201e-07
2.61527e-07
2.51978e-07
2.4331e-07
2.35311e-07
2.27858e-07
2.20829e-07
2.14167e-07
2.07797e-07
2.01696e-07
1.95816e-07
1.90152e-07
1.84669e-07
1.79369e-07
1.74228e-07
1.69251e-07
1.6442e-07
1.59736e-07
1.55189e-07
1.5078e-07
1.46498e-07
1.42345e-07
1.38311e-07
1.34397e-07
1.30597e-07
1.26907e-07
1.23325e-07
1.19845e-07
1.16466e-07
1.13179e-07
1.09989e-07
1.06883e-07
1.03868e-07
1.00928e-07
9.80733e-08
9.52863e-08
9.25795e-08
8.99326e-08
8.73611e-08
8.48422e-08
8.23941e-08
7.99916e-08
7.76558e-08
7.53591e-08
7.3125e-08
7.09239e-08
6.87817e-08
6.66668e-08
6.46074e-08
6.25702e-08
6.05852e-08
5.86175e-08
5.66991e-08
5.47936e-08
5.29346e-08
5.10845e-08
4.92784e-08
4.74775e-08
4.57183e-08
4.39609e-08
4.22432e-08
4.05242e-08
3.88429e-08
3.71576e-08
3.55083e-08
3.38524e-08
3.2231e-08
3.06008e-08
2.90036e-08
2.73955e-08
2.58193e-08
2.42301e-08
2.26717e-08
2.10984e-08
1.95551e-08
1.79941e-08
1.64646e-08
1.49109e-08
1.33983e-08
1.18403e-08
1.03615e-08
8.76472e-09
7.37592e-09
5.62673e-09
4.52682e-09
2.25056e-09
2.15327e-09
0.0950034
0.0956031
0.0975444
0.0998665
0.101717
0.101178
0.0931026
0.0687016
0.011562
-0.106301
-0.207479
-0.241696
-0.286919
-0.329684
-0.348333
-0.337823
-0.289471
-0.220221
-0.150798
-0.0949482
-0.0552239
-0.0295415
-0.0139599
-0.00512582
-0.000462433
0.0017556
0.00261356
0.0027645
0.00258101
0.00226741
0.00193
0.00161889
0.00135193
0.00112915
0.000943057
0.000785662
0.000651124
0.000535018
0.000433243
0.000342375
0.00026098
0.000190407
0.000133796
9.33602e-05
6.77487e-05
5.21295e-05
4.13584e-05
3.25111e-05
2.49303e-05
1.87806e-05
1.40569e-05
1.05093e-05
7.85824e-06
5.88693e-06
4.42969e-06
3.35559e-06
2.56363e-06
1.97903e-06
1.547e-06
1.22728e-06
9.90193e-07
8.13901e-07
6.82321e-07
5.83613e-07
5.09081e-07
4.52324e-07
4.08655e-07
3.74616e-07
3.47688e-07
3.25999e-07
3.08203e-07
2.93283e-07
2.80524e-07
2.69373e-07
2.59453e-07
2.5046e-07
2.422e-07
2.34502e-07
2.2727e-07
2.20404e-07
2.13861e-07
2.07579e-07
2.01543e-07
1.95711e-07
1.90081e-07
1.84623e-07
1.79342e-07
1.74215e-07
1.69247e-07
1.64422e-07
1.59745e-07
1.55201e-07
1.50795e-07
1.46514e-07
1.42361e-07
1.38329e-07
1.34415e-07
1.30614e-07
1.26924e-07
1.23342e-07
1.1986e-07
1.16481e-07
1.13194e-07
1.10003e-07
1.06896e-07
1.0388e-07
1.0094e-07
9.80844e-08
9.52966e-08
9.25892e-08
8.99416e-08
8.73695e-08
8.485e-08
8.24013e-08
7.99983e-08
7.76618e-08
7.53646e-08
7.31299e-08
7.09284e-08
6.87857e-08
6.66706e-08
6.46107e-08
6.25732e-08
6.05878e-08
5.86199e-08
5.67011e-08
5.47954e-08
5.29361e-08
5.10859e-08
4.92795e-08
4.74784e-08
4.5719e-08
4.39615e-08
4.22435e-08
4.05245e-08
3.8843e-08
3.71576e-08
3.55081e-08
3.38523e-08
3.22307e-08
3.06005e-08
2.90032e-08
2.73952e-08
2.58187e-08
2.42297e-08
2.26711e-08
2.10979e-08
1.95545e-08
1.79937e-08
1.64641e-08
1.49105e-08
1.33978e-08
1.184e-08
1.0361e-08
8.76469e-09
7.37542e-09
5.62704e-09
4.52601e-09
2.25133e-09
2.15182e-09
0.0903074
0.0905431
0.0912652
0.0916961
0.0907921
0.0865255
0.0746252
0.0477899
-0.00270071
-0.0945529
-0.178006
-0.215111
-0.255451
-0.290938
-0.30557
-0.296194
-0.258172
-0.203311
-0.1467
-0.098984
-0.0631661
-0.0384785
-0.0223743
-0.0123654
-0.00638514
-0.0029465
-0.00105277
-6.47998e-05
0.000409568
0.000604763
0.000657469
0.000644387
0.000604985
0.00055612
0.000503122
0.000447698
0.000391462
0.000335906
0.000281645
0.000228805
0.000178216
0.000132203
9.40097e-05
6.59965e-05
4.78682e-05
3.67101e-05
2.91228e-05
2.30275e-05
1.78318e-05
1.35714e-05
1.02464e-05
7.71648e-06
5.81117e-06
4.38738e-06
3.33085e-06
2.54963e-06
1.97214e-06
1.54482e-06
1.22821e-06
9.93179e-07
8.18267e-07
6.8762e-07
5.89556e-07
5.15462e-07
4.5901e-07
4.15535e-07
3.81625e-07
3.54756e-07
3.33096e-07
3.1528e-07
3.00329e-07
2.87501e-07
2.7628e-07
2.66259e-07
2.5717e-07
2.48788e-07
2.40978e-07
2.3361e-07
2.26621e-07
2.19934e-07
2.13522e-07
2.07338e-07
2.01372e-07
1.95593e-07
1.90001e-07
1.84571e-07
1.79311e-07
1.74199e-07
1.69243e-07
1.64424e-07
1.59753e-07
1.55213e-07
1.50809e-07
1.4653e-07
1.42378e-07
1.38346e-07
1.34432e-07
1.30632e-07
1.26941e-07
1.23358e-07
1.19876e-07
1.16497e-07
1.13209e-07
1.10017e-07
1.0691e-07
1.03893e-07
1.00952e-07
9.80958e-08
9.53074e-08
9.25993e-08
8.99512e-08
8.73784e-08
8.48583e-08
8.2409e-08
8.00056e-08
7.76686e-08
7.53709e-08
7.31357e-08
7.09339e-08
6.87907e-08
6.66752e-08
6.46149e-08
6.25771e-08
6.05912e-08
5.86231e-08
5.67039e-08
5.4798e-08
5.29384e-08
5.1088e-08
4.92813e-08
4.74801e-08
4.57204e-08
4.39628e-08
4.22446e-08
4.05254e-08
3.88437e-08
3.71584e-08
3.55086e-08
3.38528e-08
3.2231e-08
3.06009e-08
2.90033e-08
2.73954e-08
2.58188e-08
2.42298e-08
2.26711e-08
2.10979e-08
1.95544e-08
1.79937e-08
1.64639e-08
1.49105e-08
1.33976e-08
1.18401e-08
1.03608e-08
8.76496e-09
7.37502e-09
5.62767e-09
4.52507e-09
2.25253e-09
2.14985e-09
0.0855224
0.08543
0.0850638
0.0838593
0.0807198
0.073641
0.0592894
0.0317836
-0.0132162
-0.0858688
-0.154757
-0.193317
-0.230082
-0.259419
-0.270914
-0.262838
-0.232651
-0.188728
-0.142181
-0.101281
-0.0690871
-0.045666
-0.0294658
-0.0186883
-0.0117087
-0.0072738
-0.00449283
-0.00276156
-0.00168634
-0.001016
-0.00059259
-0.000318708
-0.000136837
-1.52543e-05
6.31244e-05
0.000109066
0.000131147
0.000136333
0.000129608
0.000114445
9.39544e-05
7.16967e-05
5.14319e-05
3.59655e-05
2.59779e-05
2.00731e-05
1.62386e-05
1.31566e-05
1.04312e-05
8.10487e-06
6.22838e-06
4.76558e-06
3.64537e-06
2.79869e-06
2.16528e-06
1.69402e-06
1.34379e-06
1.08329e-06
8.89163e-07
7.44101e-07
6.35269e-07
5.53163e-07
4.90759e-07
4.42865e-07
4.05664e-07
3.76334e-07
3.52818e-07
3.33589e-07
3.17543e-07
3.03853e-07
2.91935e-07
2.81336e-07
2.71754e-07
2.62939e-07
2.54736e-07
2.47005e-07
2.39674e-07
2.32658e-07
2.25929e-07
2.19432e-07
2.13161e-07
2.07079e-07
2.0119e-07
1.95465e-07
1.89914e-07
1.84515e-07
1.79276e-07
1.74179e-07
1.69234e-07
1.64426e-07
1.59759e-07
1.55224e-07
1.50822e-07
1.46545e-07
1.42395e-07
1.38363e-07
1.34449e-07
1.30649e-07
1.26958e-07
1.23375e-07
1.19892e-07
1.16512e-07
1.13224e-07
1.10031e-07
1.06923e-07
1.03906e-07
1.00964e-07
9.81069e-08
9.53179e-08
9.2609e-08
8.99603e-08
8.73868e-08
8.48662e-08
8.24162e-08
8.00123e-08
7.76746e-08
7.53766e-08
7.31408e-08
7.09386e-08
6.87948e-08
6.6679e-08
6.46182e-08
6.25802e-08
6.05939e-08
5.86256e-08
5.6706e-08
5.48e-08
5.29399e-08
5.10894e-08
4.92823e-08
4.74811e-08
4.5721e-08
4.39635e-08
4.22449e-08
4.05258e-08
3.88438e-08
3.71585e-08
3.55085e-08
3.38527e-08
3.22307e-08
3.06007e-08
2.90029e-08
2.73951e-08
2.58183e-08
2.42294e-08
2.26705e-08
2.10976e-08
1.95539e-08
1.79933e-08
1.64634e-08
1.49103e-08
1.33971e-08
1.184e-08
1.03603e-08
8.76512e-09
7.37436e-09
5.62839e-09
4.52371e-09
2.25415e-09
2.14704e-09
0.0807788
0.080402
0.0790911
0.0765254
0.0716135
0.0625256
0.0466979
0.01963
-0.0206821
-0.0797673
-0.137677
-0.17484
-0.207715
-0.232725
-0.242586
-0.236036
-0.21189
-0.176311
-0.13763
-0.102367
-0.0734392
-0.0513999
-0.035389
-0.0241483
-0.0164273
-0.0111915
-0.00766208
-0.00528206
-0.00366875
-0.00256423
-0.00179664
-0.00125295
-0.000860931
-0.000576088
-0.000370867
-0.000226287
-0.000127435
-6.23791e-05
-2.218e-05
-2.80584e-07
8.63082e-06
9.47098e-06
6.75953e-06
3.92101e-06
2.54784e-06
2.47982e-06
2.83707e-06
2.99028e-06
2.81859e-06
2.46449e-06
2.07028e-06
1.7064e-06
1.3975e-06
1.14824e-06
9.53637e-07
8.04297e-07
6.90321e-07
6.03283e-07
5.36557e-07
4.85072e-07
4.44976e-07
4.13361e-07
3.88048e-07
3.67401e-07
3.50217e-07
3.35595e-07
3.22886e-07
3.11596e-07
3.01386e-07
2.91984e-07
2.83217e-07
2.74935e-07
2.67055e-07
2.59491e-07
2.52209e-07
2.45155e-07
2.38321e-07
2.31671e-07
2.2521e-07
2.18911e-07
2.12785e-07
2.06811e-07
2.00999e-07
1.95333e-07
1.89824e-07
1.84456e-07
1.79239e-07
1.74159e-07
1.69227e-07
1.64426e-07
1.59766e-07
1.55234e-07
1.50836e-07
1.46561e-07
1.42411e-07
1.3838e-07
1.34467e-07
1.30666e-07
1.26975e-07
1.23391e-07
1.19909e-07
1.16527e-07
1.13238e-07
1.10046e-07
1.06937e-07
1.03918e-07
1.00976e-07
9.81182e-08
9.53286e-08
9.2619e-08
8.99697e-08
8.73955e-08
8.48744e-08
8.24238e-08
8.00194e-08
7.76812e-08
7.53827e-08
7.31464e-08
7.09438e-08
6.87995e-08
6.66835e-08
6.46221e-08
6.25839e-08
6.05971e-08
5.86286e-08
5.67086e-08
5.48024e-08
5.29419e-08
5.10914e-08
4.92839e-08
4.74827e-08
4.57222e-08
4.39647e-08
4.22457e-08
4.05267e-08
3.88443e-08
3.71591e-08
3.55088e-08
3.38532e-08
3.22308e-08
3.06009e-08
2.90029e-08
2.73952e-08
2.58181e-08
2.42295e-08
2.26703e-08
2.10976e-08
1.95536e-08
1.79933e-08
1.64632e-08
1.49103e-08
1.33968e-08
1.18401e-08
1.036e-08
8.76559e-09
7.37373e-09
5.62952e-09
4.52205e-09
2.25652e-09
2.14318e-09
0.0761892
0.0755715
0.0734619
0.069786
0.0635037
0.0530094
0.036378
0.0102691
-0.0260632
-0.0752968
-0.124412
-0.159306
-0.189043
-0.210813
-0.219457
-0.214206
-0.19471
-0.165589
-0.133158
-0.102595
-0.0765756
-0.0559336
-0.0402945
-0.028819
-0.0205667
-0.0146994
-0.0105479
-0.00760907
-0.00551964
-0.00402284
-0.00293912
-0.00214441
-0.00155493
-0.00111549
-0.000789405
-0.000550326
-0.000377593
-0.000254764
-0.000169289
-0.000111765
-7.47655e-05
-5.19573e-05
-3.79156e-05
-2.84915e-05
-2.1237e-05
-1.52844e-05
-1.05769e-05
-7.12844e-06
-4.75366e-06
-3.15849e-06
-2.08571e-06
-1.35746e-06
-8.5754e-07
-5.09866e-07
-2.65092e-07
-9.14486e-08
3.1945e-08
1.19378e-07
1.80901e-07
2.23686e-07
2.52879e-07
2.72189e-07
2.84301e-07
2.91159e-07
2.94189e-07
2.94422e-07
2.9263e-07
2.89364e-07
2.85051e-07
2.79983e-07
2.74402e-07
2.68462e-07
2.62304e-07
2.56005e-07
2.49653e-07
2.43283e-07
2.36952e-07
2.30672e-07
2.24483e-07
2.18385e-07
2.12406e-07
2.06539e-07
2.00807e-07
1.95199e-07
1.89733e-07
1.84395e-07
1.79202e-07
1.7414e-07
1.69218e-07
1.64426e-07
1.59772e-07
1.55244e-07
1.50849e-07
1.46576e-07
1.42427e-07
1.38397e-07
1.34484e-07
1.30683e-07
1.26992e-07
1.23408e-07
1.19924e-07
1.16542e-07
1.13253e-07
1.10059e-07
1.0695e-07
1.0393e-07
1.00987e-07
9.8129e-08
9.53387e-08
9.26284e-08
8.99786e-08
8.74037e-08
8.48821e-08
8.24307e-08
8.00259e-08
7.7687e-08
7.53882e-08
7.31512e-08
7.09484e-08
6.88035e-08
6.66872e-08
6.46253e-08
6.25869e-08
6.05996e-08
5.8631e-08
5.67105e-08
5.48043e-08
5.29433e-08
5.10928e-08
4.92848e-08
4.74837e-08
4.57228e-08
4.39653e-08
4.2246e-08
4.05271e-08
3.88443e-08
3.71592e-08
3.55086e-08
3.38531e-08
3.22304e-08
3.06008e-08
2.90024e-08
2.7395e-08
2.58176e-08
2.42292e-08
2.26697e-08
2.10973e-08
1.9553e-08
1.7993e-08
1.64626e-08
1.49101e-08
1.33963e-08
1.18401e-08
1.03594e-08
8.76598e-09
7.3728e-09
5.63088e-09
4.51977e-09
2.25973e-09
2.13773e-09
0.071849
0.0710326
0.0682628
0.0637042
0.0563862
0.0449502
0.0279718
0.00304886
-0.0299035
-0.0718567
-0.114146
-0.146437
-0.173296
-0.192503
-0.20037
-0.196369
-0.180552
-0.156465
-0.128987
-0.102294
-0.0788043
-0.0594966
-0.044328
-0.0327774
-0.0241563
-0.0177977
-0.0131352
-0.00972126
-0.00721687
-0.00537169
-0.00400306
-0.0029795
-0.00220831
-0.00162556
-0.00118671
-0.000858952
-0.000616523
-0.000438964
-0.000310504
-0.000219165
-0.000155559
-0.000111963
-8.19957e-05
-6.07511e-05
-4.4989e-05
-3.29688e-05
-2.38495e-05
-1.70937e-05
-1.21994e-05
-8.69084e-06
-6.1799e-06
-4.37933e-06
-3.08388e-06
-2.14819e-06
-1.46996e-06
-9.77304e-07
-6.19266e-07
-3.59286e-07
-1.70899e-07
-3.4854e-08
6.28889e-08
1.32579e-07
1.81714e-07
2.15778e-07
2.388e-07
2.53724e-07
2.62727e-07
2.67394e-07
2.68911e-07
2.68127e-07
2.65695e-07
2.62069e-07
2.57612e-07
2.52564e-07
2.4713e-07
2.41436e-07
2.35602e-07
2.29687e-07
2.23767e-07
2.17865e-07
2.12031e-07
2.06271e-07
2.00618e-07
1.95067e-07
1.89643e-07
1.84337e-07
1.79166e-07
1.7412e-07
1.6921e-07
1.64426e-07
1.59778e-07
1.55255e-07
1.50862e-07
1.46591e-07
1.42443e-07
1.38414e-07
1.34501e-07
1.307e-07
1.27009e-07
1.23424e-07
1.1994e-07
1.16557e-07
1.13267e-07
1.10073e-07
1.06963e-07
1.03943e-07
1.00999e-07
9.81399e-08
9.53492e-08
9.26381e-08
8.99877e-08
8.74121e-08
8.489e-08
8.2438e-08
8.00328e-08
7.76932e-08
7.53941e-08
7.31565e-08
7.09534e-08
6.88079e-08
6.66914e-08
6.46289e-08
6.25904e-08
6.06025e-08
5.86339e-08
5.67128e-08
5.48066e-08
5.29451e-08
5.10946e-08
4.92862e-08
4.74851e-08
4.57237e-08
4.39664e-08
4.22466e-08
4.05279e-08
3.88447e-08
3.71598e-08
3.55087e-08
3.38535e-08
3.22304e-08
3.0601e-08
2.90022e-08
2.73951e-08
2.58173e-08
2.42293e-08
2.26694e-08
2.10973e-08
1.95527e-08
1.7993e-08
1.64622e-08
1.49102e-08
1.33959e-08
1.18403e-08
1.0359e-08
8.76671e-09
7.37186e-09
5.63282e-09
4.51696e-09
2.26432e-09
2.1302e-09
0.0678367
0.0668595
0.0635555
0.0583083
0.050225
0.0381846
0.0211518
-0.00254752
-0.0326548
-0.0691573
-0.106082
-0.135794
-0.160236
-0.177501
-0.184843
-0.181863
-0.168888
-0.148708
-0.125161
-0.101649
-0.0803373
-0.0622631
-0.0476086
-0.0360924
-0.0272288
-0.0204959
-0.0154206
-0.0116088
-0.00874812
-0.0065981
-0.00497646
-0.00374729
-0.00281138
-0.00209777
-0.00155539
-0.00114585
-0.00083892
-0.000610585
-0.000442216
-0.000319521
-0.000231304
-0.000168512
-0.00012381
-9.15345e-05
-6.77178e-05
-4.98762e-05
-3.64981e-05
-2.65666e-05
-1.92725e-05
-1.39505e-05
-1.00775e-05
-7.26011e-06
-5.20905e-06
-3.7139e-06
-2.62258e-06
-1.82544e-06
-1.24317e-06
-8.18142e-07
-5.08307e-07
-2.8292e-07
-1.1947e-07
-1.46508e-09
8.31917e-08
1.43368e-07
1.85584e-07
2.14615e-07
2.33988e-07
2.46278e-07
2.53396e-07
2.5673e-07
2.57324e-07
2.55923e-07
2.53101e-07
2.49255e-07
2.44705e-07
2.39661e-07
2.34304e-07
2.28741e-07
2.23078e-07
2.17367e-07
2.11672e-07
2.06015e-07
2.00436e-07
1.94941e-07
1.89557e-07
1.84281e-07
1.79131e-07
1.741e-07
1.69202e-07
1.64427e-07
1.59784e-07
1.55265e-07
1.50874e-07
1.46605e-07
1.42459e-07
1.3843e-07
1.34517e-07
1.30716e-07
1.27024e-07
1.23439e-07
1.19955e-07
1.16572e-07
1.13281e-07
1.10086e-07
1.06975e-07
1.03954e-07
1.0101e-07
9.815e-08
9.53587e-08
9.26469e-08
8.9996e-08
8.74196e-08
8.48972e-08
8.24444e-08
8.00389e-08
7.76986e-08
7.53992e-08
7.31609e-08
7.09576e-08
6.88114e-08
6.66949e-08
6.46318e-08
6.25932e-08
6.06047e-08
5.8636e-08
5.67144e-08
5.48082e-08
5.29462e-08
5.10958e-08
4.92868e-08
4.74859e-08
4.5724e-08
4.39669e-08
4.22466e-08
4.05281e-08
3.88445e-08
3.71599e-08
3.55083e-08
3.38534e-08
3.22299e-08
3.06008e-08
2.90016e-08
2.73948e-08
2.58166e-08
2.42289e-08
2.26687e-08
2.1097e-08
1.9552e-08
1.79928e-08
1.64615e-08
1.491e-08
1.33953e-08
1.18404e-08
1.03583e-08
8.76737e-09
7.37056e-09
5.63509e-09
4.51325e-09
2.27055e-09
2.11961e-09
0.0642156
0.0631114
0.0593836
0.0536107
0.0449755
0.0325721
0.0156627
-0.00687707
-0.0346151
-0.0669919
-0.0997321
-0.127095
-0.149477
-0.165188
-0.172145
-0.170035
-0.159307
-0.142191
-0.121762
-0.100843
-0.0813715
-0.0643981
-0.0502549
-0.0388389
-0.0298243
-0.0228102
-0.0174051
-0.0132644
-0.0101024
-0.00769026
-0.00584824
-0.00443818
-0.00335621
-0.00252584
-0.00189061
-0.00140741
-0.00104215
-0.000767751
-0.000563101
-0.000411876
-0.00030127
-0.000221007
-0.000162851
-0.000120425
-8.91084e-05
-6.57826e-05
-4.83744e-05
-3.54414e-05
-2.58915e-05
-1.8872e-05
-1.37261e-05
-9.95841e-06
-7.20079e-06
-5.18207e-06
-3.70383e-06
-2.62125e-06
-1.82866e-06
-1.24876e-06
-8.24941e-07
-5.15697e-07
-2.90574e-07
-1.27222e-07
-9.22885e-09
7.54509e-08
1.35676e-07
1.77944e-07
2.07044e-07
2.26482e-07
2.38854e-07
2.46049e-07
2.49481e-07
2.50165e-07
2.48876e-07
2.46157e-07
2.42435e-07
2.38e-07
2.3309e-07
2.27856e-07
2.22435e-07
2.16902e-07
2.11338e-07
2.05776e-07
2.00268e-07
1.94825e-07
1.89478e-07
1.8423e-07
1.791e-07
1.74085e-07
1.69196e-07
1.64429e-07
1.59791e-07
1.55276e-07
1.50888e-07
1.4662e-07
1.42475e-07
1.38446e-07
1.34534e-07
1.30733e-07
1.27041e-07
1.23455e-07
1.1997e-07
1.16586e-07
1.13295e-07
1.10099e-07
1.06988e-07
1.03966e-07
1.01021e-07
9.81605e-08
9.53686e-08
9.2656e-08
9.00047e-08
8.74275e-08
8.49047e-08
8.24512e-08
8.00454e-08
7.77043e-08
7.54048e-08
7.31657e-08
7.09623e-08
6.88155e-08
6.66989e-08
6.4635e-08
6.25965e-08
6.06073e-08
5.86387e-08
5.67164e-08
5.48104e-08
5.29478e-08
5.10975e-08
4.9288e-08
4.74873e-08
4.57248e-08
4.39679e-08
4.22471e-08
4.05289e-08
3.88447e-08
3.71604e-08
3.55083e-08
3.38538e-08
3.22297e-08
3.0601e-08
2.90013e-08
2.7395e-08
2.58163e-08
2.4229e-08
2.26683e-08
2.10971e-08
1.95515e-08
1.79929e-08
1.64611e-08
1.49101e-08
1.33948e-08
1.18408e-08
1.03577e-08
8.76841e-09
7.36928e-09
5.63816e-09
4.50881e-09
2.27929e-09
2.10495e-09
0.0610358
0.0598332
0.0557766
0.0496105
0.0405871
0.0279848
0.0112915
-0.0102121
-0.0360081
-0.0652523
-0.094743
-0.120067
-0.140755
-0.155267
-0.161951
-0.160553
-0.151559
-0.136807
-0.118821
-0.0999842
-0.0820382
-0.0660183
-0.052354
-0.041073
-0.0319736
-0.0247535
-0.0190903
-0.0146833
-0.0112719
-0.00863926
-0.00660957
-0.00504395
-0.00383541
-0.00290327
-0.00218673
-0.00163879
-0.00122212
-0.000907056
-0.00067034
-0.000493906
-0.000363534
-0.000267858
-0.000197818
-0.000146385
-0.000108368
-8.01034e-05
-5.90565e-05
-4.34163e-05
-3.18371e-05
-2.32941e-05
-1.70066e-05
-1.23865e-05
-8.99462e-06
-6.50543e-06
-4.67913e-06
-3.33956e-06
-2.35743e-06
-1.63785e-06
-1.11117e-06
-7.26199e-07
-4.45354e-07
-2.41014e-07
-9.2877e-08
1.39673e-08
9.04874e-08
1.44734e-07
1.8264e-07
2.08551e-07
2.2568e-07
2.36373e-07
2.42374e-07
2.44949e-07
2.45048e-07
2.4335e-07
2.40379e-07
2.36496e-07
2.31991e-07
2.27056e-07
2.21854e-07
2.16482e-07
2.11036e-07
2.05561e-07
2.00117e-07
1.9472e-07
1.89408e-07
1.84184e-07
1.79073e-07
1.74071e-07
1.69192e-07
1.64432e-07
1.59799e-07
1.55287e-07
1.50901e-07
1.46635e-07
1.4249e-07
1.38462e-07
1.34549e-07
1.30748e-07
1.27055e-07
1.23469e-07
1.19984e-07
1.16599e-07
1.13307e-07
1.10111e-07
1.06999e-07
1.03977e-07
1.01031e-07
9.81696e-08
9.53774e-08
9.26639e-08
9.00123e-08
8.74343e-08
8.49112e-08
8.24569e-08
8.00509e-08
7.77091e-08
7.54094e-08
7.31696e-08
7.09661e-08
6.88185e-08
6.67019e-08
6.46374e-08
6.25989e-08
6.06091e-08
5.86406e-08
5.67177e-08
5.48118e-08
5.29486e-08
5.10986e-08
4.92884e-08
4.7488e-08
4.57249e-08
4.39683e-08
4.22469e-08
4.05291e-08
3.88443e-08
3.71604e-08
3.55078e-08
3.38536e-08
3.2229e-08
3.06008e-08
2.90005e-08
2.73947e-08
2.58154e-08
2.42287e-08
2.26675e-08
2.10968e-08
1.95507e-08
1.79926e-08
1.64603e-08
1.491e-08
1.33941e-08
1.18409e-08
1.03569e-08
8.7693e-09
7.36762e-09
5.6416e-09
4.50324e-09
2.29103e-09
2.0846e-09
0.0583361
0.0570592
0.0527537
0.0463005
0.037012
0.0243176
0.00787356
-0.0127473
-0.0369869
-0.0638655
-0.0908672
-0.114502
-0.133822
-0.147395
-0.153869
-0.153034
-0.145375
-0.132441
-0.116352
-0.0991624
-0.0824525
-0.0672314
-0.0539913
-0.0428544
-0.0337138
-0.0263454
-0.0204836
-0.0158655
-0.0122524
-0.00943896
-0.00725385
-0.00555841
-0.00424359
-0.00322557
-0.00244015
-0.00183719
-0.00137672
-0.00102692
-0.000762773
-0.000564757
-0.000417456
-0.000308566
-0.00022831
-0.0001691
-0.000125255
-9.26712e-05
-6.84239e-05
-5.04014e-05
-3.70406e-05
-2.71629e-05
-1.98766e-05
-1.45111e-05
-1.05646e-05
-7.66402e-06
-5.53322e-06
-3.96869e-06
-2.82058e-06
-1.97866e-06
-1.36185e-06
-9.10543e-07
-5.80885e-07
-3.4064e-07
-1.66102e-07
-3.9847e-08
5.09414e-08
1.15676e-07
1.6129e-07
1.92867e-07
2.14159e-07
2.27913e-07
2.36163e-07
2.40391e-07
2.41705e-07
2.409e-07
2.38585e-07
2.35185e-07
2.31035e-07
2.2636e-07
2.2135e-07
2.16119e-07
2.10776e-07
2.05378e-07
1.99988e-07
1.94633e-07
1.89351e-07
1.84149e-07
1.79053e-07
1.74062e-07
1.69192e-07
1.64437e-07
1.59808e-07
1.55299e-07
1.50915e-07
1.4665e-07
1.42506e-07
1.38478e-07
1.34565e-07
1.30764e-07
1.27071e-07
1.23484e-07
1.19998e-07
1.16613e-07
1.13321e-07
1.10123e-07
1.07011e-07
1.03988e-07
1.01042e-07
9.81796e-08
9.53869e-08
9.26726e-08
9.00207e-08
8.74419e-08
8.49185e-08
8.24634e-08
8.00572e-08
7.77146e-08
7.54148e-08
7.31743e-08
7.09708e-08
6.88224e-08
6.67059e-08
6.46406e-08
6.26022e-08
6.06117e-08
5.86434e-08
5.67197e-08
5.48141e-08
5.29501e-08
5.11004e-08
4.92896e-08
4.74895e-08
4.57257e-08
4.39695e-08
4.22474e-08
4.053e-08
3.88446e-08
3.71612e-08
3.55079e-08
3.38542e-08
3.2229e-08
3.06012e-08
2.90004e-08
2.7395e-08
2.58152e-08
2.4229e-08
2.26671e-08
2.1097e-08
1.95504e-08
1.79929e-08
1.646e-08
1.49103e-08
1.33937e-08
1.18414e-08
1.03563e-08
8.77063e-09
7.36615e-09
5.64592e-09
4.49701e-09
2.30692e-09
2.0571e-09
0.0561457
0.0548146
0.0503267
0.0436702
0.0342067
0.0214833
0.0052792
-0.0146282
-0.0376631
-0.0627912
-0.0879345
-0.110234
-0.128493
-0.141365
-0.147696
-0.147291
-0.140626
-0.129043
-0.114377
-0.0984435
-0.082695
-0.0681122
-0.0552254
-0.0442232
-0.0350687
-0.0275974
-0.0215884
-0.0168089
-0.0130392
-0.0100836
-0.00777508
-0.00597581
-0.00457549
-0.00348809
-0.00264683
-0.00199914
-0.001503
-0.00112488
-0.00083836
-0.000622737
-0.000461629
-0.000341964
-0.000253375
-0.000187804
-0.000139177
-0.000103035
-7.6146e-05
-5.61578e-05
-4.13279e-05
-3.03504e-05
-2.22417e-05
-1.62624e-05
-1.18592e-05
-8.61967e-06
-6.23798e-06
-4.48804e-06
-3.20308e-06
-2.26023e-06
-1.56905e-06
-1.06295e-06
-6.9297e-07
-4.23053e-07
-2.26688e-07
-8.43823e-08
1.82079e-08
9.16203e-08
1.43613e-07
1.79879e-07
2.04618e-07
2.20905e-07
2.31018e-07
2.36615e-07
2.38935e-07
2.38871e-07
2.37099e-07
2.34099e-07
2.30243e-07
2.25785e-07
2.20933e-07
2.15819e-07
2.10561e-07
2.05227e-07
1.99883e-07
1.94562e-07
1.89304e-07
1.84121e-07
1.79038e-07
1.74057e-07
1.69192e-07
1.64443e-07
1.59817e-07
1.55311e-07
1.50928e-07
1.46664e-07
1.4252e-07
1.38492e-07
1.34579e-07
1.30778e-07
1.27084e-07
1.23497e-07
1.20011e-07
1.16625e-07
1.13332e-07
1.10134e-07
1.07021e-07
1.03997e-07
1.01051e-07
9.81879e-08
9.53949e-08
9.26799e-08
9.00276e-08
8.74481e-08
8.49245e-08
8.24687e-08
8.00623e-08
7.7719e-08
7.54191e-08
7.31779e-08
7.09744e-08
6.88253e-08
6.67088e-08
6.46429e-08
6.26046e-08
6.06134e-08
5.86453e-08
5.6721e-08
5.48156e-08
5.2951e-08
5.11015e-08
4.929e-08
4.74903e-08
4.57259e-08
4.39701e-08
4.22474e-08
4.05303e-08
3.88443e-08
3.71613e-08
3.55074e-08
3.38543e-08
3.22284e-08
3.06012e-08
2.89997e-08
2.73949e-08
2.58145e-08
2.42289e-08
2.26664e-08
2.10969e-08
1.95497e-08
1.79927e-08
1.64592e-08
1.49102e-08
1.3393e-08
1.18416e-08
1.03555e-08
8.77161e-09
7.36437e-09
5.65027e-09
4.48994e-09
2.3269e-09
2.02153e-09
0.054486
0.0531173
0.0485024
0.0417089
0.0321352
0.0194149
0.00341253
-0.0159573
-0.0381119
-0.0620019
-0.085824
-0.107136
-0.124618
-0.136984
-0.14321
-0.143113
-0.137153
-0.126533
-0.112889
-0.0978673
-0.0828273
-0.0687239
-0.0561102
-0.04522
-0.0360655
-0.0285255
-0.0224123
-0.0175161
-0.0136313
-0.0105703
-0.00816974
-0.00629259
-0.00482788
-0.00368802
-0.00280444
-0.00212279
-0.00159952
-0.00119984
-0.000896276
-0.000667239
-0.000495607
-0.00036772
-0.000272755
-0.000202302
-0.000149985
-0.000111084
-8.21418e-05
-6.06239e-05
-4.46514e-05
-3.28196e-05
-2.40729e-05
-1.76181e-05
-1.28614e-05
-9.35967e-06
-6.78384e-06
-4.89036e-06
-3.4994e-06
-2.47834e-06
-1.72952e-06
-1.18098e-06
-7.79748e-07
-4.86845e-07
-2.73579e-07
-1.18844e-07
-7.11637e-09
7.30135e-08
1.29943e-07
1.69838e-07
1.97244e-07
2.15493e-07
2.27046e-07
2.33703e-07
2.36801e-07
2.3731e-07
2.35958e-07
2.33268e-07
2.29638e-07
2.25348e-07
2.20618e-07
2.15595e-07
2.10403e-07
2.05118e-07
1.99809e-07
1.94514e-07
1.89275e-07
1.84106e-07
1.79033e-07
1.74059e-07
1.692e-07
1.64454e-07
1.5983e-07
1.55326e-07
1.50944e-07
1.4668e-07
1.42537e-07
1.38509e-07
1.34596e-07
1.30794e-07
1.271e-07
1.23512e-07
1.20025e-07
1.16639e-07
1.13345e-07
1.10147e-07
1.07033e-07
1.04009e-07
1.01062e-07
9.81981e-08
9.54047e-08
9.26889e-08
9.00364e-08
8.74561e-08
8.49323e-08
8.24757e-08
8.00692e-08
7.77252e-08
7.54252e-08
7.31832e-08
7.09797e-08
6.88299e-08
6.67135e-08
6.46468e-08
6.26087e-08
6.06167e-08
5.86488e-08
5.67238e-08
5.48187e-08
5.29533e-08
5.11042e-08
4.9292e-08
4.74925e-08
4.57275e-08
4.3972e-08
4.22486e-08
4.0532e-08
3.88453e-08
3.71628e-08
3.55082e-08
3.38555e-08
3.2229e-08
3.06022e-08
2.90001e-08
2.73959e-08
2.58148e-08
2.42297e-08
2.26666e-08
2.10976e-08
1.95497e-08
1.79934e-08
1.64592e-08
1.49109e-08
1.33929e-08
1.18424e-08
1.03553e-08
8.77309e-09
7.36321e-09
5.65504e-09
4.48324e-09
2.35031e-09
1.97964e-09
0.0533719
0.0519796
0.0472848
0.0404073
0.0307698
0.0180628
0.0022044
-0.0168067
-0.0383857
-0.0614838
-0.0844583
-0.10512
-0.122094
-0.134133
-0.140296
-0.140399
-0.134892
-0.124888
-0.1119
-0.0974694
-0.0828931
-0.0691078
-0.0566792
-0.0458685
-0.0367191
-0.0291376
-0.0229583
-0.0179865
-0.0140264
-0.0108959
-0.00843432
-0.00650529
-0.00499752
-0.00382251
-0.00291049
-0.002206
-0.00166448
-0.00125029
-0.000935261
-0.000697204
-0.000518497
-0.000385082
-0.00028583
-0.00021209
-0.000157286
-0.000116524
-8.61944e-05
-6.36418e-05
-4.68961e-05
-3.44861e-05
-2.53076e-05
-1.85314e-05
-1.3536e-05
-9.85745e-06
-7.15094e-06
-5.16095e-06
-3.69875e-06
-2.62513e-06
-1.83755e-06
-1.26045e-06
-8.38194e-07
-5.29818e-07
-3.05172e-07
-1.42066e-07
-2.41856e-08
6.04699e-08
1.20725e-07
1.63067e-07
1.92271e-07
2.11842e-07
2.24366e-07
2.31738e-07
2.35361e-07
2.36256e-07
2.35188e-07
2.32707e-07
2.29231e-07
2.25054e-07
2.20406e-07
2.15445e-07
2.10297e-07
2.05045e-07
1.99761e-07
1.94484e-07
1.89257e-07
1.84098e-07
1.79031e-07
1.74063e-07
1.69206e-07
1.64464e-07
1.59841e-07
1.55338e-07
1.50956e-07
1.46694e-07
1.4255e-07
1.38522e-07
1.34608e-07
1.30807e-07
1.27112e-07
1.23524e-07
1.20037e-07
1.1665e-07
1.13356e-07
1.10157e-07
1.07043e-07
1.04018e-07
1.0107e-07
9.82061e-08
9.54124e-08
9.2696e-08
9.00432e-08
8.74623e-08
8.49383e-08
8.24812e-08
8.00745e-08
7.77299e-08
7.54298e-08
7.31872e-08
7.09837e-08
6.88334e-08
6.67169e-08
6.46497e-08
6.26116e-08
6.06191e-08
5.86513e-08
5.67257e-08
5.48207e-08
5.29549e-08
5.11059e-08
4.92932e-08
4.74939e-08
4.57284e-08
4.39732e-08
4.22493e-08
4.05329e-08
3.88457e-08
3.71635e-08
3.55084e-08
3.3856e-08
3.22291e-08
3.06027e-08
2.90001e-08
2.73962e-08
2.58146e-08
2.42299e-08
2.26664e-08
2.10978e-08
1.95495e-08
1.79935e-08
1.64589e-08
1.49109e-08
1.33926e-08
1.18426e-08
1.03549e-08
8.77382e-09
7.36195e-09
5.65859e-09
4.47733e-09
2.37254e-09
1.93911e-09
0.0528124
0.0514091
0.0466753
0.0397583
0.0300919
0.0173948
0.00161135
-0.0172202
-0.0385145
-0.0612259
-0.0837861
-0.104125
-0.120848
-0.132726
-0.138856
-0.139058
-0.133772
-0.124069
-0.111404
-0.0972651
-0.0829193
-0.0692933
-0.0569583
-0.0461888
-0.0370434
-0.0294423
-0.0232307
-0.0182217
-0.0142244
-0.0110594
-0.00856738
-0.00661242
-0.00508305
-0.00389033
-0.00296395
-0.00224791
-0.00169717
-0.00127568
-0.00095492
-0.000712364
-0.000530128
-0.000393947
-0.000292536
-0.000217126
-0.000161049
-0.000119326
-8.82779e-05
-6.51881e-05
-4.80416e-05
-3.53333e-05
-2.59335e-05
-1.89935e-05
-1.38773e-05
-1.01095e-05
-7.33703e-06
-5.29823e-06
-3.79992e-06
-2.6996e-06
-1.89233e-06
-1.30072e-06
-8.67796e-07
-5.51576e-07
-3.21164e-07
-1.53818e-07
-3.28205e-08
5.41284e-08
1.16068e-07
1.5965e-07
1.89764e-07
2.10005e-07
2.23021e-07
2.30756e-07
2.34643e-07
2.35735e-07
2.34811e-07
2.32436e-07
2.29037e-07
2.24918e-07
2.20312e-07
2.15382e-07
2.10257e-07
2.05022e-07
1.99749e-07
1.94482e-07
1.89261e-07
1.84107e-07
1.79042e-07
1.74077e-07
1.69222e-07
1.6448e-07
1.59858e-07
1.55356e-07
1.50974e-07
1.46711e-07
1.42567e-07
1.38539e-07
1.34625e-07
1.30823e-07
1.27128e-07
1.2354e-07
1.20051e-07
1.16664e-07
1.13369e-07
1.1017e-07
1.07055e-07
1.0403e-07
1.01082e-07
9.82173e-08
9.54232e-08
9.27063e-08
9.00531e-08
8.74717e-08
8.49474e-08
8.24896e-08
8.00828e-08
7.77376e-08
7.54374e-08
7.31942e-08
7.09905e-08
6.88396e-08
6.67231e-08
6.46553e-08
6.26172e-08
6.06242e-08
5.86564e-08
5.67302e-08
5.48253e-08
5.29589e-08
5.111e-08
4.92967e-08
4.74976e-08
4.57315e-08
4.39765e-08
4.22521e-08
4.05359e-08
3.88482e-08
3.71661e-08
3.55106e-08
3.38584e-08
3.2231e-08
3.06048e-08
2.90017e-08
2.73981e-08
2.58161e-08
2.42316e-08
2.26676e-08
2.10993e-08
1.95505e-08
1.79948e-08
1.64597e-08
1.49122e-08
1.33933e-08
1.18438e-08
1.03555e-08
8.77513e-09
7.36196e-09
5.66121e-09
4.47437e-09
2.38681e-09
1.91183e-09
-0.475817
-0.256634
-0.147902
-0.475817
-0.256633
-0.349155
-0.355659
-0.446571
-0.349155
-0.355659
0.122613
0.413799
0.30701
0.331708
0.122613
0.413799
0.307011
-0.11848
-0.344772
-0.344772
-0.335089
-0.330975
-0.333584
-0.337285
-0.335089
-0.330975
-0.333584
0.488852
0.430529
0.488852
-0.33019
-0.326605
-0.330191
-0.326606
0.43053
0.488853
0.43053
-0.326604
-0.330184
-0.326604
-0.330185
0.307018
0.331711
0.122622
0.413802
0.307018
0.331711
0.122621
-0.11847
-0.11847
-0.344766
-0.344766
-0.333577
-0.337278
-0.33508
-0.330968
-0.333577
-0.337278
-0.33508
-0.147892
-0.475807
-0.256622
-0.147893
-0.475807
-0.355652
-0.446563
-0.349148
-0.355652
-0.446561
-0.349149
-0.299577
-0.174325
-0.367467
-0.129771
-0.299577
-0.174325
-0.367467
-0.328891
-0.42601
-0.341908
-0.351774
-0.328891
-0.426009
-0.341909
0.101327
0.26328
0.106094
0.192341
0.101327
0.26328
0.106094
-0.429993
-0.447462
-0.418118
-0.470297
-0.418993
-0.470651
-0.429753
-0.327302
-0.338385
-0.336216
-0.331519
-0.327302
-0.338385
-0.336216
-0.1112
-0.333948
-0.337813
-0.33068
-0.341232
-0.330766
-0.34118
-0.333917
-0.319978
-0.326791
-0.326621
-0.320156
-0.316199
-0.313839
-0.313688
-0.316357
-0.331785
-0.328989
-0.326344
-0.336931
-0.326172
-0.338532
-0.331481
0.106102
0.192346
0.101334
0.263284
0.106102
0.192346
0.101334
-0.382281
-0.254302
-0.16996
-0.172276
-0.385351
-0.336208
-0.331513
-0.327293
-0.338378
-0.336208
-0.331513
-0.327294
-0.367458
-0.129763
-0.299569
-0.174316
-0.367458
-0.129763
-0.299569
-0.341902
-0.351765
-0.328883
-0.426
-0.341903
-0.351765
-0.328884
-0.376904
-0.477445
-0.365954
-0.497751
-0.36697
-0.499006
-0.376051
-0.382293
-0.254313
-0.169971
-0.172287
-0.385362
-0.376906
-0.477445
-0.365956
-0.497751
-0.366972
-0.499005
-0.376053
-0.382292
-0.254313
-0.16997
-0.172286
-0.385362
-0.370224
-0.355675
-0.35305
-0.353266
-0.370365
-0.429993
-0.447462
-0.418117
-0.470297
-0.418993
-0.470651
-0.429753
-0.370224
-0.355675
-0.35305
-0.353266
-0.370365
0.326776
0.121229
0.260229
0.106923
0.259529
0.105056
0.328426
0.374139
0.326111
0.200128
0.433852
0.171218
0.437889
0.376748
0.326776
0.121229
0.260229
0.106923
0.259529
0.105057
0.328426
0.374139
0.326111
0.200128
0.433852
0.171218
0.437889
0.376748
-0.1112
-0.344852
-0.344852
-0.331792
-0.328996
-0.336939
-0.32635
-0.33854
-0.326178
-0.331488
-0.333948
-0.337813
-0.33068
-0.341232
-0.330767
-0.34118
-0.333917
-0.331792
-0.328996
-0.336939
-0.32635
-0.33854
-0.326178
-0.331488
0.530376
0.463098
0.466227
0.528336
0.568635
0.589193
0.590289
0.56723
0.530376
0.463098
0.466227
0.528336
0.568635
0.589193
0.590289
0.56723
-0.316202
-0.31384
-0.313689
-0.31636
-0.319978
-0.326791
-0.326621
-0.320156
-0.316202
-0.31384
-0.313689
-0.316361
0.568637
0.589194
0.59029
0.567232
0.530379
0.463103
0.466232
0.528339
0.568637
0.589194
0.59029
0.567232
0.530379
0.463103
0.466232
0.528339
-0.319973
-0.326784
-0.326614
-0.320151
-0.316199
-0.313839
-0.313688
-0.316357
-0.319973
-0.326785
-0.326614
-0.320151
0.374145
0.326119
0.433856
0.200136
0.437894
0.171227
0.376754
0.326781
0.121238
0.106932
0.260235
0.105066
0.259535
0.328432
0.374145
0.326119
0.433856
0.200136
0.437893
0.171228
0.376754
0.326781
0.121238
0.106932
0.260235
0.105066
0.259535
0.328432
-0.11119
-0.11119
-0.344845
-0.344845
-0.333941
-0.337806
-0.341224
-0.330674
-0.341172
-0.33076
-0.33391
-0.331785
-0.328989
-0.326344
-0.336931
-0.326172
-0.338532
-0.331481
-0.333941
-0.337806
-0.341225
-0.330674
-0.341172
-0.330761
-0.33391
-0.376894
-0.477436
-0.497741
-0.365944
-0.498996
-0.36696
-0.376041
-0.382281
-0.254302
-0.16996
-0.172276
-0.385351
-0.376896
-0.477435
-0.497741
-0.365946
-0.498996
-0.366962
-0.376043
-0.370217
-0.355668
-0.353043
-0.35326
-0.370358
-0.429985
-0.447453
-0.470288
-0.418109
-0.470642
-0.418985
-0.429745
-0.370217
-0.355668
-0.353044
-0.35326
-0.370358
-0.429985
-0.447452
-0.470287
-0.41811
-0.470641
-0.418985
-0.429746
-0.379885
-0.1488
-0.333866
-0.166201
-0.333756
-0.168307
-0.380741
0.327095
0.302331
0.369944
0.275061
0.327095
0.302332
0.369944
-0.392101
-0.365763
-0.409343
-0.36945
-0.392102
-0.365763
-0.409343
0.402557
0.330425
0.419775
0.320217
0.402557
0.330425
0.419775
0.531234
0.431778
0.50536
0.465896
0.506851
0.466987
0.529986
-0.385829
-0.349298
-0.391752
-0.354948
-0.385829
-0.349298
-0.391752
0.419775
0.320218
0.402558
0.330426
0.419775
0.320218
0.402558
0.553666
0.48995
0.562913
0.480372
0.564084
0.481503
0.552471
-0.391746
-0.354939
-0.385816
-0.349294
-0.391746
-0.354939
-0.385816
0.369946
0.275063
0.327098
0.302333
0.369946
0.275063
0.327098
-0.40932
-0.369433
-0.392075
-0.365749
-0.40932
-0.369433
-0.392075
-0.338629
-0.333606
-0.33842
-0.333689
-0.338736
-0.326796
-0.326618
-0.379884
-0.1488
-0.333866
-0.166201
-0.333756
-0.168307
-0.380741
-0.373139
-0.349477
-0.363653
-0.360136
-0.364179
-0.360305
-0.373109
-0.373139
-0.349477
-0.363653
-0.360136
-0.364179
-0.360305
-0.373109
0.553666
0.48995
0.480372
0.562912
0.481503
0.564083
0.55247
0.531234
0.431779
0.50536
0.465895
0.506851
0.466987
0.529986
0.553666
0.48995
0.480372
0.562912
0.481503
0.564083
0.55247
-0.322204
-0.33003
-0.325444
-0.330087
-0.325221
-0.329927
-0.3224
-0.319238
-0.326438
-0.32713
-0.317817
-0.326966
-0.317663
-0.319403
-0.322204
-0.33003
-0.325444
-0.330087
-0.325221
-0.329927
-0.322401
-0.319239
-0.326438
-0.32713
-0.317817
-0.326966
-0.317663
-0.319403
0.531235
0.43178
0.465896
0.505362
0.466987
0.506852
0.529987
0.553666
0.48995
0.562913
0.480373
0.564083
0.481503
0.552471
0.531235
0.43178
0.465897
0.505362
0.466987
0.506853
0.529988
-0.319235
-0.326437
-0.317816
-0.327127
-0.317662
-0.326964
-0.3194
-0.3222
-0.330024
-0.330082
-0.325438
-0.329922
-0.325214
-0.322396
-0.319236
-0.326437
-0.317816
-0.327127
-0.317662
-0.326964
-0.3194
-0.3222
-0.330024
-0.330082
-0.325438
-0.329922
-0.325215
-0.322396
-0.379874
-0.148791
-0.166191
-0.333855
-0.168297
-0.333746
-0.38073
-0.379874
-0.148791
-0.166191
-0.333855
-0.168297
-0.333746
-0.38073
-0.373132
-0.349471
-0.360129
-0.363646
-0.360299
-0.364172
-0.373102
-0.373131
-0.349471
-0.36013
-0.363646
-0.360299
-0.364172
-0.373102
0.100721
0.0895799
0.209042
0.0853157
0.208302
0.153703
0.154271
0.100722
0.08958
0.209042
0.0853158
0.208302
0.153703
0.154271
-0.338636
-0.338426
-0.333612
-0.338743
-0.333695
-0.326802
-0.326623
-0.338636
-0.338426
-0.333612
-0.338743
-0.333695
-0.326802
-0.326623
0.10073
0.209048
0.0895878
0.208308
0.0853236
0.153711
0.154277
0.10073
0.209048
0.0895878
0.208308
0.0853236
0.15371
0.154277
-0.338629
-0.333606
-0.33842
-0.333689
-0.338737
-0.326797
-0.326618
0.0570768
0.148607
0.0744777
0.100897
0.0570768
0.148607
0.0744777
-0.313924
-0.322261
-0.345921
-0.316619
-0.313924
-0.322261
-0.345921
0.249642
0.250201
0.283364
0.212961
0.249642
0.250201
0.283364
-0.389448
-0.374081
-0.412781
-0.367438
-0.389448
-0.374081
-0.412781
0.283367
0.212963
0.249644
0.250203
0.283367
0.212963
0.249644
-0.412752
-0.367419
-0.389417
-0.374062
-0.412751
-0.367419
-0.389417
0.0744838
0.100902
0.0570827
0.148612
0.0744837
0.100902
0.0570827
-0.345911
-0.316611
-0.313911
-0.322255
-0.345911
-0.316611
-0.313912
)
;

boundaryField
{
    inlet
    {
        type            zeroGradient;
    }
    outlet
    {
        type            fixedValue;
        value           uniform 0;
    }
    top
    {
        type            symmetryPlane;
    }
    bottom
    {
        type            symmetryPlane;
    }
    front
    {
        type            symmetryPlane;
    }
    back
    {
        type            symmetryPlane;
    }
    cylinder
    {
        type            zeroGradient;
    }
}


// ************************************************************************* //
