/*--------------------------------*- C++ -*----------------------------------*\
  =========                 |
  \\      /  F ield         | OpenFOAM: The Open Source CFD Toolbox
   \\    /   O peration     | Website:  https://openfoam.org
    \\  /    A nd           | Version:  11
     \\/     M anipulation  |
\*---------------------------------------------------------------------------*/
FoamFile
{
    format      ascii;
    class       volScalarField;
    location    "14.103183";
    object      p;
}
// * * * * * * * * * * * * * * * * * * * * * * * * * * * * * * * * * * * * * //

dimensions      [0 2 -2 0 0 0 0];

internalField   nonuniform List<scalar> 
7132
(
0.0681571
0.0669088
0.06262
0.0564543
0.0479193
0.0369218
0.0235816
0.00825163
-0.00821663
-0.0243885
-0.0385832
-0.0487236
-0.0539421
-0.0539963
-0.0491674
-0.0408274
-0.0306155
-0.0200953
-0.0105409
-0.00277298
0.00292157
0.00691911
0.010082
0.0132179
0.0166501
0.0202509
0.0237444
0.0269297
0.0297797
0.0323692
0.0347405
0.0367314
0.0378517
0.037518
0.0356337
0.0329926
0.0308455
0.0299901
0.0303517
0.0313137
0.0322838
0.032976
0.0334279
0.0338485
0.0344233
0.0350221
0.0350299
0.0336756
0.0308306
0.0274839
0.0251268
0.024587
0.0255628
0.0270953
0.0283573
0.0290129
0.0291677
0.0291479
0.0292466
0.0293976
0.0290349
0.0274431
0.0245307
0.0212755
0.0191581
0.0190266
0.0205528
0.022642
0.0243013
0.0251179
0.0252209
0.0250121
0.0248573
0.0247475
0.0241867
0.0225386
0.019724
0.0166153
0.0145872
0.0145432
0.0163227
0.0188944
0.02112
0.0223718
0.0226606
0.0224006
0.0220512
0.0217264
0.0210332
0.0193532
0.0164955
0.0131466
0.0106108
0.00997686
0.0114506
0.0142916
0.0173261
0.0195754
0.0206238
0.0206327
0.0200976
0.0194544
0.0186877
0.0172786
0.0146414
0.0107845
0.00658359
0.00336301
0.00209636
0.00288465
0.0049957
0.00734566
0.00901628
0.00952455
0.00883501
0.0072032
0.00491704
0.00208343
-0.00135857
-0.00535835
-0.00945476
-0.0128024
-0.014571
-0.0144076
-0.0126074
-0.00994132
-0.00729981
-0.00540618
-0.00472883
-0.00553671
-0.0080063
-0.012257
-0.0182792
-0.0257602
-0.0339032
-0.0414146
-0.046762
-0.0486683
-0.046603
-0.0410067
-0.0331315
-0.0245439
-0.0165944
-0.0101009
-0.00531194
-0.00209119
-0.000120481
0.000867297
0.00111333
0.000629809
-0.000326102
-0.00196588
-0.00338937
-0.00555607
-0.00562447
-0.00807832
-0.00364081
-0.0098325
0.0060992
-0.0186864
0.0686615
0.0674196
0.0631537
0.0570041
0.0484652
0.0374163
0.023952
0.00839308
-0.00840322
-0.0249751
-0.0395551
-0.0499129
-0.055197
-0.0551586
-0.0500468
-0.0413271
-0.0307316
-0.0198978
-0.0101475
-0.00232269
0.00329236
0.00711971
0.0101067
0.0131283
0.0165208
0.0201321
0.0236605
0.0268899
0.0297875
0.0324256
0.0348431
0.036874
0.0380064
0.037623
0.0356157
0.0328194
0.0305591
0.0296727
0.0300714
0.0310966
0.0321286
0.0328723
0.0333654
0.0338182
0.0344184
0.0350352
0.0350344
0.033616
0.0306467
0.0271595
0.024717
0.0241804
0.0252329
0.0268652
0.0282142
0.0289324
0.0291263
0.0291262
0.0292305
0.0293712
0.0289692
0.0272944
0.0242617
0.0208864
0.0187023
0.0185845
0.0201954
0.0223987
0.0241622
0.0250529
0.0251972
0.0250036
0.0248467
0.0247144
0.0240966
0.022348
0.0194072
0.0161895
0.0141112
0.0140884
0.0159479
0.0186289
0.0209638
0.0223025
0.0226451
0.0224079
0.0220584
0.0217097
0.0209546
0.0191659
0.016171
0.0126999
0.0101021
0.00948442
0.0110366
0.0139862
0.0171293
0.0194714
0.0205903
0.0206438
0.0201277
0.0194779
0.018669
0.0171707
0.0144018
0.0104019
0.00609218
0.00283542
0.00161771
0.00252166
0.00478237
0.00727722
0.00906364
0.00964966
0.00899866
0.00736447
0.00502999
0.00209541
-0.0014939
-0.0056598
-0.00989669
-0.0133159
-0.015064
-0.014793
-0.0128255
-0.00996919
-0.0071515
-0.00512288
-0.00436735
-0.00515924
-0.0076767
-0.01204
-0.0182386
-0.0259495
-0.0343494
-0.0421026
-0.0476302
-0.049618
-0.0475216
-0.0417904
-0.0337124
-0.0248992
-0.016742
-0.0100843
-0.00518362
-0.00190097
8.9207e-05
0.00106279
0.00126937
0.000729092
-0.000295664
-0.00200564
-0.00350012
-0.0057173
-0.00583336
-0.00827957
-0.00386245
-0.00995455
0.00594562
-0.0186338
0.0696673
0.0684398
0.0642218
0.0581093
0.0495687
0.0384233
0.0247154
0.00869658
-0.00876544
-0.0261596
-0.041532
-0.0523262
-0.0577359
-0.0575004
-0.0517977
-0.0422944
-0.030914
-0.0194437
-0.00930304
-0.00137427
0.00406318
0.00752608
0.0101412
0.012924
0.0162365
0.0198717
0.0234722
0.0267906
0.0297832
0.032519
0.0350316
0.0371476
0.0383089
0.0378254
0.0355629
0.032442
0.0299452
0.0289993
0.029481
0.0306407
0.0317996
0.0326453
0.0332181
0.0337328
0.034384
0.0350379
0.03502
0.0334691
0.0302407
0.0264594
0.0238395
0.0233155
0.0245346
0.0263782
0.0279072
0.0287507
0.0290193
0.0290557
0.0291713
0.0292936
0.0288135
0.0269668
0.0236827
0.0200581
0.0177375
0.0176521
0.0194412
0.021882
0.0238599
0.0248995
0.0251224
0.0249544
0.0247921
0.0246179
0.0238895
0.0219418
0.0187494
0.015314
0.0131364
0.0131584
0.0151809
0.0180822
0.0206345
0.0221434
0.0225891
0.0223939
0.0220443
0.0216491
0.0207692
0.0187594
0.0154853
0.0117666
0.00904552
0.00846513
0.0101841
0.0133595
0.0167243
0.0192519
0.0205083
0.0206486
0.0201708
0.0195099
0.0186151
0.0169295
0.0138825
0.00958109
0.00504381
0.00171342
0.000600761
0.0017526
0.00432679
0.00712284
0.00914839
0.00989438
0.00932388
0.00768883
0.00525842
0.00211521
-0.0017848
-0.00630466
-0.0108422
-0.014415
-0.0161203
-0.0156206
-0.0132985
-0.010045
-0.00686367
-0.0045598
-0.00364642
-0.00440661
-0.00702142
-0.0116134
-0.0181712
-0.0263516
-0.0352764
-0.0435242
-0.0494207
-0.0515754
-0.0494147
-0.0434073
-0.0349127
-0.0256362
-0.0170534
-0.0100606
-0.00493312
-0.00152592
0.000502994
0.00144837
0.00157649
0.000923382
-0.000237844
-0.00208775
-0.00372284
-0.00604168
-0.00624977
-0.00868484
-0.00429885
-0.010207
0.0056608
-0.018544
0.0711694
0.0699655
0.0658268
0.059781
0.051252
0.0399768
0.0259143
0.00919917
-0.00928886
-0.0279801
-0.0446075
-0.0560792
-0.0616996
-0.0611809
-0.0545567
-0.0438223
-0.0312118
-0.0187491
-0.00799501
9.51487e-05
0.00524303
0.00811405
0.010133
0.0125468
0.0157516
0.0194397
0.0231591
0.026614
0.029748
0.0326288
0.035284
0.0375309
0.0387375
0.0380916
0.0354135
0.0317672
0.0289036
0.0278793
0.0285181
0.029906
0.0312676
0.0322681
0.0329564
0.0335589
0.0342818
0.0349858
0.0349302
0.0331547
0.0294989
0.0252397
0.0223436
0.0218684
0.0233829
0.0255828
0.0274027
0.0284379
0.0288121
0.028892
0.0290138
0.0291027
0.0285016
0.0263918
0.0227205
0.0187086
0.0161738
0.0161404
0.0182181
0.02104
0.0233562
0.0246227
0.0249573
0.0248199
0.024647
0.0244107
0.0235129
0.0212544
0.017668
0.0138959
0.0115744
0.0116832
0.0139738
0.0172213
0.0201044
0.0218654
0.022461
0.0223284
0.0219827
0.0215166
0.0204343
0.0180627
0.0143349
0.0102203
0.00731139
0.00680804
0.00881354
0.0123615
0.0160809
0.0188939
0.0203554
0.0206259
0.0202112
0.0195377
0.0185031
0.0165057
0.0129989
0.00820699
0.00330758
-0.000130639
-0.00106245
0.000496906
0.00357691
0.00685269
0.0092543
0.0102498
0.00980674
0.00817564
0.00559687
0.00211756
-0.00229039
-0.00738864
-0.0124119
-0.0162246
-0.0178484
-0.0169698
-0.0140733
-0.0101875
-0.00643717
-0.00371063
-0.00256041
-0.00327804
-0.00604799
-0.0109977
-0.0181174
-0.0270321
-0.0367775
-0.0457967
-0.0522663
-0.0546749
-0.0524047
-0.0459582
-0.0368061
-0.0268024
-0.0175555
-0.0100435
-0.00456766
-0.000970639
0.00111705
0.00202047
0.00203089
0.00120851
-0.000157876
-0.0022186
-0.00406548
-0.00653699
-0.00688299
-0.00929888
-0.00496113
-0.0105836
0.0052152
-0.0183794
0.0731583
0.0719904
0.0679712
0.0620351
0.0535493
0.0421314
0.027619
0.00996711
-0.00993756
-0.0304784
-0.0488949
-0.0612793
-0.0671655
-0.0662355
-0.0582788
-0.0457951
-0.031462
-0.0176267
-0.00605287
0.00221745
0.00689805
0.00886847
0.0100036
0.0118954
0.0149744
0.0187628
0.0226619
0.0263085
0.0296328
0.0327066
0.035553
0.0379825
0.0392545
0.0383681
0.03507
0.0306429
0.027245
0.0261521
0.0270679
0.0288174
0.0304783
0.0316905
0.0325247
0.0332293
0.0340275
0.0347801
0.0346601
0.0325607
0.0282857
0.023325
0.0200243
0.0196436
0.0216305
0.0243838
0.0266376
0.0279383
0.0284367
0.0285461
0.0286528
0.02869
0.0279293
0.0254684
0.021274
0.0167362
0.0139095
0.0139507
0.0164352
0.019796
0.0225874
0.0241624
0.0246368
0.0245313
0.0243478
0.0240344
0.0228976
0.0201847
0.0160221
0.0117699
0.0092673
0.00953992
0.0122424
0.0159893
0.0193281
0.0214242
0.0222163
0.0221716
0.0218419
0.0212772
0.0198919
0.0169798
0.0125864
0.007903
0.00473622
0.00436317
0.00680399
0.0109073
0.0151434
0.0183582
0.0200993
0.020549
0.0202299
0.0195441
0.0183017
0.0158392
0.0116598
0.00616663
0.000762561
-0.00281504
-0.00348101
-0.001339
0.00246124
0.00641805
0.00935158
0.0107002
0.010442
0.0088252
0.00603622
0.00206603
-0.00308542
-0.00901927
-0.0147272
-0.0188597
-0.0203433
-0.0189123
-0.0152017
-0.0104339
-0.00590208
-0.00260469
-0.00114097
-0.00180849
-0.00479591
-0.010243
-0.0181445
-0.0280792
-0.0389587
-0.049037
-0.056287
-0.0590329
-0.0565992
-0.0495376
-0.0394696
-0.0284547
-0.0182874
-0.0100596
-0.00410692
-0.000252491
0.00191428
0.00276207
0.00261733
0.00157118
-6.74417e-05
-0.00240886
-0.00453732
-0.00721139
-0.00773886
-0.0101263
-0.00585368
-0.011084
0.00458689
-0.0181019
0.0756204
0.0745039
0.0706564
0.0648911
0.0565051
0.0449606
0.0299263
0.0110918
-0.0106674
-0.0337435
-0.0546187
-0.0682014
-0.0744883
-0.0730761
-0.0633053
-0.0484274
-0.0317626
-0.0160939
-0.00342688
0.00506233
0.00905704
0.00972524
0.00960738
0.010806
0.0137772
0.0177577
0.0219234
0.0258232
0.029381
0.0326857
0.0357646
0.0384282
0.0397779
0.0385382
0.0343388
0.0287893
0.0246944
0.0235688
0.0249626
0.0272709
0.0293577
0.0308433
0.0318391
0.0326235
0.033446
0.0342066
0.0340007
0.0315327
0.0265071
0.0206217
0.0167289
0.0164359
0.019095
0.0226527
0.0255235
0.0271717
0.0277946
0.0278957
0.0279613
0.0279376
0.0269759
0.0240405
0.0191366
0.0139145
0.0107509
0.0109477
0.0139948
0.0180708
0.0214809
0.023445
0.0240851
0.0240189
0.0238366
0.0234287
0.0219553
0.0185973
0.0136324
0.00873329
0.00601914
0.00656687
0.00987355
0.0143126
0.0182505
0.0207684
0.0218067
0.0218851
0.0215895
0.0208874
0.0190687
0.0154046
0.0101134
0.00468332
0.00119089
0.00100725
0.00404606
0.0089108
0.0138487
0.017596
0.0196986
0.0203826
0.0201974
0.0194946
0.0179593
0.0148577
0.00978294
0.00338453
-0.00265103
-0.00638702
-0.00669883
-0.00380062
0.000934774
0.0057786
0.0094073
0.0112208
0.0112111
0.00961788
0.00653892
0.00189126
-0.00426753
-0.0113
-0.0178708
-0.0223685
-0.0236236
-0.0214528
-0.0166909
-0.0108053
-0.00529803
-0.00129866
0.000543193
-7.25436e-05
-0.00334523
-0.00943783
-0.0183479
-0.0295838
-0.0418897
-0.0532818
-0.0614879
-0.0646388
-0.0619887
-0.0541467
-0.0429172
-0.0306169
-0.0192779
-0.01014
-0.00358357
0.000595286
0.00286243
0.00364401
0.00331062
0.0019903
1.6191e-05
-0.00267178
-0.00514671
-0.00806772
-0.00881562
-0.0111607
-0.00697364
-0.0116959
0.00374819
-0.0176607
0.0785355
0.0774905
0.0738812
0.0683712
0.0601752
0.0485623
0.0329721
0.0127135
-0.0113897
-0.0378601
-0.0620085
-0.0770176
-0.0837463
-0.08171
-0.0695164
-0.0515034
-0.0318405
-0.0138536
0.000147212
0.00882968
0.0117943
0.0105946
0.00873971
0.00905398
0.0119784
0.0162899
0.0208361
0.0250581
0.0288869
0.0324481
0.0357925
0.0387324
0.0401503
0.0383738
0.0328736
0.0257331
0.0206999
0.0197278
0.0219445
0.0251145
0.0278022
0.0296274
0.030768
0.0315393
0.0322591
0.0329565
0.0326555
0.0298153
0.023963
0.0169839
0.0123285
0.0120956
0.0156068
0.0202407
0.0239417
0.0260254
0.0267579
0.0268071
0.0268262
0.0267495
0.025524
0.0219257
0.0160553
0.00995841
0.00644168
0.00694495
0.010776
0.0157759
0.0199534
0.0223842
0.0232196
0.0232139
0.0230545
0.0225233
0.0205858
0.0163675
0.0103689
0.00466161
0.00170765
0.00264621
0.00676779
0.0121147
0.0168085
0.019839
0.0211777
0.0214218
0.0211794
0.0202877
0.0178889
0.0132596
0.00685671
0.00052787
-0.00334472
-0.00328622
0.000497544
0.00631899
0.0121416
0.0165544
0.0191034
0.02008
0.0200667
0.0193334
0.0174107
0.0134996
0.00733268
-0.000134214
-0.00689034
-0.0107861
-0.0106636
-0.00686248
-0.00100782
0.00490691
0.00938461
0.011775
0.0120806
0.0105144
0.00704559
0.00151263
-0.00591493
-0.0142708
-0.0218227
-0.0266778
-0.0275927
-0.024508
-0.0185003
-0.0113161
-0.00469235
0.000100472
0.00236324
0.00179267
-0.00183438
-0.00871095
-0.0188222
-0.0315715
-0.0454991
-0.0583594
-0.0676241
-0.0712258
-0.068334
-0.0596053
-0.0470405
-0.0332451
-0.0205308
-0.0103185
-0.00304758
0.00151616
0.00390554
0.00461592
0.00406808
0.00243186
6.9241e-05
-0.00301874
-0.00589033
-0.00908884
-0.0100854
-0.0123698
-0.00829297
-0.0123916
0.00268724
-0.0170072
0.0818757
0.0809273
0.0776392
0.0724967
0.0646228
0.0530554
0.0369281
0.0150155
-0.0119984
-0.0430152
-0.0715252
-0.0882879
-0.0957265
-0.093056
-0.0776102
-0.0553981
-0.0318237
-0.0108875
0.00479312
0.0136615
0.0151493
0.011304
0.00703923
0.006247
0.00928867
0.0141823
0.0192819
0.0239041
0.0280208
0.0318275
0.035407
0.0385757
0.0400192
0.0375505
0.0303242
0.0210002
0.014683
0.0140773
0.0176505
0.0221439
0.0256805
0.0279127
0.0291262
0.0297166
0.0301816
0.0307781
0.030396
0.0271019
0.0202145
0.0119566
0.00649681
0.00644519
0.0110269
0.0170124
0.0217606
0.0243665
0.0251923
0.0251636
0.0251574
0.0250345
0.0234465
0.0189636
0.0118661
0.00471215
0.000828989
0.00180045
0.00667251
0.0128299
0.0179259
0.0208961
0.0219621
0.0220516
0.0219376
0.0212395
0.0187006
0.0134249
0.0062053
-0.000430948
-0.00364605
-0.00222407
0.00289507
0.00934893
0.0149475
0.018577
0.0202698
0.0207226
0.0205458
0.0194049
0.0162875
0.0105171
0.00284678
-0.00447899
-0.00876078
-0.00841979
-0.00378485
0.00314134
0.00999575
0.0151865
0.0182568
0.019578
0.0197671
0.0189803
0.0165806
0.0117238
0.00432975
-0.00429779
-0.0118076
-0.0158418
-0.0152203
-0.0104156
-0.00331664
0.00380063
0.00924684
0.0123099
0.0129898
0.0114411
0.00746645
0.000845196
-0.00806252
-0.0178754
-0.0264295
-0.0315704
-0.0320265
-0.0278979
-0.0205295
-0.0119597
-0.00416455
0.00144944
0.00413965
0.00359243
-0.000453235
-0.0082118
-0.0196245
-0.0339576
-0.04954
-0.0638797
-0.0742126
-0.0782843
-0.0751662
-0.0655381
-0.0515858
-0.0362054
-0.0220082
-0.0106222
-0.00256317
0.00243045
0.00496319
0.00560522
0.00482849
0.00284933
6.46443e-05
-0.00345206
-0.0067429
-0.0102251
-0.011482
-0.0136838
-0.00974863
-0.0131189
0.00141864
-0.0161029
0.0856033
0.0847819
0.0819163
0.0772867
0.0699196
0.0585904
0.0420277
0.0182772
-0.012285
-0.0493718
-0.0835968
-0.102169
-0.110311
-0.106965
-0.0873498
-0.0598212
-0.031386
-0.00685623
0.010806
0.0197668
0.019109
0.0115207
0.00398278
0.00189881
0.00537158
0.0112143
0.0170874
0.0221885
0.0265824
0.0305466
0.0341195
0.0372255
0.0386241
0.0356596
0.0268278
0.0148691
0.00653416
0.00611416
0.0116212
0.018081
0.0228229
0.0255346
0.0266938
0.0269064
0.0270301
0.0275572
0.0270904
0.0231388
0.0148836
0.00512484
-0.00110555
-0.000728736
0.00523273
0.0128575
0.0188537
0.0220587
0.0229744
0.0228712
0.0228747
0.022699
0.02064
0.0150884
0.00658519
-0.00174341
-0.00601156
-0.00446156
0.00166371
0.00918759
0.0153345
0.0189055
0.020238
0.0204604
0.020408
0.019496
0.0162451
0.00978222
0.00124036
-0.00637873
-0.00986105
-0.00790222
-0.0016725
0.00602347
0.012634
0.0169265
0.0190149
0.0197091
0.0196001
0.0181567
0.0142237
0.00721374
-0.00178883
-0.0101357
-0.0148229
-0.0141757
-0.0086425
-0.000541141
0.00742311
0.013457
0.0170957
0.0187956
0.0192029
0.0183366
0.0153973
0.00952381
0.000859526
-0.00892977
-0.0171621
-0.0212914
-0.0201293
-0.0142821
-0.00589543
0.00247746
0.00895348
0.0127511
0.0138455
0.0122885
0.00769377
-0.000171675
-0.0106662
-0.0219353
-0.0313985
-0.036699
-0.0365991
-0.0313699
-0.0226386
-0.0127216
-0.00381226
0.00256866
0.00564443
0.00507974
0.000574456
-0.00808027
-0.0207472
-0.0365502
-0.0536422
-0.0693338
-0.080658
-0.0851872
-0.0818887
-0.0714436
-0.0561909
-0.039287
-0.023632
-0.0110701
-0.00220708
0.00323559
0.00592882
0.00651362
0.00550889
0.00318281
-2.52222e-05
-0.00396009
-0.00765244
-0.0113918
-0.0129
-0.014994
-0.0112403
-0.0138019
-7.94026e-06
-0.0149287
0.0896685
0.0890096
0.0866858
0.0827491
0.076135
0.0653336
0.048547
0.0228525
-0.0120176
-0.0573444
-0.0991612
-0.119855
-0.129336
-0.125464
-0.100056
-0.065325
-0.030631
-0.00165022
0.0183921
0.0273364
0.0236403
0.0107816
-0.00128972
-0.00489441
-0.000388911
0.00704829
0.0140447
0.0197238
0.0243372
0.0281768
0.0311209
0.0336023
0.0347867
0.0317243
0.0219687
0.00751027
-0.00343583
-0.00419044
0.00354376
0.0126311
0.0190208
0.022303
0.0232646
0.0229416
0.0227207
0.0232333
0.0226293
0.0178108
0.00795255
-0.00345034
-0.0104363
-0.00944677
-0.00180734
0.00772206
0.0151282
0.0189902
0.0200059
0.0198525
0.0198976
0.0196568
0.0170552
0.0103539
0.000399465
-0.0091222
-0.0137827
-0.0116175
-0.00413678
0.00487416
0.0121508
0.016356
0.0179784
0.018361
0.0183768
0.0172204
0.0132097
0.00553401
-0.00431973
-0.0128946
-0.0166265
-0.0141219
-0.006761
0.00221288
0.00986734
0.0148409
0.0173382
0.0182854
0.0182379
0.0164637
0.0116889
0.00344692
-0.00684221
-0.016151
-0.0212034
-0.0202445
-0.0138336
-0.00458216
0.00447637
0.0113468
0.0155533
0.0176346
0.0182565
0.0172933
0.0138004
0.00692942
-0.00293854
-0.0137916
-0.0226498
-0.0268107
-0.0250945
-0.0182359
-0.00861372
0.000969774
0.00845695
0.0129977
0.0145152
0.0129104
0.00761137
-0.00155937
-0.0135981
-0.0261672
-0.0363378
-0.0416373
-0.0409164
-0.0346318
-0.0246677
-0.0135829
-0.00374145
0.0032604
0.00662587
0.00598852
0.00103077
-0.00841913
-0.0221301
-0.0391178
-0.0574275
-0.0742327
-0.0863976
-0.0913343
-0.0879085
-0.0767973
-0.0604531
-0.0422384
-0.0252976
-0.0116723
-0.00206279
0.00381284
0.00667526
0.00722222
0.00600908
0.00336408
-0.000225114
-0.00451924
-0.00855034
-0.0124865
-0.0142155
-0.0161737
-0.0126455
-0.0143514
-0.00151226
-0.0134909
0.094007
0.0935517
0.0919052
0.0888808
0.0833379
0.0734913
0.0568654
0.0293031
-0.0107091
-0.067287
-0.119034
-0.141036
-0.151767
-0.147983
-0.115456
-0.0717475
-0.0294065
0.00484024
0.027656
0.0363625
0.0283201
0.00795516
-0.0102371
-0.0152593
-0.00862905
0.00134309
0.0099109
0.016277
0.0209628
0.0241344
0.0256032
0.0269779
0.0279851
0.025105
0.0145309
-0.00227645
-0.0157136
-0.0167671
-0.00664022
0.00560269
0.0140718
0.0180312
0.0186859
0.0177466
0.0172279
0.0177783
0.0169898
0.0112175
-0.000254553
-0.0132744
-0.0210151
-0.0193767
-0.00992857
0.00165369
0.0105536
0.0150941
0.0162194
0.0160406
0.0161486
0.0158451
0.0127105
0.00491953
-0.00637996
-0.0170025
-0.022034
-0.019286
-0.0104841
8.70736e-07
0.0083946
0.0132159
0.0151207
0.0156679
0.0157532
0.0143594
0.00963294
0.000844874
-0.0101881
-0.019607
-0.0235462
-0.0205282
-0.0121151
-0.00194649
0.00668295
0.0122862
0.0151603
0.0163437
0.0163483
0.0142589
0.00870942
-0.00063523
-0.0120487
-0.0221765
-0.0275181
-0.0262604
-0.0190618
-0.00878732
0.00124247
0.00885309
0.0135624
0.0159859
0.0168002
0.0157431
0.01175
0.00400522
-0.00688515
-0.0186077
-0.027935
-0.0320495
-0.0297962
-0.0220302
-0.0113262
-0.000686399
0.00769834
0.0129227
0.014832
0.0131383
0.00711516
-0.00328761
-0.0166587
-0.0302247
-0.0408161
-0.0459438
-0.0445911
-0.0373988
-0.0264673
-0.0145357
-0.00406691
0.00332251
0.00683473
0.00607395
0.000737424
-0.00928946
-0.023698
-0.0414571
-0.0605802
-0.0781658
-0.090947
-0.0961992
-0.0926964
-0.0811176
-0.0639887
-0.0448091
-0.0268939
-0.0124352
-0.00221588
0.00403505
0.007062
0.00759572
0.00621874
0.00332208
-0.000557752
-0.00510435
-0.00937068
-0.0134139
-0.0153127
-0.0171018
-0.0138411
-0.0146807
-0.00299637
-0.0118233
0.0985384
0.0983297
0.0975087
0.0956452
0.0915689
0.083249
0.067385
0.0383043
-0.00793005
-0.0801603
-0.14516
-0.168745
-0.182257
-0.178938
-0.135839
-0.0797481
-0.0277462
0.0127604
0.0388102
0.0466189
0.0321574
0.0011551
-0.0255259
-0.0313961
-0.0206503
-0.0064863
0.00440563
0.011623
0.0160985
0.0178451
0.0172161
0.0174817
0.0186366
0.0159223
0.00409696
-0.0150804
-0.0305926
-0.0315376
-0.0187829
-0.0030266
0.00784495
0.0125782
0.0128766
0.0113087
0.0105534
0.0111994
0.0102578
0.00364083
-0.00921731
-0.0236426
-0.0320957
-0.0299005
-0.0187459
-0.00516467
0.00518621
0.0103652
0.0115839
0.0113841
0.0115662
0.0112402
0.00768867
-0.000979727
-0.0133692
-0.0248933
-0.0302365
-0.0269918
-0.0170343
-0.00523964
0.00414012
0.0094843
0.0116151
0.012301
0.0124586
0.0108892
0.00559727
-0.00407197
-0.0160325
-0.0261041
-0.0301819
-0.0267225
-0.0174297
-0.00627164
0.00314989
0.00924545
0.0124054
0.0137763
0.0138296
0.0114979
0.00534414
-0.00485165
-0.0171173
-0.0278451
-0.0333697
-0.0318424
-0.024009
-0.0129364
-0.00216743
0.00598923
0.0110618
0.0137406
0.0147105
0.013593
0.00923032
0.000842177
-0.0107817
-0.0230939
-0.0326831
-0.0366629
-0.0339212
-0.025422
-0.0138896
-0.00245956
0.00660707
0.0123788
0.0146079
0.0128009
0.00612712
-0.00528181
-0.0196131
-0.0337554
-0.0444271
-0.0492194
-0.0472824
-0.0394292
-0.0279199
-0.0155887
-0.00490137
0.00257292
0.00606009
0.0051512
-0.000423517
-0.0107216
-0.0253933
-0.0434238
-0.0628637
-0.0808018
-0.0938972
-0.0993284
-0.0958051
-0.0839998
-0.0664736
-0.0467838
-0.0283235
-0.0133654
-0.00274788
0.00377789
0.00694875
0.00749964
0.00603054
0.00298971
-0.00104643
-0.0057
-0.0100665
-0.0141036
-0.0161014
-0.0176863
-0.0147212
-0.0147195
-0.00435992
-0.00998439
0.103165
0.103248
0.103403
0.102983
0.100845
0.0948532
0.0806933
0.051065
-0.00248395
-0.0971384
-0.179193
-0.199924
-0.216631
-0.217179
-0.161591
-0.0899777
-0.0262486
0.0214886
0.0507518
0.0568393
0.0329362
-0.0133126
-0.0509121
-0.0561251
-0.0377952
-0.0169394
-0.00270266
0.00552918
0.00939193
0.00899377
0.00604176
0.00548343
0.00716418
0.00458631
-0.0085266
-0.0297891
-0.0470301
-0.0477664
-0.0323701
-0.0130298
0.00035892
0.00590526
0.0058396
0.00366355
0.00272719
0.0035528
0.00261591
-0.00452962
-0.0183398
-0.0337978
-0.042846
-0.0402633
-0.0277167
-0.0124195
-0.000822047
0.00486541
0.00610955
0.00585857
0.00612222
0.00586837
0.0021297
-0.00706227
-0.020156
-0.032289
-0.0378471
-0.0342283
-0.0233906
-0.0105946
-0.000487781
0.00519427
0.00743335
0.00819964
0.00844198
0.00682256
0.00122185
-0.00897738
-0.0215102
-0.0319757
-0.0361063
-0.0323036
-0.0223846
-0.0105537
-0.00063565
0.0057224
0.00901323
0.0104918
0.0106041
0.00816681
0.00167925
-0.00900685
-0.0217592
-0.0328053
-0.0383802
-0.0366275
-0.0283665
-0.0168055
-0.00562921
0.0027846
0.00800531
0.0108055
0.0118848
0.010778
0.0062534
-0.00245135
-0.0144287
-0.0269818
-0.0365871
-0.0403396
-0.0371883
-0.0281942
-0.016178
-0.00432818
0.00510582
0.0112129
0.0136566
0.0117482
0.00460512
-0.00743911
-0.022231
-0.0364508
-0.0468365
-0.05115
-0.0487324
-0.040552
-0.0289583
-0.0167716
-0.00634441
0.000875433
0.00416348
0.00311546
-0.0025102
-0.012728
-0.0271848
-0.0449295
-0.0641106
-0.0818868
-0.0949246
-0.100369
-0.0968883
-0.0851401
-0.0676699
-0.048006
-0.0295173
-0.0144738
-0.00373064
0.00293152
0.00621032
0.00681584
0.00535126
0.00230787
-0.00171715
-0.00630499
-0.0106132
-0.014512
-0.016519
-0.0178524
-0.0152048
-0.0144205
-0.00551261
-0.00805112
0.107769
0.108183
0.109459
0.110753
0.111099
0.108357
0.0972674
0.0686735
0.00590367
-0.119373
-0.225807
-0.244651
-0.26681
-0.271645
-0.196125
-0.103026
-0.0250067
0.030728
0.0615388
0.0655815
0.0348708
-0.0266358
-0.0818234
-0.0906793
-0.0622766
-0.030976
-0.0116583
-0.00213385
0.000675243
-0.00236962
-0.00759843
-0.00858502
-0.00597478
-0.00818014
-0.0220362
-0.0446741
-0.0632858
-0.0640192
-0.0464549
-0.0238976
-0.00816851
-0.00188294
-0.00232875
-0.00510151
-0.00617434
-0.00503846
-0.00567567
-0.0128543
-0.0270234
-0.0430187
-0.0524753
-0.0497005
-0.0362229
-0.0196994
-0.00723094
-0.00127504
-0.000144615
-0.000516916
-0.000159727
-0.000186812
-0.00378044
-0.0130279
-0.0263403
-0.0387184
-0.0443625
-0.0405126
-0.0291503
-0.01578
-0.00532401
0.000416275
0.00258108
0.00334036
0.00369596
0.00221404
-0.00334687
-0.0136291
-0.0262999
-0.0368505
-0.0409265
-0.0369075
-0.0266762
-0.0145789
-0.0045579
0.00174698
0.0049529
0.00643457
0.00663442
0.00428813
-0.00217845
-0.0129088
-0.025713
-0.0367508
-0.0422251
-0.0403031
-0.0318624
-0.0201877
-0.00901593
-0.000714281
0.00437307
0.00712094
0.00826072
0.00727202
0.00285948
-0.00575923
-0.0176428
-0.0300395
-0.0393908
-0.0428247
-0.0393696
-0.0301715
-0.0180916
-0.00628067
0.00312097
0.00928634
0.0118189
0.00986972
0.00254187
-0.00965148
-0.0243213
-0.0380817
-0.0478129
-0.0515318
-0.0487873
-0.0406836
-0.0295727
-0.0181276
-0.00846283
-0.00183596
0.00109741
-5.80495e-05
-0.00552858
-0.0153052
-0.0290574
-0.0459293
-0.0642252
-0.0812662
-0.0938283
-0.0990995
-0.0957372
-0.0843633
-0.0674465
-0.0483932
-0.0304432
-0.0157763
-0.00521957
0.00141277
0.00475105
0.00545427
0.00410954
0.00122884
-0.00259633
-0.00692838
-0.0110038
-0.014618
-0.0165297
-0.0175658
-0.0152403
-0.0137638
-0.00638347
-0.00610975
0.112218
0.112997
0.115504
0.118794
0.122178
0.124013
0.117933
0.0945697
0.0203985
-0.156644
-0.28429
-0.285088
-0.320437
-0.342137
-0.243255
-0.12217
-0.0260113
0.0347358
0.0600008
0.062498
0.0290657
-0.0332059
-0.102088
-0.125088
-0.0916653
-0.0486357
-0.0226315
-0.0114292
-0.0100188
-0.0159747
-0.0233093
-0.0242519
-0.020202
-0.0214302
-0.0350902
-0.058117
-0.0776097
-0.0786541
-0.0598108
-0.0348747
-0.0173158
-0.0105266
-0.0114347
-0.0148341
-0.0160063
-0.0143709
-0.0142931
-0.0208847
-0.0347241
-0.0506862
-0.0603019
-0.0575249
-0.043661
-0.0265504
-0.0137352
-0.00786361
-0.00706284
-0.00766312
-0.00718979
-0.00678116
-0.00982112
-0.0185818
-0.0315672
-0.0437844
-0.0493637
-0.045433
-0.0339474
-0.0205109
-0.010177
-0.00474047
-0.00288939
-0.00224604
-0.00173075
-0.00283722
-0.00794446
-0.0178014
-0.0301292
-0.040428
-0.0443377
-0.040238
-0.0300458
-0.0181479
-0.00848844
-0.00261928
0.000238731
0.00160239
0.00193765
-7.47535e-05
-0.0061077
-0.016383
-0.0287643
-0.0394432
-0.0446605
-0.0426317
-0.034282
-0.0229083
-0.0122054
-0.00444143
0.000183348
0.00267803
0.00383128
0.00309798
-0.000882666
-0.00896513
-0.0202689
-0.0320874
-0.0409061
-0.043937
-0.0403054
-0.0312325
-0.0195621
-0.00831033
0.000598114
0.0064988
0.00898677
0.00710587
-4.09444e-05
-0.0118248
-0.0257548
-0.038517
-0.0472444
-0.0502866
-0.0474133
-0.0398371
-0.0298062
-0.0196983
-0.0112741
-0.0055505
-0.00310689
-0.00433027
-0.00944153
-0.0184273
-0.0309975
-0.046414
-0.0631919
-0.0789109
-0.0905665
-0.095475
-0.0923129
-0.0816442
-0.0657911
-0.0479428
-0.0311077
-0.01729
-0.00724641
-0.000825793
0.00251295
0.00335773
0.00225804
-0.000281236
-0.00370546
-0.00758185
-0.0112412
-0.014419
-0.0161242
-0.0168187
-0.0148097
-0.012758
-0.00692767
-0.00424544
0.116366
0.117519
0.121329
0.126756
0.13378
0.141114
0.143046
0.127562
0.0413302
-0.184274
-0.386979
-0.361319
-0.40438
-0.444918
-0.306536
-0.146814
-0.0301265
0.0276352
0.0386927
0.0320167
0.00559625
-0.0449901
-0.118135
-0.154239
-0.121708
-0.0685214
-0.0352773
-0.0221878
-0.0224086
-0.0314012
-0.0406584
-0.0410044
-0.0348168
-0.034172
-0.0465287
-0.0688644
-0.0886198
-0.0902559
-0.0712045
-0.0450778
-0.0265038
-0.01963
-0.0211884
-0.0252994
-0.0265332
-0.0241518
-0.0228627
-0.0281912
-0.0409878
-0.056328
-0.0658223
-0.0632032
-0.0495117
-0.0325296
-0.0199956
-0.0146549
-0.014466
-0.0154271
-0.0148017
-0.0137103
-0.0157486
-0.0234542
-0.0355535
-0.047195
-0.0525494
-0.0486826
-0.0374862
-0.0245282
-0.0148426
-0.0101276
-0.00886826
-0.0084609
-0.00772416
-0.00818726
-0.0123972
-0.0213005
-0.0327941
-0.0425001
-0.0461295
-0.0420894
-0.0322988
-0.0210899
-0.0122919
-0.00727825
-0.00505715
-0.00393845
-0.00340545
-0.00481574
-0.00997817
-0.0192833
-0.03076
-0.0407288
-0.0455341
-0.0434648
-0.035483
-0.0248362
-0.0150855
-0.00830859
-0.00449728
-0.00246605
-0.00134192
-0.00166681
-0.00487673
-0.0119587
-0.0221905
-0.0330104
-0.0410255
-0.0435809
-0.0399152
-0.0313155
-0.0205518
-0.0104067
-0.00248108
0.00280984
0.0051214
0.0034523
-0.00310174
-0.0138924
-0.0264743
-0.0377329
-0.0451492
-0.0474685
-0.0446992
-0.038115
-0.0297363
-0.0215035
-0.0147378
-0.0101911
-0.00836151
-0.00961665
-0.0141753
-0.0220408
-0.032984
-0.0464063
-0.0610796
-0.0749277
-0.0852705
-0.0896355
-0.0867575
-0.077114
-0.0628106
-0.0467282
-0.031549
-0.0190267
-0.00981305
-0.00379227
-0.00052356
0.000500819
-0.000226598
-0.00223947
-0.00505544
-0.00827353
-0.0113349
-0.0139305
-0.0153223
-0.0156387
-0.0139328
-0.0114402
-0.00713089
-0.00253078
0.120056
0.12158
0.126663
0.134347
0.145323
0.159918
0.17355
0.182333
0.0829214
-0.17718
-0.446141
-0.396659
-0.500185
-0.588449
-0.404541
-0.184264
-0.0430387
-0.00123397
0.000793016
-0.0158856
-0.0257386
-0.0626317
-0.131043
-0.175249
-0.148113
-0.0884981
-0.0488162
-0.0340047
-0.0360167
-0.0481117
-0.0590796
-0.0581966
-0.0489987
-0.0454603
-0.0554454
-0.0760846
-0.0954413
-0.097831
-0.0796131
-0.0536387
-0.0350737
-0.0287003
-0.0312106
-0.036168
-0.0374163
-0.0340004
-0.0309769
-0.0343865
-0.0454773
-0.0596471
-0.0687381
-0.0663958
-0.0533943
-0.0372557
-0.0256718
-0.0213637
-0.0221097
-0.0235755
-0.0227501
-0.0207148
-0.0213072
-0.0274158
-0.0381047
-0.0487809
-0.0537551
-0.0500815
-0.0395646
-0.0276191
-0.0191168
-0.0155595
-0.0151826
-0.015131
-0.0141022
-0.0136502
-0.0165298
-0.0239751
-0.0341714
-0.0429651
-0.0462082
-0.0423606
-0.0333179
-0.0232729
-0.0158301
-0.0120926
-0.0107978
-0.0100468
-0.00924661
-0.00978688
-0.0136549
-0.0214987
-0.0316161
-0.0405465
-0.0447966
-0.0427528
-0.0354031
-0.0258897
-0.0175567
-0.0122042
-0.00954872
-0.00818507
-0.00712654
-0.00689001
-0.00900105
-0.0146397
-0.0233352
-0.0327644
-0.0397297
-0.0417531
-0.0382016
-0.0304198
-0.0210494
-0.0125447
-0.00608348
-0.00174515
0.000262944
-0.00104055
-0.00658534
-0.0158195
-0.0264952
-0.0358112
-0.0416729
-0.0432631
-0.0408466
-0.035686
-0.0294479
-0.023527
-0.0187627
-0.0156367
-0.0145454
-0.0158046
-0.0196282
-0.0260668
-0.0349862
-0.0459542
-0.0580318
-0.069548
-0.0782335
-0.0819061
-0.0793849
-0.0710474
-0.0587175
-0.0448847
-0.0318243
-0.0209838
-0.0128896
-0.0074588
-0.00434443
-0.00311314
-0.00334403
-0.0046441
-0.00664356
-0.0090056
-0.0112993
-0.0131852
-0.0141718
-0.0140866
-0.0126659
-0.00987189
-0.00701015
-0.00101501
0.123138
0.124983
0.131232
0.140926
0.156083
0.177314
0.20908
0.209
0.173665
-0.215749
-0.592593
-0.427513
-0.48893
-0.6943
-0.496022
-0.23161
-0.0771711
-0.0498941
-0.0535241
-0.0616444
-0.0539848
-0.076981
-0.135919
-0.183492
-0.165027
-0.105089
-0.0616841
-0.0460238
-0.050118
-0.0654118
-0.0778305
-0.0749987
-0.0618369
-0.0544638
-0.0612359
-0.0793945
-0.0977443
-0.100905
-0.0843732
-0.0598394
-0.0423768
-0.0371947
-0.0410443
-0.0470105
-0.048211
-0.043458
-0.0382127
-0.0391428
-0.0479844
-0.0605294
-0.068962
-0.0669718
-0.0550928
-0.0404426
-0.0304505
-0.0276799
-0.0296886
-0.0317966
-0.0307158
-0.0274898
-0.0262413
-0.0302884
-0.0391232
-0.0485023
-0.0529591
-0.0495843
-0.0400848
-0.0296308
-0.0228066
-0.0208189
-0.0215977
-0.0220098
-0.0206189
-0.0190049
-0.0201724
-0.0257227
-0.0342232
-0.0418305
-0.0445971
-0.0410584
-0.0330679
-0.0246089
-0.0189663
-0.0168875
-0.016781
-0.0165061
-0.015373
-0.0148027
-0.0170026
-0.0229563
-0.0313203
-0.0389299
-0.0425046
-0.0405464
-0.0340607
-0.0260381
-0.0195338
-0.015993
-0.0147978
-0.0142832
-0.0133212
-0.012387
-0.0131116
-0.0169211
-0.023677
-0.0313786
-0.0370886
-0.038542
-0.0352496
-0.0286022
-0.0210628
-0.0146762
-0.0101151
-0.00704824
-0.00546732
-0.00626978
-0.0104264
-0.0176027
-0.0258982
-0.0329268
-0.0370702
-0.0379673
-0.0361363
-0.032746
-0.0290069
-0.0257125
-0.0232207
-0.0217404
-0.0215167
-0.0227628
-0.0256802
-0.0304092
-0.0369666
-0.0451226
-0.0542454
-0.063097
-0.0698748
-0.0727477
-0.0706441
-0.0638313
-0.0538012
-0.0425838
-0.0319912
-0.0231378
-0.0164181
-0.0117679
-0.00890543
-0.00745144
-0.0070676
-0.00747242
-0.00845317
-0.00977468
-0.0111531
-0.0122293
-0.0127435
-0.0122495
-0.0110952
-0.00813024
-0.00660983
0.000283064
0.125474
0.127573
0.134703
0.146114
0.164489
0.193111
0.238518
0.273509
0.318976
-0.20065
-0.441909
-0.51121
-0.701007
-0.543579
-0.276145
-0.130102
-0.105989
-0.122144
-0.101336
-0.0755053
-0.0850031
-0.133378
-0.180057
-0.170272
-0.115517
-0.0720715
-0.0570327
-0.0637308
-0.0823711
-0.0958991
-0.09035
-0.0723656
-0.0605109
-0.0635974
-0.0788085
-0.0956778
-0.0995084
-0.085236
-0.0632027
-0.0478551
-0.0445695
-0.0501738
-0.0573056
-0.058379
-0.0520092
-0.0441549
-0.0422072
-0.0484322
-0.0590347
-0.0666093
-0.0650027
-0.054563
-0.0419191
-0.0340682
-0.0332854
-0.0368486
-0.0397118
-0.0383208
-0.0337008
-0.0303081
-0.0319506
-0.0386072
-0.0464422
-0.050274
-0.0472745
-0.0390546
-0.0304764
-0.0257389
-0.0256656
-0.0278269
-0.0287881
-0.0269764
-0.0240057
-0.0231673
-0.0264911
-0.0329942
-0.0392072
-0.0414295
-0.0382914
-0.0315924
-0.0250547
-0.0215689
-0.0214566
-0.0227492
-0.0230368
-0.021518
-0.0196487
-0.01989
-0.0236219
-0.0299282
-0.0360006
-0.0388103
-0.0369881
-0.0315501
-0.0252994
-0.0209463
-0.0195216
-0.0200259
-0.0205016
-0.0196636
-0.0179302
-0.0170483
-0.018731
-0.0232358
-0.0289519
-0.0332565
-0.0341232
-0.0312192
-0.0259683
-0.0206116
-0.0167246
-0.0144198
-0.012901
-0.0118702
-0.0120811
-0.0145473
-0.0192627
-0.0248145
-0.0293226
-0.0316713
-0.0319419
-0.0308784
-0.0294806
-0.0284464
-0.0279711
-0.0279602
-0.0283327
-0.0291103
-0.0303405
-0.0321978
-0.0349647
-0.0388846
-0.0439822
-0.049942
-0.0559522
-0.0606892
-0.0627037
-0.0610651
-0.0559186
-0.0483864
-0.0400016
-0.0320933
-0.0254457
-0.0203193
-0.0166364
-0.0141296
-0.0124456
-0.0113384
-0.0106779
-0.0104538
-0.0105725
-0.0109169
-0.0111164
-0.0111203
-0.0102277
-0.00932384
-0.00629707
-0.00599365
0.00137581
0.126957
0.129199
0.136851
0.149236
0.169658
0.202637
0.257995
0.322529
0.427337
-0.507098
-0.66648
-0.537953
-0.29698
-0.183122
-0.178446
-0.188423
-0.132883
-0.0879821
-0.0847988
-0.122412
-0.165428
-0.163521
-0.117964
-0.0782448
-0.0656261
-0.0756553
-0.0977935
-0.111982
-0.102996
-0.0796596
-0.0631476
-0.0625188
-0.0746644
-0.0897607
-0.0940833
-0.0823414
-0.0635298
-0.0510969
-0.0503232
-0.0580519
-0.0664633
-0.0673166
-0.0591154
-0.0484245
-0.0434154
-0.0468683
-0.0553717
-0.0619599
-0.0607318
-0.0519186
-0.0416326
-0.0363255
-0.0378729
-0.0432072
-0.0468991
-0.0451514
-0.0390046
-0.033291
-0.0323418
-0.0366429
-0.0427912
-0.0459307
-0.0433494
-0.0365778
-0.0301352
-0.0277685
-0.0298507
-0.0335493
-0.0351163
-0.0328447
-0.028397
-0.0253765
-0.0262766
-0.0306019
-0.0352949
-0.036933
-0.0342563
-0.0290057
-0.02461
-0.0235169
-0.0255746
-0.0284048
-0.0293132
-0.0273778
-0.0240928
-0.0221947
-0.0234974
-0.0275551
-0.0319556
-0.0339478
-0.0322984
-0.0280301
-0.0237338
-0.0217397
-0.0226257
-0.0249825
-0.0265447
-0.0258534
-0.0232628
-0.0206414
-0.020013
-0.0220719
-0.025644
-0.0284593
-0.0287451
-0.0263322
-0.022661
-0.019721
-0.018586
-0.0187866
-0.0190331
-0.0186812
-0.0182685
-0.0188528
-0.0208337
-0.0234068
-0.0252781
-0.0258359
-0.0255578
-0.0253657
-0.0260401
-0.0277664
-0.0301922
-0.0328089
-0.0352133
-0.0371196
-0.0383512
-0.0390274
-0.0396248
-0.0407
-0.0426011
-0.0453379
-0.0484906
-0.0511839
-0.0523426
-0.0511978
-0.0477639
-0.0427832
-0.0372907
-0.032153
-0.0278494
-0.0244976
-0.0219525
-0.0198994
-0.0179813
-0.0160568
-0.014185
-0.0125995
-0.0113854
-0.0106111
-0.00990027
-0.00938585
-0.00812082
-0.00745635
-0.00444701
-0.00523447
0.00230051
0.127531
0.129788
0.137507
0.150011
0.170634
0.204042
0.260126
0.336968
0.497986
-0.460294
-0.539328
-0.435909
-0.266418
-0.214604
-0.254101
-0.235696
-0.150051
-0.0903526
-0.0773134
-0.104987
-0.142557
-0.146669
-0.112097
-0.0789914
-0.0704663
-0.0845689
-0.110253
-0.124557
-0.111615
-0.0829497
-0.0621899
-0.0582536
-0.0675289
-0.0807459
-0.0853527
-0.0761388
-0.0608891
-0.0518663
-0.0540331
-0.0641358
-0.0738614
-0.0743979
-0.0642589
-0.0507122
-0.0427025
-0.0434512
-0.049865
-0.0554175
-0.0545341
-0.0474043
-0.0396417
-0.0370965
-0.0411651
-0.0483801
-0.0529231
-0.0507892
-0.0430749
-0.0350145
-0.0314614
-0.0333903
-0.037822
-0.0402461
-0.0380943
-0.0328385
-0.0286481
-0.0287851
-0.033133
-0.038434
-0.0406278
-0.0378861
-0.0319313
-0.0266885
-0.0251201
-0.0272222
-0.0303603
-0.0314057
-0.0292171
-0.0254785
-0.0233134
-0.0247063
-0.0290123
-0.0334337
-0.0349894
-0.0326339
-0.0279012
-0.023809
-0.0226165
-0.0243627
-0.0270482
-0.0282115
-0.0267562
-0.0237085
-0.0214368
-0.0218768
-0.0251413
-0.0294048
-0.0320926
-0.0315681
-0.0281157
-0.023722
-0.0207273
-0.0202781
-0.02166
-0.0229759
-0.0227098
-0.020853
-0.0188477
-0.0184182
-0.0201376
-0.0229662
-0.0251198
-0.02556
-0.0245744
-0.0232211
-0.0223487
-0.0218483
-0.0210774
-0.019912
-0.0191539
-0.0198466
-0.0225358
-0.026945
-0.0322522
-0.0375691
-0.0421332
-0.0452893
-0.0465462
-0.0459754
-0.0442681
-0.0423728
-0.0410398
-0.0406229
-0.0410455
-0.0418127
-0.0421827
-0.0415346
-0.0397624
-0.0372471
-0.0345653
-0.0321754
-0.0302834
-0.0288405
-0.0275687
-0.0260453
-0.0238894
-0.0210758
-0.0178846
-0.0148255
-0.0121919
-0.0102523
-0.00862958
-0.00761481
-0.0060152
-0.00558521
-0.00263948
-0.00440478
0.00310827
0.127184
0.12933
0.136655
0.148409
0.167357
0.197153
0.244546
0.311589
0.429777
-0.404891
-0.411488
-0.3622
-0.258237
-0.197071
-0.238589
-0.306221
-0.254462
-0.150187
-0.0839264
-0.0646735
-0.0834482
-0.114773
-0.122682
-0.0989534
-0.0739108
-0.0705605
-0.0892137
-0.118245
-0.132073
-0.115039
-0.0817752
-0.0577713
-0.0512863
-0.0581072
-0.0694906
-0.0741799
-0.0672804
-0.055571
-0.0501076
-0.0553863
-0.0679307
-0.0789016
-0.0790339
-0.0669961
-0.050813
-0.040112
-0.0384321
-0.0429164
-0.0474598
-0.0468687
-0.0413608
-0.0361003
-0.0363322
-0.0429356
-0.0520133
-0.0573719
-0.0548471
-0.0456305
-0.0353593
-0.0293682
-0.029066
-0.0318616
-0.0335901
-0.0318512
-0.02808
-0.0261096
-0.0287196
-0.0352987
-0.042168
-0.0449739
-0.0417835
-0.0343891
-0.0270262
-0.0231003
-0.0230708
-0.0247119
-0.0251881
-0.02348
-0.0212208
-0.0212361
-0.0250568
-0.031556
-0.0375315
-0.0397275
-0.0369784
-0.0308556
-0.0246465
-0.0210393
-0.0205436
-0.0215654
-0.0219304
-0.0206742
-0.0188243
-0.0185292
-0.0213394
-0.0269174
-0.0330393
-0.0368349
-0.036494
-0.0322279
-0.026132
-0.0208498
-0.0179692
-0.0172319
-0.0171139
-0.0163458
-0.0150664
-0.014707
-0.0167332
-0.0212507
-0.0266933
-0.0308074
-0.0321415
-0.0306977
-0.0274965
-0.0238233
-0.0203023
-0.0169845
-0.0142091
-0.0130178
-0.0145212
-0.0190509
-0.0259524
-0.0340197
-0.0420129
-0.048781
-0.0532413
-0.0545875
-0.0527817
-0.0487415
-0.0438563
-0.0393502
-0.035951
-0.0338781
-0.032928
-0.0326202
-0.0324511
-0.0322087
-0.0319629
-0.0319051
-0.0321566
-0.0326765
-0.0332141
-0.0332958
-0.032344
-0.029946
-0.0262017
-0.0216331
-0.0170459
-0.01296
-0.00985131
-0.00734457
-0.0058678
-0.00397769
-0.0037831
-0.000916116
-0.00357005
0.00385265
0.125963
0.12788
0.134444
0.144677
0.160727
0.1837
0.218343
0.261207
0.277847
-0.253241
-0.423727
-0.37947
-0.201389
-0.0979365
-0.130872
-0.251127
-0.315231
-0.241374
-0.135486
-0.0718021
-0.0498521
-0.0606841
-0.0853578
-0.0948426
-0.0804291
-0.0634225
-0.0654519
-0.0886074
-0.120434
-0.133236
-0.112509
-0.0761189
-0.0503597
-0.0422847
-0.047162
-0.0568507
-0.0614477
-0.0565145
-0.0480265
-0.0459337
-0.0542046
-0.0690405
-0.0810727
-0.080741
-0.0670157
-0.0486597
-0.0358005
-0.0321344
-0.0349659
-0.0385903
-0.0382305
-0.034186
-0.0312366
-0.0340611
-0.0430278
-0.0538161
-0.0598973
-0.0570069
-0.0464643
-0.0342761
-0.0261762
-0.0239231
-0.0252607
-0.0263548
-0.0249897
-0.0225812
-0.0226576
-0.0275495
-0.036181
-0.0444854
-0.0478527
-0.0442692
-0.0355992
-0.0263543
-0.0203268
-0.0183837
-0.0186707
-0.0186323
-0.0173664
-0.016464
-0.0184766
-0.0245199
-0.033027
-0.0404307
-0.0432273
-0.0401404
-0.0327715
-0.0246486
-0.0188465
-0.0163038
-0.0158029
-0.0154398
-0.0143731
-0.013628
-0.0151483
-0.0201316
-0.0278306
-0.0356635
-0.0404947
-0.0403494
-0.0353675
-0.0277365
-0.0203731
-0.0152704
-0.0125974
-0.0111826
-0.00998094
-0.00925524
-0.0104173
-0.0147007
-0.0218066
-0.0297137
-0.0357453
-0.0380442
-0.0363094
-0.0314875
-0.0252398
-0.0189026
-0.0132271
-0.00898759
-0.00738561
-0.0095537
-0.0156566
-0.0247627
-0.0353631
-0.0458905
-0.0547966
-0.0605617
-0.0620526
-0.0591101
-0.052845
-0.0450875
-0.0375762
-0.0314458
-0.0271784
-0.0247713
-0.023917
-0.0241929
-0.0252962
-0.0270553
-0.0293685
-0.0320911
-0.0349506
-0.0374603
-0.0389051
-0.0385275
-0.0358835
-0.0312029
-0.0252582
-0.0191559
-0.0136466
-0.00941169
-0.00607677
-0.00419124
-0.00205582
-0.00210197
0.000696643
-0.00278531
0.00458128
0.123953
0.125575
0.131075
0.13945
0.151563
0.168173
0.185292
0.200203
0.160081
-0.18008
-0.505087
-0.406889
-0.286783
-0.126843
-0.041453
-0.123097
-0.25922
-0.292159
-0.208507
-0.113508
-0.0578998
-0.0354461
-0.0390465
-0.0569186
-0.0661026
-0.0587397
-0.048632
-0.0553465
-0.0823046
-0.115991
-0.127346
-0.103934
-0.0664974
-0.0407258
-0.0320357
-0.0354472
-0.0436059
-0.0479683
-0.044593
-0.0388028
-0.0396045
-0.050465
-0.0672202
-0.0800223
-0.0792139
-0.0641931
-0.0443482
-0.0300346
-0.0249307
-0.0264558
-0.0292955
-0.0291066
-0.0262989
-0.0253315
-0.0303868
-0.0413735
-0.0535939
-0.0602534
-0.0570562
-0.045469
-0.0317969
-0.0220498
-0.0182321
-0.0183643
-0.0189217
-0.0178741
-0.0166337
-0.0184633
-0.0253035
-0.0356776
-0.0451943
-0.0490411
-0.0451518
-0.0354562
-0.0246851
-0.0169331
-0.0133972
-0.0125437
-0.0120714
-0.0111867
-0.0114426
-0.0151545
-0.0230853
-0.0332989
-0.0419256
-0.0452539
-0.0419108
-0.0335155
-0.0237912
-0.0161338
-0.0118463
-0.010041
-0.00905656
-0.0081571
-0.00836349
-0.0114392
-0.0182811
-0.0277964
-0.037105
-0.0428488
-0.0429071
-0.0373504
-0.0284352
-0.0193065
-0.0123061
-0.00797877
-0.00546661
-0.00391519
-0.0036796
-0.0061472
-0.0123642
-0.0217136
-0.0318106
-0.0396203
-0.0429113
-0.0410822
-0.0349762
-0.0265385
-0.0177364
-0.00998523
-0.00445745
-0.00245183
-0.00508723
-0.012425
-0.0233619
-0.0361601
-0.048951
-0.0598042
-0.06679
-0.0684737
-0.0645707
-0.0563325
-0.0459785
-0.035752
-0.0272116
-0.021085
-0.0174975
-0.0162312
-0.0169042
-0.0191441
-0.0226135
-0.0270063
-0.0319724
-0.0370185
-0.0413996
-0.0441399
-0.044299
-0.0414093
-0.0358286
-0.0285728
-0.0210395
-0.0142005
-0.00893062
-0.00485068
-0.00262063
-0.000282716
-0.000576749
0.00218229
-0.00209397
0.00533174
0.121288
0.122557
0.126865
0.133093
0.141409
0.150929
0.15629
0.147064
0.0710545
-0.141486
-0.341652
-0.307988
-0.248774
-0.118954
-0.0536202
-0.132002
-0.238005
-0.240431
-0.164956
-0.0898247
-0.0446437
-0.0229075
-0.0201662
-0.0311468
-0.0386197
-0.0358735
-0.0310653
-0.0411529
-0.0706354
-0.104933
-0.114621
-0.0900482
-0.0539364
-0.0298442
-0.0213595
-0.023656
-0.0304171
-0.0344289
-0.0322049
-0.0284876
-0.0315039
-0.044315
-0.0624238
-0.0756245
-0.0743912
-0.0586331
-0.0381473
-0.0231778
-0.017219
-0.0178012
-0.0200112
-0.0199403
-0.0181066
-0.0186971
-0.0254838
-0.0380054
-0.051275
-0.0583292
-0.0549177
-0.0426573
-0.0280402
-0.0171965
-0.0122633
-0.0114863
-0.0116278
-0.0108359
-0.0105201
-0.0137202
-0.0220638
-0.0337657
-0.0441991
-0.0484187
-0.0443379
-0.0339356
-0.0220827
-0.0130695
-0.00833204
-0.00660011
-0.00579696
-0.00521665
-0.00637862
-0.0114046
-0.0207868
-0.0323131
-0.0418929
-0.0456599
-0.0421619
-0.0330195
-0.0220907
-0.0130076
-0.00735689
-0.00452293
-0.00305278
-0.0022915
-0.00325115
-0.00754716
-0.0158418
-0.0267797
-0.0372583
-0.043751
-0.0440157
-0.0380571
-0.0281722
-0.0176783
-0.00919195
-0.00356617
-0.000203473
0.00160159
0.00144006
-0.0020487
-0.00977903
-0.0209191
-0.0328275
-0.0421893
-0.0464498
-0.0447261
-0.037741
-0.0276193
-0.0168331
-0.0073792
-0.00077756
0.00162397
-0.00125484
-0.00943754
-0.0217552
-0.0363126
-0.0509746
-0.0634669
-0.0715086
-0.0734118
-0.0687777
-0.0589404
-0.0464199
-0.0338997
-0.0233422
-0.0157099
-0.0112113
-0.00965652
-0.010669
-0.013832
-0.0187096
-0.0248651
-0.0317904
-0.0387843
-0.0448426
-0.0487368
-0.0493604
-0.0462329
-0.0398313
-0.0313929
-0.022582
-0.0145696
-0.00840242
-0.00368654
-0.00118479
0.00131662
0.000768888
0.00352866
-0.00152738
0.00612942
0.118109
0.119017
0.122082
0.126243
0.131009
0.135027
0.132249
0.113816
0.0471987
-0.119312
-0.242687
-0.230866
-0.196251
-0.121055
-0.0828531
-0.12669
-0.18552
-0.179332
-0.125162
-0.0701676
-0.03374
-0.0129088
-0.00507928
-0.0091139
-0.0138271
-0.0133578
-0.012397
-0.0244408
-0.0548491
-0.0883807
-0.0963617
-0.0724037
-0.0398291
-0.0187415
-0.0110121
-0.0123815
-0.0178126
-0.0213711
-0.0199356
-0.0176648
-0.0221161
-0.036081
-0.0548423
-0.0680314
-0.0665007
-0.0506885
-0.0304877
-0.0156644
-0.00939695
-0.00936696
-0.0110981
-0.0111049
-0.00997881
-0.0116571
-0.0195901
-0.0330655
-0.0469297
-0.0541727
-0.0506704
-0.0381721
-0.0232104
-0.0118562
-0.0062712
-0.00489056
-0.00474704
-0.00415199
-0.00449745
-0.00863486
-0.0179658
-0.0305102
-0.0415151
-0.0459854
-0.0418467
-0.0311019
-0.0186643
-0.00889674
-0.00338016
-0.00105409
-3.44521e-05
0.000319879
-0.00146875
-0.00737224
-0.0177045
-0.0300878
-0.0403065
-0.0444011
-0.0408624
-0.031291
-0.0196075
-0.00958171
-0.00299407
0.000560377
0.0023655
0.00301607
0.00152382
-0.00361115
-0.0128933
-0.0248007
-0.0360952
-0.0431431
-0.0436116
-0.0374438
-0.0269442
-0.0155369
-0.00602955
0.000494847
0.00443278
0.00638594
0.00593515
0.00174887
-0.00701446
-0.0194191
-0.0326836
-0.0433025
-0.0484609
-0.0470242
-0.0395873
-0.0283579
-0.016162
-0.00545931
0.00195325
0.00472022
0.00182034
-0.00678783
-0.0199729
-0.0357624
-0.0518046
-0.0655376
-0.074406
-0.0765308
-0.0714188
-0.0604362
-0.0463008
-0.0320283
-0.0199204
-0.0111517
-0.00599407
-0.00425334
-0.00554128
-0.00941888
-0.015404
-0.0229837
-0.0315288
-0.0401505
-0.0476083
-0.0524527
-0.0534428
-0.0500949
-0.0429917
-0.0335572
-0.0236842
-0.0147099
-0.00782342
-0.00260326
9.07798e-05
0.00272027
0.0019171
0.00472411
-0.00110429
0.0069849
0.114563
0.115115
0.116989
0.119194
0.120956
0.120358
0.112371
0.0882024
0.031545
-0.085479
-0.18473
-0.190957
-0.17261
-0.12013
-0.0861551
-0.108056
-0.142997
-0.136622
-0.0975757
-0.0557249
-0.0252203
-0.00541476
0.00582678
0.00828246
0.00714969
0.00747698
0.00571435
-0.00741752
-0.037262
-0.0685844
-0.0748749
-0.0531021
-0.0256574
-0.00831226
-0.00158708
-0.00208956
-0.00619609
-0.00919946
-0.00825463
-0.00688641
-0.0120029
-0.0262654
-0.0449213
-0.0577024
-0.056075
-0.0409447
-0.0219234
-0.00796001
-0.00183538
-0.00145381
-0.00283184
-0.0028886
-0.00222879
-0.00452971
-0.0129975
-0.0268039
-0.0407772
-0.0480006
-0.044555
-0.0322841
-0.0175864
-0.00628822
-0.000482617
0.00121918
0.00152046
0.00196716
0.00121646
-0.00341694
-0.0131944
-0.0260656
-0.0372748
-0.0418668
-0.0378146
-0.0271097
-0.0145959
-0.00457987
0.00130238
0.00394409
0.00506278
0.00526211
0.00312481
-0.00320759
-0.0139649
-0.0267221
-0.0372433
-0.0415449
-0.0380839
-0.0284172
-0.0164469
-0.00597467
0.00111697
0.00507892
0.00706139
0.0076233
0.00582066
0.000240668
-0.00954081
-0.0219374
-0.0336687
-0.0410616
-0.0417262
-0.0355482
-0.024804
-0.0129534
-0.00290489
0.0041082
0.00833964
0.0103301
0.00969639
0.00514271
-0.00415281
-0.0172609
-0.0313811
-0.0429142
-0.0488567
-0.0478564
-0.0403777
-0.0286306
-0.0156453
-0.00420186
0.00370894
0.00676677
0.00403584
-0.00457912
-0.0180769
-0.0345058
-0.0513697
-0.0658895
-0.0753162
-0.0776428
-0.0723072
-0.0606669
-0.0455381
-0.0301397
-0.0170104
-0.00749205
-0.00191102
-6.4662e-05
-0.00155512
-0.00594319
-0.0127373
-0.0213847
-0.031164
-0.0410295
-0.0495461
-0.0550932
-0.0563359
-0.0527953
-0.0451424
-0.0349454
-0.0242759
-0.0145942
-0.00719668
-0.00162054
0.0011825
0.00390745
0.00285315
0.00575548
-0.000830246
0.00788928
0.110793
0.111019
0.111796
0.112302
0.111576
0.107645
0.0963603
0.0706173
0.0220288
-0.0661169
-0.141604
-0.151965
-0.142142
-0.110094
-0.0877518
-0.0985228
-0.115858
-0.107301
-0.0775014
-0.0446763
-0.0186822
-0.000102183
0.0127958
0.0201588
0.0233275
0.0250545
0.0216727
0.0073727
-0.0209711
-0.0485018
-0.0528871
-0.0343039
-0.0126873
0.000827176
0.00654856
0.00689402
0.00413386
0.00179912
0.00248048
0.00334969
-0.0017778
-0.0155292
-0.0333531
-0.0453951
-0.0439212
-0.0301643
-0.0130676
-0.000512039
0.00514746
0.00570909
0.00459918
0.00450981
0.00489816
0.00238752
-0.00603719
-0.0195685
-0.033178
-0.0401907
-0.0369637
-0.0253746
-0.011501
-0.000753184
0.00491244
0.00670259
0.00705103
0.00738361
0.0064509
0.00172957
-0.00797595
-0.0206703
-0.0317227
-0.0363118
-0.0324901
-0.0221957
-0.0100849
-0.000281739
0.00559837
0.0083086
0.00941661
0.0095158
0.00727947
0.000939321
-0.00973616
-0.0223926
-0.0328816
-0.0372678
-0.0339994
-0.0245625
-0.0127564
-0.00230755
0.00488495
0.00896404
0.010972
0.0114576
0.00954643
0.00389475
-0.00591155
-0.0183232
-0.0301126
-0.0376367
-0.0384847
-0.0324897
-0.0218614
-0.0100213
0.000110208
0.00722564
0.0114856
0.0134038
0.0126764
0.00805981
-0.00128687
-0.0145416
-0.0290044
-0.0410837
-0.0476631
-0.0472089
-0.0400539
-0.0283439
-0.015181
-0.00351906
0.00454492
0.00776418
0.00533092
-0.00291484
-0.0161671
-0.0326076
-0.0496983
-0.0645267
-0.0742276
-0.0767219
-0.0714032
-0.0595894
-0.0441049
-0.0282404
-0.0146511
-0.00478053
0.00100062
0.00289158
0.00128202
-0.00341303
-0.0107192
-0.0200672
-0.0306682
-0.0413563
-0.050557
-0.0565372
-0.0579125
-0.0542163
-0.0461877
-0.0354933
-0.0243257
-0.014218
-0.00653469
-0.000759181
0.00206945
0.0048593
0.00356602
0.00660837
-0.000697961
0.00881031
0.106931
0.106867
0.106677
0.105735
0.103042
0.0966793
0.0834755
0.0578569
0.0159338
-0.0509128
-0.1098
-0.124734
-0.122504
-0.102303
-0.0851648
-0.0881214
-0.0957232
-0.0866724
-0.0630509
-0.036459
-0.0139421
0.00339404
0.0166652
0.0266392
0.0334492
0.0370386
0.0332512
0.0176032
-0.00857879
-0.0306154
-0.0324729
-0.0176626
-0.00171866
0.0084063
0.0132638
0.0143826
0.0129575
0.0114003
0.0119996
0.0126135
0.00792719
-0.00465612
-0.0210395
-0.0321114
-0.0310402
-0.0191894
-0.00451048
0.00630236
0.0113096
0.0119651
0.0110843
0.0109762
0.0112299
0.0088315
0.000937632
-0.0117849
-0.024612
-0.0312582
-0.0284114
-0.0179029
-0.00531014
0.00450686
0.00976707
0.0114784
0.0117914
0.0120292
0.0110862
0.00661582
-0.00256551
-0.0146316
-0.0252001
-0.029675
-0.0262169
-0.0166624
-0.00536498
0.00384462
0.00942844
0.0120111
0.0130163
0.0130499
0.0109143
0.00492493
-0.00521934
-0.0173432
-0.0274905
-0.031846
-0.0288727
-0.0199592
-0.00871809
0.00129929
0.00825045
0.0122025
0.014104
0.0145129
0.0126563
0.00725524
-0.00214991
-0.0141402
-0.0256332
-0.0330848
-0.0340998
-0.0284625
-0.0182778
-0.00685587
0.00295534
0.00983961
0.0139008
0.0156472
0.0148867
0.0104589
0.00148498
-0.0114016
-0.0257133
-0.0379681
-0.0450139
-0.0451727
-0.0386453
-0.0274563
-0.0146707
-0.00328208
0.00459113
0.00779928
0.00571145
-0.00187851
-0.0143795
-0.030213
-0.0469293
-0.0615867
-0.0712773
-0.0738961
-0.0688129
-0.0572793
-0.0420461
-0.0263535
-0.0128525
-0.00301702
0.00275394
0.00464134
0.00300319
-0.00179524
-0.00931975
-0.0190037
-0.0300125
-0.0410993
-0.0506083
-0.0567542
-0.0581454
-0.0543367
-0.046116
-0.035202
-0.0238472
-0.0136024
-0.00585938
-3.90405e-05
0.00273609
0.00556182
0.00404992
0.00726888
-0.000690131
0.00969416
0.103091
0.10278
0.101763
0.0996434
0.0954378
0.0874363
0.0732578
0.048781
0.0124966
-0.0396649
-0.0864136
-0.102228
-0.103668
-0.0917404
-0.0800738
-0.079928
-0.0815142
-0.0718685
-0.0523179
-0.0302392
-0.0105745
0.00546912
0.0184084
0.0290497
0.0374176
0.0420095
0.038592
0.0236628
0.00158536
-0.0143068
-0.0145179
-0.00404865
0.00699584
0.0144545
0.0186077
0.0203207
0.0201274
0.0194407
0.020107
0.0205693
0.0165191
0.00551295
-0.00901814
-0.0189978
-0.0184978
-0.00881267
0.00326504
0.0122186
0.0165029
0.0172274
0.0165761
0.0164682
0.0166672
0.014587
0.00757563
-0.00392534
-0.0156425
-0.0218147
-0.0194897
-0.0103592
0.000645411
0.00929003
0.0139814
0.0155158
0.0157449
0.0158964
0.0150538
0.0110781
0.00277056
-0.00830303
-0.0181186
-0.0223901
-0.0194063
-0.0108524
-0.000677299
0.00766466
0.0127475
0.0150681
0.015904
0.0158873
0.013989
0.00861943
-0.000635313
-0.0118682
-0.0214097
-0.0256334
-0.0230389
-0.0148901
-0.00453652
0.00473083
0.0111814
0.0148242
0.0165173
0.0168387
0.0151498
0.010247
0.00159043
-0.00960849
-0.0204967
-0.0276941
-0.0288566
-0.0237232
-0.0142571
-0.00358893
0.00557882
0.0119729
0.0156619
0.0171552
0.0163907
0.0123317
0.00406622
-0.00801472
-0.0217316
-0.0338098
-0.0411389
-0.0419344
-0.0362672
-0.0259907
-0.0140445
-0.0033501
0.00402736
0.00704668
0.00526711
-0.00150475
-0.0128667
-0.0275472
-0.0433214
-0.0573448
-0.0667485
-0.0694408
-0.0647808
-0.0539276
-0.0394812
-0.0245245
-0.011599
-0.00214364
0.00342982
0.00527271
0.00369395
-0.00101169
-0.00847206
-0.0181442
-0.0291721
-0.0402646
-0.0497369
-0.0558048
-0.0571083
-0.053234
-0.0450019
-0.0341404
-0.0228998
-0.0127926
-0.00519952
0.000524618
0.00317653
0.00601037
0.00430669
0.00772718
-0.000785229
0.0104784
0.0993721
0.0988555
0.0971525
0.0940944
0.0887621
0.0796908
0.0651552
0.0422183
0.0106167
-0.0310267
-0.0687572
-0.0848736
-0.0892926
-0.0829594
-0.0746901
-0.072427
-0.0705294
-0.0609224
-0.0443353
-0.0255888
-0.00825967
0.00648841
0.0187902
0.0290813
0.0374547
0.0422285
0.0397807
0.0281676
0.0116951
0.000330947
-0.000347964
0.0061336
0.0135902
0.0191605
0.0227278
0.0247806
0.0255806
0.0257927
0.026659
0.0270024
0.0235328
0.0141794
0.00165116
-0.00717118
-0.00723508
0.000361543
0.00994468
0.0171066
0.0206809
0.0214753
0.0210745
0.0209964
0.0211772
0.0194992
0.0135548
0.00352991
-0.00686772
-0.0125125
-0.0108048
-0.00320656
0.00607989
0.0134533
0.0175042
0.018823
0.0189551
0.0190249
0.0183338
0.0149877
0.00777607
-0.00205458
-0.0109261
-0.0149321
-0.0125
-0.00511496
0.00375311
0.0110719
0.0155407
0.0175273
0.0181574
0.0180915
0.0165011
0.0119151
0.00379289
-0.00628846
-0.0150232
-0.0190344
-0.0168769
-0.00966527
-0.000422037
0.0078841
0.0136684
0.0168886
0.0183076
0.0185252
0.0170644
0.0128185
0.00515685
-0.00497064
-0.0150101
-0.0218044
-0.0230933
-0.0185727
-0.0100314
-0.000361612
0.00793647
0.0136676
0.0168732
0.0180573
0.0172904
0.0137016
0.00637101
-0.00457281
-0.0173293
-0.0289191
-0.0363476
-0.0377664
-0.0331128
-0.0240343
-0.0132745
-0.00359588
0.0030496
0.00573009
0.00416684
-0.00175424
-0.0117608
-0.0248904
-0.0392474
-0.0522193
-0.0610742
-0.0637768
-0.0596823
-0.0498277
-0.0365934
-0.0228176
-0.010851
-0.00204679
0.00318121
0.00494543
0.00349939
-0.000941441
-0.0080825
-0.0174289
-0.0281325
-0.0388937
-0.0480401
-0.0538288
-0.054963
-0.0510734
-0.0429998
-0.0324405
-0.0215839
-0.0118533
-0.00458638
0.000925077
0.00339834
0.00621417
0.00434823
0.00798153
-0.000965298
0.0111144
0.0958564
0.0951741
0.092915
0.089133
0.0829875
0.0732762
0.0587795
0.0374931
0.00977573
-0.0242847
-0.0553729
-0.0709943
-0.0769254
-0.0741813
-0.0686314
-0.0656998
-0.0620282
-0.0526893
-0.0382787
-0.0220672
-0.00668245
0.00681199
0.0183283
0.0279951
0.0358124
0.040456
0.0393664
0.0313454
0.0195446
0.0109627
0.00949637
0.0133631
0.0185071
0.0227701
0.0258207
0.027957
0.0293934
0.0304034
0.0315684
0.0318461
0.0287583
0.0207897
0.0101584
0.00259301
0.00220492
0.00802697
0.0154021
0.0209666
0.0238934
0.0247489
0.0246118
0.0246049
0.0247823
0.0234853
0.0186178
0.010143
0.00113963
-0.00397052
-0.00290035
0.00318183
0.0107967
0.0169233
0.0203318
0.0214379
0.0214884
0.0214855
0.0209487
0.0182615
0.0122298
0.00376273
-0.00406308
-0.00777123
-0.00592458
0.000231677
0.00774155
0.0139965
0.0178186
0.0194528
0.0198711
0.0197515
0.0184804
0.0147347
0.00786104
-0.000921666
-0.00872425
-0.0124673
-0.0107756
-0.00459249
0.00342949
0.0106763
0.0157208
0.0184702
0.019587
0.0196861
0.0184668
0.014945
0.00841106
-0.000471521
-0.00949766
-0.015781
-0.0171744
-0.0133319
-0.0058415
0.0026871
0.00999274
0.0149757
0.0176488
0.0184974
0.0177125
0.0146211
0.00833475
-0.00126684
-0.0127999
-0.0236501
-0.0310062
-0.0330032
-0.0294356
-0.0217292
-0.0123787
-0.00392308
0.00183952
0.00407993
0.00263175
-0.00250781
-0.0111273
-0.0225161
-0.0351452
-0.0467436
-0.0548206
-0.0574469
-0.0540015
-0.0453519
-0.0336088
-0.0213047
-0.0105463
-0.00256905
0.00221835
0.00388158
0.00261811
-0.00142923
-0.00804634
-0.0168066
-0.0269027
-0.0370632
-0.0456614
-0.0510248
-0.0519388
-0.0480909
-0.0403293
-0.0302845
-0.0200301
-0.0108604
-0.0040486
0.00116682
0.00342444
0.00619947
0.00419926
0.00804315
-0.00122008
0.0115886
0.0926094
0.0917964
0.0890974
0.0847692
0.0780561
0.0680007
0.053771
0.0340655
0.00953066
-0.0189929
-0.0451315
-0.0600624
-0.0670421
-0.0668334
-0.0632506
-0.0600651
-0.0554441
-0.046479
-0.0337041
-0.0194273
-0.00563603
0.00672011
0.0174291
0.0264538
0.0336749
0.038108
0.0379749
0.032529
0.0241413
0.0177102
0.0160966
0.0184717
0.0221446
0.025487
0.0280899
0.0301282
0.0318289
0.0333543
0.0348024
0.0351078
0.0322688
0.0253297
0.0164027
0.0102031
0.00978623
0.0141465
0.0196647
0.0238994
0.0262647
0.0271432
0.0272478
0.0273534
0.0275425
0.0265427
0.0226124
0.0155795
0.00790832
0.00331766
0.00382926
0.00857693
0.0147057
0.0196963
0.0225038
0.0234198
0.0234206
0.0233629
0.0229551
0.0208687
0.0159701
0.00885478
0.00208232
-0.00132263
-4.25867e-05
0.00493917
0.0111649
0.016411
0.0196137
0.0209155
0.0211419
0.0209666
0.0199828
0.0170391
0.011405
0.00394961
-0.00287731
-0.00632463
-0.00509441
5.49157e-05
0.00685769
0.0130531
0.017364
0.0196481
0.020468
0.0204422
0.0194428
0.0166297
0.0112428
0.00366438
-0.00427202
-0.00998361
-0.0114597
-0.00831344
-0.00191452
0.00543422
0.0117241
0.0159526
0.0180986
0.0186144
0.0177905
0.0151651
0.00992216
0.00173422
-0.00843232
-0.0183709
-0.025508
-0.0280055
-0.0255237
-0.0192558
-0.0114117
-0.00427026
0.000547091
0.00230202
0.000891461
-0.00359101
-0.0109414
-0.0206175
-0.0314244
-0.041481
-0.0486211
-0.051094
-0.0482874
-0.0409062
-0.0307615
-0.0200464
-0.0106
-0.00352368
0.000784423
0.00233947
0.00128433
-0.00229688
-0.0082591
-0.0162507
-0.0255325
-0.0348972
-0.0427943
-0.0476406
-0.0483202
-0.0445807
-0.0372607
-0.0278882
-0.0183834
-0.00988958
-0.00360704
0.00126602
0.00329137
0.0060085
0.00389817
0.00793854
-0.0015424
0.0119236
0.0896832
0.0887699
0.0857308
0.081002
0.0739083
0.06371
0.0498653
0.0315872
0.00963626
-0.0148072
-0.0372569
-0.0513887
-0.0588793
-0.0602731
-0.0581117
-0.0550334
-0.0500857
-0.0416138
-0.0301495
-0.0174062
-0.0049377
0.00640922
0.0163553
0.0247761
0.0314974
0.035744
0.0362716
0.0326534
0.0266974
0.0219272
0.0205137
0.0220739
0.0248132
0.0275003
0.0297256
0.0315774
0.0332705
0.0349565
0.0365145
0.0368757
0.0343567
0.0284028
0.0210689
0.0161289
0.0157003
0.0188175
0.0228599
0.0260623
0.0279575
0.0287968
0.0290744
0.0293112
0.0295379
0.0287488
0.025535
0.0196906
0.0131796
0.00910146
0.00922735
0.0129213
0.0178151
0.0218244
0.0240955
0.0248458
0.0248279
0.0247426
0.0244325
0.0228357
0.0189189
0.0130242
0.00722522
0.00410971
0.00489805
0.00886135
0.0139725
0.018329
0.0209751
0.0219852
0.0220562
0.0218316
0.0210797
0.0188302
0.0143208
0.00811141
0.00222388
-0.000927226
-0.000121898
0.00407062
0.00975659
0.0149947
0.0186365
0.0204974
0.0210509
0.0209062
0.0200865
0.0179037
0.0135831
0.00725842
0.000398394
-0.00473027
-0.00626834
-0.00378944
0.00156072
0.00778701
0.0131232
0.0166538
0.0183192
0.0185302
0.0176511
0.015423
0.0111337
0.00430553
-0.00447701
-0.0134245
-0.0202361
-0.0231376
-0.0216755
-0.0168092
-0.0104516
-0.00460744
-0.000716693
0.000559271
-0.000857171
-0.00481688
-0.0110996
-0.019258
-0.0283579
-0.0368871
-0.0430371
-0.0452912
-0.0430425
-0.0368557
-0.0282498
-0.0190765
-0.0109102
-0.00471663
-0.000876882
0.000577743
-0.000265221
-0.00336353
-0.0086242
-0.0157625
-0.0241199
-0.0325796
-0.0396942
-0.0439887
-0.0444511
-0.0408827
-0.0340907
-0.0254747
-0.0167831
-0.00900536
-0.00327105
0.00124883
0.00304471
0.00569457
0.00349525
0.00770869
-0.00191402
0.0121527
0.0871178
0.0861292
0.0828333
0.0778179
0.0704804
0.0602641
0.046842
0.0297943
0.00990941
-0.0115191
-0.0312231
-0.0446007
-0.0523871
-0.0549104
-0.053827
-0.0509888
-0.0459796
-0.0379546
-0.0274793
-0.0159061
-0.00449465
0.00600284
0.0152809
0.0231736
0.0294875
0.033598
0.0346153
0.032312
0.0281032
0.0246034
0.0234864
0.0246078
0.0267503
0.0289692
0.0308837
0.0325292
0.0340862
0.0356983
0.0371906
0.0375848
0.0355039
0.0306152
0.0246888
0.0206593
0.0200715
0.0222063
0.0251749
0.0276258
0.0291372
0.0298767
0.03023
0.0305725
0.0308585
0.0302324
0.0275291
0.0225767
0.0170136
0.0134493
0.0133857
0.0162946
0.0201993
0.0233964
0.0252073
0.0258082
0.0257871
0.0257026
0.0254698
0.0242391
0.0210949
0.0162032
0.0112303
0.00838356
0.00880312
0.0119689
0.0161834
0.0197975
0.0219643
0.0227295
0.0226866
0.0224279
0.0218492
0.0201491
0.0165759
0.0114435
0.00639014
0.00351237
0.00395911
0.00733965
0.0120856
0.0165168
0.0195879
0.0210867
0.0214183
0.0211727
0.0204885
0.0188203
0.0154111
0.0101973
0.00431881
-0.000262594
-0.00184281
3.96796e-05
0.00445652
0.0096955
0.014203
0.017133
0.0183891
0.0183405
0.017401
0.0154864
0.012002
0.00637877
-0.0011185
-0.00909119
-0.0155212
-0.0187271
-0.0181627
-0.0145708
-0.00957721
-0.00492258
-0.00187525
-0.00103332
-0.0024726
-0.00602835
-0.0114649
-0.0183845
-0.0260364
-0.0332118
-0.0384317
-0.040418
-0.038614
-0.0334567
-0.0261984
-0.0183897
-0.0113656
-0.00596517
-0.00254681
-0.00117779
-0.00182092
-0.00446528
-0.0090549
-0.0153566
-0.0227885
-0.0303344
-0.0366645
-0.0404252
-0.0407052
-0.0373449
-0.0311027
-0.0232419
-0.0153419
-0.00825137
-0.00303685
0.0011482
0.00273295
0.00531397
0.00304606
0.00740213
-0.0022961
0.0122873
0.0849433
0.0838997
0.0804149
0.0752008
0.0677162
0.0575523
0.0445385
0.0285107
0.0102464
-0.00896063
-0.0266322
-0.0393349
-0.0472259
-0.0504578
-0.0501203
-0.0475453
-0.0426409
-0.0350631
-0.0253947
-0.0147534
-0.00419828
0.00559277
0.014306
0.0217594
0.0277523
0.0317718
0.0331603
0.0318076
0.0288503
0.0262934
0.0254722
0.0263733
0.0281392
0.0300256
0.03169
0.0331427
0.0345373
0.0359998
0.0373549
0.0377626
0.0360985
0.0321163
0.027257
0.0238385
0.0231011
0.0245723
0.0268176
0.028739
0.0299437
0.0305504
0.0308924
0.0312778
0.0316137
0.0311303
0.0288169
0.0245438
0.0197472
0.0166551
0.0165108
0.0188246
0.0219571
0.0245142
0.025948
0.0264099
0.0263814
0.0263152
0.0261533
0.0251888
0.022608
0.018471
0.0141466
0.0115481
0.0117387
0.0143321
0.0178627
0.0208808
0.0226485
0.0232122
0.0230909
0.0228172
0.0223642
0.0210681
0.0182125
0.013936
0.00956465
0.00692186
0.00709697
0.00984979
0.0138675
0.0176638
0.0202729
0.0214751
0.0216329
0.0213123
0.0207263
0.0194471
0.0167554
0.0124479
0.00739399
0.00328512
0.00167792
0.00306966
0.00672024
0.0111567
0.0149953
0.0174419
0.0183699
0.0181154
0.0171223
0.0154407
0.012587
0.00794899
0.00154743
-0.00555338
-0.0116008
-0.0150186
-0.0151943
-0.0126827
-0.00885345
-0.00521349
-0.00288153
-0.00240471
-0.00386754
-0.00711574
-0.0119075
-0.0178759
-0.0243932
-0.0304766
-0.0349139
-0.036634
-0.035157
-0.0308145
-0.0246431
-0.0179474
-0.0118644
-0.00712399
-0.00405879
-0.00275905
-0.00322696
-0.0054769
-0.0094802
-0.0150416
-0.0216426
-0.0283609
-0.0339812
-0.0372689
-0.0374035
-0.0342503
-0.0285135
-0.0213303
-0.0141317
-0.00764712
-0.00288961
0.000999718
0.00240214
0.00491924
0.00260347
0.00706766
-0.00263747
0.0123149
0.0831817
0.0820994
0.0784801
0.0731328
0.0655655
0.0554836
0.0428274
0.0276061
0.0105725
-0.00702766
-0.023228
-0.0353803
-0.0433069
-0.0470247
-0.0472471
-0.0449392
-0.0401909
-0.0329714
-0.0238917
-0.0139333
-0.00402364
0.00521917
0.0134865
0.0205949
0.0263463
0.0303075
0.0319698
0.0312911
0.0292174
0.0273479
0.0267846
0.0275837
0.0291141
0.0307682
0.0322397
0.0335292
0.0347773
0.0360984
0.037322
0.0377187
0.0363421
0.0329973
0.0288881
0.0259143
0.0251238
0.0261881
0.0279618
0.0295155
0.0304836
0.0309584
0.0312426
0.0316143
0.0319691
0.0316035
0.0296149
0.0258926
0.0217056
0.0189795
0.0187693
0.0206335
0.0231956
0.0252797
0.0264215
0.0267565
0.0267059
0.0266577
0.026561
0.0257941
0.0236114
0.0200124
0.0161713
0.0137936
0.0138664
0.0160671
0.0190918
0.0216487
0.0230967
0.0234975
0.0233218
0.0230484
0.0226883
0.0216738
0.0193287
0.0156779
0.0118189
0.00936656
0.00936275
0.0116754
0.0151708
0.0184957
0.0207466
0.0217144
0.0217419
0.0213729
0.0208579
0.0198529
0.017681
0.0140513
0.00963153
0.00589655
0.00427775
0.00530154
0.00837643
0.0122118
0.0155481
0.0176278
0.0183065
0.0178996
0.0168673
0.015351
0.0129566
0.00905943
0.00351132
-0.0028826
-0.00859319
-0.0121463
-0.0128871
-0.0112212
-0.00830983
-0.00547176
-0.00370498
-0.00351582
-0.00499873
-0.00801742
-0.0123348
-0.0176079
-0.0232921
-0.0285632
-0.0324045
-0.0339074
-0.032652
-0.028905
-0.0235436
-0.0176873
-0.0123221
-0.00809132
-0.00530249
-0.00405697
-0.00438342
-0.0063161
-0.0098475
-0.0148105
-0.0207358
-0.0267775
-0.031817
-0.0347208
-0.0347422
-0.0317633
-0.0264411
-0.0198095
-0.0131809
-0.00719068
-0.0028075
0.000837506
0.00209202
0.00455412
0.00221046
0.00674741
-0.0028978
0.0122299
0.0818486
0.0807403
0.0770299
0.0715976
0.0639882
0.0539896
0.041618
0.0269947
0.0108471
-0.00563639
-0.0208132
-0.0325436
-0.0404535
-0.0444629
-0.0450439
-0.0429388
-0.0383449
-0.0314192
-0.0227856
-0.0133351
-0.0039068
0.00492432
0.0128567
0.0197098
0.0252892
0.0292148
0.0310711
0.0308531
0.0293784
0.0279858
0.0276239
0.0283837
0.0297712
0.0312687
0.0325993
0.0337626
0.0348947
0.0361053
0.0372276
0.0376065
0.0364139
0.033489
0.0298801
0.0272183
0.0264299
0.027254
0.0287285
0.0300343
0.0308304
0.0311963
0.0314173
0.0317553
0.0321097
0.0318307
0.0300915
0.0267816
0.0230326
0.0205542
0.0202858
0.0218417
0.0240185
0.0257787
0.0267095
0.026939
0.0268564
0.0268158
0.026771
0.0261505
0.02425
0.0210297
0.0175367
0.0153329
0.0153439
0.0172768
0.0199414
0.0221617
0.0233701
0.0236448
0.0234284
0.0231621
0.0228717
0.0220492
0.0200474
0.016822
0.013319
0.0110113
0.0109049
0.0129336
0.0160773
0.01907
0.0210569
0.0218476
0.0217812
0.0213848
0.0209216
0.0200995
0.0182753
0.0151085
0.0111313
0.0076643
0.00604608
0.00682181
0.009503
0.0129252
0.0159118
0.0177313
0.0182321
0.0177206
0.0166661
0.0152631
0.0131787
0.00978937
0.00484067
-0.00104191
-0.0064952
-0.010128
-0.0112631
-0.0101996
-0.00794709
-0.00568815
-0.00433144
-0.00435115
-0.00584822
-0.008702
-0.0126852
-0.0174756
-0.0225861
-0.0272983
-0.0307273
-0.0320759
-0.0309668
-0.0276261
-0.022823
-0.0175503
-0.012689
-0.00882083
-0.0062317
-0.00502607
-0.00524807
-0.00694612
-0.0101285
-0.014649
-0.0200742
-0.0256147
-0.0302238
-0.0328433
-0.0327805
-0.0299309
-0.0249155
-0.0186926
-0.0124882
-0.00686863
-0.00276825
0.000690489
0.00183361
0.00425287
0.0018964
0.00647706
-0.0030672
0.012068
0.0809547
0.0798304
0.076064
0.070582
0.0629536
0.0530203
0.040845
0.026616
0.0110413
-0.00473793
-0.0192698
-0.0307197
-0.0386095
-0.0427982
-0.0436168
-0.0416633
-0.0371887
-0.0304561
-0.0221017
-0.0129697
-0.00384843
0.00471564
0.0124286
0.0191151
0.0245848
0.0284908
0.0304711
0.0305404
0.0294382
0.0283473
0.0281226
0.0288713
0.0301774
0.0315778
0.0328161
0.0338936
0.034946
0.0360812
0.0371352
0.0374987
0.0364163
0.0337473
0.0304464
0.0279859
0.0272133
0.0279045
0.0292016
0.030353
0.0310361
0.031326
0.0314997
0.0318094
0.0321582
0.0319306
0.0303462
0.0272933
0.0238179
0.0214969
0.0212006
0.0225755
0.0245198
0.026079
0.0268725
0.0270267
0.0269153
0.0268747
0.0268631
0.0263394
0.0246238
0.0216506
0.0183852
0.0162972
0.0162727
0.0180377
0.0204722
0.0224735
0.0235221
0.0237094
0.0234637
0.023203
0.0229595
0.0222586
0.0204709
0.0175111
0.0142338
0.0120247
0.0118665
0.0137281
0.0166541
0.0194325
0.0212424
0.021912
0.0217828
0.0213719
0.0209432
0.0202326
0.0186185
0.0157335
0.0120305
0.00873419
0.00712499
0.007756
0.0101988
0.0133664
0.0161326
0.0177837
0.0181683
0.0175913
0.0165269
0.0151954
0.0132987
0.0102169
0.00563607
7.37982e-05
-0.00521148
-0.00888443
-0.0102586
-0.00956877
-0.00773117
-0.00584158
-0.00474959
-0.00490564
-0.00641278
-0.00916079
-0.0129316
-0.0174189
-0.0221727
-0.0265398
-0.0297152
-0.0309683
-0.0299474
-0.0268545
-0.0223941
-0.0174821
-0.0129356
-0.00929655
-0.00683559
-0.00565645
-0.00581122
-0.00735693
-0.0103122
-0.0145448
-0.0196445
-0.0248588
-0.0291877
-0.0316213
-0.0315022
-0.0287352
-0.0239188
-0.0179628
-0.0120375
-0.006664
-0.00275271
0.000580305
0.00164933
0.00403872
0.00167958
0.00628106
-0.00315913
0.011897
0.080506
0.0793745
0.0755811
0.0700766
0.0624414
0.0525436
0.0404685
0.0264355
0.0111423
-0.00429578
-0.0185152
-0.0298234
-0.0376964
-0.0419631
-0.0428884
-0.0410069
-0.0365949
-0.0299636
-0.0217533
-0.0127842
-0.00381925
0.00460923
0.0122116
0.0188156
0.0242326
0.0281309
0.030173
0.0303815
0.0294579
0.0285125
0.0283561
0.0291022
0.0303706
0.0317236
0.0329153
0.0339488
0.0349606
0.0360583
0.0370799
0.0374373
0.0364088
0.0338626
0.0307089
0.0283449
0.0275825
0.0282129
0.0294263
0.0305025
0.0311288
0.0313792
0.0315281
0.0318236
0.0321702
0.0319677
0.030457
0.0275264
0.0241819
0.0219371
0.0216305
0.0229212
0.0247555
0.0262178
0.026943
0.0270577
0.0269299
0.0268889
0.0268956
0.0264215
0.0247979
0.0219462
0.0187926
0.0167617
0.0167204
0.0184036
0.0207253
0.0226182
0.0235863
0.0237278
0.0234653
0.0232072
0.0229882
0.0223489
0.0206684
0.0178415
0.0146774
0.0125187
0.0123369
0.0141181
0.0169369
0.019608
0.0213274
0.021934
0.0217718
0.021354
0.020943
0.0202871
0.0187742
0.0160251
0.0124547
0.00924197
0.00763865
0.00820266
0.0105323
0.0135777
0.0162367
0.0178045
0.0181311
0.0175221
0.0164548
0.015159
0.0133515
0.010414
0.00600541
0.000593673
-0.00461182
-0.00830256
-0.00978826
-0.00927423
-0.00763527
-0.0059242
-0.00496097
-0.00518338
-0.00669465
-0.00938963
-0.0130555
-0.0173951
-0.0219772
-0.02618
-0.0292362
-0.0304458
-0.0294682
-0.0264939
-0.022197
-0.0174573
-0.0130617
-0.00953338
-0.00713479
-0.00596833
-0.00608959
-0.00755976
-0.0104025
-0.0144927
-0.0194316
-0.0244846
-0.0286749
-0.0310165
-0.0308692
-0.0281433
-0.0234256
-0.0176021
-0.0118158
-0.00656514
-0.00274901
0.000521036
0.00155208
0.00392787
0.00156622
0.00618121
-0.00320623
0.0117987
-0.618817
-0.352305
-0.215749
-0.618817
-0.352302
-0.456938
-0.466177
-0.592593
-0.456937
-0.466176
0.0734811
0.407373
0.270577
0.318976
0.073483
0.407373
0.270579
-0.200646
-0.450945
-0.450944
-0.439324
-0.444843
-0.449084
-0.441908
-0.439324
-0.444842
-0.449084
0.495425
0.427337
0.495425
-0.454104
-0.450187
-0.454104
-0.450187
0.444278
0.497986
0.444278
-0.438355
-0.426773
-0.438354
-0.426773
0.336572
0.347567
0.142541
0.429777
0.336573
0.347568
0.142543
-0.109144
-0.109142
-0.438137
-0.438136
-0.410339
-0.419547
-0.414146
-0.40489
-0.410338
-0.419546
-0.414145
-0.148204
-0.543253
-0.253239
-0.148204
-0.543253
-0.449793
-0.533421
-0.444525
-0.449792
-0.533419
-0.444525
-0.387909
-0.240508
-0.476496
-0.17718
-0.387909
-0.240507
-0.476497
-0.42916
-0.558407
-0.460304
-0.446141
-0.429162
-0.558405
-0.460305
0.064162
0.247609
0.0591618
0.173665
0.0641624
0.247609
0.0591634
-0.567344
-0.593872
-0.550214
-0.621936
-0.551536
-0.622464
-0.566878
-0.416122
-0.440545
-0.425915
-0.427512
-0.416122
-0.440545
-0.425915
-0.192329
-0.439196
-0.442846
-0.427849
-0.450203
-0.428164
-0.449911
-0.439041
-0.447408
-0.451397
-0.451012
-0.447833
-0.414132
-0.425259
-0.424923
-0.41446
-0.404235
-0.405114
-0.407094
-0.408157
-0.40676
-0.407739
-0.404654
0.125187
0.204654
0.112004
0.277848
0.125189
0.204655
0.112004
-0.404486
-0.250733
-0.169023
-0.171113
-0.408022
-0.420219
-0.433234
-0.415165
-0.423726
-0.420218
-0.433234
-0.415164
-0.408399
-0.129914
-0.328391
-0.18008
-0.408399
-0.129914
-0.328391
-0.432837
-0.398793
-0.392736
-0.505086
-0.432837
-0.398793
-0.392737
-0.498931
-0.621019
-0.481994
-0.648063
-0.483288
-0.64963
-0.498027
-0.502139
-0.349782
-0.251619
-0.254332
-0.505879
-0.498934
-0.62102
-0.481997
-0.648063
-0.483292
-0.649631
-0.498029
-0.502137
-0.34978
-0.251617
-0.254331
-0.505876
-0.48717
-0.46625
-0.462248
-0.462656
-0.487165
-0.567345
-0.593872
-0.550214
-0.621936
-0.551537
-0.622465
-0.566878
-0.48717
-0.46625
-0.462247
-0.462656
-0.487165
0.30424
0.0722394
0.232439
0.053204
0.231543
0.0513513
0.306227
0.354379
0.29201
0.154924
0.41836
0.121574
0.422956
0.357406
0.304241
0.0722407
0.23244
0.0532059
0.231544
0.0513527
0.306228
0.35438
0.292011
0.154925
0.41836
0.121576
0.422957
0.357407
-0.192326
-0.45116
-0.45116
-0.445671
-0.441307
-0.448303
-0.436285
-0.451049
-0.435955
-0.444972
-0.439196
-0.442846
-0.427848
-0.450202
-0.428164
-0.449911
-0.43904
-0.445671
-0.441307
-0.448302
-0.436284
-0.451049
-0.435954
-0.444971
0.525197
0.448871
0.452439
0.522865
0.570123
0.597583
0.59876
0.56855
0.525197
0.448872
0.452439
0.522865
0.570123
0.597583
0.598761
0.56855
-0.444062
-0.436139
-0.435806
-0.444422
-0.447407
-0.451396
-0.451011
-0.447832
-0.444061
-0.436137
-0.435806
-0.44442
0.58801
0.603689
0.604812
0.586624
0.553238
0.48835
0.491398
0.551267
0.58801
0.60369
0.604813
0.586624
0.553238
0.48835
0.491399
0.551268
-0.404729
-0.396726
-0.396367
-0.404997
-0.414131
-0.425257
-0.424922
-0.414458
-0.404728
-0.396725
-0.396366
-0.404995
0.398191
0.355152
0.45801
0.22743
0.461971
0.19924
0.400599
0.348815
0.141093
0.131422
0.278771
0.129814
0.278157
0.350277
0.398192
0.355153
0.45801
0.227431
0.461971
0.199241
0.400599
0.348816
0.141094
0.131423
0.278772
0.129816
0.278158
0.350278
-0.101629
-0.101627
-0.437968
-0.437967
-0.411884
-0.419401
-0.414784
-0.415945
-0.414986
-0.415776
-0.412152
-0.404234
-0.405113
-0.407093
-0.408157
-0.406759
-0.407738
-0.404653
-0.411883
-0.419401
-0.414784
-0.415945
-0.414985
-0.415776
-0.412152
-0.420354
-0.544986
-0.569387
-0.405552
-0.570542
-0.406583
-0.419776
-0.404485
-0.250731
-0.169021
-0.171111
-0.40802
-0.420355
-0.544985
-0.569387
-0.405554
-0.570542
-0.406585
-0.419778
-0.46269
-0.449769
-0.448518
-0.448528
-0.463038
-0.526649
-0.534258
-0.562665
-0.510224
-0.562831
-0.511075
-0.526484
-0.462689
-0.449769
-0.448518
-0.448527
-0.463037
-0.526649
-0.534256
-0.562664
-0.510225
-0.562829
-0.511074
-0.526485
-0.498677
-0.216908
-0.436821
-0.242548
-0.436791
-0.245146
-0.499757
0.322884
0.302965
0.368858
0.273509
0.322884
0.302965
0.368859
-0.61205
-0.517347
-0.637304
-0.511211
-0.612051
-0.517348
-0.637304
0.404868
0.334974
0.425243
0.322529
0.404868
0.334974
0.425243
0.533707
0.428688
0.504862
0.466753
0.506427
0.467922
0.532405
-0.59602
-0.491625
-0.588281
-0.507098
-0.59602
-0.491625
-0.588282
0.428132
0.32826
0.412798
0.336968
0.428132
0.32826
0.412798
0.568499
0.499128
0.575225
0.491636
0.576445
0.492801
0.567253
-0.520214
-0.435219
-0.483724
-0.460294
-0.520214
-0.435218
-0.483724
0.38169
0.285451
0.339418
0.311589
0.38169
0.285451
0.339418
-0.426266
-0.39675
-0.374955
-0.411487
-0.426265
-0.39675
-0.374955
-0.423715
-0.424329
-0.427748
-0.42421
-0.427564
-0.422511
-0.42259
-0.498677
-0.216908
-0.43682
-0.242547
-0.436791
-0.245146
-0.499756
-0.491484
-0.45737
-0.479171
-0.476018
-0.479964
-0.476176
-0.491256
-0.491484
-0.457371
-0.479171
-0.476018
-0.479965
-0.476176
-0.491256
0.559744
0.496579
0.483816
0.572219
0.485019
0.573438
0.558496
0.533707
0.428688
0.504862
0.466753
0.506427
0.467922
0.532405
0.559744
0.496579
0.483815
0.572219
0.485019
0.573438
0.558496
-0.443846
-0.453907
-0.445021
-0.458118
-0.444758
-0.457903
-0.444108
-0.440485
-0.449964
-0.450718
-0.434236
-0.450517
-0.434064
-0.440687
-0.443845
-0.453907
-0.445021
-0.458118
-0.444757
-0.457903
-0.444107
-0.440485
-0.449964
-0.450718
-0.434234
-0.450517
-0.434064
-0.440686
0.547802
0.445553
0.478856
0.523324
0.47997
0.524874
0.546512
0.5685
0.499128
0.575225
0.491636
0.576445
0.492802
0.567254
0.547803
0.445554
0.478857
0.523324
0.47997
0.524875
0.546512
-0.416622
-0.438178
-0.425002
-0.432866
-0.42486
-0.4327
-0.416749
-0.409297
-0.426663
-0.425115
-0.400993
-0.425012
-0.401061
-0.409377
-0.416622
-0.438177
-0.425001
-0.432866
-0.42486
-0.4327
-0.416748
-0.409296
-0.426662
-0.425114
-0.400993
-0.425012
-0.401061
-0.409376
-0.406584
-0.149083
-0.165356
-0.353409
-0.167478
-0.353272
-0.407701
-0.406582
-0.149082
-0.165355
-0.353408
-0.167477
-0.353272
-0.4077
-0.46521
-0.444771
-0.461428
-0.453478
-0.461389
-0.45384
-0.465268
-0.46521
-0.44477
-0.461428
-0.453478
-0.461388
-0.453839
-0.465268
0.0530704
0.0434219
0.177982
0.038582
0.177063
0.119639
0.120351
0.0530716
0.0434227
0.177983
0.0385831
0.177064
0.11964
0.120352
-0.441053
-0.439148
-0.426671
-0.439885
-0.427024
-0.414237
-0.41359
-0.441053
-0.439147
-0.426671
-0.439884
-0.427024
-0.414237
-0.413589
0.119832
0.225319
0.104704
0.224658
0.100589
0.167072
0.167581
0.119833
0.22532
0.104705
0.224659
0.10059
0.167073
0.167582
-0.423715
-0.424329
-0.427748
-0.424209
-0.427564
-0.422511
-0.42259
0.0266881
0.12945
0.040797
0.0829215
0.0266883
0.12945
0.0407972
-0.405953
-0.413498
-0.446964
-0.396658
-0.405953
-0.413498
-0.446964
0.242013
0.24745
0.277046
0.209
0.242013
0.24745
0.277046
-0.588318
-0.502187
-0.615593
-0.488931
-0.588318
-0.502187
-0.615593
0.295535
0.224667
0.261806
0.261207
0.295536
0.224667
0.261806
-0.352106
-0.372795
-0.290803
-0.379469
-0.352106
-0.372796
-0.290803
0.0825197
0.112597
0.0648817
0.160081
0.0825201
0.112597
0.0648818
-0.417362
-0.366448
-0.341998
-0.406889
-0.417362
-0.366448
-0.341998
)
;

boundaryField
{
    inlet
    {
        type            zeroGradient;
    }
    outlet
    {
        type            fixedValue;
        value           uniform 0;
    }
    top
    {
        type            symmetryPlane;
    }
    bottom
    {
        type            symmetryPlane;
    }
    front
    {
        type            symmetryPlane;
    }
    back
    {
        type            symmetryPlane;
    }
    cylinder
    {
        type            zeroGradient;
    }
}


// ************************************************************************* //
