/*--------------------------------*- C++ -*----------------------------------*\
  =========                 |
  \\      /  F ield         | OpenFOAM: The Open Source CFD Toolbox
   \\    /   O peration     | Website:  https://openfoam.org
    \\  /    A nd           | Version:  11
     \\/     M anipulation  |
\*---------------------------------------------------------------------------*/
FoamFile
{
    format      ascii;
    class       volScalarField;
    location    "5.464258";
    object      p;
}
// * * * * * * * * * * * * * * * * * * * * * * * * * * * * * * * * * * * * * //

dimensions      [0 2 -2 0 0 0 0];

internalField   nonuniform List<scalar> 
7132
(
0.0508769
0.0494234
0.0445194
0.0373343
0.027257
0.0139483
-0.00273399
-0.0228779
-0.0460861
-0.0715602
-0.0980776
-0.123958
-0.148299
-0.170278
-0.189338
-0.205207
-0.217717
-0.226786
-0.232371
-0.23445
-0.233038
-0.228221
-0.220197
-0.209299
-0.196002
-0.180902
-0.16466
-0.147948
-0.131379
-0.115465
-0.100589
-0.0870013
-0.0748326
-0.0641136
-0.0548009
-0.0468015
-0.0399926
-0.0342386
-0.0294019
-0.0253512
-0.0219658
-0.0191379
-0.0167734
-0.0147915
-0.0131242
-0.0117144
-0.010515
-0.00948767
-0.00860119
-0.00783044
-0.00715529
-0.00655967
-0.00603072
-0.00555815
-0.00513367
-0.00475052
-0.00440316
-0.00408698
-0.00379809
-0.00353319
-0.00328945
-0.00306445
-0.00285608
-0.00266254
-0.00248227
-0.00231394
-0.0021564
-0.00200867
-0.00186991
-0.00173942
-0.00161659
-0.00150087
-0.00139181
-0.00128901
-0.00119211
-0.00110078
-0.00101474
-0.000933733
-0.000857508
-0.000785856
-0.000718583
-0.000655512
-0.000596485
-0.00054136
-0.000490006
-0.000442303
-0.000398133
-0.000357369
-0.000319857
-0.000285392
-0.000253695
-0.000224405
-0.000197103
-0.000171368
-0.000146889
-0.000123574
-0.000101629
-8.15166e-05
-6.38062e-05
-4.89397e-05
-3.70442e-05
-2.78851e-05
-2.09809e-05
-1.57986e-05
-1.19072e-05
-9.01774e-06
-6.93117e-06
-5.46663e-06
-4.43334e-06
-3.65249e-06
-2.99495e-06
-2.39863e-06
-1.85576e-06
-1.38344e-06
-9.98021e-07
-7.02782e-07
-4.88308e-07
-3.38393e-07
-2.36063e-07
-1.66785e-07
-1.19612e-07
-8.67978e-08
-6.32818e-08
-4.58445e-08
-3.26393e-08
-2.25359e-08
-1.49057e-08
-9.23467e-09
-5.16808e-09
-2.30965e-09
-3.86567e-10
9.06551e-10
1.73075e-09
2.27592e-09
2.59633e-09
2.79914e-09
2.87942e-09
2.90907e-09
2.86191e-09
2.79933e-09
2.68723e-09
2.58206e-09
2.44383e-09
2.3251e-09
2.18134e-09
2.06307e-09
1.92282e-09
1.8111e-09
1.67778e-09
1.57552e-09
1.44959e-09
1.35911e-09
1.2379e-09
1.16357e-09
1.04069e-09
9.86782e-10
8.64606e-10
8.13162e-10
7.72469e-10
5.67087e-10
0.0514566
0.0500155
0.0451552
0.0380172
0.0279802
0.0146784
-0.00205484
-0.0223445
-0.0457914
-0.0715908
-0.0984454
-0.124556
-0.14906
-0.171132
-0.19023
-0.206108
-0.218613
-0.227674
-0.233251
-0.235318
-0.233885
-0.229028
-0.220937
-0.209942
-0.196523
-0.181281
-0.164892
-0.148039
-0.131345
-0.115331
-0.100381
-0.0867461
-0.0745534
-0.0638289
-0.0545248
-0.0465432
-0.0397579
-0.0340301
-0.0292201
-0.0251951
-0.0218334
-0.0190268
-0.016681
-0.0147152
-0.0130615
-0.011663
-0.010473
-0.00945328
-0.00857297
-0.00780716
-0.00713598
-0.00654351
-0.00601709
-0.00554655
-0.00512371
-0.00474191
-0.00439567
-0.00408042
-0.00379233
-0.00352812
-0.00328497
-0.00306048
-0.00285256
-0.0026594
-0.00247946
-0.00231141
-0.0021541
-0.00200658
-0.001868
-0.00173766
-0.00161495
-0.00149934
-0.00139038
-0.00128766
-0.00119083
-0.00109957
-0.0010136
-0.000932637
-0.00085646
-0.00078485
-0.000717613
-0.000654574
-0.000595575
-0.000540473
-0.00048914
-0.000441457
-0.000397307
-0.000356569
-0.00031909
-0.000284669
-0.000253026
-0.000223801
-0.000196566
-0.000170894
-0.000146466
-0.000123185
-0.000101254
-8.11453e-05
-6.34364e-05
-4.85809e-05
-3.67125e-05
-2.75955e-05
-2.07409e-05
-1.56055e-05
-1.17505e-05
-8.88453e-06
-6.81154e-06
-5.35624e-06
-4.33288e-06
-3.56523e-06
-2.92421e-06
-2.3461e-06
-1.82103e-06
-1.36416e-06
-9.90589e-07
-7.03091e-07
-4.92504e-07
-3.43466e-07
-2.40149e-07
-1.69129e-07
-1.20282e-07
-8.62983e-08
-6.22173e-08
-4.47013e-08
-3.17078e-08
-2.19166e-08
-1.45746e-08
-9.10501e-09
-5.14884e-09
-2.32874e-09
-4.05433e-10
9.03834e-10
1.74128e-09
2.29393e-09
2.61315e-09
2.81237e-09
2.8865e-09
2.9127e-09
2.8621e-09
2.79922e-09
2.68599e-09
2.58175e-09
2.44274e-09
2.32489e-09
2.18019e-09
2.06272e-09
1.92151e-09
1.81066e-09
1.67644e-09
1.57512e-09
1.44822e-09
1.35885e-09
1.23637e-09
1.16374e-09
1.03814e-09
9.88657e-10
8.56799e-10
8.23729e-10
7.37586e-10
6.30185e-10
0.0526104
0.0511957
0.0464246
0.0393854
0.0294346
0.0161528
-0.000676931
-0.0212583
-0.0451889
-0.0716574
-0.0992034
-0.125777
-0.150603
-0.172857
-0.192025
-0.207917
-0.220409
-0.229452
-0.235015
-0.237064
-0.235593
-0.230659
-0.222436
-0.211249
-0.197581
-0.182052
-0.165363
-0.148222
-0.131276
-0.115058
-0.09996
-0.0862307
-0.0739903
-0.0632559
-0.0539697
-0.0460249
-0.0392874
-0.0336125
-0.0288562
-0.0248828
-0.0215688
-0.0188049
-0.0164965
-0.0145629
-0.0129363
-0.0115605
-0.0103891
-0.00938464
-0.00851662
-0.0077607
-0.00709741
-0.00651126
-0.00598988
-0.00552339
-0.00510384
-0.00472473
-0.00438072
-0.00406736
-0.00378086
-0.00351802
-0.00327605
-0.00305258
-0.00284554
-0.00265315
-0.00247386
-0.00230637
-0.00214954
-0.00200242
-0.00186419
-0.00173415
-0.00161169
-0.00149631
-0.00138754
-0.00128499
-0.00118831
-0.00109718
-0.00101133
-0.000930476
-0.000854396
-0.000782873
-0.000715712
-0.00065274
-0.000593799
-0.000538748
-0.000487461
-0.000439821
-0.000395718
-0.000355037
-0.000317635
-0.000283317
-0.000251809
-0.000222743
-0.000195681
-0.000170174
-0.000145878
-0.000122677
-0.000100767
-8.0628e-05
-6.28627e-05
-4.79558e-05
-3.60667e-05
-2.69716e-05
-2.01772e-05
-1.51252e-05
-1.13598e-05
-8.57631e-06
-6.57293e-06
-5.17361e-06
-4.1941e-06
-3.45993e-06
-2.84363e-06
-2.28344e-06
-1.77178e-06
-1.32579e-06
-9.61707e-07
-6.82542e-07
-4.7882e-07
-3.34871e-07
-2.3488e-07
-1.65754e-07
-1.17846e-07
-8.42835e-08
-6.04207e-08
-4.30933e-08
-3.03266e-08
-2.08002e-08
-1.37321e-08
-8.51035e-09
-4.75358e-09
-2.07604e-09
-2.44893e-10
1.0107e-09
1.818e-09
2.35357e-09
2.66062e-09
2.85008e-09
2.91498e-09
2.93364e-09
2.87659e-09
2.80941e-09
2.69286e-09
2.58686e-09
2.44633e-09
2.32784e-09
2.18225e-09
2.06453e-09
1.92268e-09
1.8118e-09
1.67707e-09
1.57591e-09
1.44846e-09
1.35956e-09
1.23597e-09
1.16496e-09
1.03549e-09
9.92798e-10
8.44117e-10
8.43775e-10
6.75404e-10
7.4253e-10
0.0543283
0.0529552
0.0483248
0.0414442
0.0316366
0.0184005
0.00143893
-0.0195808
-0.0442545
-0.0717752
-0.100402
-0.12767
-0.152975
-0.17549
-0.19475
-0.210653
-0.223119
-0.232133
-0.237672
-0.239695
-0.238168
-0.233119
-0.224698
-0.213219
-0.199175
-0.18321
-0.166065
-0.148487
-0.131158
-0.114633
-0.0993135
-0.0854438
-0.0731341
-0.0623873
-0.0531304
-0.0452428
-0.0385787
-0.0329846
-0.02831
-0.0244147
-0.0211726
-0.018473
-0.0162208
-0.0143355
-0.0127497
-0.0114078
-0.0102643
-0.00928258
-0.0084329
-0.00769167
-0.0070401
-0.00646328
-0.00594936
-0.00548887
-0.00507417
-0.00469905
-0.00435835
-0.00404778
-0.00376366
-0.00350286
-0.00326267
-0.00304073
-0.00283501
-0.00264376
-0.00246546
-0.00229881
-0.0021427
-0.0019962
-0.00185849
-0.00172888
-0.00160681
-0.00149175
-0.00138326
-0.00128096
-0.00118451
-0.00109358
-0.0010079
-0.000927215
-0.000851279
-0.000779883
-0.000712835
-0.000649961
-0.000591105
-0.000536127
-0.000484904
-0.000437324
-0.000393285
-0.00035268
-0.00031538
-0.0002812
-0.00024987
-0.000221018
-0.000194188
-0.000168904
-0.000144787
-0.000121694
-9.98123e-05
-7.96352e-05
-6.18011e-05
-4.68379e-05
-3.49413e-05
-2.59032e-05
-1.92234e-05
-1.43208e-05
-1.07137e-05
-8.07725e-06
-6.1994e-06
-4.90116e-06
-3.99915e-06
-3.32118e-06
-2.74304e-06
-2.20743e-06
-1.7118e-06
-1.27756e-06
-9.23521e-07
-6.53434e-07
-4.57503e-07
-3.19589e-07
-2.23816e-07
-1.57439e-07
-1.11324e-07
-7.90366e-08
-5.62008e-08
-3.97672e-08
-2.77891e-08
-1.89332e-08
-1.24055e-08
-7.59102e-09
-4.12404e-09
-1.64068e-09
6.2913e-11
1.23597e-09
1.98607e-09
2.48091e-09
2.75561e-09
2.92059e-09
2.96547e-09
2.97004e-09
2.90181e-09
2.82774e-09
2.70546e-09
2.59644e-09
2.45278e-09
2.33301e-09
2.18545e-09
2.0673e-09
1.92409e-09
1.81327e-09
1.67747e-09
1.57672e-09
1.44818e-09
1.36017e-09
1.23471e-09
1.16619e-09
1.03112e-09
9.98071e-10
8.26441e-10
8.704e-10
5.94157e-10
8.87638e-10
0.0565936
0.0552799
0.0508496
0.0442
0.0346099
0.0214657
0.004355
-0.0172483
-0.0429451
-0.0719668
-0.102123
-0.130313
-0.156245
-0.179082
-0.198436
-0.214332
-0.22675
-0.235725
-0.241242
-0.243244
-0.241659
-0.23647
-0.227788
-0.215915
-0.201354
-0.184789
-0.167015
-0.148837
-0.130985
-0.114044
-0.0984251
-0.0843693
-0.0719707
-0.0612118
-0.0519986
-0.0441912
-0.0376286
-0.0321448
-0.0275808
-0.0237909
-0.0206455
-0.0180321
-0.0158551
-0.0140341
-0.0125025
-0.0112057
-0.0100993
-0.00914761
-0.00832217
-0.00760034
-0.00696424
-0.00639975
-0.00589567
-0.00544308
-0.00503479
-0.00466494
-0.00432863
-0.00402175
-0.00374079
-0.00348271
-0.00324487
-0.00302498
-0.00282102
-0.00263129
-0.0024543
-0.00228877
-0.00213361
-0.00198792
-0.0018509
-0.00172188
-0.00160031
-0.00148568
-0.00137757
-0.00127561
-0.00117945
-0.00108879
-0.00100335
-0.000922875
-0.000847133
-0.000775908
-0.000709011
-0.000646267
-0.000587523
-0.000532641
-0.0004815
-0.000433995
-0.000390033
-0.000349521
-0.000312344
-0.000278329
-0.000247216
-0.000218628
-0.000192088
-0.000167085
-0.0001432
-0.000120257
-9.84284e-05
-7.82225e-05
-6.03196e-05
-4.53012e-05
-3.34085e-05
-2.44545e-05
-1.79319e-05
-1.32329e-05
-9.84413e-06
-7.41456e-06
-5.71683e-06
-4.56465e-06
-3.77262e-06
-3.17002e-06
-2.63749e-06
-2.12589e-06
-1.64212e-06
-1.21548e-06
-8.69406e-07
-6.08757e-07
-4.22736e-07
-2.93772e-07
-2.05144e-07
-1.44006e-07
-1.01562e-07
-7.18209e-08
-5.078e-08
-3.56513e-08
-2.46595e-08
-1.65721e-08
-1.06522e-08
-6.31265e-09
-3.20846e-09
-9.91641e-10
5.21449e-10
1.56281e-09
2.22157e-09
2.65357e-09
2.88276e-09
3.01502e-09
3.03464e-09
3.02091e-09
2.93831e-09
2.85443e-09
2.72437e-09
2.61054e-09
2.46272e-09
2.34071e-09
2.19078e-09
2.07165e-09
1.92693e-09
1.8158e-09
1.67891e-09
1.5783e-09
1.44866e-09
1.36139e-09
1.23392e-09
1.1681e-09
1.02658e-09
1.00465e-09
8.06741e-10
9.0111e-10
5.05914e-10
1.0453e-09
0.059383
0.0581498
0.0539894
0.04766
0.0383856
0.0254089
0.00815831
-0.0141698
-0.0411987
-0.0722717
-0.104488
-0.133816
-0.160509
-0.183711
-0.203142
-0.218998
-0.231334
-0.240245
-0.245731
-0.247711
-0.246063
-0.240707
-0.231706
-0.219337
-0.204119
-0.186784
-0.1682
-0.149252
-0.130731
-0.113262
-0.0972692
-0.0829846
-0.0704814
-0.0597151
-0.0505638
-0.0428634
-0.0364326
-0.0310906
-0.026668
-0.0230118
-0.0199885
-0.0174838
-0.0154012
-0.0136608
-0.012197
-0.0109563
-0.00989586
-0.00898144
-0.00818593
-0.00748798
-0.00687086
-0.00632143
-0.00582936
-0.00538641
-0.00498595
-0.00462253
-0.0042916
-0.00398928
-0.00371223
-0.00345754
-0.00322264
-0.0030053
-0.00280356
-0.00261575
-0.00244039
-0.00227626
-0.0021223
-0.00197761
-0.00184144
-0.00171315
-0.00159219
-0.00147809
-0.00137045
-0.0012689
-0.0011731
-0.00108278
-0.000997635
-0.000917431
-0.000841929
-0.000770919
-0.000704208
-0.000641624
-0.000583016
-0.000528247
-0.000477201
-0.000429779
-0.000385899
-0.00034548
-0.000308424
-0.000274576
-0.000243682
-0.000215365
-0.000189128
-0.000164428
-0.000140805
-0.000118045
-9.63077e-05
-7.61161e-05
-5.81934e-05
-4.31762e-05
-3.13514e-05
-2.25519e-05
-1.62604e-05
-1.18394e-05
-8.74021e-06
-6.58344e-06
-5.12364e-06
-4.16439e-06
-3.51599e-06
-3.00858e-06
-2.52958e-06
-2.04216e-06
-1.56712e-06
-1.14512e-06
-8.05766e-07
-5.54972e-07
-3.80155e-07
-2.6158e-07
-1.81343e-07
-1.26459e-07
-8.85428e-08
-6.20938e-08
-4.34897e-08
-3.01923e-08
-2.05934e-08
-1.35702e-08
-8.46164e-09
-4.73063e-09
-2.07456e-09
-1.79458e-10
1.10489e-09
1.98569e-09
2.52974e-09
2.87995e-09
3.04852e-09
3.13675e-09
3.12289e-09
3.08526e-09
2.98439e-09
2.88811e-09
2.74832e-09
2.62832e-09
2.47524e-09
2.35025e-09
2.1973e-09
2.07681e-09
1.93022e-09
1.81862e-09
1.6804e-09
1.57989e-09
1.44897e-09
1.3625e-09
1.23276e-09
1.16992e-09
1.0214e-09
1.01146e-09
7.86071e-10
9.32656e-10
4.19743e-10
1.19816e-09
0.0626648
0.0615369
0.057729
0.0518301
0.043001
0.0303088
0.0129669
-0.0102147
-0.0389219
-0.072748
-0.107678
-0.138331
-0.165895
-0.18946
-0.208903
-0.224658
-0.236869
-0.245707
-0.251182
-0.253177
-0.251492
-0.245961
-0.236582
-0.223602
-0.207558
-0.189252
-0.169648
-0.149733
-0.13038
-0.112262
-0.0958155
-0.081261
-0.068642
-0.0578782
-0.0488126
-0.0412504
-0.0349859
-0.0298203
-0.0255714
-0.0220786
-0.0192037
-0.0168301
-0.0148612
-0.0132175
-0.0118346
-0.0106609
-0.00965511
-0.00878488
-0.00802477
-0.00735501
-0.00676025
-0.00622856
-0.00575061
-0.005319
-0.00492775
-0.00457194
-0.00424738
-0.00395048
-0.0036781
-0.00342746
-0.00319608
-0.0029818
-0.00278272
-0.00259719
-0.0024238
-0.00226134
-0.00210879
-0.00196529
-0.00183013
-0.0017027
-0.00158247
-0.00146901
-0.00136192
-0.00126085
-0.0011655
-0.00107556
-0.000990781
-0.000910901
-0.00083569
-0.000764936
-0.000698448
-0.000636055
-0.000577605
-0.000522965
-0.000472024
-0.000424689
-0.000380888
-0.000340555
-0.000303608
-0.000269909
-0.000239218
-0.000211159
-0.000185219
-0.00016083
-0.000137493
-0.000114962
-9.33761e-05
-7.32726e-05
-5.54114e-05
-4.04796e-05
-2.88056e-05
-2.02393e-05
-1.42522e-05
-1.01778e-05
-7.43331e-06
-5.61227e-06
-4.44804e-06
-3.72932e-06
-3.25742e-06
-2.86133e-06
-2.4374e-06
-1.96699e-06
-1.491e-06
-1.06618e-06
-7.30094e-07
-4.8912e-07
-3.2734e-07
-2.21496e-07
-1.51782e-07
-1.04865e-07
-7.27779e-08
-5.0562e-08
-3.50279e-08
-2.39533e-08
-1.59737e-08
-1.01466e-08
-5.93567e-09
-2.88055e-09
-7.30996e-10
7.90947e-10
1.80346e-09
2.48966e-09
2.89416e-09
3.14528e-09
3.24192e-09
3.27853e-09
3.22621e-09
3.16096e-09
3.03914e-09
2.92822e-09
2.77713e-09
2.64964e-09
2.49047e-09
2.36176e-09
2.20541e-09
2.08315e-09
1.93453e-09
1.82219e-09
1.6826e-09
1.582e-09
1.44978e-09
1.36401e-09
1.23196e-09
1.17209e-09
1.01654e-09
1.01857e-09
7.66529e-10
9.63133e-10
3.42842e-10
1.33441e-09
0.0663972
0.065404
0.0620452
0.0567125
0.0484971
0.0362609
0.018932
-0.0052066
-0.0359847
-0.073493
-0.111953
-0.144055
-0.172566
-0.196463
-0.215826
-0.231389
-0.243395
-0.252114
-0.257566
-0.259592
-0.257897
-0.252198
-0.242401
-0.228707
-0.211674
-0.192189
-0.171342
-0.150251
-0.129894
-0.111001
-0.0940242
-0.079164
-0.0664247
-0.0556803
-0.0467304
-0.0393428
-0.0332829
-0.0283309
-0.0242905
-0.0209921
-0.0182928
-0.0160738
-0.0142381
-0.0127074
-0.0114188
-0.0103228
-0.00938018
-0.00856077
-0.00784117
-0.00720349
-0.00663406
-0.00612237
-0.00566031
-0.00524144
-0.00486057
-0.00451334
-0.00419602
-0.00390533
-0.00363833
-0.00339238
-0.00316512
-0.00295444
-0.00275848
-0.00257564
-0.00240455
-0.00224404
-0.00209313
-0.00195102
-0.00181702
-0.00169056
-0.00157117
-0.00145842
-0.00135196
-0.00125145
-0.0011566
-0.00106713
-0.000982765
-0.000903264
-0.000828394
-0.000757941
-0.000691713
-0.00062954
-0.000571269
-0.000516772
-0.00046594
-0.000418688
-0.000374952
-0.000334681
-0.00029781
-0.000264217
-0.000233678
-0.000205823
-0.000180137
-0.000156034
-0.000132992
-0.000110735
-8.9389e-05
-6.9493e-05
-5.18313e-05
-3.71246e-05
-2.57285e-05
-1.75022e-05
-1.19069e-05
-8.25342e-06
-5.93045e-06
-4.51033e-06
-3.70304e-06
-3.27619e-06
-3.01538e-06
-2.74543e-06
-2.37441e-06
-1.9095e-06
-1.41956e-06
-9.82808e-07
-6.46195e-07
-4.15108e-07
-2.68015e-07
-1.76576e-07
-1.1856e-07
-8.03917e-08
-5.47349e-08
-3.72781e-08
-2.52681e-08
-1.67804e-08
-1.06929e-08
-6.2591e-09
-3.08477e-09
-8.01287e-10
7.7721e-10
1.88242e-09
2.59277e-09
3.06203e-09
3.30982e-09
3.44841e-09
3.46276e-09
3.43994e-09
3.3435e-09
3.24659e-09
3.10103e-09
2.97349e-09
2.80969e-09
2.67366e-09
2.50765e-09
2.37463e-09
2.21449e-09
2.09012e-09
1.93927e-09
1.82602e-09
1.68494e-09
1.58416e-09
1.45058e-09
1.36545e-09
1.23109e-09
1.17412e-09
1.0118e-09
1.02525e-09
7.48723e-10
9.90669e-10
2.78376e-10
1.44798e-09
0.0705273
0.0697027
0.0669048
0.0623026
0.0549167
0.0433818
0.0262502
0.00110429
-0.0321931
-0.0746472
-0.117688
-0.151257
-0.180711
-0.204796
-0.223899
-0.239153
-0.250896
-0.259507
-0.264997
-0.267146
-0.265507
-0.259658
-0.249386
-0.23484
-0.216604
-0.195677
-0.173313
-0.150797
-0.129238
-0.109433
-0.0918466
-0.0766494
-0.0637936
-0.053095
-0.0442994
-0.0371302
-0.0313189
-0.0266218
-0.0228271
-0.0197557
-0.0172597
-0.0152187
-0.0135357
-0.0121337
-0.0109522
-0.00994394
-0.00907247
-0.00831006
-0.00763575
-0.00703383
-0.00649254
-0.00600305
-0.0055586
-0.00515387
-0.00478453
-0.00444689
-0.0041377
-0.00385401
-0.00359312
-0.00335253
-0.00312997
-0.0029234
-0.002731
-0.00255123
-0.00238275
-0.00222444
-0.00207538
-0.00193482
-0.00180211
-0.00167675
-0.00155829
-0.00144635
-0.0013406
-0.00124072
-0.00114644
-0.00105749
-0.00097361
-0.000894547
-0.000820071
-0.000749966
-0.000684038
-0.000622114
-0.000564043
-0.000509698
-0.000458975
-0.000411796
-0.000368105
-0.000327863
-0.00029102
-0.000257471
-0.00022701
-0.000199283
-0.000173787
-0.000149931
-0.000127192
-0.000105277
-8.42903e-05
-6.47637e-05
-4.74827e-05
-3.31745e-05
-2.22023e-05
-1.44255e-05
-9.2984e-06
-6.12265e-06
-4.27547e-06
-3.31493e-06
-2.92567e-06
-2.8439e-06
-2.82827e-06
-2.69412e-06
-2.36491e-06
-1.88398e-06
-1.35887e-06
-8.96191e-07
-5.53402e-07
-3.32182e-07
-2.01912e-07
-1.26962e-07
-8.20343e-08
-5.34988e-08
-3.49314e-08
-2.27727e-08
-1.47002e-08
-9.07388e-09
-5.04105e-09
-2.09654e-09
-2.13635e-11
1.44366e-09
2.41342e-09
3.07074e-09
3.45363e-09
3.68587e-09
3.76193e-09
3.77712e-09
3.7018e-09
3.61444e-09
3.4705e-09
3.33943e-09
3.1684e-09
3.02281e-09
2.84537e-09
2.69995e-09
2.5266e-09
2.38878e-09
2.22461e-09
2.09785e-09
1.94469e-09
1.83033e-09
1.68776e-09
1.58665e-09
1.45173e-09
1.36712e-09
1.23057e-09
1.17627e-09
1.00773e-09
1.03156e-09
7.33552e-10
1.01468e-09
2.27309e-10
1.53796e-09
0.0749885
0.0743706
0.0722595
0.0685823
0.0622964
0.0518003
0.0351597
0.00904968
-0.0272849
-0.0764599
-0.125413
-0.160237
-0.190602
-0.214727
-0.233343
-0.248074
-0.259374
-0.267785
-0.273306
-0.275635
-0.274162
-0.268243
-0.257501
-0.242003
-0.222363
-0.199722
-0.175544
-0.151332
-0.128356
-0.107498
-0.0892268
-0.0736706
-0.0607128
-0.0500966
-0.0415026
-0.034602
-0.029088
-0.0246906
-0.0211811
-0.0183709
-0.0161073
-0.0142685
-0.0127582
-0.0115013
-0.0104398
-0.00952939
-0.00873674
-0.00803709
-0.00741228
-0.00684914
-0.00633817
-0.00587243
-0.00544676
-0.00505709
-0.00470008
-0.00437276
-0.0040724
-0.00379641
-0.00354231
-0.00330773
-0.00309048
-0.00288858
-0.00270025
-0.00252396
-0.00235844
-0.00220261
-0.00205562
-0.00191677
-0.00178549
-0.00166133
-0.00154388
-0.00143281
-0.00132783
-0.00122865
-0.001135
-0.00104664
-0.0009633
-0.000884736
-0.000810711
-0.000741005
-0.000675418
-0.000613776
-0.000555925
-0.000501742
-0.000451126
-0.000404005
-0.000360331
-0.000320073
-0.000283193
-0.000249604
-0.000219123
-0.000191421
-0.000166024
-0.000142365
-0.000119935
-9.84453e-05
-7.79823e-05
-5.9047e-05
-4.23869e-05
-2.86982e-05
-1.8318e-05
-1.10963e-05
-6.49628e-06
-3.83186e-06
-2.50011e-06
-2.05261e-06
-2.14487e-06
-2.46596e-06
-2.73106e-06
-2.73829e-06
-2.43138e-06
-1.90355e-06
-1.31511e-06
-8.0922e-07
-4.54132e-07
-2.43359e-07
-1.32369e-07
-7.56178e-08
-4.43632e-08
-2.55181e-08
-1.40846e-08
-7.39587e-09
-3.48285e-09
-9.02832e-10
9.43734e-10
2.30671e-09
3.21438e-09
3.81052e-09
4.13642e-09
4.32222e-09
4.36156e-09
4.34508e-09
4.24059e-09
4.12545e-09
3.95519e-09
3.79925e-09
3.6049e-09
3.43753e-09
3.23959e-09
3.07486e-09
2.88306e-09
2.72767e-09
2.54662e-09
2.40367e-09
2.23528e-09
2.10593e-09
1.95037e-09
1.83477e-09
1.69068e-09
1.58916e-09
1.45294e-09
1.36875e-09
1.23013e-09
1.17825e-09
1.00414e-09
1.03713e-09
7.20939e-10
1.03472e-09
1.88425e-10
1.60633e-09
0.0796991
0.0793299
0.0780433
0.0755172
0.0706633
0.0616667
0.0459678
0.019116
-0.0208526
-0.0792671
-0.13596
-0.17148
-0.202403
-0.226124
-0.243944
-0.258023
-0.26885
-0.277123
-0.282796
-0.285501
-0.284294
-0.278354
-0.267094
-0.250475
-0.229146
-0.20443
-0.178064
-0.151827
-0.127187
-0.105119
-0.0860896
-0.0701632
-0.057133
-0.0466508
-0.0383189
-0.0317479
-0.0265877
-0.0225398
-0.0193582
-0.0168449
-0.0148431
-0.0132302
-0.0119116
-0.0108148
-0.00988494
-0.00908142
-0.00837444
-0.00774265
-0.00717111
-0.00664952
-0.0061709
-0.00573045
-0.00532475
-0.00495114
-0.00460734
-0.00429115
-0.0040004
-0.00373285
-0.00348624
-0.00325834
-0.00304701
-0.00285031
-0.00266649
-0.00249406
-0.00233179
-0.00217868
-0.00203393
-0.00189693
-0.00176719
-0.0016443
-0.00152794
-0.00141782
-0.00131367
-0.00121526
-0.00112232
-0.00103461
-0.000951881
-0.000873883
-0.000800372
-0.000731121
-0.000665923
-0.000604596
-0.000546988
-0.000492975
-0.00044246
-0.000395377
-0.000351684
-0.000311357
-0.000274369
-0.000240648
-0.000210038
-0.00018225
-0.000156861
-0.000133359
-0.000111266
-9.03259e-05
-7.06006e-05
-5.25181e-05
-3.6753e-05
-2.39132e-05
-1.42803e-05
-7.6921e-06
-3.63211e-06
-1.47433e-06
-6.68223e-07
-7.73486e-07
-1.40838e-06
-2.1914e-06
-2.77075e-06
-2.91676e-06
-2.6e-06
-1.98144e-06
-1.29229e-06
-7.21703e-07
-3.47754e-07
-1.49053e-07
-6.06523e-08
-2.39634e-08
-6.68158e-09
2.74396e-09
7.21508e-09
8.35679e-09
7.9646e-09
7.39753e-09
7.01679e-09
6.78284e-09
6.51149e-09
6.2266e-09
5.89794e-09
5.6035e-09
5.29225e-09
5.021e-09
4.73118e-09
4.48207e-09
4.21442e-09
3.9882e-09
3.74241e-09
3.53793e-09
3.3126e-09
3.12828e-09
2.92186e-09
2.7562e-09
2.56733e-09
2.41905e-09
2.24641e-09
2.11433e-09
1.95637e-09
1.83944e-09
1.69386e-09
1.59183e-09
1.45438e-09
1.37048e-09
1.23e-09
1.1802e-09
1.00129e-09
1.04208e-09
7.1096e-10
1.05109e-09
1.59919e-10
1.65676e-09
0.0845606
0.0844831
0.0841655
0.0830388
0.0800139
0.0731116
0.0590136
0.0319249
-0.0124009
-0.0837465
-0.150259
-0.185376
-0.216789
-0.239725
-0.256166
-0.269086
-0.279084
-0.287087
-0.292962
-0.296179
-0.295596
-0.289861
-0.278163
-0.260322
-0.237027
-0.209845
-0.180867
-0.152229
-0.125652
-0.102212
-0.0823598
-0.0660672
-0.0530103
-0.042728
-0.0347297
-0.0285567
-0.0238117
-0.0201665
-0.0173577
-0.0151787
-0.0134695
-0.012108
-0.0110014
-0.0100806
-0.00929476
-0.00860729
-0.00799253
-0.0074331
-0.00691775
-0.00643948
-0.00599424
-0.00557964
-0.00519427
-0.00483702
-0.00450675
-0.00420212
-0.0039215
-0.00366301
-0.00342457
-0.00320404
-0.00299931
-0.00280843
-0.00262967
-0.00246156
-0.0023029
-0.00215277
-0.00201046
-0.00187544
-0.00174732
-0.00162577
-0.00151055
-0.00140142
-0.00129817
-0.00120057
-0.00110839
-0.0010214
-0.000939353
-0.000861991
-0.000789063
-0.000720331
-0.000655576
-0.000594608
-0.00053727
-0.000483438
-0.000433022
-0.000385958
-0.000342212
-0.000301763
-0.000264591
-0.000230644
-0.000199797
-0.000171821
-0.000146365
-0.000123003
-0.000101326
-8.1085e-05
-6.23432e-05
-4.54364e-05
-3.08632e-05
-1.91038e-05
-1.03449e-05
-4.39757e-06
-8.27393e-07
8.73586e-07
1.17434e-06
4.89122e-07
-7.48591e-07
-2.05465e-06
-2.98015e-06
-3.25505e-06
-2.88601e-06
-2.12277e-06
-1.28979e-06
-6.32039e-07
-2.34466e-07
-5.15598e-08
9.99219e-09
2.50323e-08
2.88946e-08
2.99925e-08
2.82033e-08
2.40227e-08
1.93528e-08
1.56474e-08
1.30647e-08
1.12542e-08
9.80932e-09
8.64099e-09
7.65578e-09
6.8815e-09
6.22113e-09
5.69629e-09
5.22177e-09
4.83887e-09
4.4739e-09
4.1773e-09
3.88003e-09
3.63835e-09
3.38565e-09
3.1817e-09
2.96071e-09
2.78475e-09
2.58808e-09
2.43443e-09
2.25757e-09
2.12272e-09
1.96239e-09
1.84409e-09
1.69706e-09
1.59446e-09
1.45584e-09
1.37214e-09
1.22999e-09
1.18197e-09
9.98973e-10
1.04628e-09
7.03197e-10
1.06408e-09
1.39535e-10
1.69302e-09
0.0894575
0.0897147
0.0905073
0.0910499
0.0903097
0.0862913
0.0747486
0.0484992
-0.001021
-0.0908551
-0.170705
-0.202509
-0.232974
-0.254502
-0.269538
-0.281423
-0.290686
-0.298563
-0.3048
-0.308767
-0.308852
-0.303449
-0.291278
-0.271991
-0.246318
-0.216133
-0.183991
-0.152485
-0.123642
-0.0986489
-0.0779148
-0.0612816
-0.0482701
-0.0382789
-0.0307067
-0.0250163
-0.0207595
-0.0175774
-0.0151903
-0.0133846
-0.0119987
-0.0109121
-0.0100357
-0.0093047
-0.0086731
-0.00810913
-0.00759187
-0.00710843
-0.00665168
-0.00621832
-0.00580749
-0.00541947
-0.00505501
-0.00471465
-0.00439849
-0.00410605
-0.00383625
-0.00358754
-0.003358
-0.00314553
-0.00294803
-0.00276353
-0.00259028
-0.00242683
-0.00227204
-0.00212508
-0.00198533
-0.00185238
-0.00172594
-0.0016058
-0.00149177
-0.00138368
-0.00128137
-0.00118465
-0.00109331
-0.00100712
-0.000925828
-0.000849181
-0.000776913
-0.000708768
-0.000644513
-0.000583948
-0.000526909
-0.000473273
-0.000422954
-0.000375895
-0.000332065
-0.000291449
-0.000254034
-0.000219788
-0.00018863
-0.000160403
-0.000134858
-0.000111677
-9.05442e-05
-7.12466e-05
-5.37582e-05
-3.82849e-05
-2.51574e-05
-1.46276e-05
-6.75996e-06
-1.3955e-06
1.78339e-06
3.1303e-06
2.97761e-06
1.70127e-06
-1.91797e-07
-2.07622e-06
-3.37186e-06
-3.75621e-06
-3.28399e-06
-2.31614e-06
-1.29541e-06
-5.31189e-07
-1.09691e-07
5.01628e-08
7.88477e-08
7.02881e-08
6.15089e-08
5.5666e-08
4.84131e-08
3.91944e-08
3.03322e-08
2.35718e-08
1.88862e-08
1.55787e-08
1.30079e-08
1.0983e-08
9.36008e-09
8.1209e-09
7.12276e-09
6.35214e-09
5.69829e-09
5.1853e-09
4.72579e-09
4.36083e-09
4.01367e-09
3.7359e-09
3.45671e-09
3.2337e-09
2.99861e-09
2.81261e-09
2.60841e-09
2.44951e-09
2.26857e-09
2.131e-09
1.9684e-09
1.84871e-09
1.70031e-09
1.59712e-09
1.45745e-09
1.37382e-09
1.23021e-09
1.18365e-09
9.97274e-10
1.04987e-09
6.97403e-10
1.07426e-09
1.25344e-10
1.71868e-09
0.0942567
0.0948838
0.0969145
0.0993771
0.101431
0.101198
0.0935535
0.069865
0.0139344
-0.10126
-0.197659
-0.22486
-0.254602
-0.27306
-0.285034
-0.294781
-0.302691
-0.310324
-0.317161
-0.32223
-0.323489
-0.318815
-0.306349
-0.285515
-0.257088
-0.223337
-0.187418
-0.15252
-0.121055
-0.0943289
-0.0726707
-0.0557439
-0.0428698
-0.0332756
-0.0262323
-0.0211156
-0.0174236
-0.0147675
-0.0128533
-0.0114621
-0.0104327
-0.00964762
-0.00902216
-0.00849677
-0.00803082
-0.00759816
-0.00718332
-0.00677855
-0.00638149
-0.00599308
-0.00561612
-0.00525393
-0.00490968
-0.00458572
-0.00428344
-0.00400325
-0.0037446
-0.0035062
-0.00328622
-0.00308255
-0.002893
-0.00271554
-0.00254836
-0.00239003
-0.00223945
-0.00209588
-0.00195884
-0.00182805
-0.00170334
-0.00158461
-0.00147179
-0.00136477
-0.00126343
-0.00116763
-0.00107716
-0.000991827
-0.000911363
-0.000835504
-0.000763968
-0.000696481
-0.00063279
-0.000572678
-0.000515978
-0.000462564
-0.000412356
-0.000365304
-0.000321383
-0.000280583
-0.000242903
-0.000208336
-0.000176856
-0.000148394
-0.000122817
-9.99333e-05
-7.95143e-05
-6.13648e-05
-4.5384e-05
-3.15767e-05
-2.00082e-05
-1.07271e-05
-3.69172e-06
1.2297e-06
4.1883e-06
5.31298e-06
4.76905e-06
2.8953e-06
3.00017e-07
-2.21051e-06
-3.89379e-06
-4.36602e-06
-3.74324e-06
-2.52084e-06
-1.28132e-06
-4.03358e-07
3.36275e-08
1.58252e-07
1.46013e-07
1.11374e-07
9.07114e-08
7.93758e-08
6.74889e-08
5.35668e-08
4.06719e-08
3.10118e-08
2.43734e-08
1.96778e-08
1.60451e-08
1.32025e-08
1.09711e-08
9.29117e-09
7.97438e-09
6.97193e-09
6.1488e-09
5.51291e-09
4.96413e-09
4.53453e-09
4.1402e-09
3.82826e-09
3.52403e-09
3.28297e-09
3.03457e-09
2.83906e-09
2.62775e-09
2.46384e-09
2.27908e-09
2.13888e-09
1.97416e-09
1.85313e-09
1.70346e-09
1.59966e-09
1.45905e-09
1.37541e-09
1.23054e-09
1.18515e-09
9.96017e-10
1.05282e-09
6.93126e-10
1.08206e-09
1.15603e-10
1.73655e-09
0.0988101
0.0998348
0.103193
0.107817
0.113165
0.117929
0.116025
0.0988766
0.0345784
-0.124192
-0.23853
-0.24779
-0.275785
-0.292766
-0.302525
-0.310004
-0.316034
-0.322927
-0.329938
-0.336039
-0.338498
-0.33481
-0.322292
-0.300003
-0.268673
-0.230994
-0.190833
-0.152112
-0.117723
-0.0891209
-0.0665334
-0.0493959
-0.0367839
-0.0277204
-0.0213289
-0.0168903
-0.0138474
-0.0117833
-0.0103921
-0.00945286
-0.00880722
-0.00834279
-0.00798154
-0.00767067
-0.00737624
-0.00707854
-0.00676819
-0.00644314
-0.00610617
-0.00576278
-0.00541964
-0.00508324
-0.00475924
-0.00445183
-0.00416373
-0.00389621
-0.00364918
-0.0034216
-0.00321166
-0.00301722
-0.00283599
-0.00266584
-0.00250494
-0.00235185
-0.00220558
-0.00206547
-0.00193118
-0.00180258
-0.00167964
-0.00156238
-0.00145081
-0.00134491
-0.0012446
-0.00114976
-0.00106023
-0.000975803
-0.000896221
-0.000821203
-0.00075045
-0.000683667
-0.00062058
-0.000560959
-0.000504627
-0.000451463
-0.000401391
-0.000354372
-0.000310388
-0.000269439
-0.000231537
-0.000196712
-0.000165
-0.000136426
-0.000110977
-8.85715e-05
-6.90572e-05
-5.2226e-05
-3.78502e-05
-2.57222e-05
-1.56574e-05
-7.48655e-06
-1.07964e-06
3.60965e-06
6.51982e-06
7.53307e-06
6.64166e-06
4.16134e-06
8.30139e-07
-2.33545e-06
-4.413e-06
-4.9555e-06
-4.15332e-06
-2.65688e-06
-1.19705e-06
-2.20187e-07
2.10588e-07
2.81193e-07
2.16804e-07
1.51704e-07
1.18464e-07
1.01906e-07
8.56215e-08
6.708e-08
5.02483e-08
3.78459e-08
2.94186e-08
2.34593e-08
1.88461e-08
1.52423e-08
1.24467e-08
1.03616e-08
8.75338e-09
7.53889e-09
6.56086e-09
5.8125e-09
5.1821e-09
4.69341e-09
4.256e-09
3.91284e-09
3.58576e-09
3.3282e-09
3.06766e-09
2.86342e-09
2.64563e-09
2.47713e-09
2.28887e-09
2.14625e-09
1.9796e-09
1.85731e-09
1.70649e-09
1.60209e-09
1.46052e-09
1.37695e-09
1.23101e-09
1.18653e-09
9.95198e-10
1.05528e-09
6.90091e-10
1.08801e-09
1.09028e-10
1.7489e-09
0.102958
0.104384
0.109111
0.116001
0.125149
0.135773
0.142351
0.134782
0.0628366
-0.133979
-0.305587
-0.293334
-0.307416
-0.312695
-0.315621
-0.318766
-0.322329
-0.328733
-0.336455
-0.344424
-0.348947
-0.346865
-0.335
-0.312035
-0.2785
-0.237388
-0.193258
-0.150847
-0.113614
-0.0832136
-0.0597888
-0.0425456
-0.0303001
-0.0218613
-0.0162017
-0.0125052
-0.0101609
-0.00872589
-0.00788551
-0.00741873
-0.0071719
-0.00703924
-0.00694974
-0.00685778
-0.00673682
-0.00657433
-0.00636758
-0.00612063
-0.00584174
-0.00554117
-0.0052297
-0.00491717
-0.00461181
-0.00431965
-0.00404476
-0.00378918
-0.00355331
-0.00333623
-0.00313617
-0.00295087
-0.00277793
-0.00261512
-0.00246053
-0.00231276
-0.00217084
-0.00203425
-0.00190279
-0.00177645
-0.00165534
-0.00153959
-0.00142931
-0.00132454
-0.00122526
-0.0011314
-0.0010428
-0.000959267
-0.000880555
-0.00080637
-0.000736396
-0.000670317
-0.000607842
-0.000548729
-0.000492795
-0.000439921
-0.00039004
-0.000343121
-0.000299157
-0.000258161
-0.000220171
-0.000185254
-0.000153511
-0.000125052
-9.99565e-05
-7.82243e-05
-5.97335e-05
-4.42317e-05
-3.136e-05
-2.07028e-05
-1.18531e-05
-4.48843e-06
1.5482e-06
6.18804e-06
9.14811e-06
1.00756e-05
8.81769e-06
5.69741e-06
1.60369e-06
-2.22967e-06
-4.70479e-06
-5.32218e-06
-4.35694e-06
-2.62123e-06
-9.85597e-07
4.59576e-08
4.34842e-07
4.27649e-07
2.97892e-07
1.96052e-07
1.47537e-07
1.24448e-07
1.03203e-07
7.98341e-08
5.90865e-08
4.40644e-08
3.39918e-08
2.68769e-08
2.13639e-08
1.70629e-08
1.37559e-08
1.13081e-08
9.44108e-09
8.039e-09
6.92421e-09
6.07668e-09
5.37439e-09
4.83363e-09
4.35827e-09
3.98757e-09
3.64037e-09
3.36825e-09
3.09702e-09
2.88509e-09
2.66159e-09
2.48901e-09
2.29766e-09
2.15289e-09
1.98454e-09
1.86111e-09
1.70927e-09
1.60434e-09
1.46205e-09
1.37837e-09
1.23154e-09
1.18775e-09
9.94678e-10
1.05726e-09
6.87956e-10
1.09246e-09
1.04577e-10
1.75734e-09
0.106538
0.108351
0.114389
0.123598
0.136778
0.154715
0.173255
0.189349
0.103532
-0.123284
-0.338456
-0.301775
-0.319692
-0.322914
-0.321684
-0.32306
-0.325241
-0.330966
-0.338527
-0.347093
-0.353008
-0.352399
-0.341587
-0.31873
-0.284033
-0.240601
-0.193503
-0.148175
-0.108656
-0.0768524
-0.052869
-0.0357124
-0.0239607
-0.016223
-0.0113342
-0.00839196
-0.00673988
-0.00591531
-0.00559891
-0.00557279
-0.00569091
-0.00585583
-0.00600688
-0.00610772
-0.00613989
-0.00609783
-0.00598484
-0.00581019
-0.0055866
-0.00532813
-0.00504872
-0.0047609
-0.00447497
-0.00419856
-0.00393692
-0.00369288
-0.00346728
-0.0032595
-0.00306785
-0.00289012
-0.0027239
-0.00256701
-0.00241755
-0.00227418
-0.00213602
-0.00200262
-0.00187384
-0.00174979
-0.00163062
-0.00151654
-0.00140771
-0.0013042
-0.00120604
-0.00111319
-0.00102552
-0.00094286
-0.000864956
-0.00079152
-0.000722231
-0.000656766
-0.000594827
-0.00053617
-0.000480613
-0.000428044
-0.000378402
-0.000331667
-0.000287844
-0.000246962
-0.000209086
-0.000174321
-0.000142816
-0.000114737
-9.02155e-05
-6.92786e-05
-5.17927e-05
-3.74384e-05
-2.57368e-05
-1.61239e-05
-8.05758e-06
-1.14112e-06
4.75502e-06
9.42968e-06
1.24085e-05
1.31634e-05
1.14562e-05
7.6526e-06
2.79559e-06
-1.68757e-06
-4.55352e-06
-5.27398e-06
-4.21342e-06
-2.32978e-06
-6.06846e-07
4.10945e-07
7.13923e-07
6.04247e-07
3.95868e-07
2.49534e-07
1.80815e-07
1.48237e-07
1.20602e-07
9.19188e-08
6.7215e-08
4.96939e-08
3.80492e-08
2.98688e-08
2.35414e-08
1.86208e-08
1.48672e-08
1.21071e-08
1.00197e-08
8.45897e-09
7.22901e-09
6.2982e-09
5.53565e-09
4.95129e-09
4.44417e-09
4.05043e-09
3.6864e-09
3.40209e-09
3.12191e-09
2.90352e-09
2.67523e-09
2.49922e-09
2.30529e-09
2.15869e-09
1.9889e-09
1.86449e-09
1.7118e-09
1.60637e-09
1.46348e-09
1.37969e-09
1.23214e-09
1.18885e-09
9.94436e-10
1.05887e-09
6.86518e-10
1.09576e-09
1.01548e-10
1.76314e-09
0.109393
0.111535
0.11874
0.129977
0.147263
0.171849
0.207664
0.214199
0.194472
-0.140909
-0.431247
-0.319981
-0.321501
-0.322681
-0.320145
-0.321683
-0.324001
-0.329998
-0.337823
-0.346933
-0.353456
-0.353739
-0.343644
-0.321026
-0.285746
-0.240889
-0.191851
-0.144611
-0.103628
-0.0709924
-0.0467921
-0.0298889
-0.0186735
-0.011602
-0.00740549
-0.00511606
-0.00404546
-0.00371998
-0.00382115
-0.00413837
-0.00453488
-0.00492443
-0.00525484
-0.00549834
-0.00564449
-0.00569393
-0.00565467
-0.0055394
-0.00536346
-0.00514297
-0.00489368
-0.00462973
-0.00436273
-0.00410144
-0.00385197
-0.00361782
-0.00340036
-0.00319933
-0.00301336
-0.00284045
-0.00267839
-0.00252515
-0.00237894
-0.0022385
-0.00210304
-0.00197213
-0.00184568
-0.00172375
-0.00160653
-0.00149421
-0.00138694
-0.00128481
-0.00118785
-0.00109605
-0.00100929
-0.00092741
-0.000850188
-0.000777343
-0.000708568
-0.00064355
-0.000582004
-0.000523694
-0.000468449
-0.000416165
-0.000366789
-0.000320309
-0.000276742
-0.000236135
-0.000198573
-0.000164188
-0.000133155
-0.000105655
-8.1823e-05
-6.1668e-05
-4.5014e-05
-3.14788e-05
-2.05079e-05
-1.14649e-05
-3.76278e-06
2.98784e-06
8.84944e-06
1.35065e-05
1.63568e-05
1.67786e-05
1.45155e-05
1.00032e-05
4.42037e-06
-6.61476e-07
-3.90136e-06
-4.77024e-06
-3.71593e-06
-1.80527e-06
-9.85893e-08
8.38074e-07
1.0219e-06
7.97071e-07
5.04979e-07
3.10089e-07
2.17265e-07
1.72511e-07
1.37232e-07
1.02978e-07
7.44409e-08
5.45512e-08
4.14868e-08
3.23476e-08
2.53139e-08
1.98724e-08
1.57513e-08
1.2738e-08
1.04742e-08
8.78789e-09
7.46742e-09
6.47144e-09
5.66185e-09
5.04347e-09
4.51158e-09
4.09986e-09
3.7227e-09
3.42887e-09
3.14171e-09
2.91826e-09
2.68623e-09
2.50751e-09
2.31154e-09
2.16349e-09
1.99256e-09
1.86736e-09
1.71401e-09
1.60816e-09
1.46478e-09
1.38086e-09
1.23276e-09
1.18979e-09
9.94377e-10
1.06012e-09
6.85564e-10
1.09815e-09
9.94021e-11
1.76718e-09
0.111384
0.113779
0.121841
0.134744
0.155136
0.186784
0.235566
0.276044
0.332759
-0.111354
-0.322718
-0.320475
-0.322934
-0.321734
-0.322944
-0.324727
-0.329896
-0.33693
-0.345481
-0.351978
-0.352641
-0.343133
-0.320881
-0.285468
-0.23985
-0.189615
-0.141079
-0.0991062
-0.0660109
-0.0418664
-0.0253937
-0.014807
-0.00841162
-0.0048559
-0.00312323
-0.00250949
-0.00254215
-0.00291282
-0.00342409
-0.00395471
-0.0044337
-0.00482503
-0.00511277
-0.00529523
-0.00537852
-0.00537339
-0.00529325
-0.00515279
-0.0049669
-0.00474959
-0.00451468
-0.00427235
-0.00403122
-0.00379756
-0.00357516
-0.00336584
-0.00316992
-0.00298668
-0.00281479
-0.00265267
-0.00249883
-0.00235198
-0.0022112
-0.00207586
-0.00194559
-0.00182023
-0.00169978
-0.00158426
-0.00147375
-0.00136826
-0.0012678
-0.00117234
-0.00108181
-0.000996091
-0.000915032
-0.000838423
-0.000766019
-0.000697549
-0.000632741
-0.000571348
-0.000513168
-0.000458056
-0.000405925
-0.000356733
-0.000310477
-0.000267182
-0.000226904
-0.000189737
-0.000155823
-0.000125333
-9.84373e-05
-7.5241e-05
-5.5713e-05
-3.9631e-05
-2.65698e-05
-1.59449e-05
-7.11188e-06
4.96605e-07
7.22217e-06
1.30569e-05
1.76076e-05
2.02098e-05
2.02179e-05
1.74019e-05
1.22701e-05
6.09827e-06
5.43315e-07
-3.0063e-06
-4.03768e-06
-3.06149e-06
-1.20989e-06
4.14989e-07
1.24001e-06
1.30241e-06
9.72405e-07
6.06041e-07
3.67022e-07
2.50847e-07
1.9376e-07
1.51052e-07
1.11857e-07
8.01189e-08
5.82928e-08
4.40675e-08
3.41644e-08
2.65896e-08
2.07618e-08
1.63735e-08
1.31787e-08
1.079e-08
9.01573e-09
7.63245e-09
6.59143e-09
5.74941e-09
5.10758e-09
4.55865e-09
4.13453e-09
3.74832e-09
3.44791e-09
3.15593e-09
2.92895e-09
2.69431e-09
2.51369e-09
2.3163e-09
2.1672e-09
1.99547e-09
1.86971e-09
1.71583e-09
1.60968e-09
1.46594e-09
1.3819e-09
1.23339e-09
1.1906e-09
9.94486e-10
1.06109e-09
6.84985e-10
1.09985e-09
9.78108e-11
1.7701e-09
0.112407
0.114935
0.123468
0.137259
0.159505
0.195116
0.25289
0.320968
0.430826
-0.316333
-0.321793
-0.321072
-0.322517
-0.323984
-0.328416
-0.334431
-0.342076
-0.34825
-0.349529
-0.341256
-0.320283
-0.285702
-0.240119
-0.189195
-0.139638
-0.0967543
-0.0630976
-0.0388199
-0.0225796
-0.0124406
-0.00656101
-0.00352294
-0.00223912
-0.00197864
-0.00226396
-0.0027947
-0.00338946
-0.00394651
-0.00441279
-0.00476888
-0.00501251
-0.00515426
-0.00520803
-0.00518813
-0.00510801
-0.00498001
-0.00481539
-0.00462435
-0.00441746
-0.00420219
-0.00398485
-0.00377047
-0.00356233
-0.0033623
-0.00317121
-0.00298915
-0.00281577
-0.00265042
-0.00249278
-0.00234201
-0.00219783
-0.00205994
-0.00192814
-0.00180224
-0.00168212
-0.00156761
-0.00145854
-0.00135473
-0.00125598
-0.00116212
-0.00107298
-0.000988367
-0.000908121
-0.000832048
-0.000759941
-0.000691585
-0.000626768
-0.000565299
-0.000507026
-0.000451838
-0.000399674
-0.000350507
-0.000304339
-0.000261199
-0.000221142
-0.000184263
-0.000150693
-0.000120594
-9.41135e-05
-7.13254e-05
-5.21659e-05
-3.63831e-05
-2.35325e-05
-1.30263e-05
-4.23472e-06
3.37842e-06
1.01117e-05
1.5912e-05
2.03484e-05
2.27375e-05
2.2439e-05
1.92536e-05
1.37373e-05
7.2166e-06
1.38607e-06
-2.3527e-06
-3.50158e-06
-2.60266e-06
-8.17123e-07
7.35746e-07
1.48209e-06
1.46886e-06
1.07692e-06
6.67333e-07
4.02102e-07
2.7152e-07
2.06591e-07
1.59188e-07
1.1698e-07
8.33441e-08
6.0383e-08
4.54796e-08
3.51399e-08
2.72661e-08
2.12304e-08
1.67e-08
1.34093e-08
1.09551e-08
9.13501e-09
7.71913e-09
6.65478e-09
5.79597e-09
5.14198e-09
4.58418e-09
4.15359e-09
3.76265e-09
3.45875e-09
3.16422e-09
2.93535e-09
2.69931e-09
2.51764e-09
2.31945e-09
2.16976e-09
1.99757e-09
1.87142e-09
1.71728e-09
1.6109e-09
1.46692e-09
1.38277e-09
1.234e-09
1.19127e-09
9.94709e-10
1.06177e-09
6.84679e-10
1.10095e-09
9.65561e-11
1.77232e-09
0.112407
0.114935
0.123468
0.137258
0.159504
0.195114
0.252886
0.331117
0.48868
-0.315307
-0.322134
-0.321484
-0.32276
-0.323673
-0.327199
-0.332211
-0.339193
-0.345562
-0.348212
-0.342316
-0.323887
-0.291118
-0.245583
-0.193198
-0.141561
-0.0966975
-0.0616446
-0.0367198
-0.0204417
-0.0106437
-0.005351
-0.00287767
-0.00208166
-0.00218771
-0.00270718
-0.00334887
-0.00395282
-0.00444267
-0.00479804
-0.00502504
-0.00514431
-0.00517858
-0.00514936
-0.00507391
-0.0049649
-0.00483111
-0.00467885
-0.00451294
-0.00433617
-0.00415205
-0.00396351
-0.00377279
-0.00358193
-0.00339264
-0.00320625
-0.0030239
-0.00284653
-0.00267505
-0.00250993
-0.00235196
-0.00220137
-0.00205838
-0.00192297
-0.00179498
-0.00167409
-0.00155987
-0.00145185
-0.00134951
-0.00125242
-0.00116014
-0.00107236
-0.000988815
-0.000909291
-0.000833615
-0.000761625
-0.000693171
-0.000628109
-0.000566319
-0.000507704
-0.000452199
-0.000399768
-0.000350401
-0.000304103
-0.000260898
-0.000220829
-0.000183976
-0.000150458
-0.000120422
-9.40037e-05
-7.12719e-05
-5.21573e-05
-3.64059e-05
-2.35733e-05
-1.30735e-05
-4.27945e-06
3.34161e-06
1.00849e-05
1.58945e-05
2.03381e-05
2.27315e-05
2.2435e-05
1.925e-05
1.37334e-05
7.2125e-06
1.38226e-06
-2.35598e-06
-3.5038e-06
-2.60399e-06
-8.17772e-07
7.35518e-07
1.48205e-06
1.46888e-06
1.07694e-06
6.67357e-07
4.0213e-07
2.71552e-07
2.06622e-07
1.59216e-07
1.17004e-07
8.33652e-08
6.0401e-08
4.54958e-08
3.51541e-08
2.72784e-08
2.12411e-08
1.67093e-08
1.34174e-08
1.09621e-08
9.14115e-09
7.72453e-09
6.65953e-09
5.80018e-09
5.14571e-09
4.58751e-09
4.15657e-09
3.76534e-09
3.46118e-09
3.16643e-09
2.93734e-09
2.70112e-09
2.51928e-09
2.32096e-09
2.17113e-09
1.99882e-09
1.87257e-09
1.71831e-09
1.61182e-09
1.46774e-09
1.38349e-09
1.23459e-09
1.19181e-09
9.95052e-10
1.06221e-09
6.84616e-10
1.10153e-09
9.55508e-11
1.77405e-09
0.111384
0.113779
0.12184
0.134743
0.155132
0.186777
0.235554
0.303156
0.41417
-0.316564
-0.319298
-0.323946
-0.322939
-0.323602
-0.323767
-0.32639
-0.330734
-0.337654
-0.34498
-0.34973
-0.346559
-0.330428
-0.298309
-0.252528
-0.198812
-0.145385
-0.0989203
-0.0627405
-0.0371977
-0.0206718
-0.0108809
-0.00570078
-0.0034033
-0.00276584
-0.00297383
-0.00352495
-0.00413298
-0.0046544
-0.0050333
-0.00526417
-0.0053675
-0.00537514
-0.00531647
-0.00521588
-0.00509083
-0.00495219
-0.00480566
-0.00465355
-0.00449662
-0.00433346
-0.0041648
-0.00399074
-0.00381163
-0.00362852
-0.00344284
-0.00325632
-0.00307081
-0.0028882
-0.00271022
-0.00253839
-0.00237396
-0.00221774
-0.00207023
-0.00193152
-0.00180141
-0.00167943
-0.00156496
-0.00145727
-0.00135561
-0.00125932
-0.00116782
-0.00108067
-0.000997549
-0.000918224
-0.000842534
-0.000770353
-0.000701577
-0.000636114
-0.000573881
-0.000514822
-0.0004589
-0.000406097
-0.000356409
-0.000309837
-0.000266388
-0.00022609
-0.000189
-0.000155222
-0.000124895
-9.81621e-05
-7.51105e-05
-5.56975e-05
-3.96958e-05
-2.66803e-05
-1.6071e-05
-7.23063e-06
3.99264e-07
7.15153e-06
1.30112e-05
1.75806e-05
2.01942e-05
2.02073e-05
1.73922e-05
1.22597e-05
6.08736e-06
5.33035e-07
-3.01504e-06
-4.04384e-06
-3.06513e-06
-1.21162e-06
4.14396e-07
1.23992e-06
1.30248e-06
9.72486e-07
6.06122e-07
3.67114e-07
2.50946e-07
1.93856e-07
1.51138e-07
1.11931e-07
8.01823e-08
5.83467e-08
4.41162e-08
3.42069e-08
2.66264e-08
2.07937e-08
1.64011e-08
1.32027e-08
1.0811e-08
9.03411e-09
7.64861e-09
6.60565e-09
5.76202e-09
5.11876e-09
4.56864e-09
4.14345e-09
3.75638e-09
3.45517e-09
3.16256e-09
2.9349e-09
2.69974e-09
2.51861e-09
2.32082e-09
2.1713e-09
1.99923e-09
1.87308e-09
1.71892e-09
1.61243e-09
1.46838e-09
1.38404e-09
1.23517e-09
1.19221e-09
9.95502e-10
1.06237e-09
6.84796e-10
1.10159e-09
9.47954e-11
1.77529e-09
0.109394
0.111536
0.11874
0.129975
0.147259
0.171839
0.207646
0.251275
0.264769
-0.24823
-0.324285
-0.323531
-0.324173
-0.321865
-0.322566
-0.322501
-0.324886
-0.329084
-0.336322
-0.344605
-0.350799
-0.349048
-0.334144
-0.302923
-0.257035
-0.202847
-0.148936
-0.102182
-0.0658883
-0.0402784
-0.0236625
-0.0137354
-0.0083618
-0.00582922
-0.00492864
-0.0048602
-0.00513361
-0.00547365
-0.0057457
-0.00590121
-0.00594009
-0.00588475
-0.00576434
-0.00560545
-0.00542897
-0.00524879
-0.00507223
-0.00490157
-0.00473585
-0.0045723
-0.00440766
-0.00423923
-0.00406533
-0.00388534
-0.00369976
-0.00351
-0.00331804
-0.0031262
-0.00293685
-0.00275223
-0.00257422
-0.00240433
-0.00224352
-0.00209234
-0.00195085
-0.00181877
-0.00169552
-0.00158029
-0.00147221
-0.0013704
-0.00127406
-0.0011825
-0.00109522
-0.00101187
-0.000932208
-0.000856089
-0.000783416
-0.000714113
-0.000648117
-0.000585371
-0.000525832
-0.000469473
-0.000416279
-0.000366242
-0.000319351
-0.000275597
-0.000234985
-0.000197546
-0.000163361
-0.00013256
-0.00010529
-8.16589e-05
-6.16624e-05
-4.51179e-05
-3.16439e-05
-2.06922e-05
-1.16364e-05
-3.90195e-06
2.88805e-06
8.78606e-06
1.34703e-05
1.63368e-05
1.67656e-05
1.45034e-05
9.98964e-06
4.40563e-06
-6.75728e-07
-3.91298e-06
-4.77873e-06
-3.72114e-06
-1.80777e-06
-9.94297e-08
8.37986e-07
1.02204e-06
7.97237e-07
5.0514e-07
3.10256e-07
2.17436e-07
1.72673e-07
1.37376e-07
1.031e-07
7.45465e-08
5.46406e-08
4.1568e-08
3.2418e-08
2.5375e-08
1.99254e-08
1.57973e-08
1.2778e-08
1.05091e-08
8.8184e-09
7.49426e-09
6.49505e-09
5.68279e-09
5.06203e-09
4.52818e-09
4.11468e-09
3.73609e-09
3.44093e-09
3.15274e-09
2.92813e-09
2.69525e-09
2.51569e-09
2.31905e-09
2.17029e-09
1.9988e-09
1.87299e-09
1.71913e-09
1.61273e-09
1.46885e-09
1.38443e-09
1.23573e-09
1.19246e-09
9.9608e-10
1.06228e-09
6.85293e-10
1.10106e-09
9.44097e-11
1.77578e-09
0.10654
0.108352
0.114389
0.123596
0.136773
0.154703
0.173232
0.189307
0.150996
-0.167118
-0.411508
-0.311696
-0.320665
-0.324696
-0.323568
-0.323744
-0.323032
-0.324685
-0.328468
-0.335461
-0.343731
-0.350052
-0.348479
-0.333633
-0.30253
-0.257254
-0.204262
-0.151911
-0.106619
-0.0713346
-0.0461392
-0.0294127
-0.019022
-0.0130005
-0.00977095
-0.00820186
-0.00753415
-0.00729327
-0.00720553
-0.0071303
-0.00700853
-0.00682879
-0.00660155
-0.00634602
-0.00608086
-0.00582033
-0.00557323
-0.00534311
-0.00512936
-0.00492882
-0.00473697
-0.00454918
-0.00436165
-0.00417187
-0.00397846
-0.00378141
-0.00358175
-0.00338127
-0.00318211
-0.00298653
-0.00279664
-0.00261419
-0.00244056
-0.00227663
-0.0021228
-0.00197907
-0.00184506
-0.00172013
-0.00160344
-0.00149406
-0.00139108
-0.00129366
-0.00120111
-0.00111291
-0.0010287
-0.000948225
-0.000871354
-0.00079799
-0.000728061
-0.000661507
-0.000598271
-0.000538305
-0.000481576
-0.000428062
-0.000377742
-0.000330595
-0.000286595
-0.000245726
-0.000207993
-0.000173449
-0.000142195
-0.000114362
-9.00536e-05
-6.92842e-05
-5.19135e-05
-3.76232e-05
-2.59405e-05
-1.63124e-05
-8.2096e-06
-1.24904e-06
4.68771e-06
9.39257e-06
1.23891e-05
1.31512e-05
1.14445e-05
7.63887e-06
2.7802e-06
-1.70284e-06
-4.56645e-06
-5.28352e-06
-4.21918e-06
-2.3325e-06
-6.07699e-07
4.10958e-07
7.14202e-07
6.04547e-07
3.96143e-07
2.49796e-07
1.81068e-07
1.48468e-07
1.20804e-07
9.2091e-08
6.73627e-08
4.98115e-08
3.81618e-08
2.99667e-08
2.36264e-08
1.86945e-08
1.49313e-08
1.21627e-08
1.00683e-08
8.50144e-09
7.26638e-09
6.33109e-09
5.56483e-09
4.97715e-09
4.4673e-09
4.07108e-09
3.70505e-09
3.41887e-09
3.13731e-09
2.91727e-09
2.68783e-09
2.51062e-09
2.31577e-09
2.16817e-09
1.99761e-09
1.87234e-09
1.71897e-09
1.61274e-09
1.46917e-09
1.38466e-09
1.23629e-09
1.19258e-09
9.96817e-10
1.0619e-09
6.86165e-10
1.09979e-09
9.46161e-11
1.77509e-09
0.102961
0.104386
0.109112
0.115999
0.125143
0.13576
0.142327
0.134736
0.0627498
-0.134151
-0.305876
-0.293759
-0.308296
-0.31422
-0.317172
-0.319016
-0.319554
-0.321842
-0.325954
-0.332946
-0.340836
-0.346067
-0.343107
-0.327195
-0.296221
-0.252629
-0.202678
-0.153785
-0.111425
-0.0780321
-0.0536242
-0.0368247
-0.0258257
-0.0189322
-0.0147637
-0.0123038
-0.0108513
-0.00995132
-0.00932784
-0.00882666
-0.00837127
-0.00793155
-0.00750177
-0.00708706
-0.00669497
-0.00633154
-0.00599972
-0.00569907
-0.00542631
-0.00517638
-0.00494334
-0.00472148
-0.0045059
-0.00429316
-0.00408115
-0.00386916
-0.00365759
-0.00344768
-0.00324107
-0.0030396
-0.00284499
-0.00265868
-0.00248179
-0.002315
-0.00215856
-0.00201238
-0.00187604
-0.00174888
-0.00163005
-0.00151867
-0.00141384
-0.00131474
-0.0012207
-0.00113117
-0.00104579
-0.000964303
-0.000886552
-0.00081243
-0.000741854
-0.000674753
-0.000611061
-0.000550721
-0.00049369
-0.000439931
-0.000389416
-0.000342113
-0.000297985
-0.000257001
-0.000219145
-0.000184436
-0.000152929
-0.000124699
-9.98035e-05
-7.82289e-05
-5.98471e-05
-4.44064e-05
-3.15534e-05
-2.08818e-05
-1.19973e-05
-4.58996e-06
1.48617e-06
6.15539e-06
9.13258e-06
1.00667e-05
8.80879e-06
5.68594e-06
1.59003e-06
-2.24365e-06
-4.71703e-06
-5.33125e-06
-4.36246e-06
-2.62381e-06
-9.86322e-07
4.61194e-08
4.35282e-07
4.28102e-07
2.983e-07
1.96422e-07
1.47875e-07
1.24749e-07
1.03463e-07
8.0056e-08
5.92779e-08
4.42413e-08
3.41362e-08
2.70021e-08
2.14725e-08
1.71569e-08
1.38376e-08
1.13791e-08
9.50311e-09
8.0932e-09
6.97192e-09
6.11866e-09
5.41164e-09
4.86664e-09
4.38782e-09
4.01394e-09
3.6642e-09
3.38967e-09
3.11699e-09
2.90267e-09
2.6777e-09
2.50358e-09
2.31108e-09
2.16502e-09
1.9957e-09
1.87114e-09
1.71845e-09
1.61247e-09
1.46934e-09
1.38473e-09
1.23686e-09
1.19252e-09
9.97773e-10
1.06114e-09
6.87537e-10
1.09758e-09
9.57787e-11
1.77253e-09
0.0988135
0.0998378
0.103194
0.107816
0.11316
0.117917
0.116001
0.0988332
0.0345014
-0.124332
-0.238754
-0.248116
-0.276391
-0.293679
-0.303179
-0.309346
-0.312818
-0.316478
-0.320993
-0.326951
-0.332672
-0.33531
-0.33017
-0.313409
-0.283752
-0.243702
-0.198634
-0.154605
-0.116038
-0.0849653
-0.061507
-0.0446565
-0.0330043
-0.0251739
-0.0200022
-0.0165974
-0.0143187
-0.0127303
-0.011552
-0.0106132
-0.00981704
-0.00911279
-0.0084765
-0.00789834
-0.00737451
-0.00690267
-0.00647988
-0.00610174
-0.00576245
-0.00545536
-0.00517354
-0.00491058
-0.004661
-0.00442067
-0.00418675
-0.00395773
-0.0037332
-0.00351357
-0.00329976
-0.00309292
-0.00289421
-0.00270464
-0.00252496
-0.0023556
-0.00219668
-0.00204801
-0.00190914
-0.00177944
-0.00165812
-0.00154433
-0.00143724
-0.0013361
-0.00124024
-0.00114915
-0.00106244
-0.000979849
-0.000901179
-0.000826297
-0.000755099
-0.000687492
-0.000623398
-0.000562747
-0.000505481
-0.000451555
-0.000400929
-0.000353566
-0.000309426
-0.00026847
-0.000230671
-0.000196012
-0.000164494
-0.000136111
-0.000110831
-8.85611e-05
-6.91424e-05
-5.23664e-05
-3.80097e-05
-2.58719e-05
-1.57785e-05
-7.5714e-06
-1.13041e-06
3.58433e-06
6.50925e-06
7.52795e-06
6.6361e-06
4.15303e-06
8.19425e-07
-2.34684e-06
-4.42309e-06
-4.96308e-06
-4.158e-06
-2.65902e-06
-1.19752e-06
-2.19831e-07
2.11206e-07
2.81811e-07
2.17353e-07
1.52187e-07
1.18891e-07
1.02277e-07
8.59388e-08
6.73503e-08
5.04807e-08
3.80502e-08
2.9593e-08
2.36106e-08
1.89775e-08
1.5356e-08
1.25456e-08
1.04475e-08
8.82849e-09
7.60452e-09
6.61867e-09
5.86335e-09
5.22726e-09
4.7334e-09
4.29183e-09
3.94478e-09
3.61464e-09
3.35407e-09
3.09078e-09
2.88472e-09
2.66519e-09
2.49481e-09
2.30517e-09
2.16097e-09
1.99317e-09
1.86948e-09
1.71765e-09
1.61197e-09
1.46943e-09
1.38467e-09
1.23751e-09
1.19232e-09
9.9898e-10
1.05998e-09
6.89624e-10
1.09417e-09
9.84346e-11
1.76717e-09
0.0942612
0.094888
0.0969173
0.0993776
0.101427
0.101187
0.0935329
0.0698273
0.0138694
-0.10137
-0.197836
-0.225105
-0.254993
-0.273565
-0.285225
-0.293885
-0.299814
-0.305039
-0.310101
-0.315318
-0.319364
-0.319744
-0.312958
-0.296266
-0.269016
-0.233392
-0.193694
-0.154677
-0.119901
-0.0911408
-0.0686895
-0.0519032
-0.0397412
-0.0311143
-0.0250568
-0.0207953
-0.0177504
-0.0155105
-0.0137966
-0.0124277
-0.0112906
-0.0103178
-0.00946955
-0.00872255
-0.00806234
-0.00747848
-0.00696215
-0.00650492
-0.00609827
-0.00573376
-0.00540327
-0.00509951
-0.00481622
-0.00454851
-0.00429281
-0.00404681
-0.0038093
-0.0035799
-0.00335879
-0.00314647
-0.00294355
-0.00275058
-0.00256798
-0.00239595
-0.00223445
-0.0020832
-0.00194174
-0.00180944
-0.00168556
-0.00156933
-0.00145996
-0.00135675
-0.00125907
-0.00116642
-0.0010784
-0.000994721
-0.000915159
-0.00083955
-0.000767763
-0.000699685
-0.000635224
-0.000574296
-0.000516835
-0.000462786
-0.000412102
-0.00036474
-0.000320663
-0.000279832
-0.000242211
-0.000207763
-0.000176429
-0.000148115
-0.000122674
-9.99014e-05
-7.95635e-05
-6.14634e-05
-4.55027e-05
-3.16912e-05
-2.01021e-05
-1.07928e-05
-3.73031e-06
1.21174e-06
4.18232e-06
5.31127e-06
4.76667e-06
2.89025e-06
2.9255e-07
-2.21893e-06
-3.90152e-06
-4.37191e-06
-3.74686e-06
-2.5224e-06
-1.28148e-06
-4.02809e-07
3.44075e-08
1.59021e-07
1.46695e-07
1.11966e-07
9.12228e-08
7.98138e-08
6.78614e-08
5.38836e-08
4.0944e-08
3.12488e-08
2.45773e-08
1.98544e-08
1.61983e-08
1.33352e-08
1.10865e-08
9.39151e-09
8.06216e-09
7.04862e-09
6.21639e-09
5.57235e-09
5.01695e-09
4.58129e-09
4.18213e-09
3.86562e-09
3.55785e-09
3.31326e-09
3.0621e-09
2.864e-09
2.65068e-09
2.48454e-09
2.29821e-09
2.15612e-09
1.99011e-09
1.8674e-09
1.71658e-09
1.61124e-09
1.46942e-09
1.38446e-09
1.23821e-09
1.19197e-09
1.00053e-09
1.05832e-09
6.9265e-10
1.08919e-09
1.03323e-10
1.75775e-09
0.0894634
0.0897202
0.0905116
0.0910521
0.0903085
0.0862845
0.0747332
0.0484702
-0.00107026
-0.0909346
-0.170826
-0.202666
-0.233188
-0.254704
-0.269384
-0.280358
-0.288132
-0.294314
-0.299428
-0.303675
-0.305978
-0.304416
-0.296474
-0.280276
-0.255516
-0.223989
-0.189045
-0.154405
-0.122961
-0.096297
-0.0748397
-0.0582294
-0.0457206
-0.0364656
-0.0296715
-0.0246743
-0.0209557
-0.0181319
-0.0159302
-0.0141637
-0.0127078
-0.011481
-0.0104305
-0.00952142
-0.00872977
-0.00803783
-0.00743132
-0.00689788
-0.0064263
-0.00600633
-0.00562867
-0.00528513
-0.0049688
-0.00467411
-0.00439683
-0.00413391
-0.00388341
-0.00364419
-0.00341573
-0.00319789
-0.00299075
-0.00279441
-0.00260897
-0.00243436
-0.00227039
-0.00211671
-0.00197281
-0.00183807
-0.00171179
-0.00159324
-0.00148171
-0.00137652
-0.0012771
-0.00118295
-0.00109366
-0.00100893
-0.000928515
-0.000852214
-0.000779871
-0.000711355
-0.000646556
-0.000585382
-0.000527755
-0.00047361
-0.000422895
-0.000375564
-0.000331579
-0.000290909
-0.000253515
-0.000219341
-0.000188282
-0.000160163
-0.00013472
-0.000111626
-9.05592e-05
-7.13048e-05
-5.38369e-05
-3.83647e-05
-2.52243e-05
-1.46745e-05
-6.78669e-06
-1.4068e-06
1.78111e-06
3.13116e-06
2.97771e-06
1.69897e-06
-1.96343e-07
-2.08186e-06
-3.37726e-06
-3.76039e-06
-3.28652e-06
-2.31711e-06
-1.29526e-06
-5.30456e-07
-1.08766e-07
5.10643e-08
7.96485e-08
7.09784e-08
6.20992e-08
5.61674e-08
4.88383e-08
3.95557e-08
3.06424e-08
2.38409e-08
1.91183e-08
1.57793e-08
1.3182e-08
1.11339e-08
9.49146e-09
8.23507e-09
7.22272e-09
6.43945e-09
5.7753e-09
5.25299e-09
4.78602e-09
4.41411e-09
4.06152e-09
3.7785e-09
3.49533e-09
3.26826e-09
3.03015e-09
2.84106e-09
2.63465e-09
2.47314e-09
2.29047e-09
2.15068e-09
1.98667e-09
1.86501e-09
1.71537e-09
1.61035e-09
1.46941e-09
1.38417e-09
1.239e-09
1.19141e-09
1.00251e-09
1.05612e-09
6.96941e-10
1.08227e-09
1.11488e-10
1.74258e-09
0.0845679
0.0844901
0.0841716
0.0830433
0.0800157
0.0731091
0.0590046
0.0319064
-0.0124328
-0.0837954
-0.15033
-0.185455
-0.216869
-0.239722
-0.255817
-0.267996
-0.276869
-0.28366
-0.288796
-0.292359
-0.293514
-0.290749
-0.282249
-0.266745
-0.244172
-0.216023
-0.184952
-0.153911
-0.12528
-0.100466
-0.0799698
-0.063632
-0.0509323
-0.0412168
-0.0338384
-0.028231
-0.0239351
-0.0205971
-0.0179555
-0.0158228
-0.0140676
-0.0125986
-0.0113529
-0.0102861
-0.00936625
-0.00856907
-0.00787524
-0.00726865
-0.00673538
-0.00626326
-0.0058416
-0.0054612
-0.0051143
-0.0047946
-0.00449716
-0.00421828
-0.00395531
-0.00370649
-0.00347069
-0.00324722
-0.00303569
-0.00283583
-0.00264742
-0.00247019
-0.00230378
-0.00214775
-0.00200156
-0.00186456
-0.00173609
-0.00161546
-0.00150198
-0.00139502
-0.00129402
-0.0011985
-0.00110805
-0.00102236
-0.000941144
-0.000864193
-0.000791327
-0.000722398
-0.000657282
-0.000595876
-0.000538092
-0.000483858
-0.000433115
-0.000385813
-0.000341917
-0.000301397
-0.000264216
-0.000230303
-0.000199518
-0.000171615
-0.000146234
-0.000122938
-0.000101314
-8.11104e-05
-6.2389e-05
-4.54871e-05
-3.09075e-05
-1.91354e-05
-1.03624e-05
-4.4038e-06
-8.27043e-07
8.76202e-07
1.17625e-06
4.88977e-07
-7.50729e-07
-2.05793e-06
-2.98354e-06
-3.25772e-06
-2.88755e-06
-2.12318e-06
-1.28935e-06
-6.31145e-07
-2.33424e-07
-5.05522e-08
1.08906e-08
2.58071e-08
2.9555e-08
3.0552e-08
2.86775e-08
2.44259e-08
1.96991e-08
1.59475e-08
1.33235e-08
1.14776e-08
1.00033e-08
8.80911e-09
7.80228e-09
7.00881e-09
6.3327e-09
5.79372e-09
5.3078e-09
4.91442e-09
4.54122e-09
4.2368e-09
3.93356e-09
3.68595e-09
3.42889e-09
3.22034e-09
2.9961e-09
2.81656e-09
2.61751e-09
2.46087e-09
2.28216e-09
2.14476e-09
1.98293e-09
1.86234e-09
1.714e-09
1.60929e-09
1.46935e-09
1.38373e-09
1.23998e-09
1.1907e-09
1.00496e-09
1.05325e-09
7.02788e-10
1.07287e-09
1.24244e-10
1.71938e-09
0.0797079
0.0793385
0.0780513
0.0755241
0.0706686
0.0616692
0.0459664
0.0191093
-0.0208661
-0.0792863
-0.135983
-0.171489
-0.20237
-0.225968
-0.243459
-0.256928
-0.266901
-0.274316
-0.279539
-0.282603
-0.282857
-0.279198
-0.270357
-0.255505
-0.234742
-0.209327
-0.181391
-0.153305
-0.127042
-0.103848
-0.0842538
-0.0682388
-0.0554533
-0.0454
-0.0375554
-0.0314403
-0.0266505
-0.0228633
-0.0198308
-0.017368
-0.0153395
-0.0136472
-0.0122199
-0.0110056
-0.00996531
-0.00906911
-0.00829315
-0.00761786
-0.00702676
-0.00650581
-0.00604296
-0.005628
-0.00525237
-0.00490908
-0.00459253
-0.0042984
-0.00402346
-0.00376533
-0.00352234
-0.00329333
-0.00307747
-0.00287415
-0.00268285
-0.0025031
-0.0023344
-0.0021762
-0.00202791
-0.00188889
-0.00175846
-0.00163596
-0.00152074
-0.00141219
-0.00130977
-0.00121301
-0.00112151
-0.00103492
-0.000952963
-0.000875405
-0.00080205
-0.000732734
-0.000667319
-0.000605693
-0.000547759
-0.000493436
-0.000442658
-0.000395371
-0.000351538
-0.000311132
-0.000274113
-0.000240399
-0.00020982
-0.000182079
-0.000156741
-0.000133288
-0.000111236
-9.03269e-05
-7.06207e-05
-5.25458e-05
-3.67791e-05
-2.3932e-05
-1.42902e-05
-7.6945e-06
-3.63009e-06
-1.47065e-06
-6.65118e-07
-7.72073e-07
-1.40869e-06
-2.19281e-06
-2.7725e-06
-2.91817e-06
-2.60071e-06
-1.98137e-06
-1.29161e-06
-7.20671e-07
-3.46615e-07
-1.4796e-07
-5.96737e-08
-2.31169e-08
-5.95929e-09
3.35628e-09
7.73465e-09
8.79901e-09
8.34467e-09
7.72739e-09
7.30051e-09
7.02767e-09
6.72423e-09
6.41093e-09
6.05873e-09
5.74321e-09
5.41482e-09
5.12796e-09
4.82578e-09
4.56508e-09
4.2885e-09
4.0536e-09
3.80137e-09
3.59027e-09
3.36027e-09
3.1708e-09
2.96096e-09
2.79123e-09
2.59984e-09
2.44817e-09
2.27361e-09
2.13861e-09
1.97912e-09
1.85957e-09
1.71265e-09
1.60818e-09
1.46939e-09
1.38325e-09
1.24113e-09
1.18981e-09
1.00801e-09
1.0497e-09
7.10633e-10
1.06054e-09
1.43349e-10
1.68526e-09
0.0749989
0.0743809
0.0722696
0.0685921
0.0623054
0.0518082
0.0351663
0.00905515
-0.0272797
-0.0764509
-0.125393
-0.160186
-0.190484
-0.214468
-0.232787
-0.247023
-0.257681
-0.265488
-0.270751
-0.273467
-0.273158
-0.269011
-0.260129
-0.245988
-0.226797
-0.203642
-0.178271
-0.152625
-0.128359
-0.106578
-0.0878157
-0.0721491
-0.0593569
-0.0490666
-0.0408575
-0.0343261
-0.0291187
-0.0249424
-0.0215644
-0.0188047
-0.0165269
-0.014628
-0.0130312
-0.0116781
-0.0105241
-0.00953434
-0.00868095
-0.00794119
-0.00729617
-0.00672999
-0.00622925
-0.00578265
-0.00538079
-0.00501593
-0.00468186
-0.00437366
-0.00408754
-0.00382062
-0.00357075
-0.00333635
-0.00311623
-0.00290947
-0.00271531
-0.0025331
-0.00236219
-0.00220195
-0.00205173
-0.00191087
-0.0017787
-0.00165455
-0.0015378
-0.00142786
-0.00132419
-0.00122634
-0.00113388
-0.00104649
-0.000963859
-0.000885744
-0.000811935
-0.000742255
-0.000676559
-0.000614721
-0.000556636
-0.000502217
-0.000451389
-0.000404094
-0.000360292
-0.000319951
-0.000283027
-0.000249427
-0.000218957
-0.00019128
-0.000165916
-0.000142291
-0.000119893
-9.84294e-05
-7.79841e-05
-5.90579e-05
-4.23997e-05
-2.87078e-05
-1.83225e-05
-1.1096e-05
-6.49306e-06
-3.82748e-06
-2.49622e-06
-2.05009e-06
-2.14381e-06
-2.46596e-06
-2.73154e-06
-2.73872e-06
-2.43141e-06
-1.90307e-06
-1.31421e-06
-8.08072e-07
-4.52916e-07
-2.422e-07
-1.31327e-07
-7.47124e-08
-4.35877e-08
-2.48589e-08
-1.35238e-08
-6.91785e-09
-3.07184e-09
-5.43916e-10
1.25028e-09
2.57136e-09
3.44455e-09
4.00993e-09
4.31057e-09
4.47349e-09
4.49445e-09
4.46099e-09
4.34324e-09
4.21545e-09
4.03565e-09
3.87019e-09
3.669e-09
3.49433e-09
3.29147e-09
3.12104e-09
2.92567e-09
2.76571e-09
2.58208e-09
2.43532e-09
2.26499e-09
2.13233e-09
1.97524e-09
1.85666e-09
1.71127e-09
1.60694e-09
1.46943e-09
1.38265e-09
1.24242e-09
1.1887e-09
1.01162e-09
1.04533e-09
7.20724e-10
1.0447e-09
1.70752e-10
1.63664e-09
0.0705394
0.0697148
0.0669171
0.0623152
0.0549297
0.0433955
0.0262651
0.00112195
-0.0321699
-0.0746119
-0.11763
-0.151154
-0.180527
-0.204464
-0.223302
-0.238156
-0.249414
-0.257608
-0.262975
-0.265501
-0.264827
-0.260371
-0.251534
-0.238031
-0.220148
-0.198841
-0.175566
-0.151934
-0.129347
-0.108785
-0.0907748
-0.0754564
-0.0627065
-0.0522517
-0.0437571
-0.0368843
-0.0313247
-0.0268139
-0.0231342
-0.0201121
-0.0176113
-0.0155264
-0.0137756
-0.0122958
-0.0110376
-0.00996197
-0.00903745
-0.00823849
-0.00754399
-0.00693637
-0.0064009
-0.0059253
-0.00549935
-0.00511467
-0.00476443
-0.00444319
-0.00414665
-0.00387149
-0.00361514
-0.00337565
-0.00315148
-0.00294147
-0.00274462
-0.0025601
-0.00238716
-0.00222506
-0.00207311
-0.00193062
-0.0017969
-0.00167131
-0.00155321
-0.00144204
-0.00133727
-0.00123844
-0.00114514
-0.00105702
-0.000973781
-0.000895158
-0.000820931
-0.000750916
-0.000684955
-0.000622915
-0.000564683
-0.000510162
-0.000459272
-0.000411947
-0.000368143
-0.00032782
-0.000290925
-0.000257351
-0.000226886
-0.000199169
-0.000173691
-0.00014986
-0.000127144
-0.00010525
-8.42792e-05
-6.47624e-05
-4.74855e-05
-3.31771e-05
-2.22026e-05
-1.4423e-05
-9.29391e-06
-6.11771e-06
-4.27113e-06
-3.31168e-06
-2.92364e-06
-2.84285e-06
-2.82779e-06
-2.69379e-06
-2.36441e-06
-1.88318e-06
-1.35779e-06
-8.94946e-07
-5.52122e-07
-3.30969e-07
-2.00819e-07
-1.26007e-07
-8.12129e-08
-5.2798e-08
-3.43332e-08
-2.22621e-08
-1.42619e-08
-8.70193e-09
-4.7144e-09
-1.81373e-09
2.24928e-10
1.657e-09
2.59997e-09
3.23271e-09
3.59613e-09
3.81005e-09
3.87211e-09
3.87361e-09
3.78826e-09
3.69053e-09
3.53944e-09
3.40039e-09
3.22427e-09
3.07239e-09
2.89132e-09
2.74082e-09
2.56489e-09
2.42279e-09
2.25673e-09
2.12623e-09
1.97163e-09
1.85386e-09
1.71009e-09
1.60577e-09
1.46966e-09
1.38208e-09
1.24397e-09
1.18748e-09
1.01596e-09
1.04025e-09
7.33485e-10
1.02504e-09
2.08739e-10
1.56967e-09
0.0664109
0.0654179
0.0620597
0.0567279
0.048514
0.0362801
0.0189549
-0.00517726
-0.0359447
-0.073434
-0.111863
-0.14391
-0.172331
-0.196083
-0.215214
-0.230455
-0.242099
-0.250536
-0.255954
-0.258341
-0.25744
-0.252847
-0.244172
-0.231293
-0.214541
-0.194771
-0.173222
-0.151253
-0.130072
-0.110555
-0.0932127
-0.0782292
-0.065554
-0.0549921
-0.0462785
-0.0391301
-0.0332779
-0.028483
-0.0245429
-0.021291
-0.0185927
-0.0163411
-0.0144513
-0.0128565
-0.0115033
-0.0103492
-0.00935978
-0.0085069
-0.0077675
-0.00712241
-0.00655569
-0.00605407
-0.00560658
-0.00520415
-0.00483942
-0.00450644
-0.00420048
-0.00391781
-0.00365549
-0.00341126
-0.00318331
-0.00297023
-0.00277084
-0.00258417
-0.00240933
-0.00224554
-0.00209203
-0.00194808
-0.001813
-0.00168614
-0.00156688
-0.00145465
-0.00134892
-0.00124924
-0.00115521
-0.00106645
-0.000982664
-0.000903585
-0.000828981
-0.000758658
-0.000692451
-0.000630219
-0.000571842
-0.000517215
-0.00046625
-0.000418876
-0.00037504
-0.000334691
-0.000297766
-0.000264141
-0.000233587
-0.000205731
-0.000180054
-0.000155966
-0.000132942
-0.000110702
-8.93693e-05
-6.94832e-05
-5.18271e-05
-3.71223e-05
-2.57259e-05
-1.74984e-05
-1.19019e-05
-8.24829e-06
-5.92583e-06
-4.50659e-06
-3.70032e-06
-3.27439e-06
-3.0142e-06
-2.74452e-06
-2.3735e-06
-1.90844e-06
-1.41833e-06
-9.81483e-07
-6.44864e-07
-4.13853e-07
-2.66881e-07
-1.75582e-07
-1.17699e-07
-7.96547e-08
-5.41036e-08
-3.67383e-08
-2.48041e-08
-1.63835e-08
-1.03469e-08
-5.95971e-09
-2.82376e-09
-5.75279e-10
9.75093e-10
2.05413e-09
2.74408e-09
3.19377e-09
3.42694e-09
3.55082e-09
3.55475e-09
3.52075e-09
3.41694e-09
3.31136e-09
3.16062e-09
3.02619e-09
2.85878e-09
2.71713e-09
2.5486e-09
2.41081e-09
2.24889e-09
2.12032e-09
1.96817e-09
1.85107e-09
1.70895e-09
1.60452e-09
1.4699e-09
1.38135e-09
1.24557e-09
1.186e-09
1.02078e-09
1.03435e-09
7.48832e-10
1.00126e-09
2.59117e-10
1.48067e-09
0.06268
0.0615524
0.0577455
0.0518482
0.0430217
0.0303333
0.0129974
-0.0101746
-0.0388666
-0.072668
-0.107559
-0.138152
-0.165622
-0.189048
-0.208287
-0.223783
-0.235725
-0.244379
-0.24988
-0.252214
-0.251198
-0.246559
-0.238068
-0.225729
-0.209909
-0.191386
-0.171234
-0.150623
-0.130604
-0.11197
-0.0952077
-0.0805322
-0.0679468
-0.0573179
-0.0484369
-0.0410672
-0.0349736
-0.0299404
-0.0257789
-0.0223293
-0.0194598
-0.0170625
-0.0150508
-0.0133544
-0.0119171
-0.0106934
-0.00964631
-0.00874555
-0.00796628
-0.00728794
-0.00669349
-0.0061688
-0.00570216
-0.00528395
-0.0049063
-0.00456284
-0.00424843
-0.003959
-0.0036913
-0.00344278
-0.0032114
-0.00299553
-0.00279386
-0.00260524
-0.00242872
-0.00226342
-0.00210854
-0.00196332
-0.00182707
-0.00169912
-0.00157886
-0.00146571
-0.00135916
-0.00125875
-0.00116407
-0.00107475
-0.000990489
-0.000911006
-0.000836065
-0.000765466
-0.000699036
-0.000636627
-0.000578111
-0.000523378
-0.000472333
-0.000424898
-0.000381008
-0.000340602
-0.000303601
-0.000269866
-0.000239154
-0.000211086
-0.000185148
-0.000160767
-0.000137442
-0.000114924
-9.33508e-05
-7.32569e-05
-5.54022e-05
-4.04737e-05
-2.88009e-05
-2.02345e-05
-1.42471e-05
-1.01727e-05
-7.42856e-06
-5.60822e-06
-4.44486e-06
-3.72698e-06
-3.25572e-06
-2.85999e-06
-2.43618e-06
-1.96573e-06
-1.48966e-06
-1.06479e-06
-7.2872e-07
-4.8783e-07
-3.26171e-07
-2.20467e-07
-1.50888e-07
-1.04096e-07
-7.21173e-08
-4.99961e-08
-3.45405e-08
-2.35351e-08
-1.561e-08
-9.83221e-09
-5.6613e-09
-2.64312e-09
-5.22808e-10
9.71444e-10
1.96282e-09
2.62824e-09
3.01763e-09
3.25305e-09
3.33901e-09
3.3636e-09
3.30382e-09
3.22919e-09
3.1022e-09
2.98378e-09
2.82916e-09
2.69548e-09
2.53393e-09
2.39992e-09
2.24199e-09
2.115e-09
1.96532e-09
1.84863e-09
1.70822e-09
1.60348e-09
1.47049e-09
1.38076e-09
1.24751e-09
1.18457e-09
1.02628e-09
1.02797e-09
7.66854e-10
9.73796e-10
3.23143e-10
1.3676e-09
0.0593997
0.0581669
0.0540079
0.0476806
0.0384097
0.0254383
0.00819575
-0.0141199
-0.04113
-0.0721737
-0.104347
-0.133609
-0.160208
-0.183279
-0.202532
-0.218179
-0.230316
-0.239114
-0.244666
-0.246963
-0.245883
-0.241257
-0.232971
-0.221115
-0.206079
-0.188576
-0.169557
-0.150049
-0.130984
-0.113083
-0.0968159
-0.0824152
-0.0699246
-0.059258
-0.0502521
-0.042708
-0.0364192
-0.0311898
-0.0268434
-0.0232271
-0.0202116
-0.0176893
-0.0155721
-0.0137875
-0.012277
-0.0109925
-0.00989508
-0.00895255
-0.00813857
-0.00743136
-0.00681289
-0.00626825
-0.0057851
-0.00535329
-0.0049645
-0.00461197
-0.00429023
-0.0039949
-0.00372248
-0.00347017
-0.00323574
-0.00301741
-0.00281368
-0.00262335
-0.00244533
-0.00227871
-0.00212264
-0.00197634
-0.00183909
-0.00171021
-0.0015891
-0.00147518
-0.00136793
-0.0012669
-0.00117168
-0.00108189
-0.000997216
-0.000917384
-0.000842151
-0.000771309
-0.00070468
-0.000642109
-0.000583465
-0.000528629
-0.000477502
-0.000429996
-0.000386037
-0.000345552
-0.000308443
-0.000274556
-0.000243638
-0.000215308
-0.000189067
-0.00016437
-0.000140755
-0.000118006
-9.62789e-05
-7.60966e-05
-5.81806e-05
-4.31678e-05
-3.13453e-05
-2.25466e-05
-1.62553e-05
-1.18343e-05
-8.73542e-06
-6.57921e-06
-5.12016e-06
-4.16168e-06
-3.51393e-06
-3.00694e-06
-2.52813e-06
-2.04075e-06
-1.56568e-06
-1.14367e-06
-8.04357e-07
-5.53654e-07
-3.78959e-07
-2.60524e-07
-1.80421e-07
-1.25663e-07
-8.7857e-08
-6.15053e-08
-4.29819e-08
-2.9756e-08
-2.02141e-08
-1.32426e-08
-8.17548e-09
-4.48316e-09
-1.85724e-09
8.7825e-12
1.27141e-09
2.1303e-09
2.6589e-09
2.99247e-09
3.15021e-09
3.22562e-09
3.20428e-09
3.15658e-09
3.05062e-09
2.94622e-09
2.80305e-09
2.67628e-09
2.52103e-09
2.39019e-09
2.23589e-09
2.11016e-09
1.96277e-09
1.8463e-09
1.70755e-09
1.60236e-09
1.47084e-09
1.38002e-09
1.24935e-09
1.18294e-09
1.03187e-09
1.02108e-09
7.86638e-10
9.43276e-10
3.99828e-10
1.23144e-09
0.0566115
0.0552984
0.0508698
0.0442229
0.0346371
0.0214994
0.00439846
-0.0171901
-0.0428649
-0.0718539
-0.101962
-0.130084
-0.155923
-0.178636
-0.197835
-0.213561
-0.225832
-0.234743
-0.240354
-0.242653
-0.241561
-0.236982
-0.228889
-0.217433
-0.203022
-0.186323
-0.168196
-0.14956
-0.131255
-0.113948
-0.0980891
-0.0839229
-0.071522
-0.0608366
-0.0517386
-0.0440591
-0.0376154
-0.0322279
-0.027731
-0.0239778
-0.0208417
-0.0182157
-0.0160104
-0.014152
-0.01258
-0.0112445
-0.0101047
-0.00912699
-0.00828379
-0.00755228
-0.0069136
-0.00635217
-0.00585512
-0.00541184
-0.00501364
-0.00465344
-0.00432549
-0.00402516
-0.00374872
-0.00349318
-0.00325616
-0.00303571
-0.00283025
-0.00263845
-0.00245918
-0.00229145
-0.00213438
-0.00198717
-0.00184909
-0.00171945
-0.00159764
-0.00148308
-0.00137526
-0.00127372
-0.00117804
-0.00108786
-0.00100284
-0.00092272
-0.00084724
-0.000776191
-0.000709391
-0.000646681
-0.000587922
-0.000532994
-0.000481788
-0.000434213
-0.000390182
-0.000349609
-0.000312381
-0.000278327
-0.000247187
-0.000218582
-0.000192035
-0.000167031
-0.000143152
-0.000120217
-9.83975e-05
-7.82003e-05
-6.03044e-05
-4.52911e-05
-3.34013e-05
-2.44488e-05
-1.79266e-05
-1.32279e-05
-9.83934e-06
-7.41023e-06
-5.71315e-06
-4.56169e-06
-3.77031e-06
-3.16816e-06
-2.63587e-06
-2.12436e-06
-1.64061e-06
-1.21399e-06
-8.67968e-07
-6.07415e-07
-4.21517e-07
-2.92691e-07
-2.04198e-07
-1.43187e-07
-1.00855e-07
-7.12132e-08
-5.02545e-08
-3.51995e-08
-2.42666e-08
-1.6233e-08
-1.03556e-08
-6.05641e-09
-2.98308e-09
-7.96628e-10
6.94321e-10
1.71271e-09
2.35582e-09
2.77027e-09
2.98859e-09
3.10726e-09
3.11947e-09
3.09497e-09
3.00745e-09
2.91481e-09
2.7816e-09
2.6604e-09
2.51069e-09
2.38225e-09
2.23128e-09
2.10635e-09
1.96116e-09
1.8446e-09
1.70751e-09
1.60168e-09
1.47182e-09
1.37959e-09
1.25154e-09
1.18158e-09
1.0378e-09
1.01441e-09
8.07603e-10
9.11576e-10
4.86024e-10
1.07826e-09
0.0543473
0.0529748
0.0483464
0.041469
0.0316663
0.0184377
0.00148736
-0.0195157
-0.0441651
-0.0716504
-0.100228
-0.127426
-0.152639
-0.175037
-0.194159
-0.209921
-0.222277
-0.231265
-0.236914
-0.239216
-0.238126
-0.2336
-0.225675
-0.214546
-0.200628
-0.184553
-0.167115
-0.149152
-0.131438
-0.114597
-0.0990631
-0.0850885
-0.0727668
-0.0620746
-0.0529109
-0.0451301
-0.0385678
-0.0330576
-0.0284428
-0.0245815
-0.0213495
-0.0186404
-0.0163644
-0.0144465
-0.0128248
-0.011448
-0.0102738
-0.00926769
-0.00840086
-0.00764973
-0.00699476
-0.00641982
-0.00591159
-0.00545909
-0.00505334
-0.00468697
-0.00435401
-0.00404963
-0.00376993
-0.00351176
-0.00327262
-0.00305044
-0.00284355
-0.00265055
-0.00247025
-0.00230162
-0.00214374
-0.00199581
-0.00185706
-0.00172682
-0.00160445
-0.00148939
-0.00138112
-0.00127917
-0.00118313
-0.00109263
-0.00100735
-0.000926987
-0.000851306
-0.000780089
-0.000713148
-0.00065032
-0.000591465
-0.000536455
-0.00048518
-0.000437539
-0.000393438
-0.000352777
-0.000315429
-0.00028121
-0.000249852
-0.000220982
-0.000194142
-0.000168855
-0.00014474
-0.000121654
-9.97801e-05
-7.96113e-05
-6.17844e-05
-4.68266e-05
-3.49334e-05
-2.58972e-05
-1.92181e-05
-1.43158e-05
-1.07089e-05
-8.07287e-06
-6.19561e-06
-4.89805e-06
-3.99667e-06
-3.31917e-06
-2.7413e-06
-2.20582e-06
-1.71024e-06
-1.27604e-06
-9.2206e-07
-6.52074e-07
-4.56266e-07
-3.1849e-07
-2.22851e-07
-1.56602e-07
-1.10599e-07
-7.84131e-08
-5.56609e-08
-3.93029e-08
-2.73849e-08
-1.85846e-08
-1.21004e-08
-7.32751e-09
-3.89187e-09
-1.44e-09
2.41196e-10
1.39032e-09
2.12469e-09
2.60116e-09
2.86504e-09
3.0157e-09
3.05333e-09
3.04647e-09
2.97355e-09
2.89009e-09
2.76494e-09
2.64796e-09
2.50272e-09
2.37595e-09
2.2277e-09
2.10318e-09
1.95986e-09
1.84306e-09
1.70743e-09
1.6009e-09
1.47252e-09
1.37898e-09
1.25331e-09
1.18009e-09
1.04305e-09
1.00792e-09
8.27625e-10
8.80665e-10
5.745e-10
9.20102e-10
0.0526302
0.0512162
0.0464473
0.0394116
0.0294664
0.0161928
-0.000624676
-0.021188
-0.0450926
-0.0715238
-0.0990179
-0.125522
-0.150257
-0.1724
-0.191443
-0.207214
-0.219622
-0.228663
-0.234346
-0.236663
-0.235589
-0.231118
-0.223327
-0.212443
-0.198884
-0.183261
-0.16632
-0.148845
-0.131562
-0.115062
-0.0997698
-0.0859404
-0.0736814
-0.0629886
-0.0537798
-0.0459267
-0.0392783
-0.0336783
-0.0289764
-0.0250348
-0.0217314
-0.0189602
-0.0166312
-0.0146686
-0.0130095
-0.0116016
-0.0104016
-0.00937394
-0.00848929
-0.00772336
-0.00705609
-0.00647095
-0.00595428
-0.00549482
-0.00508335
-0.00471231
-0.00437556
-0.00406811
-0.00378593
-0.00352577
-0.00328501
-0.00306152
-0.00285354
-0.00265963
-0.00247855
-0.00230924
-0.00215077
-0.00200229
-0.00186304
-0.00173235
-0.00160957
-0.00149413
-0.00138552
-0.00128327
-0.00118697
-0.00109623
-0.00101074
-0.0009302
-0.000854369
-0.000783024
-0.000715975
-0.000653059
-0.000594128
-0.000539056
-0.000487725
-0.000440032
-0.000395874
-0.00035514
-0.000317691
-0.000283335
-0.000251798
-0.000222713
-0.000195639
-0.000170128
-0.000145833
-0.000122637
-0.000100734
-8.0603e-05
-6.28449e-05
-4.79436e-05
-3.60583e-05
-2.69653e-05
-2.01719e-05
-1.51203e-05
-1.1355e-05
-8.57193e-06
-6.56909e-06
-5.17042e-06
-4.19153e-06
-3.45783e-06
-2.84183e-06
-2.28179e-06
-1.77019e-06
-1.32424e-06
-9.60226e-07
-6.81163e-07
-4.77565e-07
-3.33755e-07
-2.33899e-07
-1.64902e-07
-1.17107e-07
-8.36476e-08
-5.98694e-08
-4.2619e-08
-2.99133e-08
-2.04439e-08
-1.34198e-08
-8.2408e-09
-4.51575e-09
-1.87062e-09
-6.20654e-11
1.1688e-09
1.96033e-09
2.47685e-09
2.77315e-09
2.94768e-09
3.00547e-09
3.01213e-09
2.9506e-09
2.8735e-09
2.75433e-09
2.63986e-09
2.49802e-09
2.37205e-09
2.22606e-09
2.10149e-09
1.95984e-09
1.8425e-09
1.70825e-09
1.60084e-09
1.47387e-09
1.37895e-09
1.25546e-09
1.17927e-09
1.04811e-09
1.00278e-09
8.45637e-10
8.53849e-10
6.56037e-10
7.74352e-10
0.051477
0.0500366
0.0451787
0.0380444
0.0280133
0.0147203
-0.00199999
-0.0222707
-0.0456904
-0.0714513
-0.098253
-0.124294
-0.148707
-0.170673
-0.189654
-0.205426
-0.217864
-0.226936
-0.23264
-0.234966
-0.233903
-0.229471
-0.221773
-0.211052
-0.197731
-0.182406
-0.16579
-0.148635
-0.131634
-0.11536
-0.100229
-0.0864971
-0.0742821
-0.063591
-0.0543544
-0.046455
-0.0397507
-0.0340918
-0.0293326
-0.025338
-0.0219871
-0.0191745
-0.0168101
-0.0148176
-0.0131334
-0.0117045
-0.0104872
-0.00944512
-0.00854851
-0.00777264
-0.00709714
-0.00650518
-0.00598286
-0.00551875
-0.00510346
-0.0047293
-0.00439001
-0.00408049
-0.00379665
-0.00353515
-0.00329331
-0.00306893
-0.00286022
-0.00266569
-0.00248409
-0.00231432
-0.00215544
-0.00200659
-0.00186702
-0.00173602
-0.00161296
-0.00149728
-0.00138845
-0.001286
-0.00118951
-0.00109862
-0.00101299
-0.000932332
-0.000856399
-0.000784967
-0.000717845
-0.000654867
-0.000595884
-0.000540767
-0.000489397
-0.000441665
-0.000397463
-0.000356674
-0.000319151
-0.000284692
-0.000253021
-0.000223775
-0.000196527
-0.000170851
-0.000146422
-0.000123145
-0.000101221
-8.11197e-05
-6.34179e-05
-4.85682e-05
-3.67038e-05
-2.75892e-05
-2.07357e-05
-1.56006e-05
-1.17458e-05
-8.88016e-06
-6.80768e-06
-5.35302e-06
-4.33027e-06
-3.5631e-06
-2.92238e-06
-2.34442e-06
-1.81941e-06
-1.3626e-06
-9.89096e-07
-7.017e-07
-4.91237e-07
-3.42338e-07
-2.39155e-07
-1.68266e-07
-1.19533e-07
-8.56536e-08
-6.16579e-08
-4.42202e-08
-3.12881e-08
-2.15549e-08
-1.42571e-08
-8.83114e-09
-4.90676e-09
-2.11989e-09
-2.1914e-10
1.06468e-09
1.88648e-09
2.41944e-09
2.72811e-09
2.91182e-09
2.9791e-09
2.99275e-09
2.93797e-09
2.86463e-09
2.74912e-09
2.63588e-09
2.49593e-09
2.37007e-09
2.22535e-09
2.10051e-09
1.95989e-09
1.84205e-09
1.70871e-09
1.6006e-09
1.4746e-09
1.37868e-09
1.25672e-09
1.17837e-09
1.05142e-09
9.98658e-10
8.58658e-10
8.33619e-10
7.18756e-10
6.61628e-10
0.0508976
0.0494449
0.0445432
0.0373621
0.0272908
0.0139912
-0.00267784
-0.0228023
-0.0459828
-0.0714178
-0.0978818
-0.123691
-0.147943
-0.169818
-0.188766
-0.204535
-0.216985
-0.226073
-0.231788
-0.23412
-0.233067
-0.228657
-0.221006
-0.210367
-0.197164
-0.181984
-0.165529
-0.148531
-0.131669
-0.115507
-0.100455
-0.0867726
-0.0745798
-0.0638902
-0.0546402
-0.0467181
-0.0399862
-0.0342982
-0.0295105
-0.0254895
-0.0221149
-0.0192817
-0.0168996
-0.0148922
-0.0131954
-0.0117561
-0.0105301
-0.00948082
-0.00857822
-0.00779738
-0.00711775
-0.00652236
-0.00599721
-0.00553076
-0.00511355
-0.00473782
-0.00439725
-0.00408671
-0.00380203
-0.00353986
-0.00329746
-0.00307264
-0.00286357
-0.00266873
-0.00248687
-0.00231687
-0.00215778
-0.00200876
-0.00186902
-0.00173787
-0.00161468
-0.00149887
-0.00138992
-0.00128737
-0.0011908
-0.00109983
-0.00101413
-0.000933414
-0.00085743
-0.000785956
-0.0007188
-0.000655792
-0.000596785
-0.000541647
-0.000490259
-0.00044251
-0.000398289
-0.000357476
-0.000319919
-0.000285417
-0.000253691
-0.000224381
-0.000197066
-0.000171325
-0.000146845
-0.000123534
-0.000101595
-8.14905e-05
-6.37873e-05
-4.89267e-05
-3.70354e-05
-2.78787e-05
-2.09756e-05
-1.57937e-05
-1.19026e-05
-9.01343e-06
-6.92735e-06
-5.46344e-06
-4.43075e-06
-3.65038e-06
-2.99312e-06
-2.39695e-06
-1.85414e-06
-1.38186e-06
-9.96513e-07
-7.01377e-07
-4.87027e-07
-3.37252e-07
-2.35059e-07
-1.65914e-07
-1.18856e-07
-8.61474e-08
-6.27175e-08
-4.53588e-08
-3.22157e-08
-2.21705e-08
-1.4585e-08
-8.95786e-09
-4.92349e-09
-2.09848e-09
-1.98333e-10
1.06923e-09
1.87748e-09
2.40291e-09
2.71253e-09
2.89982e-09
2.97303e-09
2.99016e-09
2.93863e-09
2.86564e-09
2.75109e-09
2.63698e-09
2.49765e-09
2.37098e-09
2.22704e-09
2.10149e-09
1.96167e-09
1.84304e-09
1.71046e-09
1.60149e-09
1.47628e-09
1.37937e-09
1.25854e-09
1.17863e-09
1.05422e-09
9.97059e-10
8.66428e-10
8.23035e-10
7.53609e-10
5.98601e-10
-0.461306
-0.248012
-0.140909
-0.461306
-0.248012
-0.337476
-0.342918
-0.431247
-0.337475
-0.342918
0.126201
0.414206
0.308614
0.332759
0.126201
0.414206
0.308614
-0.111354
-0.331743
-0.331743
-0.315488
-0.316285
-0.315121
-0.322718
-0.315488
-0.316285
-0.315121
0.488683
0.430826
0.488683
-0.313492
-0.312061
-0.313492
-0.312061
0.430798
0.48868
0.430798
-0.312094
-0.313686
-0.312094
-0.313686
0.308521
0.332709
0.126074
0.41417
0.308521
0.332709
0.126074
-0.111546
-0.111546
-0.332036
-0.332036
-0.315383
-0.32302
-0.315804
-0.316564
-0.315383
-0.32302
-0.315804
-0.141089
-0.461645
-0.24823
-0.141089
-0.461645
-0.343219
-0.431603
-0.337761
-0.343219
-0.431602
-0.337761
-0.289124
-0.166931
-0.355989
-0.123284
-0.289124
-0.166931
-0.35599
-0.316432
-0.411169
-0.330021
-0.338455
-0.316432
-0.411167
-0.330022
0.104805
0.26483
0.10955
0.194472
0.104805
0.26483
0.10955
-0.415447
-0.432074
-0.404042
-0.454498
-0.404847
-0.454802
-0.415252
-0.312377
-0.323977
-0.318675
-0.319981
-0.312377
-0.323977
-0.318675
-0.10418
-0.317818
-0.323035
-0.317265
-0.324616
-0.317327
-0.324598
-0.317792
-0.311204
-0.314315
-0.31425
-0.311269
-0.309977
-0.309126
-0.309058
-0.310044
-0.317143
-0.315277
-0.313964
-0.320914
-0.313913
-0.321923
-0.316966
0.109428
0.194403
0.104694
0.264769
0.109428
0.194403
0.104694
-0.370722
-0.245938
-0.162529
-0.164822
-0.373727
-0.319021
-0.320265
-0.312739
-0.324285
-0.319021
-0.320265
-0.312739
-0.356267
-0.123444
-0.289374
-0.167118
-0.356268
-0.123444
-0.289374
-0.330322
-0.338755
-0.316736
-0.411507
-0.330322
-0.338754
-0.316736
-0.364391
-0.462862
-0.353942
-0.482543
-0.354923
-0.483747
-0.363555
-0.370441
-0.245719
-0.162328
-0.16462
-0.373445
-0.364393
-0.462862
-0.353944
-0.482542
-0.354925
-0.483746
-0.363556
-0.370441
-0.245719
-0.162328
-0.16462
-0.373444
-0.356967
-0.342931
-0.340714
-0.34088
-0.357178
-0.415447
-0.432074
-0.404042
-0.454498
-0.404847
-0.454802
-0.415252
-0.356967
-0.342931
-0.340714
-0.34088
-0.357178
0.32793
0.124807
0.262129
0.110488
0.261438
0.108623
0.329566
0.374851
0.327565
0.202722
0.434176
0.17412
0.43817
0.377444
0.32793
0.124807
0.262129
0.110488
0.261438
0.108623
0.329566
0.374851
0.327565
0.202722
0.434176
0.174121
0.43817
0.377444
-0.10418
-0.331743
-0.331743
-0.316864
-0.315007
-0.320604
-0.313738
-0.321604
-0.313688
-0.31669
-0.317818
-0.323035
-0.317265
-0.324616
-0.317327
-0.324598
-0.317792
-0.316864
-0.315007
-0.320604
-0.313738
-0.321604
-0.313688
-0.31669
0.529826
0.463131
0.466228
0.527806
0.567773
0.588156
0.589243
0.566381
0.529826
0.463131
0.466228
0.527806
0.567773
0.588156
0.589243
0.566381
-0.309865
-0.309087
-0.30902
-0.309932
-0.311204
-0.314315
-0.31425
-0.311269
-0.309865
-0.309087
-0.30902
-0.309932
0.567752
0.588149
0.589236
0.566359
0.529792
0.463081
0.466179
0.527771
0.567752
0.588149
0.589236
0.566359
0.529792
0.46308
0.466179
0.527771
-0.311376
-0.314549
-0.314484
-0.311442
-0.309977
-0.309126
-0.309058
-0.310044
-0.311376
-0.314549
-0.314484
-0.311442
0.374788
0.327475
0.43412
0.202612
0.438116
0.174004
0.377381
0.327859
0.124681
0.11036
0.262047
0.108495
0.261356
0.329496
0.374788
0.327476
0.43412
0.202612
0.438116
0.174004
0.377381
0.327859
0.124681
0.11036
0.262047
0.108495
0.261356
0.329496
-0.104371
-0.104371
-0.332037
-0.332037
-0.318107
-0.32334
-0.32494
-0.317547
-0.324922
-0.31761
-0.31808
-0.317143
-0.315276
-0.313964
-0.320914
-0.313913
-0.321923
-0.316966
-0.318107
-0.32334
-0.32494
-0.317547
-0.324922
-0.31761
-0.31808
-0.364689
-0.463202
-0.482894
-0.354229
-0.484099
-0.355211
-0.363852
-0.370721
-0.245938
-0.162529
-0.164822
-0.373727
-0.364691
-0.463201
-0.482894
-0.354231
-0.484099
-0.355212
-0.363854
-0.357274
-0.343232
-0.341006
-0.341173
-0.357484
-0.415785
-0.43243
-0.454863
-0.40437
-0.455167
-0.405176
-0.415589
-0.357274
-0.343232
-0.341006
-0.341173
-0.357484
-0.415785
-0.432429
-0.454862
-0.404371
-0.455166
-0.405176
-0.41559
-0.368043
-0.141787
-0.32346
-0.158948
-0.32334
-0.161014
-0.368881
0.327955
0.303173
0.370524
0.276044
0.327955
0.303173
0.370524
-0.318559
-0.318895
-0.324398
-0.320475
-0.318559
-0.318895
-0.324398
0.402925
0.33112
0.420033
0.320968
0.402925
0.33112
0.420033
0.53069
0.432064
0.505
0.465896
0.506478
0.466978
0.529451
-0.318494
-0.315214
-0.320317
-0.316333
-0.318494
-0.315214
-0.320317
0.420029
0.320957
0.402911
0.331117
0.420029
0.320957
0.402911
0.552933
0.489768
0.562124
0.480258
0.563285
0.481379
0.551748
-0.320429
-0.316562
-0.318813
-0.315307
-0.320429
-0.316562
-0.318813
0.370501
0.27602
0.327924
0.303156
0.370501
0.27602
0.327924
-0.324939
-0.320979
-0.319256
-0.319298
-0.324939
-0.320979
-0.319256
-0.324453
-0.320033
-0.325434
-0.320077
-0.325599
-0.315986
-0.315898
-0.368042
-0.141787
-0.32346
-0.158948
-0.32334
-0.161014
-0.36888
-0.359785
-0.337772
-0.350771
-0.347929
-0.351227
-0.348091
-0.359819
-0.359785
-0.337772
-0.350771
-0.347929
-0.351227
-0.348091
-0.359819
0.552945
0.489771
0.48027
0.562128
0.481391
0.563288
0.55176
0.53069
0.432064
0.505
0.465896
0.506478
0.466978
0.529451
0.552945
0.489771
0.48027
0.562128
0.481391
0.563288
0.55176
-0.311203
-0.31344
-0.312168
-0.313016
-0.312063
-0.312969
-0.311294
-0.310331
-0.31201
-0.312255
-0.309958
-0.312204
-0.309895
-0.310402
-0.311203
-0.31344
-0.312168
-0.313016
-0.312063
-0.312969
-0.311294
-0.310331
-0.31201
-0.312255
-0.309958
-0.312204
-0.309895
-0.310402
0.53067
0.432037
0.465877
0.504974
0.466959
0.506452
0.529432
0.552933
0.489768
0.562124
0.480258
0.563284
0.481379
0.551748
0.53067
0.432037
0.465878
0.504974
0.466959
0.506452
0.529432
-0.310423
-0.312043
-0.309991
-0.312344
-0.309927
-0.312294
-0.310494
-0.311351
-0.313633
-0.313161
-0.312366
-0.313114
-0.312259
-0.311443
-0.310423
-0.312043
-0.309991
-0.312344
-0.309927
-0.312294
-0.310494
-0.311351
-0.313633
-0.313161
-0.312366
-0.313114
-0.312259
-0.311443
-0.368323
-0.141968
-0.159138
-0.323711
-0.161205
-0.323592
-0.369162
-0.368323
-0.141968
-0.159138
-0.323711
-0.161205
-0.323592
-0.369161
-0.360094
-0.338058
-0.348228
-0.351074
-0.34839
-0.35153
-0.360127
-0.360094
-0.338058
-0.348228
-0.351074
-0.34839
-0.35153
-0.360127
0.104236
0.0932823
0.211454
0.0890606
0.210721
0.156683
0.157243
0.104237
0.0932824
0.211454
0.0890607
0.210721
0.156683
0.157243
-0.324145
-0.325136
-0.319741
-0.3253
-0.319785
-0.315709
-0.315623
-0.324145
-0.325136
-0.319741
-0.3253
-0.319785
-0.315709
-0.315623
0.104113
0.211363
0.0931578
0.21063
0.0889351
0.156584
0.157144
0.104113
0.211363
0.0931578
0.21063
0.0889352
0.156584
0.157144
-0.324453
-0.320033
-0.325434
-0.320077
-0.325599
-0.315986
-0.315898
0.0607997
0.151072
0.0781096
0.103532
0.0607997
0.151072
0.0781096
-0.292901
-0.311405
-0.330658
-0.301775
-0.292901
-0.311404
-0.330658
0.250987
0.251303
0.284493
0.214199
0.250987
0.251303
0.284493
-0.316739
-0.322887
-0.327868
-0.321501
-0.316739
-0.322887
-0.327868
0.284455
0.214165
0.250943
0.251275
0.284455
0.214165
0.250943
-0.328749
-0.322168
-0.317695
-0.323531
-0.328749
-0.322168
-0.317695
0.0779993
0.103456
0.060691
0.150996
0.0779993
0.103456
0.060691
-0.331078
-0.302116
-0.293368
-0.311695
-0.331078
-0.302116
-0.293368
)
;

boundaryField
{
    inlet
    {
        type            zeroGradient;
    }
    outlet
    {
        type            fixedValue;
        value           uniform 0;
    }
    top
    {
        type            symmetryPlane;
    }
    bottom
    {
        type            symmetryPlane;
    }
    front
    {
        type            symmetryPlane;
    }
    back
    {
        type            symmetryPlane;
    }
    cylinder
    {
        type            zeroGradient;
    }
}


// ************************************************************************* //
