/*--------------------------------*- C++ -*----------------------------------*\
  =========                 |
  \\      /  F ield         | OpenFOAM: The Open Source CFD Toolbox
   \\    /   O peration     | Website:  https://openfoam.org
    \\  /    A nd           | Version:  11
     \\/     M anipulation  |
\*---------------------------------------------------------------------------*/
FoamFile
{
    format      ascii;
    class       volScalarField;
    location    "5.633583";
    object      p;
}
// * * * * * * * * * * * * * * * * * * * * * * * * * * * * * * * * * * * * * //

dimensions      [0 2 -2 0 0 0 0];

internalField   nonuniform List<scalar> 
7132
(
0.0509187
0.049466
0.0445647
0.0373839
0.0273128
0.0140131
-0.00265704
-0.0227845
-0.0459715
-0.0714189
-0.0979054
-0.123753
-0.148066
-0.170034
-0.189115
-0.205064
-0.217737
-0.227078
-0.233057
-0.235649
-0.234847
-0.230698
-0.223349
-0.213087
-0.20035
-0.185707
-0.169805
-0.153307
-0.136828
-0.120886
-0.105874
-0.0920588
-0.0795904
-0.0685202
-0.0588255
-0.0504319
-0.0432328
-0.0371047
-0.0319191
-0.0275507
-0.0238816
-0.0208052
-0.0182267
-0.0160633
-0.014244
-0.0127085
-0.011406
-0.0102944
-0.00933883
-0.00851102
-0.00778795
-0.0071512
-0.00658606
-0.00608088
-0.0056264
-0.00521528
-0.00484163
-0.00450069
-0.00418854
-0.00390189
-0.00363794
-0.00339427
-0.00316875
-0.00295952
-0.00276491
-0.00258347
-0.0024139
-0.00225507
-0.00210601
-0.00196586
-0.0018339
-0.00170948
-0.00159208
-0.00148122
-0.0013765
-0.00127756
-0.00118408
-0.00109579
-0.00101244
-0.00093379
-0.000859631
-0.000789771
-0.000724036
-0.000662266
-0.000604316
-0.000550055
-0.000499363
-0.000452131
-0.000408255
-0.000367632
-0.000330145
-0.000295646
-0.000263937
-0.000234743
-0.000207716
-0.000182453
-0.000158565
-0.000135776
-0.00011403
-9.35526e-05
-7.48105e-05
-5.83518e-05
-4.45898e-05
-3.363e-05
-2.52346e-05
-1.89382e-05
-1.42334e-05
-1.07144e-05
-8.11193e-06
-6.2424e-06
-4.93873e-06
-4.02359e-06
-3.33045e-06
-2.73959e-06
-2.19519e-06
-1.6932e-06
-1.25308e-06
-8.92858e-07
-6.17264e-07
-4.18018e-07
-2.79942e-07
-1.86766e-07
-1.24618e-07
-8.29472e-08
-5.44291e-08
-3.42118e-08
-1.93666e-08
-8.1576e-09
3.248e-10
6.66403e-09
1.12092e-08
1.4326e-08
1.62888e-08
1.74196e-08
1.79254e-08
1.80351e-08
1.78487e-08
1.74962e-08
1.69961e-08
1.64232e-08
1.57608e-08
1.50656e-08
1.43105e-08
1.35472e-08
1.27433e-08
1.19471e-08
1.11212e-08
1.03118e-08
9.47668e-09
8.66358e-09
7.82394e-09
7.01381e-09
6.16847e-09
5.37269e-09
4.50861e-09
3.74908e-09
2.84584e-09
2.13937e-09
1.21888e-09
4.83988e-10
0.051498
0.0500577
0.0452001
0.0380663
0.0280355
0.0147424
-0.00197876
-0.0222521
-0.0456777
-0.0714503
-0.0982732
-0.12435
-0.148823
-0.17088
-0.189994
-0.205946
-0.218609
-0.227938
-0.233909
-0.236495
-0.23568
-0.2315
-0.224094
-0.213745
-0.200891
-0.186109
-0.17006
-0.153421
-0.136817
-0.120772
-0.105684
-0.0918192
-0.0793237
-0.0682448
-0.0585553
-0.0501765
-0.042998
-0.0368937
-0.0317329
-0.0273887
-0.0237425
-0.020687
-0.0181271
-0.0159801
-0.014175
-0.0126516
-0.0113593
-0.0102561
-0.00930756
-0.00848541
-0.0077669
-0.00713379
-0.00657154
-0.00606864
-0.00561598
-0.0052063
-0.00483381
-0.00449382
-0.00418245
-0.00389647
-0.0036331
-0.00338994
-0.00316488
-0.00295605
-0.0027618
-0.00258067
-0.00241137
-0.00225279
-0.00210393
-0.00196397
-0.00183216
-0.00170787
-0.00159058
-0.00147982
-0.00137518
-0.00127631
-0.0011829
-0.00109467
-0.00101137
-0.000932768
-0.000858651
-0.00078883
-0.000723128
-0.000661387
-0.000603462
-0.000549223
-0.00049855
-0.000451335
-0.000407476
-0.000366871
-0.000329407
-0.00029494
-0.000263272
-0.00023413
-0.000207164
-0.000181964
-0.000158135
-0.000135393
-0.000113676
-9.32116e-05
-7.44714e-05
-5.80138e-05
-4.42627e-05
-3.33291e-05
-2.49739e-05
-1.87241e-05
-1.40627e-05
-1.05766e-05
-7.99452e-06
-6.13582e-06
-4.83892e-06
-3.93146e-06
-3.24952e-06
-2.67347e-06
-2.14598e-06
-1.66085e-06
-1.23559e-06
-8.86836e-07
-6.18742e-07
-4.23203e-07
-2.85839e-07
-1.91506e-07
-1.27446e-07
-8.39442e-08
-5.41303e-08
-3.32566e-08
-1.82801e-08
-7.25562e-09
9.21243e-10
6.97352e-09
1.13141e-08
1.4322e-08
1.62477e-08
1.73846e-08
1.791e-08
1.80389e-08
1.78618e-08
1.75116e-08
1.70075e-08
1.64305e-08
1.57632e-08
1.50662e-08
1.43093e-08
1.35466e-08
1.27421e-08
1.1947e-08
1.11204e-08
1.03118e-08
9.47576e-09
8.66343e-09
7.82283e-09
7.01364e-09
6.16711e-09
5.37296e-09
4.50626e-09
3.75119e-09
2.83817e-09
2.15045e-09
1.18336e-09
5.48599e-10
0.0526512
0.0512372
0.0464687
0.0394335
0.0294887
0.0162154
-0.000602634
-0.0211679
-0.0450774
-0.0715184
-0.0990313
-0.125568
-0.150358
-0.172588
-0.191762
-0.207716
-0.220354
-0.22966
-0.235617
-0.238194
-0.237359
-0.233123
-0.225606
-0.215079
-0.201988
-0.186925
-0.170578
-0.153651
-0.136792
-0.12054
-0.1053
-0.091335
-0.0787856
-0.0676901
-0.0580119
-0.0496635
-0.0425272
-0.0364709
-0.0313601
-0.0270647
-0.0234644
-0.0204508
-0.0179284
-0.0158142
-0.0140374
-0.0125381
-0.0112661
-0.0101799
-0.00924517
-0.0084343
-0.00772488
-0.00709903
-0.00654255
-0.00604421
-0.00559516
-0.00518836
-0.00481819
-0.0044801
-0.00417032
-0.00388568
-0.00362347
-0.00338133
-0.00315716
-0.00294913
-0.00275559
-0.00257509
-0.00240634
-0.00224824
-0.0020998
-0.0019602
-0.00182869
-0.00170467
-0.00158761
-0.00147704
-0.00137257
-0.00127385
-0.00118057
-0.00109246
-0.00100926
-0.000930754
-0.000856723
-0.000786979
-0.000721347
-0.000659667
-0.000601797
-0.000547604
-0.000496973
-0.000449795
-0.000405973
-0.00036541
-0.000328
-0.000293606
-0.000262038
-0.000233026
-0.000206212
-0.000181177
-0.000157502
-0.000134881
-0.000113236
-9.27858e-05
-7.40129e-05
-5.74994e-05
-4.36981e-05
-3.27441e-05
-2.44087e-05
-1.82144e-05
-1.36298e-05
-1.02258e-05
-7.71886e-06
-5.92296e-06
-4.67609e-06
-3.8075e-06
-3.15506e-06
-2.60078e-06
-2.08914e-06
-1.61605e-06
-1.20073e-06
-8.60793e-07
-6.00501e-07
-4.11375e-07
-2.78711e-07
-1.87369e-07
-1.24923e-07
-8.21294e-08
-5.25586e-08
-3.17691e-08
-1.68859e-08
-6.02185e-09
1.93396e-09
7.74194e-09
1.18534e-08
1.46751e-08
1.6467e-08
1.75193e-08
1.79964e-08
1.81007e-08
1.79101e-08
1.75516e-08
1.70397e-08
1.64556e-08
1.57814e-08
1.50791e-08
1.43179e-08
1.35527e-08
1.27462e-08
1.19503e-08
1.11227e-08
1.03138e-08
9.47709e-09
8.66473e-09
7.82344e-09
7.01461e-09
6.16689e-09
5.37437e-09
4.50374e-09
3.75571e-09
2.82544e-09
2.17143e-09
1.11972e-09
6.64204e-10
0.0543681
0.0529957
0.0483678
0.0414909
0.0316889
0.0184608
0.00151054
-0.0194935
-0.0441461
-0.0716388
-0.100231
-0.127457
-0.152719
-0.175198
-0.194447
-0.210393
-0.222989
-0.232254
-0.238188
-0.240752
-0.239887
-0.23557
-0.227886
-0.217094
-0.203643
-0.188153
-0.171352
-0.153987
-0.136741
-0.120178
-0.104708
-0.0905948
-0.077967
-0.0668493
-0.0571905
-0.0488897
-0.0418181
-0.0358353
-0.0308002
-0.0265786
-0.0230476
-0.0200971
-0.0176309
-0.0155661
-0.0138319
-0.0123688
-0.0111272
-0.0100663
-0.00915233
-0.00835832
-0.00766246
-0.00704741
-0.00649948
-0.0060079
-0.00556419
-0.00516163
-0.00479488
-0.00445958
-0.00415213
-0.00386948
-0.003609
-0.00336838
-0.00314557
-0.00293874
-0.00274627
-0.00256671
-0.0023988
-0.00224142
-0.00209361
-0.00195454
-0.0018235
-0.00169987
-0.00158314
-0.00147286
-0.00136864
-0.00127014
-0.00117706
-0.00108912
-0.00100608
-0.000927713
-0.00085381
-0.000784182
-0.000718652
-0.000657063
-0.000599271
-0.000545147
-0.000494573
-0.000447447
-0.000403675
-0.000363168
-0.000325828
-0.000291532
-0.000260096
-0.000231256
-0.000204647
-0.000179831
-0.000156364
-0.000133906
-0.000112356
-9.19259e-05
-7.3112e-05
-5.65301e-05
-4.26742e-05
-3.17126e-05
-2.34306e-05
-1.73435e-05
-1.2898e-05
-9.64073e-06
-7.26936e-06
-5.58847e-06
-4.43351e-06
-3.63478e-06
-3.03251e-06
-2.51194e-06
-2.02179e-06
-1.56267e-06
-1.15771e-06
-8.26804e-07
-5.74785e-07
-3.92774e-07
-2.65572e-07
-1.7796e-07
-1.17857e-07
-7.65253e-08
-4.79711e-08
-2.80143e-08
-1.38881e-08
-3.7169e-09
3.63143e-09
8.94303e-09
1.26764e-08
1.52315e-08
1.68454e-08
1.7785e-08
1.81897e-08
1.82464e-08
1.80207e-08
1.76356e-08
1.71015e-08
1.65007e-08
1.58129e-08
1.51016e-08
1.43331e-08
1.35639e-08
1.27538e-08
1.19562e-08
1.11265e-08
1.0317e-08
9.47879e-09
8.66638e-09
7.8238e-09
7.01561e-09
6.16595e-09
5.37584e-09
4.49954e-09
3.76139e-09
2.80765e-09
2.1992e-09
1.03658e-09
8.14078e-10
0.0566322
0.0553192
0.0508911
0.0442449
0.0346599
0.0215231
0.004423
-0.0171653
-0.0428413
-0.0718344
-0.101953
-0.130095
-0.155974
-0.178759
-0.19808
-0.213992
-0.226515
-0.235724
-0.241637
-0.244201
-0.243315
-0.238902
-0.231003
-0.219851
-0.205905
-0.189826
-0.172399
-0.154431
-0.136657
-0.11967
-0.103893
-0.0895827
-0.0768537
-0.0657107
-0.056082
-0.0478487
-0.0408669
-0.0349845
-0.0300522
-0.0259304
-0.0224925
-0.0196267
-0.0172359
-0.0152369
-0.0135594
-0.0121445
-0.0109434
-0.009916
-0.00902958
-0.00825788
-0.00757992
-0.00697913
-0.00644248
-0.00595979
-0.00552311
-0.00512614
-0.00476389
-0.00443228
-0.00412792
-0.00384791
-0.00358973
-0.00335114
-0.00313013
-0.00292491
-0.00273386
-0.00255557
-0.00238877
-0.00223235
-0.00208538
-0.00194702
-0.00181659
-0.00169349
-0.0015772
-0.00146731
-0.00136342
-0.00126521
-0.00117238
-0.00108467
-0.00100184
-0.000923665
-0.000849935
-0.000780461
-0.000715069
-0.000653601
-0.000595913
-0.000541878
-0.000491381
-0.000444321
-0.000400611
-0.000360171
-0.000322916
-0.000288735
-0.000257459
-0.000228826
-0.000202468
-0.000177926
-0.000154722
-0.000132478
-0.000111062
-9.06737e-05
-7.18262e-05
-5.51755e-05
-4.12659e-05
-3.03073e-05
-2.21039e-05
-1.61632e-05
-1.1907e-05
-8.85231e-06
-6.67216e-06
-5.15697e-06
-4.13554e-06
-3.43649e-06
-2.90163e-06
-2.42098e-06
-1.95106e-06
-1.50136e-06
-1.10236e-06
-7.78177e-07
-5.34553e-07
-3.61547e-07
-2.42523e-07
-1.61413e-07
-1.06027e-07
-6.79522e-08
-4.16259e-08
-2.32238e-08
-1.02276e-08
-9.15189e-10
5.75484e-09
1.05241e-08
1.38277e-08
1.60535e-08
1.74239e-08
1.81913e-08
1.84769e-08
1.84531e-08
1.81715e-08
1.77475e-08
1.71842e-08
1.6562e-08
1.58574e-08
1.5134e-08
1.43561e-08
1.35807e-08
1.27656e-08
1.19651e-08
1.11327e-08
1.03219e-08
9.48199e-09
8.66917e-09
7.82518e-09
7.01743e-09
6.16561e-09
5.37811e-09
4.49525e-09
3.7685e-09
2.78785e-09
2.2313e-09
9.46342e-10
9.77075e-10
0.0594201
0.0581875
0.054029
0.0477025
0.0384327
0.0254627
0.00822175
-0.0140922
-0.0411011
-0.072145
-0.104322
-0.133595
-0.160223
-0.183352
-0.20272
-0.218556
-0.230962
-0.240085
-0.245966
-0.248534
-0.247635
-0.243118
-0.234958
-0.223356
-0.208779
-0.191942
-0.173707
-0.154964
-0.136515
-0.118991
-0.102828
-0.0882761
-0.0754276
-0.0642607
-0.0546773
-0.0465346
-0.0396698
-0.0339165
-0.0291154
-0.02512
-0.0217996
-0.0190403
-0.016744
-0.0148276
-0.0132211
-0.0118666
-0.010716
-0.00973047
-0.00887829
-0.00813427
-0.00747846
-0.00689522
-0.0063724
-0.00590057
-0.00547242
-0.00508224
-0.00472545
-0.00439832
-0.00409772
-0.00382095
-0.00356561
-0.00332954
-0.00311078
-0.00290758
-0.00271835
-0.00254165
-0.00237625
-0.00222105
-0.00207512
-0.00193766
-0.00180799
-0.00168553
-0.00156979
-0.00146037
-0.00135688
-0.00125903
-0.00116652
-0.0010791
-0.000996526
-0.000918586
-0.000845071
-0.00077579
-0.000710569
-0.00064925
-0.00059169
-0.000537762
-0.000487354
-0.000440368
-0.000396725
-0.000356352
-0.00031918
-0.000285112
-0.000253993
-0.000225569
-0.000199469
-0.000175212
-0.00015229
-0.000130287
-0.000109036
-8.87278e-05
-6.98893e-05
-5.32178e-05
-3.93089e-05
-2.84147e-05
-2.03567e-05
-1.46324e-05
-1.06353e-05
-7.84972e-06
-5.92236e-06
-4.62677e-06
-3.7824e-06
-3.21399e-06
-2.76444e-06
-2.33039e-06
-1.88019e-06
-1.43641e-06
-1.04018e-06
-7.21252e-07
-4.8622e-07
-3.23303e-07
-2.13716e-07
-1.40204e-07
-9.04322e-08
-5.6378e-08
-3.29555e-08
-1.66991e-08
-5.32328e-09
2.74915e-09
8.46315e-09
1.24998e-08
1.52501e-08
1.70694e-08
1.81474e-08
1.87095e-08
1.88508e-08
1.8726e-08
1.83714e-08
1.78947e-08
1.72917e-08
1.66405e-08
1.59138e-08
1.51749e-08
1.43851e-08
1.36019e-08
1.27805e-08
1.19762e-08
1.11403e-08
1.03278e-08
9.48574e-09
8.6723e-09
7.82661e-09
7.01929e-09
6.165e-09
5.38038e-09
4.49037e-09
3.77592e-09
2.76717e-09
2.2643e-09
8.58424e-10
1.13515e-09
0.0627001
0.0615728
0.0577664
0.0518701
0.0430448
0.0303583
0.0130248
-0.010144
-0.0388322
-0.0726292
-0.107517
-0.138109
-0.165592
-0.189059
-0.208401
-0.224089
-0.236324
-0.245343
-0.251211
-0.253827
-0.252956
-0.248346
-0.239882
-0.227725
-0.212356
-0.194559
-0.175304
-0.155588
-0.136297
-0.118112
-0.101484
-0.0866461
-0.0736637
-0.0624796
-0.0529614
-0.0449371
-0.0382206
-0.0326282
-0.0279886
-0.0241477
-0.0209703
-0.0183399
-0.0161577
-0.0143405
-0.0128193
-0.0115368
-0.0104466
-0.0095109
-0.00869938
-0.00798816
-0.00735852
-0.00679597
-0.0062894
-0.00583031
-0.00541217
-0.00502993
-0.00467954
-0.00435769
-0.00406155
-0.00378863
-0.00353668
-0.00330364
-0.00308761
-0.00288685
-0.00269979
-0.00252501
-0.00236129
-0.00220756
-0.00206288
-0.00192648
-0.00179771
-0.00167601
-0.00156093
-0.00145205
-0.00134905
-0.00125162
-0.00115948
-0.0010724
-0.000990146
-0.000912491
-0.000839234
-0.000770187
-0.000705172
-0.000644031
-0.000586623
-0.000532819
-0.000482511
-0.000435605
-0.000392027
-0.000351717
-0.000314616
-0.000280646
-0.000249666
-0.000221434
-0.000195576
-0.000171598
-0.000148966
-0.000127229
-0.000106189
-8.60197e-05
-6.72625e-05
-5.06497e-05
-3.68231e-05
-2.60722e-05
-1.82335e-05
-1.27937e-05
-9.11965e-06
-6.66328e-06
-5.047e-06
-4.02464e-06
-3.40148e-06
-2.99389e-06
-2.64397e-06
-2.25714e-06
-1.81915e-06
-1.37158e-06
-9.70632e-07
-6.53413e-07
-4.26765e-07
-2.7557e-07
-1.77579e-07
-1.13651e-07
-7.10964e-08
-4.22832e-08
-2.26472e-08
-9.12895e-09
2.653e-10
6.89529e-09
1.1541e-08
1.4774e-08
1.69153e-08
1.82775e-08
1.90172e-08
1.93341e-08
1.92993e-08
1.90501e-08
1.86064e-08
1.80664e-08
1.74169e-08
1.67323e-08
1.59803e-08
1.52235e-08
1.442e-08
1.36273e-08
1.27986e-08
1.19897e-08
1.11497e-08
1.0335e-08
9.49054e-09
8.67622e-09
7.82873e-09
7.02169e-09
6.16485e-09
5.38309e-09
4.48589e-09
3.78369e-09
2.74777e-09
2.29619e-09
7.80394e-10
1.27569e-09
0.0664307
0.0654379
0.0620803
0.0567495
0.0485371
0.0363054
0.0189835
-0.00514398
-0.0359048
-0.0733848
-0.111801
-0.143835
-0.172249
-0.196017
-0.215232
-0.230669
-0.242637
-0.251495
-0.257334
-0.260024
-0.259227
-0.254554
-0.24577
-0.232967
-0.216644
-0.197677
-0.177173
-0.15627
-0.135963
-0.116992
-0.0998185
-0.0846585
-0.0715357
-0.0603486
-0.0509222
-0.0430489
-0.0365152
-0.0311177
-0.0266715
-0.0230141
-0.0200053
-0.0175265
-0.015478
-0.0137771
-0.0123554
-0.0111572
-0.0101373
-0.00925949
-0.00849509
-0.00782169
-0.00722206
-0.00668308
-0.0061949
-0.00575012
-0.00534317
-0.00496978
-0.00462652
-0.00431056
-0.00401944
-0.0037509
-0.00350285
-0.00327333
-0.00306048
-0.00286261
-0.00267812
-0.00250563
-0.00234391
-0.00219189
-0.00204868
-0.00191352
-0.00178579
-0.00166497
-0.00155062
-0.00144238
-0.00133992
-0.00124297
-0.00115127
-0.00106458
-0.000982682
-0.000905359
-0.000832406
-0.000763632
-0.000698859
-0.000637927
-0.000580691
-0.000527027
-0.000476827
-0.000430001
-0.000386481
-0.000346216
-0.000309161
-0.000275253
-0.000244366
-0.000216272
-0.000190604
-0.000166863
-0.000144498
-0.000123037
-0.000102255
-8.23135e-05
-6.37561e-05
-4.73366e-05
-3.37269e-05
-2.32403e-05
-1.57212e-05
-1.0647e-05
-7.36427e-06
-5.29921e-06
-4.05481e-06
-3.36288e-06
-3.00865e-06
-2.79366e-06
-2.55644e-06
-2.2139e-06
-1.77653e-06
-1.31234e-06
-8.97707e-07
-5.78381e-07
-3.6003e-07
-2.22019e-07
-1.37125e-07
-8.38209e-08
-4.91579e-08
-2.61064e-08
-1.07265e-08
-3.61145e-10
6.71494e-09
1.16487e-08
1.50425e-08
1.7343e-08
1.87871e-08
1.96333e-08
1.99956e-08
2.00404e-08
1.98098e-08
1.94207e-08
1.88758e-08
1.8263e-08
1.75599e-08
1.68366e-08
1.60557e-08
1.52783e-08
1.44593e-08
1.3656e-08
1.28191e-08
1.20047e-08
1.11603e-08
1.03429e-08
9.49583e-09
8.68042e-09
7.83099e-09
7.02414e-09
6.16471e-09
5.38571e-09
4.48159e-09
3.79105e-09
2.7303e-09
2.32498e-09
7.15671e-10
1.39207e-09
0.0705588
0.0697344
0.0669372
0.0623364
0.0549526
0.0434209
0.0262945
0.0011574
-0.0321253
-0.0745529
-0.11755
-0.151043
-0.180384
-0.204305
-0.223203
-0.238253
-0.249877
-0.258569
-0.264436
-0.2673
-0.266673
-0.261985
-0.252846
-0.239272
-0.221784
-0.201381
-0.179347
-0.157004
-0.135479
-0.115581
-0.0977834
-0.0822677
-0.0690057
-0.0578383
-0.0485386
-0.0408563
-0.034546
-0.0293816
-0.0251638
-0.0217209
-0.018908
-0.0166042
-0.0147093
-0.0131414
-0.0118332
-0.0107308
-0.00979051
-0.00897811
-0.00826671
-0.00763571
-0.00706957
-0.0065568
-0.00608897
-0.00565999
-0.00526536
-0.0049017
-0.00456631
-0.00425691
-0.0039714
-0.0037078
-0.0034642
-0.00323872
-0.00302955
-0.002835
-0.00265349
-0.00248363
-0.00232419
-0.00217414
-0.00203259
-0.00189882
-0.00177226
-0.00165242
-0.00153889
-0.00143135
-0.0013295
-0.00123309
-0.00114187
-0.00105563
-0.000974151
-0.000897212
-0.000824611
-0.000756155
-0.000691662
-0.000630969
-0.00057393
-0.000520419
-0.000470331
-0.00042358
-0.000380104
-0.000339861
-0.000302816
-0.000268918
-0.000238061
-0.000210031
-0.000184477
-0.000160911
-0.00013878
-0.000117607
-9.71536e-05
-7.75608e-05
-5.93628e-05
-4.33128e-05
-3.0086e-05
-2.00015e-05
-1.29034e-05
-8.26418e-06
-5.42362e-06
-3.79945e-06
-2.98122e-06
-2.67656e-06
-2.64059e-06
-2.64942e-06
-2.533e-06
-2.22337e-06
-1.76557e-06
-1.26421e-06
-8.22336e-07
-4.95361e-07
-2.85176e-07
-1.623e-07
-9.24222e-08
-5.10053e-08
-2.50246e-08
-8.32689e-09
2.30696e-09
9.13627e-09
1.36392e-08
1.67282e-08
1.87864e-08
2.01011e-08
2.08084e-08
2.11059e-08
2.1063e-08
2.08125e-08
2.03677e-08
1.98246e-08
1.91685e-08
1.84759e-08
1.77146e-08
1.69494e-08
1.61375e-08
1.53379e-08
1.45023e-08
1.36874e-08
1.28415e-08
1.20212e-08
1.1172e-08
1.03516e-08
9.5018e-09
8.6851e-09
7.83371e-09
7.02689e-09
6.16497e-09
5.38849e-09
4.47802e-09
3.79804e-09
2.71567e-09
2.35005e-09
6.65349e-10
1.48311e-09
0.0750178
0.0744
0.0722893
0.0686128
0.0623278
0.0518335
0.0351959
0.00909195
-0.0272315
-0.0763834
-0.125295
-0.160038
-0.190273
-0.214195
-0.232537
-0.246966
-0.258043
-0.266454
-0.272335
-0.275447
-0.275125
-0.270544
-0.261089
-0.24666
-0.227802
-0.205678
-0.181807
-0.157743
-0.134784
-0.113818
-0.0953214
-0.0794288
-0.0660415
-0.0549282
-0.0457989
-0.0383536
-0.0323107
-0.02742
-0.0234663
-0.0202692
-0.0176793
-0.0155738
-0.0138527
-0.0124349
-0.0112548
-0.01026
-0.00940921
-0.00867
-0.0080176
-0.00743347
-0.00690407
-0.00641975
-0.00597379
-0.0055616
-0.00517994
-0.0048265
-0.00449939
-0.00419691
-0.00391742
-0.00365922
-0.00342055
-0.00319961
-0.00299462
-0.00280388
-0.0026258
-0.00245896
-0.00230215
-0.00215433
-0.00201466
-0.00188246
-0.00175719
-0.00163842
-0.00152578
-0.001419
-0.00131781
-0.00122198
-0.0011313
-0.00104556
-0.000964539
-0.000888034
-0.000815836
-0.000747745
-0.000683574
-0.000623155
-0.000566337
-0.000512995
-0.000463023
-0.000416341
-0.00037289
-0.000332634
-0.00029555
-0.000261597
-0.000230684
-0.000202621
-0.000177082
-0.000153606
-0.000131662
-0.000110791
-9.07555e-05
-7.16757e-05
-5.4055e-05
-3.86064e-05
-2.59726e-05
-1.64465e-05
-9.86513e-06
-5.71226e-06
-3.34241e-06
-2.19438e-06
-1.85147e-06
-1.993e-06
-2.3288e-06
-2.5938e-06
-2.60229e-06
-2.30625e-06
-1.79825e-06
-1.23279e-06
-7.47148e-07
-4.06631e-07
-2.05095e-07
-9.96276e-08
-4.63288e-08
-1.72841e-08
2.84365e-11
1.0384e-08
1.61372e-08
1.92322e-08
2.09903e-08
2.21128e-08
2.27502e-08
2.30163e-08
2.29404e-08
2.26569e-08
2.21874e-08
2.16272e-08
2.09578e-08
2.02526e-08
1.9479e-08
1.87018e-08
1.78787e-08
1.70688e-08
1.6224e-08
1.54008e-08
1.45476e-08
1.37204e-08
1.28652e-08
1.20385e-08
1.11843e-08
1.03607e-08
9.50803e-09
8.68989e-09
7.83653e-09
7.02963e-09
6.16533e-09
5.3911e-09
4.47498e-09
3.80428e-09
2.7038e-09
2.37091e-09
6.2818e-10
1.55086e-09
0.0797262
0.0793569
0.0780703
0.0755441
0.0706902
0.0616937
0.0459955
0.0191463
-0.020816
-0.0792128
-0.13587
-0.171306
-0.202085
-0.22556
-0.243019
-0.256673
-0.267138
-0.275305
-0.281311
-0.284858
-0.28501
-0.280636
-0.27085
-0.255413
-0.2349
-0.210681
-0.184584
-0.158461
-0.133815
-0.111624
-0.0923542
-0.0760727
-0.0625875
-0.0515769
-0.0426747
-0.0355232
-0.0298006
-0.0252301
-0.021581
-0.0186641
-0.016326
-0.014443
-0.0129158
-0.0116645
-0.0106259
-0.00974973
-0.00899695
-0.00833759
-0.00774928
-0.00721579
-0.00672583
-0.00627185
-0.00584908
-0.00545459
-0.00508659
-0.0047439
-0.00442555
-0.00413049
-0.00385753
-0.00360525
-0.00337206
-0.00315621
-0.00295593
-0.0027695
-0.00259528
-0.00243184
-0.00227796
-0.00213262
-0.00199501
-0.00186451
-0.00174063
-0.00162299
-0.00151131
-0.00140533
-0.00130485
-0.00120966
-0.00111957
-0.00103438
-0.000953881
-0.000877869
-0.000806131
-0.000738459
-0.000674657
-0.00061455
-0.000557982
-0.000504823
-0.00045497
-0.000408345
-0.000364896
-0.00032459
-0.000287411
-0.000253328
-0.000222267
-0.000194064
-0.000168433
-0.000144965
-0.00012318
-0.000102647
-8.31567e-05
-6.48024e-05
-4.80126e-05
-3.3426e-05
-2.15988e-05
-1.2773e-05
-6.77615e-06
-3.11597e-06
-1.20892e-06
-5.44257e-07
-7.12666e-07
-1.35672e-06
-2.1185e-06
-2.66975e-06
-2.79944e-06
-2.48596e-06
-1.88613e-06
-1.22125e-06
-6.71616e-07
-3.11379e-07
-1.20026e-07
-3.50898e-08
-1.11092e-10
1.63198e-08
2.52715e-08
2.94889e-08
3.03072e-08
2.95342e-08
2.84531e-08
2.75709e-08
2.67759e-08
2.59855e-08
2.5117e-08
2.42432e-08
2.33396e-08
2.24631e-08
2.15635e-08
2.06918e-08
1.97973e-08
1.8933e-08
1.80464e-08
1.71909e-08
1.63125e-08
1.54653e-08
1.45942e-08
1.37543e-08
1.28896e-08
1.20563e-08
1.1197e-08
1.03701e-08
9.51453e-09
8.69486e-09
7.83957e-09
7.03247e-09
6.16599e-09
5.39369e-09
4.47269e-09
3.80987e-09
2.69473e-09
2.38792e-09
6.02217e-10
1.5993e-09
0.0845855
0.0845079
0.0841898
0.0830624
0.0800363
0.0731324
0.0590325
0.0319423
-0.0123831
-0.0837195
-0.150206
-0.185241
-0.216505
-0.239151
-0.255132
-0.267471
-0.276923
-0.284671
-0.290838
-0.295041
-0.296018
-0.292154
-0.28217
-0.265635
-0.24317
-0.216435
-0.18766
-0.159089
-0.13248
-0.108906
-0.0888054
-0.0721447
-0.0586097
-0.0477666
-0.039159
-0.0323643
-0.0270174
-0.0228143
-0.0195094
-0.0169059
-0.0148477
-0.013211
-0.0118979
-0.0108306
-0.00994813
-0.00920262
-0.00855753
-0.00798547
-0.00746666
-0.00698754
-0.00653938
-0.00611708
-0.00571809
-0.00534146
-0.00498704
-0.004655
-0.00434536
-0.00405779
-0.00379159
-0.0035456
-0.00331837
-0.00310817
-0.00291319
-0.00273163
-0.00256181
-0.00240224
-0.00225166
-0.00210909
-0.00197375
-0.00184509
-0.00172269
-0.00160625
-0.00149556
-0.00139042
-0.00129068
-0.00119616
-0.00110669
-0.0010221
-0.00094218
-0.00086672
-0.000795502
-0.000728308
-0.000664931
-0.000605182
-0.000548898
-0.000495944
-0.000446217
-0.000399642
-0.000356171
-0.000315777
-0.000278447
-0.000244159
-0.000212856
-0.000184412
-0.000158595
-0.00013507
-0.000113438
-9.33282e-05
-7.45364e-05
-5.71498e-05
-4.14976e-05
-2.80497e-05
-1.7241e-05
-9.22373e-06
-3.80865e-06
-5.88723e-07
9.06098e-07
1.10843e-06
4.04577e-07
-7.96852e-07
-2.03994e-06
-2.90538e-06
-3.14567e-06
-2.77454e-06
-2.03241e-06
-1.22809e-06
-5.93734e-07
-2.09517e-07
-3.19591e-08
2.83733e-08
4.35065e-08
4.78552e-08
4.95134e-08
4.82873e-08
4.4401e-08
3.97873e-08
3.58714e-08
3.3006e-08
3.07982e-08
2.89566e-08
2.7293e-08
2.58266e-08
2.44889e-08
2.32975e-08
2.21689e-08
2.11311e-08
2.01159e-08
1.91644e-08
1.82144e-08
1.73131e-08
1.64011e-08
1.55296e-08
1.46407e-08
1.37881e-08
1.29139e-08
1.20741e-08
1.12096e-08
1.03794e-08
9.52099e-09
8.69974e-09
7.8426e-09
7.0352e-09
6.16676e-09
5.39609e-09
4.47096e-09
3.81466e-09
2.68798e-09
2.40143e-09
5.84974e-10
1.63277e-09
0.0894803
0.0897372
0.090529
0.0910701
0.0903278
0.0863062
0.0747589
0.0485036
-0.00102342
-0.0908607
-0.1707
-0.202429
-0.232744
-0.253936
-0.268389
-0.279491
-0.287969
-0.295394
-0.301872
-0.30696
-0.308945
-0.305765
-0.295612
-0.277782
-0.252937
-0.223115
-0.19108
-0.159574
-0.130668
-0.105533
-0.0845459
-0.0675329
-0.0540191
-0.0434317
-0.0352075
-0.0288501
-0.0239477
-0.0201693
-0.0172552
-0.0150032
-0.0132557
-0.0118903
-0.0108115
-0.0099443
-0.00923061
-0.0086256
-0.00809572
-0.0076165
-0.00717113
-0.00674901
-0.00634427
-0.00595456
-0.0055798
-0.00522124
-0.00488051
-0.00455925
-0.00425853
-0.00397879
-0.00371978
-0.00348062
-0.00325994
-0.00305601
-0.00286694
-0.00269081
-0.00252585
-0.00237053
-0.00222355
-0.00208396
-0.00195104
-0.00182431
-0.00170345
-0.00158825
-0.00147858
-0.00137431
-0.00127534
-0.00118153
-0.00109275
-0.00100881
-0.000929532
-0.000854691
-0.000784063
-0.000717413
-0.00065452
-0.000595178
-0.000539214
-0.000486488
-0.000436896
-0.000390366
-0.000346856
-0.000306343
-0.000268816
-0.000234264
-0.000202653
-0.000173899
-0.000147846
-0.000124254
-0.000102825
-8.32735e-05
-6.54183e-05
-4.92513e-05
-3.49748e-05
-2.2893e-05
-1.32261e-05
-6.02211e-06
-1.12786e-06
1.74961e-06
2.9306e-06
2.72e-06
1.47142e-06
-3.34375e-07
-2.10775e-06
-3.30751e-06
-3.63914e-06
-3.16313e-06
-2.22389e-06
-1.2404e-06
-5.04208e-07
-9.62287e-08
6.04887e-08
9.04086e-08
8.37379e-08
7.66619e-08
7.23099e-08
6.63892e-08
5.80618e-08
4.96761e-08
4.29931e-08
3.82329e-08
3.46862e-08
3.18382e-08
2.94043e-08
2.7362e-08
2.56038e-08
2.41076e-08
2.27571e-08
2.15578e-08
2.04253e-08
1.9389e-08
1.83774e-08
1.74316e-08
1.6487e-08
1.55921e-08
1.46859e-08
1.3821e-08
1.29376e-08
1.20914e-08
1.1222e-08
1.03885e-08
9.52734e-09
8.7045e-09
7.84563e-09
7.03786e-09
6.16768e-09
5.39835e-09
4.46981e-09
3.8188e-09
2.68325e-09
2.41209e-09
5.74254e-10
1.65549e-09
0.0942774
0.0949042
0.0969337
0.0993943
0.101445
0.101207
0.0935558
0.0698566
0.0139106
-0.101304
-0.197721
-0.224865
-0.254478
-0.272565
-0.283814
-0.292513
-0.299293
-0.306185
-0.313159
-0.319571
-0.32321
-0.321248
-0.311172
-0.291943
-0.26429
-0.230751
-0.194791
-0.159806
-0.128252
-0.101392
-0.0794969
-0.0621948
-0.0488023
-0.0385772
-0.030833
-0.0249944
-0.0206029
-0.017302
-0.0148213
-0.012955
-0.0115468
-0.0104769
-0.00965322
-0.00900413
-0.0084745
-0.00802243
-0.00761735
-0.00723789
-0.00687051
-0.00650797
-0.00614775
-0.00579063
-0.00543944
-0.00509797
-0.00476993
-0.00445861
-0.00416624
-0.00389405
-0.00364226
-0.00341021
-0.00319656
-0.00299949
-0.00281695
-0.00264688
-0.00248737
-0.00233677
-0.00219378
-0.00205744
-0.00192711
-0.00180242
-0.00168315
-0.00156922
-0.00146057
-0.00135718
-0.00125898
-0.00116591
-0.00107783
-0.000994592
-0.000916002
-0.000841838
-0.000771861
-0.000705819
-0.000643469
-0.000584588
-0.000528988
-0.000476523
-0.000427087
-0.000380613
-0.000337065
-0.000296425
-0.000258687
-0.000223854
-0.000191919
-0.000162855
-0.00013659
-0.000112997
-9.18913e-05
-7.30626e-05
-5.63344e-05
-4.16182e-05
-2.89185e-05
-1.82902e-05
-9.76883e-06
-3.3108e-06
1.2022e-06
3.8988e-06
4.88788e-06
4.32133e-06
2.52293e-06
7.18281e-08
-2.27287e-06
-3.82082e-06
-4.22331e-06
-3.59961e-06
-2.41951e-06
-1.23044e-06
-3.87285e-07
3.57474e-08
1.59844e-07
1.51531e-07
1.20484e-07
1.02507e-07
9.34017e-08
8.35204e-08
7.10402e-08
5.90093e-08
4.96872e-08
4.31622e-08
3.83744e-08
3.45774e-08
3.14071e-08
2.88142e-08
2.66567e-08
2.48727e-08
2.33131e-08
2.19613e-08
2.07178e-08
1.96014e-08
1.85316e-08
1.75436e-08
1.65683e-08
1.56511e-08
1.47286e-08
1.3852e-08
1.296e-08
1.21076e-08
1.12337e-08
1.0397e-08
9.5333e-09
8.70894e-09
7.84848e-09
7.0403e-09
6.16858e-09
5.40021e-09
4.46902e-09
3.82225e-09
2.68003e-09
2.42042e-09
5.68031e-10
1.67095e-09
0.098829
0.0998532
0.10321
0.107831
0.113176
0.117934
0.116021
0.0988573
0.034535
-0.124279
-0.238659
-0.24789
-0.275792
-0.292361
-0.301224
-0.307345
-0.311862
-0.317662
-0.324704
-0.332309
-0.337568
-0.337223
-0.327615
-0.307181
-0.276602
-0.238959
-0.198562
-0.159626
-0.125101
-0.0963651
-0.0735551
-0.0560472
-0.0428989
-0.0331666
-0.0260219
-0.020803
-0.0170029
-0.0142425
-0.0122438
-0.010801
-0.00976132
-0.00900941
-0.00845771
-0.00803895
-0.00770185
-0.00740844
-0.0071319
-0.00685446
-0.00656628
-0.00626378
-0.00594804
-0.00562323
-0.00529524
-0.00497056
-0.00465502
-0.00435362
-0.00406972
-0.00380533
-0.00356112
-0.00333661
-0.00313043
-0.00294064
-0.00276501
-0.0026013
-0.00244745
-0.00230173
-0.00216283
-0.00202981
-0.00190213
-0.00177952
-0.00166188
-0.00154924
-0.00144166
-0.00133918
-0.00124181
-0.00114951
-0.00106218
-0.000979684
-0.000901828
-0.000828387
-0.000759105
-0.000693712
-0.000631944
-0.000573559
-0.000518354
-0.000466177
-0.000416923
-0.000370531
-0.000326972
-0.000286234
-0.000248324
-0.000213259
-0.00018107
-0.000151792
-0.000125444
-0.000102008
-8.13986e-05
-6.34665e-05
-4.80113e-05
-3.48162e-05
-2.3683e-05
-1.44348e-05
-6.91254e-06
-1.0019e-06
3.3257e-06
5.99667e-06
6.89154e-06
6.0065e-06
3.64993e-06
5.25048e-07
-2.41442e-06
-4.31485e-06
-4.77263e-06
-3.9776e-06
-2.54266e-06
-1.15007e-06
-2.1587e-07
2.01015e-07
2.74516e-07
2.17147e-07
1.57278e-07
1.27454e-07
1.13659e-07
9.99359e-08
8.33221e-08
6.76957e-08
5.58554e-08
4.77028e-08
4.17823e-08
3.71075e-08
3.32502e-08
3.01454e-08
2.76202e-08
2.55728e-08
2.38216e-08
2.23303e-08
2.09853e-08
1.97955e-08
1.86724e-08
1.76459e-08
1.66425e-08
1.5705e-08
1.47677e-08
1.38804e-08
1.29805e-08
1.21225e-08
1.12443e-08
1.04047e-08
9.53878e-09
8.71301e-09
7.85112e-09
7.04253e-09
6.16952e-09
5.40197e-09
4.46859e-09
3.82515e-09
2.67795e-09
2.42699e-09
5.64751e-10
1.68198e-09
0.102976
0.1044
0.109126
0.116013
0.125157
0.135774
0.142342
0.134754
0.0627733
-0.134121
-0.305842
-0.293606
-0.307727
-0.312644
-0.31457
-0.316049
-0.317632
-0.322485
-0.329849
-0.339321
-0.347194
-0.349057
-0.340697
-0.319982
-0.287302
-0.246107
-0.201527
-0.158713
-0.121238
-0.0906716
-0.0670323
-0.0494308
-0.0366408
-0.0274997
-0.0210295
-0.0164845
-0.0133137
-0.0111202
-0.00962197
-0.00861596
-0.00795456
-0.00752847
-0.0072554
-0.00707272
-0.0069329
-0.00680156
-0.00665555
-0.00648093
-0.00627189
-0.00602883
-0.00575659
-0.00546285
-0.00515669
-0.00484743
-0.00454316
-0.00425064
-0.00397437
-0.00371712
-0.00348
-0.00326266
-0.00306369
-0.00288101
-0.00271217
-0.00255476
-0.00240655
-0.00226574
-0.00213095
-0.00200131
-0.00187634
-0.00175588
-0.00163995
-0.00152867
-0.00142222
-0.0013207
-0.00122418
-0.00113266
-0.00104609
-0.000964325
-0.000887192
-0.00081446
-0.000745862
-0.00068111
-0.000619922
-0.000562038
-0.000507244
-0.000455383
-0.000406353
-0.000360097
-0.000316595
-0.000275847
-0.000237871
-0.00020271
-0.000170436
-0.000141142
-0.000114929
-9.18603e-05
-7.192e-05
-5.49772e-05
-4.07819e-05
-2.89887e-05
-1.92049e-05
-1.10529e-05
-4.24114e-06
1.3597e-06
5.66425e-06
8.39168e-06
9.20859e-06
7.98385e-06
5.03866e-06
1.21829e-06
-2.32482e-06
-4.57978e-06
-5.09905e-06
-4.15185e-06
-2.49855e-06
-9.46977e-07
3.53827e-08
4.12177e-07
4.12626e-07
2.93603e-07
1.98725e-07
1.54218e-07
1.34282e-07
1.16053e-07
9.50314e-08
7.57805e-08
6.15112e-08
5.18393e-08
4.48744e-08
3.93891e-08
3.48994e-08
3.13285e-08
2.84728e-08
2.6191e-08
2.42702e-08
2.26555e-08
2.12209e-08
1.99664e-08
1.87965e-08
1.7736e-08
1.67078e-08
1.57525e-08
1.48021e-08
1.39054e-08
1.29985e-08
1.21356e-08
1.12537e-08
1.04116e-08
9.54358e-09
8.71654e-09
7.85343e-09
7.04444e-09
6.17037e-09
5.40342e-09
4.46833e-09
3.82748e-09
2.67661e-09
2.43216e-09
5.63133e-10
1.69049e-09
0.106554
0.108366
0.114402
0.123608
0.136784
0.154714
0.173243
0.18932
0.103476
-0.123423
-0.338772
-0.302138
-0.320231
-0.323119
-0.320866
-0.320557
-0.320672
-0.324605
-0.331476
-0.341165
-0.350092
-0.353779
-0.347056
-0.327129
-0.293808
-0.250503
-0.202875
-0.156912
-0.11688
-0.0846794
-0.0603303
-0.0427296
-0.0303831
-0.0219125
-0.0161808
-0.0123556
-0.00983899
-0.00821987
-0.0072175
-0.00663493
-0.00633255
-0.0062085
-0.00618709
-0.00621228
-0.00624193
-0.00624809
-0.00621275
-0.00612623
-0.00598647
-0.00579714
-0.00556594
-0.00530317
-0.00502009
-0.00472815
-0.00443711
-0.00415512
-0.00388754
-0.00363791
-0.00340776
-0.00319698
-0.00300421
-0.00282734
-0.0026639
-0.00251138
-0.00236755
-0.00223059
-0.00209915
-0.00197239
-0.00184987
-0.00173149
-0.00161734
-0.00150758
-0.00140242
-0.00130203
-0.00120651
-0.00111588
-0.00103011
-0.000949088
-0.000872651
-0.00080057
-0.000732578
-0.000668382
-0.000607692
-0.000550242
-0.000495816
-0.000444258
-0.000395471
-0.000349406
-0.000306048
-0.000265412
-0.000227531
-0.000192476
-0.00016035
-0.000131296
-0.000105462
-8.29537e-05
-6.37766e-05
-4.77821e-05
-3.46531e-05
-2.39311e-05
-1.50889e-05
-7.62966e-06
-1.20159e-06
4.29176e-06
8.63909e-06
1.13842e-05
1.20372e-05
1.03949e-05
6.82269e-06
2.30872e-06
-1.81988e-06
-4.42356e-06
-5.0327e-06
-3.99916e-06
-2.21443e-06
-5.8726e-07
3.79254e-07
6.75069e-07
5.79613e-07
3.86609e-07
2.49384e-07
1.85425e-07
1.56412e-07
1.32212e-07
1.06249e-07
8.32887e-08
6.66482e-08
5.55338e-08
4.75954e-08
4.13703e-08
3.6315e-08
3.23348e-08
2.91935e-08
2.67114e-08
2.46468e-08
2.2928e-08
2.14181e-08
2.01094e-08
1.89003e-08
1.78114e-08
1.67625e-08
1.57922e-08
1.48308e-08
1.39262e-08
1.30136e-08
1.21465e-08
1.12616e-08
1.04172e-08
9.54759e-09
8.71948e-09
7.85535e-09
7.04602e-09
6.17107e-09
5.4046e-09
4.46821e-09
3.82934e-09
2.67576e-09
2.43624e-09
5.62299e-10
1.6977e-09
0.109408
0.111549
0.118752
0.129986
0.147268
0.171847
0.207653
0.214176
0.194419
-0.141074
-0.431673
-0.320379
-0.322005
-0.322937
-0.319555
-0.319563
-0.319871
-0.323951
-0.330734
-0.340466
-0.349693
-0.354028
-0.34828
-0.32923
-0.296116
-0.252024
-0.202741
-0.154761
-0.112936
-0.0795068
-0.0545994
-0.0370258
-0.0250906
-0.0172314
-0.0121704
-0.00898733
-0.00704881
-0.0059303
-0.00534929
-0.00511542
-0.00509859
-0.00520655
-0.00537242
-0.00554786
-0.00569878
-0.00580188
-0.00584406
-0.0058204
-0.00573235
-0.00558582
-0.00538998
-0.00515613
-0.0048963
-0.00462288
-0.00434683
-0.00407684
-0.00381874
-0.00357671
-0.00335276
-0.00314706
-0.00295851
-0.0027852
-0.00262479
-0.00247492
-0.0023335
-0.00219873
-0.00206936
-0.00194458
-0.00182396
-0.00170739
-0.00159494
-0.00148676
-0.00138305
-0.00128395
-0.00118956
-0.00109993
-0.00101502
-0.000934744
-0.000858945
-0.000787414
-0.000719894
-0.000656104
-0.000595766
-0.000538626
-0.000484476
-0.000433168
-0.000384613
-0.00033877
-0.000295631
-0.000255222
-0.000217594
-0.000182834
-0.000151071
-0.000122468
-9.71853e-05
-7.53284e-05
-5.68814e-05
-4.16546e-05
-2.92718e-05
-1.92062e-05
-1.08668e-05
-3.72058e-06
2.57255e-06
8.04407e-06
1.23769e-05
1.49998e-05
1.53416e-05
1.31867e-05
8.96799e-06
3.79734e-06
-8.69242e-07
-3.80716e-06
-4.54929e-06
-3.52355e-06
-1.71831e-06
-1.1013e-07
7.79236e-07
9.64e-07
7.61376e-07
4.89987e-07
3.0683e-07
2.1984e-07
1.79199e-07
1.47793e-07
1.16599e-07
9.00212e-08
7.11441e-08
5.86886e-08
4.98636e-08
4.29904e-08
3.7456e-08
3.31372e-08
2.97633e-08
2.71201e-08
2.49415e-08
2.31407e-08
2.15719e-08
2.02208e-08
1.89811e-08
1.787e-08
1.6805e-08
1.5823e-08
1.48532e-08
1.39424e-08
1.30253e-08
1.2155e-08
1.12677e-08
1.04216e-08
9.55067e-09
8.72172e-09
7.8568e-09
7.04722e-09
6.17158e-09
5.40545e-09
4.46809e-09
3.83071e-09
2.67513e-09
2.43937e-09
5.61606e-10
1.70403e-09
0.111397
0.113792
0.121852
0.134752
0.15514
0.186782
0.235557
0.276026
0.332725
-0.111522
-0.323088
-0.320876
-0.323126
-0.321281
-0.32129
-0.321386
-0.324735
-0.330434
-0.338897
-0.347113
-0.351122
-0.345783
-0.327667
-0.295588
-0.252062
-0.202529
-0.153591
-0.110471
-0.0759032
-0.0503169
-0.0325725
-0.0208792
-0.013532
-0.00909257
-0.00653797
-0.00515409
-0.0044995
-0.00428804
-0.00433659
-0.0045267
-0.00477831
-0.0050361
-0.00526539
-0.00544179
-0.00555688
-0.00560589
-0.00558978
-0.00551336
-0.00538354
-0.00520893
-0.00499928
-0.00476465
-0.00451501
-0.00426182
-0.00401127
-0.00376885
-0.00353896
-0.00332377
-0.00312382
-0.0029385
-0.00276642
-0.00260587
-0.00245504
-0.00231236
-0.00217644
-0.0020463
-0.00192127
-0.00180097
-0.00168522
-0.00157396
-0.00146724
-0.00136509
-0.00126755
-0.00117462
-0.00108629
-0.00100249
-0.000923105
-0.000847996
-0.000776967
-0.000709795
-0.000646234
-0.000586043
-0.000529004
-0.000474941
-0.000423728
-0.000375293
-0.000329604
-0.000286664
-0.000246502
-0.000209178
-0.000174789
-0.000143468
-0.000115374
-9.06545e-05
-6.93852e-05
-5.15121e-05
-3.6803e-05
-2.48433e-05
-1.50805e-05
-6.91915e-06
1.5348e-07
6.43161e-06
1.18815e-05
1.61157e-05
1.85084e-05
1.84693e-05
1.58096e-05
1.10294e-05
5.32818e-06
2.37504e-07
-2.97742e-06
-3.86606e-06
-2.91284e-06
-1.1639e-06
3.67287e-07
1.15304e-06
1.22568e-06
9.25742e-07
5.85218e-07
3.60627e-07
2.51538e-07
1.99199e-07
1.60787e-07
1.24942e-07
9.53352e-08
7.46218e-08
6.10694e-08
5.15333e-08
4.41599e-08
3.82683e-08
3.37023e-08
3.01611e-08
2.74036e-08
2.5145e-08
2.32872e-08
2.16777e-08
2.02974e-08
1.90366e-08
1.79103e-08
1.68342e-08
1.58443e-08
1.48686e-08
1.39536e-08
1.30334e-08
1.21608e-08
1.12718e-08
1.04246e-08
9.55276e-09
8.72322e-09
7.85775e-09
7.04787e-09
6.17187e-09
5.40598e-09
4.46795e-09
3.83163e-09
2.6746e-09
2.44165e-09
5.60703e-10
1.70946e-09
0.11242
0.114947
0.123478
0.137266
0.159509
0.195115
0.252884
0.320958
0.430811
-0.316605
-0.321925
-0.320825
-0.321528
-0.321816
-0.324734
-0.329203
-0.33583
-0.34213
-0.345185
-0.340284
-0.323796
-0.29394
-0.252361
-0.20398
-0.155041
-0.111139
-0.0754037
-0.0487532
-0.03035
-0.0184333
-0.011203
-0.00708343
-0.0049557
-0.00401961
-0.00376681
-0.00388225
-0.00417297
-0.0045225
-0.00486057
-0.00514679
-0.00536271
-0.00549886
-0.00555912
-0.0055519
-0.00548787
-0.00537759
-0.00523013
-0.00505317
-0.00485365
-0.00463778
-0.00441208
-0.00418338
-0.00395662
-0.003735
-0.00352176
-0.00331859
-0.00312611
-0.0029442
-0.00277229
-0.00260957
-0.00245513
-0.00230837
-0.00216843
-0.00203486
-0.0019073
-0.00178547
-0.00166915
-0.00155818
-0.00145237
-0.00135154
-0.00125554
-0.00116419
-0.00107731
-0.000994755
-0.000916357
-0.000841956
-0.000771379
-0.00070444
-0.000640947
-0.000580715
-0.000523579
-0.000469407
-0.000418108
-0.00036963
-0.000323955
-0.000281092
-0.000241072
-0.000203955
-0.000169833
-0.000138835
-0.000111104
-8.67665e-05
-6.58701e-05
-4.83303e-05
-3.38884e-05
-2.21131e-05
-1.24505e-05
-4.31968e-06
2.76266e-06
9.05093e-06
1.44702e-05
1.85997e-05
2.07972e-05
2.04789e-05
1.74845e-05
1.23576e-05
6.34335e-06
1.0062e-06
-2.37791e-06
-3.37211e-06
-2.48916e-06
-8.01044e-07
6.63766e-07
1.37721e-06
1.38034e-06
1.02332e-06
6.42721e-07
3.93643e-07
2.70999e-07
2.11266e-07
1.68437e-07
1.29758e-07
9.83569e-08
7.65674e-08
6.23742e-08
5.24301e-08
4.47792e-08
3.8695e-08
3.39976e-08
3.03679e-08
2.75504e-08
2.52501e-08
2.33629e-08
2.17323e-08
2.0337e-08
1.90653e-08
1.79312e-08
1.68494e-08
1.58553e-08
1.48765e-08
1.39594e-08
1.30375e-08
1.21638e-08
1.12739e-08
1.04261e-08
9.55379e-09
8.72393e-09
7.85818e-09
7.04821e-09
6.17192e-09
5.40617e-09
4.46772e-09
3.83208e-09
2.67403e-09
2.44308e-09
5.59382e-10
1.71366e-09
0.112419
0.114947
0.123478
0.137266
0.159509
0.195115
0.252883
0.331113
0.488683
-0.315473
-0.322229
-0.321468
-0.322498
-0.322798
-0.325137
-0.328309
-0.333107
-0.337626
-0.33984
-0.335846
-0.322006
-0.295778
-0.257389
-0.210418
-0.161077
-0.115401
-0.0775265
-0.0489515
-0.0292029
-0.0165739
-0.00918055
-0.00531248
-0.00362737
-0.00319763
-0.00341898
-0.00392196
-0.00449191
-0.00500851
-0.00541144
-0.00567906
-0.00581322
-0.0058375
-0.00577583
-0.0056536
-0.00549281
-0.00530971
-0.00511516
-0.00491557
-0.00471417
-0.0045129
-0.00431241
-0.00411273
-0.00391447
-0.00371924
-0.00352737
-0.00333949
-0.00315616
-0.00297787
-0.00280505
-0.00263815
-0.00247767
-0.00232382
-0.00217709
-0.00203759
-0.00190536
-0.0017803
-0.00166216
-0.00155058
-0.00144514
-0.00134537
-0.0012508
-0.001161
-0.0010756
-0.000994308
-0.000916878
-0.000843127
-0.000772895
-0.000706043
-0.000642441
-0.000581968
-0.000524523
-0.000470028
-0.000418431
-0.000369705
-0.000323847
-0.000280866
-0.000240788
-0.000203662
-0.000169568
-0.000138619
-0.000110947
-8.66674e-05
-6.58233e-05
-4.8325e-05
-3.39118e-05
-2.21528e-05
-1.24956e-05
-4.36197e-06
2.72805e-06
9.02579e-06
1.44538e-05
1.859e-05
2.07915e-05
2.04749e-05
1.74808e-05
1.23537e-05
6.33941e-06
1.00252e-06
-2.3809e-06
-3.37421e-06
-2.49044e-06
-8.01683e-07
6.63513e-07
1.37714e-06
1.38032e-06
1.02331e-06
6.42723e-07
3.93652e-07
2.71014e-07
2.11283e-07
1.68453e-07
1.29771e-07
9.83682e-08
7.65772e-08
6.23828e-08
5.24374e-08
4.47854e-08
3.87002e-08
3.40019e-08
3.03715e-08
2.75534e-08
2.52526e-08
2.33649e-08
2.1734e-08
2.03384e-08
1.90664e-08
1.7932e-08
1.68501e-08
1.58558e-08
1.48769e-08
1.39597e-08
1.30377e-08
1.21639e-08
1.1274e-08
1.04261e-08
9.55372e-09
8.72383e-09
7.85804e-09
7.04807e-09
6.17171e-09
5.40602e-09
4.46741e-09
3.83209e-09
2.67341e-09
2.44365e-09
5.57587e-10
1.71639e-09
0.111396
0.11379
0.12185
0.13475
0.155137
0.186779
0.235554
0.303156
0.41418
-0.316638
-0.319351
-0.323998
-0.323181
-0.324082
-0.324129
-0.325766
-0.327865
-0.331399
-0.335014
-0.337481
-0.335299
-0.324321
-0.300691
-0.264106
-0.217689
-0.167499
-0.120308
-0.0807647
-0.0507936
-0.0300418
-0.0168082
-0.00912738
-0.00519967
-0.00360426
-0.0033533
-0.00376898
-0.00443264
-0.00510225
-0.00565054
-0.00602559
-0.00622299
-0.00626323
-0.00618269
-0.00601745
-0.00580328
-0.00556737
-0.00532811
-0.00509639
-0.00487692
-0.00467013
-0.00447438
-0.00428693
-0.00410258
-0.00392084
-0.00374059
-0.00356052
-0.00338041
-0.00320073
-0.00302242
-0.0028467
-0.00267493
-0.00250845
-0.00234838
-0.00219574
-0.00205115
-0.00191489
-0.00178694
-0.00166702
-0.00155462
-0.00144911
-0.00134978
-0.00125595
-0.00116699
-0.00108239
-0.00100173
-0.000924734
-0.000851193
-0.000780966
-0.000713948
-0.000650055
-0.000589214
-0.000531365
-0.000476466
-0.00042449
-0.000375428
-0.000329279
-0.000286049
-0.00024575
-0.000208414
-0.000174102
-0.000142912
-0.000114973
-9.04053e-05
-6.92711e-05
-5.15047e-05
-3.68695e-05
-2.49511e-05
-1.52015e-05
-7.0321e-06
6.14164e-08
6.36502e-06
1.18384e-05
1.60902e-05
1.84934e-05
1.84588e-05
1.57999e-05
1.10191e-05
5.31752e-06
2.27513e-07
-2.98566e-06
-3.87195e-06
-2.91641e-06
-1.16567e-06
3.666e-07
1.15286e-06
1.22565e-06
9.25746e-07
5.85233e-07
3.6066e-07
2.51586e-07
1.99252e-07
1.60834e-07
1.24982e-07
9.53692e-08
7.4651e-08
6.10949e-08
5.15552e-08
4.41784e-08
3.82839e-08
3.37153e-08
3.0172e-08
2.74126e-08
2.51524e-08
2.32934e-08
2.16827e-08
2.03015e-08
1.90399e-08
1.79129e-08
1.68363e-08
1.58458e-08
1.48697e-08
1.39544e-08
1.30339e-08
1.21611e-08
1.12719e-08
1.04246e-08
9.55257e-09
8.72291e-09
7.85734e-09
7.04746e-09
6.17124e-09
5.40554e-09
4.46701e-09
3.83164e-09
2.67272e-09
2.44337e-09
5.5532e-10
1.71762e-09
0.109406
0.111547
0.11875
0.129983
0.147265
0.171842
0.207648
0.251277
0.264776
-0.248262
-0.324318
-0.323474
-0.324241
-0.322316
-0.32358
-0.323696
-0.32514
-0.326685
-0.329662
-0.333103
-0.336163
-0.335318
-0.326092
-0.304369
-0.269145
-0.223085
-0.172584
-0.124786
-0.084637
-0.0541511
-0.0329651
-0.0193703
-0.0113898
-0.0072141
-0.00542872
-0.00500773
-0.00526607
-0.00577397
-0.00628314
-0.00666649
-0.00687669
-0.00691537
-0.00681089
-0.006603
-0.00633228
-0.00603322
-0.00573148
-0.00544352
-0.00517793
-0.00493706
-0.00471892
-0.0045192
-0.00433208
-0.00415206
-0.00397482
-0.00379783
-0.00361928
-0.00343865
-0.0032565
-0.00307414
-0.0028933
-0.00271587
-0.00254371
-0.00237834
-0.00222101
-0.00207249
-0.00193313
-0.0018029
-0.00168141
-0.00156806
-0.00146206
-0.00136258
-0.00126877
-0.00117989
-0.00109535
-0.00101467
-0.000937535
-0.000863742
-0.000793168
-0.000725734
-0.000661387
-0.000600082
-0.000541782
-0.000486459
-0.000434097
-0.000384688
-0.000338229
-0.000294713
-0.000254138
-0.000216512
-0.000181874
-0.000150304
-0.000121921
-9.68543e-05
-7.5186e-05
-5.68865e-05
-4.17607e-05
-2.94333e-05
-1.93836e-05
-1.10306e-05
-3.85284e-06
2.47798e-06
7.98394e-06
1.23424e-05
1.49804e-05
1.53284e-05
1.31744e-05
8.95434e-06
3.78277e-06
-8.83138e-07
-3.81875e-06
-4.55767e-06
-3.52867e-06
-1.72089e-06
-1.11129e-07
7.7898e-07
9.63989e-07
7.61412e-07
4.90037e-07
3.069e-07
2.19927e-07
1.79288e-07
1.47872e-07
1.16666e-07
9.0078e-08
7.11932e-08
5.87309e-08
4.99e-08
4.30211e-08
3.74819e-08
3.31588e-08
2.97813e-08
2.71351e-08
2.49539e-08
2.31509e-08
2.15802e-08
2.02275e-08
1.89865e-08
1.78743e-08
1.68084e-08
1.58256e-08
1.48551e-08
1.39438e-08
1.30262e-08
1.21555e-08
1.12678e-08
1.04215e-08
9.55036e-09
8.7212e-09
7.85611e-09
7.04641e-09
6.17053e-09
5.40472e-09
4.46653e-09
3.83074e-09
2.67204e-09
2.44222e-09
5.52692e-10
1.71758e-09
0.106552
0.108363
0.114399
0.123604
0.13678
0.154708
0.173236
0.189312
0.151002
-0.167133
-0.411568
-0.311703
-0.320543
-0.324805
-0.324259
-0.325175
-0.324701
-0.325262
-0.32605
-0.328408
-0.331547
-0.33462
-0.33417
-0.325543
-0.304443
-0.269824
-0.224658
-0.175301
-0.128696
-0.0895185
-0.0595849
-0.0384825
-0.0246027
-0.0161008
-0.0113003
-0.00887337
-0.00786003
-0.00760058
-0.00766767
-0.00780814
-0.00788798
-0.0078524
-0.00769536
-0.00743703
-0.00710988
-0.00674639
-0.00637464
-0.00601566
-0.00568226
-0.00538026
-0.00511
-0.004868
-0.00464869
-0.00444539
-0.00425213
-0.00406376
-0.00387709
-0.00368999
-0.00350172
-0.00331272
-0.00312424
-0.00293801
-0.00275591
-0.00257973
-0.00241096
-0.00225077
-0.00209984
-0.00195846
-0.00182651
-0.00170358
-0.00158897
-0.00148188
-0.00138142
-0.00128673
-0.00119705
-0.00111174
-0.00103033
-0.000952507
-0.000878057
-0.000806863
-0.000738855
-0.000673985
-0.000612211
-0.000553497
-0.000497813
-0.000445139
-0.000395458
-0.000348757
-0.000305019
-0.000264225
-0.000226365
-0.000191451
-0.000159539
-0.000130724
-0.000105122
-8.28148e-05
-6.37943e-05
-4.79066e-05
-3.48356e-05
-2.41292e-05
-1.52706e-05
-7.77543e-06
-1.30485e-06
4.22721e-06
8.6031e-06
1.13648e-05
1.20246e-05
1.03827e-05
6.8086e-06
2.29322e-06
-1.83496e-06
-4.43636e-06
-5.04206e-06
-4.00492e-06
-2.21733e-06
-5.88354e-07
3.7903e-07
6.75135e-07
5.79729e-07
3.86727e-07
2.49511e-07
1.8556e-07
1.56542e-07
1.32326e-07
1.06344e-07
8.33686e-08
6.67167e-08
5.55927e-08
4.76459e-08
4.14131e-08
3.6351e-08
3.23649e-08
2.92187e-08
2.67322e-08
2.46641e-08
2.29421e-08
2.14297e-08
2.01188e-08
1.89078e-08
1.78173e-08
1.67671e-08
1.57957e-08
1.48335e-08
1.39281e-08
1.30149e-08
1.21472e-08
1.12618e-08
1.04171e-08
9.54715e-09
8.71875e-09
7.85439e-09
7.04494e-09
6.1696e-09
5.40358e-09
4.46604e-09
3.82937e-09
2.67146e-09
2.44019e-09
5.4992e-10
1.71651e-09
0.102972
0.104397
0.109122
0.116009
0.125151
0.135766
0.142332
0.134742
0.062756
-0.134154
-0.305889
-0.293743
-0.308274
-0.314423
-0.317923
-0.320469
-0.321206
-0.322325
-0.323327
-0.325569
-0.328524
-0.331112
-0.329887
-0.320465
-0.29915
-0.265326
-0.222147
-0.175592
-0.131831
-0.0948827
-0.0662508
-0.0455534
-0.0314187
-0.0222625
-0.0166267
-0.0133364
-0.0115142
-0.0105436
-0.0100127
-0.00966607
-0.00935906
-0.00902219
-0.00863367
-0.0081992
-0.00773761
-0.00727064
-0.00681746
-0.00639245
-0.00600399
-0.00565502
-0.00534421
-0.00506709
-0.00481745
-0.00458824
-0.00437313
-0.00416654
-0.00396469
-0.00376513
-0.00356679
-0.00336973
-0.00317488
-0.00298364
-0.00279759
-0.00261825
-0.00244689
-0.00228448
-0.00213155
-0.0019883
-0.00185454
-0.00172983
-0.00161349
-0.00150472
-0.00140266
-0.00130648
-0.00121543
-0.0011289
-0.00104641
-0.000967626
-0.000892343
-0.000820427
-0.000751799
-0.0006864
-0.000624183
-0.000565103
-0.000509122
-0.000456208
-0.000406337
-0.000359485
-0.000315626
-0.000274731
-0.000236774
-0.000201748
-0.000169674
-0.000140606
-0.000114611
-9.1731e-05
-7.19384e-05
-5.50968e-05
-4.09568e-05
-2.91788e-05
-1.93794e-05
-1.11926e-05
-4.33938e-06
1.29941e-06
5.63196e-06
8.3756e-06
9.19873e-06
7.97399e-06
5.02645e-06
1.20422e-06
-2.3389e-06
-4.59195e-06
-5.10807e-06
-4.15747e-06
-2.50139e-06
-9.48015e-07
3.52402e-08
4.12343e-07
4.12842e-07
2.93808e-07
1.98921e-07
1.54407e-07
1.34454e-07
1.162e-07
9.51541e-08
7.58833e-08
6.15989e-08
5.19145e-08
4.49387e-08
3.94436e-08
3.49453e-08
3.13668e-08
2.85049e-08
2.62175e-08
2.42922e-08
2.26735e-08
2.12357e-08
1.99783e-08
1.88061e-08
1.77435e-08
1.67138e-08
1.57569e-08
1.48055e-08
1.39079e-08
1.30002e-08
1.21364e-08
1.12541e-08
1.04113e-08
9.54303e-09
8.71561e-09
7.8522e-09
7.04306e-09
6.1685e-09
5.40212e-09
4.46559e-09
3.82753e-09
2.67117e-09
2.43719e-09
5.47402e-10
1.71444e-09
0.0988252
0.0998493
0.103205
0.107826
0.113169
0.117925
0.116009
0.0988411
0.0345107
-0.124327
-0.238756
-0.24811
-0.276408
-0.293894
-0.303794
-0.310369
-0.313723
-0.316092
-0.317785
-0.319777
-0.321724
-0.322708
-0.319653
-0.308887
-0.287572
-0.255611
-0.216003
-0.173821
-0.134106
-0.100141
-0.0732078
-0.0530839
-0.0387312
-0.0288877
-0.0223497
-0.0181139
-0.0154049
-0.0136574
-0.0124777
-0.0116083
-0.0108919
-0.0102417
-0.00961691
-0.00900557
-0.0084106
-0.00784108
-0.00730654
-0.00681444
-0.00636856
-0.00596902
-0.00561288
-0.00529499
-0.0050089
-0.00474768
-0.00450504
-0.00427543
-0.00405479
-0.00384034
-0.00363054
-0.00342492
-0.00322384
-0.00302813
-0.00283887
-0.00265715
-0.00248389
-0.00231979
-0.00216521
-0.00202023
-0.00188464
-0.00175797
-0.00163961
-0.00152881
-0.00142477
-0.00132672
-0.00123397
-0.00114593
-0.00106214
-0.000982261
-0.000906067
-0.000833402
-0.000764163
-0.00069827
-0.000635659
-0.000576272
-0.000520059
-0.000466978
-0.000416995
-0.000370078
-0.000326197
-0.000285318
-0.000247409
-0.000212446
-0.00018042
-0.000151327
-0.000125162
-0.000101886
-8.14038e-05
-6.35603e-05
-4.81553e-05
-3.49759e-05
-2.38311e-05
-1.4554e-05
-6.99596e-06
-1.05223e-06
3.29989e-06
5.98498e-06
6.88504e-06
5.99961e-06
3.64055e-06
5.13586e-07
-2.42627e-06
-4.32532e-06
-4.78051e-06
-3.98256e-06
-2.54516e-06
-1.15093e-06
-2.15883e-07
2.01303e-07
2.74847e-07
2.1745e-07
1.57551e-07
1.277e-07
1.13873e-07
1.00117e-07
8.34723e-08
6.78212e-08
5.5962e-08
4.77938e-08
4.18601e-08
3.71733e-08
3.33057e-08
3.01918e-08
2.7659e-08
2.56049e-08
2.38483e-08
2.23521e-08
2.10032e-08
1.98098e-08
1.86841e-08
1.7655e-08
1.66497e-08
1.57104e-08
1.47717e-08
1.3883e-08
1.29826e-08
1.21235e-08
1.12447e-08
1.04044e-08
9.53813e-09
8.71186e-09
7.84965e-09
7.04086e-09
6.16729e-09
5.40038e-09
4.46528e-09
3.82519e-09
2.67141e-09
2.43303e-09
5.45788e-10
1.71085e-09
0.0942732
0.0948997
0.0969285
0.0993881
0.101437
0.101197
0.0935421
0.0698371
0.0138809
-0.10136
-0.19783
-0.225099
-0.255007
-0.273705
-0.285592
-0.294438
-0.30013
-0.304232
-0.307058
-0.30929
-0.310643
-0.310118
-0.305397
-0.293738
-0.27321
-0.244006
-0.208667
-0.17123
-0.135683
-0.104716
-0.0794966
-0.0600095
-0.0455424
-0.0351338
-0.0278135
-0.0227352
-0.0192185
-0.016749
-0.014955
-0.0135819
-0.0124642
-0.0115011
-0.010636
-0.00984124
-0.00910576
-0.00842709
-0.00780566
-0.00724218
-0.00673577
-0.00628357
-0.00588087
-0.0055216
-0.00519891
-0.00490581
-0.00463588
-0.00438349
-0.00414428
-0.00391513
-0.00369401
-0.00347995
-0.00327271
-0.00307258
-0.00288014
-0.00269603
-0.00252084
-0.00235499
-0.0021987
-0.00205192
-0.00191442
-0.00178574
-0.00166529
-0.00155238
-0.0014463
-0.00134634
-0.00125186
-0.00116229
-0.0010772
-0.00099623
-0.000919143
-0.000845756
-0.000775938
-0.000709586
-0.000646617
-0.000586959
-0.000530552
-0.000477345
-0.000427296
-0.000380369
-0.000336529
-0.000295743
-0.000257981
-0.000223209
-0.000191389
-0.000162465
-0.000136342
-0.000112877
-9.18762e-05
-7.31226e-05
-5.64393e-05
-4.17398e-05
-2.9034e-05
-1.83842e-05
-9.83485e-06
-3.35012e-06
1.18299e-06
3.89121e-06
4.88444e-06
4.31732e-06
2.5165e-06
6.33084e-08
-2.28206e-06
-3.82916e-06
-4.22971e-06
-3.60368e-06
-2.42154e-06
-1.23107e-06
-3.87167e-07
3.61437e-08
1.6028e-07
1.51927e-07
1.20831e-07
1.02807e-07
9.36571e-08
8.37334e-08
7.12169e-08
5.91567e-08
4.98121e-08
4.32685e-08
3.84651e-08
3.4654e-08
3.14718e-08
2.88682e-08
2.67019e-08
2.49101e-08
2.33441e-08
2.19867e-08
2.07387e-08
1.96181e-08
1.85452e-08
1.75542e-08
1.65767e-08
1.56573e-08
1.47334e-08
1.38551e-08
1.2962e-08
1.21087e-08
1.12341e-08
1.03966e-08
9.53256e-09
8.70759e-09
7.84678e-09
7.03833e-09
6.166e-09
5.39835e-09
4.4652e-09
3.82229e-09
2.67249e-09
2.42744e-09
5.46009e-10
1.70453e-09
0.0894756
0.0897324
0.0905234
0.0910634
0.0903194
0.0862951
0.0747441
0.0484821
-0.0010564
-0.0909203
-0.170814
-0.202656
-0.233196
-0.25479
-0.26959
-0.280603
-0.288064
-0.29329
-0.296704
-0.29882
-0.299348
-0.297448
-0.291397
-0.279273
-0.259809
-0.23333
-0.201895
-0.168662
-0.136781
-0.10848
-0.084845
-0.0660225
-0.0515578
-0.0407347
-0.03278
-0.0269873
-0.022766
-0.0196535
-0.0173031
-0.015467
-0.0139755
-0.0127174
-0.0116233
-0.010652
-0.00978034
-0.00899531
-0.00828912
-0.00765619
-0.00709123
-0.00658837
-0.00614107
-0.00574219
-0.0053844
-0.00506054
-0.00476412
-0.00448944
-0.00423195
-0.00398823
-0.00375584
-0.0035333
-0.00331986
-0.00311526
-0.0029196
-0.00273309
-0.00255599
-0.00238847
-0.00223054
-0.00208208
-0.00194279
-0.00181221
-0.0016898
-0.00157492
-0.00146691
-0.00136513
-0.00126898
-0.00117795
-0.00109159
-0.00100957
-0.000931627
-0.000857548
-0.00078718
-0.000720398
-0.000657099
-0.000597199
-0.000540626
-0.00048732
-0.000437232
-0.000390321
-0.000346551
-0.000305892
-0.000268315
-0.000233786
-0.000202244
-0.000173586
-0.000147634
-0.000124138
-0.000102791
-8.33009e-05
-6.54847e-05
-4.93352e-05
-3.50578e-05
-2.2962e-05
-1.32748e-05
-6.05062e-06
-1.1411e-06
1.7453e-06
2.92945e-06
2.71822e-06
1.4675e-06
-3.40231e-07
-2.11443e-06
-3.31375e-06
-3.64401e-06
-3.16627e-06
-2.22543e-06
-1.24079e-06
-5.03963e-07
-9.57363e-08
6.10139e-08
9.08849e-08
8.41496e-08
7.7012e-08
7.26037e-08
6.66329e-08
5.82638e-08
4.98447e-08
4.31356e-08
3.83539e-08
3.47893e-08
3.19253e-08
2.94778e-08
2.74234e-08
2.56552e-08
2.41501e-08
2.27925e-08
2.15867e-08
2.0449e-08
1.9408e-08
1.83929e-08
1.74436e-08
1.64966e-08
1.55991e-08
1.46913e-08
1.38245e-08
1.294e-08
1.20925e-08
1.12225e-08
1.0388e-08
9.52651e-09
8.70293e-09
7.84372e-09
7.03558e-09
6.16474e-09
5.39609e-09
4.46548e-09
3.8188e-09
2.67465e-09
2.41998e-09
5.49354e-10
1.69347e-09
0.0845805
0.0845027
0.0841839
0.0830553
0.0800276
0.0731211
0.0590172
0.0319203
-0.0124167
-0.0837773
-0.150312
-0.185438
-0.216861
-0.239757
-0.255899
-0.268036
-0.276593
-0.28261
-0.286476
-0.288532
-0.28855
-0.2858
-0.279002
-0.266821
-0.248467
-0.224342
-0.196136
-0.166351
-0.137511
-0.111481
-0.0892631
-0.0711046
-0.0567394
-0.0456428
-0.037203
-0.0308331
-0.0260228
-0.0223581
-0.0195186
-0.0172666
-0.0154321
-0.0138977
-0.0125845
-0.0114413
-0.0104347
-0.0095432
-0.00875184
-0.00804942
-0.00742647
-0.00687424
-0.00638421
-0.00594806
-0.00555773
-0.00520567
-0.0048851
-0.00459012
-0.00431592
-0.00405873
-0.00381577
-0.00358512
-0.00336557
-0.00315643
-0.00295738
-0.00276829
-0.00258911
-0.00241977
-0.00226016
-0.00211002
-0.00196901
-0.00183668
-0.00171247
-0.00159581
-0.00148607
-0.00138265
-0.00128501
-0.00119265
-0.00110515
-0.00102217
-0.000943431
-0.000868708
-0.000797825
-0.000730637
-0.000667028
-0.000606899
-0.00055017
-0.000496772
-0.00044665
-0.000399756
-0.000356055
-0.000315517
-0.000278118
-0.000243821
-0.000212551
-0.000184165
-0.000158417
-0.000134961
-0.000113391
-9.33296e-05
-7.45713e-05
-5.72023e-05
-4.15531e-05
-2.80975e-05
-1.72755e-05
-9.2439e-06
-3.81738e-06
-5.90751e-07
9.06446e-07
1.10824e-06
4.02599e-07
-8.00518e-07
-2.04447e-06
-2.9098e-06
-3.1492e-06
-2.77682e-06
-2.03349e-06
-1.22826e-06
-5.93384e-07
-2.08954e-07
-3.13676e-08
2.8912e-08
4.39719e-08
4.82483e-08
4.98418e-08
4.85594e-08
4.46269e-08
3.99758e-08
3.60306e-08
3.31409e-08
3.09129e-08
2.90534e-08
2.73748e-08
2.58949e-08
2.45462e-08
2.33448e-08
2.22083e-08
2.11631e-08
2.01424e-08
1.91855e-08
1.82317e-08
1.73264e-08
1.64118e-08
1.55374e-08
1.46467e-08
1.3792e-08
1.29167e-08
1.20753e-08
1.12103e-08
1.03789e-08
9.52011e-09
8.69795e-09
7.8405e-09
7.03261e-09
6.16352e-09
5.39357e-09
4.46619e-09
3.81466e-09
2.67852e-09
2.41011e-09
5.57429e-10
1.67481e-09
0.0797209
0.0793515
0.0780642
0.075537
0.0706815
0.0616825
0.0459806
0.0191251
-0.0208476
-0.0792647
-0.135959
-0.171463
-0.202346
-0.225958
-0.243451
-0.256835
-0.266508
-0.273296
-0.277575
-0.279604
-0.279194
-0.275795
-0.268497
-0.256395
-0.239032
-0.216856
-0.191272
-0.164297
-0.137976
-0.113881
-0.0929219
-0.0754066
-0.0612033
-0.0499352
-0.0411229
-0.0342816
-0.0289738
-0.0248319
-0.021562
-0.0189384
-0.0167933
-0.0150056
-0.0134895
-0.0121852
-0.0110514
-0.0100589
-0.00918658
-0.00841814
-0.00774035
-0.00714169
-0.00661175
-0.00614095
-0.00572047
-0.0053423
-0.00499933
-0.00468546
-0.0043956
-0.00412571
-0.00387267
-0.00363419
-0.00340867
-0.00319503
-0.00299258
-0.00280088
-0.00261961
-0.00244849
-0.00228725
-0.00213555
-0.00199298
-0.00185906
-0.00173326
-0.00161501
-0.00150374
-0.00139888
-0.00129991
-0.00120636
-0.00111783
-0.00103397
-0.000954492
-0.000879168
-0.000807802
-0.000740233
-0.000676331
-0.000615986
-0.000559107
-0.000505619
-0.000455458
-0.000408573
-0.000364923
-0.000324481
-0.000287222
-0.000253108
-0.000222051
-0.000193877
-0.000168288
-0.000144867
-0.000123125
-0.00010263
-8.31683e-05
-6.48304e-05
-4.80464e-05
-3.34568e-05
-2.16215e-05
-1.27863e-05
-6.78156e-06
-3.11648e-06
-1.20768e-06
-5.43435e-07
-7.13266e-07
-1.35874e-06
-2.12135e-06
-2.6727e-06
-2.80186e-06
-2.48753e-06
-1.88681e-06
-1.22124e-06
-6.71178e-07
-3.10761e-07
-1.19386e-07
-3.45034e-08
3.97526e-10
1.67495e-08
2.56305e-08
2.97866e-08
3.0555e-08
2.97413e-08
2.86281e-08
2.77188e-08
2.69017e-08
2.60915e-08
2.52066e-08
2.4318e-08
2.34024e-08
2.25149e-08
2.16067e-08
2.07269e-08
1.98263e-08
1.89561e-08
1.80654e-08
1.72055e-08
1.63243e-08
1.54737e-08
1.46008e-08
1.37585e-08
1.28927e-08
1.20576e-08
1.11977e-08
1.03694e-08
9.5136e-09
8.69284e-09
7.83731e-09
7.02956e-09
6.16249e-09
5.39089e-09
4.46748e-09
3.80963e-09
2.68447e-09
2.39728e-09
5.72284e-10
1.645e-09
0.0750124
0.0743944
0.0722831
0.0686056
0.0623193
0.0518227
0.035182
0.00907284
-0.0272589
-0.076426
-0.125364
-0.160151
-0.190444
-0.214424
-0.232717
-0.24685
-0.257243
-0.264561
-0.269142
-0.271177
-0.27053
-0.26679
-0.259303
-0.247466
-0.231056
-0.210545
-0.18713
-0.162465
-0.138239
-0.115788
-0.0959384
-0.0790285
-0.0650235
-0.0536617
-0.0445706
-0.037352
-0.0316317
-0.0270842
-0.023441
-0.0204894
-0.0180656
-0.0160469
-0.0143429
-0.0128874
-0.0116327
-0.0105435
-0.00959316
-0.00876119
-0.00803087
-0.00738812
-0.00682072
-0.0063178
-0.0058697
-0.00546782
-0.00510465
-0.00477377
-0.0044698
-0.00418839
-0.00392611
-0.00368035
-0.00344916
-0.00323116
-0.00302535
-0.00283101
-0.00264761
-0.00247469
-0.00231185
-0.00215864
-0.0020146
-0.00187924
-0.00175201
-0.00163237
-0.00151976
-0.00141364
-0.00131351
-0.00121892
-0.00112947
-0.00104483
-0.000964695
-0.000888824
-0.000817013
-0.000749089
-0.000684909
-0.000624356
-0.000567329
-0.000513746
-0.000463536
-0.000416641
-0.000373017
-0.000332634
-0.000295466
-0.000261467
-0.000230539
-0.000202484
-0.000176966
-0.000153519
-0.000131606
-0.000110764
-9.07508e-05
-7.16863e-05
-5.40728e-05
-3.86247e-05
-2.59869e-05
-1.6455e-05
-9.86828e-06
-5.71195e-06
-3.34072e-06
-2.19297e-06
-1.85114e-06
-1.99381e-06
-2.33039e-06
-2.59562e-06
-2.60385e-06
-2.30725e-06
-1.79861e-06
-1.23262e-06
-7.46642e-07
-4.05977e-07
-2.04422e-07
-9.90081e-08
-4.57876e-08
-1.68245e-08
4.13958e-10
1.07049e-08
1.6405e-08
1.94563e-08
2.11799e-08
2.2273e-08
2.28864e-08
2.31309e-08
2.30374e-08
2.27377e-08
2.22554e-08
2.16831e-08
2.10045e-08
2.02905e-08
1.95105e-08
1.87267e-08
1.78992e-08
1.70845e-08
1.62367e-08
1.54099e-08
1.45549e-08
1.37249e-08
1.28686e-08
1.20398e-08
1.11851e-08
1.03599e-08
9.50707e-09
8.68762e-09
7.83412e-09
7.0264e-09
6.1616e-09
5.38801e-09
4.46951e-09
3.80401e-09
2.69286e-09
2.38083e-09
5.96152e-10
1.59976e-09
0.0705533
0.0697287
0.0669311
0.0623295
0.0549445
0.0434111
0.0262822
0.00114143
-0.0321469
-0.074584
-0.117596
-0.151111
-0.180473
-0.204394
-0.22319
-0.237938
-0.248973
-0.256793
-0.261682
-0.263787
-0.263012
-0.259064
-0.251501
-0.239956
-0.224378
-0.205254
-0.183618
-0.160852
-0.138366
-0.117308
-0.0984269
-0.0820738
-0.0682829
-0.0568807
-0.0475813
-0.0400593
-0.0339956
-0.0291028
-0.0251367
-0.0218973
-0.0192262
-0.0170004
-0.0151263
-0.0135331
-0.0121674
-0.010989
-0.00996657
-0.00907583
-0.008297
-0.00761368
-0.00701193
-0.00647969
-0.00600644
-0.005583
-0.00520147
-0.0048551
-0.00453823
-0.00424624
-0.00397543
-0.00372288
-0.00348637
-0.00326423
-0.0030552
-0.00285833
-0.00267289
-0.00249826
-0.0023339
-0.0021793
-0.00203395
-0.0018973
-0.00176882
-0.00164796
-0.00153418
-0.00142696
-0.00132582
-0.00123032
-0.00114007
-0.00105472
-0.000973994
-0.000897627
-0.000825407
-0.000757154
-0.000692716
-0.000631965
-0.000574794
-0.000521113
-0.000470843
-0.000423921
-0.000380298
-0.000339939
-0.00030281
-0.000268859
-0.000237973
-0.000209936
-0.000184388
-0.000160837
-0.000138726
-0.000117574
-9.71386e-05
-7.75593e-05
-5.93693e-05
-4.33219e-05
-3.00939e-05
-2.00063e-05
-1.29049e-05
-8.26337e-06
-5.42176e-06
-3.79774e-06
-2.98031e-06
-2.67655e-06
-2.64127e-06
-2.6504e-06
-2.5339e-06
-2.22393e-06
-1.76567e-06
-1.26392e-06
-8.21777e-07
-4.9468e-07
-2.84481e-07
-1.61656e-07
-9.18557e-08
-5.05213e-08
-2.46162e-08
-7.98517e-09
2.5936e-09
9.37611e-09
1.38423e-08
1.68996e-08
1.8932e-08
2.02235e-08
2.09121e-08
2.11922e-08
2.11357e-08
2.08723e-08
2.04178e-08
1.9865e-08
1.92022e-08
1.85025e-08
1.77366e-08
1.6966e-08
1.61511e-08
1.53475e-08
1.45101e-08
1.36921e-08
1.28452e-08
1.20225e-08
1.1173e-08
1.03507e-08
9.50085e-09
8.68257e-09
7.83121e-09
7.02332e-09
6.16104e-09
5.38509e-09
4.47235e-09
3.79772e-09
2.70415e-09
2.36038e-09
6.31555e-10
1.53469e-09
0.0664252
0.0654322
0.0620742
0.0567428
0.0485296
0.0362968
0.0189733
-0.00515612
-0.0359195
-0.0734031
-0.111824
-0.143861
-0.172266
-0.195994
-0.215077
-0.23022
-0.241683
-0.249847
-0.254949
-0.257111
-0.256276
-0.252246
-0.244736
-0.233542
-0.218731
-0.200791
-0.180633
-0.159434
-0.138393
-0.118509
-0.100463
-0.0846112
-0.0710356
-0.0596308
-0.0501805
-0.0424191
-0.0360745
-0.030893
-0.026652
-0.0231641
-0.0202764
-0.0178672
-0.0158407
-0.0141226
-0.0126556
-0.011395
-0.010306
-0.00936091
-0.0085373
-0.0078167
-0.00718361
-0.00662481
-0.00612896
-0.0056863
-0.00528847
-0.00492838
-0.00460009
-0.0042987
-0.00402025
-0.00376158
-0.00352022
-0.00329425
-0.0030822
-0.00288293
-0.00269553
-0.00251927
-0.00235349
-0.0021976
-0.00205104
-0.00191324
-0.00178365
-0.00166173
-0.00154694
-0.00143877
-0.00133676
-0.00124047
-0.00114952
-0.00106357
-0.000982321
-0.000905513
-0.000832926
-0.000764374
-0.000699696
-0.000638759
-0.000581447
-0.000527664
-0.000477325
-0.000430361
-0.000386716
-0.000346346
-0.000309211
-0.000275245
-0.000244322
-0.00021621
-0.000190537
-0.000166801
-0.000144449
-0.000123002
-0.000102234
-8.23041e-05
-6.37547e-05
-4.73394e-05
-3.37305e-05
-2.32427e-05
-1.57218e-05
-1.0646e-05
-7.36234e-06
-5.29737e-06
-4.05356e-06
-3.36233e-06
-3.00868e-06
-2.79404e-06
-2.55686e-06
-2.21412e-06
-1.77645e-06
-1.31195e-06
-8.97109e-07
-5.77682e-07
-3.59322e-07
-2.2136e-07
-1.36541e-07
-8.33175e-08
-4.87301e-08
-2.5747e-08
-1.04237e-08
-1.07235e-10
6.93027e-09
1.18303e-08
1.51969e-08
1.74724e-08
1.88968e-08
1.97245e-08
2.00726e-08
2.01035e-08
1.98629e-08
1.94634e-08
1.89116e-08
1.8291e-08
1.75832e-08
1.68541e-08
1.60702e-08
1.52884e-08
1.44676e-08
1.36609e-08
1.28231e-08
1.2006e-08
1.11614e-08
1.03418e-08
9.49491e-09
8.67762e-09
7.82842e-09
7.02023e-09
6.16065e-09
5.382e-09
4.47577e-09
3.79058e-09
2.7183e-09
2.3356e-09
6.80457e-10
1.44578e-09
0.0626946
0.0615672
0.0577605
0.0518638
0.043038
0.0303509
0.0130171
-0.0101519
-0.0388395
-0.0726346
-0.107517
-0.138097
-0.165549
-0.188947
-0.208137
-0.223546
-0.235347
-0.24381
-0.249119
-0.251373
-0.250542
-0.246502
-0.239087
-0.228222
-0.214063
-0.197097
-0.178142
-0.158217
-0.138362
-0.119455
-0.10212
-0.086709
-0.0733383
-0.0619543
-0.0523955
-0.0444458
-0.0378724
-0.0324507
-0.0279777
-0.0242775
-0.0212032
-0.0186344
-0.0164744
-0.0146463
-0.0130895
-0.011756
-0.0106076
-0.00961401
-0.00875047
-0.00799669
-0.00733576
-0.00675344
-0.00623762
-0.00577798
-0.00536577
-0.00499357
-0.00465517
-0.00434544
-0.00406018
-0.00379602
-0.00355028
-0.00332084
-0.00310605
-0.00290458
-0.0027154
-0.00253765
-0.00237059
-0.00221355
-0.00206592
-0.00192712
-0.00179658
-0.00167374
-0.00155809
-0.00144911
-0.00134636
-0.0012494
-0.00115785
-0.00107137
-0.000989659
-0.000912462
-0.00083955
-0.000770729
-0.000705835
-0.000644726
-0.000587282
-0.000533398
-0.000482986
-0.00043597
-0.000392285
-0.000351881
-0.000314705
-0.000280676
-0.000249656
-0.000221398
-0.000195528
-0.000171549
-0.000148922
-0.000127194
-0.000106164
-8.60052e-05
-6.72558e-05
-5.0648e-05
-3.68235e-05
-2.60729e-05
-1.82334e-05
-1.27927e-05
-9.11793e-06
-6.6615e-06
-5.0456e-06
-4.02375e-06
-3.40109e-06
-2.99384e-06
-2.64404e-06
-2.25712e-06
-1.81891e-06
-1.37112e-06
-9.70003e-07
-6.52702e-07
-4.26047e-07
-2.749e-07
-1.76979e-07
-1.13132e-07
-7.06519e-08
-4.19079e-08
-2.23294e-08
-8.86129e-09
4.92151e-10
7.0859e-09
1.17031e-08
1.49098e-08
1.70306e-08
1.83731e-08
1.90981e-08
1.94002e-08
1.93551e-08
1.90948e-08
1.8644e-08
1.80956e-08
1.74415e-08
1.67505e-08
1.59956e-08
1.52339e-08
1.44288e-08
1.36323e-08
1.2803e-08
1.19909e-08
1.1151e-08
1.03337e-08
9.4897e-09
8.67315e-09
7.82614e-09
7.01743e-09
6.16069e-09
5.37905e-09
4.4799e-09
3.78299e-09
2.7354e-09
2.30694e-09
7.44134e-10
1.33091e-09
0.0594147
0.058182
0.0540233
0.0476967
0.0384267
0.0254568
0.00821644
-0.0140959
-0.0411012
-0.072138
-0.104301
-0.13355
-0.160129
-0.18317
-0.202377
-0.217951
-0.229982
-0.238655
-0.244113
-0.246438
-0.245628
-0.241617
-0.234331
-0.223787
-0.210196
-0.194042
-0.176069
-0.157181
-0.138292
-0.12019
-0.103449
-0.0884163
-0.0752325
-0.0638828
-0.0542487
-0.0461537
-0.0393977
-0.0337805
-0.0291159
-0.0252384
-0.0220064
-0.0193016
-0.0170269
-0.0151036
-0.0134685
-0.012071
-0.0108704
-0.00983413
-0.00893544
-0.00815252
-0.00746725
-0.00686446
-0.00633135
-0.00585709
-0.00543254
-0.00504996
-0.00470291
-0.00438603
-0.00409492
-0.00382602
-0.00357646
-0.00334397
-0.00312674
-0.00292332
-0.00273254
-0.00255345
-0.00238524
-0.00222718
-0.00207862
-0.00193895
-0.00180759
-0.00168398
-0.0015676
-0.00145795
-0.00135457
-0.00125705
-0.00116499
-0.00107806
-0.000995968
-0.000918437
-0.000845244
-0.000776189
-0.000711102
-0.000649838
-0.00059227
-0.000538291
-0.000487804
-0.000440729
-0.000396994
-0.000356537
-0.000319293
-0.000285168
-0.000254006
-0.000225554
-0.000199436
-0.000175173
-0.000152251
-0.000130253
-0.00010901
-8.87103e-05
-6.98792e-05
-5.3213e-05
-3.93073e-05
-2.84143e-05
-2.03563e-05
-1.46316e-05
-1.06341e-05
-7.8482e-06
-5.92087e-06
-4.62566e-06
-3.78172e-06
-3.21366e-06
-2.76427e-06
-2.3302e-06
-1.87985e-06
-1.4359e-06
-1.03953e-06
-7.20533e-07
-4.85497e-07
-3.22625e-07
-2.13105e-07
-1.39672e-07
-8.9974e-08
-5.59891e-08
-3.26251e-08
-1.64206e-08
-5.08685e-09
2.94772e-09
8.6322e-09
1.26412e-08
1.53704e-08
1.71688e-08
1.82319e-08
1.87783e-08
1.8909e-08
1.87725e-08
1.84108e-08
1.79251e-08
1.73174e-08
1.66594e-08
1.59299e-08
1.51856e-08
1.43945e-08
1.36069e-08
1.27852e-08
1.19774e-08
1.11418e-08
1.03263e-08
9.485e-09
8.66895e-09
7.82405e-09
7.01469e-09
6.16079e-09
5.37598e-09
4.48429e-09
3.77497e-09
2.75453e-09
2.27505e-09
8.21472e-10
1.19133e-09
0.0566268
0.0553138
0.0508856
0.0442394
0.0346546
0.0215185
0.00442004
-0.017165
-0.0428347
-0.0718163
-0.101914
-0.130022
-0.155839
-0.178523
-0.19768
-0.213345
-0.225541
-0.23438
-0.239969
-0.242375
-0.241611
-0.237657
-0.230504
-0.220235
-0.207107
-0.1916
-0.174403
-0.156333
-0.138212
-0.120754
-0.104497
-0.0897789
-0.0767575
-0.0654468
-0.0557612
-0.0475556
-0.0406561
-0.0348826
-0.0300629
-0.0260406
-0.022679
-0.0198616
-0.0174914
-0.0154885
-0.0137877
-0.0123364
-0.0110918
-0.0100194
-0.00909109
-0.00828361
-0.00757784
-0.00695784
-0.00641021
-0.00592369
-0.00548878
-0.0050975
-0.00474318
-0.00442027
-0.00412422
-0.0038513
-0.0035985
-0.00336342
-0.0031441
-0.002939
-0.00274685
-0.00256662
-0.00239743
-0.00223851
-0.00208918
-0.00194878
-0.00181675
-0.0016925
-0.00157552
-0.00146532
-0.00136143
-0.00126344
-0.00117096
-0.00108367
-0.00100125
-0.000923438
-0.000850008
-0.000780754
-0.000715503
-0.000654104
-0.000596429
-0.000542363
-0.000491806
-0.000444673
-0.000400884
-0.000360368
-0.000323046
-0.00028881
-0.00025749
-0.000228827
-0.000202448
-0.000177895
-0.000154688
-0.000132446
-0.000111035
-9.06544e-05
-7.18139e-05
-5.51687e-05
-4.12628e-05
-3.03061e-05
-2.21033e-05
-1.61625e-05
-1.19061e-05
-8.85095e-06
-6.6707e-06
-5.15575e-06
-4.13469e-06
-3.43597e-06
-2.9013e-06
-2.42066e-06
-1.95064e-06
-1.5008e-06
-1.10169e-06
-7.77451e-07
-5.33825e-07
-3.60862e-07
-2.41902e-07
-1.60869e-07
-1.05557e-07
-6.75521e-08
-4.12845e-08
-2.2936e-08
-9.98272e-09
-7.09697e-10
5.93001e-09
1.06703e-08
1.39523e-08
1.61564e-08
1.75115e-08
1.82624e-08
1.85373e-08
1.85011e-08
1.82124e-08
1.77788e-08
1.72111e-08
1.65814e-08
1.58742e-08
1.5145e-08
1.4366e-08
1.35858e-08
1.27706e-08
1.19662e-08
1.11344e-08
1.03203e-08
9.48143e-09
8.66558e-09
7.82272e-09
7.01252e-09
6.16146e-09
5.37341e-09
4.48919e-09
3.76729e-09
2.77505e-09
2.24192e-09
9.09034e-10
1.03364e-09
0.0543628
0.0529904
0.0483625
0.0414859
0.0316844
0.0184575
0.00150967
-0.0194897
-0.0441337
-0.0716113
-0.100178
-0.127361
-0.152553
-0.174922
-0.194006
-0.20972
-0.222025
-0.230981
-0.236663
-0.239128
-0.238405
-0.234508
-0.227476
-0.21744
-0.204686
-0.189687
-0.173093
-0.155655
-0.138128
-0.121172
-0.105295
-0.090829
-0.0779419
-0.0666692
-0.05695
-0.048663
-0.0416548
-0.035761
-0.0308206
-0.0266847
-0.0232206
-0.0203137
-0.0178671
-0.0158001
-0.0140463
-0.0125513
-0.0112709
-0.0101692
-0.0092167
-0.00838923
-0.00766683
-0.00703291
-0.00647357
-0.00597719
-0.00553399
-0.00513574
-0.00477561
-0.00444789
-0.00414788
-0.00387173
-0.00361632
-0.00337912
-0.0031581
-0.00295162
-0.00275835
-0.00257718
-0.00240719
-0.00224756
-0.00209759
-0.00195662
-0.00182404
-0.00169929
-0.00158184
-0.00147119
-0.0013669
-0.00126854
-0.00117574
-0.00108815
-0.00100547
-0.000927438
-0.000853816
-0.000784401
-0.000719015
-0.000657505
-0.000599737
-0.000545596
-0.000494977
-0.000447789
-0.000403947
-0.000363371
-0.000325969
-0.000291619
-0.00026014
-0.000231267
-0.000204636
-0.000179807
-0.000156334
-0.000133876
-0.00011233
-9.19058e-05
-7.30982e-05
-5.6522e-05
-4.26702e-05
-3.17109e-05
-2.34299e-05
-1.73428e-05
-1.28971e-05
-9.63944e-06
-7.26792e-06
-5.5872e-06
-4.43256e-06
-3.63415e-06
-3.03208e-06
-2.51155e-06
-2.02133e-06
-1.5621e-06
-1.15703e-06
-8.26075e-07
-5.74054e-07
-3.92084e-07
-2.64944e-07
-1.77408e-07
-1.17377e-07
-7.61156e-08
-4.76208e-08
-2.77188e-08
-1.36362e-08
-3.50556e-09
3.81182e-09
9.09339e-09
1.28048e-08
1.53372e-08
1.69357e-08
1.78581e-08
1.82522e-08
1.82957e-08
1.8063e-08
1.76678e-08
1.71294e-08
1.65206e-08
1.58305e-08
1.51128e-08
1.43435e-08
1.35691e-08
1.27593e-08
1.19573e-08
1.11286e-08
1.03152e-08
9.47847e-09
8.66259e-09
7.82151e-09
7.01044e-09
6.16196e-09
5.37091e-09
4.49359e-09
3.75993e-09
2.79479e-09
2.20962e-09
9.99201e-10
8.70674e-10
0.0526459
0.051232
0.0464637
0.0394288
0.0294848
0.016213
-0.000601815
-0.0211613
-0.0450603
-0.0714835
-0.0989664
-0.125455
-0.150169
-0.172284
-0.191292
-0.207025
-0.219401
-0.228439
-0.234193
-0.236711
-0.236031
-0.232189
-0.225257
-0.2154
-0.202921
-0.188293
-0.172135
-0.155154
-0.138058
-0.121469
-0.105873
-0.0915948
-0.0788105
-0.0675697
-0.0578293
-0.0494851
-0.0423986
-0.036417
-0.031388
-0.027168
-0.0236277
-0.020654
-0.0181502
-0.0160351
-0.0142413
-0.0127134
-0.0114061
-0.0102822
-0.00931147
-0.00846892
-0.00773398
-0.00708955
-0.0065214
-0.00601759
-0.00556813
-0.00516464
-0.00480012
-0.00446876
-0.00416575
-0.00388715
-0.00362976
-0.00339095
-0.00316864
-0.00296112
-0.00276699
-0.00258511
-0.0024145
-0.00225435
-0.0021039
-0.00196249
-0.0018295
-0.00170437
-0.00158657
-0.0014756
-0.00137101
-0.00127238
-0.00117933
-0.00109152
-0.00100865
-0.000930451
-0.000856685
-0.000787148
-0.000721659
-0.000660064
-0.000602226
-0.000548027
-0.000497359
-0.000450127
-0.000406243
-0.000365616
-0.000328147
-0.000293701
-0.000262091
-0.000233045
-0.000206208
-0.000181158
-0.000157476
-0.000134853
-0.00011321
-9.27652e-05
-7.39983e-05
-5.74904e-05
-4.36935e-05
-3.27421e-05
-2.44079e-05
-1.82139e-05
-1.3629e-05
-1.02246e-05
-7.71748e-06
-5.92169e-06
-4.6751e-06
-3.80681e-06
-3.15456e-06
-2.60035e-06
-2.08865e-06
-1.61546e-06
-1.20004e-06
-8.60059e-07
-5.99764e-07
-4.10679e-07
-2.78075e-07
-1.86808e-07
-1.24434e-07
-8.17116e-08
-5.22007e-08
-3.14671e-08
-1.66281e-08
-5.80559e-09
2.11884e-09
7.89589e-09
1.19851e-08
1.47834e-08
1.65597e-08
1.75941e-08
1.80606e-08
1.81512e-08
1.79538e-08
1.75846e-08
1.70686e-08
1.64761e-08
1.57998e-08
1.50907e-08
1.43288e-08
1.3558e-08
1.27521e-08
1.19514e-08
1.11251e-08
1.03121e-08
9.47706e-09
8.66084e-09
7.82136e-09
7.0093e-09
6.16309e-09
5.36932e-09
4.49799e-09
3.75412e-09
2.81262e-09
2.1816e-09
1.08235e-09
7.20523e-10
0.0514928
0.0500526
0.0451952
0.0380618
0.0280319
0.0147408
-0.00197676
-0.0222435
-0.0456575
-0.0714103
-0.0982005
-0.124225
-0.148618
-0.170557
-0.189507
-0.205246
-0.217663
-0.226753
-0.232551
-0.235102
-0.23445
-0.230646
-0.223784
-0.214049
-0.201754
-0.18737
-0.171499
-0.154819
-0.138006
-0.121658
-0.106247
-0.0920944
-0.0793798
-0.0681622
-0.0584097
-0.0500293
-0.0428922
-0.0368534
-0.0317662
-0.0274908
-0.0239002
-0.0208821
-0.0183402
-0.0161929
-0.0143723
-0.0128223
-0.0114968
-0.010358
-0.00937499
-0.00852228
-0.00777889
-0.00712742
-0.00655335
-0.00604458
-0.00559094
-0.00518395
-0.00481651
-0.00448273
-0.00417772
-0.00389749
-0.00363876
-0.00339888
-0.0031757
-0.00296747
-0.00277276
-0.00259039
-0.00241938
-0.00225886
-0.00210809
-0.00196639
-0.00183313
-0.00170775
-0.00158972
-0.00147853
-0.00137374
-0.00127492
-0.00118171
-0.00109376
-0.00101076
-0.00093245
-0.000858588
-0.000788968
-0.000723409
-0.000661755
-0.000603868
-0.000549627
-0.000498924
-0.00045166
-0.000407743
-0.000367078
-0.000329558
-0.00029504
-0.000263329
-0.000234155
-0.000207164
-0.000181949
-0.000158111
-0.000135365
-0.000113651
-9.31908e-05
-7.44563e-05
-5.80044e-05
-4.42577e-05
-3.33269e-05
-2.49731e-05
-1.87236e-05
-1.40619e-05
-1.05754e-05
-7.99318e-06
-6.13455e-06
-4.83791e-06
-3.93075e-06
-3.249e-06
-2.67303e-06
-2.14548e-06
-1.66026e-06
-1.2349e-06
-8.86102e-07
-6.18003e-07
-4.22502e-07
-2.85197e-07
-1.90938e-07
-1.2695e-07
-8.35198e-08
-5.37661e-08
-3.29494e-08
-1.80175e-08
-7.03556e-09
1.10966e-09
7.1302e-09
1.14485e-08
1.44322e-08
1.63424e-08
1.74609e-08
1.79758e-08
1.80904e-08
1.79066e-08
1.75453e-08
1.70373e-08
1.64514e-08
1.57823e-08
1.50781e-08
1.43209e-08
1.35521e-08
1.27486e-08
1.19483e-08
1.11233e-08
1.03101e-08
9.47611e-09
8.65947e-09
7.82106e-09
7.00825e-09
6.16364e-09
5.36787e-09
4.50085e-09
3.7495e-09
2.8255e-09
2.16038e-09
1.14624e-09
6.04667e-10
0.0509135
0.0494609
0.0445598
0.0373795
0.0273095
0.0140118
-0.00265442
-0.0227749
-0.0459496
-0.0713764
-0.0978288
-0.123622
-0.147854
-0.169702
-0.18862
-0.204359
-0.216796
-0.22591
-0.231731
-0.234301
-0.233665
-0.229883
-0.223057
-0.213383
-0.20118
-0.186917
-0.171186
-0.154653
-0.137979
-0.121751
-0.106432
-0.0923415
-0.0796619
-0.0684562
-0.0586982
-0.0503001
-0.0431381
-0.0370711
-0.031955
-0.0276521
-0.0240363
-0.0209961
-0.0184352
-0.0162718
-0.0144379
-0.0128769
-0.0115423
-0.010396
-0.00940683
-0.00854904
-0.00780143
-0.00714642
-0.00656939
-0.00605813
-0.0056024
-0.00519365
-0.00482474
-0.00448974
-0.00418373
-0.00390267
-0.00364328
-0.00340286
-0.00317924
-0.00297065
-0.00277565
-0.00259304
-0.00242182
-0.00226113
-0.00211019
-0.00196835
-0.00183496
-0.00170945
-0.0015913
-0.00148
-0.00137511
-0.00127621
-0.00118292
-0.00109489
-0.00101183
-0.000933463
-0.000859554
-0.000789894
-0.000724302
-0.00066262
-0.00060471
-0.00055045
-0.000499731
-0.000452453
-0.000408522
-0.00036784
-0.000330297
-0.000295749
-0.000263997
-0.00023477
-0.000207718
-0.000182439
-0.000158542
-0.000135749
-0.000114004
-9.35316e-05
-7.47952e-05
-5.8342e-05
-4.45845e-05
-3.36277e-05
-2.52338e-05
-1.89377e-05
-1.42327e-05
-1.07133e-05
-8.11066e-06
-6.24119e-06
-4.93776e-06
-4.02291e-06
-3.32996e-06
-2.73915e-06
-2.1947e-06
-1.69261e-06
-1.25239e-06
-8.92116e-07
-6.16516e-07
-4.17308e-07
-2.79291e-07
-1.86191e-07
-1.24116e-07
-8.25174e-08
-5.40605e-08
-3.39006e-08
-1.91005e-08
-7.93437e-09
5.1593e-10
6.82319e-09
1.13456e-08
1.44381e-08
1.6385e-08
1.74972e-08
1.79922e-08
1.80877e-08
1.78943e-08
1.75307e-08
1.70265e-08
1.64448e-08
1.57804e-08
1.5078e-08
1.43224e-08
1.35531e-08
1.27499e-08
1.19487e-08
1.11243e-08
1.03104e-08
9.47713e-09
8.65982e-09
7.82222e-09
7.00854e-09
6.16505e-09
5.36787e-09
4.50337e-09
3.74766e-09
2.8331e-09
2.14926e-09
1.1815e-09
5.40082e-10
-0.461693
-0.248208
-0.141074
-0.461692
-0.248208
-0.337867
-0.343313
-0.431672
-0.337867
-0.343313
0.126102
0.414185
0.308558
0.332725
0.126103
0.414185
0.308558
-0.111522
-0.332128
-0.332128
-0.31587
-0.316617
-0.315453
-0.323088
-0.31587
-0.316617
-0.315453
0.488683
0.430811
0.488683
-0.3138
-0.312272
-0.3138
-0.312272
0.430806
0.488682
0.430806
-0.312283
-0.313783
-0.312283
-0.313783
0.308533
0.332717
0.126075
0.41418
0.308533
0.332717
0.126075
-0.111568
-0.111568
-0.332076
-0.332076
-0.315451
-0.323063
-0.315822
-0.316638
-0.315451
-0.323063
-0.315822
-0.141106
-0.461712
-0.248262
-0.141106
-0.461711
-0.343256
-0.431671
-0.337795
-0.343256
-0.43167
-0.337795
-0.289381
-0.167106
-0.356292
-0.123423
-0.289381
-0.167106
-0.356292
-0.316792
-0.41157
-0.330422
-0.338771
-0.316793
-0.411569
-0.330423
0.104711
0.264785
0.109454
0.194419
0.104711
0.264785
0.109454
-0.415871
-0.4325
-0.404455
-0.454939
-0.405259
-0.455242
-0.415676
-0.31284
-0.324358
-0.319108
-0.320379
-0.31284
-0.324358
-0.319108
-0.104347
-0.318161
-0.323405
-0.317623
-0.324984
-0.317685
-0.324966
-0.318135
-0.31147
-0.314604
-0.314538
-0.311535
-0.310142
-0.309317
-0.30925
-0.310209
-0.317226
-0.315353
-0.314066
-0.320972
-0.314015
-0.321979
-0.317049
0.10943
0.194408
0.104696
0.264776
0.10943
0.194408
0.104696
-0.370774
-0.245969
-0.162553
-0.164845
-0.373779
-0.318999
-0.320287
-0.312678
-0.324318
-0.318999
-0.320287
-0.312678
-0.356311
-0.123449
-0.289405
-0.167133
-0.356312
-0.123449
-0.289405
-0.33036
-0.338791
-0.316758
-0.411567
-0.330361
-0.33879
-0.316759
-0.364713
-0.463249
-0.35425
-0.482945
-0.355231
-0.484149
-0.363876
-0.370721
-0.245915
-0.162513
-0.164805
-0.373726
-0.364714
-0.463249
-0.354251
-0.482944
-0.355233
-0.484148
-0.363878
-0.37072
-0.245915
-0.162513
-0.164805
-0.373726
-0.357366
-0.343326
-0.341105
-0.341272
-0.357576
-0.41587
-0.4325
-0.404454
-0.454938
-0.405259
-0.455242
-0.415675
-0.357366
-0.343326
-0.341105
-0.341272
-0.357576
0.327884
0.124709
0.262069
0.110393
0.261378
0.108528
0.32952
0.374815
0.327511
0.202647
0.434147
0.17404
0.438143
0.377408
0.327884
0.124709
0.26207
0.110394
0.261378
0.108529
0.32952
0.374815
0.327512
0.202647
0.434147
0.17404
0.438143
0.377408
-0.104346
-0.332128
-0.332128
-0.317187
-0.315337
-0.320955
-0.314041
-0.321957
-0.31399
-0.317012
-0.318161
-0.323405
-0.317623
-0.324984
-0.317685
-0.324966
-0.318135
-0.317187
-0.315337
-0.320955
-0.314041
-0.321957
-0.31399
-0.317012
0.529818
0.46311
0.466208
0.527797
0.567774
0.588164
0.589251
0.566381
0.529818
0.46311
0.466208
0.527797
0.567774
0.588164
0.589251
0.566381
-0.310107
-0.309304
-0.309237
-0.310174
-0.31147
-0.314604
-0.314538
-0.311535
-0.310107
-0.309304
-0.309237
-0.310174
0.567768
0.588162
0.589249
0.566376
0.529809
0.463097
0.466195
0.527789
0.567768
0.588162
0.589249
0.566376
0.529809
0.463097
0.466195
0.527789
-0.311517
-0.314666
-0.314601
-0.311582
-0.310142
-0.309317
-0.30925
-0.310209
-0.311517
-0.314666
-0.314601
-0.311582
0.374802
0.327488
0.434135
0.202618
0.438132
0.174008
0.377395
0.327872
0.124682
0.11036
0.262055
0.108495
0.261364
0.329508
0.374802
0.327488
0.434135
0.202618
0.438132
0.174008
0.377395
0.327872
0.124682
0.11036
0.262056
0.108496
0.261364
0.329508
-0.104392
-0.104392
-0.332077
-0.332077
-0.318171
-0.323382
-0.324984
-0.317597
-0.324966
-0.31766
-0.318144
-0.317226
-0.315353
-0.314066
-0.320972
-0.314015
-0.321979
-0.317049
-0.318171
-0.323382
-0.324984
-0.317597
-0.324966
-0.31766
-0.318144
-0.364743
-0.463269
-0.482967
-0.354279
-0.484172
-0.355261
-0.363906
-0.370773
-0.245969
-0.162553
-0.164845
-0.373779
-0.364744
-0.463269
-0.482967
-0.354281
-0.484172
-0.355263
-0.363907
-0.357319
-0.343269
-0.341045
-0.341212
-0.357529
-0.415843
-0.432499
-0.454935
-0.404425
-0.455239
-0.405231
-0.415648
-0.357319
-0.343269
-0.341045
-0.341212
-0.357529
-0.415844
-0.432498
-0.454934
-0.404426
-0.455238
-0.405231
-0.415648
-0.368327
-0.141953
-0.323711
-0.159122
-0.323591
-0.161189
-0.369166
0.327933
0.303159
0.370508
0.276026
0.327932
0.303159
0.370508
-0.318973
-0.31923
-0.324718
-0.320876
-0.318973
-0.31923
-0.324718
0.402915
0.331113
0.420029
0.320958
0.402915
0.331113
0.420029
0.530686
0.43205
0.504991
0.465888
0.50647
0.46697
0.529448
-0.318781
-0.315435
-0.320508
-0.316605
-0.318781
-0.315435
-0.320508
0.420028
0.320955
0.402913
0.331113
0.420028
0.320955
0.402913
0.552945
0.489771
0.562134
0.480263
0.563294
0.481384
0.55176
-0.320572
-0.31667
-0.318899
-0.315473
-0.320572
-0.31667
-0.318899
0.370505
0.276021
0.327928
0.303156
0.370505
0.276022
0.327928
-0.32496
-0.320973
-0.319233
-0.319351
-0.324959
-0.320973
-0.319233
-0.324486
-0.32007
-0.325464
-0.320114
-0.32563
-0.316012
-0.315925
-0.368327
-0.141953
-0.323711
-0.159122
-0.323591
-0.161189
-0.369166
-0.360186
-0.338163
-0.351164
-0.348334
-0.35162
-0.348495
-0.360219
-0.360186
-0.338163
-0.351164
-0.348334
-0.35162
-0.348495
-0.360219
0.552948
0.489771
0.480266
0.562134
0.481387
0.563294
0.551762
0.530686
0.43205
0.504991
0.465888
0.50647
0.46697
0.529448
0.552947
0.489771
0.480266
0.562134
0.481387
0.563294
0.551762
-0.311463
-0.313747
-0.312444
-0.313281
-0.312339
-0.313234
-0.311555
-0.310567
-0.312221
-0.312499
-0.310172
-0.312448
-0.310109
-0.310638
-0.311463
-0.313747
-0.312444
-0.313281
-0.312339
-0.313234
-0.311555
-0.310567
-0.312221
-0.312498
-0.310172
-0.312448
-0.310109
-0.310638
0.530683
0.432044
0.465885
0.504988
0.466966
0.506466
0.529445
0.552945
0.489771
0.562133
0.480263
0.563294
0.481384
0.55176
0.530683
0.432045
0.465885
0.504988
0.466966
0.506466
0.529445
-0.310592
-0.312232
-0.310181
-0.312502
-0.310118
-0.312452
-0.310662
-0.311493
-0.31373
-0.313294
-0.31249
-0.313248
-0.312384
-0.311585
-0.310592
-0.312232
-0.310181
-0.312502
-0.310118
-0.312452
-0.310662
-0.311493
-0.31373
-0.313294
-0.31249
-0.313248
-0.312384
-0.311585
-0.368375
-0.141985
-0.159158
-0.323751
-0.161225
-0.323632
-0.369214
-0.368374
-0.141985
-0.159158
-0.323751
-0.161225
-0.323632
-0.369213
-0.36014
-0.338091
-0.348266
-0.351117
-0.348428
-0.351573
-0.360174
-0.36014
-0.338091
-0.348266
-0.351117
-0.348428
-0.351573
-0.360173
0.10414
0.0931799
0.211383
0.0889575
0.210651
0.156603
0.157163
0.10414
0.09318
0.211383
0.0889576
0.210651
0.156603
0.157163
-0.324526
-0.325521
-0.320117
-0.325685
-0.320161
-0.31609
-0.316004
-0.324526
-0.325521
-0.320117
-0.325685
-0.320161
-0.31609
-0.316004
0.104115
0.211368
0.093159
0.210636
0.088936
0.156587
0.157147
0.104115
0.211368
0.093159
0.210636
0.0889361
0.156587
0.157147
-0.324486
-0.32007
-0.325464
-0.320114
-0.32563
-0.316012
-0.315925
0.0607086
0.151013
0.0780151
0.103476
0.0607086
0.151014
0.078015
-0.293341
-0.311795
-0.331159
-0.302138
-0.293341
-0.311795
-0.331159
0.250954
0.251282
0.284465
0.214176
0.250954
0.251282
0.284465
-0.317234
-0.323359
-0.32836
-0.322005
-0.317234
-0.323359
-0.32836
0.284459
0.214168
0.250948
0.251277
0.284459
0.214168
0.250948
-0.328685
-0.322074
-0.317591
-0.323474
-0.328685
-0.322074
-0.317591
0.0780011
0.103461
0.0606937
0.151002
0.0780011
0.103461
0.0606938
-0.33102
-0.302118
-0.293289
-0.311703
-0.33102
-0.302117
-0.293289
)
;

boundaryField
{
    inlet
    {
        type            zeroGradient;
    }
    outlet
    {
        type            fixedValue;
        value           uniform 0;
    }
    top
    {
        type            symmetryPlane;
    }
    bottom
    {
        type            symmetryPlane;
    }
    front
    {
        type            symmetryPlane;
    }
    back
    {
        type            symmetryPlane;
    }
    cylinder
    {
        type            zeroGradient;
    }
}


// ************************************************************************* //
