/*--------------------------------*- C++ -*----------------------------------*\
  =========                 |
  \\      /  F ield         | OpenFOAM: The Open Source CFD Toolbox
   \\    /   O peration     | Website:  https://openfoam.org
    \\  /    A nd           | Version:  11
     \\/     M anipulation  |
\*---------------------------------------------------------------------------*/
FoamFile
{
    format      ascii;
    class       volScalarField;
    location    "15.488253";
    object      p;
}
// * * * * * * * * * * * * * * * * * * * * * * * * * * * * * * * * * * * * * //

dimensions      [0 2 -2 0 0 0 0];

internalField   nonuniform List<scalar> 
7132
(
0.0936891
0.0923539
0.0878535
0.0814031
0.0725902
0.0614015
0.0480796
0.0331262
0.01749
0.0027389
-0.00958955
-0.0174531
-0.0206467
-0.0192587
-0.0144974
-0.00792605
-0.000768132
0.00623252
0.0130935
0.0201067
0.0273572
0.0346204
0.0415437
0.0478521
0.053449
0.0583587
0.0625951
0.0660165
0.068227
0.0687918
0.0677194
0.0657934
0.0641718
0.0635999
0.0640545
0.0650384
0.0660602
0.0668774
0.0675257
0.0681825
0.0689915
0.0697896
0.0699536
0.0687378
0.0660416
0.0628374
0.0605393
0.0599148
0.0606723
0.0619458
0.0629989
0.0635343
0.0636546
0.0636644
0.0638338
0.0640698
0.0637722
0.0622018
0.0592789
0.056011
0.0538646
0.0536251
0.0549272
0.0567237
0.0581147
0.058751
0.0587683
0.0585312
0.0583419
0.0581275
0.0573791
0.0555409
0.0526736
0.0497276
0.0479776
0.0480925
0.0497161
0.0518261
0.05348
0.0542725
0.0543227
0.0540067
0.0536253
0.0531197
0.0520862
0.0501659
0.0475552
0.0451136
0.0438515
0.0442445
0.0459529
0.0480989
0.0498291
0.0507158
0.050816
0.0504707
0.0499789
0.0493201
0.0481776
0.0463023
0.0439367
0.0418577
0.0409158
0.0414833
0.043251
0.0454585
0.0473351
0.0484293
0.048701
0.0484048
0.0478245
0.0469992
0.0456916
0.0436811
0.0411633
0.0388477
0.0375905
0.0378658
0.0395037
0.041827
0.0440414
0.0455686
0.046183
0.0459709
0.0451691
0.0439255
0.042142
0.0395613
0.0361018
0.0321533
0.0285276
0.0260583
0.0251541
0.0256322
0.0268731
0.0281561
0.0289378
0.0289582
0.0282079
0.0268366
0.025071
0.0231774
0.0214676
0.0202943
0.0200163
0.020862
0.02286
0.0257328
0.0290941
0.0323591
0.0352306
0.0371017
0.0380745
0.0372541
0.0352941
0.0307895
0.025152
0.01791
0.00772432
0.0061663
0.0942204
0.092889
0.0884037
0.0819573
0.0731228
0.0618591
0.0483836
0.0331723
0.0171835
0.00203722
-0.0106409
-0.0186107
-0.0217337
-0.0200814
-0.0149798
-0.00811916
-0.000791566
0.00623159
0.0130364
0.0199988
0.0272447
0.0345442
0.0415246
0.0478955
0.0535536
0.0585207
0.0628067
0.0662654
0.0684794
0.0689836
0.0677777
0.0656876
0.0639434
0.0633272
0.063803
0.0648356
0.0659091
0.0667726
0.0674619
0.0681541
0.0689951
0.0698198
0.0699843
0.0687102
0.065892
0.0625481
0.0601634
0.05954
0.0603654
0.0617266
0.062856
0.0634471
0.0636039
0.0636345
0.0638136
0.0640467
0.0637188
0.0620725
0.0590314
0.0556427
0.0534305
0.0532076
0.0545958
0.0565033
0.0579921
0.0586969
0.0587526
0.0585302
0.0583391
0.0581021
0.0572977
0.0553634
0.0523785
0.0493344
0.0475448
0.0476896
0.0493993
0.0516192
0.0533757
0.0542436
0.0543357
0.0540333
0.0536443
0.0531058
0.0520044
0.0499827
0.0472623
0.044743
0.0434635
0.0438986
0.04569
0.0479324
0.0497514
0.0507057
0.0508459
0.0505134
0.0500104
0.0493117
0.0480953
0.0461188
0.0436518
0.0415074
0.0405595
0.0411776
0.0430314
0.045332
0.0472899
0.0484451
0.0487551
0.0484734
0.0478816
0.0470123
0.0456242
0.0435061
0.0408802
0.0384903
0.0372176
0.0375385
0.0392666
0.0416959
0.0440072
0.0456087
0.0462727
0.0460869
0.0452863
0.0440115
0.042155
0.0394618
0.0358713
0.0318089
0.0281209
0.025659
0.0248281
0.0254231
0.0267945
0.0281918
0.0290516
0.0291058
0.028347
0.0269308
0.025092
0.0231067
0.0213018
0.0200507
0.0197328
0.0205894
0.0226488
0.0256209
0.0290983
0.0324755
0.0354372
0.0373665
0.0383576
0.0375149
0.0354904
0.0308845
0.0251344
0.0177642
0.00755736
0.00596726
0.095281
0.093959
0.0895063
0.0830732
0.0742013
0.0627935
0.0490144
0.0332832
0.016576
0.000612935
-0.0127913
-0.0209725
-0.0239438
-0.0217314
-0.0159137
-0.00845135
-0.000781774
0.00626645
0.012931
0.0197717
0.0270007
0.0343731
0.0414693
0.0479662
0.0537468
0.0588297
0.0632183
0.0667567
0.0689826
0.0693647
0.0678825
0.0654502
0.0634521
0.0627486
0.0632737
0.0644095
0.0655886
0.0665439
0.0673124
0.0680736
0.0689787
0.0698595
0.0700263
0.0686326
0.0655603
0.0619247
0.0593596
0.0587445
0.0597172
0.0612638
0.0625502
0.0632521
0.0634786
0.063548
0.0637467
0.0639758
0.0635866
0.0617811
0.0584919
0.0548515
0.0525044
0.0523216
0.0538934
0.0560336
0.0577247
0.058567
0.0586957
0.0584989
0.058304
0.0580253
0.0571116
0.0549851
0.0517626
0.0485201
0.0466509
0.0468579
0.0487435
0.0511861
0.0531486
0.0541651
0.0543376
0.0540598
0.0536567
0.0530553
0.0518198
0.0495951
0.046655
0.0439806
0.0426679
0.0431915
0.045153
0.0475902
0.0495855
0.0506717
0.0508888
0.0505813
0.0500571
0.0492794
0.0479123
0.0457282
0.0430528
0.0407747
0.0398164
0.040542
0.042575
0.0450677
0.0471906
0.0484678
0.0488539
0.0486022
0.0479895
0.0470311
0.0454749
0.0431297
0.0402751
0.0377282
0.0364232
0.0368417
0.03876
0.0414111
0.0439232
0.0456779
0.0464439
0.046313
0.0455181
0.0441813
0.0421738
0.0392435
0.0353753
0.0310713
0.0272514
0.0248063
0.0241316
0.0249749
0.0266195
0.0282542
0.0292756
0.0294008
0.0286267
0.0271219
0.0251355
0.0229626
0.0209607
0.019546
0.0191421
0.0200187
0.0222045
0.0253822
0.0290998
0.0327083
0.0358555
0.0379036
0.0389318
0.0380425
0.0358862
0.031072
0.0250909
0.0174556
0.00721325
0.0055148
0.0968675
0.095562
0.0911663
0.0847647
0.0758514
0.0642423
0.0500166
0.0334951
0.0156752
-0.00158262
-0.0161466
-0.024649
-0.0273829
-0.0242817
-0.0173342
-0.00893116
-0.000735742
0.00632673
0.0127478
0.019387
0.0265912
0.0340819
0.0413592
0.0480476
0.0540119
0.0592688
0.0638141
0.0674788
0.0697274
0.0699163
0.0679887
0.065004
0.0626059
0.0617831
0.0624101
0.0637234
0.0650712
0.0661652
0.0670488
0.067909
0.0689066
0.0698682
0.07003
0.0684353
0.0649445
0.0608348
0.0580075
0.0574165
0.0586525
0.0605118
0.0620506
0.0629206
0.0632451
0.0633627
0.0635806
0.0637964
0.0633092
0.0612546
0.0575754
0.0535375
0.0509781
0.0508658
0.0527424
0.0552626
0.0572763
0.0583287
0.0585605
0.0583934
0.0581885
0.057847
0.0567666
0.0543433
0.0507532
0.0472062
0.0452211
0.0455354
0.0477033
0.0504938
0.0527707
0.0540088
0.0542981
0.054056
0.0536336
0.0529371
0.0514906
0.0489428
0.0456539
0.042738
0.041384
0.0420633
0.0443037
0.0470487
0.0493133
0.0505955
0.0509262
0.0506586
0.0501054
0.0492029
0.0475906
0.0450671
0.0420545
0.0395652
0.0385995
0.0395093
0.0418375
0.0446388
0.0470203
0.0484842
0.0489864
0.0487837
0.0481417
0.0470404
0.0452077
0.0424872
0.0392576
0.036458
0.0351071
0.0356917
0.0379231
0.0409329
0.043765
0.0457602
0.0466849
0.046641
0.0458582
0.0444238
0.0421715
0.038855
0.034537
0.0298468
0.0258228
0.0234148
0.0229997
0.024246
0.026328
0.0283385
0.0296133
0.0298495
0.029053
0.0274117
0.0251944
0.022724
0.0204063
0.0187276
0.0181848
0.0190948
0.0214857
0.0249946
0.0290952
0.0330673
0.0365019
0.0387304
0.0398105
0.0388439
0.0364788
0.0313381
0.0249935
0.0169404
0.00665561
0.00472914
0.0989734
0.0976945
0.0933897
0.0870522
0.0781124
0.0662649
0.0514634
0.0338718
0.0145037
-0.00461759
-0.0208635
-0.0297863
-0.032153
-0.0277165
-0.0191038
-0.00935766
-0.00046633
0.00650802
0.0124756
0.01877
0.025931
0.0336007
0.0411411
0.0480968
0.0543098
0.0598015
0.0645614
0.0684073
0.0706952
0.0706056
0.0680197
0.0642194
0.0612508
0.0602924
0.0611116
0.0627088
0.0643045
0.0655871
0.0666173
0.0675988
0.0687091
0.0697688
0.0699067
0.0680003
0.0638793
0.0590627
0.055843
0.0553582
0.0570334
0.0593842
0.0612983
0.0623988
0.0628374
0.0629896
0.0632039
0.0633884
0.0627712
0.0603907
0.0561913
0.0516086
0.0487462
0.0487242
0.0510372
0.0541073
0.0565831
0.0579236
0.0582815
0.0581402
0.0579211
0.0575004
0.0561897
0.053341
0.0492227
0.0452503
0.0431258
0.0436239
0.046208
0.0494894
0.0521967
0.0537293
0.0541703
0.0539782
0.0535374
0.0527111
0.0509577
0.0479349
0.0441375
0.0408791
0.0394846
0.040414
0.0430735
0.0462634
0.0489022
0.0504481
0.0509321
0.0507252
0.0501382
0.0490557
0.0470782
0.0440514
0.0405459
0.0377559
0.0367912
0.0379815
0.0407464
0.0439971
0.0467473
0.0484717
0.0491364
0.0490076
0.0483287
0.0470189
0.0447755
0.0415007
0.0377247
0.0345637
0.0331545
0.0339856
0.0366721
0.040199
0.0434892
0.0458258
0.0469756
0.0470578
0.0462961
0.0447215
0.0421121
0.0382357
0.0332754
0.0280457
0.0237483
0.0214091
0.0213723
0.0231927
0.0258922
0.0284303
0.0300601
0.0304538
0.0296304
0.0278023
0.0252602
0.022364
0.0195899
0.0175294
0.0167882
0.0177505
0.0204392
0.0244209
0.0290604
0.0335358
0.0373604
0.0398265
0.0409682
0.0398881
0.0372314
0.0316384
0.0247912
0.0161564
0.00584972
0.00350843
0.101588
0.10035
0.0961827
0.0899613
0.0810361
0.0689427
0.0534574
0.034505
0.0130943
-0.00860243
-0.0271962
-0.036649
-0.0385307
-0.0322552
-0.0213537
-0.00977623
3.6971e-05
0.00680724
0.0120684
0.0178449
0.0249455
0.0328705
0.0407672
0.0480678
0.0545903
0.0603719
0.0654025
0.0694913
0.0718419
0.0713671
0.0678448
0.0628831
0.0591363
0.0580586
0.0592296
0.0612705
0.0632179
0.064742
0.065939
0.0670395
0.0682402
0.0693786
0.069472
0.0671703
0.0622142
0.0564132
0.0526295
0.0523097
0.0546655
0.0577587
0.0602126
0.0616104
0.0621555
0.0622946
0.0624634
0.0625997
0.0618229
0.0590231
0.0541467
0.048869
0.0456417
0.0457699
0.048673
0.0524794
0.0555678
0.0572749
0.0577765
0.0576588
0.0574314
0.056917
0.0552885
0.0518383
0.0469842
0.0424445
0.0401754
0.0409812
0.0441639
0.0481095
0.0513728
0.053273
0.0539031
0.053784
0.053331
0.0523286
0.0501421
0.0464565
0.0419648
0.0382541
0.0368287
0.0381277
0.0413791
0.0451783
0.0483109
0.0501939
0.0508761
0.0507578
0.0501315
0.0487973
0.0463063
0.0425847
0.0384156
0.0352338
0.0342855
0.0358673
0.0392299
0.0430899
0.0463327
0.0483999
0.0492789
0.0492527
0.0485246
0.0469242
0.0441124
0.0400849
0.0355835
0.031956
0.0304836
0.0316501
0.0349426
0.0391555
0.0430515
0.0458387
0.0472859
0.0475365
0.0468029
0.0450334
0.0419362
0.0373124
0.0315184
0.0256116
0.0209936
0.0187729
0.0192425
0.021811
0.0253086
0.028526
0.0306134
0.0312125
0.030357
0.028284
0.0253055
0.021831
0.0184382
0.0158681
0.0148742
0.0159234
0.0190199
0.0236269
0.0289628
0.0340739
0.0383776
0.0411253
0.042329
0.0410947
0.0380617
0.031894
0.0244118
0.0150445
0.0047672
0.00180365
0.104696
0.103517
0.09955
0.0935221
0.0846881
0.0723842
0.056143
0.0355353
0.0115157
-0.0136708
-0.0354641
-0.0455021
-0.0466482
-0.0377285
-0.0236574
-0.00968728
0.00117019
0.0073503
0.0113991
0.0163719
0.0234157
0.031736
0.0401296
0.0478722
0.0547649
0.0608841
0.0662363
0.0706375
0.0730714
0.0720596
0.0672137
0.0606217
0.0558596
0.0547545
0.0565473
0.0592723
0.0617106
0.0635319
0.0648917
0.0660431
0.0672138
0.068347
0.0683879
0.0657163
0.059861
0.0528394
0.0482386
0.0480394
0.0513214
0.0554696
0.0586762
0.0604443
0.0610626
0.0611199
0.0612144
0.0613079
0.0603299
0.0569493
0.0511564
0.0450039
0.0413985
0.041823
0.045529
0.0502827
0.0541388
0.0562888
0.056953
0.0568691
0.0566525
0.0560219
0.0539571
0.0496952
0.0438788
0.038626
0.0362148
0.0374733
0.0414712
0.046281
0.050236
0.0525778
0.0534391
0.0534259
0.0529685
0.0517287
0.0489603
0.0444106
0.0390411
0.0347771
0.0333347
0.0351266
0.0391526
0.0437373
0.0474911
0.0497893
0.0507196
0.0507228
0.0500466
0.0483745
0.0452067
0.0405958
0.0356025
0.0319514
0.0310404
0.0331227
0.0372417
0.0418712
0.0457333
0.048229
0.0493778
0.0494835
0.048686
0.0467003
0.0431547
0.0381828
0.0327964
0.0286175
0.0270861
0.0286725
0.03271
0.037766
0.0424089
0.0457541
0.0475726
0.0480354
0.0473321
0.0453024
0.0415799
0.0360313
0.0292431
0.0225628
0.0176116
0.0155737
0.0166722
0.0201425
0.024595
0.0286251
0.031263
0.0321121
0.0312165
0.0288313
0.025287
0.0210631
0.0168821
0.0136843
0.0124039
0.0135936
0.0172148
0.0225883
0.0287524
0.0345992
0.0394403
0.0424903
0.0437451
0.0423168
0.0388349
0.0319975
0.0237876
0.0135891
0.00342954
-0.000328699
0.108273
0.107178
0.103492
0.0977652
0.089144
0.0767235
0.059707
0.0371545
0.00986457
-0.0200394
-0.0461873
-0.0568991
-0.0571888
-0.0447827
-0.0264522
-0.00924633
0.00298654
0.00823902
0.0104467
0.0142381
0.0212106
0.0300885
0.0391355
0.0474128
0.0547153
0.0611917
0.0669012
0.0716778
0.074189
0.0723896
0.0656605
0.0567809
0.0507305
0.0498618
0.0527486
0.0565335
0.0596565
0.0618305
0.0632965
0.0643226
0.065239
0.0662549
0.066256
0.0632588
0.0564605
0.0480674
0.0424844
0.0423943
0.0468178
0.0523461
0.0565465
0.0587622
0.059408
0.0593239
0.0593499
0.0594168
0.0581581
0.0539783
0.0469962
0.0397823
0.0358025
0.0367098
0.0414871
0.0474269
0.0522057
0.0548692
0.055722
0.0556987
0.0555164
0.0547318
0.0520956
0.0468205
0.0398485
0.0337661
0.0312154
0.0330545
0.0380749
0.0439467
0.048726
0.0515809
0.0527187
0.0528494
0.0523906
0.0508418
0.0473429
0.0417508
0.0353575
0.0304688
0.0290274
0.0314166
0.0363762
0.0419051
0.046398
0.0491856
0.0504138
0.0505701
0.0498253
0.0477232
0.0437255
0.0380618
0.0321236
0.0279551
0.0271078
0.0297814
0.034787
0.0403196
0.04491
0.0479111
0.0493805
0.049644
0.0487462
0.0462783
0.0418514
0.0357839
0.0294025
0.0246257
0.0230505
0.0251257
0.0300134
0.0360315
0.0415317
0.0455234
0.0477775
0.0484899
0.0478109
0.0454512
0.040979
0.0343701
0.0264909
0.0190057
0.0137527
0.0119734
0.0138009
0.0182843
0.0238004
0.0287363
0.0319916
0.0331222
0.0321705
0.029391
0.0251387
0.0199952
0.0148808
0.0109793
0.00941924
0.010819
0.0150677
0.0213082
0.0283757
0.0349986
0.0403862
0.0437282
0.04501
0.0433556
0.0393822
0.0318388
0.0228857
0.011847
0.00192247
-0.00273378
0.112287
0.111306
0.108003
0.102721
0.0944911
0.0821302
0.0644032
0.0396533
0.00833241
-0.0279487
-0.0599587
-0.0712004
-0.0700807
-0.0526276
-0.0285595
-0.00736901
0.00618188
0.00945786
0.00869563
0.0107795
0.0178229
0.0276187
0.0375897
0.046525
0.0542569
0.0610647
0.0671114
0.0722252
0.0747487
0.0718703
0.0625649
0.0505521
0.0428297
0.0426385
0.0473873
0.0528147
0.056899
0.0594744
0.0609126
0.0615469
0.0619942
0.0628634
0.0628728
0.0594439
0.0514334
0.041487
0.0349506
0.0351762
0.041015
0.0482424
0.053673
0.0564123
0.0570511
0.0567994
0.0567887
0.0568362
0.0551935
0.0500153
0.041641
0.0332338
0.0288727
0.0304034
0.0364968
0.0438496
0.0496906
0.0529283
0.0540011
0.0540744
0.0539457
0.0529632
0.0496406
0.0432115
0.0349713
0.028
0.0253142
0.0278166
0.0340051
0.0410885
0.0467956
0.0502207
0.0516752
0.0519841
0.0515202
0.0495969
0.045254
0.0385046
0.0310111
0.0254723
0.0240534
0.0271072
0.0331023
0.0396819
0.044997
0.048329
0.0498946
0.0502269
0.0493897
0.0467792
0.0418415
0.0350275
0.0280903
0.0233973
0.0226423
0.0259637
0.031931
0.0384457
0.043832
0.0473892
0.0492152
0.0496489
0.0486186
0.0455893
0.0401832
0.0329421
0.0255293
0.0201567
0.0185607
0.0211671
0.0269554
0.0339917
0.040405
0.0450935
0.0478243
0.0488103
0.048142
0.0453922
0.0400871
0.0323566
0.0233792
0.0151341
0.00965298
0.00820689
0.0108264
0.0163714
0.0229907
0.0288657
0.0327646
0.0341849
0.0331482
0.0298813
0.0247866
0.0185937
0.0124714
0.00786611
0.00608161
0.00776307
0.012694
0.0198241
0.0277793
0.0351347
0.0410139
0.0446031
0.0458747
0.0439808
0.0395255
0.0313278
0.0217168
0.00993328
0.000373075
-0.00521313
0.116692
0.115863
0.113064
0.10841
0.100817
0.0887964
0.0705402
0.0434161
0.00716169
-0.0378389
-0.0778423
-0.0896509
-0.0872179
-0.06318
-0.0311601
-0.00434882
0.0110199
0.0113157
0.00618451
0.00579567
0.013003
0.0241291
0.0353271
0.045024
0.0531471
0.0601704
0.0662798
0.071315
0.0737381
0.0700608
0.0582848
0.0423792
0.0318892
0.0323062
0.0398658
0.0478018
0.0532559
0.0562747
0.0574823
0.0574497
0.0573338
0.0581169
0.0581456
0.0540627
0.0445135
0.032835
0.0254227
0.0262399
0.0338334
0.0430664
0.0499298
0.0532589
0.0538805
0.0534696
0.0534604
0.0534865
0.0513813
0.0451017
0.0352691
0.0256364
0.020885
0.0230952
0.0306405
0.0395545
0.0465495
0.0503989
0.0517169
0.0519182
0.0518545
0.0506435
0.0465793
0.0389577
0.0294453
0.0215996
0.0187878
0.0219835
0.0293905
0.0377458
0.0444238
0.0484424
0.0502352
0.0507433
0.0502671
0.0479318
0.0427004
0.0347748
0.0261957
0.0200363
0.0186644
0.0224019
0.0294546
0.0371107
0.0432694
0.0471627
0.0490819
0.0495976
0.0486482
0.0454875
0.0395737
0.0316058
0.0236985
0.0185204
0.0178857
0.021866
0.0287968
0.0362941
0.0424787
0.0465985
0.0487889
0.0493901
0.048201
0.0445728
0.0381681
0.0297729
0.0213795
0.015466
0.0138828
0.0170237
0.0236946
0.0317237
0.0390304
0.044408
0.0476188
0.0488809
0.0482053
0.0450337
0.0388812
0.0300672
0.0200868
0.0112041
0.00560338
0.00455175
0.00797939
0.014561
0.0222387
0.0290112
0.0335254
0.03521
0.0340386
0.030197
0.0241692
0.0168876
0.00979642
0.00458138
0.00266647
0.00467778
0.0102705
0.0182071
0.0269222
0.0348685
0.041114
0.0448656
0.0460857
0.0439693
0.0391074
0.0304044
0.0203171
0.00797941
-0.00109342
-0.0075663
0.121428
0.120794
0.118641
0.114843
0.108213
0.0969604
0.0785399
0.0490448
0.00685388
-0.0501746
-0.100929
-0.11238
-0.107419
-0.073736
-0.0317392
0.00170391
0.0184462
0.0134272
0.00141493
-0.0023363
0.00566943
0.0190547
0.0320312
0.0426434
0.0510792
0.0579915
0.0633058
0.0673095
0.0692682
0.0654547
0.0526673
0.0332696
0.0188737
0.0188942
0.0297469
0.0411366
0.0485038
0.0520325
0.0527975
0.0519021
0.0512359
0.0520154
0.0520319
0.0471406
0.0359455
0.0225084
0.01425
0.015778
0.0253601
0.0368217
0.0452518
0.0492118
0.0498231
0.0492776
0.0493008
0.0493121
0.0467412
0.0394019
0.028205
0.0174302
0.0122998
0.015161
0.0241457
0.0346339
0.042788
0.0472415
0.0488064
0.0491485
0.0491562
0.0477227
0.0429532
0.0342273
0.0235605
0.0149351
0.0120305
0.0158814
0.0244464
0.0340174
0.0416206
0.0462006
0.0483189
0.0490269
0.0485372
0.0458028
0.0397339
0.0307288
0.0211784
0.0144856
0.0131876
0.0175742
0.0256148
0.0342729
0.0412141
0.0456283
0.0478815
0.0485708
0.0475051
0.0438115
0.0369835
0.0279673
0.0192072
0.0136296
0.013139
0.0177383
0.0255502
0.0339366
0.0408396
0.0454673
0.0479916
0.0487417
0.0473873
0.0431861
0.035863
0.0264419
0.0172067
0.0108569
0.00932466
0.0129637
0.0204246
0.0293299
0.037421
0.0434077
0.0470517
0.0485662
0.0478695
0.0442925
0.0373688
0.0276205
0.0168325
0.00750173
0.00191396
0.00130075
0.00549535
0.0130058
0.0216053
0.0291503
0.0341896
0.0360752
0.0347041
0.0302319
0.0232685
0.0149906
0.00710079
0.0014548
-0.000482041
0.00186053
0.00800357
0.0165475
0.0257773
0.0340745
0.0404936
0.0442901
0.0454196
0.0431353
0.0380069
0.0290311
0.0187245
0.00610398
-0.00236983
-0.0095946
0.12642
0.126026
0.124677
0.121998
0.116744
0.106847
0.0888658
0.0572923
0.00791645
-0.0658793
-0.131478
-0.142669
-0.135868
-0.088673
-0.032267
0.0108653
0.0294877
0.0164041
-0.00567171
-0.0142221
-0.00476542
0.0120196
0.0274327
0.0391119
0.0476947
0.0537903
0.0569078
0.0588613
0.0601456
0.0568642
0.0439095
0.0217753
0.00363098
0.00288228
0.0170627
0.0326141
0.0424375
0.0465754
0.0467425
0.0448965
0.0437498
0.0446123
0.0446234
0.0389609
0.0262994
0.0112905
0.00221529
0.00438782
0.0159356
0.0296553
0.0396673
0.0442498
0.044851
0.0441876
0.0442633
0.0442981
0.0413651
0.0331665
0.0208564
0.00913685
0.00368068
0.00709506
0.0173558
0.0292703
0.0384711
0.0434514
0.0452212
0.0456898
0.0457773
0.044183
0.0388533
0.0292442
0.0176596
0.00842482
0.00547191
0.00989217
0.0194472
0.0300525
0.0384291
0.0434645
0.0458475
0.0467322
0.0462451
0.0431922
0.0364457
0.0265769
0.0162669
0.00918119
0.00798473
0.0129341
0.0218007
0.0312797
0.0388467
0.0436704
0.0461928
0.0470306
0.0458721
0.041739
0.0341671
0.0243183
0.0149063
0.00905571
0.00872709
0.013854
0.02238
0.0314633
0.0389128
0.0439223
0.0467046
0.0475724
0.046079
0.0414098
0.0333552
0.0231413
0.0132833
0.00664412
0.00520252
0.00926557
0.0173524
0.0269256
0.0355987
0.0420341
0.0460075
0.0477238
0.0470062
0.0431034
0.0355842
0.0251582
0.0138457
0.00430913
-0.00111974
-0.00127206
0.00358782
0.0118353
0.0211269
0.0292352
0.0346474
0.0366358
0.0350023
0.0299065
0.0221252
0.0130853
0.00467971
-0.00116546
-0.00302488
-0.000404443
0.0060898
0.0149357
0.0243313
0.0326571
0.0390056
0.0427082
0.0437165
0.0413518
0.0361449
0.0271874
0.0169696
0.00440661
-0.00336293
-0.0111073
0.13157
0.131467
0.131086
0.129829
0.126452
0.118747
0.102181
0.0694667
0.0116627
-0.086332
-0.171554
-0.178724
-0.168962
-0.104496
-0.0292201
0.0252266
0.0445533
0.0185517
-0.0191058
-0.0336619
-0.0205325
0.00206564
0.021112
0.034156
0.0425872
0.0467458
0.0464147
0.0461591
0.0472965
0.0448871
0.0313545
0.00680309
-0.0142454
-0.0153126
0.00218689
0.0222751
0.0349498
0.0398008
0.0393022
0.0364995
0.0349593
0.0360107
0.0361375
0.0299732
0.0162733
7.27998e-05
-0.00972501
-0.00709655
0.00612179
0.0218718
0.0333161
0.0384324
0.0389858
0.0381934
0.0383358
0.0384829
0.0354073
0.0266987
0.0136632
0.00129515
-0.00439613
-0.000566106
0.0106812
0.0237178
0.0337213
0.0390618
0.0409365
0.0414865
0.0416732
0.0400454
0.0344102
0.0242625
0.012101
0.00249231
-0.000450245
0.00441065
0.014694
0.0260335
0.0349216
0.040222
0.0427539
0.0437701
0.0433281
0.0401126
0.0329562
0.0225488
0.0117752
0.00448197
0.00341446
0.00879427
0.0182416
0.0282585
0.0361976
0.041243
0.0439222
0.0448723
0.0436818
0.0392844
0.031244
0.0208768
0.0110846
0.00512051
0.0049644
0.0104816
0.0194773
0.028972
0.0367051
0.0418972
0.0448166
0.0457647
0.0442003
0.03925
0.0307509
0.0200688
0.00987252
0.00312424
0.00181255
0.00619147
0.0146766
0.0246264
0.0335899
0.0402348
0.0443772
0.0462221
0.0455079
0.041427
0.0335831
0.0228282
0.0113424
0.00187828
-0.00324282
-0.00294108
0.00242525
0.0111386
0.0208056
0.0291924
0.0347727
0.0367453
0.0348152
0.0291891
0.0208321
0.0113789
0.00280953
-0.00298633
-0.00468537
-0.00189122
0.00468218
0.013443
0.022581
0.0305602
0.0365655
0.0400276
0.0408931
0.038556
0.0334848
0.0248692
0.0150809
0.00296886
-0.00399276
-0.0119462
0.136763
0.136996
0.137744
0.138208
0.137296
0.132767
0.119063
0.0868452
0.0186732
-0.112251
-0.226898
-0.230756
-0.217821
-0.125808
-0.0240049
0.0471324
0.0657801
0.0186796
-0.0415486
-0.0632078
-0.0433139
-0.0115724
0.0127279
0.027515
0.0353105
0.0363001
0.0319736
0.0299848
0.0318712
0.0305387
0.0163899
-0.00996782
-0.0331534
-0.0344615
-0.0139799
0.0105219
0.0261374
0.0317393
0.0305681
0.0268375
0.0249895
0.0263782
0.0268895
0.0207015
0.00657625
-0.0102892
-0.0206268
-0.0177844
-0.00339559
0.0139062
0.0264472
0.0319009
0.0323044
0.0313338
0.0315586
0.0319658
0.0290731
0.0203234
0.00705609
-0.00559049
-0.0113929
-0.00730953
0.00455002
0.018273
0.0287092
0.0341475
0.0359625
0.0365202
0.0368428
0.0353736
0.0297836
0.0195405
0.00722353
-0.0024753
-0.00533775
-0.000196339
0.0104812
0.0221563
0.0311942
0.0364875
0.0389984
0.0400845
0.0397604
0.0366096
0.0294029
0.0188695
0.00799228
0.000709297
-0.000203337
0.00543823
0.0151542
0.0253405
0.0333118
0.0383202
0.0410001
0.0420218
0.0409002
0.0364889
0.0283434
0.0178493
0.00800121
0.00210574
0.0021252
0.00785787
0.0170163
0.026559
0.0342344
0.039345
0.0422426
0.043234
0.0417092
0.0367382
0.0281629
0.0174065
0.00720381
0.000549194
-0.000595739
0.00396375
0.0125697
0.0225371
0.0314258
0.0379733
0.0420764
0.0439609
0.0433023
0.0392548
0.0314346
0.0207676
0.00950472
0.000410655
-0.00426002
-0.00354198
0.00211816
0.0109555
0.0206089
0.0289317
0.0344424
0.0362806
0.0340707
0.0280976
0.0195033
0.0100496
0.00169061
-0.00381381
-0.00529231
-0.00246516
0.0038681
0.0121093
0.0205331
0.0277758
0.0331622
0.0362383
0.036942
0.0347468
0.0300336
0.0220952
0.0130894
0.00184966
-0.00420343
-0.0120154
0.141865
0.142474
0.144482
0.146982
0.149144
0.149206
0.140443
0.113008
0.0323976
-0.154211
-0.296679
-0.287859
-0.276883
-0.152431
-0.0141525
0.0769394
0.0900117
0.0149595
-0.0781189
-0.109839
-0.0776914
-0.030521
0.00196199
0.0190954
0.0256523
0.0224746
0.0141509
0.0111045
0.0147515
0.0149659
0.000963768
-0.026095
-0.0506982
-0.0525515
-0.0300275
-0.00187178
0.0163583
0.0226029
0.0207429
0.0161003
0.014024
0.0159576
0.0172645
0.0116839
-0.00214151
-0.0190566
-0.0296758
-0.0268576
-0.0119134
0.00626833
0.0193961
0.0248716
0.0249448
0.0237082
0.02404
0.0249102
0.0226061
0.0143616
0.00141789
-0.0110921
-0.0168598
-0.0126875
-0.000642559
0.0132407
0.0236382
0.0288251
0.030357
0.0308267
0.0313412
0.0302763
0.0251507
0.0153197
0.00331642
-0.00616065
-0.00886702
-0.00362361
0.00706817
0.0186121
0.0273619
0.0323087
0.0345855
0.0356706
0.035565
0.0327617
0.0259294
0.0157388
0.0051567
-0.00188021
-0.00261476
0.00309572
0.0127233
0.0226503
0.0302497
0.0349075
0.0374002
0.0384534
0.0375363
0.0334192
0.0255927
0.0154124
0.00586311
0.000229728
0.000420553
0.00616823
0.0151401
0.0243132
0.0315335
0.0362517
0.0389433
0.0399465
0.0386077
0.03393
0.0257008
0.0153063
0.00545585
-0.000891619
-0.0018371
0.00274853
0.0111643
0.0207455
0.0291435
0.0352398
0.0390624
0.04089
0.0403654
0.0366102
0.0292136
0.0190904
0.00846726
4.30292e-05
-0.00404958
-0.00298441
0.00270979
0.0112739
0.0204765
0.0283627
0.0335575
0.0351639
0.0327503
0.0266844
0.0182406
0.00920991
0.00142195
-0.00357021
-0.00478945
-0.00209329
0.0036606
0.0109421
0.0182088
0.024347
0.0288539
0.0314002
0.0319194
0.029977
0.0258419
0.0189106
0.0110309
0.00107823
-0.0039761
-0.0113001
0.146726
0.147727
0.151088
0.155805
0.161706
0.167415
0.166788
0.147411
0.0539983
-0.186014
-0.417593
-0.378858
-0.365077
-0.18483
-0.0017476
0.108265
0.137907
0.0284291
-0.0969067
-0.156071
-0.120401
-0.0554186
-0.0116271
0.00878373
0.0136127
0.00563734
-0.0064606
-0.00966955
-0.00314691
-0.000469094
-0.0130914
-0.0395088
-0.0647234
-0.0674929
-0.0443147
-0.0138602
0.00621778
0.0127903
0.0101432
0.00455858
0.00233118
0.00508179
0.00770165
0.00343448
-0.0093368
-0.0256644
-0.0362603
-0.0336651
-0.0188081
-0.000525822
0.012549
0.0176226
0.0171106
0.0154898
0.0159658
0.0175428
0.0162752
0.00910939
-0.00294205
-0.0148899
-0.020459
-0.0163593
-0.00457041
0.00890422
0.018729
0.0232531
0.0242361
0.0245098
0.0252885
0.0249059
0.0206959
0.0118063
0.000597555
-0.00834137
-0.010815
-0.00565281
0.00465758
0.0155723
0.0235541
0.0277744
0.0295783
0.030589
0.0308219
0.0286798
0.0226756
0.0133163
0.00343782
-0.0031156
-0.0036528
0.00192379
0.0110876
0.0202988
0.0270891
0.0310531
0.0331551
0.0342042
0.0336498
0.0301649
0.0231078
0.0136984
0.0048093
-0.000369795
-1.83182e-05
0.005532
0.01395
0.0223129
0.0286555
0.0326494
0.0349417
0.0359323
0.0349473
0.0309029
0.0234634
0.0138795
0.00474402
-0.00108474
-0.00180397
0.00264391
0.0105454
0.0193186
0.0267898
0.0320619
0.0353505
0.0370246
0.0367289
0.0335486
0.026995
0.0178794
0.00830718
0.000836723
-0.00257359
-0.00126022
0.00417337
0.0120365
0.0203364
0.0274146
0.0320626
0.033373
0.0308809
0.0250136
0.0171088
0.00889458
0.0019994
-0.00229291
-0.00323618
-0.000844046
0.00400368
0.00992596
0.0156501
0.0203643
0.0237527
0.0256253
0.0259307
0.0243452
0.0210005
0.0153858
0.0089446
0.00065065
-0.00333621
-0.00986976
0.151182
0.152581
0.157285
0.164378
0.1744
0.187635
0.19915
0.204523
0.101278
-0.172848
-0.488205
-0.451357
-0.485593
-0.243948
-0.0195327
0.08512
0.0947164
0.0194603
-0.0949791
-0.180486
-0.157827
-0.0817027
-0.0268513
-0.00302157
-0.000414921
-0.0135578
-0.0292235
-0.0315051
-0.0207867
-0.0144192
-0.0243537
-0.048838
-0.0737761
-0.0777195
-0.0553568
-0.0243143
-0.00351223
0.00285282
-0.000806074
-0.00741931
-0.00971432
-0.00582072
-0.00132321
-0.00358322
-0.0146019
-0.0297507
-0.0400089
-0.0377786
-0.0236048
-0.00601679
0.0063018
0.0104764
0.00907169
0.00693216
0.00760215
0.0101472
0.0103621
0.00482082
-0.00580718
-0.0167944
-0.0220059
-0.01812
-0.0070038
0.00550135
0.0142044
0.0176293
0.01778
0.0177481
0.0188723
0.0194547
0.0166022
0.00916006
-0.000800425
-0.00890435
-0.0110739
-0.00616732
0.00338086
0.0131778
0.0199106
0.023018
0.0241068
0.0249737
0.0256711
0.0245042
0.0197705
0.011712
0.00292479
-0.00292278
-0.00324839
0.00199631
0.0103311
0.0183787
0.023927
0.0268557
0.028366
0.0293812
0.0293524
0.0268358
0.0209869
0.0127874
0.00490128
0.000354747
0.00085078
0.00599475
0.0135013
0.020625
0.0256781
0.0286241
0.0303309
0.0312913
0.0308307
0.0277545
0.0215341
0.0131903
0.00511319
-6.55523e-07
-0.000474179
0.00367353
0.0107454
0.0183026
0.0244257
0.0285126
0.0310223
0.0324526
0.0324825
0.0301556
0.02485
0.0171806
0.00903836
0.00277126
0.000116255
0.00155406
0.00641733
0.0131555
0.0201243
0.0260535
0.0299533
0.0309358
0.0285171
0.0231415
0.0161287
0.00906731
0.00332848
-0.000119563
-0.000793504
0.00113001
0.00479384
0.00904025
0.0129237
0.0159535
0.0180075
0.0190619
0.0191192
0.0179867
0.0156325
0.0116107
0.00687154
0.000532949
-0.00235164
-0.00786727
0.155076
0.156827
0.162788
0.172045
0.186481
0.206764
0.237048
0.235271
0.197078
-0.202884
-0.662757
-0.533172
-0.591023
-0.330107
-0.123355
-0.0309999
-0.0186924
-0.0263774
-0.100517
-0.18797
-0.184099
-0.105362
-0.0421045
-0.0155921
-0.0157123
-0.0342374
-0.0531964
-0.0532739
-0.0369163
-0.0256575
-0.0318547
-0.0533974
-0.0772242
-0.0823976
-0.0621058
-0.0322283
-0.0120135
-0.00656684
-0.0115849
-0.0193564
-0.0216203
-0.016231
-0.00931696
-0.00897678
-0.0176793
-0.031166
-0.0408001
-0.0390156
-0.0260185
-0.00984921
0.00102256
0.00378068
0.0011582
-0.00163224
-0.000709749
0.00305341
0.00514786
0.00169631
-0.0070629
-0.0167525
-0.0214652
-0.0179068
-0.00782319
0.00320778
0.0102764
0.012184
0.0112315
0.0107942
0.0123435
0.0141488
0.0130434
0.00748679
-0.000835457
-0.00785009
-0.0096553
-0.00515725
0.00329209
0.0115328
0.0165784
0.0182171
0.0183691
0.019031
0.0203095
0.0203994
0.0173277
0.010981
0.00362264
-0.00132801
-0.00143371
0.00330082
0.01048
0.0169632
0.0208802
0.0224658
0.0232043
0.0241608
0.0248057
0.023558
0.0193064
0.0127039
0.0061201
0.00235817
0.00297888
0.00752674
0.0138022
0.0193062
0.0227055
0.0243181
0.0252756
0.0261923
0.0264092
0.0245991
0.0199781
0.0132538
0.00653556
0.00230472
0.00208799
0.00578602
0.0117453
0.0177244
0.0221284
0.024713
0.0262271
0.0273328
0.0277727
0.0265445
0.0228432
0.0170015
0.0106101
0.00574372
0.00388
0.00530371
0.00930004
0.014533
0.0198014
0.0242907
0.0272729
0.0279143
0.0257232
0.0211067
0.0152828
0.00963776
0.00524719
0.00273771
0.00230713
0.00362768
0.00591191
0.00827525
0.010118
0.0112637
0.0117925
0.0118899
0.011662
0.0110675
0.0098849
0.0076879
0.00485422
0.000670141
-0.00112131
-0.00548654
0.158257
0.1603
0.167247
0.178396
0.196323
0.224411
0.268982
0.303
0.349684
-0.172852
-0.523707
-0.593672
-0.399494
-0.261667
-0.198461
-0.137298
-0.0807764
-0.101606
-0.171289
-0.18748
-0.119333
-0.0543436
-0.0274012
-0.0310563
-0.0551536
-0.0769302
-0.0734366
-0.0501466
-0.0331974
-0.0351143
-0.0531417
-0.075192
-0.0814466
-0.0640852
-0.0368789
-0.0185414
-0.0148023
-0.0215999
-0.030669
-0.0327824
-0.02556
-0.0157956
-0.0124429
-0.0184637
-0.0299594
-0.0387415
-0.0374274
-0.0259638
-0.0117994
-0.00297785
-0.00211258
-0.00625257
-0.00980549
-0.00856971
-0.00337963
0.000898376
-0.000125296
-0.00669631
-0.0148412
-0.0189462
-0.0157945
-0.0070209
0.0021291
0.00713554
0.0071707
0.00488653
0.0039632
0.00600427
0.00923608
0.0101767
0.00683693
0.00044684
-0.00528657
-0.00668323
-0.00271467
0.00436908
0.0107023
0.0137059
0.013587
0.0126227
0.0130302
0.0149809
0.0165475
0.0154412
0.0111247
0.00545588
0.00154752
0.00166349
0.00574302
0.0115055
0.016105
0.0180817
0.0180799
0.0179031
0.0187798
0.0202131
0.0204692
0.01812
0.0134184
0.0083702
0.0055076
0.00623132
0.010028
0.0148177
0.0184034
0.0198659
0.0199237
0.0200037
0.0208637
0.0218756
0.021564
0.0188421
0.0140371
0.00891406
0.00569438
0.00573673
0.00886021
0.0134791
0.0175947
0.0199912
0.0208273
0.0211746
0.0218864
0.0227952
0.0228526
0.0210319
0.0173131
0.0129116
0.00957661
0.00850154
0.00977316
0.0126517
0.0160806
0.0193647
0.0221822
0.0241017
0.0243901
0.0225607
0.0189284
0.014526
0.0104834
0.00755785
0.00602962
0.00580826
0.00644271
0.00725164
0.00763957
0.00733596
0.00645811
0.00530601
0.0043236
0.00377506
0.00378562
0.00392475
0.00372808
0.00293663
0.000998208
0.000244748
-0.00294201
0.160608
0.162832
0.170417
0.182731
0.203003
0.23589
0.29103
0.35513
0.461817
-0.50387
-0.417203
-0.376422
-0.34888
-0.214152
-0.112642
-0.0962106
-0.142635
-0.169243
-0.119901
-0.0606197
-0.0364027
-0.0447255
-0.0745897
-0.0984023
-0.0900612
-0.0591008
-0.0363926
-0.0341096
-0.0485204
-0.0683684
-0.0754151
-0.0613873
-0.0379111
-0.0225213
-0.0212277
-0.0302151
-0.0406853
-0.0425104
-0.0331856
-0.0203189
-0.0137842
-0.0169941
-0.02635
-0.0341341
-0.0332681
-0.023542
-0.0117839
-0.00546583
-0.00686862
-0.0127572
-0.0171454
-0.0155421
-0.00878646
-0.00215132
-0.000571092
-0.00478813
-0.0112501
-0.0146786
-0.0119777
-0.00469221
0.00229956
0.00494183
0.00285101
-0.000924067
-0.00237978
0.000189358
0.00497183
0.00813619
0.00720751
0.0029232
-0.00141444
-0.00237846
0.000979636
0.0065209
0.0107123
0.0114364
0.00936717
0.00716675
0.00728393
0.00996034
0.0131374
0.0141836
0.0120954
0.00827889
0.00550109
0.00583357
0.00915806
0.0133301
0.0158372
0.015674
0.0139278
0.0127408
0.0135185
0.0158069
0.017712
0.0174587
0.0148534
0.0114898
0.00959512
0.0104004
0.0133389
0.0164762
0.0179543
0.0173044
0.0156695
0.0147876
0.0155774
0.0174526
0.0187843
0.0181545
0.0154656
0.0120916
0.0099618
0.0102568
0.0127162
0.0158419
0.0179107
0.0181193
0.0170525
0.0161192
0.0163826
0.0177842
0.0192357
0.019467
0.0180554
0.0157834
0.0140348
0.013711
0.0147115
0.0162974
0.0177322
0.0188478
0.0198215
0.0205491
0.0204573
0.0190856
0.0166094
0.0137973
0.0114707
0.0100584
0.00951081
0.00947054
0.00939729
0.00873373
0.00715733
0.00468777
0.00171336
-0.00122395
-0.00337644
-0.00427639
-0.00362129
-0.00205893
-0.000151606
0.00116425
0.00145533
0.00164861
-0.000436688
0.162051
0.164332
0.172103
0.184728
0.205499
0.239226
0.295611
0.372075
0.533094
-0.385934
-0.420868
-0.472281
-0.442095
-0.255363
-0.120786
-0.0787554
-0.107906
-0.13508
-0.106593
-0.0589364
-0.0405304
-0.0547356
-0.0904387
-0.115174
-0.101074
-0.0626657
-0.0350417
-0.0292278
-0.0403132
-0.0577755
-0.0652624
-0.0545564
-0.0353387
-0.0236023
-0.0253112
-0.0367929
-0.0486869
-0.0500776
-0.0385065
-0.0225323
-0.0129251
-0.013439
-0.0206865
-0.0274105
-0.0269398
-0.0190079
-0.00985128
-0.0062961
-0.0101913
-0.017954
-0.0231975
-0.0211884
-0.0128229
-0.00381393
0.000364304
-0.00149922
-0.00625644
-0.00898319
-0.00674357
-0.00101901
0.00368629
0.00381669
-0.000523141
-0.00586227
-0.00790955
-0.00476324
0.00160026
0.00702543
0.00854745
0.00640849
0.00349529
0.00296522
0.00567616
0.00960024
0.0115521
0.00989959
0.0058035
0.00231834
0.00212414
0.00553283
0.0103529
0.0136041
0.0138048
0.0118921
0.0102688
0.0108055
0.0133273
0.0158371
0.0161731
0.0137995
0.0102536
0.00801744
0.00867817
0.0118312
0.015426
0.017333
0.0168942
0.0152675
0.014358
0.0152253
0.0172561
0.0186774
0.017986
0.0151719
0.0118018
0.0099245
0.0106281
0.0133774
0.0163956
0.0179275
0.0174317
0.0158655
0.0148487
0.0153822
0.0171315
0.0187005
0.0186579
0.0166218
0.0136014
0.0113396
0.0111171
0.0129965
0.015861
0.0181942
0.0191473
0.019034
0.0188495
0.0192126
0.0198596
0.0200745
0.0194477
0.018315
0.017333
0.0167523
0.0162274
0.0153547
0.0141446
0.0130294
0.0124706
0.0125658
0.0129698
0.0130984
0.0123544
0.0103037
0.0068594
0.00228486
-0.0027809
-0.00753519
-0.010897
-0.012169
-0.0108674
-0.00785005
-0.00382605
-0.000416613
0.00198876
0.00302158
0.00186233
0.162566
0.164777
0.172274
0.184335
0.203741
0.234273
0.282635
0.349833
0.467066
-0.298729
-0.315655
-0.418997
-0.526141
-0.466494
-0.256219
-0.109548
-0.0539633
-0.0713195
-0.0934553
-0.0819011
-0.0487967
-0.0382414
-0.0591704
-0.100479
-0.125168
-0.104723
-0.0602802
-0.0294565
-0.0211951
-0.0294771
-0.0445584
-0.0521353
-0.0444273
-0.0294884
-0.0216749
-0.026658
-0.0407467
-0.0539693
-0.0547916
-0.0410108
-0.0222127
-0.00992457
-0.00807844
-0.0134045
-0.0190887
-0.0189401
-0.0127298
-0.00616499
-0.005416
-0.0118446
-0.021476
-0.0275346
-0.0251057
-0.0151969
-0.00396692
0.00261944
0.00294792
-0.000195574
-0.00224078
-0.000442738
0.00375268
0.00619765
0.00383648
-0.00272752
-0.00960115
-0.0121921
-0.00853226
-0.000663329
0.00691103
0.0107649
0.0106754
0.00912846
0.0090099
0.0110814
0.013419
0.0131775
0.00920139
0.00312681
-0.00161571
-0.0021276
0.00196978
0.00835903
0.0137275
0.016135
0.0160623
0.0155511
0.0162725
0.0179991
0.0188826
0.0171056
0.0125869
0.00729321
0.00402775
0.00455444
0.00852244
0.0137384
0.0177351
0.0194016
0.0194628
0.0195022
0.0204153
0.021551
0.0213021
0.0185127
0.0136106
0.00856148
0.00570839
0.00630741
0.00988282
0.0145255
0.0181591
0.0198064
0.0200069
0.0200683
0.020819
0.0218605
0.0219053
0.019811
0.0156011
0.0106834
0.00711374
0.00638738
0.00869208
0.0128969
0.0172559
0.0204983
0.0224602
0.0237447
0.024713
0.0249718
0.0238412
0.0212081
0.0178516
0.0148672
0.0128814
0.0118411
0.0114433
0.0115336
0.0121571
0.0133669
0.0149264
0.0162381
0.0165425
0.0152115
0.0119206
0.00677371
0.000234327
-0.00682635
-0.0133382
-0.0178827
-0.0195296
-0.0176223
-0.0132052
-0.00716096
-0.00176041
0.00255563
0.0043264
0.00383417
0.162186
0.164205
0.171046
0.181756
0.198524
0.222621
0.258797
0.302664
0.320307
-0.209713
-0.284375
-0.273764
-0.401652
-0.509118
-0.428824
-0.226717
-0.0890858
-0.0288687
-0.0351012
-0.0514506
-0.0502326
-0.0314023
-0.0291065
-0.0568357
-0.102926
-0.126036
-0.0999905
-0.0521466
-0.0204463
-0.0109725
-0.0170143
-0.0298201
-0.0371776
-0.0319583
-0.020911
-0.0168576
-0.0250447
-0.0416032
-0.0559247
-0.0560842
-0.0403517
-0.0193117
-0.00498268
-0.00127855
-0.00498341
-0.00971907
-0.00981145
-0.00514337
-0.000976715
-0.00286402
-0.0116724
-0.0230258
-0.0297977
-0.0269668
-0.0156997
-0.00256816
0.00606884
0.00828853
0.00657076
0.00514402
0.00654506
0.00933678
0.00969328
0.00502613
-0.00358983
-0.0118711
-0.0149695
-0.0108537
-0.0016561
0.0078152
0.0137356
0.0154759
0.0151572
0.0154047
0.0168845
0.0177652
0.0155144
0.00941362
0.00153087
-0.00436752
-0.00518919
-0.000495431
0.00728706
0.0145524
0.0189505
0.0205456
0.0210408
0.02192
0.0229112
0.0223072
0.0186065
0.0121388
0.00525192
0.00103365
0.00141074
0.00608812
0.0127539
0.0186415
0.0222266
0.0238297
0.02473
0.0256759
0.0259893
0.0242214
0.0195321
0.0127402
0.00616185
0.00240237
0.00287841
0.00717783
0.013284
0.0188354
0.0224533
0.0242816
0.0253303
0.0262712
0.0266547
0.025301
0.0213341
0.0151419
0.00848385
0.00369329
0.00246663
0.00511202
0.0105019
0.0166914
0.0220204
0.0258675
0.0284618
0.0299427
0.0298299
0.0274767
0.0230063
0.0175529
0.0125957
0.00914414
0.00748627
0.0074683
0.00880112
0.011129
0.014059
0.0170137
0.0191835
0.019687
0.0178855
0.0135446
0.00691718
-0.00136882
-0.0102297
-0.0183392
-0.0239669
-0.0259678
-0.0235359
-0.0178671
-0.0100169
-0.00282539
0.0031195
0.00554465
0.00540005
0.160987
0.16274
0.168609
0.177602
0.190678
0.208747
0.228105
0.246565
0.209326
-0.115575
-0.378693
-0.255164
-0.254262
-0.395357
-0.469544
-0.362329
-0.184214
-0.0673569
-0.00828701
-0.00252952
-0.0128309
-0.0157564
-0.00885353
-0.01383
-0.0475023
-0.0968652
-0.117289
-0.0870754
-0.0393254
-0.00920508
0.000372771
-0.00387452
-0.0145254
-0.0214053
-0.0180964
-0.0102897
-0.00947025
-0.0204473
-0.0390712
-0.0541355
-0.0536091
-0.0364206
-0.0139865
0.001564
0.00653193
0.00409155
0.000180639
-7.96864e-05
0.00328983
0.00539847
0.00123432
-0.0096166
-0.02241
-0.029738
-0.0265601
-0.0142347
0.000332058
0.0105283
0.0142357
0.0136849
0.0127805
0.0138443
0.0154315
0.0139954
0.00735489
-0.0030063
-0.0124771
-0.0160101
-0.0115398
-0.00128366
0.00971073
0.0173111
0.0205619
0.0212683
0.0218161
0.0227837
0.0224199
0.018463
0.0105646
0.00115217
-0.00573449
-0.0068453
-0.00169001
0.00722163
0.0160502
0.0221096
0.0251086
0.0264508
0.0274534
0.0278121
0.0259473
0.0206263
0.012519
0.00428335
-0.000760866
-0.000546469
0.0046879
0.0125445
0.0200147
0.0252242
0.028139
0.0297684
0.0307355
0.0303499
0.0273043
0.0210227
0.0126438
0.00476768
0.000216807
0.000552432
0.00542877
0.0127536
0.0199319
0.0252404
0.0284712
0.0303671
0.0314656
0.0312827
0.0287371
0.0231799
0.0153008
0.00714715
0.00128131
-0.000420159
0.00245765
0.00881075
0.0165355
0.0236382
0.0290883
0.03278
0.0346823
0.0342503
0.0308778
0.024837
0.0175127
0.0107012
0.00578094
0.00340396
0.00360818
0.00602239
0.00992419
0.0144664
0.0187221
0.0216961
0.022433
0.0202985
0.0151285
0.00729025
-0.00245173
-0.0128248
-0.0222772
-0.0288175
-0.0311275
-0.0282837
-0.0215937
-0.0122621
-0.00357873
0.00364629
0.00665828
0.00651246
0.159087
0.160511
0.165259
0.172217
0.181652
0.192876
0.200817
0.195659
0.126745
-0.0711862
-0.246015
-0.223895
-0.244111
-0.325917
-0.355254
-0.267444
-0.13766
-0.0474309
0.00673803
0.023728
0.0205497
0.0183496
0.016668
0.00553113
-0.0326523
-0.0831154
-0.0997004
-0.067586
-0.0235927
0.00291444
0.0118241
0.00911584
0.00054367
-0.00563761
-0.00368572
0.0016396
-1.13634e-06
-0.0130627
-0.0331091
-0.0484688
-0.0473326
-0.0294028
-0.00660913
0.00926235
0.0148926
0.0133637
0.0101338
0.00977035
0.0121207
0.0126094
0.00667402
-0.00572985
-0.0195679
-0.0272534
-0.0238229
-0.0108386
0.00458534
0.0157633
0.0204994
0.020819
0.0203194
0.0211112
0.0217414
0.0188998
0.010734
-0.000956898
-0.0113249
-0.0151971
-0.0105054
0.000465284
0.0125178
0.0213272
0.0257029
0.0271878
0.0279542
0.0285089
0.0271718
0.0219015
0.0126321
0.0020538
-0.00560054
-0.00696908
-0.00151991
0.00818965
0.0181639
0.0254735
0.0295472
0.0315374
0.0326216
0.0324805
0.0296456
0.0230931
0.0137428
0.00447331
-0.00122955
-0.00118736
0.00441745
0.0131412
0.0218042
0.0282641
0.0321977
0.0343893
0.0353654
0.0344403
0.0304248
0.0229409
0.0133584
0.00447945
-0.000711133
-0.000530424
0.0047437
0.0129798
0.0214135
0.0280503
0.0323917
0.0349553
0.0361729
0.0355457
0.0320763
0.0252896
0.0160992
0.00676287
1.45622e-05
-0.00212585
0.000872337
0.00792172
0.016814
0.0252945
0.031994
0.0365293
0.038744
0.0380858
0.0339548
0.0266885
0.017811
0.00935845
0.00304347
-0.00012606
0.00010393
0.00334081
0.0085751
0.0145414
0.0199655
0.0236792
0.0246862
0.0223686
0.016614
0.00787395
-0.00297348
-0.0144959
-0.0249618
-0.0321888
-0.0347425
-0.0316176
-0.0241968
-0.0137924
-0.00400366
0.00410261
0.00763569
0.00714707
0.156618
0.157698
0.161254
0.166214
0.172201
0.178027
0.177961
0.163654
0.103439
-0.0534142
-0.164846
-0.164287
-0.188652
-0.245068
-0.264559
-0.201998
-0.106297
-0.0332678
0.0162016
0.0414048
0.0474258
0.0488183
0.0430792
0.0260009
-0.0151276
-0.0634586
-0.0753458
-0.0442637
-0.00703212
0.0146819
0.0225626
0.0212926
0.0147797
0.00949415
0.01057
0.014144
0.0109236
-0.00332321
-0.0239801
-0.0391517
-0.0375971
-0.0197968
0.00225736
0.0175815
0.0233413
0.0224279
0.019749
0.0193334
0.0209395
0.0202902
0.0131797
-0.000183183
-0.0145923
-0.0224139
-0.0188634
-0.00569213
0.00994849
0.0215017
0.0268027
0.0276939
0.027474
0.0280557
0.0279958
0.0241869
0.0150173
0.00248545
-0.0084369
-0.0125384
-0.00778175
0.00351089
0.0161041
0.0256111
0.0306998
0.0326988
0.0335923
0.0338394
0.0318295
0.0256905
0.0155391
0.00421508
-0.00395023
-0.00553698
1.80468e-05
0.0101533
0.0208076
0.0289132
0.0336995
0.036118
0.0372349
0.0367391
0.0332589
0.0259142
0.015772
0.00582943
-0.000336691
-0.000471754
0.00529763
0.0145269
0.0239466
0.0312378
0.0358621
0.0384279
0.039397
0.0381085
0.0334673
0.0252201
0.0148677
0.00532314
-0.00032968
-0.000313773
0.00516128
0.0139647
0.0232337
0.030787
0.0359058
0.0389324
0.0402244
0.0392902
0.0352004
0.0275932
0.0175183
0.00735815
-4.48581e-05
-0.00255567
0.000431614
0.00788621
0.0175376
0.0269507
0.0345028
0.0396019
0.0420197
0.0412307
0.0366307
0.0285373
0.0185006
0.0087099
0.00115766
-0.00282728
-0.00277095
0.000962472
0.00718199
0.0142877
0.0206886
0.0250508
0.0263546
0.0240067
0.0179296
0.00862841
-0.0029316
-0.0151931
-0.0263002
-0.0339564
-0.036674
-0.0334033
-0.0255736
-0.0145533
-0.00410742
0.00445679
0.00842793
0.00730356
0.153723
0.154457
0.156851
0.15989
0.162904
0.164113
0.15874
0.138232
0.0868391
-0.0243967
-0.117259
-0.137254
-0.161218
-0.196922
-0.201914
-0.15293
-0.0809114
-0.021695
0.0219734
0.0501772
0.0650403
0.0714114
0.0658538
0.042751
4.52147e-05
-0.0420228
-0.0481665
-0.0206633
0.00839863
0.0252042
0.0320561
0.0321645
0.0277187
0.0235182
0.0241124
0.0265336
0.0225724
0.0081052
-0.0122838
-0.0268215
-0.0251395
-0.00838222
0.0119198
0.0259694
0.031452
0.0309465
0.0287248
0.0282942
0.0293989
0.0280817
0.0204182
0.00673585
-0.00773669
-0.0154737
-0.0119675
0.000884705
0.0160981
0.0274508
0.0328961
0.0340909
0.0340316
0.0344544
0.033962
0.0296314
0.0200052
0.00715307
-0.00395792
-0.00817369
-0.00352141
0.00768215
0.0202893
0.0299888
0.0353925
0.0376501
0.0385778
0.0386151
0.0362307
0.029678
0.0191547
0.00752819
-0.000874538
-0.00263483
0.00283157
0.0130083
0.0238679
0.0323133
0.0374521
0.0400785
0.0411747
0.0404638
0.0366642
0.0289778
0.0185132
0.00827748
0.00185767
0.00154553
0.00726995
0.0166342
0.0263645
0.0340612
0.0390435
0.041791
0.0427304
0.0412503
0.0363305
0.0277715
0.0171009
0.00724646
0.00132295
0.00116982
0.00664575
0.0156623
0.0253328
0.0333771
0.038929
0.042205
0.0435204
0.0424148
0.0380142
0.0300108
0.0194984
0.00889479
0.00108256
-0.00173211
0.00113198
0.00870138
0.0186954
0.0285831
0.0365793
0.0419542
0.044457
0.0436238
0.0388434
0.0303446
0.0195957
0.00884213
0.00028514
-0.00447825
-0.00476511
-0.000881351
0.00590527
0.0137752
0.0208881
0.02576
0.0273597
0.025121
0.01899
0.00948984
-0.00236531
-0.0149369
-0.0263021
-0.0341234
-0.0369199
-0.0336348
-0.0257245
-0.0145544
-0.00392706
0.00468149
0.0089742
0.00701521
0.150541
0.150953
0.152259
0.153599
0.154107
0.15189
0.143009
0.120363
0.0759095
-0.00868214
-0.0823129
-0.105597
-0.126705
-0.151281
-0.153332
-0.117247
-0.062431
-0.0136471
0.0248129
0.0525967
0.0715842
0.0813942
0.0772877
0.0518984
0.0111939
-0.0206938
-0.0210232
0.00061071
0.0215469
0.0340895
0.0400738
0.041407
0.0389954
0.0360559
0.0364945
0.0381837
0.0341436
0.0203434
0.00104921
-0.0125078
-0.0110343
0.00387352
0.0216491
0.0339194
0.0388674
0.0386575
0.0368436
0.0364286
0.037224
0.0356479
0.0280144
0.0146345
0.00059218
-0.00686279
-0.00358551
0.00845432
0.0226571
0.0333191
0.0385684
0.0398544
0.0398568
0.0401569
0.0394548
0.0350131
0.0254544
0.0127904
0.00185005
-0.00236768
0.00200868
0.0127261
0.0248554
0.0342922
0.0396626
0.0419565
0.0428331
0.0427398
0.0402473
0.0337053
0.0232993
0.0118026
0.00343296
0.00154581
0.0067369
0.0165882
0.0272077
0.0355734
0.0407389
0.0433732
0.0443937
0.0435866
0.0397629
0.0321577
0.0218219
0.0116648
0.0052007
0.00471722
0.0101988
0.0193462
0.0289676
0.0366732
0.0417061
0.0444546
0.0453348
0.0438116
0.0389312
0.0304871
0.0199354
0.0101214
0.00412047
0.00380039
0.00908786
0.0179789
0.0276372
0.0357686
0.0414281
0.0447493
0.046032
0.0448732
0.0404488
0.0324548
0.0219413
0.0112724
0.00330021
0.000260154
0.00289716
0.0103088
0.0202496
0.0301756
0.0382279
0.0436039
0.0460694
0.0452537
0.0405506
0.032057
0.0210647
0.00976991
0.000496774
-0.00495223
-0.00570506
-0.00199082
0.00492881
0.0131322
0.020626
0.0258135
0.0276611
0.0256335
0.0196992
0.0103646
-0.00136095
-0.013816
-0.0250701
-0.032806
-0.0356024
-0.0324267
-0.0247523
-0.0138735
-0.00352983
0.00475687
0.00921344
0.00636009
0.147202
0.147322
0.147655
0.147522
0.146002
0.141212
0.130118
0.106995
0.0680954
0.00296384
-0.0562676
-0.0827584
-0.103562
-0.121287
-0.119498
-0.0904627
-0.0475606
-0.00735657
0.0261373
0.0516509
0.0705824
0.0813523
0.0781797
0.0566688
0.0245391
0.00266128
0.00352402
0.0177992
0.0319546
0.0412894
0.0465794
0.048853
0.0483294
0.0467949
0.047359
0.0485668
0.0448271
0.0323572
0.0148161
0.00246881
0.00344171
0.0159641
0.0307895
0.0410337
0.04533
0.0453797
0.0439672
0.0435984
0.0442181
0.0426912
0.0355708
0.0230373
0.00985864
0.0028396
0.00570128
0.0165019
0.0292328
0.0388415
0.0436558
0.0448891
0.0448836
0.0450831
0.044341
0.0401268
0.0310911
0.0190698
0.00862411
0.0045007
0.00844527
0.0183266
0.0295626
0.0383676
0.0434323
0.0455913
0.0463475
0.046178
0.0437891
0.0376152
0.0277549
0.0167771
0.00868859
0.00672019
0.0114712
0.0206754
0.030673
0.0386088
0.0435355
0.0460148
0.0469088
0.0460927
0.0424838
0.03532
0.0255116
0.0157706
0.0094575
0.00881402
0.0138804
0.0225036
0.0316537
0.0390321
0.0438586
0.0464551
0.0472419
0.045787
0.0412064
0.0332456
0.0232038
0.0137524
0.00785714
0.00737882
0.0123118
0.0207772
0.0300591
0.0379264
0.0434134
0.0466024
0.0477952
0.0466717
0.0424626
0.0348335
0.0247153
0.0143329
0.00644124
0.0032597
0.00558524
0.0125951
0.0221327
0.0317129
0.0394819
0.0446188
0.0469304
0.0461605
0.0417367
0.0336112
0.0228285
0.0114297
0.0017629
-0.00423262
-0.00552556
-0.0022454
0.00440974
0.0125143
0.0200239
0.0252896
0.0272808
0.0255103
0.0199682
0.0111282
-6.21476e-05
-0.0119929
-0.0227927
-0.0302185
-0.0329497
-0.0300006
-0.0228516
-0.01265
-0.00300631
0.00467426
0.00909903
0.00546312
0.143822
0.143688
0.143175
0.14182
0.138699
0.132095
0.119707
0.0971652
0.0629831
0.0114373
-0.0368296
-0.0623592
-0.0805907
-0.09361
-0.0915235
-0.0694356
-0.0359904
-0.00279415
0.0262117
0.0491946
0.066547
0.0769284
0.0758897
0.0610917
0.0384827
0.0226903
0.0216596
0.0302045
0.0398365
0.0469859
0.0516757
0.0545171
0.055547
0.0554667
0.0564023
0.0572816
0.0539021
0.0430509
0.0276408
0.0166535
0.0170139
0.0270258
0.0388551
0.0470679
0.0507021
0.0510117
0.0500212
0.0497369
0.0502606
0.0489668
0.0426931
0.031419
0.0194377
0.0129516
0.0152358
0.0244922
0.0354619
0.0438045
0.0480476
0.0491522
0.0491037
0.0492145
0.0485403
0.044794
0.0366305
0.0256162
0.0159292
0.011975
0.0153595
0.0241327
0.0341701
0.0420848
0.0466602
0.0485724
0.049162
0.0489461
0.0468038
0.0412612
0.032282
0.0221406
0.0145415
0.0125338
0.0167141
0.0250187
0.0341035
0.0413514
0.0458496
0.0480591
0.0487859
0.0480131
0.0447848
0.0383325
0.0293685
0.0203233
0.0143297
0.0135429
0.0180593
0.0259159
0.0343143
0.0411114
0.0455418
0.0478729
0.0485327
0.0472133
0.0431165
0.0359215
0.0267073
0.0178914
0.0122634
0.0116421
0.0160885
0.0238858
0.0325006
0.0398283
0.0449272
0.0478473
0.0488983
0.047863
0.044042
0.0370571
0.0276641
0.0178738
0.0102794
0.00704314
0.00899131
0.0154013
0.0242499
0.0331745
0.0403915
0.0451018
0.0471609
0.0464337
0.0424185
0.0349428
0.024767
0.0136826
0.00395533
-0.00241441
-0.00427065
-0.00162172
0.00443916
0.0120602
0.0192341
0.0243251
0.0263163
0.0247902
0.0197501
0.0116467
0.00132983
-0.00971581
-0.0197555
-0.0266761
-0.029293
-0.0266745
-0.0202936
-0.0110691
-0.00245621
0.00444068
0.00861354
0.00448223
0.140502
0.140153
0.138924
0.136573
0.13222
0.124361
0.111297
0.0897971
0.0595339
0.0177097
-0.0221805
-0.0464562
-0.0635214
-0.0740426
-0.0715268
-0.053659
-0.026787
0.000849473
0.0258439
0.0462912
0.0618596
0.0715003
0.072269
0.0627114
0.0471481
0.0356186
0.0337642
0.0390015
0.0457781
0.0513961
0.0555356
0.0585883
0.0606547
0.0619003
0.0633833
0.0640886
0.0609067
0.0514942
0.0382668
0.0288292
0.0287788
0.0365115
0.0455838
0.0519443
0.0549699
0.0555297
0.0549796
0.0548279
0.0552985
0.0542961
0.0490221
0.0392489
0.0286691
0.0227549
0.02436
0.0319384
0.0410553
0.0480662
0.0516891
0.052643
0.0525498
0.0525813
0.0520235
0.0488743
0.0418
0.0320393
0.0232954
0.0195606
0.0222972
0.0297946
0.0384612
0.0453467
0.0493367
0.050948
0.0513512
0.0510999
0.0492763
0.044519
0.0366403
0.0275589
0.0206036
0.0185924
0.0221165
0.0293569
0.0373467
0.0437511
0.047711
0.0495875
0.0501225
0.0494134
0.0466529
0.0410765
0.0331703
0.0250242
0.0194807
0.0185721
0.0224506
0.0293784
0.0368416
0.0428963
0.046815
0.0488129
0.0493186
0.0481607
0.0446474
0.0383964
0.0302324
0.0222576
0.0170272
0.0162839
0.0201542
0.0271131
0.0348589
0.0414611
0.046031
0.0485943
0.0494639
0.0485358
0.0452009
0.0390451
0.0306188
0.0216604
0.0145434
0.0113289
0.0128637
0.0185323
0.0264844
0.0345325
0.0410123
0.0451718
0.0469099
0.0462008
0.0426483
0.0359986
0.0267332
0.016326
0.00685729
0.000306312
-0.00208545
-0.000194101
0.00502635
0.0118589
0.0184021
0.0230877
0.0249402
0.0235926
0.0190755
0.0118261
0.00259381
-0.0073067
-0.0163474
-0.0226059
-0.0250687
-0.0228514
-0.0174018
-0.00933682
-0.0019692
0.00408286
0.00778047
0.00358137
0.137327
0.136801
0.134981
0.131841
0.126562
0.117879
0.104558
0.0842867
0.0573224
0.0226051
-0.0108224
-0.0330654
-0.0482943
-0.0568004
-0.0546683
-0.0406891
-0.0192427
0.00373971
0.0252302
0.0433176
0.0573156
0.066235
0.0681131
0.062164
0.0516766
0.0435233
0.0417829
0.0451967
0.0501821
0.0547272
0.058385
0.0613903
0.0639371
0.0660943
0.068113
0.0688272
0.0657209
0.0573569
0.0462079
0.0385554
0.0384535
0.0442224
0.0509248
0.0557281
0.0582245
0.0589823
0.0588548
0.0588864
0.0593328
0.0585819
0.0542775
0.0460494
0.036927
0.0315836
0.032507
0.0384725
0.0458318
0.0515655
0.0545809
0.0553946
0.0552791
0.0552457
0.0548071
0.0522769
0.0463662
0.0379713
0.0302637
0.0267725
0.0288279
0.0350038
0.0422673
0.0480969
0.051479
0.0527826
0.0530052
0.0527202
0.051225
0.047298
0.0406133
0.0327083
0.0264881
0.024502
0.0273362
0.0334461
0.0402732
0.045779
0.0491635
0.0506903
0.0510282
0.0503809
0.0481034
0.043459
0.0367105
0.0295774
0.024569
0.0235636
0.0267678
0.0326927
0.0391388
0.0443829
0.0477447
0.0493857
0.0497232
0.0487202
0.0458106
0.0405733
0.0335739
0.026565
0.0218226
0.0209833
0.0242351
0.0302654
0.0370365
0.0428194
0.0467942
0.0489625
0.0496296
0.0488006
0.0459787
0.040736
0.0334151
0.0254472
0.0189399
0.0158154
0.0169269
0.021774
0.0287081
0.035754
0.0413979
0.0449481
0.0463329
0.0456105
0.0425099
0.036751
0.0285776
0.0191184
0.0101842
0.00364964
0.000794735
0.0018742
0.00610056
0.0119362
0.0176362
0.021741
0.0233372
0.0220888
0.0180555
0.0116592
0.0035657
-0.0050828
-0.013
-0.0185008
-0.0207736
-0.0189706
-0.0145065
-0.00764517
-0.0016053
0.00364781
0.00666815
0.00289732
0.134367
0.133698
0.1314
0.127648
0.12169
0.112489
0.0991689
0.0801302
0.0558963
0.0264091
-0.00211051
-0.022477
-0.0365003
-0.0439637
-0.0422358
-0.0308938
-0.013308
0.00606819
0.0246386
0.0406418
0.0532515
0.0615587
0.0642195
0.0608626
0.0539684
0.0483939
0.0471302
0.0495755
0.0534233
0.0571969
0.0604386
0.0632623
0.0658751
0.0683767
0.0706485
0.0714208
0.0685578
0.0612818
0.052201
0.0462773
0.0461351
0.0501862
0.054986
0.0585774
0.0606233
0.0614826
0.0616998
0.0619467
0.0624018
0.0618216
0.0583139
0.0514779
0.0437225
0.0389452
0.0393103
0.0439017
0.0497285
0.0543179
0.0567741
0.0574673
0.0573605
0.0572862
0.056945
0.0549692
0.050162
0.0431085
0.0364352
0.0331913
0.0345981
0.0395323
0.045487
0.0503235
0.0531274
0.0541474
0.0542159
0.0538987
0.0526969
0.0495507
0.0440326
0.0373112
0.0318499
0.02991
0.0320758
0.0370883
0.0427923
0.0474298
0.0502587
0.0514546
0.05161
0.0510107
0.0491765
0.0454239
0.0398214
0.0337226
0.0292837
0.0282084
0.0307543
0.0356889
0.0411318
0.0455788
0.0483969
0.0496937
0.0498641
0.0489907
0.046642
0.0423879
0.0365588
0.0305534
0.0263439
0.0254369
0.0280759
0.0331681
0.0389518
0.0439069
0.0472858
0.0490639
0.0495281
0.0487748
0.046435
0.0420953
0.0359118
0.0290021
0.0231802
0.0201994
0.0209047
0.0249136
0.0307955
0.0368066
0.0415969
0.044538
0.0455721
0.0448109
0.0421073
0.0372053
0.030175
0.0218153
0.013618
0.00728012
0.00406832
0.00435686
0.00752611
0.0122596
0.0169978
0.0204171
0.0216766
0.0204642
0.0168485
0.0112281
0.00419831
-0.00324818
-0.0100568
-0.0147881
-0.0168452
-0.0154112
-0.0118764
-0.00613504
-0.00138292
0.00319647
0.00538287
0.00251433
0.13168
0.130898
0.128222
0.124004
0.117559
0.108059
0.0948956
0.077005
0.0550247
0.0294508
0.00473177
-0.0138007
-0.0265429
-0.0331
-0.0318412
-0.0227461
-0.00833445
0.00803956
0.024139
0.0383459
0.0497718
0.0575804
0.0608159
0.059339
0.0550416
0.05141
0.0506826
0.052639
0.0557761
0.0589994
0.0618881
0.0644837
0.0669521
0.069401
0.0716172
0.0724036
0.0700497
0.0641556
0.0570032
0.0523249
0.0518909
0.0545584
0.0579724
0.0606817
0.0623454
0.0631952
0.063626
0.064072
0.0645726
0.0641072
0.0611721
0.0554383
0.04886
0.0446694
0.0446949
0.0482184
0.0527812
0.0563967
0.05836
0.0589447
0.0588678
0.0587834
0.0585165
0.0569821
0.0531141
0.0472555
0.0415281
0.0385259
0.0393849
0.0432625
0.0480922
0.0520551
0.0543394
0.0551141
0.0550659
0.0547241
0.0537589
0.0512782
0.0468007
0.0411711
0.0364295
0.034551
0.0361205
0.0401555
0.0448613
0.0487223
0.0510514
0.0519567
0.0519589
0.0513932
0.0499304
0.0469579
0.042396
0.0372673
0.0333828
0.032264
0.0342141
0.0382464
0.0427783
0.0465036
0.0488318
0.0498225
0.0498422
0.0490671
0.0471963
0.0438177
0.039069
0.0340208
0.0303417
0.0293946
0.0314694
0.0356864
0.0405497
0.044738
0.0475702
0.0489943
0.0492723
0.0485685
0.0466438
0.0431222
0.0380111
0.0321358
0.0270131
0.0242101
0.0245497
0.0277636
0.0326395
0.0376651
0.041652
0.0440307
0.044745
0.0439316
0.0415505
0.0374019
0.03145
0.0242133
0.0168573
0.0108535
0.00740607
0.00697501
0.00912385
0.0127522
0.016504
0.0192056
0.0200941
0.0188771
0.0156103
0.0106582
0.0045494
-0.0018473
-0.00767298
-0.0117033
-0.0135425
-0.0123993
-0.00966445
-0.00487463
-0.00128152
0.00278959
0.00405003
0.00244937
0.129309
0.128439
0.12547
0.120906
0.114123
0.104469
0.0915367
0.0746564
0.0544993
0.0318499
0.0100047
-0.0069911
-0.0188019
-0.0248684
-0.0240643
-0.0165918
-0.00448347
0.0096037
0.0237358
0.0364635
0.0469113
0.0543188
0.0579749
0.0578546
0.0554249
0.0532488
0.0530378
0.0547761
0.057469
0.0602968
0.0628915
0.0652584
0.0675254
0.0697765
0.0717949
0.072577
0.0707875
0.0661657
0.0605075
0.0566341
0.0559161
0.0576487
0.060133
0.0622178
0.0635588
0.0643145
0.0648163
0.0653821
0.0659365
0.0655748
0.0630514
0.0581469
0.0525476
0.0489485
0.048822
0.0515306
0.0550842
0.0579098
0.0594553
0.0599308
0.0598825
0.0598146
0.0596114
0.0584016
0.0552576
0.0503641
0.0454328
0.0426702
0.0431329
0.046194
0.0501193
0.0533506
0.0551857
0.0557544
0.055626
0.0552736
0.0544873
0.0525278
0.0489016
0.0441976
0.0400846
0.0382761
0.0393652
0.0426029
0.0464869
0.049696
0.051598
0.052261
0.0521457
0.0516057
0.0504319
0.0480889
0.044398
0.0401083
0.036721
0.0355822
0.0370339
0.040307
0.0440727
0.0471894
0.0491034
0.0498385
0.0497346
0.0490301
0.0475382
0.0448806
0.0410526
0.0368467
0.0336527
0.0326892
0.0342811
0.0377413
0.0418101
0.0453394
0.0477048
0.0488292
0.0489488
0.0482742
0.0466818
0.0438462
0.0396685
0.0347247
0.0302558
0.0276421
0.0276739
0.0301855
0.0341677
0.0383208
0.0416032
0.0434964
0.0439383
0.0430721
0.0409379
0.037404
0.032384
0.0261817
0.0196672
0.0140724
0.0105038
0.00947368
0.0107091
0.0133173
0.0161428
0.0181608
0.0186862
0.0174422
0.0144624
0.0100671
0.00471837
-0.000817407
-0.00583651
-0.00928254
-0.0109273
-0.0099972
-0.00790693
-0.00386933
-0.00125898
0.00247171
0.00279036
0.00265681
0.127289
0.126354
0.123164
0.118348
0.111336
0.10162
0.0889422
0.0729136
0.0542067
0.0337432
0.0140854
-0.00160763
-0.012578
-0.0182149
-0.0177797
-0.0115985
-0.00131787
0.0109318
0.0234696
0.0349907
0.0446446
0.0517299
0.0556863
0.0565392
0.055445
0.0543422
0.0545786
0.056246
0.0586688
0.0612171
0.0635751
0.0657351
0.0678058
0.069854
0.0716693
0.072418
0.0710354
0.0673351
0.0627496
0.0594761
0.058641
0.0598024
0.0616781
0.0633213
0.0643984
0.0650239
0.0654941
0.0660785
0.066651
0.0663886
0.0642186
0.0599978
0.0552137
0.0521215
0.0518977
0.0539726
0.0567533
0.0589741
0.060181
0.0605415
0.0604999
0.0604585
0.0603189
0.0593467
0.0567245
0.0525491
0.0482442
0.045719
0.045942
0.048413
0.0516412
0.0542825
0.0557423
0.056139
0.0559574
0.0556097
0.0549579
0.0533818
0.0503999
0.0464181
0.0428125
0.0410821
0.0418236
0.0444636
0.0477142
0.0504023
0.0519528
0.0524202
0.0522215
0.051706
0.0507466
0.0488767
0.0458605
0.0422409
0.0392647
0.0381249
0.0391936
0.0418765
0.0450426
0.0476767
0.0492581
0.0497904
0.0495935
0.0489409
0.0477326
0.0456273
0.0425251
0.0390024
0.0362159
0.0352516
0.0364617
0.0393151
0.0427467
0.0457479
0.0477397
0.0486255
0.0486199
0.0479632
0.0466221
0.0443224
0.0408963
0.0367251
0.0328164
0.0303807
0.0301706
0.0321052
0.0353491
0.0387831
0.0414881
0.0429877
0.043212
0.0423013
0.0403494
0.0372873
0.0330127
0.0276791
0.0219168
0.0167366
0.0131331
0.0116419
0.0121214
0.0138599
0.0158841
0.017304
0.0175061
0.0162282
0.0134791
0.00953453
0.0047921
-6.63037e-05
-0.00445729
-0.00744687
-0.00893548
-0.00815738
-0.00656464
-0.00308946
-0.00127256
0.00226061
0.00169642
0.00304558
0.125646
0.124663
0.121311
0.116318
0.109156
0.0994324
0.0869924
0.0716455
0.0540509
0.0351847
0.01713
0.0024452
-0.00791959
-0.0133111
-0.0131923
-0.00794381
0.00102794
0.0119298
0.0232692
0.0338653
0.0429096
0.0497507
0.0539196
0.0554582
0.0553034
0.0549766
0.055574
0.057241
0.059501
0.0618548
0.0640304
0.0660186
0.0679208
0.069799
0.0714486
0.0721548
0.0710391
0.0679676
0.0641265
0.0613039
0.0604578
0.0612816
0.0627628
0.0640962
0.0649674
0.0654655
0.0658621
0.0664036
0.0669568
0.0667757
0.0649184
0.0612698
0.0571239
0.0543948
0.0540728
0.055683
0.0579138
0.0597
0.0606457
0.060893
0.0608314
0.0608061
0.0607241
0.0599318
0.0576836
0.0540268
0.0501973
0.0478889
0.0479806
0.0500338
0.0527401
0.0549256
0.0560858
0.0563405
0.0561203
0.0557863
0.0552382
0.0539352
0.0514116
0.0479535
0.0447292
0.0430805
0.043598
0.0458204
0.0486072
0.050896
0.0521672
0.0524805
0.0522252
0.0517351
0.0509305
0.0493959
0.046866
0.0437409
0.0410784
0.0399516
0.0407521
0.0430107
0.0457378
0.0480095
0.0493352
0.0497128
0.0494511
0.0488392
0.0478332
0.0461228
0.0435498
0.0405375
0.0380647
0.0371099
0.038042
0.040446
0.0434031
0.0460085
0.0477178
0.0484234
0.0483254
0.0476819
0.0465222
0.0446133
0.0417467
0.0381641
0.0346936
0.0324078
0.0320218
0.0335188
0.0361988
0.0390819
0.0413444
0.0425436
0.0426036
0.0416593
0.0398384
0.0371191
0.033399
0.0287341
0.0235775
0.0187605
0.0151728
0.0133532
0.0132557
0.0143131
0.015701
0.0166402
0.0165787
0.0152681
0.0126969
0.0091017
0.00482407
0.000477878
-0.00344455
-0.00609484
-0.00746835
-0.00679733
-0.00557418
-0.00249954
-0.00129211
0.00214781
0.000823748
0.00350777
0.124399
0.123383
0.119918
0.114806
0.107552
0.0978439
0.0856015
0.0707649
0.0539789
0.0362345
0.0193144
0.00538287
-0.00450987
-0.00970409
-0.00980712
-0.00522942
0.00279357
0.0127074
0.0231631
0.0330751
0.0416685
0.0483275
0.0526369
0.0546389
0.0551191
0.055328
0.056195
0.0578895
0.0600556
0.062279
0.0643218
0.0661786
0.0679503
0.0696988
0.0712264
0.0718978
0.0709573
0.0683029
0.0649611
0.0624569
0.0616365
0.0622633
0.0634935
0.0646167
0.0653368
0.0657308
0.0660561
0.0665445
0.0670679
0.0669428
0.065317
0.0620808
0.0583787
0.0558931
0.0555038
0.0568116
0.0586817
0.0601742
0.0609307
0.0610806
0.0609853
0.0609611
0.0609217
0.060264
0.0582872
0.055004
0.0515214
0.0493797
0.0493901
0.0511515
0.0534873
0.0553441
0.0562817
0.0564247
0.0561725
0.0558533
0.0553847
0.0542735
0.0520641
0.0489662
0.0460117
0.0444361
0.0448194
0.0467632
0.0492255
0.0512233
0.0522845
0.0524812
0.0521876
0.0517217
0.0510267
0.0497194
0.0475185
0.0447325
0.0422907
0.0411831
0.0418118
0.0437861
0.0462115
0.0482263
0.0493654
0.0496308
0.0493268
0.0487475
0.0478802
0.0464345
0.0442178
0.0415543
0.0393011
0.0383591
0.0391058
0.0412032
0.0438334
0.0461629
0.0476728
0.0482509
0.0480902
0.047459
0.0464246
0.0447815
0.0422971
0.0391218
0.0359602
0.0337851
0.0332813
0.0344747
0.0367601
0.039255
0.0412041
0.0421903
0.0421355
0.0411706
0.0394408
0.036957
0.0336195
0.0294237
0.0247037
0.0201621
0.0166066
0.0145697
0.0140687
0.0146407
0.0155698
0.0161581
0.0159016
0.0145649
0.0121226
0.00878171
0.00484036
0.000861263
-0.00272928
-0.00514096
-0.00643578
-0.00583781
-0.00487611
-0.0020713
-0.00130442
0.00210686
0.000186981
0.00394415
0.123561
0.122524
0.118989
0.113804
0.106497
0.0968092
0.0847064
0.0702085
0.0539485
0.0369162
0.0207162
0.00727405
-0.00232311
-0.00741108
-0.00766966
-0.00351787
0.00390981
0.0131986
0.0230892
0.0325592
0.0408614
0.0474041
0.0518012
0.0540908
0.0549647
0.0555108
0.0565562
0.0582802
0.060395
0.0625377
0.0644938
0.0662623
0.0679458
0.069607
0.0710548
0.0717028
0.0708691
0.0684701
0.065436
0.0631351
0.0623448
0.0628644
0.0639463
0.0649379
0.0655579
0.0658793
0.0661529
0.0666015
0.0671004
0.0670049
0.0655175
0.0625331
0.0591061
0.0567777
0.0563609
0.0574954
0.0591501
0.0604607
0.0610932
0.0611733
0.0610479
0.0610184
0.0610048
0.0604352
0.058636
0.0555962
0.0523387
0.0503055
0.0502662
0.051846
0.0539476
0.0555933
0.0563837
0.0564492
0.0561723
0.0558628
0.0554478
0.0544607
0.0524517
0.049583
0.0468033
0.0452813
0.0455885
0.0473608
0.0496159
0.0514221
0.0523414
0.0524584
0.0521398
0.0516918
0.0510678
0.0499024
0.0479054
0.0453307
0.0430298
0.041941
0.0424706
0.0442722
0.0465086
0.0483572
0.0493724
0.0495631
0.0492332
0.0486772
0.0478966
0.0466117
0.0446111
0.0421611
0.0400453
0.0391162
0.0397541
0.0416652
0.0440931
0.0462485
0.04763
0.0481256
0.047926
0.047305
0.0463492
0.0448685
0.0426168
0.0396908
0.0367206
0.0346173
0.0340451
0.0350542
0.0370953
0.0393468
0.0410968
0.0419466
0.0418186
0.0408416
0.03917
0.0368324
0.0337309
0.0298259
0.0253803
0.0210172
0.0174909
0.0153265
0.0145776
0.0148475
0.0154859
0.0158491
0.0154658
0.0141105
0.0117506
0.0085739
0.00484951
0.00110629
-0.00227242
-0.00453251
-0.00577821
-0.00522536
-0.00443001
-0.00179032
-0.00130762
0.00210385
-0.000220041
0.00427703
0.12314
0.122093
0.118523
0.113305
0.105974
0.0962992
0.0842688
0.0699401
0.0539399
0.0372545
0.0214063
0.00820882
-0.00123679
-0.00626732
-0.00659915
-0.00265597
0.00447684
0.0134537
0.0230617
0.0323112
0.0404684
0.0469531
0.051392
0.0538194
0.0548815
0.0555899
0.0567232
0.058464
0.0605554
0.0626588
0.0645711
0.0662944
0.0679333
0.0695516
0.0709616
0.0715998
0.0708184
0.068542
0.0656552
0.063453
0.0626792
0.06315
0.0641617
0.0650889
0.0656584
0.0659419
0.0661885
0.0666171
0.0671043
0.0670233
0.0656024
0.0627386
0.0594429
0.0571898
0.0567634
0.0578178
0.0593708
0.0605934
0.0611641
0.0612072
0.0610651
0.0610329
0.0610337
0.0605089
0.0587965
0.0558745
0.0527263
0.0507464
0.0506842
0.0521767
0.0541648
0.055707
0.0564236
0.0564485
0.056158
0.0558535
0.0554668
0.0545432
0.0526348
0.0498808
0.0471884
0.0456936
0.0459644
0.0476525
0.0498046
0.0515144
0.0523611
0.0524364
0.0521047
0.0516661
0.0510785
0.0499839
0.0480878
0.0456176
0.0433867
0.0423082
0.042791
0.0445091
0.0466527
0.0484183
0.0493706
0.049523
0.0491803
0.0486368
0.0478993
0.0466921
0.0447948
0.042447
0.0403972
0.0394748
0.0400617
0.041884
0.0442146
0.0462854
0.0476039
0.0480587
0.0478406
0.047226
0.0463092
0.0449065
0.0427647
0.0399559
0.0370757
0.0350063
0.0344014
0.0353244
0.037249
0.0393835
0.0410373
0.041821
0.0416579
0.0406765
0.0390344
0.0367681
0.0337794
0.0300121
0.0256964
0.0214179
0.0179059
0.0156819
0.0148172
0.0149429
0.0154413
0.0156957
0.0152506
0.0138864
0.0115673
0.00847184
0.00485469
0.00122793
-0.00204668
-0.00423248
-0.0054549
-0.0049238
-0.00421083
-0.00164928
-0.0013084
0.00211101
-0.000424181
0.00446431
-0.664899
-0.326672
-0.202885
-0.664899
-0.326676
-0.545898
-0.554255
-0.662756
-0.545898
-0.554256
0.106804
0.440204
0.315548
0.349684
0.106802
0.440204
0.315547
-0.172856
-0.539494
-0.539495
-0.550514
-0.502779
-0.51945
-0.523708
-0.550515
-0.502779
-0.51945
0.53057
0.461817
0.53057
-0.493195
-0.405647
-0.493195
-0.405647
0.480263
0.533094
0.480263
-0.380474
-0.311928
-0.380475
-0.311928
0.362733
0.386709
0.178482
0.467066
0.362732
0.386709
0.17848
-0.0682224
-0.0682262
-0.29306
-0.293061
-0.29845
-0.288397
-0.274356
-0.298731
-0.298452
-0.288399
-0.274358
-0.0920068
-0.433835
-0.209717
-0.0920077
-0.433835
-0.303012
-0.402819
-0.29359
-0.303013
-0.402818
-0.293591
-0.40631
-0.236377
-0.501553
-0.172848
-0.40631
-0.236376
-0.501554
-0.488831
-0.621467
-0.54049
-0.488204
-0.488832
-0.621465
-0.540492
0.0842561
0.274586
0.090903
0.197078
0.0842558
0.274586
0.0909015
-0.652249
-0.663905
-0.631322
-0.697274
-0.632567
-0.697548
-0.651826
-0.569008
-0.529532
-0.563759
-0.533172
-0.569008
-0.529533
-0.563759
-0.164487
-0.510632
-0.524509
-0.513338
-0.52856
-0.513307
-0.528632
-0.510645
-0.443129
-0.469376
-0.46899
-0.443492
-0.346879
-0.366562
-0.366401
-0.34698
-0.303953
-0.298154
-0.311087
-0.295759
-0.311041
-0.296231
-0.303844
0.163055
0.250762
0.160832
0.320307
0.163054
0.250762
0.160831
-0.338489
-0.207343
-0.118203
-0.12062
-0.341737
-0.255875
-0.270884
-0.232124
-0.284376
-0.255877
-0.270885
-0.232125
-0.317101
-0.0650863
-0.242406
-0.115575
-0.317102
-0.0650864
-0.242406
-0.289095
-0.291348
-0.267602
-0.378692
-0.289096
-0.291347
-0.267602
-0.524434
-0.66704
-0.503689
-0.697165
-0.504911
-0.6985
-0.5239
-0.501819
-0.323984
-0.234692
-0.237068
-0.505871
-0.524436
-0.667039
-0.503691
-0.697164
-0.504913
-0.698499
-0.523903
-0.50182
-0.323987
-0.234695
-0.23707
-0.505873
-0.570903
-0.554368
-0.549638
-0.549926
-0.571017
-0.652249
-0.663906
-0.631321
-0.697274
-0.632568
-0.697548
-0.651826
-0.570904
-0.554369
-0.54964
-0.549927
-0.571018
0.339523
0.105564
0.264293
0.094201
0.263531
0.0922483
0.341281
0.392807
0.336024
0.198221
0.457112
0.16674
0.461528
0.395517
0.339521
0.105563
0.264292
0.0941996
0.26353
0.0922474
0.34128
0.392806
0.336023
0.19822
0.457111
0.16674
0.461527
0.395516
-0.16449
-0.539588
-0.53959
-0.49648
-0.499036
-0.517279
-0.479018
-0.520413
-0.47867
-0.495985
-0.510633
-0.52451
-0.513339
-0.528561
-0.513308
-0.528633
-0.510646
-0.496481
-0.499037
-0.517279
-0.479018
-0.520414
-0.478671
-0.495985
0.565584
0.491034
0.494445
0.563366
0.609234
0.63442
0.635579
0.607721
0.565584
0.491034
0.494445
0.563365
0.609234
0.63442
0.635579
0.607721
-0.417149
-0.390837
-0.390637
-0.41743
-0.44313
-0.469377
-0.468991
-0.443493
-0.41715
-0.390839
-0.390638
-0.417432
0.620304
0.638148
0.639286
0.618863
0.584042
0.517478
0.520682
0.581962
0.620303
0.638148
0.639286
0.618863
0.584042
0.517478
0.520681
0.581961
-0.331233
-0.320891
-0.320854
-0.331308
-0.34688
-0.366563
-0.366403
-0.346981
-0.331235
-0.320892
-0.320856
-0.33131
0.430381
0.382178
0.48974
0.254764
0.493876
0.224955
0.433067
0.383817
0.177079
0.160747
0.317141
0.159035
0.316407
0.385511
0.430381
0.382177
0.48974
0.254763
0.493875
0.224955
0.433067
0.383817
0.177078
0.160746
0.31714
0.159035
0.316406
0.38551
-0.0607086
-0.0607114
-0.293093
-0.293095
-0.295364
-0.288654
-0.293184
-0.284324
-0.292921
-0.284488
-0.29534
-0.303956
-0.298156
-0.311088
-0.29576
-0.311044
-0.296233
-0.303845
-0.295367
-0.288656
-0.293185
-0.284325
-0.292923
-0.284491
-0.295341
-0.330684
-0.435654
-0.457996
-0.318536
-0.459375
-0.319647
-0.329773
-0.338491
-0.207345
-0.118206
-0.120622
-0.341739
-0.330686
-0.435654
-0.457996
-0.318538
-0.459375
-0.319649
-0.329775
-0.318489
-0.302985
-0.300555
-0.300753
-0.318621
-0.383078
-0.403836
-0.428065
-0.369409
-0.428484
-0.370406
-0.382795
-0.31849
-0.302987
-0.300555
-0.300755
-0.318621
-0.383079
-0.403836
-0.428064
-0.369409
-0.428483
-0.370407
-0.382796
-0.503348
-0.203957
-0.437823
-0.225857
-0.437771
-0.228358
-0.504652
0.352027
0.333836
0.399898
0.303
0.352027
0.333836
0.399898
-0.562883
-0.561832
-0.571674
-0.593672
-0.562882
-0.561832
-0.571674
0.437567
0.36898
0.459316
0.35513
0.437567
0.36898
0.459315
0.569116
0.46315
0.539546
0.501543
0.541138
0.502701
0.5678
-0.508982
-0.441361
-0.450789
-0.50387
-0.508982
-0.441361
-0.450789
0.463281
0.364996
0.449494
0.372075
0.463281
0.364996
0.449494
0.603429
0.534239
0.610301
0.526892
0.611521
0.528065
0.602191
-0.406558
-0.342511
-0.347058
-0.385934
-0.406558
-0.342512
-0.347058
0.419842
0.325072
0.379329
0.349833
0.419842
0.325072
0.379329
-0.345182
-0.291858
-0.301286
-0.315657
-0.345183
-0.29186
-0.301286
-0.284538
-0.280228
-0.282923
-0.280382
-0.283278
-0.267436
-0.267071
-0.503348
-0.203957
-0.437824
-0.225858
-0.437772
-0.22836
-0.504653
-0.574137
-0.546462
-0.56003
-0.569383
-0.560723
-0.569334
-0.574053
-0.574137
-0.546463
-0.560031
-0.569384
-0.560725
-0.569335
-0.574053
0.595273
0.531721
0.519074
0.607554
0.520268
0.60878
0.594013
0.569116
0.46315
0.539546
0.501543
0.541138
0.5027
0.567799
0.595273
0.531721
0.519074
0.607554
0.520267
0.60878
0.594013
-0.443447
-0.492836
-0.463449
-0.462544
-0.46288
-0.462312
-0.443819
-0.41646
-0.40548
-0.433104
-0.392886
-0.432887
-0.392685
-0.416739
-0.443448
-0.492837
-0.463449
-0.462545
-0.462881
-0.462313
-0.44382
-0.416461
-0.405482
-0.433104
-0.392887
-0.432889
-0.392686
-0.41674
0.582833
0.481551
0.51441
0.558764
0.515537
0.560289
0.581551
0.603429
0.534239
0.610301
0.526892
0.611521
0.528065
0.602192
0.582833
0.481551
0.514411
0.558765
0.515537
0.560289
0.581552
-0.351684
-0.380335
-0.370421
-0.354667
-0.370281
-0.35459
-0.35178
-0.334919
-0.31198
-0.337687
-0.324046
-0.33762
-0.324101
-0.33499
-0.351685
-0.380337
-0.370422
-0.354667
-0.370282
-0.354592
-0.351781
-0.33492
-0.311983
-0.337688
-0.324047
-0.337622
-0.324103
-0.334991
-0.335615
-0.0929771
-0.112946
-0.285038
-0.11518
-0.284939
-0.33653
-0.335616
-0.0929785
-0.112948
-0.285039
-0.115181
-0.28494
-0.336532
-0.32163
-0.293898
-0.307931
-0.310779
-0.308043
-0.311377
-0.321574
-0.321631
-0.2939
-0.307932
-0.310779
-0.308044
-0.311379
-0.321575
0.085056
0.069548
0.206753
0.0649647
0.205969
0.145413
0.146014
0.0850547
0.0695476
0.206752
0.0649636
0.205968
0.145411
0.146013
-0.529895
-0.528936
-0.524684
-0.529211
-0.524634
-0.518915
-0.518948
-0.529896
-0.528936
-0.524685
-0.529213
-0.524635
-0.518917
-0.518949
0.157487
0.26637
0.147725
0.265592
0.143334
0.210881
0.211483
0.157485
0.26637
0.147725
0.265591
0.143333
0.21088
0.211482
-0.28454
-0.280229
-0.282924
-0.280384
-0.28328
-0.267439
-0.267071
0.0386318
0.149211
0.0556522
0.101278
0.0386317
0.149211
0.0556519
-0.484158
-0.503957
-0.554963
-0.451357
-0.484158
-0.503958
-0.554964
0.266067
0.274879
0.303756
0.235271
0.266067
0.274879
0.303756
-0.524981
-0.600053
-0.586416
-0.591023
-0.524981
-0.600053
-0.586416
0.337763
0.267334
0.30638
0.302664
0.337762
0.267334
0.30638
-0.305921
-0.257461
-0.267707
-0.273766
-0.305921
-0.257462
-0.267708
0.1363
0.163362
0.121366
0.209326
0.1363
0.163362
0.121366
-0.252063
-0.243239
-0.211779
-0.255165
-0.252064
-0.243239
-0.211779
)
;

boundaryField
{
    inlet
    {
        type            zeroGradient;
    }
    outlet
    {
        type            fixedValue;
        value           uniform 0;
    }
    top
    {
        type            symmetryPlane;
    }
    bottom
    {
        type            symmetryPlane;
    }
    front
    {
        type            symmetryPlane;
    }
    back
    {
        type            symmetryPlane;
    }
    cylinder
    {
        type            zeroGradient;
    }
}


// ************************************************************************* //
