/*--------------------------------*- C++ -*----------------------------------*\
  =========                 |
  \\      /  F ield         | OpenFOAM: The Open Source CFD Toolbox
   \\    /   O peration     | Website:  https://openfoam.org
    \\  /    A nd           | Version:  11
     \\/     M anipulation  |
\*---------------------------------------------------------------------------*/
FoamFile
{
    format      ascii;
    class       volScalarField;
    location    "3.431545";
    object      p;
}
// * * * * * * * * * * * * * * * * * * * * * * * * * * * * * * * * * * * * * //

dimensions      [0 2 -2 0 0 0 0];

internalField   nonuniform List<scalar> 
7132
(
0.0506973
0.0492432
0.0443375
0.0371507
0.0270731
0.0137682
-0.00290035
-0.0230097
-0.0461416
-0.0714621
-0.0976849
-0.12303
-0.146437
-0.166861
-0.183447
-0.195586
-0.202787
-0.204771
-0.20154
-0.193451
-0.181234
-0.165926
-0.148721
-0.130792
-0.11314
-0.0965141
-0.0813934
-0.0680209
-0.0564554
-0.0466285
-0.038395
-0.0315714
-0.0259629
-0.021381
-0.017653
-0.014627
-0.0121725
-0.0101803
-0.00856002
-0.00723796
-0.00615451
-0.00526186
-0.00452183
-0.00390414
-0.00338476
-0.00294476
-0.00256916
-0.00224618
-0.00196652
-0.00172285
-0.00150938
-0.00132153
-0.00115567
-0.00100889
-0.000878794
-0.000763317
-0.000660577
-0.000568773
-0.00048621
-0.000411448
-0.000343548
-0.000282246
-0.000227879
-0.000181009
-0.000141897
-0.000110189
-8.49643e-05
-6.50916e-05
-4.95578e-05
-3.75817e-05
-2.85336e-05
-2.18192e-05
-1.68543e-05
-1.31209e-05
-1.02287e-05
-7.92927e-06
-6.08437e-06
-4.61613e-06
-3.46916e-06
-2.59183e-06
-1.93285e-06
-1.44433e-06
-1.08502e-06
-8.21611e-07
-6.28423e-07
-4.86259e-07
-3.81092e-07
-3.02851e-07
-2.44338e-07
-2.00409e-07
-1.67317e-07
-1.42306e-07
-1.23297e-07
-1.08734e-07
-9.74402e-08
-8.85556e-08
-8.14414e-08
-7.56422e-08
-7.08215e-08
-6.67389e-08
-6.32147e-08
-6.01176e-08
-5.73504e-08
-5.48392e-08
-5.25331e-08
-5.03885e-08
-4.83812e-08
-4.64827e-08
-4.46842e-08
-4.2964e-08
-4.13228e-08
-3.97416e-08
-3.82272e-08
-3.67609e-08
-3.5354e-08
-3.39868e-08
-3.26746e-08
-3.13956e-08
-3.01683e-08
-2.89691e-08
-2.78193e-08
-2.66929e-08
-2.56143e-08
-2.45548e-08
-2.35416e-08
-2.25438e-08
-2.15909e-08
-2.06498e-08
-1.97525e-08
-1.88635e-08
-1.80173e-08
-1.71762e-08
-1.63768e-08
-1.55795e-08
-1.48229e-08
-1.40656e-08
-1.3348e-08
-1.26268e-08
-1.19445e-08
-1.12561e-08
-1.06056e-08
-9.94646e-09
-9.32443e-09
-8.69137e-09
-8.09462e-09
-7.4844e-09
-6.90999e-09
-6.31933e-09
-5.76488e-09
-5.18985e-09
-4.65423e-09
-4.08859e-09
-3.57454e-09
-3.00491e-09
-2.52729e-09
-1.91976e-09
-1.52637e-09
-7.94748e-10
-6.01747e-10
4.577e-10
0.0512772
0.0498354
0.0449733
0.0378332
0.0277952
0.0144958
-0.00222617
-0.0224859
-0.0458644
-0.0715238
-0.0981058
-0.123716
-0.147335
-0.167915
-0.184614
-0.196834
-0.204077
-0.206052
-0.202746
-0.194509
-0.18208
-0.166522
-0.14906
-0.130898
-0.113057
-0.0962944
-0.0810886
-0.0676748
-0.0561012
-0.0462893
-0.0380846
-0.0312968
-0.0257261
-0.0211808
-0.0174863
-0.0144898
-0.0120606
-0.0100897
-0.00848705
-0.00717936
-0.00610753
-0.0052242
-0.00449162
-0.00387984
-0.00336516
-0.00292885
-0.00255617
-0.0022355
-0.00195765
-0.00171541
-0.00150307
-0.00131612
-0.00115097
-0.00100477
-0.000875163
-0.000760111
-0.000657751
-0.000566287
-0.000484021
-0.000409502
-0.000341783
-0.000280608
-0.000226335
-0.000179551
-0.000140545
-0.00010897
-8.38988e-05
-6.4182e-05
-4.87906e-05
-3.69367e-05
-2.79929e-05
-2.13713e-05
-1.64918e-05
-1.28365e-05
-1.00129e-05
-7.77045e-06
-5.97044e-06
-4.53607e-06
-3.41376e-06
-2.55372e-06
-1.90638e-06
-1.4254e-06
-1.0709e-06
-8.10651e-07
-6.19708e-07
-4.79316e-07
-3.75648e-07
-2.98695e-07
-2.41257e-07
-1.98182e-07
-1.65732e-07
-1.4118e-07
-1.22487e-07
-1.08141e-07
-9.70006e-08
-8.82273e-08
-8.11965e-08
-7.54607e-08
-7.06877e-08
-6.66406e-08
-6.31422e-08
-6.00638e-08
-5.73101e-08
-5.48086e-08
-5.25098e-08
-5.03705e-08
-4.83673e-08
-4.64716e-08
-4.46753e-08
-4.29566e-08
-4.13169e-08
-3.97363e-08
-3.82229e-08
-3.67568e-08
-3.53507e-08
-3.39835e-08
-3.26719e-08
-3.13927e-08
-3.0166e-08
-2.89665e-08
-2.78173e-08
-2.66906e-08
-2.56125e-08
-2.45527e-08
-2.35401e-08
-2.25418e-08
-2.15896e-08
-2.0648e-08
-1.97514e-08
-1.88618e-08
-1.80163e-08
-1.71746e-08
-1.6376e-08
-1.55781e-08
-1.48223e-08
-1.40642e-08
-1.33474e-08
-1.26256e-08
-1.19441e-08
-1.12549e-08
-1.06054e-08
-9.94543e-09
-9.32433e-09
-8.69044e-09
-8.09464e-09
-7.48357e-09
-6.91014e-09
-6.3186e-09
-5.76515e-09
-5.18923e-09
-4.65466e-09
-4.08805e-09
-3.57519e-09
-3.00431e-09
-2.52856e-09
-1.91848e-09
-1.53064e-09
-7.89034e-10
-6.22781e-10
4.9585e-10
0.0524314
0.0510159
0.0462427
0.0392008
0.0292477
0.0159656
-0.000857689
-0.021418
-0.0452957
-0.0716509
-0.0989679
-0.125109
-0.149149
-0.170042
-0.186964
-0.199346
-0.206679
-0.208641
-0.205189
-0.196657
-0.183801
-0.167733
-0.149747
-0.13111
-0.112885
-0.0958473
-0.0804709
-0.0669753
-0.0553873
-0.0456068
-0.0374613
-0.0307462
-0.0252519
-0.0207802
-0.0171531
-0.0142158
-0.0118374
-0.00990908
-0.00834157
-0.00706257
-0.00601393
-0.00514921
-0.00443148
-0.00383149
-0.00332614
-0.00289722
-0.00253037
-0.00221428
-0.00194005
-0.00170066
-0.00149057
-0.00130539
-0.00114168
-0.00099664
-0.000868016
-0.000753836
-0.000652272
-0.000561541
-0.000479922
-0.00040593
-0.000338591
-0.000277645
-0.000223489
-0.00017678
-0.000137876
-0.000106473
-8.16519e-05
-6.22355e-05
-4.71597e-05
-3.56069e-05
-2.69341e-05
-2.0547e-05
-1.58639e-05
-1.23657e-05
-9.66131e-06
-7.50537e-06
-5.76726e-06
-4.37855e-06
-3.29177e-06
-2.46042e-06
-1.83623e-06
-1.37344e-06
-1.03273e-06
-7.82631e-07
-5.99029e-07
-4.6393e-07
-3.64124e-07
-2.90048e-07
-2.34793e-07
-1.93388e-07
-1.62209e-07
-1.38609e-07
-1.20618e-07
-1.06781e-07
-9.60073e-08
-8.74987e-08
-8.06604e-08
-7.50659e-08
-7.03972e-08
-6.6427e-08
-6.29852e-08
-5.99482e-08
-5.72248e-08
-5.47454e-08
-5.24629e-08
-5.03354e-08
-4.83409e-08
-4.64515e-08
-4.46601e-08
-4.29447e-08
-4.13076e-08
-3.97289e-08
-3.8217e-08
-3.67517e-08
-3.53466e-08
-3.39799e-08
-3.26688e-08
-3.13898e-08
-3.01636e-08
-2.89641e-08
-2.78153e-08
-2.66886e-08
-2.56108e-08
-2.45509e-08
-2.35386e-08
-2.25402e-08
-2.15882e-08
-2.06465e-08
-1.97501e-08
-1.88605e-08
-1.80152e-08
-1.71734e-08
-1.6375e-08
-1.55769e-08
-1.48214e-08
-1.40632e-08
-1.33467e-08
-1.26246e-08
-1.19435e-08
-1.12541e-08
-1.06048e-08
-9.94463e-09
-9.32383e-09
-8.68972e-09
-8.09422e-09
-7.48293e-09
-6.9098e-09
-6.31804e-09
-5.76491e-09
-5.18873e-09
-4.65455e-09
-4.08758e-09
-3.57539e-09
-3.00362e-09
-2.5299e-09
-1.91644e-09
-1.53742e-09
-7.78713e-10
-6.58729e-10
5.60412e-10
0.0541499
0.0527759
0.0481431
0.0412588
0.031447
0.018207
0.00124523
-0.0197659
-0.0444089
-0.0718553
-0.100318
-0.127256
-0.151924
-0.173279
-0.190532
-0.203162
-0.210634
-0.212581
-0.208906
-0.199919
-0.186404
-0.169552
-0.150763
-0.131402
-0.112597
-0.0951457
-0.0795176
-0.0659049
-0.0543012
-0.0445732
-0.0365207
-0.0299179
-0.0245403
-0.0201805
-0.0166551
-0.013807
-0.0115048
-0.00964016
-0.00812518
-0.00688896
-0.00587485
-0.0050378
-0.00434213
-0.00375965
-0.00326817
-0.00285019
-0.00249197
-0.00218269
-0.00191382
-0.00167865
-0.00147189
-0.00128935
-0.00112774
-0.000984421
-0.000857242
-0.000744333
-0.000643925
-0.00055425
-0.000473564
-0.000400333
-0.000333543
-0.000272938
-0.000218972
-0.000172398
-0.000133676
-0.000102565
-7.81503e-05
-5.92161e-05
-4.46437e-05
-3.35708e-05
-2.53295e-05
-1.93142e-05
-1.49385e-05
-1.16821e-05
-9.15688e-06
-7.12758e-06
-5.47777e-06
-4.15283e-06
-3.11517e-06
-2.3234e-06
-1.73127e-06
-1.29393e-06
-9.72924e-07
-7.37812e-07
-5.65502e-07
-4.3889e-07
-3.45468e-07
-2.762e-07
-2.24563e-07
-1.85868e-07
-1.56701e-07
-1.34584e-07
-1.17676e-07
-1.04629e-07
-9.44291e-08
-8.63405e-08
-7.98104e-08
-7.44425e-08
-6.99404e-08
-6.60925e-08
-6.27404e-08
-5.97689e-08
-5.70935e-08
-5.46491e-08
-5.23922e-08
-5.02834e-08
-4.83028e-08
-4.64234e-08
-4.46395e-08
-4.29294e-08
-4.12965e-08
-3.97204e-08
-3.82109e-08
-3.6747e-08
-3.53432e-08
-3.39771e-08
-3.2667e-08
-3.13881e-08
-3.01626e-08
-2.8963e-08
-2.78148e-08
-2.66878e-08
-2.56105e-08
-2.45503e-08
-2.35385e-08
-2.25397e-08
-2.15882e-08
-2.06461e-08
-1.97502e-08
-1.88601e-08
-1.80154e-08
-1.71731e-08
-1.63753e-08
-1.55766e-08
-1.48217e-08
-1.40629e-08
-1.3347e-08
-1.26244e-08
-1.19438e-08
-1.12539e-08
-1.06052e-08
-9.94448e-09
-9.32428e-09
-8.68959e-09
-8.09472e-09
-7.48283e-09
-6.91034e-09
-6.31797e-09
-5.76551e-09
-5.18869e-09
-4.65529e-09
-4.08752e-09
-3.57649e-09
-3.00322e-09
-2.53247e-09
-1.91413e-09
-1.54678e-09
-7.65649e-10
-7.02792e-10
6.38277e-10
0.0564163
0.0551016
0.0506683
0.044014
0.0344176
0.0212653
0.00414625
-0.0174638
-0.0431576
-0.0721543
-0.102229
-0.130224
-0.155722
-0.177679
-0.195364
-0.20833
-0.216008
-0.21796
-0.214003
-0.204404
-0.189982
-0.17204
-0.152135
-0.131773
-0.112172
-0.0941629
-0.0782013
-0.0644403
-0.052825
-0.0431763
-0.0352553
-0.0288079
-0.0235899
-0.0193818
-0.0159934
-0.0132648
-0.0110643
-0.00928454
-0.00783931
-0.0066598
-0.00569138
-0.00489091
-0.00422436
-0.00366498
-0.00319177
-0.00278822
-0.00244137
-0.00214104
-0.00187923
-0.00164962
-0.00144723
-0.00126815
-0.0011093
-0.000968222
-0.000842926
-0.000731665
-0.00063275
-0.00054444
-0.000464962
-0.000392726
-0.000326668
-0.000266531
-0.000212841
-0.000166476
-0.000128022
-9.73195e-05
-7.34604e-05
-5.51814e-05
-4.12954e-05
-3.0881e-05
-2.32342e-05
-1.77298e-05
-1.37708e-05
-1.08333e-05
-8.53553e-06
-6.65949e-06
-5.11222e-06
-3.86061e-06
-2.88117e-06
-2.13872e-06
-1.58844e-06
-1.18546e-06
-8.91637e-07
-6.77394e-07
-5.20785e-07
-4.05839e-07
-3.21035e-07
-2.58136e-07
-2.11219e-07
-1.76031e-07
-1.4947e-07
-1.29282e-07
-1.13795e-07
-1.01789e-07
-9.23509e-08
-8.48185e-08
-7.8695e-08
-7.36247e-08
-6.9341e-08
-6.56532e-08
-6.24186e-08
-5.95331e-08
-5.69208e-08
-5.45223e-08
-5.22993e-08
-5.0215e-08
-4.82526e-08
-4.63863e-08
-4.46123e-08
-4.29092e-08
-4.12816e-08
-3.97092e-08
-3.82027e-08
-3.67407e-08
-3.53387e-08
-3.39734e-08
-3.26644e-08
-3.13859e-08
-3.01611e-08
-2.89616e-08
-2.78138e-08
-2.66868e-08
-2.561e-08
-2.45495e-08
-2.35381e-08
-2.25391e-08
-2.1588e-08
-2.06456e-08
-1.97501e-08
-1.88597e-08
-1.80154e-08
-1.71727e-08
-1.63753e-08
-1.55763e-08
-1.48218e-08
-1.40626e-08
-1.33471e-08
-1.26241e-08
-1.1944e-08
-1.12536e-08
-1.06054e-08
-9.94428e-09
-9.32453e-09
-8.68943e-09
-8.095e-09
-7.48269e-09
-6.91067e-09
-6.31785e-09
-5.7659e-09
-5.18858e-09
-4.65581e-09
-4.08736e-09
-3.57743e-09
-3.00264e-09
-2.53509e-09
-1.91139e-09
-1.55673e-09
-7.51352e-10
-7.46836e-10
7.15787e-10
0.059207
0.0579727
0.0538089
0.0474738
0.038191
0.0252018
0.00793413
-0.0144176
-0.0414749
-0.0725806
-0.104816
-0.134117
-0.160632
-0.183317
-0.201531
-0.214928
-0.222883
-0.224856
-0.220545
-0.210153
-0.194546
-0.17518
-0.153822
-0.132168
-0.111552
-0.0928442
-0.0764764
-0.0625468
-0.050935
-0.0414012
-0.0336575
-0.0274136
-0.0224014
-0.0183867
-0.0151717
-0.0125934
-0.01052
-0.00884586
-0.00748717
-0.0063778
-0.00546578
-0.00471035
-0.00407962
-0.00354863
-0.00309784
-0.00271198
-0.00237908
-0.00208973
-0.00183655
-0.00161374
-0.00141671
-0.00124186
-0.00108637
-0.000948019
-0.000824991
-0.000715694
-0.000618544
-0.000531836
-0.000453778
-0.000382726
-0.000317566
-0.000258046
-0.000204772
-0.00015876
-0.000120738
-9.06267e-05
-6.75233e-05
-5.01047e-05
-3.71042e-05
-2.75345e-05
-2.06494e-05
-1.57981e-05
-1.23675e-05
-9.82779e-06
-7.80599e-06
-6.10951e-06
-4.67873e-06
-3.50994e-06
-2.59773e-06
-1.91374e-06
-1.4138e-06
-1.05238e-06
-7.91524e-07
-6.027e-07
-4.65343e-07
-3.64813e-07
-2.90728e-07
-2.35775e-07
-1.94745e-07
-1.63917e-07
-1.40578e-07
-1.22764e-07
-1.0902e-07
-9.82924e-08
-8.97899e-08
-8.29422e-08
-7.73203e-08
-7.26177e-08
-6.86036e-08
-6.51134e-08
-6.20236e-08
-5.9244e-08
-5.67094e-08
-5.43676e-08
-5.21862e-08
-5.01323e-08
-4.81923e-08
-4.63422e-08
-4.45803e-08
-4.28857e-08
-4.12648e-08
-3.96969e-08
-3.8194e-08
-3.67343e-08
-3.53343e-08
-3.39702e-08
-3.26624e-08
-3.13844e-08
-3.01604e-08
-2.8961e-08
-2.78138e-08
-2.66867e-08
-2.56103e-08
-2.45497e-08
-2.35387e-08
-2.25394e-08
-2.15887e-08
-2.0646e-08
-1.97509e-08
-1.88601e-08
-1.80162e-08
-1.71731e-08
-1.63761e-08
-1.55767e-08
-1.48226e-08
-1.4063e-08
-1.3348e-08
-1.26245e-08
-1.19448e-08
-1.1254e-08
-1.06062e-08
-9.94462e-09
-9.32537e-09
-8.68976e-09
-8.09584e-09
-7.48301e-09
-6.91151e-09
-6.31816e-09
-5.76676e-09
-5.18887e-09
-4.65679e-09
-4.08756e-09
-3.57884e-09
-3.00237e-09
-2.53818e-09
-1.90882e-09
-1.56686e-09
-7.3755e-10
-7.8635e-10
7.84218e-10
0.0624906
0.0613615
0.0575498
0.0516445
0.0428051
0.0300963
0.0127289
-0.0104935
-0.0392618
-0.0731836
-0.108245
-0.13907
-0.166769
-0.190276
-0.209093
-0.223031
-0.23138
-0.233455
-0.228761
-0.217399
-0.200284
-0.179088
-0.155868
-0.132575
-0.110695
-0.0911367
-0.0742928
-0.0601833
-0.048601
-0.0392282
-0.0317157
-0.0257296
-0.0209735
-0.0171963
-0.0141922
-0.0117955
-0.00987481
-0.00832693
-0.00707129
-0.00604518
-0.00519992
-0.00449772
-0.00390924
-0.00341168
-0.00298729
-0.00262224
-0.00230571
-0.00202924
-0.0017862
-0.00157136
-0.00138061
-0.00121071
-0.00105914
-0.000923945
-0.000803526
-0.000696466
-0.000601301
-0.000516387
-0.000439924
-0.000370225
-0.000306132
-0.000247399
-0.000194718
-0.000149247
-0.000111854
-8.25423e-05
-6.04041e-05
-4.40518e-05
-3.2133e-05
-2.35937e-05
-1.76396e-05
-1.35857e-05
-1.07937e-05
-8.72265e-06
-7.01211e-06
-5.50642e-06
-4.19293e-06
-3.10752e-06
-2.26689e-06
-1.64887e-06
-1.2077e-06
-8.95514e-07
-6.73852e-07
-5.15257e-07
-4.00746e-07
-3.17238e-07
-2.55721e-07
-2.10012e-07
-1.75786e-07
-1.49975e-07
-1.30337e-07
-1.15252e-07
-1.03516e-07
-9.42619e-08
-8.6839e-08
-8.07816e-08
-7.57381e-08
-7.14591e-08
-6.77553e-08
-6.44923e-08
-6.15691e-08
-5.89114e-08
-5.64661e-08
-5.41896e-08
-5.20562e-08
-5.00372e-08
-4.8123e-08
-4.62915e-08
-4.45435e-08
-4.28589e-08
-4.12454e-08
-3.96828e-08
-3.8184e-08
-3.67271e-08
-3.53294e-08
-3.39667e-08
-3.26602e-08
-3.13828e-08
-3.01596e-08
-2.89605e-08
-2.78139e-08
-2.66867e-08
-2.56108e-08
-2.455e-08
-2.35394e-08
-2.25399e-08
-2.15896e-08
-2.06465e-08
-1.97518e-08
-1.88607e-08
-1.80171e-08
-1.71737e-08
-1.6377e-08
-1.55773e-08
-1.48235e-08
-1.40635e-08
-1.33489e-08
-1.2625e-08
-1.19457e-08
-1.12545e-08
-1.06071e-08
-9.94509e-09
-9.32622e-09
-8.69019e-09
-8.09668e-09
-7.48342e-09
-6.91234e-09
-6.31854e-09
-5.7676e-09
-5.18921e-09
-4.65773e-09
-4.08779e-09
-3.58018e-09
-3.00208e-09
-2.5411e-09
-1.9063e-09
-1.57604e-09
-7.24974e-10
-8.1882e-10
8.39917e-10
0.0662253
0.0652308
0.0618681
0.0565285
0.0483015
0.0360454
0.0186838
-0.005511
-0.0363818
-0.0740502
-0.112764
-0.145261
-0.174273
-0.198675
-0.218163
-0.232751
-0.241606
-0.24384
-0.23871
-0.226171
-0.207198
-0.18373
-0.158204
-0.132906
-0.109507
-0.0889541
-0.0715801
-0.0572984
-0.0457893
-0.036638
-0.0294215
-0.0237548
-0.0193094
-0.0158166
-0.0130621
-0.0108782
-0.00913536
-0.00773364
-0.00659669
-0.00566612
-0.00489722
-0.00425574
-0.00371537
-0.00325583
-0.00286142
-0.00251997
-0.00222202
-0.00196017
-0.00172861
-0.0015228
-0.00133915
-0.00117483
-0.00102769
-0.000896022
-0.000778491
-0.00067387
-0.00058084
-0.000497837
-0.000423083
-0.000354867
-0.000292004
-0.000234264
-0.000182418
-0.000137753
-0.000101264
-7.30172e-05
-5.20902e-05
-3.7028e-05
-2.63953e-05
-1.90785e-05
-1.42328e-05
-1.11288e-05
-9.09e-06
-7.55681e-06
-6.18536e-06
-4.87205e-06
-3.66847e-06
-2.66212e-06
-1.89545e-06
-1.35022e-06
-9.75589e-07
-7.19234e-07
-5.41805e-07
-4.17184e-07
-3.28324e-07
-2.63936e-07
-2.16534e-07
-1.81203e-07
-1.54609e-07
-1.34417e-07
-1.1892e-07
-1.06881e-07
-9.73833e-08
-8.97705e-08
-8.35502e-08
-7.83736e-08
-7.39751e-08
-7.01684e-08
-6.68107e-08
-6.38012e-08
-6.10637e-08
-5.85418e-08
-5.61961e-08
-5.39924e-08
-5.19124e-08
-4.99323e-08
-4.80468e-08
-4.62362e-08
-4.45036e-08
-4.28301e-08
-4.1225e-08
-3.96682e-08
-3.8174e-08
-3.67201e-08
-3.5325e-08
-3.39637e-08
-3.26587e-08
-3.1382e-08
-3.01597e-08
-2.89608e-08
-2.78148e-08
-2.66876e-08
-2.56121e-08
-2.45512e-08
-2.35409e-08
-2.25412e-08
-2.15912e-08
-2.06478e-08
-1.97534e-08
-1.8862e-08
-1.80187e-08
-1.71749e-08
-1.63786e-08
-1.55785e-08
-1.4825e-08
-1.40647e-08
-1.33503e-08
-1.26261e-08
-1.19471e-08
-1.12555e-08
-1.06085e-08
-9.94604e-09
-9.32753e-09
-8.69108e-09
-8.09793e-09
-7.48424e-09
-6.91354e-09
-6.31929e-09
-5.76878e-09
-5.1899e-09
-4.65897e-09
-4.08832e-09
-3.58178e-09
-3.00209e-09
-2.54409e-09
-1.90421e-09
-1.58426e-09
-7.14313e-10
-8.4428e-10
8.82743e-10
0.0703581
0.0695323
0.0667306
0.0621215
0.0547235
0.0431669
0.0259976
0.000783275
-0.0326339
-0.075309
-0.118726
-0.152933
-0.18331
-0.208583
-0.228769
-0.244178
-0.253784
-0.256396
-0.250866
-0.236927
-0.215628
-0.189293
-0.160883
-0.133123
-0.107906
-0.0862061
-0.0682589
-0.0538312
-0.0424582
-0.0336051
-0.0267615
-0.0214839
-0.0174092
-0.0142502
-0.0117854
-0.0098463
-0.00830623
-0.00707019
-0.00606712
-0.00524384
-0.0045604
-0.00398671
-0.00349993
-0.00308265
-0.00272153
-0.00240627
-0.00212891
-0.00188323
-0.00166438
-0.00146854
-0.00129272
-0.00113456
-0.000992265
-0.000864453
-0.000750033
-0.000647995
-0.000557185
-0.000476153
-0.000403174
-0.000336545
-0.000275085
-0.00021858
-0.000167866
-0.000124334
-8.90679e-05
-6.21751e-05
-4.27052e-05
-2.91422e-05
-1.99858e-05
-1.40756e-05
-1.05163e-05
-8.51846e-06
-7.34633e-06
-6.40925e-06
-5.38513e-06
-4.24397e-06
-3.12495e-06
-2.18242e-06
-1.48739e-06
-1.0206e-06
-7.20168e-07
-5.26182e-07
-3.97772e-07
-3.10565e-07
-2.49857e-07
-2.06381e-07
-1.74342e-07
-1.50244e-07
-1.31875e-07
-1.17726e-07
-1.06674e-07
-9.79031e-08
-9.0806e-08
-8.49543e-08
-8.00246e-08
-7.5793e-08
-7.20863e-08
-6.87861e-08
-6.57991e-08
-6.30611e-08
-6.05225e-08
-5.81462e-08
-5.59072e-08
-5.37815e-08
-5.17587e-08
-4.98204e-08
-4.79655e-08
-4.61772e-08
-4.44611e-08
-4.27995e-08
-4.12033e-08
-3.96529e-08
-3.81635e-08
-3.67129e-08
-3.53204e-08
-3.39609e-08
-3.26573e-08
-3.13814e-08
-3.016e-08
-2.89614e-08
-2.7816e-08
-2.66888e-08
-2.56137e-08
-2.45527e-08
-2.35427e-08
-2.25428e-08
-2.15931e-08
-2.06495e-08
-1.97553e-08
-1.88636e-08
-1.80206e-08
-1.71765e-08
-1.63804e-08
-1.558e-08
-1.48268e-08
-1.40661e-08
-1.3352e-08
-1.26274e-08
-1.19487e-08
-1.12568e-08
-1.061e-08
-9.94722e-09
-9.32898e-09
-8.69217e-09
-8.0993e-09
-7.48525e-09
-6.91484e-09
-6.32021e-09
-5.77003e-09
-5.19071e-09
-4.66025e-09
-4.08896e-09
-3.58334e-09
-3.00219e-09
-2.54681e-09
-1.90242e-09
-1.59114e-09
-7.0551e-10
-8.63455e-10
9.14591e-10
0.0748224
0.0742035
0.072089
0.0684056
0.062108
0.0515901
0.03491
0.00872476
-0.0277488
-0.0771958
-0.12664
-0.16235
-0.194095
-0.22021
-0.24109
-0.257427
-0.267948
-0.271089
-0.265186
-0.249644
-0.225559
-0.195729
-0.163808
-0.133093
-0.105752
-0.0827684
-0.064233
-0.0497157
-0.0385681
-0.0301105
-0.0237308
-0.0189213
-0.0152822
-0.0125089
-0.0103741
-0.00871091
-0.00739745
-0.00634516
-0.00548967
-0.0047841
-0.00419407
-0.00369423
-0.0032657
-0.0028943
-0.00256927
-0.00228239
-0.00202731
-0.00179914
-0.00159404
-0.00140899
-0.00124162
-0.0010901
-0.000953016
-0.000829309
-0.000718159
-0.000618781
-0.000530211
-0.000451143
-0.000379953
-0.000314996
-0.000255123
-0.00020015
-0.00015095
-0.000108961
-7.53083e-05
-5.00919e-05
-3.23276e-05
-2.04552e-05
-1.29519e-05
-8.63061e-06
-6.54659e-06
-5.8265e-06
-5.64283e-06
-5.35478e-06
-4.6688e-06
-3.65807e-06
-2.58103e-06
-1.67787e-06
-1.04939e-06
-6.66558e-07
-4.47828e-07
-3.21755e-07
-2.45793e-07
-1.98222e-07
-1.67272e-07
-1.45892e-07
-1.30052e-07
-1.17771e-07
-1.08043e-07
-1.00238e-07
-9.38494e-08
-8.85059e-08
-8.39237e-08
-7.99158e-08
-7.63367e-08
-7.30939e-08
-7.0111e-08
-6.73408e-08
-6.47418e-08
-6.2288e-08
-5.99574e-08
-5.77334e-08
-5.56059e-08
-5.35618e-08
-5.15988e-08
-4.97042e-08
-4.78814e-08
-4.61165e-08
-4.44176e-08
-4.27685e-08
-4.11816e-08
-3.96378e-08
-3.81534e-08
-3.67063e-08
-3.53165e-08
-3.39587e-08
-3.26566e-08
-3.13817e-08
-3.01611e-08
-2.89628e-08
-2.78179e-08
-2.66909e-08
-2.56161e-08
-2.4555e-08
-2.35453e-08
-2.25452e-08
-2.15956e-08
-2.06518e-08
-1.97578e-08
-1.88659e-08
-1.8023e-08
-1.71787e-08
-1.63828e-08
-1.55821e-08
-1.48291e-08
-1.40681e-08
-1.33542e-08
-1.26293e-08
-1.19508e-08
-1.12585e-08
-1.06119e-08
-9.9488e-09
-9.33078e-09
-8.69364e-09
-8.10099e-09
-7.48659e-09
-6.91642e-09
-6.32142e-09
-5.77152e-09
-5.19179e-09
-4.66174e-09
-4.08985e-09
-3.58504e-09
-3.00256e-09
-2.54942e-09
-1.90109e-09
-1.59692e-09
-6.98592e-10
-8.77689e-10
9.37716e-10
0.0795365
0.0791666
0.0778774
0.0753462
0.0704823
0.0614661
0.0457297
0.0188027
-0.0213129
-0.0800335
-0.137311
-0.17396
-0.206761
-0.233418
-0.254994
-0.272627
-0.284608
-0.288775
-0.282635
-0.265157
-0.237549
-0.203302
-0.167012
-0.132718
-0.102898
-0.0784973
-0.0593867
-0.0448705
-0.0340681
-0.0261264
-0.0203175
-0.0160648
-0.0129317
-0.0105985
-0.00883524
-0.00747908
-0.00641552
-0.00556436
-0.00486941
-0.00429122
-0.00380185
-0.00338134
-0.00301523
-0.00269289
-0.0024064
-0.00214977
-0.00191845
-0.0017089
-0.00151841
-0.00134481
-0.00118642
-0.00104192
-0.000910325
-0.000790909
-0.000683125
-0.000586424
-0.000500049
-0.000422884
-0.000353463
-0.000290256
-0.000232192
-0.000179114
-0.000131884
-9.19211e-05
-6.02971e-05
-3.70665e-05
-2.12093e-05
-1.11602e-05
-5.43892e-06
-2.86653e-06
-2.44743e-06
-3.18569e-06
-4.11289e-06
-4.5093e-06
-4.11999e-06
-3.16249e-06
-2.05804e-06
-1.15619e-06
-5.85629e-07
-2.92821e-07
-1.63788e-07
-1.10615e-07
-8.949e-08
-8.28574e-08
-8.26322e-08
-8.40654e-08
-8.48872e-08
-8.46982e-08
-8.37863e-08
-8.24469e-08
-8.08096e-08
-7.89547e-08
-7.69307e-08
-7.47975e-08
-7.25913e-08
-7.03534e-08
-6.8106e-08
-6.5874e-08
-6.36691e-08
-6.15037e-08
-5.93843e-08
-5.73149e-08
-5.53006e-08
-5.33394e-08
-5.14371e-08
-4.95868e-08
-4.77966e-08
-4.60554e-08
-4.4374e-08
-4.27376e-08
-4.116e-08
-3.96229e-08
-3.81436e-08
-3.67e-08
-3.5313e-08
-3.3957e-08
-3.26564e-08
-3.13823e-08
-3.01626e-08
-2.89647e-08
-2.78203e-08
-2.66933e-08
-2.56189e-08
-2.45577e-08
-2.35482e-08
-2.2548e-08
-2.15986e-08
-2.06546e-08
-1.97607e-08
-1.88686e-08
-1.80258e-08
-1.71813e-08
-1.63855e-08
-1.55845e-08
-1.48316e-08
-1.40704e-08
-1.33566e-08
-1.26314e-08
-1.19531e-08
-1.12605e-08
-1.0614e-08
-9.95066e-09
-9.33278e-09
-8.69535e-09
-8.10285e-09
-7.48815e-09
-6.91814e-09
-6.32283e-09
-5.77313e-09
-5.19304e-09
-4.66329e-09
-4.09087e-09
-3.58672e-09
-3.00307e-09
-2.55177e-09
-1.90012e-09
-1.6016e-09
-6.93226e-10
-8.88079e-10
9.54356e-10
0.084402
0.084324
0.084005
0.082875
0.0798429
0.0729254
0.0587961
0.0316407
-0.0128247
-0.0844848
-0.151633
-0.18807
-0.221831
-0.248742
-0.27072
-0.28965
-0.303365
-0.308994
-0.302939
-0.283416
-0.251641
-0.212
-0.170377
-0.131807
-0.0991406
-0.0732207
-0.0535964
-0.0392193
-0.0289203
-0.0216418
-0.0165277
-0.0129297
-0.0103773
-0.00853932
-0.00718772
-0.00616752
-0.00537458
-0.00473936
-0.00421559
-0.00377246
-0.00338936
-0.00305233
-0.00275175
-0.00248085
-0.00223474
-0.0020098
-0.00180334
-0.00161329
-0.00143807
-0.00127645
-0.00112744
-0.000990265
-0.000864374
-0.000749378
-0.000645
-0.000550934
-0.00046666
-0.000391295
-0.000323603
-0.000262249
-0.000206262
-0.000155534
-0.00011086
-7.34834e-05
-4.43469e-05
-2.33855e-05
-9.55429e-06
-1.38865e-06
2.47435e-06
3.15091e-06
1.6971e-06
-7.08435e-07
-2.88378e-06
-3.98933e-06
-3.82322e-06
-2.80444e-06
-1.57591e-06
-6.25623e-07
-1.03356e-07
9.14949e-08
1.2263e-07
9.96906e-08
6.58933e-08
3.20493e-08
1.72732e-09
-2.25213e-08
-3.99767e-08
-5.18126e-08
-5.9661e-08
-6.47555e-08
-6.78499e-08
-6.94671e-08
-6.99869e-08
-6.97165e-08
-6.88739e-08
-6.76339e-08
-6.61167e-08
-6.44191e-08
-6.26053e-08
-6.07262e-08
-5.88165e-08
-5.69006e-08
-5.49986e-08
-5.31196e-08
-5.12775e-08
-4.94713e-08
-4.77133e-08
-4.59957e-08
-4.43316e-08
-4.27078e-08
-4.11395e-08
-3.96091e-08
-3.81348e-08
-3.66947e-08
-3.53103e-08
-3.39562e-08
-3.2657e-08
-3.13838e-08
-3.01649e-08
-2.89674e-08
-2.78234e-08
-2.66965e-08
-2.56223e-08
-2.45611e-08
-2.35518e-08
-2.25514e-08
-2.16021e-08
-2.0658e-08
-1.97642e-08
-1.88718e-08
-1.80292e-08
-1.71844e-08
-1.63886e-08
-1.55874e-08
-1.48346e-08
-1.40731e-08
-1.33594e-08
-1.2634e-08
-1.19557e-08
-1.12629e-08
-1.06165e-08
-9.95285e-09
-9.33506e-09
-8.69736e-09
-8.10496e-09
-7.48998e-09
-6.92007e-09
-6.32447e-09
-5.77491e-09
-5.19449e-09
-4.66498e-09
-4.09208e-09
-3.58847e-09
-3.0038e-09
-2.55398e-09
-1.89956e-09
-1.60543e-09
-6.89236e-10
-8.9568e-10
9.66212e-10
0.0893029
0.0895601
0.0903526
0.0908942
0.0901506
0.0861234
0.0745597
0.0482608
-0.00137536
-0.0914954
-0.17198
-0.205251
-0.238525
-0.265243
-0.288098
-0.309349
-0.325951
-0.333945
-0.328141
-0.305976
-0.268774
-0.222201
-0.17389
-0.130151
-0.0942199
-0.0667096
-0.0466942
-0.0326543
-0.0230634
-0.0166273
-0.0123515
-0.00951713
-0.00762522
-0.00633998
-0.00544069
-0.00478497
-0.00428258
-0.00387721
-0.00353431
-0.00323306
-0.00296104
-0.00271094
-0.00247842
-0.00226084
-0.00205652
-0.00186434
-0.00168354
-0.0015136
-0.00135412
-0.00120482
-0.00106544
-0.000935787
-0.00081573
-0.000705211
-0.000604219
-0.000512695
-0.00043038
-0.00035669
-0.0002907
-0.000231349
-0.000177838
-0.000130022
-8.85391e-05
-5.43799e-05
-2.81373e-05
-9.59477e-06
2.21875e-06
8.57385e-06
1.05944e-05
9.26664e-06
5.72949e-06
1.43271e-06
-2.12752e-06
-3.93807e-06
-3.87227e-06
-2.62747e-06
-1.1458e-06
-8.65622e-08
3.94768e-07
4.7923e-07
4.02951e-07
3.02248e-07
2.15616e-07
1.43384e-07
8.35844e-08
3.70687e-08
3.43965e-09
-2.00145e-08
-3.63211e-08
-4.76435e-08
-5.53235e-08
-6.03025e-08
-6.32821e-08
-6.48117e-08
-6.52862e-08
-6.501e-08
-6.41978e-08
-6.30159e-08
-6.15797e-08
-5.99769e-08
-5.82695e-08
-5.65015e-08
-5.4708e-08
-5.29083e-08
-5.11243e-08
-4.93606e-08
-4.76338e-08
-4.59389e-08
-4.42915e-08
-4.26798e-08
-4.11205e-08
-3.95965e-08
-3.8127e-08
-3.66903e-08
-3.53085e-08
-3.39561e-08
-3.26583e-08
-3.13859e-08
-3.01677e-08
-2.89706e-08
-2.7827e-08
-2.67002e-08
-2.56262e-08
-2.4565e-08
-2.35558e-08
-2.25553e-08
-2.16061e-08
-2.06618e-08
-1.9768e-08
-1.88755e-08
-1.80328e-08
-1.71878e-08
-1.63921e-08
-1.55907e-08
-1.48379e-08
-1.40762e-08
-1.33625e-08
-1.26369e-08
-1.19586e-08
-1.12655e-08
-1.06192e-08
-9.95532e-09
-9.33757e-09
-8.69963e-09
-8.10727e-09
-7.49204e-09
-6.92219e-09
-6.32633e-09
-5.77684e-09
-5.19613e-09
-4.66676e-09
-4.09344e-09
-3.59023e-09
-3.00467e-09
-2.556e-09
-1.89931e-09
-1.60852e-09
-6.8631e-10
-9.01204e-10
9.74652e-10
0.0941061
0.0947337
0.0967658
0.0992302
0.101285
0.101051
0.0933997
0.0696878
0.013687
-0.101715
-0.19861
-0.227253
-0.260089
-0.284983
-0.307487
-0.330936
-0.35114
-0.362552
-0.35788
-0.333141
-0.289401
-0.234124
-0.177457
-0.127467
-0.0878179
-0.0587019
-0.0385026
-0.0250754
-0.0164555
-0.0110786
-0.00780602
-0.00585431
-0.00470573
-0.00402934
-0.00361968
-0.00335292
-0.00315695
-0.00299165
-0.00283621
-0.00268106
-0.00252292
-0.00236165
-0.00219855
-0.00203529
-0.00187354
-0.00171473
-0.00156008
-0.00141061
-0.00126716
-0.00113039
-0.00100082
-0.000878816
-0.000764672
-0.000658646
-0.000560986
-0.000471886
-0.000391392
-0.000319284
-0.000255043
-0.000197959
-0.000147421
-0.000103233
-6.56862e-05
-3.52799e-05
-1.22251e-05
3.86907e-06
1.38498e-05
1.86105e-05
1.88801e-05
1.54532e-05
9.59615e-06
3.15053e-06
-1.94424e-06
-4.43999e-06
-4.31763e-06
-2.64545e-06
-7.63624e-07
4.64109e-07
9.03023e-07
8.58503e-07
6.65055e-07
4.88112e-07
3.54057e-07
2.47675e-07
1.60541e-07
9.30215e-08
4.41933e-08
9.88921e-09
-1.43334e-08
-3.15209e-08
-4.35308e-08
-5.16808e-08
-5.69766e-08
-6.01999e-08
-6.19137e-08
-6.25439e-08
-6.23946e-08
-6.16978e-08
-6.06165e-08
-5.92736e-08
-5.77563e-08
-5.61276e-08
-5.4436e-08
-5.27108e-08
-5.09814e-08
-4.92576e-08
-4.75601e-08
-4.58866e-08
-4.42549e-08
-4.26546e-08
-4.11037e-08
-3.95858e-08
-3.81207e-08
-3.66872e-08
-3.53078e-08
-3.3957e-08
-3.26604e-08
-3.13888e-08
-3.01713e-08
-2.89745e-08
-2.78312e-08
-2.67046e-08
-2.56308e-08
-2.45695e-08
-2.35603e-08
-2.25598e-08
-2.16105e-08
-2.06661e-08
-1.97723e-08
-1.88796e-08
-1.80369e-08
-1.71918e-08
-1.6396e-08
-1.55944e-08
-1.48416e-08
-1.40797e-08
-1.33659e-08
-1.26401e-08
-1.19618e-08
-1.12685e-08
-1.06222e-08
-9.95807e-09
-9.3403e-09
-8.70213e-09
-8.10976e-09
-7.49431e-09
-6.92445e-09
-6.32836e-09
-5.77888e-09
-5.19791e-09
-4.66863e-09
-4.09494e-09
-3.59201e-09
-3.00571e-09
-2.55791e-09
-1.89937e-09
-1.61107e-09
-6.84279e-10
-9.05262e-10
9.80609e-10
0.0986633
0.0996891
0.10305
0.107679
0.113033
0.117805
0.115908
0.098766
0.0344511
-0.124398
-0.239098
-0.249663
-0.280969
-0.305807
-0.32957
-0.356418
-0.381073
-0.396345
-0.392713
-0.364976
-0.313438
-0.247594
-0.180775
-0.123368
-0.0795485
-0.0488851
-0.028806
-0.0163521
-0.00902723
-0.00496502
-0.00288261
-0.00194414
-0.00162718
-0.00161797
-0.0017358
-0.00188214
-0.00200773
-0.0020918
-0.00212937
-0.00212359
-0.00208117
-0.00200978
-0.00191668
-0.0018081
-0.00168912
-0.00156379
-0.00143533
-0.00130633
-0.00117887
-0.00105461
-0.000934827
-0.000820455
-0.000712198
-0.000610613
-0.000516196
-0.000429414
-0.00035066
-0.000280157
-0.000217859
-0.000163452
-0.000116489
-7.65945e-05
-4.3576e-05
-1.73009e-05
2.53562e-06
1.64601e-05
2.50202e-05
2.85478e-05
2.72374e-05
2.16512e-05
1.32526e-05
4.41669e-06
-2.33418e-06
-5.46228e-06
-5.10187e-06
-2.78965e-06
-3.729e-07
1.05851e-06
1.43151e-06
1.22732e-06
9.03741e-07
6.52962e-07
4.78374e-07
3.42612e-07
2.30737e-07
1.43881e-07
8.12103e-08
3.7122e-08
5.73329e-09
-1.6811e-08
-3.27862e-08
-4.38329e-08
-5.12394e-08
-5.60048e-08
-5.88467e-08
-6.03018e-08
-6.07556e-08
-6.05001e-08
-5.97417e-08
-5.86351e-08
-5.72908e-08
-5.57886e-08
-5.41897e-08
-5.25324e-08
-5.08527e-08
-4.91652e-08
-4.74943e-08
-4.58402e-08
-4.42227e-08
-4.26328e-08
-4.10895e-08
-3.95771e-08
-3.81161e-08
-3.66855e-08
-3.53082e-08
-3.39588e-08
-3.26631e-08
-3.13925e-08
-3.01756e-08
-2.89791e-08
-2.78361e-08
-2.67096e-08
-2.56358e-08
-2.45745e-08
-2.35654e-08
-2.25647e-08
-2.16154e-08
-2.06708e-08
-1.9777e-08
-1.88841e-08
-1.80414e-08
-1.71961e-08
-1.64003e-08
-1.55984e-08
-1.48456e-08
-1.40835e-08
-1.33697e-08
-1.26436e-08
-1.19653e-08
-1.12718e-08
-1.06254e-08
-9.9611e-09
-9.34328e-09
-8.70491e-09
-8.11249e-09
-7.49684e-09
-6.92694e-09
-6.33062e-09
-5.78111e-09
-5.19988e-09
-4.67063e-09
-4.09659e-09
-3.59384e-09
-3.00689e-09
-2.5597e-09
-1.89968e-09
-1.61317e-09
-6.82918e-10
-9.08234e-10
9.848e-10
0.102815
0.104242
0.108974
0.115871
0.12503
0.13567
0.142271
0.134743
0.0628754
-0.13376
-0.305103
-0.293585
-0.310078
-0.323641
-0.342813
-0.370253
-0.399381
-0.420963
-0.421516
-0.393336
-0.33576
-0.259954
-0.182754
-0.117553
-0.0694341
-0.0373877
-0.0177621
-0.00664613
-0.000934423
0.00157013
0.00229206
0.00210541
0.00152114
0.000822136
0.000154145
-0.000416724
-0.00086867
-0.00120323
-0.00143306
-0.00157507
-0.00164658
-0.00166339
-0.00163886
-0.0015838
-0.00150668
-0.00141412
-0.0013113
-0.00120232
-0.00109052
-0.000978521
-0.000868335
-0.00076146
-0.000658988
-0.000561763
-0.000470541
-0.00038609
-0.000309198
-0.000240564
-0.000180624
-0.000129412
-8.65491e-05
-5.13582e-05
-2.30331e-05
-7.47513e-07
1.62622e-05
2.85358e-05
3.61731e-05
3.88082e-05
3.60298e-05
2.81823e-05
1.70175e-05
5.57291e-06
-2.94062e-06
-6.66223e-06
-5.93392e-06
-2.85778e-06
1.40045e-07
1.7461e-06
1.99576e-06
1.58895e-06
1.11953e-06
7.96584e-07
5.87724e-07
4.26785e-07
2.92776e-07
1.88526e-07
1.13662e-07
6.10689e-08
2.34119e-08
-3.86616e-09
-2.33502e-08
-3.69498e-08
-4.62102e-08
-5.23285e-08
-5.61597e-08
-5.83381e-08
-5.93206e-08
-5.94518e-08
-5.89765e-08
-5.8077e-08
-5.68843e-08
-5.54932e-08
-5.39755e-08
-5.23776e-08
-5.07414e-08
-4.90858e-08
-4.74381e-08
-4.58011e-08
-4.41961e-08
-4.26152e-08
-4.10787e-08
-3.95711e-08
-3.81136e-08
-3.66855e-08
-3.53101e-08
-3.39621e-08
-3.26679e-08
-3.13972e-08
-3.01806e-08
-2.89845e-08
-2.78416e-08
-2.67151e-08
-2.56414e-08
-2.45801e-08
-2.35709e-08
-2.25701e-08
-2.16208e-08
-2.06761e-08
-1.97822e-08
-1.88891e-08
-1.80463e-08
-1.72008e-08
-1.64049e-08
-1.56029e-08
-1.48499e-08
-1.40876e-08
-1.33737e-08
-1.26475e-08
-1.1969e-08
-1.12753e-08
-1.06289e-08
-9.96434e-09
-9.34644e-09
-8.70786e-09
-8.11535e-09
-7.49948e-09
-6.92949e-09
-6.33296e-09
-5.7834e-09
-5.20194e-09
-4.67267e-09
-4.09833e-09
-3.59568e-09
-3.00819e-09
-2.56141e-09
-1.90022e-09
-1.61496e-09
-6.82115e-10
-9.10446e-10
9.87691e-10
0.106398
0.108213
0.114256
0.123475
0.13667
0.154628
0.173201
0.189348
0.103583
-0.122983
-0.337347
-0.300598
-0.320081
-0.331761
-0.348591
-0.37687
-0.407444
-0.431761
-0.435394
-0.408227
-0.348034
-0.266024
-0.181234
-0.109834
-0.0582086
-0.0252017
-0.0062976
0.00329123
0.00725256
0.00810696
0.00741237
0.0060718
0.0045759
0.00316958
0.00195854
0.00097316
0.000205717
-0.000368782
-0.000781232
-0.00106259
-0.00124089
-0.00133995
-0.00137912
-0.00137363
-0.00133519
-0.00127282
-0.00119357
-0.001103
-0.00100561
-0.000904922
-0.000803646
-0.000703774
-0.000606759
-0.000513724
-0.000425699
-0.000343772
-0.000269119
-0.000202856
-0.000145784
-9.81285e-05
-5.94292e-05
-2.86352e-05
-4.37102e-06
1.47383e-05
2.97329e-05
4.09993e-05
4.80989e-05
4.9974e-05
4.56799e-05
3.54381e-05
2.13731e-05
7.23787e-06
-3.05835e-06
-7.35102e-06
-6.25109e-06
-2.48594e-06
9.68119e-07
2.6159e-06
2.63964e-06
1.97157e-06
1.33205e-06
9.30174e-07
6.86041e-07
5.009e-07
3.46306e-07
2.26442e-07
1.41048e-07
8.12683e-08
3.83013e-08
6.99675e-09
-1.54608e-08
-3.12079e-08
-4.20196e-08
-4.92675e-08
-5.39239e-08
-5.67048e-08
-5.81276e-08
-5.85809e-08
-5.83412e-08
-5.76143e-08
-5.65478e-08
-5.5249e-08
-5.3799e-08
-5.22506e-08
-5.06506e-08
-4.90215e-08
-4.73933e-08
-4.57704e-08
-4.41757e-08
-4.26024e-08
-4.10714e-08
-3.95679e-08
-3.81133e-08
-3.66871e-08
-3.53134e-08
-3.39664e-08
-3.26727e-08
-3.14027e-08
-3.01865e-08
-2.89905e-08
-2.78477e-08
-2.67213e-08
-2.56476e-08
-2.45862e-08
-2.35769e-08
-2.2576e-08
-2.16266e-08
-2.06817e-08
-1.97877e-08
-1.88945e-08
-1.80516e-08
-1.72059e-08
-1.64098e-08
-1.56076e-08
-1.48546e-08
-1.40921e-08
-1.33781e-08
-1.26516e-08
-1.19731e-08
-1.12792e-08
-1.06326e-08
-9.9679e-09
-9.34988e-09
-8.71111e-09
-8.11849e-09
-7.50244e-09
-6.93236e-09
-6.33561e-09
-5.78594e-09
-5.20423e-09
-4.67487e-09
-4.10024e-09
-3.59759e-09
-3.00962e-09
-2.56307e-09
-1.90094e-09
-1.6165e-09
-6.81732e-10
-9.12083e-10
9.89645e-10
0.109255
0.111399
0.118611
0.12986
0.147163
0.171775
0.207624
0.214195
0.19457
-0.140371
-0.429278
-0.318188
-0.321207
-0.331797
-0.346712
-0.375482
-0.40769
-0.433879
-0.438368
-0.411598
-0.350201
-0.265105
-0.176226
-0.101333
-0.0477425
-0.014396
0.00367346
0.0118567
0.0142677
0.0136802
0.0117571
0.00942231
0.00714624
0.00513868
0.00346902
0.00213563
0.00110461
0.000330467
-0.000233502
-0.000630275
-0.000896911
-0.00106397
-0.00115579
-0.00119124
-0.00118474
-0.00114734
-0.00108764
-0.00101245
-0.000927174
-0.000836095
-0.000742469
-0.000648703
-0.000556564
-0.000467454
-0.000382674
-0.000303597
-0.000231683
-0.000168288
-0.000114355
-7.01056e-05
-3.49113e-05
-7.41885e-06
1.40903e-05
3.12317e-05
4.50508e-05
5.56599e-05
6.21426e-05
6.29388e-05
5.67896e-05
4.39487e-05
2.69539e-05
1.02007e-05
-1.82363e-06
-6.75515e-06
-5.51566e-06
-1.40193e-06
2.19605e-06
3.67332e-06
3.36057e-06
2.38434e-06
1.55444e-06
1.06223e-06
7.76269e-07
5.65355e-07
3.91092e-07
2.57348e-07
1.6304e-07
9.73458e-08
5.00587e-08
1.55144e-08
-9.30792e-09
-2.67457e-08
-3.87701e-08
-4.68972e-08
-5.21939e-08
-5.5442e-08
-5.72059e-08
-5.79087e-08
-5.78517e-08
-5.72583e-08
-5.62896e-08
-5.50624e-08
-5.36648e-08
-5.21547e-08
-5.05828e-08
-4.89742e-08
-4.7361e-08
-4.57491e-08
-4.41625e-08
-4.2595e-08
-4.10682e-08
-3.95681e-08
-3.81155e-08
-3.66908e-08
-3.53181e-08
-3.39718e-08
-3.26786e-08
-3.14091e-08
-3.01931e-08
-2.89972e-08
-2.78545e-08
-2.6728e-08
-2.56543e-08
-2.45928e-08
-2.35835e-08
-2.25824e-08
-2.16329e-08
-2.06878e-08
-1.97937e-08
-1.89003e-08
-1.80572e-08
-1.72113e-08
-1.64151e-08
-1.56127e-08
-1.48595e-08
-1.40968e-08
-1.33827e-08
-1.2656e-08
-1.19773e-08
-1.12832e-08
-1.06365e-08
-9.97158e-09
-9.3534e-09
-8.71443e-09
-8.12166e-09
-7.5054e-09
-6.93517e-09
-6.33822e-09
-5.78843e-09
-5.20652e-09
-4.67705e-09
-4.10217e-09
-3.59947e-09
-3.01112e-09
-2.56467e-09
-1.90182e-09
-1.61786e-09
-6.81704e-10
-9.13315e-10
9.90874e-10
0.111247
0.113644
0.121714
0.134631
0.155041
0.186718
0.235535
0.276049
0.332818
-0.110767
-0.321202
-0.320771
-0.332033
-0.34791
-0.375834
-0.406893
-0.431874
-0.435443
-0.407427
-0.344889
-0.259025
-0.169378
-0.0937858
-0.0399096
-0.0068698
0.0104317
0.0176173
0.0189842
0.0174368
0.0146949
0.0116947
0.00889418
0.00648102
0.00450122
0.00293225
0.00172253
0.000812995
0.000146275
-0.000328741
-0.000655182
-0.000868132
-0.000995286
-0.00105803
-0.00107269
-0.00105178
-0.00100503
-0.000940094
-0.000863041
-0.000778616
-0.000690429
-0.000601158
-0.000512804
-0.00042698
-0.000345185
-0.000268955
-0.000199862
-0.000139293
-8.81386e-05
-4.65068e-05
-1.3628e-05
1.1973e-05
3.20756e-05
4.82552e-05
6.13943e-05
7.13374e-05
7.68665e-05
7.61881e-05
6.79776e-05
5.26448e-05
3.3091e-05
1.41569e-05
6.87112e-07
-4.90469e-06
-3.83378e-06
2.19302e-07
3.63508e-06
4.77193e-06
4.07386e-06
2.78985e-06
1.77248e-06
1.186e-06
8.54167e-07
6.17078e-07
4.25321e-07
2.8024e-07
1.78969e-07
1.08785e-07
5.83074e-08
2.14299e-08
-5.06545e-09
-2.36849e-08
-3.65489e-08
-4.52805e-08
-5.10158e-08
-5.4583e-08
-5.65799e-08
-5.74531e-08
-5.75207e-08
-5.70186e-08
-5.61167e-08
-5.49384e-08
-5.35765e-08
-5.20926e-08
-5.05399e-08
-4.89453e-08
-4.73423e-08
-4.57379e-08
-4.41567e-08
-4.25931e-08
-4.10692e-08
-3.95708e-08
-3.812e-08
-3.66963e-08
-3.5324e-08
-3.39783e-08
-3.26858e-08
-3.14165e-08
-3.02005e-08
-2.90046e-08
-2.78619e-08
-2.67354e-08
-2.56616e-08
-2.45999e-08
-2.35904e-08
-2.25891e-08
-2.16395e-08
-2.06943e-08
-1.98e-08
-1.89064e-08
-1.80632e-08
-1.72171e-08
-1.64207e-08
-1.56182e-08
-1.48647e-08
-1.41019e-08
-1.33876e-08
-1.26607e-08
-1.19819e-08
-1.12876e-08
-1.06407e-08
-9.97558e-09
-9.35725e-09
-8.71808e-09
-8.12515e-09
-7.50869e-09
-6.93829e-09
-6.34116e-09
-5.79118e-09
-5.20903e-09
-4.67941e-09
-4.10428e-09
-3.60144e-09
-3.01275e-09
-2.56624e-09
-1.90284e-09
-1.61906e-09
-6.81955e-10
-9.14213e-10
9.91552e-10
0.112271
0.114801
0.123342
0.137147
0.159413
0.195054
0.252863
0.320972
0.43084
-0.316412
-0.330463
-0.346285
-0.373077
-0.402416
-0.425666
-0.427897
-0.399291
-0.336968
-0.251885
-0.163463
-0.0890379
-0.0359889
-0.00352683
0.0132345
0.0199379
0.0208689
0.0189455
0.0158901
0.0126362
0.00963431
0.00706324
0.00496034
0.00329556
0.00201122
0.00104345
0.00033129
-0.00017917
-0.000533171
-0.000767447
-0.00091102
-0.000986374
-0.00101076
-0.000997425
-0.000956667
-0.000896559
-0.000823467
-0.000742344
-0.000656956
-0.000570118
-0.00048395
-0.000400179
-0.000320393
-0.000246168
-0.000179066
-0.000120408
-7.09878e-05
-3.08229e-05
9.10258e-07
2.56833e-05
4.52113e-05
6.09527e-05
7.36372e-05
8.29521e-05
8.75557e-05
8.56057e-05
7.58297e-05
5.879e-05
3.76064e-05
1.73344e-05
2.94688e-06
-3.16642e-06
-2.37991e-06
1.45702e-06
4.62772e-06
5.48612e-06
4.52827e-06
3.05026e-06
1.9144e-06
1.26564e-06
9.02422e-07
6.47608e-07
4.44776e-07
2.92892e-07
1.87564e-07
1.14825e-07
6.25988e-08
2.44805e-08
-2.8904e-09
-2.21229e-08
-3.54194e-08
-4.44606e-08
-5.04199e-08
-5.415e-08
-5.62656e-08
-5.72256e-08
-5.73569e-08
-5.69013e-08
-5.60335e-08
-5.48802e-08
-5.35366e-08
-5.20661e-08
-5.05232e-08
-4.89357e-08
-4.7338e-08
-4.57373e-08
-4.41589e-08
-4.25974e-08
-4.10746e-08
-3.9577e-08
-3.81268e-08
-3.6704e-08
-3.5332e-08
-3.39866e-08
-3.2694e-08
-3.14248e-08
-3.02088e-08
-2.90127e-08
-2.787e-08
-2.67432e-08
-2.56693e-08
-2.46075e-08
-2.35978e-08
-2.25963e-08
-2.16466e-08
-2.07012e-08
-1.98067e-08
-1.89129e-08
-1.80695e-08
-1.72232e-08
-1.64266e-08
-1.56239e-08
-1.48703e-08
-1.41072e-08
-1.33927e-08
-1.26657e-08
-1.19866e-08
-1.12921e-08
-1.0645e-08
-9.97972e-09
-9.36118e-09
-8.72181e-09
-8.12867e-09
-7.51198e-09
-6.94138e-09
-6.3439e-09
-5.79391e-09
-5.21157e-09
-4.68177e-09
-4.10643e-09
-3.60342e-09
-3.01446e-09
-2.5678e-09
-1.904e-09
-1.62015e-09
-6.82474e-10
-9.14865e-10
9.91753e-10
0.11227
0.1148
0.123342
0.137147
0.159413
0.195054
0.252862
0.331124
0.488674
-0.314939
-0.330506
-0.346367
-0.373176
-0.402483
-0.425667
-0.427727
-0.399063
-0.336661
-0.251671
-0.163358
-0.0890337
-0.036048
-0.00360985
0.0131555
0.019877
0.0208309
0.0189286
0.0158896
0.0126468
0.00965089
0.00708167
0.00497756
0.00330952
0.0020214
0.0010497
0.00033386
-0.000179539
-0.000535605
-0.000771081
-0.000915095
-0.000990294
-0.00101411
-0.000999988
-0.000958371
-0.000897458
-0.000823691
-0.000742065
-0.000656358
-0.000569366
-0.000483181
-0.000399489
-0.000319835
-0.000245777
-0.000178833
-0.00012031
-7.0994e-05
-3.08969e-05
8.02142e-07
2.55686e-05
4.51093e-05
6.08735e-05
7.35831e-05
8.29194e-05
8.75378e-05
8.55957e-05
7.58225e-05
5.87827e-05
3.75984e-05
1.73264e-05
2.94024e-06
-3.17094e-06
-2.38239e-06
1.45602e-06
4.62752e-06
5.48618e-06
4.52835e-06
3.05033e-06
1.91446e-06
1.2657e-06
9.02479e-07
6.47656e-07
4.44814e-07
2.92922e-07
1.87588e-07
1.14844e-07
6.26124e-08
2.44899e-08
-2.88446e-09
-2.21199e-08
-3.54189e-08
-4.44621e-08
-5.04231e-08
-5.41546e-08
-5.62715e-08
-5.72325e-08
-5.73645e-08
-5.69097e-08
-5.60424e-08
-5.48895e-08
-5.35462e-08
-5.2076e-08
-5.05332e-08
-4.89459e-08
-4.73483e-08
-4.57476e-08
-4.41692e-08
-4.26075e-08
-4.10847e-08
-3.95867e-08
-3.81366e-08
-3.67138e-08
-3.53419e-08
-3.39962e-08
-3.27034e-08
-3.14339e-08
-3.02178e-08
-2.90216e-08
-2.78786e-08
-2.67516e-08
-2.56775e-08
-2.46155e-08
-2.36058e-08
-2.26039e-08
-2.16541e-08
-2.07084e-08
-1.98137e-08
-1.89197e-08
-1.80761e-08
-1.72296e-08
-1.64329e-08
-1.56299e-08
-1.48761e-08
-1.41128e-08
-1.33981e-08
-1.26709e-08
-1.19917e-08
-1.1297e-08
-1.06497e-08
-9.98425e-09
-9.36553e-09
-8.726e-09
-8.13269e-09
-7.51587e-09
-6.94506e-09
-6.34765e-09
-5.79704e-09
-5.2145e-09
-4.68441e-09
-4.1088e-09
-3.60551e-09
-3.01629e-09
-2.56934e-09
-1.90528e-09
-1.62112e-09
-6.83205e-10
-9.15261e-10
9.91542e-10
0.111245
0.113643
0.121712
0.134629
0.155039
0.186715
0.235532
0.303172
0.414219
-0.314866
-0.31933
-0.332164
-0.34815
-0.376125
-0.407124
-0.431887
-0.43516
-0.406869
-0.344286
-0.25855
-0.169139
-0.0937627
-0.0400232
-0.00703623
0.0102701
0.0174896
0.0189005
0.017395
0.014687
0.0117106
0.00892388
0.00651591
0.00453476
0.00295999
0.0017428
0.000825225
0.000151049
-0.000329969
-0.000660627
-0.000876
-0.00100399
-0.00106632
-0.00107973
-0.0010571
-0.0010085
-0.000941835
-0.000863349
-0.000777867
-0.000689018
-0.000599445
-0.000511078
-0.000425448
-0.000343966
-0.000268101
-0.00019936
-0.000139093
-8.8168e-05
-4.66867e-05
-1.38838e-05
1.17036e-05
3.18365e-05
4.80698e-05
6.12675e-05
7.12602e-05
7.68232e-05
7.61629e-05
6.79585e-05
5.26255e-05
3.30701e-05
1.41363e-05
6.69655e-07
-4.91693e-06
-3.84051e-06
2.16704e-07
3.63467e-06
4.77223e-06
4.07419e-06
2.79009e-06
1.77268e-06
1.18619e-06
8.54342e-07
6.17223e-07
4.25435e-07
2.8033e-07
1.7904e-07
1.0884e-07
5.83477e-08
2.14579e-08
-5.04795e-09
-2.36762e-08
-3.65475e-08
-4.52852e-08
-5.10257e-08
-5.45972e-08
-5.65977e-08
-5.74738e-08
-5.75439e-08
-5.70437e-08
-5.61434e-08
-5.49664e-08
-5.36055e-08
-5.21223e-08
-5.05701e-08
-4.89759e-08
-4.73732e-08
-4.57688e-08
-4.41875e-08
-4.26238e-08
-4.10994e-08
-3.96006e-08
-3.81494e-08
-3.67257e-08
-3.53532e-08
-3.40071e-08
-3.27138e-08
-3.1444e-08
-3.02275e-08
-2.90309e-08
-2.7888e-08
-2.67609e-08
-2.56863e-08
-2.46242e-08
-2.3614e-08
-2.26124e-08
-2.16619e-08
-2.0716e-08
-1.98211e-08
-1.89269e-08
-1.8083e-08
-1.72363e-08
-1.64393e-08
-1.56362e-08
-1.48821e-08
-1.41186e-08
-1.34037e-08
-1.26763e-08
-1.19968e-08
-1.13019e-08
-1.06544e-08
-9.98875e-09
-9.36979e-09
-8.73006e-09
-8.13649e-09
-7.51945e-09
-6.94837e-09
-6.35063e-09
-5.79994e-09
-5.21723e-09
-4.6869e-09
-4.11111e-09
-3.60753e-09
-3.01815e-09
-2.57082e-09
-1.90668e-09
-1.62199e-09
-6.84188e-10
-9.15432e-10
9.90897e-10
0.109252
0.111397
0.118608
0.129856
0.147159
0.17177
0.207618
0.251301
0.264896
-0.247326
-0.322406
-0.322968
-0.331975
-0.347033
-0.375856
-0.40795
-0.43382
-0.437849
-0.410873
-0.349442
-0.264543
-0.175983
-0.101359
-0.0479235
-0.014625
0.00346419
0.0116992
0.01417
0.0136364
0.0117551
0.00944843
0.00718747
0.00518441
0.0035115
0.00217005
0.00112879
0.000344177
-0.000229138
-0.000633257
-0.0009049
-0.00107468
-0.00116724
-0.0012019
-0.0011936
-0.00115388
-0.00109176
-0.00101435
-0.000927268
-0.000834887
-0.000740473
-0.000646378
-0.000554277
-0.000465461
-0.000381117
-0.000302529
-0.000231077
-0.000168074
-0.000114435
-7.03751e-05
-3.52722e-05
-7.79018e-06
1.37657e-05
3.09838e-05
4.48847e-05
5.55621e-05
6.20909e-05
6.2911e-05
5.67692e-05
4.39268e-05
2.69287e-05
1.01748e-05
-1.84609e-06
-6.77118e-06
-5.52461e-06
-1.40544e-06
2.19551e-06
3.6738e-06
3.36114e-06
2.38478e-06
1.5548e-06
1.06257e-06
7.76565e-07
5.65597e-07
3.91283e-07
2.57498e-07
1.63158e-07
9.74362e-08
5.01254e-08
1.55606e-08
-9.27896e-09
-2.67313e-08
-3.87678e-08
-4.69051e-08
-5.22105e-08
-5.54655e-08
-5.72354e-08
-5.79431e-08
-5.78901e-08
-5.73001e-08
-5.63341e-08
-5.5109e-08
-5.3713e-08
-5.22041e-08
-5.06331e-08
-4.90251e-08
-4.74123e-08
-4.58004e-08
-4.42137e-08
-4.2646e-08
-4.11186e-08
-3.96176e-08
-3.81646e-08
-3.67396e-08
-3.53662e-08
-3.40192e-08
-3.27253e-08
-3.1455e-08
-3.0238e-08
-2.9041e-08
-2.78979e-08
-2.67703e-08
-2.56956e-08
-2.46331e-08
-2.36228e-08
-2.26208e-08
-2.16701e-08
-2.0724e-08
-1.98288e-08
-1.89343e-08
-1.80902e-08
-1.72433e-08
-1.64461e-08
-1.56427e-08
-1.48884e-08
-1.41247e-08
-1.34095e-08
-1.26819e-08
-1.20022e-08
-1.13071e-08
-1.06593e-08
-9.9935e-09
-9.37428e-09
-8.73436e-09
-8.14054e-09
-7.5233e-09
-6.95196e-09
-6.35404e-09
-5.80307e-09
-5.22014e-09
-4.68951e-09
-4.11354e-09
-3.60959e-09
-3.02009e-09
-2.57226e-09
-1.90819e-09
-1.62271e-09
-6.85406e-10
-9.15319e-10
9.89786e-10
0.106394
0.108209
0.114252
0.12347
0.136665
0.154622
0.173193
0.189338
0.151152
-0.166392
-0.409396
-0.309711
-0.320141
-0.331986
-0.348959
-0.377267
-0.407699
-0.431694
-0.434943
-0.407473
-0.34727
-0.265484
-0.181016
-0.109874
-0.0583897
-0.0254236
-0.00649887
0.00313873
0.00715554
0.00806017
0.00740504
0.00609145
0.00461071
0.00320969
0.00199659
0.00100448
0.000228014
-0.000355897
-0.000776867
-0.00106501
-0.00124797
-0.00134961
-0.00138954
-0.00138337
-0.00134331
-0.00127882
-0.00119733
-0.00110472
-0.00100565
-0.000903756
-0.000801749
-0.000701576
-0.000604601
-0.000511845
-0.000424233
-0.000342767
-0.000268552
-0.000202659
-0.000145866
-9.83912e-05
-5.978e-05
-2.89964e-05
-4.68678e-06
1.44979e-05
2.95732e-05
4.09071e-05
4.80519e-05
4.995e-05
4.56624e-05
3.54184e-05
2.13494e-05
7.21286e-06
-3.08054e-06
-7.36713e-06
-6.26015e-06
-2.48941e-06
9.67803e-07
2.61671e-06
2.64054e-06
1.97229e-06
1.33264e-06
9.30675e-07
6.86464e-07
5.0124e-07
3.46573e-07
2.26651e-07
1.41211e-07
8.13932e-08
3.83933e-08
7.06046e-09
-1.54211e-08
-3.11883e-08
-4.20169e-08
-4.9279e-08
-5.39473e-08
-5.67381e-08
-5.81691e-08
-5.86292e-08
-5.83952e-08
-5.76728e-08
-5.661e-08
-5.53142e-08
-5.38664e-08
-5.23197e-08
-5.0721e-08
-4.90926e-08
-4.74649e-08
-4.58421e-08
-4.42474e-08
-4.26737e-08
-4.1142e-08
-3.96377e-08
-3.81823e-08
-3.67554e-08
-3.53806e-08
-3.40325e-08
-3.27377e-08
-3.14668e-08
-3.02492e-08
-2.90515e-08
-2.79076e-08
-2.67802e-08
-2.57053e-08
-2.46424e-08
-2.36317e-08
-2.26294e-08
-2.16785e-08
-2.07322e-08
-1.98367e-08
-1.8942e-08
-1.80976e-08
-1.72505e-08
-1.6453e-08
-1.56494e-08
-1.48948e-08
-1.41309e-08
-1.34155e-08
-1.26876e-08
-1.20076e-08
-1.13124e-08
-1.06643e-08
-9.99826e-09
-9.37876e-09
-8.73865e-09
-8.14452e-09
-7.5271e-09
-6.95546e-09
-6.35736e-09
-5.8061e-09
-5.223e-09
-4.69204e-09
-4.11595e-09
-3.61159e-09
-3.02206e-09
-2.57362e-09
-1.90982e-09
-1.62326e-09
-6.86915e-10
-9.14878e-10
9.881e-10
0.10281
0.104237
0.108969
0.115866
0.125023
0.135662
0.142262
0.134731
0.0628598
-0.133779
-0.30512
-0.293615
-0.31016
-0.323865
-0.343174
-0.370632
-0.399592
-0.42082
-0.421005
-0.392601
-0.335075
-0.259494
-0.18258
-0.117598
-0.0695956
-0.0375817
-0.0179382
-0.00678049
-0.00102098
0.00152729
0.00228395
0.00212137
0.00155092
0.000857094
0.000187776
-0.000388629
-0.000848278
-0.00119102
-0.00142836
-0.00157643
-0.00165222
-0.00167148
-0.00164779
-0.0015923
-0.00151388
-0.00141953
-0.00131478
-0.00120401
-0.00109072
-0.000977625
-0.00086676
-0.000759583
-0.000657115
-0.00056011
-0.000469235
-0.00038518
-0.00030867
-0.000240362
-0.000180672
-0.000129626
-8.6847e-05
-5.16705e-05
-2.33086e-05
-9.5775e-07
1.61234e-05
2.84574e-05
3.61353e-05
3.87909e-05
3.60181e-05
2.81682e-05
1.69992e-05
5.55265e-06
-2.95911e-06
-6.67589e-06
-5.94167e-06
-2.86064e-06
1.40059e-07
1.7472e-06
1.99696e-06
1.58994e-06
1.12034e-06
7.97254e-07
5.88272e-07
4.27221e-07
2.93117e-07
1.88793e-07
1.13869e-07
6.12269e-08
2.3528e-08
-3.78577e-09
-2.33003e-08
-3.69254e-08
-4.62074e-08
-5.23437e-08
-5.61901e-08
-5.8381e-08
-5.93741e-08
-5.9514e-08
-5.90458e-08
-5.81522e-08
-5.69642e-08
-5.55767e-08
-5.40619e-08
-5.24662e-08
-5.08316e-08
-4.9177e-08
-4.753e-08
-4.5893e-08
-4.42879e-08
-4.27066e-08
-4.11692e-08
-3.96608e-08
-3.82022e-08
-3.6773e-08
-3.53963e-08
-3.40469e-08
-3.27511e-08
-3.14793e-08
-3.02611e-08
-2.90619e-08
-2.79185e-08
-2.67906e-08
-2.57152e-08
-2.46521e-08
-2.3641e-08
-2.26384e-08
-2.16872e-08
-2.07406e-08
-1.98448e-08
-1.895e-08
-1.81052e-08
-1.72579e-08
-1.64601e-08
-1.56563e-08
-1.49014e-08
-1.41374e-08
-1.34216e-08
-1.26936e-08
-1.20133e-08
-1.13179e-08
-1.06695e-08
-1.00033e-08
-9.38348e-09
-8.74321e-09
-8.14878e-09
-7.5312e-09
-6.95925e-09
-6.36098e-09
-5.80936e-09
-5.2261e-09
-4.69473e-09
-4.11851e-09
-3.61364e-09
-3.02416e-09
-2.57492e-09
-1.9116e-09
-1.6236e-09
-6.88772e-10
-9.13998e-10
9.85684e-10
0.0986575
0.0996832
0.103044
0.107672
0.113025
0.117796
0.115898
0.0987528
0.0344342
-0.12442
-0.239125
-0.249705
-0.281059
-0.305999
-0.329843
-0.356677
-0.381176
-0.396164
-0.39226
-0.364367
-0.312884
-0.247226
-0.180629
-0.123394
-0.0796683
-0.0490352
-0.0289466
-0.0164629
-0.00910166
-0.00500488
-0.00289412
-0.00193527
-0.00160593
-0.00159131
-0.00170912
-0.00185911
-0.00199035
-0.00208074
-0.00212429
-0.0021235
-0.00208472
-0.00201557
-0.0019234
-0.00181472
-0.00169488
-0.00156825
-0.00143833
-0.00130792
-0.00117926
-0.0010541
-0.000933721
-0.000819057
-0.000710756
-0.000609308
-0.000515139
-0.000428653
-0.000350195
-0.000279952
-0.000217858
-0.00016359
-0.000116704
-7.68285e-05
-4.37867e-05
-1.74632e-05
2.42857e-06
1.64006e-05
2.49929e-05
2.85368e-05
2.72307e-05
2.16423e-05
1.324e-05
4.40202e-06
-2.34795e-06
-5.47257e-06
-5.10767e-06
-2.79157e-06
-3.72437e-07
1.05991e-06
1.43299e-06
1.22858e-06
9.04768e-07
6.53795e-07
4.79043e-07
3.43141e-07
2.31149e-07
1.44202e-07
8.14594e-08
3.73114e-08
5.87206e-09
-1.67153e-08
-3.2727e-08
-4.38046e-08
-5.12372e-08
-5.60243e-08
-5.88845e-08
-6.03548e-08
-6.08214e-08
-6.05762e-08
-5.98265e-08
-5.87269e-08
-5.73883e-08
-5.58906e-08
-5.42952e-08
-5.26404e-08
-5.09626e-08
-4.92763e-08
-4.76061e-08
-4.59522e-08
-4.43346e-08
-4.2744e-08
-4.11999e-08
-3.96864e-08
-3.82242e-08
-3.67921e-08
-3.54133e-08
-3.40623e-08
-3.27652e-08
-3.14925e-08
-3.02741e-08
-2.90767e-08
-2.79302e-08
-2.68014e-08
-2.57254e-08
-2.4662e-08
-2.36506e-08
-2.26477e-08
-2.16962e-08
-2.07493e-08
-1.98532e-08
-1.89581e-08
-1.8113e-08
-1.72655e-08
-1.64674e-08
-1.56634e-08
-1.49082e-08
-1.41439e-08
-1.34278e-08
-1.26997e-08
-1.2019e-08
-1.13234e-08
-1.06747e-08
-1.00083e-08
-9.38817e-09
-8.74775e-09
-8.15296e-09
-7.53523e-09
-6.96291e-09
-6.3645e-09
-5.81251e-09
-5.22913e-09
-4.69732e-09
-4.12106e-09
-3.61561e-09
-3.02628e-09
-2.57609e-09
-1.91353e-09
-1.62366e-09
-6.91064e-10
-9.12535e-10
9.82293e-10
0.0940994
0.0947269
0.0967586
0.0992223
0.101276
0.101041
0.0933876
0.0696731
0.0136687
-0.101738
-0.19864
-0.227298
-0.260171
-0.285132
-0.307688
-0.331119
-0.351204
-0.362405
-0.357533
-0.332681
-0.28898
-0.23384
-0.177337
-0.127478
-0.0879058
-0.0588181
-0.0386149
-0.0251661
-0.0165178
-0.0111129
-0.00781689
-0.00584797
-0.00468866
-0.0040073
-0.0035972
-0.00333312
-0.00314163
-0.00298148
-0.00283101
-0.0026801
-0.00252514
-0.00236591
-0.00220378
-0.00204062
-0.00187831
-0.00171854
-0.00156275
-0.00141215
-0.00126771
-0.00113017
-0.00100007
-0.000877784
-0.000763558
-0.000657604
-0.000560116
-0.000471237
-0.000390972
-0.000319073
-0.000255
-0.000198036
-0.000147568
-0.000103402
-6.58432e-05
-3.54027e-05
-1.23064e-05
3.82446e-06
1.38306e-05
1.86044e-05
1.88776e-05
1.54491e-05
9.58886e-06
3.14118e-06
-1.95341e-06
-4.44696e-06
-4.32141e-06
-2.64639e-06
-7.62745e-07
4.65739e-07
9.04709e-07
8.59968e-07
6.66259e-07
4.89086e-07
3.54836e-07
2.48289e-07
1.61021e-07
9.33952e-08
4.44821e-08
1.01081e-08
-1.41735e-08
-3.14109e-08
-4.34634e-08
-5.16492e-08
-5.69753e-08
-6.0224e-08
-6.19591e-08
-6.2607e-08
-6.24725e-08
-6.17879e-08
-6.07167e-08
-5.93818e-08
-5.78712e-08
-5.62476e-08
-5.45601e-08
-5.28379e-08
-5.11108e-08
-4.93883e-08
-4.76917e-08
-4.60183e-08
-4.43864e-08
-4.27854e-08
-4.12335e-08
-3.97144e-08
-3.82478e-08
-3.68126e-08
-3.54314e-08
-3.40786e-08
-3.27799e-08
-3.15062e-08
-3.02865e-08
-2.90881e-08
-2.79417e-08
-2.68126e-08
-2.57361e-08
-2.46723e-08
-2.36604e-08
-2.26573e-08
-2.17053e-08
-2.07583e-08
-1.98618e-08
-1.89665e-08
-1.8121e-08
-1.72733e-08
-1.64748e-08
-1.56707e-08
-1.49151e-08
-1.41507e-08
-1.34342e-08
-1.27059e-08
-1.20249e-08
-1.13292e-08
-1.06801e-08
-1.00136e-08
-9.39303e-09
-8.7525e-09
-8.15731e-09
-7.53948e-09
-6.96675e-09
-6.36823e-09
-5.81579e-09
-5.23232e-09
-4.7e-09
-4.12373e-09
-3.61758e-09
-3.02853e-09
-2.57714e-09
-1.91568e-09
-1.62337e-09
-6.93914e-10
-9.10275e-10
9.77576e-10
0.0892953
0.0895524
0.0903444
0.0908853
0.0901407
0.086112
0.0745463
0.0482447
-0.00139504
-0.0915205
-0.172012
-0.205298
-0.2386
-0.265364
-0.288249
-0.309479
-0.325988
-0.333827
-0.327877
-0.30563
-0.268454
-0.221979
-0.173789
-0.13015
-0.0942812
-0.0667969
-0.0467819
-0.0327271
-0.023115
-0.0166571
-0.0123625
-0.00951392
-0.00761282
-0.00632297
-0.00542275
-0.00476872
-0.00426959
-0.00386816
-0.0035292
-0.00323138
-0.00296204
-0.00271374
-0.00248219
-0.00226485
-0.00206024
-0.00186741
-0.00168579
-0.00151499
-0.00135475
-0.00120482
-0.001065
-0.000935084
-0.000814924
-0.000704426
-0.00060354
-0.000512168
-0.00043002
-0.000356487
-0.000290629
-0.000231375
-0.000177925
-0.000130133
-8.86469e-05
-5.44658e-05
-2.81942e-05
-9.62528e-06
2.20675e-06
8.57159e-06
1.05949e-05
9.26591e-06
5.72624e-06
1.4276e-06
-2.13292e-06
-3.94225e-06
-3.87434e-06
-2.62752e-06
-1.14452e-06
-8.47248e-08
3.96622e-07
4.80859e-07
4.04304e-07
3.03345e-07
2.16493e-07
1.44076e-07
8.41263e-08
3.74912e-08
3.76545e-09
-1.97684e-08
-3.6142e-08
-4.7521e-08
-5.52492e-08
-6.02688e-08
-6.32827e-08
-6.4841e-08
-6.53398e-08
-6.50836e-08
-6.42882e-08
-6.31201e-08
-6.16953e-08
-6.01017e-08
-5.84018e-08
-5.66397e-08
-5.48508e-08
-5.30544e-08
-5.12729e-08
-4.95107e-08
-4.77848e-08
-4.60901e-08
-4.44424e-08
-4.28299e-08
-4.12695e-08
-3.97441e-08
-3.82728e-08
-3.68342e-08
-3.54503e-08
-3.40955e-08
-3.27953e-08
-3.15205e-08
-3.02996e-08
-2.91002e-08
-2.79535e-08
-2.68239e-08
-2.57469e-08
-2.46828e-08
-2.36704e-08
-2.2667e-08
-2.17146e-08
-2.07674e-08
-1.98704e-08
-1.8975e-08
-1.81291e-08
-1.72813e-08
-1.64823e-08
-1.56781e-08
-1.4922e-08
-1.41575e-08
-1.34406e-08
-1.27122e-08
-1.20307e-08
-1.1335e-08
-1.06854e-08
-1.00188e-08
-9.39784e-09
-8.75724e-09
-8.16159e-09
-7.54369e-09
-6.97049e-09
-6.37192e-09
-5.81898e-09
-5.23549e-09
-4.70259e-09
-4.1264e-09
-3.61944e-09
-3.03082e-09
-2.57798e-09
-1.91803e-09
-1.62259e-09
-6.97459e-10
-9.06908e-10
9.7104e-10
0.0843935
0.0843155
0.0839959
0.0828651
0.0798319
0.0729129
0.0587816
0.0316234
-0.0128456
-0.0845111
-0.151666
-0.188117
-0.221899
-0.248841
-0.270836
-0.289744
-0.303387
-0.308901
-0.302739
-0.283155
-0.251397
-0.211826
-0.170292
-0.131799
-0.0991836
-0.0732868
-0.0536651
-0.0392777
-0.0289624
-0.0216666
-0.0165372
-0.0129274
-0.0103672
-0.00852519
-0.00717257
-0.00615357
-0.00536319
-0.00473117
-0.00421065
-0.00377043
-0.00338963
-0.00305421
-0.00275457
-0.002484
-0.00223776
-0.00201238
-0.00180529
-0.00161458
-0.00143874
-0.0012766
-0.0011272
-0.000989784
-0.000863778
-0.000748771
-0.000644455
-0.000550494
-0.000466343
-0.0003911
-0.000323514
-0.00026224
-0.000206307
-0.000155605
-0.000110933
-7.35432e-05
-4.43871e-05
-2.34066e-05
-9.56146e-06
-1.38833e-06
2.47701e-06
3.15275e-06
1.69696e-06
-7.1024e-07
-2.8862e-06
-3.99116e-06
-3.8238e-06
-2.80373e-06
-1.57429e-06
-6.23631e-07
-1.01389e-07
9.3237e-08
1.24092e-07
1.00885e-07
6.68522e-08
3.28099e-08
2.32538e-09
-2.20548e-08
-3.96172e-08
-5.15416e-08
-5.94646e-08
-6.46219e-08
-6.77698e-08
-6.9432e-08
-6.999e-08
-6.97514e-08
-6.89358e-08
-6.77181e-08
-6.62196e-08
-6.45372e-08
-6.27363e-08
-6.08673e-08
-5.8966e-08
-5.70564e-08
-5.51597e-08
-5.32842e-08
-5.14449e-08
-4.96403e-08
-4.78834e-08
-4.61659e-08
-4.45016e-08
-4.28768e-08
-4.13073e-08
-3.97752e-08
-3.82989e-08
-3.68566e-08
-3.54698e-08
-3.41131e-08
-3.2811e-08
-3.1535e-08
-3.03131e-08
-2.91129e-08
-2.79656e-08
-2.68356e-08
-2.57579e-08
-2.46935e-08
-2.36806e-08
-2.2677e-08
-2.17241e-08
-2.07767e-08
-1.98792e-08
-1.89837e-08
-1.81373e-08
-1.72894e-08
-1.649e-08
-1.56856e-08
-1.49291e-08
-1.41646e-08
-1.34471e-08
-1.27187e-08
-1.20367e-08
-1.13409e-08
-1.06909e-08
-1.00243e-08
-9.40276e-09
-8.76214e-09
-8.16598e-09
-7.54807e-09
-6.97433e-09
-6.37576e-09
-5.82225e-09
-5.23879e-09
-4.70522e-09
-4.12918e-09
-3.62128e-09
-3.03324e-09
-2.57865e-09
-1.92067e-09
-1.62123e-09
-7.01915e-10
-9.02032e-10
9.61966e-10
0.0795273
0.0791572
0.0778675
0.0753355
0.0704705
0.0614527
0.0457142
0.0187845
-0.0213348
-0.0800605
-0.137345
-0.174005
-0.206821
-0.233498
-0.255083
-0.272695
-0.284618
-0.288699
-0.282479
-0.264956
-0.237358
-0.203163
-0.16694
-0.132705
-0.102926
-0.0785461
-0.0594394
-0.0449165
-0.0341021
-0.0261471
-0.020326
-0.0160637
-0.0129241
-0.0105873
-0.00882294
-0.00746748
-0.0064058
-0.0055571
-0.00486474
-0.00428891
-0.00380148
-0.00338238
-0.00301715
-0.0026952
-0.00240872
-0.00215183
-0.00192007
-0.00171003
-0.00151906
-0.00134505
-0.00118634
-0.00104163
-0.000909912
-0.000790463
-0.000682706
-0.00058607
-0.000499781
-0.000422705
-0.000353365
-0.000290223
-0.000232205
-0.000179151
-0.000131928
-9.19584e-05
-6.03223e-05
-3.7079e-05
-2.12122e-05
-1.11578e-05
-5.4347e-06
-2.8629e-06
-2.44537e-06
-3.18511e-06
-4.11312e-06
-4.50946e-06
-4.11949e-06
-3.16118e-06
-2.05613e-06
-1.15406e-06
-5.83568e-07
-2.90989e-07
-1.62238e-07
-1.0934e-07
-8.84598e-08
-8.20359e-08
-8.19838e-08
-8.35588e-08
-8.44973e-08
-8.44051e-08
-8.35748e-08
-8.2304e-08
-8.07252e-08
-7.89194e-08
-7.69373e-08
-7.48388e-08
-7.26621e-08
-7.04485e-08
-6.82217e-08
-6.60063e-08
-6.38154e-08
-6.1661e-08
-5.95508e-08
-5.74883e-08
-5.54797e-08
-5.35223e-08
-5.1623e-08
-4.97745e-08
-4.79853e-08
-4.62443e-08
-4.45625e-08
-4.2925e-08
-4.13461e-08
-3.98071e-08
-3.83256e-08
-3.68795e-08
-3.54898e-08
-3.41309e-08
-3.28271e-08
-3.15493e-08
-3.03268e-08
-2.91258e-08
-2.79777e-08
-2.68473e-08
-2.57689e-08
-2.47043e-08
-2.36908e-08
-2.2687e-08
-2.17336e-08
-2.07861e-08
-1.98881e-08
-1.89924e-08
-1.81455e-08
-1.72975e-08
-1.64976e-08
-1.56932e-08
-1.49361e-08
-1.41716e-08
-1.34536e-08
-1.27252e-08
-1.20426e-08
-1.13469e-08
-1.06962e-08
-1.00297e-08
-9.40759e-09
-8.76702e-09
-8.17026e-09
-7.55242e-09
-6.97806e-09
-6.37957e-09
-5.8254e-09
-5.24207e-09
-4.70772e-09
-4.13196e-09
-3.62296e-09
-3.03572e-09
-2.57902e-09
-1.92359e-09
-1.61909e-09
-7.07477e-10
-8.95047e-10
9.49392e-10
0.0748125
0.0741934
0.0720784
0.0683941
0.0620953
0.0515759
0.0348937
0.00870569
-0.0277714
-0.0772233
-0.126673
-0.162393
-0.19415
-0.220276
-0.241159
-0.257476
-0.267951
-0.271026
-0.265064
-0.249488
-0.225409
-0.195617
-0.163746
-0.133077
-0.10577
-0.082804
-0.0642732
-0.0497517
-0.0385951
-0.0301272
-0.0237377
-0.0189204
-0.0152759
-0.0124995
-0.0103636
-0.0087009
-0.0073889
-0.00633861
-0.00548527
-0.00478169
-0.00419333
-0.00369475
-0.00326704
-0.00289606
-0.00257112
-0.00228408
-0.0020287
-0.00180015
-0.00159467
-0.00140928
-0.00124164
-0.00108993
-0.000952726
-0.000828972
-0.000717827
-0.000618489
-0.000529979
-0.000450977
-0.000379851
-0.000314947
-0.000255114
-0.000200164
-0.000150974
-0.000108983
-7.53233e-05
-5.00987e-05
-3.23277e-05
-2.04513e-05
-1.29467e-05
-8.62573e-06
-6.54294e-06
-5.82417e-06
-5.6414e-06
-5.35361e-06
-4.66739e-06
-3.65625e-06
-2.57889e-06
-1.67564e-06
-1.04726e-06
-6.64664e-07
-4.46213e-07
-3.20417e-07
-2.44704e-07
-1.97349e-07
-1.6658e-07
-1.4535e-07
-1.29635e-07
-1.17459e-07
-1.07819e-07
-1.00088e-07
-9.3762e-08
-8.84715e-08
-8.39343e-08
-7.99639e-08
-7.64166e-08
-7.32e-08
-7.02394e-08
-6.7487e-08
-6.49032e-08
-6.24612e-08
-6.01405e-08
-5.79239e-08
-5.58025e-08
-5.37626e-08
-5.18028e-08
-4.99099e-08
-4.80883e-08
-4.63234e-08
-4.46241e-08
-4.29738e-08
-4.13853e-08
-3.98394e-08
-3.83526e-08
-3.69028e-08
-3.551e-08
-3.4149e-08
-3.28435e-08
-3.15657e-08
-3.03409e-08
-2.91391e-08
-2.799e-08
-2.68592e-08
-2.57802e-08
-2.47153e-08
-2.37011e-08
-2.26972e-08
-2.17432e-08
-2.07956e-08
-1.9897e-08
-1.90013e-08
-1.81538e-08
-1.73059e-08
-1.65053e-08
-1.5701e-08
-1.49433e-08
-1.41788e-08
-1.34602e-08
-1.27318e-08
-1.20486e-08
-1.1353e-08
-1.07017e-08
-1.00353e-08
-9.41248e-09
-8.77205e-09
-8.1746e-09
-7.55691e-09
-6.98185e-09
-6.38352e-09
-5.8286e-09
-5.24547e-09
-4.71025e-09
-4.13486e-09
-3.6246e-09
-3.03835e-09
-2.57915e-09
-1.92689e-09
-1.61605e-09
-7.14442e-10
-8.85233e-10
9.31952e-10
0.0703476
0.0695216
0.0667193
0.0621094
0.0547101
0.0431519
0.0259806
0.000763535
-0.0326571
-0.0753366
-0.118759
-0.152973
-0.183358
-0.208639
-0.228823
-0.244213
-0.253782
-0.256344
-0.250768
-0.236803
-0.215509
-0.189201
-0.16083
-0.133106
-0.107916
-0.0862312
-0.0682889
-0.0538588
-0.0424793
-0.0336184
-0.0267671
-0.0214833
-0.0174042
-0.0142425
-0.0117767
-0.00983782
-0.00829883
-0.00706434
-0.006063
-0.00524136
-0.00455935
-0.00398676
-0.00350073
-0.00308389
-0.00272292
-0.00240761
-0.00213005
-0.0018841
-0.00166496
-0.00146886
-0.00129281
-0.00113448
-0.000992078
-0.000864211
-0.00074978
-0.00064776
-0.000556989
-0.000476005
-0.000403073
-0.000336487
-0.00027506
-0.000218576
-0.000167873
-0.000124342
-8.90741e-05
-6.21767e-05
-4.27026e-05
-2.91371e-05
-1.99797e-05
-1.40698e-05
-1.05115e-05
-8.5149e-06
-7.34372e-06
-6.40711e-06
-5.38307e-06
-4.24178e-06
-3.12262e-06
-2.18009e-06
-1.4852e-06
-1.01865e-06
-7.18501e-07
-5.24791e-07
-3.96634e-07
-3.09648e-07
-2.49128e-07
-2.05809e-07
-1.73902e-07
-1.49915e-07
-1.31641e-07
-1.1757e-07
-1.06585e-07
-9.78706e-08
-9.08216e-08
-8.50098e-08
-8.01142e-08
-7.59104e-08
-7.22274e-08
-6.89462e-08
-6.59754e-08
-6.325e-08
-6.07219e-08
-5.83535e-08
-5.61208e-08
-5.39995e-08
-5.19801e-08
-5.00436e-08
-4.81899e-08
-4.64016e-08
-4.4685e-08
-4.30221e-08
-4.14241e-08
-3.98714e-08
-3.83793e-08
-3.69258e-08
-3.553e-08
-3.41671e-08
-3.28592e-08
-3.15806e-08
-3.03547e-08
-2.91522e-08
-2.80022e-08
-2.68711e-08
-2.57913e-08
-2.47262e-08
-2.37113e-08
-2.27074e-08
-2.17526e-08
-2.08051e-08
-1.99058e-08
-1.90102e-08
-1.8162e-08
-1.73141e-08
-1.65128e-08
-1.57086e-08
-1.49502e-08
-1.41859e-08
-1.34666e-08
-1.27384e-08
-1.20545e-08
-1.1359e-08
-1.07069e-08
-1.00407e-08
-9.4172e-09
-8.77701e-09
-8.17877e-09
-7.56133e-09
-6.98545e-09
-6.3874e-09
-5.83161e-09
-5.24882e-09
-4.7126e-09
-4.13774e-09
-3.62603e-09
-3.04103e-09
-2.5789e-09
-1.93053e-09
-1.61186e-09
-7.2301e-10
-8.71527e-10
9.07906e-10
0.0662142
0.0652196
0.0618562
0.0565157
0.0482875
0.0360298
0.0186662
-0.00553125
-0.0364052
-0.0740776
-0.112796
-0.145299
-0.174316
-0.198722
-0.218206
-0.232777
-0.241601
-0.243796
-0.238631
-0.226073
-0.207102
-0.183654
-0.158158
-0.132889
-0.109512
-0.0889713
-0.0716021
-0.0573193
-0.0458056
-0.0366482
-0.0294258
-0.023754
-0.019305
-0.0158099
-0.0130545
-0.0108708
-0.00912878
-0.00772833
-0.00659282
-0.00566365
-0.00489599
-0.0042555
-0.00371583
-0.00325672
-0.0028625
-0.00252106
-0.00222299
-0.00196093
-0.00172916
-0.00152312
-0.00133928
-0.00117481
-0.00102757
-0.000895844
-0.000778292
-0.000673677
-0.00058067
-0.000497702
-0.000422984
-0.000354803
-0.000291968
-0.000234248
-0.000182414
-0.000137753
-0.000101264
-7.30154e-05
-5.2086e-05
-3.70221e-05
-2.63887e-05
-1.90721e-05
-1.42272e-05
-1.11243e-05
-9.08652e-06
-7.55394e-06
-6.18276e-06
-4.86953e-06
-3.66597e-06
-2.65971e-06
-1.89322e-06
-1.34824e-06
-9.73884e-07
-7.17803e-07
-5.40627e-07
-4.1623e-07
-3.27564e-07
-2.63339e-07
-2.16076e-07
-1.80861e-07
-1.54365e-07
-1.34257e-07
-1.18831e-07
-1.06852e-07
-9.74046e-08
-8.98338e-08
-8.36495e-08
-7.85023e-08
-7.41288e-08
-7.03422e-08
-6.70015e-08
-6.40052e-08
-6.12788e-08
-5.87652e-08
-5.64262e-08
-5.42271e-08
-5.21506e-08
-5.01724e-08
-4.8288e-08
-4.64773e-08
-4.4744e-08
-4.30691e-08
-4.1462e-08
-3.99028e-08
-3.84057e-08
-3.69487e-08
-3.55499e-08
-3.41852e-08
-3.28766e-08
-3.15956e-08
-3.03685e-08
-2.91655e-08
-2.80145e-08
-2.68831e-08
-2.58024e-08
-2.47373e-08
-2.37216e-08
-2.27177e-08
-2.17621e-08
-2.08147e-08
-1.99146e-08
-1.90191e-08
-1.81702e-08
-1.73225e-08
-1.65204e-08
-1.57164e-08
-1.49572e-08
-1.41931e-08
-1.3473e-08
-1.27451e-08
-1.20603e-08
-1.13651e-08
-1.07122e-08
-1.00464e-08
-9.42196e-09
-8.78209e-09
-8.18297e-09
-7.56588e-09
-6.98909e-09
-6.3914e-09
-5.83466e-09
-5.25229e-09
-4.71497e-09
-4.14073e-09
-3.62744e-09
-3.04386e-09
-2.57841e-09
-1.93459e-09
-1.60651e-09
-7.33479e-10
-8.5285e-10
8.75046e-10
0.0624789
0.0613497
0.0575374
0.0516312
0.0427906
0.0300802
0.0127108
-0.0105141
-0.0392855
-0.0732109
-0.108276
-0.139106
-0.166808
-0.190316
-0.209127
-0.22305
-0.231374
-0.233418
-0.228697
-0.217318
-0.200206
-0.179025
-0.155827
-0.132557
-0.110696
-0.0911478
-0.0743084
-0.0601987
-0.0486132
-0.0392359
-0.0317188
-0.0257287
-0.0209696
-0.0171906
-0.0141857
-0.011789
-0.00986898
-0.00832212
-0.00706766
-0.00604274
-0.00519854
-0.00449722
-0.00390939
-0.00341225
-0.00298809
-0.00262309
-0.0023065
-0.0020299
-0.00178669
-0.00157168
-0.00138077
-0.00121074
-0.00105908
-0.000923822
-0.000803375
-0.000696309
-0.000601156
-0.000516265
-0.000439829
-0.000370158
-0.000306088
-0.000247373
-0.000194705
-0.00014924
-0.000111849
-8.25374e-05
-6.03983e-05
-4.40451e-05
-3.21259e-05
-2.35869e-05
-1.76335e-05
-1.35806e-05
-1.07897e-05
-8.71928e-06
-7.00916e-06
-5.50368e-06
-4.19031e-06
-3.10504e-06
-2.26462e-06
-1.64686e-06
-1.20597e-06
-8.9405e-07
-6.72642e-07
-5.14274e-07
-3.9996e-07
-3.16621e-07
-2.55247e-07
-2.09659e-07
-1.75537e-07
-1.49812e-07
-1.3025e-07
-1.15226e-07
-1.03544e-07
-9.43335e-08
-8.69483e-08
-8.09216e-08
-7.59044e-08
-7.16462e-08
-6.79603e-08
-6.4711e-08
-6.17995e-08
-5.91502e-08
-5.6712e-08
-5.44402e-08
-5.23104e-08
-5.02932e-08
-4.83801e-08
-4.65485e-08
-4.47997e-08
-4.31135e-08
-4.14979e-08
-3.99327e-08
-3.84307e-08
-3.69704e-08
-3.55689e-08
-3.42022e-08
-3.28916e-08
-3.161e-08
-3.03817e-08
-2.91782e-08
-2.80262e-08
-2.68947e-08
-2.58131e-08
-2.47479e-08
-2.37315e-08
-2.27276e-08
-2.17713e-08
-2.08239e-08
-1.99231e-08
-1.90278e-08
-1.8178e-08
-1.73306e-08
-1.65277e-08
-1.5724e-08
-1.49639e-08
-1.42001e-08
-1.34791e-08
-1.27516e-08
-1.20659e-08
-1.13711e-08
-1.07172e-08
-1.00518e-08
-9.4264e-09
-8.78699e-09
-8.18687e-09
-7.57026e-09
-6.99244e-09
-6.39526e-09
-5.83743e-09
-5.25564e-09
-4.71708e-09
-4.14363e-09
-3.62857e-09
-3.04667e-09
-2.57749e-09
-1.93891e-09
-1.59974e-09
-7.45837e-10
-8.2782e-10
8.31068e-10
0.059195
0.0579605
0.053796
0.04746
0.038176
0.0251853
0.00791563
-0.0144385
-0.0414986
-0.0726075
-0.104846
-0.13415
-0.160668
-0.183352
-0.201559
-0.214943
-0.222876
-0.224824
-0.22049
-0.210086
-0.19448
-0.175126
-0.153786
-0.13215
-0.111549
-0.0928506
-0.0764872
-0.062558
-0.050944
-0.0414068
-0.0336595
-0.0274124
-0.0223978
-0.0183816
-0.0151658
-0.0125876
-0.0105147
-0.00884141
-0.00748374
-0.00637541
-0.00546433
-0.00470969
-0.00407957
-0.00354899
-0.00309844
-0.00271268
-0.00237975
-0.00209031
-0.001837
-0.00161404
-0.00141688
-0.00124192
-0.00108634
-0.000947931
-0.000824871
-0.000715563
-0.000618417
-0.000531724
-0.000453687
-0.000382657
-0.000317517
-0.000258013
-0.000204752
-0.000158747
-0.000120729
-9.06197e-05
-6.75164e-05
-5.00975e-05
-3.70968e-05
-2.75274e-05
-2.06429e-05
-1.57926e-05
-1.2363e-05
-9.82404e-06
-7.80275e-06
-6.10658e-06
-4.67601e-06
-3.50742e-06
-2.59544e-06
-1.9117e-06
-1.41204e-06
-1.0509e-06
-7.9029e-07
-6.01694e-07
-4.64538e-07
-3.6418e-07
-2.90243e-07
-2.35415e-07
-1.94493e-07
-1.63754e-07
-1.40493e-07
-1.22743e-07
-1.09055e-07
-9.83725e-08
-8.99092e-08
-8.30933e-08
-7.74987e-08
-7.28177e-08
-6.88221e-08
-6.53461e-08
-6.22684e-08
-5.94974e-08
-5.69701e-08
-5.4633e-08
-5.24554e-08
-5.04033e-08
-4.84643e-08
-4.6614e-08
-4.48511e-08
-4.31549e-08
-4.15315e-08
-3.99609e-08
-3.84545e-08
-3.69914e-08
-3.55872e-08
-3.42194e-08
-3.29066e-08
-3.16243e-08
-3.03947e-08
-2.91909e-08
-2.80379e-08
-2.69062e-08
-2.58237e-08
-2.47586e-08
-2.37413e-08
-2.27375e-08
-2.17803e-08
-2.08332e-08
-1.99315e-08
-1.90365e-08
-1.81858e-08
-1.73387e-08
-1.65349e-08
-1.57315e-08
-1.49705e-08
-1.42072e-08
-1.34851e-08
-1.27581e-08
-1.20714e-08
-1.13771e-08
-1.07222e-08
-1.00573e-08
-9.43084e-09
-8.79196e-09
-8.19078e-09
-7.57471e-09
-6.99581e-09
-6.3992e-09
-5.84023e-09
-5.25907e-09
-4.71922e-09
-4.14663e-09
-3.62973e-09
-3.0496e-09
-2.57647e-09
-1.94357e-09
-1.59192e-09
-7.60083e-10
-7.95738e-10
7.74163e-10
0.0564039
0.055089
0.0506551
0.0439999
0.0344023
0.0212484
0.00412744
-0.017485
-0.0431813
-0.0721809
-0.102258
-0.130256
-0.155754
-0.177709
-0.195388
-0.208341
-0.216
-0.217931
-0.213957
-0.204348
-0.189926
-0.171994
-0.152103
-0.131756
-0.112167
-0.0941659
-0.0782083
-0.0644482
-0.0528315
-0.0431802
-0.0352565
-0.0288064
-0.0235865
-0.0193771
-0.0159881
-0.0132596
-0.0110595
-0.00928041
-0.00783606
-0.00665744
-0.00568987
-0.00489012
-0.00422413
-0.00366516
-0.0031922
-0.00278877
-0.00244193
-0.00214155
-0.00187963
-0.00164991
-0.00144741
-0.00126823
-0.0011093
-0.000968163
-0.000842833
-0.000731555
-0.00063264
-0.000544338
-0.000464875
-0.000392656
-0.000326615
-0.000266494
-0.000212816
-0.000166459
-0.000128011
-9.73106e-05
-7.34526e-05
-5.51738e-05
-4.12877e-05
-3.08736e-05
-2.32274e-05
-1.7724e-05
-1.3766e-05
-1.08293e-05
-8.5321e-06
-6.65644e-06
-5.10942e-06
-3.85804e-06
-2.87885e-06
-2.13667e-06
-1.58666e-06
-1.18396e-06
-8.90384e-07
-6.76371e-07
-5.19965e-07
-4.05194e-07
-3.20542e-07
-2.57771e-07
-2.10965e-07
-1.7587e-07
-1.49389e-07
-1.29267e-07
-1.13837e-07
-1.01878e-07
-9.24802e-08
-8.49803e-08
-7.8885e-08
-7.38369e-08
-6.95723e-08
-6.5899e-08
-6.26768e-08
-5.98001e-08
-5.71952e-08
-5.48015e-08
-5.25822e-08
-5.04997e-08
-4.85383e-08
-4.66717e-08
-4.48966e-08
-4.31916e-08
-4.15615e-08
-3.99862e-08
-3.84759e-08
-3.70104e-08
-3.56036e-08
-3.42345e-08
-3.29202e-08
-3.16373e-08
-3.04065e-08
-2.92025e-08
-2.80485e-08
-2.69168e-08
-2.58334e-08
-2.47684e-08
-2.37502e-08
-2.27467e-08
-2.17886e-08
-2.08418e-08
-1.99391e-08
-1.90445e-08
-1.81929e-08
-1.73462e-08
-1.65413e-08
-1.57385e-08
-1.49765e-08
-1.42136e-08
-1.34906e-08
-1.27641e-08
-1.20763e-08
-1.13826e-08
-1.07266e-08
-1.00623e-08
-9.43472e-09
-8.79651e-09
-8.19415e-09
-7.57879e-09
-6.99867e-09
-6.4028e-09
-5.84258e-09
-5.26221e-09
-4.72095e-09
-4.14938e-09
-3.63053e-09
-3.05232e-09
-2.57506e-09
-1.94815e-09
-1.58302e-09
-7.75514e-10
-7.56538e-10
7.04416e-10
0.0541372
0.0527631
0.0481296
0.0412444
0.0314314
0.0181899
0.00122619
-0.0197872
-0.0444327
-0.0718816
-0.100346
-0.127286
-0.151954
-0.173306
-0.190553
-0.20317
-0.210626
-0.212555
-0.208865
-0.199869
-0.186355
-0.169511
-0.150734
-0.131385
-0.11259
-0.0951463
-0.0795219
-0.0659103
-0.0543056
-0.0445758
-0.0365211
-0.0299162
-0.024537
-0.0201761
-0.0166502
-0.0138021
-0.0115002
-0.00963627
-0.00812206
-0.00688665
-0.00587331
-0.00503693
-0.0043418
-0.00375972
-0.00326849
-0.00285064
-0.00249246
-0.00218314
-0.0019142
-0.00167893
-0.00147207
-0.00128944
-0.00112775
-0.00098438
-0.000857166
-0.000744238
-0.000643825
-0.000554155
-0.00047348
-0.000400263
-0.000333489
-0.000272898
-0.000218943
-0.000172378
-0.000133663
-0.000102555
-7.81419e-05
-5.92081e-05
-4.46359e-05
-3.35633e-05
-2.53226e-05
-1.93083e-05
-1.49335e-05
-1.16779e-05
-9.15333e-06
-7.12444e-06
-5.47492e-06
-4.15025e-06
-3.11284e-06
-2.32133e-06
-1.72948e-06
-1.29241e-06
-9.71659e-07
-7.36778e-07
-5.64672e-07
-4.38238e-07
-3.44971e-07
-2.75834e-07
-2.24309e-07
-1.85709e-07
-1.56625e-07
-1.34575e-07
-1.17726e-07
-1.04726e-07
-9.4568e-08
-8.65127e-08
-8.00114e-08
-7.4666e-08
-7.01835e-08
-6.63503e-08
-6.30108e-08
-6.00482e-08
-5.73804e-08
-5.49407e-08
-5.26876e-08
-5.05805e-08
-4.86007e-08
-4.67209e-08
-4.49358e-08
-4.32237e-08
-4.15879e-08
-4.00089e-08
-3.84953e-08
-3.70278e-08
-3.56191e-08
-3.42488e-08
-3.2933e-08
-3.16497e-08
-3.04179e-08
-2.92137e-08
-2.80587e-08
-2.69271e-08
-2.58427e-08
-2.4778e-08
-2.37588e-08
-2.27556e-08
-2.17966e-08
-2.08501e-08
-1.99465e-08
-1.90523e-08
-1.81997e-08
-1.73535e-08
-1.65476e-08
-1.57453e-08
-1.49822e-08
-1.42199e-08
-1.34958e-08
-1.27699e-08
-1.20811e-08
-1.1388e-08
-1.07309e-08
-1.00672e-08
-9.43854e-09
-8.80098e-09
-8.19751e-09
-7.58281e-09
-7.00155e-09
-6.40639e-09
-5.84496e-09
-5.26536e-09
-4.72277e-09
-4.15215e-09
-3.63147e-09
-3.05506e-09
-2.5739e-09
-1.95275e-09
-1.57416e-09
-7.91335e-10
-7.1272e-10
6.25687e-10
0.0524185
0.0510028
0.046229
0.0391862
0.0292319
0.0159483
-0.000876886
-0.0214393
-0.0453194
-0.071677
-0.0989959
-0.125139
-0.149178
-0.170067
-0.186982
-0.199353
-0.206671
-0.208618
-0.205152
-0.196613
-0.183757
-0.167695
-0.14972
-0.131093
-0.112878
-0.0958461
-0.0804733
-0.0669789
-0.0553904
-0.0456084
-0.0374611
-0.0307443
-0.0252486
-0.0207761
-0.0171485
-0.0142112
-0.0118331
-0.00990536
-0.00833855
-0.0070603
-0.00601237
-0.00514828
-0.00443106
-0.00383146
-0.00332637
-0.00289759
-0.00253079
-0.00221469
-0.0019404
-0.00170093
-0.00149075
-0.00130549
-0.0011417
-0.000996613
-0.000867953
-0.000753752
-0.000652182
-0.000561452
-0.000479841
-0.000405861
-0.000338535
-0.000277602
-0.000223458
-0.000176758
-0.000137861
-0.000106462
-8.16429e-05
-6.22273e-05
-4.71518e-05
-3.55993e-05
-2.69271e-05
-2.0541e-05
-1.58588e-05
-1.23615e-05
-9.65767e-06
-7.50217e-06
-5.76438e-06
-4.37594e-06
-3.28943e-06
-2.45835e-06
-1.83443e-06
-1.37191e-06
-1.03146e-06
-7.8159e-07
-5.98194e-07
-4.63275e-07
-3.63625e-07
-2.89682e-07
-2.34542e-07
-1.93233e-07
-1.62137e-07
-1.38607e-07
-1.20675e-07
-1.06887e-07
-9.61551e-08
-8.76802e-08
-8.08713e-08
-7.52996e-08
-7.06507e-08
-6.66953e-08
-6.32663e-08
-6.02382e-08
-5.75225e-08
-5.50478e-08
-5.27689e-08
-5.0643e-08
-4.86493e-08
-4.67594e-08
-4.49665e-08
-4.32491e-08
-4.16089e-08
-4.00271e-08
-3.85109e-08
-3.70418e-08
-3.56315e-08
-3.42605e-08
-3.29435e-08
-3.16599e-08
-3.04271e-08
-2.92229e-08
-2.8067e-08
-2.69356e-08
-2.58503e-08
-2.47858e-08
-2.37658e-08
-2.27629e-08
-2.1803e-08
-2.0857e-08
-1.99525e-08
-1.90588e-08
-1.82052e-08
-1.73595e-08
-1.65527e-08
-1.57509e-08
-1.49868e-08
-1.42251e-08
-1.35e-08
-1.27747e-08
-1.20848e-08
-1.13924e-08
-1.07342e-08
-1.00712e-08
-9.44142e-09
-8.80463e-09
-8.19997e-09
-7.58608e-09
-7.00361e-09
-6.40928e-09
-5.84661e-09
-5.26789e-09
-4.72394e-09
-4.15436e-09
-3.6319e-09
-3.05725e-09
-2.57249e-09
-1.95657e-09
-1.56569e-09
-8.05728e-10
-6.68903e-10
5.46638e-10
0.0512641
0.0498222
0.0449595
0.0378184
0.0277793
0.0144783
-0.00224547
-0.0225073
-0.045888
-0.0715497
-0.0981335
-0.123745
-0.147362
-0.167939
-0.184631
-0.196839
-0.204069
-0.206029
-0.202712
-0.194468
-0.182039
-0.166487
-0.149034
-0.130881
-0.113049
-0.0962921
-0.0810898
-0.0676772
-0.0561034
-0.0462903
-0.0380841
-0.0312948
-0.0257229
-0.0211767
-0.0174819
-0.0144853
-0.0120565
-0.0100861
-0.0084841
-0.00717711
-0.00610597
-0.00522324
-0.00449116
-0.00387976
-0.00336533
-0.00292918
-0.00255656
-0.00223588
-0.00195798
-0.00171567
-0.00150325
-0.00131622
-0.001151
-0.00100475
-0.000875108
-0.000760034
-0.000657665
-0.000566202
-0.000483942
-0.000409433
-0.000341727
-0.000280564
-0.000226303
-0.000179528
-0.000140529
-0.000108958
-8.38895e-05
-6.41735e-05
-4.87825e-05
-3.6929e-05
-2.79859e-05
-2.13652e-05
-1.64866e-05
-1.28322e-05
-1.00092e-05
-7.76723e-06
-5.96755e-06
-4.53346e-06
-3.41141e-06
-2.55164e-06
-1.90458e-06
-1.42387e-06
-1.06963e-06
-8.09607e-07
-6.18871e-07
-4.78659e-07
-3.7515e-07
-2.98331e-07
-2.41009e-07
-1.98032e-07
-1.65666e-07
-1.41183e-07
-1.2255e-07
-1.08254e-07
-9.71558e-08
-8.84164e-08
-8.14153e-08
-7.57025e-08
-7.09495e-08
-6.69172e-08
-6.34317e-08
-6.03622e-08
-5.76161e-08
-5.51192e-08
-5.2824e-08
-5.06863e-08
-4.86836e-08
-4.67873e-08
-4.49895e-08
-4.32687e-08
-4.16256e-08
-4.00419e-08
-3.85239e-08
-3.70539e-08
-3.56423e-08
-3.42709e-08
-3.29529e-08
-3.16692e-08
-3.04356e-08
-2.92314e-08
-2.80747e-08
-2.69434e-08
-2.58575e-08
-2.47931e-08
-2.37724e-08
-2.27697e-08
-2.18091e-08
-2.08634e-08
-1.99581e-08
-1.90647e-08
-1.82104e-08
-1.7365e-08
-1.65574e-08
-1.5756e-08
-1.49912e-08
-1.42299e-08
-1.35039e-08
-1.27791e-08
-1.20884e-08
-1.13964e-08
-1.07374e-08
-1.0075e-08
-9.44428e-09
-8.80801e-09
-8.20247e-09
-7.58913e-09
-7.00577e-09
-6.41201e-09
-5.84841e-09
-5.2703e-09
-4.72535e-09
-4.15649e-09
-3.63272e-09
-3.05931e-09
-2.57192e-09
-1.95988e-09
-1.55956e-09
-8.1714e-10
-6.32934e-10
4.81268e-10
0.0506842
0.0492299
0.0443236
0.0371359
0.0270571
0.0137506
-0.0029197
-0.0230311
-0.0461652
-0.0714879
-0.0977123
-0.123058
-0.146464
-0.166884
-0.183463
-0.195591
-0.202778
-0.204749
-0.201507
-0.193412
-0.181195
-0.165892
-0.148696
-0.130776
-0.113132
-0.0965113
-0.0813939
-0.0680227
-0.0564571
-0.0466292
-0.0383943
-0.0315693
-0.0259597
-0.021377
-0.0176487
-0.0146226
-0.0121684
-0.0101767
-0.0085571
-0.00723573
-0.00615294
-0.00526088
-0.00452135
-0.00390402
-0.00338491
-0.00294506
-0.00256953
-0.00224654
-0.00196684
-0.0017231
-0.00150955
-0.00132163
-0.00115571
-0.00100888
-0.000878743
-0.000763244
-0.000660494
-0.000568689
-0.000486132
-0.00041138
-0.000343491
-0.000282201
-0.000227846
-0.000180985
-0.000141881
-0.000110177
-8.49548e-05
-6.50831e-05
-4.95497e-05
-3.7574e-05
-2.85266e-05
-2.18131e-05
-1.68492e-05
-1.31166e-05
-1.0225e-05
-7.92605e-06
-6.08147e-06
-4.61351e-06
-3.46681e-06
-2.58975e-06
-1.93104e-06
-1.44279e-06
-1.08373e-06
-8.20562e-07
-6.27582e-07
-4.856e-07
-3.80592e-07
-3.02486e-07
-2.4409e-07
-2.00258e-07
-1.67252e-07
-1.42311e-07
-1.23362e-07
-1.08849e-07
-9.75981e-08
-8.87477e-08
-8.16634e-08
-7.58872e-08
-7.10866e-08
-6.70189e-08
-6.35076e-08
-6.04195e-08
-5.76599e-08
-5.51533e-08
-5.28508e-08
-5.07078e-08
-4.8701e-08
-4.68019e-08
-4.50017e-08
-4.32793e-08
-4.16348e-08
-4.00503e-08
-3.85314e-08
-3.70611e-08
-3.56487e-08
-3.42771e-08
-3.29585e-08
-3.16748e-08
-3.04406e-08
-2.92366e-08
-2.80793e-08
-2.69482e-08
-2.58617e-08
-2.47976e-08
-2.37762e-08
-2.27739e-08
-2.18126e-08
-2.08672e-08
-1.99613e-08
-1.90683e-08
-1.82133e-08
-1.73684e-08
-1.656e-08
-1.57591e-08
-1.49935e-08
-1.42328e-08
-1.3506e-08
-1.27817e-08
-1.20902e-08
-1.13988e-08
-1.07389e-08
-1.00771e-08
-9.44558e-09
-8.80997e-09
-8.20355e-09
-7.59087e-09
-7.0066e-09
-6.41353e-09
-5.84902e-09
-5.27163e-09
-4.72572e-09
-4.15762e-09
-3.63272e-09
-3.06033e-09
-2.57113e-09
-1.96155e-09
-1.5559e-09
-8.23424e-10
-6.12333e-10
4.42885e-10
-0.459546
-0.247295
-0.140371
-0.459545
-0.247295
-0.335666
-0.341123
-0.429277
-0.335666
-0.341123
0.126491
0.414229
0.308736
0.332818
0.126491
0.414229
0.308736
-0.110767
-0.330031
-0.330031
-0.314094
-0.314858
-0.313836
-0.321202
-0.314094
-0.314858
-0.313836
0.488675
0.43084
0.488675
-0.311897
-0.310463
-0.311897
-0.310463
0.430833
0.488674
0.430833
-0.310466
-0.3119
-0.310466
-0.3119
0.308712
0.332806
0.126467
0.414219
0.308712
0.332806
0.126467
-0.110796
-0.110796
-0.330029
-0.330029
-0.313842
-0.321205
-0.314096
-0.314866
-0.313842
-0.321205
-0.314096
-0.140394
-0.459557
-0.247326
-0.140394
-0.459557
-0.341121
-0.429282
-0.335662
-0.341121
-0.429281
-0.335662
-0.28817
-0.166371
-0.354712
-0.122983
-0.28817
-0.166371
-0.354713
-0.314944
-0.409391
-0.328118
-0.337347
-0.314945
-0.40939
-0.328119
0.105072
0.26491
0.109827
0.19457
0.105072
0.26491
0.109827
-0.413485
-0.430105
-0.402148
-0.452441
-0.402953
-0.452747
-0.413286
-0.310469
-0.322405
-0.316982
-0.318188
-0.310469
-0.322405
-0.316982
-0.103603
-0.31646
-0.321532
-0.31573
-0.323241
-0.315796
-0.323221
-0.316431
-0.309373
-0.312763
-0.312693
-0.309445
-0.307848
-0.306926
-0.306852
-0.30792
-0.315465
-0.313547
-0.312208
-0.319265
-0.312151
-0.320302
-0.315279
0.109803
0.194556
0.105053
0.264896
0.109803
0.194556
0.105054
-0.369337
-0.245037
-0.161688
-0.16398
-0.372331
-0.316977
-0.318181
-0.310459
-0.322406
-0.316977
-0.318181
-0.310459
-0.354728
-0.123003
-0.288187
-0.166392
-0.354728
-0.123002
-0.288187
-0.328115
-0.337358
-0.314948
-0.409395
-0.328116
-0.337357
-0.314948
-0.363011
-0.461099
-0.352635
-0.480697
-0.353615
-0.481902
-0.362171
-0.369312
-0.245006
-0.161663
-0.163955
-0.372306
-0.363013
-0.461098
-0.352637
-0.480697
-0.353617
-0.481901
-0.362172
-0.369311
-0.245006
-0.161663
-0.163954
-0.372305
-0.355157
-0.341136
-0.338919
-0.339088
-0.355364
-0.413485
-0.430105
-0.402147
-0.45244
-0.402952
-0.452747
-0.413286
-0.355157
-0.341136
-0.338919
-0.339088
-0.355364
0.328022
0.125096
0.262276
0.110762
0.261586
0.108897
0.329656
0.37491
0.327677
0.20292
0.43421
0.174338
0.438202
0.377502
0.328021
0.125096
0.262276
0.110762
0.261586
0.108897
0.329656
0.37491
0.327677
0.20292
0.43421
0.174338
0.438202
0.377502
-0.103603
-0.330037
-0.330037
-0.315455
-0.313539
-0.319257
-0.312201
-0.320293
-0.312144
-0.315269
-0.31646
-0.321532
-0.31573
-0.323241
-0.315796
-0.323221
-0.316431
-0.315455
-0.313539
-0.319257
-0.312201
-0.320293
-0.312144
-0.315269
0.5298
0.463143
0.466238
0.527781
0.567728
0.588103
0.589189
0.566337
0.5298
0.463143
0.466238
0.527781
0.567728
0.588103
0.589189
0.566337
-0.307841
-0.306923
-0.30685
-0.307913
-0.309373
-0.312763
-0.312693
-0.309445
-0.307841
-0.306923
-0.30685
-0.307913
0.567721
0.588101
0.589187
0.56633
0.529789
0.463128
0.466223
0.52777
0.567721
0.588101
0.589187
0.56633
0.529789
0.463128
0.466224
0.52777
-0.309383
-0.312776
-0.312706
-0.309455
-0.307848
-0.306926
-0.306852
-0.30792
-0.309383
-0.312776
-0.312706
-0.309455
0.374893
0.327654
0.434194
0.202894
0.438187
0.174311
0.377485
0.328004
0.125072
0.110734
0.262259
0.10887
0.261568
0.32964
0.374893
0.327654
0.434194
0.202894
0.438187
0.174311
0.377485
0.328004
0.125072
0.110735
0.262259
0.10887
0.261568
0.329639
-0.103632
-0.103632
-0.330036
-0.330036
-0.316467
-0.321535
-0.323248
-0.315732
-0.323228
-0.315798
-0.316438
-0.315465
-0.313547
-0.312208
-0.319265
-0.312151
-0.320302
-0.315279
-0.316467
-0.321535
-0.323248
-0.315732
-0.323228
-0.315798
-0.316438
-0.363028
-0.461111
-0.480709
-0.352652
-0.481914
-0.353633
-0.362187
-0.369337
-0.245037
-0.161688
-0.16398
-0.372331
-0.363029
-0.46111
-0.480709
-0.352654
-0.481913
-0.353634
-0.362189
-0.355156
-0.341134
-0.338916
-0.339085
-0.355363
-0.413485
-0.43011
-0.452444
-0.402147
-0.452751
-0.402953
-0.413286
-0.355155
-0.341134
-0.338916
-0.339085
-0.355362
-0.413486
-0.430109
-0.452443
-0.402148
-0.45275
-0.402953
-0.413287
-0.366873
-0.141248
-0.322479
-0.15834
-0.322359
-0.160403
-0.367706
0.327982
0.303177
0.370539
0.276049
0.327982
0.303177
0.370539
-0.319979
-0.319306
-0.32808
-0.320771
-0.319979
-0.319306
-0.32808
0.402931
0.331125
0.420036
0.320972
0.40293
0.331125
0.420036
0.53066
0.432078
0.504981
0.465895
0.506459
0.466976
0.529422
-0.320217
-0.314933
-0.323022
-0.316412
-0.320217
-0.314933
-0.323022
0.420034
0.320969
0.402926
0.331124
0.420034
0.320969
0.402926
0.552902
0.489762
0.562085
0.48026
0.563245
0.48138
0.551717
-0.323033
-0.316426
-0.320238
-0.314939
-0.323033
-0.316426
-0.320238
0.370533
0.276042
0.327974
0.303173
0.370533
0.276042
0.327974
-0.328122
-0.320795
-0.320027
-0.31933
-0.328122
-0.320795
-0.320027
-0.322578
-0.318155
-0.323475
-0.318203
-0.323648
-0.31402
-0.313927
-0.366872
-0.141248
-0.322479
-0.15834
-0.322359
-0.160403
-0.367705
-0.357963
-0.335964
-0.348988
-0.346018
-0.349446
-0.346184
-0.357998
-0.357963
-0.335964
-0.348988
-0.346019
-0.349446
-0.346184
-0.357998
0.552906
0.489763
0.480264
0.562086
0.481384
0.563246
0.551721
0.53066
0.432079
0.504981
0.465895
0.506459
0.466976
0.529422
0.552906
0.489763
0.480264
0.562086
0.481384
0.563246
0.551721
-0.309523
-0.311838
-0.310685
-0.311645
-0.310573
-0.31159
-0.309621
-0.308502
-0.310404
-0.310654
-0.308035
-0.310596
-0.307966
-0.308578
-0.309523
-0.311838
-0.310685
-0.311645
-0.310573
-0.31159
-0.309621
-0.308502
-0.310404
-0.310654
-0.308035
-0.310596
-0.307966
-0.308578
0.530653
0.43207
0.465889
0.504973
0.46697
0.50645
0.529416
0.552902
0.489762
0.562085
0.48026
0.563245
0.48138
0.551717
0.530653
0.432071
0.46589
0.504973
0.46697
0.50645
0.529416
-0.308507
-0.310406
-0.308037
-0.310656
-0.307968
-0.310598
-0.308583
-0.30953
-0.311841
-0.31165
-0.310695
-0.311595
-0.310583
-0.309628
-0.308507
-0.310406
-0.308037
-0.310656
-0.307968
-0.310598
-0.308583
-0.30953
-0.311841
-0.31165
-0.310695
-0.311595
-0.310583
-0.309628
-0.366896
-0.141271
-0.158365
-0.322502
-0.160428
-0.322382
-0.367729
-0.366895
-0.141271
-0.158365
-0.322502
-0.160428
-0.322382
-0.367728
-0.357962
-0.33596
-0.346015
-0.348987
-0.34618
-0.349445
-0.357996
-0.357962
-0.33596
-0.346015
-0.348986
-0.346181
-0.349445
-0.357996
0.104518
0.0935877
0.211638
0.0893686
0.210906
0.156904
0.157464
0.104518
0.0935878
0.211638
0.0893687
0.210907
0.156904
0.157464
-0.322577
-0.323476
-0.318156
-0.323649
-0.318204
-0.314025
-0.313932
-0.322577
-0.323476
-0.318156
-0.323649
-0.318204
-0.314025
-0.313932
0.104494
0.21162
0.0935657
0.210889
0.0893463
0.156887
0.157446
0.104494
0.21162
0.0935657
0.210889
0.0893464
0.156887
0.157446
-0.322578
-0.318155
-0.323475
-0.318203
-0.323648
-0.31402
-0.313927
0.0610013
0.151166
0.0783573
0.103583
0.0610012
0.151166
0.0783573
-0.291697
-0.309717
-0.328497
-0.300598
-0.291697
-0.309716
-0.328497
0.251025
0.251308
0.284528
0.214195
0.251025
0.251308
0.284528
-0.318217
-0.322938
-0.330004
-0.321207
-0.318217
-0.322938
-0.330004
0.284519
0.214186
0.251016
0.251301
0.284519
0.214186
0.251016
-0.330063
-0.321233
-0.318282
-0.322968
-0.330063
-0.321233
-0.318282
0.0783405
0.103568
0.0609849
0.151152
0.0783405
0.103568
0.0609849
-0.328489
-0.300604
-0.291705
-0.309711
-0.328489
-0.300604
-0.291705
)
;

boundaryField
{
    inlet
    {
        type            zeroGradient;
    }
    outlet
    {
        type            fixedValue;
        value           uniform 0;
    }
    top
    {
        type            symmetryPlane;
    }
    bottom
    {
        type            symmetryPlane;
    }
    front
    {
        type            symmetryPlane;
    }
    back
    {
        type            symmetryPlane;
    }
    cylinder
    {
        type            zeroGradient;
    }
}


// ************************************************************************* //
