/*--------------------------------*- C++ -*----------------------------------*\
  =========                 |
  \\      /  F ield         | OpenFOAM: The Open Source CFD Toolbox
   \\    /   O peration     | Website:  https://openfoam.org
    \\  /    A nd           | Version:  11
     \\/     M anipulation  |
\*---------------------------------------------------------------------------*/
FoamFile
{
    format      ascii;
    class       volScalarField;
    location    "9.843991";
    object      p;
}
// * * * * * * * * * * * * * * * * * * * * * * * * * * * * * * * * * * * * * //

dimensions      [0 2 -2 0 0 0 0];

internalField   nonuniform List<scalar> 
7132
(
0.05448
0.0531126
0.0484998
0.0418044
0.0325152
0.0204471
0.00564792
-0.0116822
-0.0308296
-0.0505723
-0.0693483
-0.0851322
-0.0969707
-0.104233
-0.106918
-0.10573
-0.101681
-0.0957925
-0.0887639
-0.0808122
-0.0717542
-0.0613849
-0.0498855
-0.037807
-0.0258202
-0.0144763
-0.00410562
0.00509687
0.0129388
0.0190775
0.0230076
0.0243496
0.0233458
0.0211742
0.0194927
0.0194288
0.0210523
0.0236924
0.0265914
0.0292893
0.0316889
0.0339757
0.0364213
0.0391771
0.0419513
0.0437565
0.0431348
0.0392344
0.033023
0.0272727
0.0246078
0.0256336
0.0289128
0.0325013
0.0351806
0.0366309
0.0371036
0.0370497
0.0368459
0.0364167
0.0348439
0.0303289
0.0210979
0.00708359
-0.00890089
-0.0218065
-0.0269876
-0.0230887
-0.0129565
-0.00157529
0.00727469
0.012506
0.0148594
0.0154459
0.0149914
0.013739
0.0116119
0.00847063
0.00439566
-0.000107913
-0.00417595
-0.00697253
-0.00813491
-0.00790005
-0.0068597
-0.00559483
-0.00446921
-0.00361946
-0.00303934
-0.00266626
-0.00243466
-0.00229759
-0.00222887
-0.0022175
-0.00226011
-0.0023536
-0.00248951
-0.00265156
-0.00281705
-0.00296145
-0.00306424
-0.00311321
-0.00310604
-0.00304861
-0.00295168
-0.00282751
-0.00268753
-0.00254115
-0.00239558
-0.00225599
-0.00212587
-0.00200732
-0.00190123
-0.00180747
-0.00172505
-0.00165239
-0.00158749
-0.00152824
-0.00147263
-0.00141889
-0.00136571
-0.00131221
-0.00125794
-0.00120285
-0.00114715
-0.00109124
-0.00103558
-0.000980667
-0.000926949
-0.000874795
-0.000824482
-0.000776191
-0.000730009
-0.000685945
-0.000643941
-0.000603895
-0.000565675
-0.000529136
-0.000494136
-0.000460546
-0.000428248
-0.000397158
-0.000367186
-0.000338317
-0.000310437
-0.000283665
-0.000257704
-0.000233066
-0.00020872
-0.000186577
-0.000162932
-0.000144714
-0.000118738
-0.000109653
-7.12183e-05
-8.93725e-05
-5.01076e-06
-0.00011089
0.000127742
-0.000263957
0.0550249
0.0536659
0.0490837
0.0424151
0.0331369
0.0210356
0.00613346
-0.0114045
-0.0308606
-0.0509933
-0.0701568
-0.0861784
-0.0981294
-0.10536
-0.107879
-0.106454
-0.10217
-0.0961182
-0.0890332
-0.0811171
-0.0721183
-0.061757
-0.05019
-0.0379879
-0.0258547
-0.0143679
-0.00387047
0.00543624
0.0133559
0.0195357
0.0234443
0.0246706
0.0234524
0.0210219
0.0191373
0.0189861
0.0206264
0.023333
0.026307
0.0290733
0.0315322
0.0338713
0.0363615
0.0391546
0.0419579
0.0437646
0.0430718
0.03899
0.0325097
0.026514
0.0237551
0.0248699
0.0283447
0.032133
0.0349709
0.0365378
0.0370934
0.037087
0.0368858
0.0363951
0.0346654
0.0298604
0.0201982
0.00567907
-0.0107493
-0.0239113
-0.0290986
-0.0249497
-0.0143532
-0.0024254
0.00689488
0.0124405
0.0149668
0.0156328
0.015199
0.0139267
0.0117435
0.00851249
0.00431894
-0.000316117
-0.00449806
-0.00735645
-0.00851418
-0.00822071
-0.0070988
-0.00575603
-0.00456891
-0.00367547
-0.00306598
-0.00267374
-0.0024302
-0.00228644
-0.00221492
-0.00220358
-0.00224831
-0.00234544
-0.00248603
-0.00265326
-0.00282373
-0.00297222
-0.00307766
-0.0031276
-0.00311984
-0.00306062
-0.00296117
-0.00283422
-0.00269153
-0.00254277
-0.00239528
-0.00225428
-0.00212327
-0.00200429
-0.00189815
-0.00180462
-0.00172262
-0.00165048
-0.00158612
-0.00152738
-0.00147221
-0.00141882
-0.00136588
-0.00131251
-0.00125828
-0.00120316
-0.00114737
-0.00109133
-0.00103555
-0.000980508
-0.00092668
-0.000874439
-0.000824065
-0.00077574
-0.000729547
-0.000685491
-0.000643511
-0.000603497
-0.000565314
-0.000528813
-0.000493848
-0.000460289
-0.000428016
-0.000396946
-0.000366989
-0.000338129
-0.000310256
-0.000283487
-0.000257531
-0.000232892
-0.000208555
-0.000186405
-0.000162785
-0.000144543
-0.000118623
-0.000109478
-7.11239e-05
-8.92218e-05
-4.74369e-06
-0.00011112
0.000129244
-0.000266889
0.0561109
0.0547704
0.0502512
0.0436414
0.0343909
0.0222297
0.00712679
-0.0108281
-0.0309105
-0.051845
-0.0718055
-0.0883069
-0.100483
-0.107641
-0.10981
-0.107888
-0.103116
-0.0967324
-0.0895472
-0.0817271
-0.072871
-0.0625371
-0.0508334
-0.0383768
-0.025944
-0.0141675
-0.00341457
0.00610335
0.0141833
0.0204514
0.0243216
0.0253136
0.0236523
0.0206831
0.0183773
0.0180516
0.019736
0.0225863
0.0257161
0.0286196
0.0311941
0.0336332
0.036209
0.0390741
0.0419331
0.0437366
0.0428925
0.0384337
0.0313926
0.0248852
0.0219385
0.0232543
0.0271506
0.0313597
0.0345228
0.0363226
0.0370398
0.0371254
0.0369287
0.0363212
0.0342885
0.0289074
0.0183728
0.00282643
-0.01451
-0.0281995
-0.0334056
-0.0287635
-0.0172317
-0.00419296
0.00608954
0.012279
0.0151588
0.0159876
0.015599
0.0142905
0.0119973
0.00858665
0.00415215
-0.000752736
-0.00517001
-0.00815599
-0.0093018
-0.00888382
-0.00759071
-0.00608611
-0.00477248
-0.00378997
-0.00312091
-0.00268988
-0.00242203
-0.00226454
-0.0021871
-0.00217558
-0.00222436
-0.00232869
-0.00247869
-0.0026564
-0.00283705
-0.00299394
-0.00310486
-0.00315686
-0.00314795
-0.00308513
-0.00298059
-0.00284799
-0.0026998
-0.00254619
-0.00239477
-0.0022509
-0.00211806
-0.00199819
-0.00189193
-0.00179885
-0.00171768
-0.00164657
-0.00158331
-0.00152562
-0.00147134
-0.00141866
-0.00136621
-0.00131312
-0.00125898
-0.0012038
-0.00114784
-0.00109157
-0.00103551
-0.000980219
-0.000926165
-0.000873744
-0.000823244
-0.000774845
-0.000728627
-0.000684587
-0.000642651
-0.000602702
-0.000564593
-0.000528169
-0.000493277
-0.000459782
-0.000427562
-0.000396534
-0.000366607
-0.000337768
-0.000309912
-0.00028315
-0.000257203
-0.000232563
-0.000208245
-0.000186083
-0.000162511
-0.000144229
-0.000118413
-0.000109167
-7.09504e-05
-8.89826e-05
-4.20017e-06
-0.000111693
0.000132359
-0.000272776
0.0577309
0.0564205
0.0520033
0.0454929
0.0362987
0.0240636
0.00867191
-0.00991172
-0.0309567
-0.0531516
-0.0743654
-0.0915979
-0.104118
-0.11116
-0.112776
-0.110072
-0.104529
-0.0976235
-0.0902873
-0.0826375
-0.0740296
-0.0637549
-0.0518443
-0.0389939
-0.0261003
-0.013883
-0.0027443
0.00709235
0.0154171
0.0218249
0.0256396
0.0262627
0.0238918
0.0200571
0.0170871
0.0165099
0.0182971
0.0213976
0.0247805
0.0278956
0.0306404
0.0332229
0.0359188
0.0388812
0.0418069
0.0435758
0.0424592
0.0373729
0.0294147
0.0220796
0.0188706
0.0205754
0.025204
0.0301108
0.0337882
0.0359409
0.0368951
0.0371072
0.0369013
0.0361089
0.0336172
0.0273616
0.0155097
-0.00157036
-0.0202383
-0.0346734
-0.0398842
-0.0345166
-0.0216193
-0.00693708
0.00479545
0.011968
0.0153915
0.0164743
0.0161622
0.0148051
0.0123476
0.00865956
0.00384713
-0.00148482
-0.00627411
-0.00945525
-0.0105678
-0.009937
-0.00836147
-0.0065962
-0.00508317
-0.00396285
-0.00320285
-0.00271301
-0.00240843
-0.00223025
-0.00214408
-0.0021326
-0.00218791
-0.00230362
-0.00246841
-0.00266256
-0.00285908
-0.00302894
-0.00314815
-0.00320297
-0.00319183
-0.00312301
-0.00301028
-0.00286873
-0.00271195
-0.00255083
-0.00239341
-0.00224521
-0.00210967
-0.00198855
-0.00188223
-0.00178996
-0.00171017
-0.00164072
-0.00157919
-0.00152311
-0.00147021
-0.0014186
-0.00136688
-0.00131418
-0.00126015
-0.00120484
-0.00114858
-0.00109192
-0.00103544
-0.000979745
-0.000925339
-0.000872644
-0.000821955
-0.000773452
-0.000727206
-0.000683198
-0.000641341
-0.000601498
-0.000563509
-0.000527206
-0.000492425
-0.000459027
-0.000426887
-0.00039592
-0.000366038
-0.000337228
-0.000309391
-0.000282636
-0.000256703
-0.000232057
-0.000207767
-0.000185584
-0.000162087
-0.000143736
-0.000118093
-0.000108665
-7.07201e-05
-8.85306e-05
-3.53234e-06
-0.000112258
0.000136567
-0.000280771
0.059873
0.058607
0.0543395
0.0479827
0.0388919
0.0265904
0.0108395
-0.00858615
-0.0309574
-0.0549473
-0.0779439
-0.0961663
-0.109145
-0.115992
-0.116784
-0.112935
-0.106287
-0.0986654
-0.0911814
-0.0838692
-0.0756982
-0.0655462
-0.0533425
-0.0399246
-0.0263794
-0.0135531
-0.00189047
0.00837759
0.0170392
0.0236492
0.0273959
0.027494
0.0240874
0.0189807
0.0150538
0.0141598
0.0161618
0.0196704
0.023434
0.0268449
0.0298123
0.032572
0.0354105
0.0384774
0.0414522
0.0431187
0.0415549
0.0355046
0.0261762
0.0176248
0.0140838
0.0164684
0.0222767
0.0282587
0.0326859
0.0353217
0.0365752
0.0369193
0.0366654
0.0356204
0.0325186
0.0250656
0.0113703
-0.00787831
-0.0283948
-0.0437455
-0.0487494
-0.0422146
-0.0274777
-0.0106644
0.00296531
0.0114487
0.0156086
0.017042
0.0168456
0.0154291
0.0127511
0.00867873
0.00333208
-0.00261211
-0.00793714
-0.0113892
-0.0124291
-0.0114642
-0.00945957
-0.00730852
-0.00550833
-0.00419466
-0.00330975
-0.00274018
-0.00238618
-0.00218049
-0.00208313
-0.00207245
-0.00213745
-0.00226955
-0.00245551
-0.00267312
-0.00289218
-0.00308028
-0.00321082
-0.00326903
-0.00325403
-0.0031761
-0.00305132
-0.00289685
-0.00272785
-0.00255621
-0.00239049
-0.0022364
-0.00209731
-0.00197468
-0.0018685
-0.00177756
-0.00169985
-0.00163284
-0.00157379
-0.00152
-0.00146903
-0.00141889
-0.00136813
-0.00131593
-0.00126198
-0.00120642
-0.0011497
-0.00109244
-0.00103535
-0.00097906
-0.000924157
-0.000871079
-0.000820136
-0.000771503
-0.000725235
-0.000681291
-0.000639558
-0.000599878
-0.000562065
-0.000525936
-0.000491315
-0.000458052
-0.000426021
-0.000395134
-0.000365309
-0.000336532
-0.000308717
-0.000281967
-0.000256045
-0.00023139
-0.000207134
-0.00018492
-0.000161528
-0.000143076
-0.000117687
-0.000107972
-7.04976e-05
-8.78163e-05
-2.9347e-06
-0.000112548
0.000141326
-0.000289906
0.0625198
0.0613159
0.0572577
0.051127
0.0422122
0.0298824
0.0137282
-0.0067522
-0.0308515
-0.0572889
-0.0827092
-0.102192
-0.115764
-0.122344
-0.122017
-0.116604
-0.108434
-0.0998267
-0.0921685
-0.0853952
-0.0779133
-0.0679869
-0.0554046
-0.0412257
-0.0268196
-0.0132085
-0.000885379
0.00992354
0.0190152
0.0258989
0.0295674
0.0289485
0.0240848
0.0171807
0.0119441
0.0107022
0.0131195
0.0172725
0.0215872
0.0253915
0.028629
0.0315864
0.0345664
0.0376834
0.0405986
0.0420473
0.0399454
0.032772
0.0216893
0.0113672
0.00716262
0.0104693
0.0180445
0.0256215
0.0311065
0.0343682
0.0359578
0.0364068
0.0360695
0.034737
0.0308671
0.0217993
0.00558181
-0.0165907
-0.0395262
-0.0559466
-0.0603974
-0.0520293
-0.0348021
-0.0153464
0.00057175
0.0106501
0.0157267
0.0176093
0.017569
0.0160839
0.0131295
0.00857249
0.00254072
-0.00421082
-0.010263
-0.0140908
-0.0150206
-0.0135707
-0.0109476
-0.00825117
-0.00605651
-0.00448554
-0.00343893
-0.00276802
-0.0023519
-0.00211223
-0.00200185
-0.00199349
-0.00207222
-0.00222681
-0.0024416
-0.00269107
-0.00294054
-0.00315287
-0.00329788
-0.00335947
-0.00333798
-0.0032466
-0.00310475
-0.00293246
-0.00274692
-0.00256129
-0.00238477
-0.00222322
-0.00207983
-0.00195565
-0.00185006
-0.00176124
-0.00168654
-0.00162295
-0.0015673
-0.00151659
-0.00146816
-0.0014199
-0.00137033
-0.00131866
-0.0012647
-0.0012087
-0.00115126
-0.00109315
-0.00103517
-0.000978083
-0.00092251
-0.000868937
-0.000817679
-0.000768901
-0.000722635
-0.000678807
-0.000637267
-0.000597823
-0.000560261
-0.000524372
-0.000489964
-0.000456878
-0.000424984
-0.000394194
-0.000364433
-0.000335689
-0.000307891
-0.000281138
-0.000255223
-0.000230547
-0.000206331
-0.000184071
-0.000160815
-0.00014222
-0.000117191
-0.000107041
-7.03366e-05
-8.6701e-05
-2.66748e-06
-0.000112076
0.000145777
-0.000298649
0.0656468
0.0645273
0.0607519
0.054943
0.0463109
0.0340342
0.017473
-0.00426597
-0.0305422
-0.0602504
-0.0888867
-0.10989
-0.124162
-0.130307
-0.128396
-0.120841
-0.110652
-0.100823
-0.0931121
-0.0872977
-0.080935
-0.0713854
-0.0582829
-0.0430654
-0.0275276
-0.0129288
0.000196432
0.0116516
0.0212683
0.0285086
0.0320921
0.0305124
0.023637
0.0142346
0.0072386
0.00567055
0.00885353
0.0140167
0.0191204
0.023434
0.0269827
0.0301375
0.0331869
0.0361523
0.0387528
0.0398062
0.0371542
0.0290423
0.0162736
0.00375479
-0.00175113
0.00232467
0.0121702
0.0219586
0.0288966
0.0329452
0.0348809
0.0353972
0.0349917
0.0333734
0.0285294
0.0173327
-0.00210232
-0.0278351
-0.053617
-0.07123
-0.0748446
-0.064005
-0.0435612
-0.0209296
-0.00239312
0.00949699
0.0156405
0.0180625
0.0182063
0.0166292
0.0133604
0.00829646
0.00155407
-0.00610119
-0.0130792
-0.017495
-0.0183871
-0.0163392
-0.0128911
-0.00945771
-0.00673858
-0.00483587
-0.00358728
-0.00279249
-0.00230137
-0.00202153
-0.00189699
-0.00189347
-0.00199112
-0.00217571
-0.0024287
-0.00272028
-0.00300968
-0.00325327
-0.00341603
-0.00348027
-0.00344829
-0.00333756
-0.00317213
-0.00297585
-0.00276855
-0.00256489
-0.00237476
-0.00220413
-0.00205584
-0.00193029
-0.00182606
-0.00174044
-0.00167
-0.00161107
-0.00155994
-0.00151323
-0.00146804
-0.0014221
-0.00137392
-0.00132278
-0.00126862
-0.00121189
-0.00115339
-0.00109407
-0.00103489
-0.000976726
-0.000920285
-0.000866088
-0.000814458
-0.000765539
-0.000719323
-0.000675689
-0.000634438
-0.000595329
-0.00055811
-0.000522541
-0.000488411
-0.000455548
-0.00042382
-0.000393142
-0.000363446
-0.000334728
-0.000306937
-0.000280165
-0.000254247
-0.000229536
-0.000205361
-0.000183039
-0.000159955
-0.000141168
-0.000116629
-0.000105853
-7.03304e-05
-8.50698e-05
-3.0828e-06
-0.000110298
0.000148752
-0.000304936
0.0692206
0.0682126
0.0648099
0.0594463
0.0512456
0.0391614
0.0222468
-0.000932836
-0.0298941
-0.0639536
-0.0968154
-0.119591
-0.134747
-0.140375
-0.136414
-0.126013
-0.113078
-0.101573
-0.0938379
-0.0894862
-0.0848352
-0.0759125
-0.0621473
-0.0455665
-0.028589
-0.0127925
0.0012604
0.0134436
0.0236615
0.0313507
0.0348127
0.0319187
0.022249
0.00936034
7.16704e-05
-0.00161346
0.00294019
0.00966743
0.0158856
0.020848
0.0247442
0.0280532
0.0309628
0.033393
0.0353588
0.0358638
0.0326546
0.0236544
0.0092666
-0.0054603
-0.0124876
-0.00788296
0.00449617
0.0170547
0.0258757
0.0308835
0.033164
0.0337345
0.0333321
0.0314248
0.0253527
0.0115481
-0.0115844
-0.0411925
-0.069981
-0.0888229
-0.0914475
-0.0777205
-0.0535112
-0.0272855
-0.00591257
0.0079104
0.0152157
0.0182286
0.0185378
0.0168284
0.0132527
0.00778532
0.000506854
-0.00792218
-0.015896
-0.0211805
-0.0223113
-0.0197185
-0.0153087
-0.0109504
-0.00756319
-0.00524549
-0.0037518
-0.00281021
-0.00223139
-0.00190572
-0.00176667
-0.00177153
-0.00189442
-0.00211794
-0.00242039
-0.00276646
-0.00310723
-0.00339027
-0.00357404
-0.00363906
-0.0035907
-0.00345257
-0.00325505
-0.00302705
-0.00279164
-0.00256526
-0.00235845
-0.00217714
-0.00202357
-0.00189721
-0.00179553
-0.00171463
-0.00165008
-0.00159734
-0.00155208
-0.00151046
-0.00146928
-0.0014261
-0.00137946
-0.00132874
-0.0012741
-0.00121623
-0.0011562
-0.00109521
-0.00103442
-0.000974854
-0.000917314
-0.000862361
-0.000810313
-0.000761279
-0.000715192
-0.000671865
-0.00063103
-0.000592384
-0.000555624
-0.000520473
-0.000486695
-0.000454106
-0.000422572
-0.000392013
-0.000362378
-0.000333672
-0.000305867
-0.000279054
-0.000253115
-0.000228348
-0.000204215
-0.000181809
-0.000158938
-0.000139899
-0.000116005
-0.000104366
-7.05624e-05
-8.27662e-05
-4.58684e-06
-0.000106517
0.000148703
-0.00030596
0.0731973
0.0723334
0.0694104
0.0646481
0.0570797
0.0454064
0.0282768
0.0035263
-0.0286943
-0.0685528
-0.106936
-0.131628
-0.147713
-0.152456
-0.145619
-0.13143
-0.114998
-0.101536
-0.0941477
-0.0922137
-0.0902081
-0.0822136
-0.0674847
-0.0490295
-0.0301896
-0.0129514
0.00213714
0.0150852
0.0259612
0.034171
0.0373815
0.0325441
0.0189014
0.00119118
-0.0110115
-0.0122398
-0.00526499
0.0039066
0.0117074
0.0174958
0.0217648
0.0250998
0.0275215
0.0290045
0.0302159
0.0302534
0.0264324
0.0160976
-0.000308773
-0.0171522
-0.0253862
-0.0200712
-0.00496965
0.0107752
0.0218607
0.0279903
0.0306236
0.0312764
0.0309645
0.0287344
0.0212002
0.00450401
-0.0224395
-0.0558497
-0.0875178
-0.107513
-0.109091
-0.0923332
-0.0641451
-0.034175
-0.00993564
0.00581373
0.0142862
0.01786
0.0182555
0.0163685
0.0125286
0.00681238
-0.000740843
-0.00966229
-0.0184823
-0.0247481
-0.0263998
-0.023484
-0.0181214
-0.0127143
-0.00852837
-0.00571151
-0.00392895
-0.00281794
-0.00213905
-0.0017624
-0.00160935
-0.00162739
-0.00178318
-0.00205619
-0.00242136
-0.00283662
-0.00324234
-0.00357428
-0.00378223
-0.00384478
-0.00377192
-0.00359577
-0.0033553
-0.00308595
-0.00281483
-0.00256027
-0.00233343
-0.00213991
-0.00198102
-0.00185489
-0.00175745
-0.00168328
-0.00162664
-0.00158197
-0.00154419
-0.00150889
-0.00147255
-0.00143259
-0.00138758
-0.00133707
-0.00128151
-0.00122196
-0.0011598
-0.00109656
-0.00103367
-0.000972313
-0.000913416
-0.00085757
-0.000805076
-0.000755984
-0.000710146
-0.000667278
-0.000627024
-0.000589
-0.00055284
-0.000518218
-0.000484873
-0.000452609
-0.000421294
-0.000390858
-0.00036127
-0.00033255
-0.000304703
-0.000277818
-0.000251835
-0.000226989
-0.000202894
-0.000180381
-0.000157765
-0.000138411
-0.000115342
-0.000102563
-7.11395e-05
-7.96572e-05
-7.66338e-06
-9.9982e-05
0.000143631
-0.000298112
0.0775202
0.0768378
0.0745188
0.0705477
0.0638732
0.0529278
0.0358375
0.00947927
-0.0266595
-0.0743301
-0.119918
-0.146608
-0.164001
-0.167885
-0.157377
-0.138064
-0.116712
-0.10042
-0.0935648
-0.0952583
-0.0972492
-0.090703
-0.074672
-0.0537033
-0.0324961
-0.0135728
0.00260164
0.0162769
0.0278148
0.0364263
0.0391673
0.0319153
0.01307
-0.0112189
-0.0275149
-0.0276426
-0.0166129
-0.00365236
0.00639656
0.0132376
0.0178727
0.0210013
0.0225247
0.0228682
0.0234686
0.0232086
0.0185882
0.00641963
-0.0123725
-0.0312978
-0.04042
-0.0340609
-0.0160583
0.00310856
0.0167071
0.0240755
0.027084
0.0278722
0.0277093
0.0251036
0.0159861
-0.00357902
-0.0340372
-0.0708023
-0.104957
-0.125896
-0.126422
-0.106756
-0.0747642
-0.0412584
-0.0143754
0.00313187
0.0126503
0.0166656
0.0170566
0.0149858
0.0109713
0.00517349
-0.00243089
-0.0115942
-0.0210152
-0.0281289
-0.0303695
-0.0273504
-0.0211628
-0.0146835
-0.00961284
-0.00622569
-0.00411443
-0.00281358
-0.00202387
-0.00159273
-0.00142787
-0.00146471
-0.00166133
-0.00199452
-0.00243624
-0.00293656
-0.00342243
-0.00381413
-0.00404981
-0.00410578
-0.00399839
-0.0037711
-0.00347434
-0.00315205
-0.00283622
-0.00254733
-0.0022969
-0.00208985
-0.00192606
-0.0018018
-0.00171089
-0.001646
-0.00159975
-0.00156535
-0.00153681
-0.00150918
-0.00147855
-0.00144223
-0.00139885
-0.00134824
-0.00129121
-0.00122926
-0.00116425
-0.00109809
-0.00103251
-0.000968937
-0.000908404
-0.000851534
-0.00079859
-0.000749531
-0.000704096
-0.000661878
-0.000622402
-0.000585186
-0.000549783
-0.000515817
-0.000482994
-0.000451108
-0.000420034
-0.000389717
-0.000360154
-0.000331386
-0.00030346
-0.000276465
-0.000250409
-0.000225454
-0.000201392
-0.000178748
-0.000156432
-0.000136696
-0.000114647
-0.000100419
-7.21475e-05
-7.56082e-05
-1.28081e-05
-8.98832e-05
0.000131121
-0.00027695
0.0821174
0.081659
0.0800832
0.0771303
0.0716807
0.0619149
0.0452887
0.0174731
-0.0233219
-0.0816293
-0.136667
-0.164909
-0.183341
-0.185618
-0.170117
-0.144271
-0.116878
-0.0974169
-0.0919032
-0.0993008
-0.10726
-0.102702
-0.0846322
-0.060107
-0.0358127
-0.0149288
0.00231189
0.0165992
0.0284793
0.0368252
0.0387973
0.0300398
0.00721756
-0.0242625
-0.0476046
-0.0484135
-0.0320796
-0.0135336
-0.000257172
0.00794717
0.0128918
0.0155076
0.0157904
0.0150411
0.0152725
0.0148379
0.00925049
-0.00488579
-0.0260132
-0.0469039
-0.056785
-0.0493007
-0.0283942
-0.00580935
0.010349
0.0189846
0.0223829
0.0233452
0.0233379
0.0203253
0.00969427
-0.0123684
-0.0456562
-0.0849896
-0.12099
-0.142539
-0.142044
-0.119825
-0.0845813
-0.0481357
-0.019115
-0.000206028
0.0101081
0.0144108
0.0147859
0.0126373
0.00861139
0.00290026
-0.0045942
-0.0137853
-0.0235137
-0.0312124
-0.0339906
-0.0310213
-0.0242059
-0.016741
-0.0107708
-0.00677171
-0.00430175
-0.00279423
-0.00188533
-0.00139885
-0.00122741
-0.00129021
-0.00153498
-0.00193626
-0.00246463
-0.00306304
-0.00364375
-0.00410779
-0.0043774
-0.00442462
-0.00427323
-0.00398081
-0.00361285
-0.00322445
-0.00285378
-0.00252378
-0.00224614
-0.00202458
-0.00185692
-0.00173682
-0.00165535
-0.00160271
-0.00156959
-0.00154779
-0.00153037
-0.00151173
-0.00148765
-0.00145534
-0.00141356
-0.00136246
-0.00130333
-0.00123823
-0.00116956
-0.00109973
-0.00103086
-0.000964617
-0.000902169
-0.000844158
-0.000790781
-0.000741876
-0.000697028
-0.000655674
-0.000617192
-0.00058098
-0.000546499
-0.000513313
-0.000481096
-0.000449635
-0.000418816
-0.000388608
-0.000359042
-0.00033019
-0.000302145
-0.000275001
-0.000248839
-0.000223749
-0.000199714
-0.000176916
-0.000154945
-0.000134763
-0.000113935
-9.7936e-05
-7.36648e-05
-7.0535e-05
-2.04995e-05
-7.54845e-05
0.000108452
-0.000237451
0.0869004
0.0867103
0.0860274
0.0843473
0.0805277
0.0725383
0.0570248
0.0281951
-0.0181416
-0.0911572
-0.158434
-0.187876
-0.208529
-0.209541
-0.187291
-0.152115
-0.115799
-0.091479
-0.0879892
-0.103939
-0.120973
-0.119297
-0.0982077
-0.0687182
-0.0404297
-0.0173292
0.000887525
0.0154374
0.0264175
0.032707
0.0329609
0.0233756
0.000329897
-0.0352137
-0.0670402
-0.0721982
-0.0514757
-0.0260777
-0.00846757
0.00150263
0.0066778
0.00846191
0.00731313
0.00562238
0.00572764
0.00523037
-0.00127404
-0.017083
-0.0401114
-0.062676
-0.0732832
-0.0648593
-0.0413687
-0.0156843
0.00282875
0.0126285
0.0163798
0.0174968
0.0176019
0.0142183
0.00237698
-0.0214769
-0.0565742
-0.0973984
-0.134378
-0.156085
-0.154633
-0.130428
-0.0928324
-0.0544047
-0.0240243
-0.00425027
0.00653466
0.0110163
0.0114876
0.00947494
0.00563469
0.000157356
-0.00707632
-0.01605
-0.0257525
-0.0337376
-0.0369677
-0.034184
-0.0269928
-0.0187314
-0.0119324
-0.00732467
-0.00448313
-0.0027582
-0.00172619
-0.00118888
-0.00102172
-0.00111845
-0.00141272
-0.00187845
-0.00248935
-0.00318675
-0.00387162
-0.00442368
-0.00474247
-0.00478819
-0.00459034
-0.00422251
-0.00376963
-0.00330181
-0.00286575
-0.00248767
-0.00217937
-0.00194282
-0.00177296
-0.00165987
-0.00159111
-0.00155387
-0.00153655
-0.00152945
-0.00152471
-0.00151619
-0.00149936
-0.0014714
-0.00143122
-0.00137935
-0.00131761
-0.00124868
-0.00117564
-0.00110147
-0.00102873
-0.000959407
-0.000894793
-0.000835543
-0.00078176
-0.000733124
-0.000689033
-0.000648734
-0.000611437
-0.000576399
-0.000542983
-0.000510686
-0.000479151
-0.000448157
-0.000417609
-0.000387503
-0.000357913
-0.000328946
-0.000300746
-0.00027342
-0.000247126
-0.000221875
-0.000197861
-0.000174891
-0.000153302
-0.000132615
-0.0001132
-9.51168e-05
-7.57119e-05
-6.43943e-05
-3.10784e-05
-5.62231e-05
7.29552e-05
-0.000174593
0.0917628
0.0918867
0.0922469
0.0921232
0.0904087
0.0850097
0.0715827
0.0427925
-0.0100415
-0.103964
-0.187465
-0.214895
-0.236449
-0.235462
-0.205213
-0.158877
-0.111765
-0.0820956
-0.082135
-0.110983
-0.141355
-0.143425
-0.11728
-0.0804484
-0.0468187
-0.0211759
-0.00208753
0.0117727
0.01954
0.0214135
0.0187462
0.00919665
-0.01134
-0.0478122
-0.0861949
-0.0967167
-0.0735315
-0.0410725
-0.0182932
-0.0061728
-0.000848797
-0.000175596
-0.00283343
-0.0053148
-0.00511992
-0.00548512
-0.0125496
-0.0293922
-0.0536261
-0.0774004
-0.088681
-0.0796564
-0.0542118
-0.0260825
-0.00569338
0.00500056
0.00896626
0.0101273
0.0102688
0.00665456
-0.00585415
-0.0305091
-0.0661367
-0.107145
-0.14405
-0.165366
-0.163061
-0.137627
-0.0988726
-0.0597152
-0.0289743
-0.00899569
0.00193321
0.00657205
0.00733236
0.00569566
0.00222606
-0.00288548
-0.00968396
-0.0181631
-0.0274996
-0.0354726
-0.0390427
-0.0365613
-0.0292763
-0.0204862
-0.0130124
-0.00785212
-0.00464872
-0.00270343
-0.00155032
-0.000974595
-0.000829219
-0.000968531
-0.0013042
-0.00181031
-0.00247237
-0.0032442
-0.00402823
-0.00468605
-0.00508446
-0.00515602
-0.0049266
-0.00448518
-0.00394034
-0.00338287
-0.00287205
-0.00243949
-0.00209759
-0.00184615
-0.00167621
-0.00157318
-0.00152015
-0.00150076
-0.00150101
-0.00150977
-0.00151851
-0.00152069
-0.00151157
-0.00148834
-0.00145003
-0.00139746
-0.00133298
-0.00125997
-0.0011822
-0.0011033
-0.00102635
-0.000953665
-0.000886709
-0.00082614
-0.000771955
-0.000723652
-0.000680415
-0.00064128
-0.000605271
-0.0005715
-0.000539222
-0.000507869
-0.000477054
-0.000446554
-0.000416289
-0.00038629
-0.000356672
-0.00032758
-0.000299215
-0.000271693
-0.000245257
-0.000219834
-0.00019584
-0.000172687
-0.000151511
-0.000130271
-0.000112431
-9.19882e-05
-7.82526e-05
-5.72303e-05
-4.4653e-05
-3.1908e-05
2.25894e-05
-8.44622e-05
0.0965796
0.0970563
0.0986004
0.100303
0.101235
0.0993632
0.0894195
0.0623852
0.00163261
-0.120701
-0.225715
-0.2513
-0.276778
-0.273601
-0.229959
-0.166914
-0.103229
-0.0653315
-0.0724863
-0.121898
-0.1717
-0.178288
-0.143962
-0.0962777
-0.0554576
-0.02679
-0.00706618
0.00449239
0.00644097
0.00334572
-0.00164299
-0.00939197
-0.0271978
-0.0630408
-0.105064
-0.120329
-0.0964744
-0.057758
-0.0295494
-0.0150659
-0.00968251
-0.0103333
-0.0145473
-0.0177161
-0.01721
-0.0170822
-0.0240652
-0.0410713
-0.065648
-0.0900276
-0.101851
-0.0926412
-0.0660977
-0.0364723
-0.0149474
-0.0038174
8.21099e-05
0.00107061
0.00116125
-0.0024204
-0.0148399
-0.0390964
-0.0738098
-0.113556
-0.14921
-0.169526
-0.166517
-0.140765
-0.102257
-0.0638139
-0.0338432
-0.0143644
-0.00358974
0.00123281
0.00247731
0.00142103
-0.00152191
-0.00612223
-0.012276
-0.0199765
-0.0286283
-0.0363032
-0.0400719
-0.0379678
-0.0308618
-0.0218529
-0.0139247
-0.00832002
-0.00479102
-0.00263451
-0.00137316
-0.00078531
-0.000688527
-0.000878727
-0.00123574
-0.00173762
-0.00239005
-0.00317775
-0.00402787
-0.00479679
-0.00531303
-0.0054609
-0.00523926
-0.00474621
-0.00411621
-0.00346685
-0.00287603
-0.00238459
-0.00200718
-0.00174139
-0.00157341
-0.00148274
-0.00144706
-0.00144619
-0.0014638
-0.00148763
-0.00150903
-0.00152148
-0.00152014
-0.00150207
-0.00146632
-0.00141386
-0.00134739
-0.00127084
-0.00118869
-0.00110525
-0.00102417
-0.000948133
-0.000878805
-0.000816873
-0.000762229
-0.000714189
-0.000671728
-0.000633676
-0.00059888
-0.00056631
-0.000535124
-0.000504691
-0.00047459
-0.000444593
-0.000414636
-0.000384773
-0.00035516
-0.000325974
-0.00029747
-0.000269773
-0.000243209
-0.000217625
-0.000193658
-0.000170317
-0.000149571
-0.000127744
-0.000111585
-8.8576e-05
-8.11456e-05
-4.91668e-05
-6.09407e-05
-2.88397e-06
-4.32044e-05
3.42156e-05
0.101209
0.102072
0.104905
0.108703
0.112825
0.115776
0.111254
0.0901279
0.0195043
-0.15071
-0.277101
-0.28686
-0.31614
-0.312939
-0.258925
-0.175122
-0.0911812
-0.0443445
-0.0578766
-0.134058
-0.212756
-0.227389
-0.181509
-0.117902
-0.0670244
-0.0344365
-0.0145903
-0.00746541
-0.0126138
-0.0192771
-0.0241621
-0.0286529
-0.0438986
-0.0779454
-0.121123
-0.140446
-0.117781
-0.0747202
-0.0416939
-0.0249894
-0.0197002
-0.0218474
-0.0277021
-0.0315032
-0.0304112
-0.0292332
-0.0352817
-0.0514588
-0.0754346
-0.0997218
-0.111875
-0.102905
-0.0762443
-0.0462796
-0.0245749
-0.013654
-0.0102613
-0.00976455
-0.00980524
-0.0129719
-0.0243813
-0.0469199
-0.0792178
-0.116222
-0.149422
-0.168118
-0.164599
-0.139542
-0.10279
-0.0665677
-0.0385154
-0.020225
-0.00989469
-0.00489281
-0.00303695
-0.00335553
-0.00561005
-0.00950396
-0.0147732
-0.0214249
-0.0291084
-0.0362221
-0.0400221
-0.0383282
-0.0316316
-0.0227175
-0.0145963
-0.00869887
-0.0049077
-0.00256592
-0.00122624
-0.00067016
-0.000659148
-0.000920647
-0.00129748
-0.00175944
-0.00232993
-0.00304044
-0.00387513
-0.0047157
-0.00536035
-0.00562974
-0.00547179
-0.00497119
-0.00428275
-0.00355336
-0.00288575
-0.00233545
-0.00192254
-0.00164319
-0.00147818
-0.00140019
-0.0013808
-0.00139576
-0.00142711
-0.00146247
-0.0014935
-0.00151421
-0.00151979
-0.00150718
-0.00147512
-0.00142427
-0.00135748
-0.00127905
-0.00119395
-0.00110708
-0.00102264
-0.000943743
-0.000872288
-0.000809034
-0.00075382
-0.000705829
-0.000663865
-0.000626588
-0.000592696
-0.000561047
-0.000530721
-0.000501036
-0.000471545
-0.000442007
-0.000412363
-0.000382678
-0.000353137
-0.000323935
-0.000295369
-0.000267568
-0.000240934
-0.000215231
-0.000191317
-0.000167806
-0.000147492
-0.000125069
-0.000110622
-8.49474e-05
-8.4178e-05
-4.04647e-05
-7.92018e-05
2.97665e-05
-0.000122619
0.00017835
0.105498
0.106754
0.110937
0.116965
0.124843
0.133548
0.137371
0.125248
0.0451331
-0.169062
-0.363904
-0.354549
-0.385187
-0.373139
-0.295571
-0.186
-0.0779386
-0.0137888
-0.0307857
-0.130936
-0.241161
-0.276094
-0.225302
-0.145045
-0.0818696
-0.0443263
-0.0251002
-0.024302
-0.0362098
-0.0449142
-0.0464625
-0.0466781
-0.0589792
-0.0902057
-0.132701
-0.155108
-0.135094
-0.0902543
-0.053878
-0.0355392
-0.0306288
-0.0344615
-0.0421068
-0.0465073
-0.0444648
-0.0415071
-0.0456581
-0.0600023
-0.0824453
-0.105913
-0.118119
-0.10977
-0.0839979
-0.0549467
-0.0341584
-0.0242503
-0.0219537
-0.0223513
-0.022587
-0.0248619
-0.0342437
-0.0537224
-0.0821642
-0.115046
-0.144665
-0.161174
-0.157383
-0.134058
-0.100541
-0.0679603
-0.0428842
-0.0264337
-0.0168783
-0.0118012
-0.00929755
-0.00874064
-0.0100854
-0.0130069
-0.0171325
-0.0224918
-0.0289645
-0.0352844
-0.0389458
-0.0376597
-0.0315485
-0.0230185
-0.0149802
-0.00897254
-0.00501139
-0.00253782
-0.00117732
-0.000720898
-0.000862637
-0.00125289
-0.00168221
-0.00209668
-0.00250941
-0.00300927
-0.00368475
-0.00448905
-0.00521242
-0.00561267
-0.00556511
-0.00511504
-0.00441621
-0.00363833
-0.00291111
-0.00231023
-0.00186557
-0.00157406
-0.00141141
-0.00134333
-0.00133554
-0.00136049
-0.00139878
-0.00143849
-0.00147304
-0.00149742
-0.00150732
-0.00149916
-0.00147113
-0.00142371
-0.00135906
-0.00128133
-0.00119577
-0.00110764
-0.00102156
-0.000941023
-0.000868181
-0.000803933
-0.000748133
-0.000699909
-0.000657982
-0.000620928
-0.000587376
-0.000556129
-0.000526224
-0.00049695
-0.000467838
-0.000438632
-0.000409264
-0.000379791
-0.000350403
-0.000321293
-0.000292785
-0.000264994
-0.000238386
-0.000212644
-0.00018883
-0.000165188
-0.000145298
-0.000122302
-0.000109505
-8.12055e-05
-8.70657e-05
-3.15196e-05
-9.81971e-05
6.4151e-05
-0.000210797
0.000339218
0.109284
0.110927
0.116421
0.124771
0.136692
0.152771
0.168598
0.180655
0.0879997
-0.157098
-0.407771
-0.3763
-0.435107
-0.435677
-0.345723
-0.216369
-0.0975444
-0.0302503
-0.0359177
-0.123463
-0.246057
-0.304962
-0.262112
-0.172414
-0.0985069
-0.0562386
-0.0387441
-0.0455435
-0.0632945
-0.0723372
-0.0678382
-0.0625168
-0.0708294
-0.0982176
-0.138568
-0.163054
-0.146643
-0.102716
-0.0650652
-0.0461004
-0.0420288
-0.0478077
-0.0574469
-0.0623995
-0.0589482
-0.0533811
-0.0546751
-0.0662784
-0.0863608
-0.108321
-0.120264
-0.112842
-0.0888937
-0.061985
-0.0432539
-0.0352633
-0.03476
-0.0365065
-0.0369811
-0.037836
-0.0441574
-0.059312
-0.0826333
-0.110233
-0.135343
-0.149218
-0.145423
-0.1248
-0.0958124
-0.0680689
-0.0468608
-0.0328708
-0.0245029
-0.0195822
-0.0164692
-0.0148744
-0.0149931
-0.0166034
-0.0193186
-0.0231799
-0.0282512
-0.033587
-0.0369569
-0.0360503
-0.0306477
-0.0227493
-0.0150605
-0.00914115
-0.00513028
-0.00261307
-0.00132317
-0.00105811
-0.00144151
-0.00206036
-0.00261972
-0.00296602
-0.0031041
-0.00322445
-0.00356202
-0.0041734
-0.00487087
-0.00536569
-0.00545637
-0.00512035
-0.00447749
-0.00370496
-0.0029544
-0.00232424
-0.00185884
-0.00155926
-0.00139816
-0.00133556
-0.00133228
-0.00135823
-0.00139417
-0.00142892
-0.0014575
-0.00147719
-0.00148464
-0.0014771
-0.00145196
-0.00140806
-0.00134732
-0.00127329
-0.00119054
-0.00110429
-0.00101933
-0.000939311
-0.000866596
-0.000802238
-0.000746201
-0.000697676
-0.000655415
-0.000618012
-0.000584115
-0.000552558
-0.000522407
-0.000492972
-0.000463796
-0.000434618
-0.000405352
-0.000376035
-0.000346834
-0.000317918
-0.000289602
-0.000261972
-0.00023553
-0.000209878
-0.00018625
-0.000162558
-0.000143089
-0.000119595
-0.000108295
-7.75818e-05
-8.95755e-05
-2.29417e-05
-0.000116349
9.75612e-05
-0.000299859
0.000502338
0.112411
0.114388
0.121071
0.13148
0.1476
0.170435
0.204094
0.207382
0.180569
-0.179552
-0.523151
-0.401166
-0.42846
-0.452305
-0.373991
-0.263848
-0.161455
-0.100504
-0.0867963
-0.137681
-0.241512
-0.312992
-0.284349
-0.194276
-0.114483
-0.0695357
-0.055374
-0.0702943
-0.0934392
-0.100727
-0.0877847
-0.0753274
-0.0785467
-0.101278
-0.138312
-0.163785
-0.151449
-0.110819
-0.0741988
-0.0559097
-0.0533095
-0.0613856
-0.0732377
-0.0786477
-0.0732652
-0.0642621
-0.0618602
-0.0700082
-0.0870889
-0.106961
-0.118321
-0.112033
-0.0906898
-0.0670136
-0.0514207
-0.0462724
-0.048302
-0.0518624
-0.0526038
-0.0515149
-0.0538173
-0.0635591
-0.080772
-0.102264
-0.122241
-0.133215
-0.129692
-0.11256
-0.0890751
-0.067031
-0.0503832
-0.03945
-0.0327737
-0.0283519
-0.0247124
-0.021865
-0.020349
-0.0202504
-0.0212894
-0.0234936
-0.0270349
-0.0312509
-0.0342047
-0.0336388
-0.0290222
-0.021953
-0.0148523
-0.00922111
-0.00530672
-0.00287386
-0.00178198
-0.00182905
-0.00256476
-0.0034721
-0.00414399
-0.00432083
-0.00403623
-0.00362952
-0.00348747
-0.00376909
-0.00432835
-0.00485617
-0.00508844
-0.00491784
-0.00440742
-0.00371237
-0.0029952
-0.00237436
-0.00191142
-0.00161539
-0.00145927
-0.00139997
-0.00139532
-0.00141371
-0.00143609
-0.00145354
-0.00146364
-0.00146622
-0.00146057
-0.00144486
-0.0014169
-0.00137519
-0.00131904
-0.00125053
-0.00117383
-0.0010932
-0.00101292
-0.000936525
-0.000866402
-0.000803688
-0.000748459
-0.000700037
-0.000657329
-0.000619097
-0.00058416
-0.000551499
-0.000520306
-0.00048998
-0.000460123
-0.000430497
-0.000401012
-0.000371673
-0.000342606
-0.000313926
-0.00028591
-0.000258587
-0.000232464
-0.000207054
-0.00018372
-0.000160098
-0.000141044
-0.000117183
-0.000107133
-7.44049e-05
-9.15424e-05
-1.54908e-05
-0.000131922
0.000126758
-0.000379772
0.000649121
0.114738
0.116979
0.124555
0.136697
0.15604
0.186187
0.233265
0.271225
0.323954
-0.150782
-0.401573
-0.413041
-0.427081
-0.380819
-0.313823
-0.262347
-0.228332
-0.189026
-0.175554
-0.22473
-0.291328
-0.28212
-0.203403
-0.126197
-0.0826856
-0.0739657
-0.0972339
-0.125494
-0.128529
-0.104995
-0.0841845
-0.0816792
-0.0993063
-0.132185
-0.15752
-0.149349
-0.113825
-0.0803805
-0.0641579
-0.0637723
-0.0745562
-0.0888007
-0.0945055
-0.0866641
-0.073522
-0.0668156
-0.0710647
-0.0847499
-0.102117
-0.112606
-0.107549
-0.0893733
-0.0697838
-0.0582479
-0.0567926
-0.0620549
-0.0678564
-0.0688824
-0.0653936
-0.0628846
-0.0663869
-0.0768549
-0.0918175
-0.106409
-0.114428
-0.111434
-0.0983063
-0.0808774
-0.0650142
-0.0534139
-0.0461003
-0.0416795
-0.0381654
-0.0341008
-0.0297446
-0.0261291
-0.0238898
-0.0229948
-0.0234327
-0.025384
-0.0284071
-0.0308571
-0.0305921
-0.0268048
-0.0207107
-0.0143927
-0.0092329
-0.00557451
-0.00337944
-0.00262887
-0.00310111
-0.00424823
-0.0054126
-0.00602508
-0.00584395
-0.00500022
-0.004004
-0.00334669
-0.00324877
-0.00360128
-0.00410012
-0.00444321
-0.00446071
-0.00414345
-0.00359963
-0.00298504
-0.00242872
-0.00200701
-0.00173873
-0.00160035
-0.00154866
-0.00154041
-0.0015439
-0.00154165
-0.001528
-0.00150462
-0.00147528
-0.00144327
-0.00140901
-0.00137059
-0.00132549
-0.00127245
-0.00121113
-0.00114296
-0.00107131
-0.000999532
-0.000930405
-0.000865954
-0.000807248
-0.000754455
-0.000707093
-0.000664319
-0.000625152
-0.000588683
-0.000554182
-0.000521093
-0.000489025
-0.000457719
-0.000427014
-0.00039684
-0.000367176
-0.000338089
-0.00030962
-0.00028197
-0.000255086
-0.000229435
-0.000204438
-0.000181523
-0.000158121
-0.000139485
-0.000115437
-0.000106315
-7.21449e-05
-9.29776e-05
-1.00589e-05
-0.000143369
0.000148383
-0.000440165
0.000760119
0.116158
0.118546
0.126643
0.139759
0.161111
0.195493
0.252099
0.318611
0.427147
-0.383209
-0.391022
-0.371672
-0.365864
-0.375068
-0.358482
-0.290456
-0.214945
-0.203731
-0.244021
-0.253326
-0.195689
-0.130383
-0.0934077
-0.0925864
-0.124583
-0.157175
-0.153198
-0.117675
-0.0883495
-0.0802508
-0.0928047
-0.12105
-0.145202
-0.140921
-0.111599
-0.0830018
-0.0701019
-0.0726735
-0.0865604
-0.103279
-0.109046
-0.0982907
-0.0805482
-0.0692498
-0.0694746
-0.0796474
-0.0942884
-0.103682
-0.0998461
-0.0851423
-0.0701875
-0.0633773
-0.0662949
-0.0753631
-0.0837446
-0.0850686
-0.0788526
-0.0709914
-0.0677603
-0.0712374
-0.0796749
-0.0890129
-0.0942491
-0.0919759
-0.0830317
-0.0717633
-0.0621925
-0.055928
-0.05273
-0.0511272
-0.0489405
-0.0445561
-0.0384335
-0.0322581
-0.0274516
-0.0243833
-0.0229951
-0.0233641
-0.0251837
-0.0270833
-0.027082
-0.0241475
-0.0191229
-0.013725
-0.00918556
-0.00593847
-0.00413982
-0.00386278
-0.00482492
-0.00633372
-0.00756809
-0.00789232
-0.00713037
-0.0056823
-0.00415308
-0.00305937
-0.00262683
-0.00276447
-0.00318662
-0.00358803
-0.00376676
-0.0036573
-0.00331705
-0.0028693
-0.00243917
-0.00210885
-0.00190394
-0.00180511
-0.00177093
-0.00175958
-0.00174164
-0.00170387
-0.00164621
-0.00157594
-0.00150279
-0.0014342
-0.00137287
-0.00131771
-0.0012655
-0.00121282
-0.00115771
-0.00109979
-0.00103976
-0.000979351
-0.000920474
-0.000864515
-0.000812185
-0.000763571
-0.000718322
-0.000675892
-0.000635725
-0.000597363
-0.000560482
-0.00052488
-0.000490432
-0.000457084
-0.000424793
-0.000393533
-0.000363265
-0.000333994
-0.000305668
-0.000278395
-0.000252016
-0.000226928
-0.00020246
-0.000180043
-0.000156984
-0.000138728
-0.00011469
-0.000106094
-7.11827e-05
-9.39046e-05
-7.36996e-06
-0.000149477
0.000159693
-0.000472444
0.000819228
0.116608
0.119014
0.12717
0.140385
0.161895
0.196549
0.253553
0.331022
0.490008
-0.356672
-0.355567
-0.36012
-0.40848
-0.461691
-0.44801
-0.347421
-0.227428
-0.171721
-0.179313
-0.20146
-0.17093
-0.124855
-0.0989872
-0.108537
-0.149824
-0.184989
-0.171505
-0.124135
-0.0875321
-0.0747516
-0.0826881
-0.106175
-0.128311
-0.127338
-0.104565
-0.0818185
-0.0731618
-0.0792962
-0.0965687
-0.115695
-0.121235
-0.107268
-0.0848061
-0.0690082
-0.0654113
-0.0722247
-0.0841235
-0.0922802
-0.0895619
-0.0783678
-0.0682528
-0.0665224
-0.0742379
-0.087478
-0.098643
-0.100278
-0.0911872
-0.0777534
-0.0676741
-0.0643066
-0.0666112
-0.0711689
-0.0739821
-0.0725308
-0.0676168
-0.0622113
-0.0587286
-0.0578955
-0.0591931
-0.0608959
-0.0604129
-0.0558126
-0.0477165
-0.0385952
-0.0308535
-0.0254127
-0.0221857
-0.0210404
-0.0216988
-0.0230355
-0.0232629
-0.0211915
-0.017281
-0.0128761
-0.00905851
-0.006356
-0.00509337
-0.00538005
-0.00681505
-0.00853043
-0.00957525
-0.0093592
-0.00796808
-0.00598496
-0.00406372
-0.00267309
-0.00200046
-0.00195684
-0.00227805
-0.00267771
-0.00295295
-0.00301599
-0.00288562
-0.00263918
-0.0023817
-0.00218702
-0.00207924
-0.00204025
-0.00203146
-0.00201539
-0.00196917
-0.0018871
-0.00177728
-0.00165452
-0.00153426
-0.00142714
-0.00133744
-0.00126415
-0.00120334
-0.00115031
-0.00110094
-0.00105267
-0.00100464
-0.000956853
-0.000909616
-0.000863351
-0.00081837
-0.000774661
-0.000732044
-0.000690327
-0.000649326
-0.000608986
-0.00056948
-0.000531033
-0.000493872
-0.000458173
-0.000424034
-0.000391481
-0.000360458
-0.000330906
-0.000302679
-0.000275774
-0.000249925
-0.000225432
-0.000201548
-0.000179647
-0.000157003
-0.000139043
-0.000115193
-0.000106667
-7.17806e-05
-9.43902e-05
-7.87475e-06
-0.000149632
0.000159119
-0.000471818
0.000817405
0.116081
0.118375
0.126125
0.138558
0.158366
0.189299
0.237578
0.304823
0.418082
-0.33967
-0.338523
-0.330121
-0.356722
-0.442117
-0.515064
-0.488027
-0.355501
-0.210466
-0.125679
-0.115305
-0.13548
-0.133404
-0.10907
-0.0972328
-0.119388
-0.170664
-0.205502
-0.180572
-0.123409
-0.0820632
-0.0660796
-0.0701123
-0.088977
-0.108535
-0.11011
-0.093574
-0.0769516
-0.072987
-0.0830222
-0.103756
-0.125045
-0.13005
-0.112801
-0.0859063
-0.0660991
-0.0591818
-0.0630164
-0.0723388
-0.0792085
-0.0774358
-0.0695434
-0.0641294
-0.0674841
-0.0801078
-0.0976187
-0.1116
-0.113558
-0.101656
-0.0827908
-0.066145
-0.0564407
-0.0533198
-0.0538126
-0.0546521
-0.0540496
-0.0527549
-0.0526084
-0.054764
-0.0592666
-0.0652718
-0.0706244
-0.0721303
-0.0674152
-0.0572332
-0.0449213
-0.0339973
-0.0260579
-0.0210282
-0.018486
-0.0180625
-0.0188368
-0.0192475
-0.0180229
-0.0152272
-0.0118317
-0.00879241
-0.00673824
-0.00611685
-0.0070025
-0.00882645
-0.0105526
-0.0111898
-0.0103478
-0.00837807
-0.00600871
-0.00386683
-0.00232496
-0.00151042
-0.0013319
-0.00155007
-0.00190506
-0.00221149
-0.00238436
-0.00241902
-0.002363
-0.00228724
-0.00224341
-0.0022443
-0.00226907
-0.00228248
-0.0022549
-0.00217407
-0.0020445
-0.00188351
-0.00171378
-0.00155374
-0.00141543
-0.00130343
-0.00121636
-0.00114939
-0.00109656
-0.00105248
-0.00101311
-0.000975717
-0.000938854
-0.000901927
-0.000864552
-0.000826361
-0.000787121
-0.000746727
-0.000705251
-0.000663059
-0.000620687
-0.000578688
-0.000537635
-0.000498036
-0.00046026
-0.00042451
-0.000390847
-0.000359193
-0.000329423
-0.000301305
-0.000274735
-0.000249359
-0.000225378
-0.000202004
-0.000180512
-0.000158251
-0.000140417
-0.000116876
-0.000107929
-7.38147e-05
-9.43173e-05
-1.14587e-05
-0.000143766
0.000146765
-0.000438343
0.000754932
0.114626
0.116689
0.12365
0.134523
0.151377
0.17544
0.210957
0.254301
0.268737
-0.2533
-0.341456
-0.323221
-0.313265
-0.350563
-0.45165
-0.526286
-0.480475
-0.331538
-0.178616
-0.0784896
-0.0572534
-0.0682875
-0.0876519
-0.0834256
-0.0867785
-0.123384
-0.184596
-0.215111
-0.178471
-0.11558
-0.0728749
-0.0553872
-0.0562861
-0.0708107
-0.0875075
-0.0908258
-0.0797264
-0.068835
-0.0694854
-0.0834
-0.107399
-0.130426
-0.134608
-0.114285
-0.0836671
-0.0607082
-0.0512047
-0.0525967
-0.0596463
-0.0652668
-0.06423
-0.0592302
-0.0580674
-0.0661647
-0.0834655
-0.105048
-0.121688
-0.123983
-0.10955
-0.0857601
-0.063211
-0.0479814
-0.040356
-0.0376364
-0.0370008
-0.0371903
-0.0389263
-0.0432458
-0.050414
-0.0599664
-0.0706801
-0.0798291
-0.0834841
-0.0787525
-0.0664967
-0.0509393
-0.0367621
-0.026313
-0.0195744
-0.0157938
-0.0143947
-0.0145951
-0.0150964
-0.014638
-0.0129173
-0.0105178
-0.00828906
-0.0069625
-0.0070515
-0.00852715
-0.0106296
-0.0122018
-0.0123241
-0.0108883
-0.00848327
-0.00590532
-0.00370272
-0.00213214
-0.00125596
-0.000984334
-0.00110991
-0.0014018
-0.00169787
-0.00192297
-0.00206231
-0.00214884
-0.0022217
-0.00230417
-0.002393
-0.00246287
-0.00248309
-0.00243501
-0.00231685
-0.00214441
-0.00194442
-0.00174182
-0.00155619
-0.00139927
-0.00127486
-0.00118079
-0.00111151
-0.00106034
-0.00102101
-0.000988478
-0.000959142
-0.000930543
-0.000901047
-0.000869642
-0.00083573
-0.00079906
-0.000759708
-0.000718057
-0.000674746
-0.000630619
-0.000586584
-0.0005435
-0.000502068
-0.00046278
-0.000425895
-0.000391483
-0.000359432
-0.000329562
-0.000301573
-0.000275281
-0.000250274
-0.000226667
-0.000203672
-0.00018243
-0.000160465
-0.000142559
-0.000119407
-0.000109573
-7.69021e-05
-9.35112e-05
-1.75576e-05
-0.000132442
0.000124338
-0.00037694
0.000641316
0.112338
0.114093
0.119957
0.128912
0.141796
0.159417
0.177729
0.193957
0.155092
-0.16917
-0.43012
-0.324444
-0.301026
-0.305612
-0.35866
-0.457616
-0.508309
-0.44014
-0.291057
-0.147995
-0.0461459
-0.0072531
-0.011037
-0.0322433
-0.047247
-0.0679325
-0.120969
-0.18991
-0.211761
-0.165332
-0.101979
-0.061326
-0.0438642
-0.0423012
-0.0528008
-0.0665713
-0.0709006
-0.0641775
-0.0581221
-0.0628184
-0.0801979
-0.106973
-0.131165
-0.134307
-0.111409
-0.0781612
-0.0531969
-0.0419808
-0.0415351
-0.0466929
-0.0511761
-0.0506585
-0.0480043
-0.0503933
-0.0625772
-0.0839939
-0.109158
-0.128118
-0.130754
-0.114269
-0.0863937
-0.0589378
-0.0392242
-0.0281294
-0.0230841
-0.0214661
-0.0223299
-0.0264284
-0.0343322
-0.0457664
-0.0598975
-0.0750851
-0.0879496
-0.0937705
-0.0891182
-0.0749366
-0.056294
-0.0390039
-0.0261827
-0.0179041
-0.0130808
-0.0108431
-0.0104493
-0.0108741
-0.010993
-0.0102406
-0.00881343
-0.00743316
-0.00690561
-0.00774938
-0.00978123
-0.0120535
-0.0133593
-0.0129623
-0.0110465
-0.00838708
-0.00577136
-0.00363629
-0.00212569
-0.00124511
-0.000911396
-0.000956348
-0.001186
-0.00145415
-0.00169142
-0.00188752
-0.00206158
-0.00222732
-0.00238581
-0.0025205
-0.0026039
-0.00261265
-0.00253691
-0.00238627
-0.00218562
-0.0019634
-0.00174502
-0.00154904
-0.00138572
-0.00125773
-0.00116227
-0.00109347
-0.00104437
-0.00100845
-0.000980221
-0.000955507
-0.000931334
-0.000905697
-0.000877272
-0.000845283
-0.000809472
-0.000770044
-0.000727612
-0.000683108
-0.000637622
-0.00059224
-0.000547938
-0.00050549
-0.000465421
-0.000427995
-0.00039326
-0.000361077
-0.00033122
-0.000303351
-0.000277236
-0.000252438
-0.000229011
-0.000206207
-0.000185015
-0.000163225
-0.000145046
-0.00012233
-0.000111221
-8.0543e-05
-9.18543e-05
-2.53636e-05
-0.000116842
9.46582e-05
-0.00029629
0.000492925
0.109346
0.110737
0.11536
0.122102
0.131098
0.141568
0.1481
0.14059
0.0682799
-0.13194
-0.309245
-0.290694
-0.294848
-0.301765
-0.348987
-0.423071
-0.444432
-0.372076
-0.244597
-0.12475
-0.0319897
0.0213714
0.0309324
0.0219315
-0.00507813
-0.0447572
-0.113873
-0.183957
-0.194174
-0.143032
-0.084775
-0.0488689
-0.0325217
-0.029025
-0.0357895
-0.0466947
-0.0514136
-0.0479687
-0.0455829
-0.0533759
-0.0734488
-0.102253
-0.126942
-0.128931
-0.104225
-0.0697349
-0.0440787
-0.0320557
-0.030359
-0.0340183
-0.0375246
-0.0373324
-0.0364126
-0.0414855
-0.0568508
-0.08154
-0.109544
-0.130332
-0.133309
-0.115402
-0.0845409
-0.0534313
-0.030421
-0.0169131
-0.0103829
-0.00821774
-0.00961879
-0.0154138
-0.0260086
-0.0408844
-0.0589523
-0.0781431
-0.0944091
-0.102267
-0.0977866
-0.0819633
-0.0606112
-0.0405665
-0.0256722
-0.0161115
-0.0104808
-0.00758064
-0.00660852
-0.0067596
-0.0071584
-0.0071549
-0.00664508
-0.00616244
-0.00650421
-0.00812453
-0.0106539
-0.0129893
-0.0139619
-0.0131112
-0.0108798
-0.00815169
-0.0056403
-0.00366047
-0.00226341
-0.00141433
-0.00104035
-0.00101377
-0.00117888
-0.00141007
-0.00164506
-0.00186827
-0.0020826
-0.00228793
-0.00247219
-0.00261222
-0.00268317
-0.00266801
-0.0025669
-0.00239698
-0.00218433
-0.00195683
-0.00173788
-0.00154362
-0.00138249
-0.00125631
-0.00116212
-0.00109428
-0.00104615
-0.00101134
-0.000984388
-0.00096101
-0.000938021
-0.00091319
-0.000885091
-0.000852974
-0.000816684
-0.000776569
-0.000733375
-0.000688119
-0.000641955
-0.000596013
-0.000551286
-0.000508541
-0.000468283
-0.000430754
-0.000395978
-0.000363797
-0.000333967
-0.000306138
-0.000280056
-0.000255296
-0.00023186
-0.000209081
-0.000187772
-0.000166063
-0.000147461
-0.000125226
-0.000112573
-8.4289e-05
-8.93778e-05
-3.4029e-05
-9.85695e-05
6.10569e-05
-0.00020681
0.000329222
0.1058
0.106812
0.110137
0.11472
0.120054
0.124852
0.123094
0.106222
0.0421447
-0.11803
-0.233976
-0.238605
-0.258793
-0.278945
-0.315858
-0.361455
-0.366445
-0.305834
-0.20595
-0.108917
-0.0291592
0.0266731
0.0522343
0.0546426
0.0277647
-0.0280978
-0.105358
-0.166564
-0.165042
-0.11576
-0.0666569
-0.036796
-0.0220719
-0.0170626
-0.0203662
-0.0284689
-0.0330467
-0.0319005
-0.0320014
-0.0417341
-0.0634711
-0.093376
-0.117869
-0.11872
-0.0931844
-0.0589918
-0.0339735
-0.0219765
-0.0195264
-0.0220366
-0.0247458
-0.0247278
-0.0249384
-0.0317505
-0.049229
-0.0761428
-0.106065
-0.128083
-0.131393
-0.112786
-0.0802037
-0.0468501
-0.0217902
-0.0068708
0.00040457
0.00275013
0.000947114
-0.00593252
-0.0183619
-0.0358114
-0.0570314
-0.0795449
-0.0986895
-0.108322
-0.104102
-0.0870417
-0.0635478
-0.0413038
-0.0247812
-0.0142805
-0.00811742
-0.00477173
-0.00331646
-0.00307438
-0.00344238
-0.00387604
-0.00415392
-0.00458599
-0.00583014
-0.00818886
-0.0111008
-0.0133802
-0.0139965
-0.0128007
-0.0104416
-0.00781194
-0.00550803
-0.00373235
-0.00247341
-0.00167591
-0.0012784
-0.00118903
-0.00128996
-0.00148008
-0.00169814
-0.00192158
-0.00214272
-0.0023511
-0.00252815
-0.00265039
-0.00269719
-0.00265964
-0.00254404
-0.002369
-0.00215952
-0.00194039
-0.00173159
-0.00154661
-0.00139235
-0.00127022
-0.00117766
-0.00110971
-0.0010605
-0.0010242
-0.000995682
-0.000970782
-0.000946355
-0.00092019
-0.000890867
-0.000857659
-0.000820446
-0.000779615
-0.000735943
-0.000690456
-0.000644278
-0.000598481
-0.000553988
-0.000511501
-0.000471476
-0.000434122
-0.00039945
-0.000367301
-0.000337437
-0.00030953
-0.000283324
-0.000258434
-0.000234825
-0.000211931
-0.00019038
-0.000168683
-0.000149565
-0.000127848
-0.000113507
-8.7855e-05
-8.63008e-05
-4.28517e-05
-7.94058e-05
2.67146e-05
-0.000118506
0.000168612
0.101854
0.10249
0.104556
0.107081
0.10926
0.109235
0.101956
0.0787877
0.0235244
-0.0915126
-0.188265
-0.211392
-0.235256
-0.253422
-0.278985
-0.307563
-0.305472
-0.256377
-0.177721
-0.098191
-0.0302298
0.0217125
0.052468
0.0588089
0.0359925
-0.0231729
-0.0964953
-0.140948
-0.130074
-0.0881216
-0.0498228
-0.0259474
-0.0128951
-0.00677394
-0.00696221
-0.0122267
-0.016173
-0.0164914
-0.0180987
-0.0286211
-0.0508878
-0.0808962
-0.104538
-0.104388
-0.0791128
-0.0467373
-0.0235418
-0.0122433
-0.00940798
-0.0110358
-0.0131176
-0.0131724
-0.0139785
-0.0216025
-0.0400618
-0.0680437
-0.0988691
-0.121474
-0.125105
-0.106546
-0.0735586
-0.0394136
-0.0135282
0.00191292
0.00933145
0.0115683
0.00947733
0.00203874
-0.0114368
-0.0305804
-0.0540671
-0.0790657
-0.100407
-0.111451
-0.107571
-0.0897659
-0.0648444
-0.0411076
-0.0235112
-0.0124665
-0.00607095
-0.00252174
-0.000757427
-0.000162756
-0.000318885
-0.000906951
-0.00176887
-0.00303504
-0.00510657
-0.00804918
-0.0111426
-0.0132237
-0.013504
-0.0121061
-0.00979947
-0.00739789
-0.00536276
-0.00380893
-0.00269362
-0.00195815
-0.00155345
-0.00141421
-0.00145376
-0.00159255
-0.00177757
-0.00198111
-0.00218658
-0.00237715
-0.00253212
-0.00263005
-0.00265568
-0.00260537
-0.0024876
-0.00232014
-0.00212486
-0.0019226
-0.00172992
-0.00155795
-0.00141251
-0.00129499
-0.00120352
-0.00113417
-0.00108205
-0.00104217
-0.00100995
-0.000981582
-0.000954098
-0.000925354
-0.000893971
-0.000859248
-0.000821072
-0.000779802
-0.000736143
-0.000691016
-0.000645417
-0.0006003
-0.000556482
-0.000514584
-0.000475007
-0.00043794
-0.000403394
-0.000371231
-0.00034124
-0.000313132
-0.000286673
-0.000261529
-0.000237636
-0.000214543
-0.000192679
-0.000170965
-0.000151294
-0.000130118
-0.00011406
-9.11133e-05
-8.29518e-05
-5.13095e-05
-6.098e-05
-5.74252e-06
-3.9194e-05
2.52863e-05
0.097658
0.097946
0.0988414
0.0995466
0.0990686
0.0954408
0.0844854
0.0590558
0.0106528
-0.0780805
-0.156606
-0.184261
-0.209369
-0.228952
-0.249337
-0.266805
-0.260231
-0.219686
-0.156722
-0.0911356
-0.0332536
0.012019
0.0413215
0.0497951
0.0296621
-0.0200364
-0.0771665
-0.105625
-0.0940459
-0.0635193
-0.0355416
-0.0167046
-0.0051343
0.00168295
0.00409896
0.00180241
-0.00100843
-0.00203198
-0.00448636
-0.0148824
-0.0366148
-0.065767
-0.0879834
-0.0870491
-0.0631255
-0.0338837
-0.0134067
-0.00326429
-0.000276482
-0.00119374
-0.00278115
-0.00285146
-0.00383223
-0.0114447
-0.0297899
-0.0576771
-0.088387
-0.110945
-0.114885
-0.0970905
-0.0649566
-0.0314006
-0.00581474
0.00940576
0.0165233
0.0184452
0.0161511
0.00857562
-0.00524764
-0.0252271
-0.0500475
-0.0766073
-0.0993736
-0.111406
-0.107933
-0.0899208
-0.0643681
-0.0399331
-0.0218777
-0.0106982
-0.0043567
-0.000839784
0.00102081
0.00182472
0.0018666
0.0012447
5.95163e-07
-0.00190838
-0.00459134
-0.00783908
-0.0108462
-0.0125923
-0.012585
-0.0111398
-0.00903289
-0.00694127
-0.00519836
-0.00386284
-0.00288602
-0.00221712
-0.00181856
-0.00164342
-0.00162937
-0.00171579
-0.00185746
-0.00202599
-0.00220106
-0.00236304
-0.00249134
-0.00256723
-0.00257903
-0.00252558
-0.00241514
-0.00226313
-0.00208774
-0.00190604
-0.00173162
-0.00157375
-0.00143755
-0.00132461
-0.00123384
-0.00116239
-0.00110643
-0.00106187
-0.00102484
-0.000991981
-0.000960601
-0.000928712
-0.000894995
-0.00085874
-0.000819771
-0.000778346
-0.000735038
-0.00069062
-0.000645933
-0.000601784
-0.000558869
-0.00051772
-0.000478688
-0.000441947
-0.000407519
-0.0003753
-0.000345118
-0.000316735
-0.000289945
-0.000264476
-0.000240237
-0.0002169
-0.000194692
-0.000172945
-0.000152718
-0.000132085
-0.000114366
-9.40463e-05
-7.96788e-05
-5.90618e-05
-4.4545e-05
-3.4483e-05
2.63631e-05
-9.2324e-05
0.093353
0.0933267
0.0931765
0.0923087
0.089678
0.0833397
0.0700497
0.0440691
0.00125896
-0.0681768
-0.132387
-0.163229
-0.189289
-0.208345
-0.224066
-0.234406
-0.225806
-0.191967
-0.140825
-0.0863638
-0.0369885
0.00232591
0.0285918
0.037751
0.0242466
-0.0110272
-0.0513635
-0.0715336
-0.0649657
-0.0446398
-0.0242969
-0.00913468
0.00121414
0.00832894
0.0126668
0.013315
0.0121763
0.0112354
0.00833992
-0.0014667
-0.0218775
-0.0493437
-0.0696271
-0.0681445
-0.0465047
-0.0213343
-0.00408086
0.00468046
0.00769668
0.00739761
0.006228
0.00617294
0.00530162
-0.00165238
-0.0189221
-0.0456425
-0.0752964
-0.0972373
-0.101481
-0.0850827
-0.0549024
-0.023135
0.00119016
0.0156096
0.0221419
0.0236317
0.0211931
0.0137925
0.000208867
-0.0198056
-0.0450373
-0.072225
-0.0956332
-0.108217
-0.105208
-0.0875185
-0.0621391
-0.0378147
-0.0199201
-0.00899256
-0.00294154
0.000355853
0.00213665
0.00297439
0.00306723
0.00239985
0.000923354
-0.00136858
-0.00435311
-0.00758734
-0.0102656
-0.0116061
-0.0113884
-0.010035
-0.00822468
-0.00647536
-0.00501814
-0.00388488
-0.0030365
-0.002435
-0.00205271
-0.00185564
-0.00179867
-0.0018362
-0.00193183
-0.00205928
-0.00219764
-0.00232719
-0.00242877
-0.00248619
-0.00248981
-0.00243876
-0.00234002
-0.00220613
-0.00205175
-0.00189068
-0.00173407
-0.00158981
-0.00146251
-0.00135402
-0.00126396
-0.00119044
-0.00113061
-0.00108127
-0.00103926
-0.00100172
-0.000966288
-0.000931156
-0.000895075
-0.000857329
-0.000817668
-0.00077623
-0.000733431
-0.000689867
-0.000646208
-0.00060311
-0.000561148
-0.000520773
-0.000482292
-0.00044587
-0.000411543
-0.000379247
-0.00034885
-0.000320169
-0.000293028
-0.000267219
-0.000242624
-0.000219037
-0.000196485
-0.000174702
-0.000153943
-0.000133826
-0.000114566
-9.66726e-05
-7.67546e-05
-6.58971e-05
-3.0847e-05
-5.84765e-05
7.64376e-05
-0.000181357
0.0890639
0.0887652
0.0877074
0.0855318
0.0811978
0.0729333
0.0582554
0.0327912
-0.00529382
-0.0612364
-0.114808
-0.145557
-0.170588
-0.188741
-0.201799
-0.208106
-0.198913
-0.170506
-0.128554
-0.0831224
-0.0410307
-0.00686034
0.0164801
0.0261139
0.0185738
-0.00498859
-0.0329591
-0.0480168
-0.044697
-0.0307825
-0.0155213
-0.00304808
0.00625988
0.0133425
0.0188271
0.0219628
0.0229589
0.0228386
0.0198835
0.0106138
-0.00820791
-0.0333621
-0.051157
-0.0492357
-0.0305024
-0.00985325
0.00409174
0.0114547
0.0144378
0.0147055
0.0139397
0.0139283
0.0133172
0.00744241
-0.00800708
-0.032663
-0.0604646
-0.0813186
-0.0858721
-0.0713762
-0.0440097
-0.0149607
0.00735779
0.0205542
0.0263579
0.027391
0.0248538
0.0178322
0.0049427
-0.0144042
-0.0391923
-0.0661347
-0.0894571
-0.10219
-0.0996864
-0.0828011
-0.0583348
-0.0348701
-0.0177059
-0.00736766
-0.00178146
0.00117855
0.00275752
0.00349894
0.00353981
0.00280519
0.00121115
-0.00119925
-0.00416281
-0.00712663
-0.00936424
-0.0103486
-0.0100577
-0.00891222
-0.00744332
-0.00602786
-0.00483035
-0.00387709
-0.00314476
-0.00260835
-0.00224828
-0.00204017
-0.00195152
-0.00194838
-0.00200183
-0.00208903
-0.00219062
-0.00228833
-0.00236498
-0.00240655
-0.00240451
-0.00235743
-0.00227064
-0.00215387
-0.00201865
-0.00187611
-0.00173547
-0.00160347
-0.00148435
-0.00138015
-0.00129105
-0.00121593
-0.0011528
-0.00109922
-0.00105268
-0.00101081
-0.000971592
-0.000933414
-0.000895117
-0.000855981
-0.000815686
-0.000774243
-0.000731919
-0.000689147
-0.00064644
-0.000604315
-0.000563237
-0.000523583
-0.000485618
-0.000449496
-0.00041527
-0.000382908
-0.000352315
-0.00032336
-0.000295893
-0.000269767
-0.000244837
-0.000221014
-0.000198137
-0.000176319
-0.000155064
-0.000135413
-0.000114771
-9.90176e-05
-7.43501e-05
-7.17161e-05
-2.01605e-05
-7.74109e-05
0.000111648
-0.000243233
0.084899
0.0843694
0.0825446
0.0793035
0.073655
0.0640476
0.0486271
0.0241617
-0.009963
-0.0562021
-0.101413
-0.131061
-0.155054
-0.172278
-0.183329
-0.187054
-0.177917
-0.153815
-0.118961
-0.0807555
-0.0447346
-0.0149312
0.00592166
0.0156401
0.0121125
-0.00335038
-0.0221655
-0.0327205
-0.0306853
-0.0206435
-0.00877942
0.00170458
0.0101389
0.0170041
0.0229525
0.0277153
0.0308177
0.0320055
0.0294564
0.0203862
0.00282208
-0.0195618
-0.0341837
-0.0316304
-0.0161339
3.69278e-05
0.0109562
0.0170541
0.0199586
0.020736
0.0204096
0.0204927
0.0201898
0.0155712
0.00240418
-0.0195349
-0.0448821
-0.064307
-0.0691874
-0.0569362
-0.0329394
-0.00720838
0.0126053
0.0243021
0.029336
0.0299708
0.0273874
0.0208566
0.00896498
-0.00915661
-0.032767
-0.0587059
-0.0813199
-0.0938607
-0.0918987
-0.0762127
-0.0532725
-0.0312912
-0.0153281
-0.00584445
-0.000836239
0.00173339
0.00305566
0.00363947
0.00359084
0.00282437
0.00125389
-0.00104456
-0.00375196
-0.00632591
-0.0081783
-0.0089607
-0.00874506
-0.00787234
-0.00673748
-0.0056185
-0.00464456
-0.00384678
-0.00321703
-0.00274117
-0.00240618
-0.002195
-0.00208426
-0.00204906
-0.00206694
-0.00211875
-0.00218736
-0.00225648
-0.00231095
-0.00233855
-0.00233151
-0.00228775
-0.00221097
-0.00210847
-0.00198927
-0.00186228
-0.00173516
-0.00161374
-0.00150189
-0.00140174
-0.00131389
-0.00123781
-0.00117216
-0.00111516
-0.00106484
-0.00101928
-0.000976769
-0.000935901
-0.000895608
-0.000855186
-0.00081426
-0.000772745
-0.000730777
-0.000688649
-0.000646734
-0.00060543
-0.000565107
-0.000526074
-0.00048856
-0.00045271
-0.000418585
-0.000386179
-0.000355429
-0.000326246
-0.000298502
-0.000272103
-0.00024688
-0.000222851
-0.000199681
-0.00017783
-0.000156125
-0.000136878
-0.000115036
-0.00010109
-7.25235e-05
-7.64955e-05
-1.23755e-05
-9.15031e-05
0.000134067
-0.00028193
0.0809497
0.0802299
0.0777711
0.0736839
0.0670442
0.0565427
0.0408143
0.0175462
-0.0132513
-0.0523946
-0.0911972
-0.119144
-0.141637
-0.157685
-0.167295
-0.169583
-0.161016
-0.140523
-0.11132
-0.078968
-0.0479887
-0.0218896
-0.00307289
0.00665882
0.0060547
-0.00354608
-0.0158755
-0.0228014
-0.0209974
-0.0132212
-0.00362764
0.00536354
0.0130391
0.0195964
0.0255617
0.0310007
0.0354335
0.037817
0.0359649
0.0271118
0.0106791
-0.0083281
-0.0192045
-0.0161103
-0.00404133
0.00811248
0.0165306
0.0215698
0.0243383
0.0255272
0.0256884
0.0259533
0.0259538
0.0225491
0.0118038
-0.007068
-0.0295919
-0.0473892
-0.052611
-0.0427415
-0.0223222
-0.000158795
0.0169068
0.0269587
0.0312375
0.0315834
0.0290289
0.0230366
0.0122918
-0.00423692
-0.0261127
-0.0504479
-0.0718674
-0.0839648
-0.0825613
-0.0683489
-0.0473698
-0.0273236
-0.0128981
-0.00444602
-7.36974e-05
0.00209746
0.00315764
0.00356951
0.00343164
0.00267626
0.00123608
-0.000807848
-0.00315934
-0.00535571
-0.00693834
-0.0076595
-0.00758684
-0.0069792
-0.00613093
-0.00525705
-0.00446817
-0.00380156
-0.00326059
-0.00283929
-0.00252984
-0.00232075
-0.00219567
-0.00213661
-0.00212624
-0.00214884
-0.00218963
-0.00223438
-0.00226979
-0.00228506
-0.00227306
-0.00223125
-0.00216193
-0.00207048
-0.0019639
-0.0018494
-0.00173333
-0.00162073
-0.00151517
-0.00141874
-0.00133234
-0.00125586
-0.00118847
-0.00112888
-0.00107558
-0.00102704
-0.000981809
-0.000938668
-0.000896649
-0.000855073
-0.000813531
-0.000771864
-0.000730107
-0.000688439
-0.000647124
-0.000606462
-0.000566743
-0.000528219
-0.000491085
-0.000455474
-0.000421451
-0.000389028
-0.000358166
-0.000328809
-0.000300844
-0.000274226
-0.000248758
-0.000224556
-0.000201128
-0.000179246
-0.000157144
-0.000138232
-0.000115377
-0.000102897
-7.12591e-05
-8.02869e-05
-7.14708e-06
-0.00010133
0.000146374
-0.000302482
0.0772912
0.0764177
0.0734462
0.0686996
0.0613287
0.0502564
0.0344952
0.0124409
-0.0155852
-0.0494732
-0.0832983
-0.1094
-0.130484
-0.14553
-0.154152
-0.155618
-0.147727
-0.130077
-0.105258
-0.077553
-0.050674
-0.0276206
-0.0105041
-0.00078403
0.000783057
-0.00454668
-0.0121337
-0.0162144
-0.0142405
-0.00781885
0.000245897
0.00812309
0.0151433
0.0213554
0.0271195
0.0325899
0.0374455
0.0404184
0.0391504
0.031201
0.0169457
0.00186387
-0.00583395
-0.00320983
0.00550008
0.0144226
0.0209487
0.02514
0.0277053
0.0291613
0.029814
0.0303757
0.03068
0.0283014
0.0197945
0.00398951
-0.0156165
-0.0317376
-0.0372703
-0.0296697
-0.0126761
0.00598691
0.0202947
0.0286788
0.0322357
0.0324035
0.0299728
0.0245375
0.0149567
0.000168407
-0.0196519
-0.0419886
-0.061888
-0.0733796
-0.07251
-0.059883
-0.0410895
-0.0232364
-0.0105354
-0.00319476
0.000534247
0.00232703
0.0031463
0.00339969
0.00318489
0.00245812
0.00117453
-0.000593509
-0.00260244
-0.00448195
-0.00587257
-0.00658055
-0.0066418
-0.00624902
-0.00562611
-0.00494577
-0.00430613
-0.00374811
-0.00328257
-0.00290928
-0.00262439
-0.00242064
-0.002287
-0.0022107
-0.00217861
-0.00217799
-0.00219625
-0.00222096
-0.00224043
-0.00224502
-0.00222814
-0.002187
-0.0021228
-0.00203949
-0.00194251
-0.00183772
-0.00173044
-0.00162505
-0.00152478
-0.00143169
-0.00134681
-0.00127036
-0.00120186
-0.00114041
-0.00108488
-0.00103401
-0.00098661
-0.00094161
-0.000898138
-0.000855546
-0.000813415
-0.000771533
-0.00072986
-0.000688491
-0.000647603
-0.000607418
-0.00056816
-0.000530035
-0.000493209
-0.0004578
-0.000423873
-0.000391455
-0.000360519
-0.000331037
-0.000302905
-0.000276116
-0.000250451
-0.00022611
-0.000202463
-0.000180552
-0.000158107
-0.00013946
-0.000115777
-0.000104439
-7.04797e-05
-8.31805e-05
-3.99782e-06
-0.000107636
0.000151289
-0.000309893
0.0739844
0.0729894
0.0696115
0.0643623
0.056465
0.0450522
0.0294232
0.00850568
-0.0172327
-0.0471808
-0.0771532
-0.101468
-0.12117
-0.135222
-0.14304
-0.144065
-0.136933
-0.121651
-0.100338
-0.0763673
-0.0528182
-0.0322575
-0.0165227
-0.00682865
-0.00364475
-0.00586161
-0.0100018
-0.0118928
-0.00954889
-0.00389545
0.00314562
0.0101881
0.0166443
0.022494
0.0279829
0.0332218
0.0379809
0.0410936
0.0404109
0.0340512
0.0227448
0.011091
0.00508513
0.0065302
0.0125778
0.0192122
0.0243921
0.0279122
0.0302208
0.0317783
0.0328385
0.03379
0.0344345
0.0328622
0.0261719
0.0130673
-0.00384515
-0.018375
-0.0240669
-0.0183445
-0.00433359
0.0111212
0.0228499
0.0296583
0.0325318
0.0325885
0.0303659
0.0255015
0.0170203
0.00391591
-0.0138048
-0.0340119
-0.0522512
-0.0630208
-0.0625853
-0.05147
-0.0348792
-0.0192916
-0.00835273
-0.0021097
0.00101209
0.00246337
0.00307233
0.00319235
0.00291768
0.00222226
0.00107761
-0.000455693
-0.0021831
-0.00381057
-0.00505131
-0.00574561
-0.00590381
-0.00566885
-0.00521463
-0.00468302
-0.00416148
-0.0036918
-0.00328917
-0.00295716
-0.00269483
-0.00249815
-0.00236009
-0.00227181
-0.00222352
-0.00220495
-0.00220542
-0.00221404
-0.00222047
-0.002216
-0.00219454
-0.00215313
-0.00209224
-0.00201472
-0.00192486
-0.00182747
-0.00172705
-0.00162742
-0.00153151
-0.0014413
-0.00135792
-0.00128176
-0.00121263
-0.00114991
-0.00109274
-0.00104012
-0.000991027
-0.000944546
-0.000899883
-0.000856429
-0.000813759
-0.000771629
-0.000729949
-0.000688749
-0.000648144
-0.000608295
-0.000569375
-0.000531553
-0.000494968
-0.000459725
-0.000425888
-0.000393488
-0.000362509
-0.000332941
-0.000304687
-0.000277771
-0.000251951
-0.000227499
-0.000203671
-0.000181733
-0.000159
-0.000140557
-0.000116216
-0.000105731
-7.0093e-05
-8.53097e-05
-2.43149e-06
-0.000111232
0.000151222
-0.00030857
0.0710773
0.0699883
0.0662951
0.0606702
0.0524032
0.0408057
0.0253927
0.00548162
-0.0183961
-0.0453798
-0.0723817
-0.0950956
-0.113595
-0.126828
-0.13411
-0.134938
-0.128503
-0.115075
-0.0964642
-0.0754088
-0.054496
-0.0359253
-0.0212988
-0.0116423
-0.00726449
-0.00721231
-0.00883547
-0.00906188
-0.00630583
-0.00108038
0.00527669
0.011702
0.0176913
0.0231951
0.0283903
0.033349
0.0378513
0.0409021
0.040741
0.0359189
0.0270854
0.0178749
0.0128033
0.013374
0.0176922
0.0228091
0.0270353
0.0300231
0.0320577
0.0335772
0.0348886
0.0362252
0.0372582
0.036346
0.0309976
0.01996
0.00522805
-0.007863
-0.0134041
-0.00897284
0.0025853
0.0152257
0.0246874
0.0301093
0.0323518
0.0323061
0.0303254
0.0260373
0.018564
0.00695983
-0.00886093
-0.0270826
-0.0437104
-0.0536608
-0.0534528
-0.0436277
-0.029117
-0.015715
-0.00644213
-0.00120292
0.00138072
0.00253735
0.00296965
0.00298296
0.00266458
0.00199891
0.000966178
-0.000383994
-0.00189437
-0.00332696
-0.00444712
-0.00511933
-0.00534015
-0.00521595
-0.00488488
-0.00446557
-0.00403597
-0.00363691
-0.00328575
-0.00298842
-0.00274609
-0.0025571
-0.00241736
-0.00232103
-0.0022609
-0.00222876
-0.00221547
-0.00221146
-0.00220745
-0.0021955
-0.00216991
-0.0021277
-0.0020688
-0.00199528
-0.0019106
-0.00181873
-0.00172357
-0.00162846
-0.00153608
-0.0014483
-0.00136628
-0.00129056
-0.00122112
-0.00115757
-0.00109924
-0.00104532
-0.00099495
-0.000947315
-0.0009017
-0.000857528
-0.000814382
-0.000771999
-0.000730254
-0.000689134
-0.000648705
-0.000609083
-0.000570404
-0.000532804
-0.000496401
-0.000461291
-0.00042753
-0.000395155
-0.000364153
-0.000334529
-0.000306188
-0.00027918
-0.00025324
-0.000228704
-0.000204727
-0.000182766
-0.000159798
-0.000141502
-0.000116655
-0.00010678
-6.99854e-05
-8.68051e-05
-1.965e-06
-0.000112868
0.000148161
-0.000302087
0.0686069
0.0674471
0.0635153
0.0576163
0.0490971
0.0374156
0.0222466
0.00318694
-0.0192087
-0.0439698
-0.0687061
-0.0900571
-0.107522
-0.12004
-0.126881
-0.127618
-0.121801
-0.109855
-0.0933557
-0.0745819
-0.0557418
-0.0387411
-0.0249922
-0.0153833
-0.010139
-0.00845153
-0.0082691
-0.00722799
-0.00407842
0.000927318
0.0068302
0.0128004
0.0184107
0.0236053
0.0285211
0.0332141
0.0374574
0.0403889
0.0405417
0.0367685
0.029681
0.0222329
0.0179376
0.0180872
0.0213494
0.0254693
0.0290183
0.0315908
0.0333714
0.0347752
0.0361734
0.0377755
0.0391775
0.0388489
0.0345034
0.0249201
0.0118117
2.7091e-05
-0.00505912
-0.00144323
0.00807944
0.0183429
0.0259374
0.0302233
0.0319136
0.0317447
0.0299779
0.0262338
0.0196697
0.00935573
-0.00487287
-0.0214191
-0.0366017
-0.0456576
-0.0454441
-0.0367032
-0.0241006
-0.012679
-0.00486395
-0.000476647
0.00165846
0.00257206
0.00286128
0.00279202
0.00244327
0.00180446
0.000859065
-0.000352532
-0.00170006
-0.00298518
-0.00401052
-0.00465796
-0.00491707
-0.00486889
-0.00462621
-0.00429022
-0.00393078
-0.00358689
-0.00327676
-0.00300773
-0.00278238
-0.00260079
-0.00246106
-0.00235952
-0.00229099
-0.0022488
-0.00222513
-0.00221143
-0.00219926
-0.00218131
-0.0021522
-0.00210897
-0.00205118
-0.00198038
-0.00189938
-0.00181157
-0.00172034
-0.00162871
-0.00153909
-0.00145329
-0.00137246
-0.00129721
-0.00122767
-0.00116359
-0.00110446
-0.00104961
-0.000998288
-0.000949779
-0.000903422
-0.000858675
-0.000815128
-0.000772511
-0.000730675
-0.000689576
-0.000649248
-0.000609773
-0.000571258
-0.000533817
-0.00049755
-0.000462541
-0.000428843
-0.000396494
-0.000365483
-0.000335825
-0.000307423
-0.000280349
-0.00025432
-0.00022972
-0.000205626
-0.000183644
-0.000160489
-0.000142298
-0.000117073
-0.000107615
-7.00654e-05
-8.78182e-05
-2.19166e-06
-0.000113233
0.000143649
-0.000293221
0.0666013
0.0653898
0.0612831
0.0551904
0.0465048
0.0347983
0.0198617
0.00148619
-0.0197683
-0.0428949
-0.0659462
-0.0862036
-0.102843
-0.114806
-0.12135
-0.122082
-0.116776
-0.10595
-0.0910196
-0.0739488
-0.0566676
-0.0408552
-0.0277715
-0.0182063
-0.0123429
-0.00949647
-0.00802306
-0.00606674
-0.00258142
0.00232018
0.00792708
0.013572
0.0188901
0.0238296
0.0285062
0.0329697
0.0369948
0.0398065
0.0401456
0.0370821
0.0311989
0.0249847
0.0213128
0.0212948
0.0239222
0.0273911
0.0304636
0.0327192
0.0342858
0.0355568
0.0369371
0.0386626
0.0403232
0.0404589
0.0369033
0.0284381
0.016634
0.00601566
0.00140459
0.00434671
0.0121793
0.0205677
0.0267359
0.030152
0.0313936
0.0310929
0.0294833
0.0262001
0.0204142
0.0111844
-0.00173205
-0.0168922
-0.0308107
-0.0390068
-0.038725
-0.0309757
-0.020054
-0.0102876
-0.00364263
7.54098e-05
0.00185969
0.00258304
0.00276158
0.00263085
0.00226193
0.0016458
0.000766385
-0.00034319
-0.0015716
-0.00274802
-0.00370118
-0.00432553
-0.00460705
-0.00460993
-0.00442932
-0.00415366
-0.00384629
-0.00354419
-0.00326568
-0.00301886
-0.00280729
-0.00263225
-0.00249337
-0.00238863
-0.00231428
-0.0022649
-0.00223362
-0.0022127
-0.00219437
-0.00217177
-0.00213981
-0.00209554
-0.0020383
-0.00196928
-0.00189083
-0.00180592
-0.00171757
-0.00162851
-0.001541
-0.00145674
-0.00137689
-0.0013021
-0.00123257
-0.00116818
-0.00110851
-0.001053
-0.001001
-0.000951844
-0.000904928
-0.000859735
-0.000815866
-0.000773046
-0.000731114
-0.000690005
-0.000649728
-0.000610344
-0.000571938
-0.000534606
-0.000498435
-0.000463501
-0.000429853
-0.000397528
-0.000366515
-0.000336835
-0.000308393
-0.000281274
-0.000255179
-0.000230532
-0.000206349
-0.000184348
-0.000161051
-0.000142929
-0.000117433
-0.000108244
-7.02324e-05
-8.84585e-05
-2.75848e-06
-0.000112867
0.000138846
-0.00028401
0.065081
0.0638336
0.0596053
0.0533819
0.0445916
0.0328898
0.0181474
0.000285273
-0.0201384
-0.0421141
-0.0639697
-0.0834068
-0.0994218
-0.110961
-0.117279
-0.11802
-0.113099
-0.103086
-0.0892865
-0.0734445
-0.0572904
-0.0423382
-0.0297399
-0.0202166
-0.0139331
-0.0103007
-0.00795559
-0.00535117
-0.00160294
0.00325678
0.00867496
0.0140944
0.0191977
0.0239414
0.0284312
0.0327157
0.0365744
0.039292
0.0397484
0.0371592
0.0320832
0.0267063
0.0234891
0.0234121
0.0256615
0.0287156
0.0314651
0.0334906
0.0348913
0.0360477
0.0373804
0.0391458
0.0409554
0.0414136
0.0384537
0.0308843
0.0201405
0.0104122
0.00606725
0.00839575
0.0149714
0.0220386
0.0272112
0.0300073
0.0309146
0.0305027
0.0289997
0.0260682
0.0208924
0.0125176
0.000645207
-0.0133921
-0.0262777
-0.0338158
-0.0335888
-0.0267085
-0.0171065
-0.00856902
-0.00276912
0.000468406
0.00199857
0.0025827
0.0026807
0.00250664
0.00212504
0.00152664
0.000694635
-0.000343211
-0.00148842
-0.00258856
-0.00348994
-0.0040958
-0.00439009
-0.00442625
-0.00428759
-0.00405371
-0.00378309
-0.00351093
-0.00325537
-0.00302489
-0.00282367
-0.00265382
-0.00251603
-0.00240938
-0.00233118
-0.00227686
-0.00224028
-0.00221427
-0.00219153
-0.00216557
-0.00213146
-0.00208632
-0.00202934
-0.00196144
-0.0018847
-0.00180178
-0.00171543
-0.00162819
-0.00154219
-0.00145906
-0.00137995
-0.00130552
-0.00123605
-0.00117147
-0.00111146
-0.00105551
-0.00100304
-0.000953435
-0.000906122
-0.000860606
-0.000816498
-0.000773521
-0.000731506
-0.000690375
-0.000650122
-0.000610791
-0.000572454
-0.000535193
-0.000499088
-0.000464207
-0.000430595
-0.000398288
-0.000367277
-0.000337585
-0.000309116
-0.000281967
-0.000255827
-0.000231148
-0.0002069
-0.000184886
-0.000161486
-0.00014341
-0.000117728
-0.000108707
-7.04265e-05
-8.88601e-05
-3.40458e-06
-0.000112251
0.000134607
-0.000275971
0.0640601
0.0627902
0.0584853
0.0521819
0.0433311
0.0316429
0.0170385
-0.000482099
-0.020364
-0.0416059
-0.0626958
-0.0815889
-0.0971906
-0.108454
-0.114637
-0.115403
-0.110743
-0.101257
-0.0881803
-0.073124
-0.0576929
-0.0432945
-0.0310084
-0.0215136
-0.0149679
-0.0108471
-0.00795604
-0.00494433
-0.0010187
0.00382876
0.00913657
0.0144148
0.019378
0.0239902
0.0283536
0.0325168
0.0362636
0.0389175
0.0394446
0.0371471
0.0325683
0.0277099
0.0247879
0.0247006
0.0267408
0.029549
0.0320962
0.0339699
0.0352567
0.0363316
0.0376255
0.0394023
0.041292
0.0419465
0.0393667
0.0323769
0.0223126
0.0131373
0.00893383
0.0108645
0.0166677
0.0229232
0.0274725
0.0298688
0.030555
0.0300686
0.0286343
0.0259369
0.0211719
0.0133762
0.0022153
-0.0110566
-0.0232562
-0.0304045
-0.0302672
-0.0239823
-0.015236
-0.00747912
-0.00221406
0.000716951
0.00208293
0.00257653
0.00262266
0.00242151
0.00203284
0.00144662
0.000645282
-0.000346861
-0.00143923
-0.00249066
-0.00335833
-0.00395109
-0.00425203
-0.0043081
-0.0041954
-0.00398792
-0.00374087
-0.00348814
-0.00324759
-0.00302792
-0.00283362
-0.00266738
-0.00253051
-0.00242283
-0.00234228
-0.00228488
-0.00224492
-0.00221565
-0.00219005
-0.00216187
-0.00212632
-0.00208053
-0.00202364
-0.0019564
-0.0018807
-0.00179902
-0.00171394
-0.00162787
-0.00154285
-0.00146047
-0.00138186
-0.0013077
-0.00123829
-0.00117362
-0.00111339
-0.00105718
-0.00100441
-0.000954518
-0.000906947
-0.000861219
-0.00081695
-0.000773864
-0.000731787
-0.000690634
-0.000650391
-0.000611089
-0.000572792
-0.000535576
-0.000499511
-0.000464664
-0.000431075
-0.000398782
-0.000367773
-0.000338075
-0.00030959
-0.000282422
-0.000256253
-0.000231552
-0.000207263
-0.000185238
-0.000161771
-0.00014372
-0.000117924
-0.000108994
-7.05777e-05
-8.90675e-05
-3.93379e-06
-0.000111646
0.000131473
-0.000270057
0.0635473
0.0622668
0.0579247
0.0515836
0.0427053
0.0310271
0.0164944
-0.000855569
-0.0204699
-0.041354
-0.06207
-0.0806914
-0.0960858
-0.107209
-0.113323
-0.1141
-0.109571
-0.100344
-0.0876235
-0.0729552
-0.0578811
-0.0437558
-0.0316239
-0.0221442
-0.0154728
-0.0111176
-0.00796424
-0.00475562
-0.000741825
0.00410239
0.00935772
0.0145664
0.0194589
0.0240039
0.0283029
0.0324056
0.0360978
0.0387216
0.0392837
0.0371271
0.0327868
0.0281773
0.0253995
0.0253125
0.0272575
0.0299501
0.0323992
0.0341965
0.0354242
0.0364555
0.0377283
0.0395086
0.041436
0.0421829
0.0397763
0.0330488
0.0233018
0.0143967
0.010272
0.0120246
0.0174661
0.023337
0.0275857
0.0297852
0.0303604
0.0298371
0.0284374
0.0258582
0.0212989
0.0137878
0.00296775
-0.00994331
-0.0218164
-0.028773
-0.0286742
-0.022675
-0.0143376
-0.00695371
-0.00194554
0.000836761
0.00212216
0.00257107
0.00259179
0.0023778
0.00198632
0.00140674
0.000620917
-0.000348614
-0.00141513
-0.00244284
-0.00329412
-0.00388053
-0.00418464
-0.00425035
-0.00415031
-0.00395574
-0.00372026
-0.00347708
-0.00324391
-0.00302952
-0.00283861
-0.0026741
-0.00253767
-0.00242945
-0.00234772
-0.00228878
-0.00224716
-0.00221628
-0.00218928
-0.00216002
-0.00212377
-0.00207768
-0.00202084
-0.00195394
-0.00187876
-0.00179769
-0.00171324
-0.00162775
-0.00154321
-0.00146119
-0.00138282
-0.00130878
-0.0012394
-0.00117468
-0.00111435
-0.001058
-0.00100509
-0.000955053
-0.000907356
-0.000861524
-0.000817177
-0.000774039
-0.000731934
-0.000690772
-0.000650534
-0.000611247
-0.000572971
-0.000535776
-0.000499732
-0.000464901
-0.000431323
-0.000399036
-0.000368027
-0.000338326
-0.000309833
-0.000282656
-0.000256472
-0.000231762
-0.000207452
-0.000185424
-0.000161923
-0.000143888
-0.000118032
-0.000109157
-7.06612e-05
-8.92034e-05
-4.19379e-06
-0.000111403
0.000129962
-0.000267114
-0.545992
-0.294064
-0.179553
-0.545992
-0.294065
-0.418952
-0.425408
-0.523151
-0.418952
-0.425408
0.102875
0.408793
0.294643
0.323954
0.102875
0.408793
0.294643
-0.150782
-0.412615
-0.412615
-0.39686
-0.390678
-0.389596
-0.401573
-0.39686
-0.390678
-0.389596
0.489098
0.427147
0.489098
-0.380896
-0.362652
-0.380896
-0.362652
0.433689
0.490008
0.433689
-0.357268
-0.342379
-0.357268
-0.342379
0.31343
0.336599
0.128601
0.418082
0.31343
0.336599
0.128601
-0.114091
-0.114091
-0.350707
-0.350707
-0.339039
-0.341565
-0.331699
-0.33967
-0.339039
-0.341565
-0.331699
-0.14306
-0.479854
-0.2533
-0.14306
-0.479854
-0.36127
-0.452223
-0.355063
-0.361271
-0.452222
-0.355063
-0.346827
-0.20778
-0.422604
-0.157098
-0.346827
-0.207779
-0.422604
-0.392168
-0.4977
-0.413784
-0.407771
-0.392168
-0.497699
-0.413785
0.082219
0.253505
0.0866359
0.180569
0.082219
0.253505
0.0866356
-0.506355
-0.524071
-0.492271
-0.549536
-0.493188
-0.549844
-0.506128
-0.402705
-0.404213
-0.405994
-0.401166
-0.402704
-0.404213
-0.405994
-0.143138
-0.393426
-0.40205
-0.393715
-0.404247
-0.393775
-0.404249
-0.393391
-0.373274
-0.38171
-0.381582
-0.373397
-0.348943
-0.353728
-0.353672
-0.348987
-0.341316
-0.338963
-0.342077
-0.341172
-0.342054
-0.341724
-0.341233
0.112221
0.198143
0.107403
0.268737
0.11222
0.198143
0.107403
-0.381491
-0.250952
-0.16591
-0.168218
-0.384644
-0.329411
-0.336611
-0.317304
-0.341456
-0.329411
-0.336611
-0.317304
-0.367335
-0.122518
-0.296434
-0.169169
-0.367336
-0.122518
-0.296434
-0.347696
-0.349117
-0.328314
-0.430119
-0.347696
-0.349117
-0.328315
-0.435496
-0.547749
-0.422071
-0.570708
-0.423148
-0.571982
-0.434723
-0.433912
-0.291631
-0.204933
-0.207294
-0.437286
-0.435498
-0.547749
-0.422074
-0.570708
-0.42315
-0.571981
-0.434725
-0.433912
-0.291631
-0.204933
-0.207294
-0.437286
-0.440901
-0.425434
-0.422504
-0.422703
-0.441093
-0.506355
-0.52407
-0.492271
-0.549536
-0.493188
-0.549844
-0.506127
-0.440901
-0.425434
-0.422504
-0.422703
-0.441093
0.316659
0.101539
0.247433
0.0876047
0.246701
0.0857141
0.318366
0.365801
0.314299
0.184319
0.427095
0.154381
0.431276
0.368474
0.316659
0.101539
0.247433
0.0876046
0.246701
0.0857142
0.318366
0.365801
0.314299
0.184319
0.427095
0.154381
0.431276
0.368474
-0.143139
-0.412637
-0.412637
-0.389765
-0.388648
-0.398054
-0.382514
-0.399677
-0.382403
-0.389472
-0.393426
-0.40205
-0.393715
-0.404247
-0.393775
-0.404249
-0.393391
-0.389765
-0.388648
-0.398054
-0.382514
-0.399677
-0.382403
-0.389471
0.527628
0.457672
0.46091
0.525518
0.56789
0.590289
0.591407
0.566443
0.527628
0.457672
0.46091
0.525518
0.56789
0.590289
0.591407
0.566443
-0.36656
-0.359797
-0.359721
-0.366659
-0.373274
-0.381709
-0.381582
-0.373397
-0.36656
-0.359796
-0.359721
-0.366659
0.572497
0.591847
0.592954
0.571087
0.535153
0.46841
0.471543
0.533114
0.572497
0.591847
0.592954
0.571087
0.535153
0.46841
0.471543
0.533114
-0.345423
-0.344009
-0.34397
-0.345456
-0.348943
-0.353728
-0.353671
-0.348987
-0.345423
-0.344009
-0.34397
-0.345456
0.379963
0.332536
0.439514
0.206279
0.44356
0.177282
0.382569
0.332713
0.127204
0.11282
0.265981
0.111022
0.265283
0.334352
0.379963
0.332536
0.439514
0.206279
0.44356
0.177282
0.382568
0.332713
0.127203
0.11282
0.265981
0.111022
0.265283
0.334352
-0.106754
-0.106754
-0.350673
-0.350673
-0.339834
-0.341758
-0.343167
-0.337383
-0.343098
-0.337442
-0.339827
-0.341317
-0.338963
-0.342077
-0.341173
-0.342054
-0.341724
-0.341233
-0.339835
-0.341758
-0.343167
-0.337383
-0.343099
-0.337442
-0.339827
-0.377705
-0.481491
-0.502534
-0.366194
-0.503765
-0.367212
-0.376888
-0.381491
-0.250952
-0.16591
-0.168219
-0.384644
-0.377707
-0.481491
-0.502534
-0.366196
-0.503765
-0.367213
-0.37689
-0.375892
-0.361264
-0.35938
-0.359517
-0.376114
-0.436401
-0.453079
-0.476796
-0.423904
-0.477093
-0.424741
-0.436216
-0.375892
-0.361264
-0.35938
-0.359517
-0.376114
-0.436401
-0.453078
-0.476795
-0.423905
-0.477092
-0.424741
-0.436217
-0.432343
-0.180512
-0.380476
-0.199589
-0.380375
-0.201829
-0.433336
0.322102
0.29965
0.366544
0.271225
0.322102
0.29965
0.366544
-0.42525
-0.4007
-0.424612
-0.413041
-0.42525
-0.4007
-0.424612
0.400803
0.329995
0.41951
0.318611
0.400803
0.329995
0.41951
0.529942
0.428426
0.502837
0.464012
0.504358
0.465125
0.528674
-0.390997
-0.370027
-0.379756
-0.383209
-0.390997
-0.370027
-0.379756
0.420842
0.321834
0.404756
0.331022
0.420842
0.321834
0.404756
0.556653
0.49112
0.565026
0.482353
0.566211
0.483496
0.555444
-0.364145
-0.346935
-0.345275
-0.356673
-0.364145
-0.346935
-0.345275
0.373124
0.27839
0.331042
0.304823
0.373124
0.27839
0.331042
-0.341602
-0.330574
-0.32041
-0.338523
-0.341602
-0.330574
-0.32041
-0.341582
-0.33819
-0.342422
-0.33823
-0.342561
-0.332746
-0.332648
-0.432342
-0.180512
-0.380476
-0.199589
-0.380375
-0.201829
-0.433335
-0.443996
-0.419271
-0.43351
-0.432545
-0.434008
-0.432675
-0.443971
-0.443996
-0.419271
-0.433511
-0.432545
-0.434009
-0.432675
-0.443971
0.553672
0.490213
0.479533
0.564018
0.480685
0.565205
0.552457
0.529942
0.428426
0.502837
0.464012
0.504358
0.465125
0.528674
0.553672
0.490213
0.479533
0.564018
0.480685
0.565205
0.552457
-0.372023
-0.380789
-0.377371
-0.374708
-0.377174
-0.374631
-0.372163
-0.3658
-0.362592
-0.368537
-0.360282
-0.368464
-0.36021
-0.365897
-0.372023
-0.380789
-0.377371
-0.374708
-0.377174
-0.374631
-0.372163
-0.3658
-0.362592
-0.368537
-0.360282
-0.368464
-0.36021
-0.365897
0.5349
0.434948
0.468581
0.50966
0.469681
0.511162
0.533642
0.556653
0.49112
0.565026
0.482353
0.566211
0.483496
0.555444
0.5349
0.434948
0.468581
0.50966
0.469681
0.511162
0.533642
-0.350522
-0.357217
-0.354965
-0.351766
-0.354909
-0.351724
-0.350573
-0.346598
-0.342371
-0.347974
-0.343841
-0.347942
-0.343809
-0.346654
-0.350522
-0.357217
-0.354965
-0.351766
-0.354909
-0.351724
-0.350573
-0.346598
-0.34237
-0.347973
-0.343841
-0.347942
-0.343809
-0.346654
-0.379436
-0.143966
-0.161906
-0.331961
-0.164031
-0.33184
-0.380339
-0.379436
-0.143966
-0.161906
-0.331961
-0.164031
-0.33184
-0.380339
-0.378789
-0.355345
-0.366797
-0.368906
-0.36692
-0.369372
-0.378807
-0.378789
-0.355345
-0.366797
-0.368906
-0.36692
-0.369372
-0.378807
0.0810838
0.0689479
0.194322
0.0645546
0.193556
0.137182
0.13777
0.0810836
0.0689478
0.194322
0.0645545
0.193555
0.137182
0.13777
-0.404442
-0.405371
-0.398551
-0.40559
-0.398588
-0.393969
-0.393885
-0.404442
-0.405371
-0.398551
-0.405589
-0.398588
-0.393969
-0.393885
0.106815
0.214815
0.0956886
0.214075
0.0914187
0.159338
0.159905
0.106815
0.214815
0.0956885
0.214075
0.0914186
0.159338
0.159905
-0.341582
-0.33819
-0.342423
-0.33823
-0.342561
-0.332746
-0.332648
0.0380609
0.135683
0.0551308
0.0879997
0.0380608
0.135683
0.0551308
-0.381277
-0.390448
-0.427062
-0.3763
-0.381277
-0.390447
-0.427062
0.242122
0.245379
0.276994
0.207382
0.242122
0.245379
0.276994
-0.438122
-0.426957
-0.455192
-0.42846
-0.438122
-0.426957
-0.455192
0.287974
0.217736
0.254959
0.254301
0.287974
0.217736
0.254959
-0.322749
-0.316282
-0.301524
-0.323221
-0.322749
-0.316283
-0.301524
0.0810237
0.108025
0.0643938
0.155092
0.0810236
0.108025
0.0643937
-0.335483
-0.309745
-0.289466
-0.324444
-0.335483
-0.309745
-0.289466
)
;

boundaryField
{
    inlet
    {
        type            zeroGradient;
    }
    outlet
    {
        type            fixedValue;
        value           uniform 0;
    }
    top
    {
        type            symmetryPlane;
    }
    bottom
    {
        type            symmetryPlane;
    }
    front
    {
        type            symmetryPlane;
    }
    back
    {
        type            symmetryPlane;
    }
    cylinder
    {
        type            zeroGradient;
    }
}


// ************************************************************************* //
