/*--------------------------------*- C++ -*----------------------------------*\
  =========                 |
  \\      /  F ield         | OpenFOAM: The Open Source CFD Toolbox
   \\    /   O peration     | Website:  https://openfoam.org
    \\  /    A nd           | Version:  11
     \\/     M anipulation  |
\*---------------------------------------------------------------------------*/
FoamFile
{
    format      ascii;
    class       volScalarField;
    location    "12.930066";
    object      p;
}
// * * * * * * * * * * * * * * * * * * * * * * * * * * * * * * * * * * * * * //

dimensions      [0 2 -2 0 0 0 0];

internalField   nonuniform List<scalar> 
7132
(
0.0690804
0.0678861
0.0638867
0.0581006
0.0501117
0.0398145
0.0273366
0.0129599
-0.00254514
-0.0179723
-0.0318921
-0.0425666
-0.0495267
-0.0527097
-0.0526247
-0.0500163
-0.0453546
-0.038842
-0.0308024
-0.0218415
-0.0126738
-0.00389569
0.00413203
0.0112316
0.0172796
0.0220624
0.0252169
0.0264623
0.0260104
0.0247759
0.0238831
0.0239676
0.0249353
0.0263206
0.0277053
0.0289074
0.0299828
0.031073
0.0322306
0.0331622
0.0331775
0.0316422
0.0287233
0.0256147
0.0236906
0.0234968
0.0245504
0.0259625
0.0270825
0.0277111
0.0280138
0.0283092
0.0288208
0.0293347
0.0290962
0.027295
0.0239727
0.0204171
0.0183227
0.0184785
0.0203252
0.0226094
0.0243396
0.02518
0.0253299
0.0252372
0.0253062
0.0255321
0.0253055
0.023722
0.020438
0.0163378
0.0132106
0.0125171
0.0143953
0.0176653
0.0207805
0.0227553
0.0234397
0.0232622
0.0228521
0.0226618
0.0225877
0.0218938
0.0196972
0.0158351
0.011329
0.0079118
0.00692915
0.0085505
0.0117635
0.015067
0.0172712
0.0179287
0.0172869
0.0159538
0.0144175
0.0126139
0.00991086
0.00567782
7.45077e-05
-0.00570103
-0.0100027
-0.0117041
-0.0107664
-0.00811605
-0.00506425
-0.00272783
-0.00178184
-0.00249894
-0.00494426
-0.00917341
-0.0152916
-0.0233003
-0.0327465
-0.0424334
-0.0505151
-0.0550641
-0.054876
-0.0499973
-0.041735
-0.032065
-0.0228423
-0.0152476
-0.00967702
-0.00598157
-0.00380141
-0.00279601
-0.00272689
-0.00344941
-0.00485107
-0.00677981
-0.00897772
-0.0110584
-0.0125531
-0.0130299
-0.0122464
-0.0102675
-0.00749147
-0.00452651
-0.0019587
-0.000131162
0.000929914
0.00141612
0.00156849
0.00155873
0.00146748
0.00131165
0.00109947
0.00083192
0.000555899
0.000263572
7.26467e-05
-0.000159463
-9.41327e-05
-0.000382833
0.00021909
-0.000759052
0.00138091
-0.00246687
0.0695534
0.0683655
0.0643902
0.058622
0.0506328
0.04029
0.0276984
0.0131096
-0.00269466
-0.0184774
-0.032717
-0.0435233
-0.0504734
-0.0535289
-0.0532832
-0.0505624
-0.0458463
-0.0392824
-0.0311518
-0.022064
-0.0127575
-0.00384901
0.00429122
0.0114821
0.0175972
0.0224174
0.0255587
0.0267159
0.0261034
0.0246895
0.0236706
0.0237128
0.0247012
0.0261337
0.0275701
0.0288211
0.0299419
0.0310725
0.032267
0.0332249
0.0332294
0.0316153
0.0285543
0.0253001
0.0232992
0.0231193
0.0242471
0.0257454
0.0269377
0.027619
0.0279573
0.0282734
0.028795
0.0293041
0.0290285
0.0271369
0.0236757
0.0199805
0.0178127
0.0179914
0.0199377
0.0223436
0.0241774
0.0250888
0.0252787
0.0252015
0.0252688
0.0254726
0.0251877
0.0234942
0.0200602
0.0158145
0.0125992
0.0119016
0.0138553
0.0172504
0.0205009
0.0225896
0.0233501
0.0232109
0.0228129
0.0226187
0.0225143
0.0217415
0.0194093
0.0153836
0.0107416
0.00726679
0.00631854
0.00804344
0.0113932
0.0148353
0.0171621
0.0179131
0.0173278
0.0160136
0.0144595
0.0125859
0.00974531
0.00531877
-0.00048343
-0.00639609
-0.0107228
-0.0123254
-0.0111922
-0.00829837
-0.00501109
-0.00248607
-0.00141555
-0.00207621
-0.00453685
-0.00886399
-0.0151713
-0.0234532
-0.0332229
-0.0432253
-0.0515497
-0.0562187
-0.0560069
-0.0509713
-0.0424601
-0.0325079
-0.0230235
-0.0152225
-0.0095138
-0.00574549
-0.00354598
-0.00256018
-0.00253688
-0.00332427
-0.00480561
-0.00682425
-0.00911367
-0.0112754
-0.012829
-0.0133354
-0.0125521
-0.0105473
-0.00772624
-0.0047047
-0.00207767
-0.000197169
0.000904313
0.00141646
0.0015823
0.00157705
0.00148463
0.00132424
0.00110561
0.000830987
0.000548157
0.000250055
5.48626e-05
-0.000179404
-0.000114248
-0.000401038
0.000204929
-0.000770639
0.00138304
-0.00248113
0.0704964
0.0693228
0.0653978
0.0596703
0.051686
0.0412578
0.0284428
0.0134267
-0.00298673
-0.0195039
-0.0344048
-0.045473
-0.0523912
-0.0551669
-0.0545752
-0.0516186
-0.0467999
-0.0401468
-0.0318446
-0.0225091
-0.0129289
-0.00376225
0.00460126
0.0119752
0.0182276
0.0231276
0.0262463
0.0272247
0.0262793
0.0244913
0.0232117
0.0231715
0.0242085
0.0257406
0.0272822
0.0286295
0.0298388
0.0310494
0.032319
0.0333331
0.0333178
0.031541
0.0281833
0.0246244
0.0224647
0.0223198
0.0236083
0.025288
0.0266278
0.0274129
0.0278188
0.0281741
0.0287156
0.0292158
0.0288625
0.0267792
0.0230256
0.0190391
0.0167212
0.0169556
0.0191157
0.0217793
0.0238279
0.0248817
0.0251465
0.0250943
0.0251556
0.0253179
0.0249198
0.0230075
0.0192735
0.0147362
0.0113446
0.0106399
0.0127471
0.0163948
0.0199173
0.0222325
0.0231405
0.0230719
0.0226936
0.0224909
0.0223265
0.0213947
0.0187897
0.014437
0.00952545
0.00594012
0.00506833
0.00701181
0.0106428
0.0143643
0.016933
0.0178662
0.0173909
0.016116
0.0145281
0.0125094
0.00937696
0.00453889
-0.00168436
-0.00788413
-0.012259
-0.0136477
-0.0120983
-0.00869664
-0.0049246
-0.00201581
-0.000694984
-0.00124395
-0.00373745
-0.00826538
-0.0149623
-0.0238101
-0.0342522
-0.0449122
-0.0537448
-0.058664
-0.0583991
-0.0530315
-0.0439972
-0.033453
-0.0234224
-0.0151939
-0.00920211
-0.00528607
-0.00304751
-0.00210013
-0.00216689
-0.00308206
-0.00472116
-0.00691823
-0.00938927
-0.0117114
-0.0133807
-0.0139438
-0.0131582
-0.0111006
-0.00818941
-0.00505596
-0.00231268
-0.0003287
0.000851611
0.00141467
0.00160749
0.00161201
0.00151818
0.00134926
0.00111809
0.000829355
0.000532809
0.000222887
1.89831e-05
-0.000220038
-0.000155074
-0.000438812
0.000176334
-0.000796081
0.0013881
-0.00251035
0.0719039
0.070754
0.0669118
0.061256
0.0532931
0.0427514
0.029611
0.0139466
-0.00340957
-0.0210909
-0.0370432
-0.0485046
-0.0553579
-0.0576781
-0.0565433
-0.0532412
-0.0482974
-0.041529
-0.0329609
-0.0232313
-0.0132199
-0.00365378
0.00505047
0.0127025
0.019166
0.0241937
0.0272817
0.0279772
0.0264964
0.0241076
0.0224213
0.0222709
0.0234061
0.0251069
0.0268147
0.0283071
0.0296462
0.0309736
0.0323536
0.0334497
0.0333956
0.0313494
0.0275055
0.0234538
0.0210542
0.020994
0.0225663
0.0245484
0.0261217
0.0270625
0.0275627
0.0279672
0.028527
0.0290039
0.0285239
0.0261359
0.0219173
0.0174664
0.0149115
0.0152458
0.0177657
0.020855
0.0232493
0.0245208
0.0248885
0.0248603
0.0249042
0.0250024
0.0244317
0.0221833
0.0179877
0.0130053
0.00935266
0.0086531
0.011011
0.0150532
0.0189904
0.0216444
0.0227672
0.0227983
0.0224496
0.0222391
0.021982
0.0207917
0.0177424
0.0128629
0.00752614
0.00378037
0.00305536
0.00537327
0.00946478
0.0136264
0.0165613
0.017764
0.017455
0.0162484
0.0146134
0.0123557
0.00873502
0.00321594
-0.00369009
-0.0103407
-0.0147732
-0.0157991
-0.0135718
-0.00936182
-0.00483139
-0.00133341
0.000363141
-2.46963e-05
-0.00257835
-0.0074273
-0.0147433
-0.0244898
-0.0359975
-0.0476964
-0.0573276
-0.0626337
-0.062273
-0.0563659
-0.046489
-0.0349959
-0.024096
-0.0151945
-0.00876254
-0.00461964
-0.00232086
-0.00142961
-0.00162989
-0.00273569
-0.00461085
-0.00707451
-0.00981548
-0.0123741
-0.0142117
-0.0148545
-0.0140605
-0.0119195
-0.00887159
-0.00557198
-0.00265845
-0.000523916
0.000771276
0.00140947
0.00164321
0.0016633
0.0015678
0.00138575
0.00113497
0.000824218
0.00050643
0.000178372
-3.87582e-05
-0.000284703
-0.000219687
-0.000497979
0.000130945
-0.000834953
0.00139224
-0.00255105
0.0737662
0.0726522
0.0689339
0.0633944
0.055487
0.0448235
0.0312705
0.0147304
-0.00393603
-0.0232934
-0.0407616
-0.0527381
-0.0594496
-0.061051
-0.0590951
-0.0553125
-0.0502597
-0.0434033
-0.0345054
-0.0242447
-0.0136463
-0.00354037
0.00562017
0.013646
0.0203993
0.0256117
0.0286652
0.028955
0.0266878
0.0234149
0.0211519
0.0208821
0.0222027
0.0241703
0.0261185
0.0278064
0.0293121
0.0307879
0.0323091
0.0335085
0.0333809
0.0309195
0.0263402
0.0215546
0.0188312
0.0189538
0.020996
0.0234483
0.025363
0.0265123
0.0271193
0.0275558
0.0281046
0.0285307
0.0278825
0.0251026
0.0202712
0.0151802
0.0122712
0.0127217
0.0157574
0.0194711
0.0223678
0.023939
0.0244275
0.0244103
0.0244271
0.0244467
0.0236394
0.0209049
0.0160365
0.0104211
0.00642985
0.00579194
0.00854719
0.0131559
0.0176625
0.0207674
0.0221685
0.0223282
0.022028
0.0218192
0.0214284
0.0198484
0.0161402
0.0104985
0.00456181
0.000604884
0.000115388
0.00299925
0.00777364
0.0125685
0.0160092
0.0175748
0.0174964
0.0163992
0.0147029
0.0120865
0.00773568
0.00122424
-0.0066462
-0.013908
-0.0183906
-0.0188873
-0.0157012
-0.0103627
-0.00478417
-0.00048229
0.00171778
0.00153744
-0.00111355
-0.00642557
-0.0146233
-0.0256352
-0.0386239
-0.051748
-0.0624618
-0.0682846
-0.0677784
-0.0611156
-0.0500596
-0.037236
-0.0251172
-0.0152766
-0.00823644
-0.00378296
-0.00140049
-0.000580209
-0.000953631
-0.00230909
-0.00449502
-0.00730924
-0.0104028
-0.0132669
-0.0153177
-0.0160558
-0.0152411
-0.0129832
-0.00975247
-0.00623584
-0.00310303
-0.000775834
0.000666604
0.00140223
0.00169034
0.00173188
0.0016343
0.00143376
0.00115518
0.000813359
0.000465832
0.000112549
-0.000122846
-0.00037805
-0.000312551
-0.000582324
6.52705e-05
-0.000889076
0.00139126
-0.0026006
0.076069
0.0750065
0.0714649
0.0661039
0.0583111
0.047546
0.0335153
0.0158661
-0.00452682
-0.0262008
-0.0457684
-0.0583772
-0.064846
-0.0654096
-0.0623224
-0.0579497
-0.0528574
-0.0459684
-0.0366478
-0.0256644
-0.0142775
-0.00346725
0.00627358
0.0147706
0.0218956
0.0273609
0.0303808
0.0301107
0.0267293
0.0222072
0.0191724
0.0188123
0.020467
0.0228436
0.0251251
0.0270596
0.0287588
0.0303987
0.0320655
0.0333646
0.0331113
0.0300583
0.0244364
0.018609
0.0154565
0.0159195
0.018713
0.0218773
0.0242745
0.0256828
0.0263794
0.0267856
0.0272641
0.027609
0.026757
0.0234955
0.0178996
0.0120106
0.00865714
0.00926293
0.0129736
0.0175221
0.0210924
0.0230479
0.0236681
0.0236504
0.0236464
0.0235795
0.0224444
0.0190156
0.0132016
0.00672667
0.00232068
0.00184489
0.00521141
0.0106133
0.0158676
0.019537
0.0212775
0.021602
0.0213835
0.0211891
0.0206038
0.0184693
0.0138627
0.00721796
0.000512272
-0.00370406
-0.00387039
-0.000220199
0.00548286
0.011128
0.015228
0.0172572
0.0174833
0.0165453
0.0147632
0.011639
0.00628634
-0.0015352
-0.0106281
-0.0186234
-0.0231188
-0.0229117
-0.0184982
-0.0117288
-0.00482943
0.000478763
0.00330203
0.00336875
0.000566607
-0.00537764
-0.0147428
-0.0273824
-0.042223
-0.0570869
-0.0690983
-0.0755286
-0.0748316
-0.067228
-0.0546967
-0.0401943
-0.0265277
-0.015492
-0.00767929
-0.00283174
-0.00033874
0.000401831
-0.000177665
-0.00183599
-0.00440174
-0.00764314
-0.0111621
-0.0143891
-0.0166863
-0.0175245
-0.0166681
-0.0142559
-0.0107976
-0.00701972
-0.00362823
-0.00107549
0.000540178
0.00139259
0.00174794
0.00181701
0.00171659
0.00149111
0.00117515
0.000792104
0.000405598
1.9546e-05
-0.000239437
-0.000506033
-0.000439277
-0.000696081
-2.49554e-05
-0.000959605
0.00137896
-0.00265456
0.0787918
0.0778009
0.0745027
0.0694058
0.0618194
0.0510147
0.0364776
0.0174867
-0.00510922
-0.0299267
-0.0523412
-0.0656594
-0.0716736
-0.0706664
-0.0659685
-0.0608943
-0.055978
-0.0492541
-0.0394657
-0.0275595
-0.0151677
-0.00348576
0.00695156
0.0160084
0.023588
0.0293862
0.0323795
0.0313533
0.026422
0.0201616
0.016119
0.0157634
0.0180052
0.0210037
0.0237383
0.0259688
0.0278668
0.0296308
0.0313563
0.032688
0.032296
0.0286119
0.0217391
0.0144972
0.010655
0.0115584
0.0154633
0.019677
0.0227467
0.0244596
0.0251886
0.0254708
0.0258312
0.0260934
0.0249924
0.0210738
0.0144578
0.00759211
0.00381011
0.0047015
0.00929692
0.0149027
0.0193184
0.0217404
0.0225054
0.0224919
0.0224919
0.0223233
0.0207339
0.0163686
0.00932842
0.00177487
-0.0031229
-0.00333683
0.000876178
0.00733321
0.0135344
0.017884
0.0200245
0.0205579
0.0204638
0.0202906
0.0194324
0.016571
0.0108466
0.0029999
-0.00460496
-0.00911757
-0.00889276
-0.00430779
0.00254711
0.00925165
0.0141642
0.0167607
0.0173698
0.0166406
0.014734
0.0109372
0.00431914
-0.00508405
-0.0155865
-0.0243731
-0.0288138
-0.0277422
-0.0218828
-0.0134461
-0.00501232
0.00146427
0.00500919
0.00535073
0.00232521
-0.00443444
-0.0152305
-0.0297748
-0.0466981
-0.0634635
-0.0768689
-0.0839437
-0.0830341
-0.0743879
-0.0601968
-0.0437773
-0.0283186
-0.0158854
-0.00716351
-0.00184712
0.000786564
0.0014484
0.000641293
-0.00136212
-0.00436475
-0.00809467
-0.012093
-0.0157208
-0.0182813
-0.0192136
-0.018289
-0.0156843
-0.0119586
-0.00788556
-0.00420902
-0.00141007
0.000396169
0.00138039
0.00181461
0.0019171
0.00181257
0.00155481
0.0011911
0.000756418
0.000321705
-0.000104836
-0.000393267
-0.000673806
-0.000605341
-0.000843844
-0.000144666
-0.00104815
0.00134721
-0.0027071
0.081906
0.0810117
0.0780399
0.0733199
0.0660735
0.0553465
0.0403267
0.0197734
-0.00557951
-0.0346483
-0.0608996
-0.0749756
-0.0803033
-0.0770917
-0.0702089
-0.0643211
-0.0598632
-0.0535721
-0.0432343
-0.030117
-0.0164339
-0.00368556
0.00756092
0.0172496
0.0253524
0.031576
0.0345385
0.0324777
0.0253778
0.0167097
0.01142
0.0113057
0.0145524
0.0184872
0.0218316
0.0244035
0.0264573
0.0281787
0.0297236
0.0309437
0.0304301
0.0262541
0.0181684
0.00925677
0.00438036
0.00565622
0.0109955
0.0166545
0.0206355
0.0226964
0.0233746
0.0234484
0.0236899
0.0238868
0.0224428
0.0176046
0.00964541
0.00160095
-0.00259302
-0.00116241
0.00460754
0.0115192
0.0169452
0.0199083
0.0208413
0.0208581
0.0208925
0.0205898
0.0184047
0.0128835
0.0043987
-0.0043915
-0.0098425
-0.00972931
-0.00447904
0.00327178
0.0106093
0.0157466
0.0183436
0.0191326
0.0192049
0.0190483
0.0178355
0.0141025
0.00710456
-0.00206563
-0.0106382
-0.015462
-0.0148031
-0.00917435
-0.00100972
0.0069156
0.0127679
0.0160235
0.0170876
0.016605
0.0145235
0.00989944
0.00180686
-0.00935173
-0.0213413
-0.030895
-0.0351867
-0.0331224
-0.02568
-0.0154454
-0.00536413
0.0023688
0.00669019
0.00730777
0.0039677
-0.0037729
-0.0161713
-0.032725
-0.0517503
-0.0703881
-0.0851549
-0.0928665
-0.0917483
-0.0820554
-0.0661725
-0.0477638
-0.0304126
-0.0164803
-0.00676872
-0.000929893
0.00187601
0.00247222
0.0014303
-0.000944617
-0.00442066
-0.00867261
-0.0131716
-0.0172072
-0.0200257
-0.021037
-0.0200195
-0.0171926
-0.0131726
-0.00878644
-0.00481602
-0.001766
0.000237037
0.00136235
0.001885
0.00202627
0.00191588
0.00161866
0.00119825
0.000703948
0.000214088
-0.000259643
-0.00058405
-0.000882502
-0.000813538
-0.00102847
-0.00029806
-0.00115532
0.00128649
-0.00275002
0.0853732
0.0846061
0.0820613
0.0778639
0.0711432
0.0606895
0.0452921
0.0229973
-0.00575361
-0.0405859
-0.0720001
-0.0867323
-0.0908314
-0.0842766
-0.0743587
-0.0675625
-0.0645001
-0.0592229
-0.048262
-0.0335442
-0.0182124
-0.00419079
0.00794815
0.0182947
0.0269742
0.0337064
0.0365735
0.0330153
0.0228585
0.0108506
0.00409904
0.00475578
0.00972535
0.0150834
0.0192525
0.0221971
0.0242718
0.0256352
0.0266778
0.027676
0.0270986
0.0224685
0.0130938
0.00240736
-0.00357612
-0.00189574
0.00514349
0.0126284
0.0177739
0.0202287
0.0207799
0.020601
0.0207606
0.0208977
0.0189781
0.0129725
0.00342235
-0.00595535
-0.0105456
-0.00839042
-0.00115636
0.00730773
0.0138894
0.0174556
0.0185872
0.0186718
0.0187643
0.018286
0.0153913
0.00857818
-0.00145705
-0.0115468
-0.0175813
-0.0171157
-0.0107263
-0.00152941
0.00707757
0.0130792
0.0161732
0.0172543
0.017523
0.0173692
0.0157401
0.0110551
0.00272589
-0.00778772
-0.0173215
-0.0224425
-0.0213323
-0.0146257
-0.00508931
0.00413446
0.0109977
0.0149723
0.0165422
0.0163249
0.0140177
0.0084555
-0.00121861
-0.0141676
-0.0275908
-0.037803
-0.041835
-0.0387027
-0.0296487
-0.0176225
-0.00591356
0.00306142
0.00814886
0.00900285
0.00525248
-0.00356516
-0.0175753
-0.0360194
-0.0569442
-0.0772537
-0.0932422
-0.101532
-0.10023
-0.0895812
-0.0721298
-0.0518461
-0.0326784
-0.0172794
-0.00657807
-0.000196719
0.00280986
0.00336517
0.00209757
-0.000651649
-0.00460342
-0.00936657
-0.01434
-0.0187501
-0.0217966
-0.022865
-0.0217401
-0.01868
-0.0143619
-0.00966838
-0.00541733
-0.0021298
6.32758e-05
0.00133153
0.00194853
0.00213261
0.0020146
0.00167376
0.00119395
0.000639712
9.39928e-05
-0.000430869
-0.000799139
-0.00112335
-0.00105977
-0.00124855
-0.000487179
-0.00128033
0.00118656
-0.00277245
0.0891428
0.0885386
0.0865389
0.0830441
0.0770955
0.0672083
0.0516507
0.0275182
-0.0053824
-0.0480987
-0.0864671
-0.101704
-0.104181
-0.0929765
-0.0788126
-0.0710313
-0.0700864
-0.0666265
-0.0549884
-0.0381488
-0.0207001
-0.00517654
0.00789421
0.0188468
0.0280696
0.0352257
0.0378625
0.0323094
0.017994
0.00143249
-0.00713623
-0.00484356
0.00300477
0.0105306
0.0158233
0.0191424
0.0209927
0.0216209
0.0219638
0.0227873
0.0222061
0.0168889
0.00586419
-0.00670425
-0.0136178
-0.0112274
-0.00217668
0.00746949
0.0140044
0.0169004
0.0172831
0.016852
0.0169766
0.0170457
0.0145424
0.00723653
-0.00398853
-0.0147467
-0.0197459
-0.0167889
-0.00791464
0.00227335
0.0101071
0.0143127
0.0156679
0.0158521
0.0160132
0.015329
0.0116794
0.00356175
-0.00799052
-0.0193344
-0.0259347
-0.0251275
-0.0176007
-0.00693052
0.00298029
0.0098628
0.0134601
0.0148447
0.0153192
0.0151544
0.0130905
0.0074643
-0.00213637
-0.0139022
-0.0243121
-0.0296856
-0.0281315
-0.0203909
-0.00953098
0.000960528
0.00882334
0.0135226
0.0156124
0.0156573
0.0130902
0.00655783
-0.00466657
-0.0192804
-0.033948
-0.0446337
-0.0482927
-0.0440841
-0.0335134
-0.0198561
-0.00669182
0.00338847
0.00914817
0.0101521
0.00592045
-0.00395213
-0.0193881
-0.0393885
-0.0618282
-0.0834762
-0.100461
-0.10923
-0.107769
-0.0963182
-0.0775513
-0.0556822
-0.0349545
-0.0182683
-0.00667097
0.000229259
0.00345517
0.00400239
0.0025364
-0.000557181
-0.00493948
-0.0101471
-0.0155157
-0.0202257
-0.0234463
-0.0245448
-0.0233094
-0.0200298
-0.0154396
-0.0104741
-0.00598158
-0.00249069
-0.000128966
0.00127454
0.00198568
0.00221325
0.0020875
0.00170672
0.00117768
0.000577258
-1.40073e-05
-0.000588523
-0.00100966
-0.0013734
-0.00132918
-0.00149532
-0.000709613
-0.00141963
0.0010384
-0.00276066
0.0931505
0.09275
0.0914291
0.0888554
0.0839967
0.0751066
0.0597783
0.0338924
-0.00401093
-0.0576426
-0.105452
-0.120409
-0.11983
-0.101559
-0.0818741
-0.0738713
-0.0772367
-0.0769058
-0.0642596
-0.0443899
-0.0241563
-0.00688333
0.00707494
0.0184548
0.0278006
0.0347175
0.0370194
0.0300955
0.0119885
-0.0103053
-0.0224812
-0.0184819
-0.00631351
0.00449733
0.0113525
0.0150177
0.0163315
0.0159177
0.0155476
0.0163184
0.0157217
0.00946525
-0.00345215
-0.0179563
-0.0256601
-0.0222808
-0.01092
0.00114205
0.00922175
0.0125961
0.0128044
0.012147
0.0122746
0.0122774
0.00917372
0.000608318
-0.0121875
-0.0242434
-0.0296543
-0.0259325
-0.0154195
-0.00348177
0.00561027
0.010444
0.0120222
0.012315
0.0125449
0.0116593
0.00730798
-0.00198321
-0.0148747
-0.0273161
-0.0344063
-0.033295
-0.0247381
-0.0127075
-0.00158361
0.00611017
0.0101622
0.0118224
0.0124878
0.0123105
0.00985547
0.0034056
-0.00728271
-0.0200989
-0.0312238
-0.0367753
-0.0348076
-0.0261531
-0.0141313
-0.00252373
0.00622571
0.0115811
0.0141561
0.0144406
0.0116169
0.00418949
-0.00839568
-0.0243856
-0.0399845
-0.0508973
-0.0540813
-0.0488634
-0.0370002
-0.0220326
-0.00774405
0.00317594
0.00942582
0.0104609
0.00573651
-0.00502667
-0.0215222
-0.042579
-0.066016
-0.0885634
-0.106238
-0.115334
-0.113736
-0.101686
-0.081963
-0.0589483
-0.0370798
-0.0194256
-0.00712094
0.000224992
0.00367182
0.00424722
0.00263269
-0.000733864
-0.00544685
-0.0109761
-0.0166127
-0.0215132
-0.0248327
-0.0259274
-0.024587
-0.0211246
-0.0163193
-0.0111486
-0.00648071
-0.00284169
-0.000348256
0.00117094
0.0019668
0.00223322
0.00210275
0.00169733
0.00114577
0.000529713
-8.30391e-05
-0.000696951
-0.00117755
-0.00159843
-0.00159652
-0.00175166
-0.000957163
-0.00156633
0.00083643
-0.00269949
0.0973151
0.0971614
0.0966646
0.0952584
0.0918839
0.084567
0.0700848
0.0428197
-0.00111149
-0.0699654
-0.13056
-0.14485
-0.140925
-0.112576
-0.0842088
-0.0754028
-0.0855076
-0.090641
-0.0769501
-0.0528734
-0.0289379
-0.00963316
0.00510483
0.0164272
0.0245573
0.0297469
0.0311631
0.0240996
0.00496378
-0.0222455
-0.0398933
-0.0358111
-0.0186575
-0.00337702
0.00561989
0.00962237
0.010113
0.00849622
0.00749845
0.00834376
0.00772084
0.00049358
-0.0141983
-0.0304984
-0.0389514
-0.0345659
-0.0208129
-0.00625109
0.00341537
0.00727101
0.00731052
0.00645002
0.00660692
0.00658579
0.00299579
-0.00660087
-0.0206838
-0.0338269
-0.0396164
-0.0352547
-0.0232847
-0.00975282
0.000478042
0.00585524
0.00760796
0.00798521
0.00828083
0.00725272
0.00236584
-0.00782457
-0.0217403
-0.0350206
-0.0424869
-0.0411201
-0.0317216
-0.0185766
-0.00646423
0.00186832
0.00625517
0.00811416
0.00893263
0.00876433
0.00603483
-0.0010124
-0.0124875
-0.0260522
-0.0376638
-0.0432938
-0.0409635
-0.0315833
-0.0186671
-0.00621586
0.00319687
0.00905395
0.0120225
0.0125114
0.00948895
0.00136449
-0.0122332
-0.0291626
-0.0452759
-0.0561266
-0.0587562
-0.0526731
-0.0398678
-0.0240643
-0.00913218
0.00224191
0.0087245
0.00966902
0.00452131
-0.00683785
-0.0238961
-0.045401
-0.0692187
-0.0921263
-0.110094
-0.119314
-0.117598
-0.105202
-0.0849749
-0.061377
-0.0389187
-0.0207325
-0.00799367
-0.000324861
0.00332281
0.0039636
0.00227777
-0.00124607
-0.00613917
-0.0118213
-0.0175624
-0.0225164
-0.0258403
-0.0268882
-0.0254526
-0.0218618
-0.0169249
-0.0116443
-0.00689276
-0.00318059
-0.000607986
0.000993452
0.00185267
0.00214663
0.00201686
0.00161147
0.00107576
0.000486588
-0.000111129
-0.000741571
-0.00127806
-0.00176805
-0.00183323
-0.00199497
-0.00121604
-0.00171009
0.000581049
-0.00257559
0.101539
0.101677
0.102151
0.102192
0.100768
0.095831
0.0831495
0.0555064
0.00446362
-0.086403
-0.164352
-0.174275
-0.163302
-0.120375
-0.0823573
-0.0757447
-0.0979938
-0.111095
-0.0949478
-0.0644105
-0.0354235
-0.0137463
0.00156691
0.0117537
0.0164796
0.0184419
0.0186052
0.0126639
-0.00584641
-0.0363386
-0.0590267
-0.0557737
-0.033781
-0.0132327
-0.00154814
0.00282187
0.00229673
-0.00056146
-0.00206298
-0.0010003
-0.00154127
-0.0094749
-0.0254906
-0.0432216
-0.0523872
-0.0472118
-0.03132
-0.0144391
-0.00330418
0.000967657
0.000819026
-0.000245871
-3.70945e-05
2.40371e-05
-0.00379745
-0.0140248
-0.0289563
-0.0428641
-0.0489543
-0.0441336
-0.0310404
-0.0162505
-0.00514413
0.000596988
0.00241137
0.00281122
0.00317574
0.00212827
-0.00301663
-0.0137036
-0.0282133
-0.0419884
-0.0496684
-0.048107
-0.0381276
-0.0242276
-0.0114761
-0.00278352
0.00173902
0.00366812
0.00458445
0.00447628
0.0016623
-0.00565708
-0.0175184
-0.0314472
-0.0432628
-0.0488514
-0.0462277
-0.0363679
-0.022916
-0.0100032
-0.000257787
0.00585761
0.00907187
0.00972571
0.00662672
-0.00187531
-0.0159958
-0.0333076
-0.0494415
-0.0599167
-0.061942
-0.0552131
-0.0419316
-0.0259022
-0.0109322
0.000416325
0.00682913
0.00758792
0.00216544
-0.00940266
-0.0264542
-0.0477367
-0.0712419
-0.0938783
-0.111661
-0.120758
-0.11895
-0.10651
-0.0863099
-0.0627833
-0.0403801
-0.0221818
-0.00934662
-0.00152085
0.00228679
0.00303286
0.00137989
-0.00214668
-0.00703061
-0.0126649
-0.0183209
-0.023169
-0.0263851
-0.027334
-0.0258147
-0.0221629
-0.0171989
-0.011927
-0.00720349
-0.0035092
-0.000923999
0.000712
0.0016005
0.00190339
0.00177781
0.00139765
0.000916912
0.000400777
-0.000136033
-0.000744808
-0.00131585
-0.00187035
-0.00201765
-0.00220188
-0.0014685
-0.00183788
0.000280221
-0.00238236
0.105705
0.106173
0.107757
0.109509
0.110578
0.108945
0.0994652
0.0731349
0.0134615
-0.107305
-0.210398
-0.21684
-0.198959
-0.1326
-0.0759977
-0.0708208
-0.112318
-0.140025
-0.120763
-0.080432
-0.0442623
-0.0195998
-0.00406314
0.00327398
0.00277012
0.00153694
0.00140492
-0.00269488
-0.0208933
-0.0535767
-0.0798959
-0.0772474
-0.0509337
-0.0248927
-0.0101927
-0.00541312
-0.00703516
-0.0111119
-0.0129854
-0.0115122
-0.0116776
-0.0197831
-0.0364341
-0.055048
-0.0648219
-0.0592007
-0.0417229
-0.0229951
-0.0107016
-0.0061798
-0.00659512
-0.00790127
-0.00761037
-0.0072862
-0.0109579
-0.0212795
-0.0365047
-0.0507686
-0.0570391
-0.0519677
-0.0381936
-0.0226343
-0.011055
-0.00523327
-0.00354174
-0.00321591
-0.00276584
-0.00364559
-0.00867574
-0.0193572
-0.0339444
-0.0478098
-0.0555077
-0.0538185
-0.0435652
-0.029354
-0.0164147
-0.00773681
-0.00335332
-0.00153
-0.000581326
-0.000547424
-0.00319201
-0.0103803
-0.0221533
-0.0360034
-0.0477033
-0.0531177
-0.0502845
-0.0402338
-0.0266745
-0.0137704
-0.0041151
0.00193537
0.0051987
0.00598064
0.00298966
-0.00546644
-0.0195106
-0.0365627
-0.0521769
-0.0619568
-0.063354
-0.0562736
-0.0430804
-0.027539
-0.0132213
-0.00243268
0.00359859
0.00411556
-0.00137379
-0.0127164
-0.0291672
-0.0495308
-0.0719813
-0.0936493
-0.110711
-0.119411
-0.117551
-0.105415
-0.0858278
-0.0630806
-0.0414267
-0.0237813
-0.0112265
-0.00343968
0.000471236
0.00136659
-0.000129152
-0.00347645
-0.00813711
-0.0135025
-0.0188655
-0.0234315
-0.0264142
-0.0272058
-0.0256162
-0.0219804
-0.0171079
-0.0119781
-0.00740681
-0.00383134
-0.0013105
0.000300375
0.00117337
0.00146014
0.0013357
0.000999176
0.000607682
0.000210709
-0.000212822
-0.000747944
-0.00131249
-0.00190597
-0.00213554
-0.00234984
-0.00169376
-0.00193444
-5.03606e-05
-0.00212286
0.109682
0.110513
0.11331
0.117047
0.121148
0.124139
0.119817
0.0990005
0.0287736
-0.142818
-0.271074
-0.2608
-0.230162
-0.135332
-0.0633333
-0.0693012
-0.142664
-0.185531
-0.158344
-0.102305
-0.0557947
-0.0273377
-0.0122642
-0.00970284
-0.0160391
-0.0195745
-0.0182418
-0.0199919
-0.0376754
-0.0712723
-0.0999597
-0.0981316
-0.0686535
-0.0377127
-0.0200947
-0.0149447
-0.017687
-0.0229542
-0.0250643
-0.0229067
-0.0222138
-0.0297606
-0.0462172
-0.0650484
-0.0752372
-0.0695549
-0.0512381
-0.0313845
-0.0184346
-0.0139512
-0.014791
-0.0164115
-0.0159909
-0.0151526
-0.018199
-0.0279926
-0.0428892
-0.0570492
-0.0633471
-0.0582376
-0.044285
-0.0285503
-0.0170145
-0.0114912
-0.0101735
-0.0100453
-0.00947559
-0.00994751
-0.0144231
-0.0245357
-0.0386375
-0.0521563
-0.0596623
-0.0579104
-0.0477113
-0.0336811
-0.0210739
-0.0128576
-0.00894841
-0.00744255
-0.00653073
-0.00624589
-0.0084213
-0.0150262
-0.0261952
-0.0394936
-0.0507407
-0.0558451
-0.052895
-0.0429669
-0.0297706
-0.017404
-0.00832763
-0.00272546
0.00035495
0.00123445
-0.00141547
-0.00932976
-0.0226305
-0.0387377
-0.0532773
-0.062055
-0.0628346
-0.0557545
-0.0432836
-0.0290014
-0.0160594
-0.00637438
-0.00102007
-0.000767568
-0.00608336
-0.0167545
-0.0320186
-0.0507748
-0.0714228
-0.0914063
-0.107192
-0.115218
-0.113364
-0.101906
-0.083538
-0.0622864
-0.0420777
-0.0255524
-0.0136636
-0.00612575
-0.00217985
-0.00109062
-0.00229378
-0.00526385
-0.0094728
-0.0143367
-0.019189
-0.0232889
-0.025908
-0.0264833
-0.0248395
-0.0213021
-0.0166459
-0.0117961
-0.00750335
-0.00414941
-0.00177431
-0.000254946
0.000551419
0.000793231
0.000663612
0.000385093
0.000115659
-0.000116381
-0.000372979
-0.000776049
-0.00128004
-0.00187064
-0.00216851
-0.00241379
-0.00186763
-0.0019821
-0.000389161
-0.00180708
0.113324
0.114527
0.1186
0.124451
0.132161
0.140711
0.144549
0.132691
0.0523083
-0.167247
-0.375213
-0.342789
-0.293573
-0.13931
-0.0284354
-0.0395719
-0.162671
-0.243115
-0.211622
-0.133366
-0.0712382
-0.0373117
-0.0233813
-0.0270659
-0.0390291
-0.043713
-0.0389532
-0.0375094
-0.0535684
-0.0865086
-0.116399
-0.115921
-0.0850556
-0.0506427
-0.03073
-0.0254267
-0.029347
-0.0358115
-0.0380148
-0.0348041
-0.0326234
-0.0387828
-0.0541771
-0.0725194
-0.0828602
-0.0774688
-0.0591355
-0.0390363
-0.0260892
-0.0220526
-0.0235543
-0.0255905
-0.0249709
-0.0233149
-0.025211
-0.0338273
-0.0477614
-0.0613465
-0.0675004
-0.0625513
-0.0489348
-0.0336675
-0.0227633
-0.0179878
-0.0173439
-0.0175522
-0.0168121
-0.0166026
-0.0200533
-0.0290181
-0.0420673
-0.0548021
-0.0619027
-0.0601495
-0.0503326
-0.0369869
-0.0252594
-0.0179903
-0.0149262
-0.0139684
-0.0131604
-0.012498
-0.0138831
-0.0194378
-0.029482
-0.0417574
-0.0522189
-0.0568818
-0.0539116
-0.0444248
-0.032073
-0.0207941
-0.0128168
-0.00807793
-0.00543069
-0.00447904
-0.00652976
-0.0133754
-0.0252464
-0.0397242
-0.0526543
-0.0601542
-0.0603628
-0.0536735
-0.0425859
-0.0303331
-0.0194672
-0.0114014
-0.0069962
-0.00701388
-0.0119068
-0.02147
-0.0349909
-0.0514953
-0.069641
-0.0872659
-0.101253
-0.108351
-0.106574
-0.0961648
-0.0795982
-0.0605168
-0.0424001
-0.0275213
-0.016664
-0.00958698
-0.00568635
-0.00436496
-0.00513704
-0.00752354
-0.0110446
-0.0151704
-0.019296
-0.0227517
-0.0248837
-0.0251893
-0.0235104
-0.0201538
-0.0158347
-0.0113951
-0.00749779
-0.00446072
-0.00230989
-0.000948329
-0.00025898
-8.93751e-05
-0.000223945
-0.000423199
-0.000534478
-0.000559046
-0.000602516
-0.000820572
-0.00120951
-0.0017494
-0.00209371
-0.00236749
-0.00196374
-0.00196075
-0.000711992
-0.00144308
0.116479
0.118048
0.123356
0.131421
0.143024
0.158792
0.174516
0.186963
0.0955764
-0.154717
-0.435011
-0.404529
-0.350753
-0.163348
-0.0249485
-0.0312937
-0.15741
-0.272798
-0.259161
-0.167616
-0.0895375
-0.0493784
-0.0373178
-0.0481294
-0.0654012
-0.0696696
-0.0594908
-0.0534967
-0.0664493
-0.0971616
-0.127133
-0.128465
-0.0982557
-0.0624071
-0.0413154
-0.0363135
-0.0415802
-0.049292
-0.0514284
-0.0467176
-0.042349
-0.0463052
-0.0598351
-0.077024
-0.0872174
-0.0823942
-0.0648332
-0.045417
-0.0332234
-0.0301325
-0.0325947
-0.0351617
-0.034253
-0.0314517
-0.0316756
-0.0385007
-0.0508846
-0.0634539
-0.0692915
-0.0646723
-0.0518736
-0.037707
-0.0280412
-0.0244943
-0.0248461
-0.0255312
-0.0245578
-0.0233853
-0.0253521
-0.0326218
-0.0440911
-0.055637
-0.0621329
-0.0604318
-0.0513004
-0.0391153
-0.0288
-0.0229623
-0.0211179
-0.0209378
-0.0202938
-0.0191222
-0.0194023
-0.0234623
-0.031894
-0.042709
-0.0520787
-0.0561813
-0.0532857
-0.0445429
-0.0334951
-0.0238354
-0.0174674
-0.014005
-0.0120412
-0.0110422
-0.0122398
-0.0175058
-0.0272925
-0.0395033
-0.0503436
-0.0563404
-0.056059
-0.0501617
-0.0410918
-0.0315728
-0.0234102
-0.0174291
-0.0142295
-0.0145245
-0.0187534
-0.0267921
-0.0380572
-0.0517431
-0.0667898
-0.0814847
-0.0932307
-0.099194
-0.0975705
-0.0885485
-0.0742969
-0.0579675
-0.0424911
-0.0297051
-0.0202038
-0.0137981
-0.010039
-0.00845884
-0.00866219
-0.010254
-0.0128481
-0.0160044
-0.0192016
-0.0218552
-0.0233959
-0.0233895
-0.0216969
-0.0185966
-0.0147203
-0.0108012
-0.00739562
-0.00475514
-0.00289763
-0.00175353
-0.0012235
-0.00114253
-0.00126797
-0.00135314
-0.00126741
-0.00105126
-0.000851782
-0.000848762
-0.00108035
-0.0015264
-0.00189405
-0.0021886
-0.00195685
-0.00184894
-0.000995223
-0.0010274
0.119
0.120883
0.127311
0.137321
0.152992
0.175324
0.208881
0.213205
0.18877
-0.17486
-0.577299
-0.473587
-0.442333
-0.240058
-0.110526
-0.0830038
-0.155242
-0.275747
-0.287717
-0.196283
-0.10745
-0.0625383
-0.0534257
-0.0718108
-0.0941348
-0.096066
-0.078381
-0.0663719
-0.0749499
-0.102175
-0.131147
-0.134499
-0.106798
-0.071757
-0.0509277
-0.0469098
-0.0538275
-0.0628781
-0.0647585
-0.0580563
-0.0508267
-0.0518872
-0.0629118
-0.0783983
-0.0881506
-0.0840776
-0.067957
-0.0500918
-0.0394105
-0.0378025
-0.0415485
-0.0447579
-0.0434564
-0.0391935
-0.0372813
-0.0417961
-0.0521421
-0.063324
-0.068688
-0.0645295
-0.0529594
-0.0404613
-0.032603
-0.0307497
-0.0324077
-0.0336979
-0.0324238
-0.0300271
-0.0301038
-0.0352089
-0.0446526
-0.0546675
-0.0603885
-0.0587823
-0.050594
-0.0399832
-0.031554
-0.0275891
-0.0273087
-0.0281145
-0.0276845
-0.0258817
-0.0247773
-0.0269563
-0.0333572
-0.0423391
-0.0503582
-0.0538036
-0.0510682
-0.0433354
-0.0339957
-0.0264267
-0.0221267
-0.020317
-0.0192697
-0.0182532
-0.0183785
-0.0216165
-0.0287471
-0.0381447
-0.0465028
-0.0508379
-0.0501746
-0.0454448
-0.03894
-0.0327346
-0.0277916
-0.0243031
-0.0225598
-0.0231566
-0.0265034
-0.0326289
-0.0411796
-0.0515835
-0.0630816
-0.0744307
-0.0836153
-0.0883012
-0.0869095
-0.0795518
-0.0680182
-0.0548819
-0.0424519
-0.0320986
-0.0242308
-0.0187084
-0.0152049
-0.0133517
-0.0128504
-0.013435
-0.0148661
-0.0168354
-0.0189291
-0.0206558
-0.0215304
-0.0211862
-0.019502
-0.016719
-0.013366
-0.0100466
-0.00720068
-0.00501578
-0.00350718
-0.00262904
-0.00228731
-0.00229415
-0.00238127
-0.00230957
-0.00199213
-0.00151672
-0.00106478
-0.000826581
-0.000877379
-0.00119726
-0.00156571
-0.00186662
-0.00182923
-0.00162679
-0.00121749
-0.000542473
0.120754
0.122882
0.130134
0.141768
0.160502
0.18992
0.236635
0.275849
0.334206
-0.13708
-0.45741
-0.442421
-0.381733
-0.297749
-0.210366
-0.182436
-0.254984
-0.286676
-0.210617
-0.120755
-0.0748727
-0.070252
-0.0965111
-0.123408
-0.120865
-0.0938399
-0.0748516
-0.0783908
-0.101382
-0.128452
-0.133735
-0.109901
-0.0777055
-0.0586555
-0.0564456
-0.0654186
-0.0758991
-0.0773068
-0.0681453
-0.0575168
-0.0552107
-0.0633232
-0.0767303
-0.0857884
-0.082551
-0.0683627
-0.0527645
-0.0442751
-0.0446588
-0.0499924
-0.0539333
-0.052133
-0.0461416
-0.0417386
-0.0435713
-0.0515351
-0.0610582
-0.065822
-0.0622096
-0.0521791
-0.0418049
-0.0362314
-0.0364722
-0.0397016
-0.0416996
-0.0400623
-0.0362286
-0.0341005
-0.0366893
-0.0437785
-0.0520092
-0.0568268
-0.0553453
-0.048295
-0.0395798
-0.0334146
-0.031681
-0.033246
-0.0352058
-0.0350281
-0.0324954
-0.0297879
-0.0297899
-0.0338432
-0.0407116
-0.0471871
-0.0499061
-0.0474019
-0.0408893
-0.0335762
-0.0284718
-0.026608
-0.0267588
-0.0268266
-0.0258328
-0.0247289
-0.0255964
-0.0296281
-0.0357979
-0.0413972
-0.043989
-0.0430663
-0.0398125
-0.0362769
-0.0337953
-0.0324553
-0.0318053
-0.0317661
-0.0327174
-0.0350043
-0.0388712
-0.0443134
-0.0510876
-0.0587581
-0.0665358
-0.0729951
-0.076341
-0.0752542
-0.0697518
-0.0611907
-0.0515074
-0.0423615
-0.0346696
-0.028671
-0.0242466
-0.021126
-0.0189928
-0.0176537
-0.0170231
-0.0170677
-0.0176567
-0.0185071
-0.0192223
-0.0193913
-0.0187035
-0.0170495
-0.0146249
-0.0118423
-0.00916486
-0.00691473
-0.0052226
-0.00410396
-0.00352709
-0.00338764
-0.00346701
-0.00347827
-0.0032113
-0.0026398
-0.00190229
-0.00120604
-0.000738278
-0.000603397
-0.000777376
-0.00112535
-0.00141114
-0.00157659
-0.00128245
-0.00136081
3.31204e-05
0.121641
0.1239
0.131609
0.144108
0.164701
0.198055
0.25395
0.3211
0.434806
-0.434662
-0.522426
-0.477353
-0.327287
-0.206042
-0.210337
-0.24813
-0.20186
-0.124171
-0.0833678
-0.0855039
-0.120056
-0.150555
-0.141426
-0.104073
-0.0781553
-0.0767859
-0.0953699
-0.119892
-0.126753
-0.107507
-0.079673
-0.0637333
-0.0641537
-0.0755996
-0.0875583
-0.0882592
-0.0762702
-0.0619428
-0.0560954
-0.0611648
-0.072316
-0.0805016
-0.0780952
-0.0661257
-0.0532942
-0.0475202
-0.0503068
-0.0574645
-0.0621863
-0.0597937
-0.0518934
-0.0447984
-0.043762
-0.0491721
-0.0568857
-0.0609634
-0.057936
-0.0496381
-0.0416954
-0.0387473
-0.041374
-0.0463638
-0.0491359
-0.0470872
-0.0416766
-0.0371521
-0.0370214
-0.0415697
-0.0478698
-0.0517064
-0.0503658
-0.044574
-0.0379609
-0.034311
-0.0350524
-0.0386539
-0.0418802
-0.04198
-0.0386545
-0.0342074
-0.0318518
-0.0333669
-0.0379541
-0.0427721
-0.0447288
-0.0425073
-0.0373546
-0.0322768
-0.0298825
-0.0307009
-0.033026
-0.0343605
-0.0334416
-0.0310331
-0.0293261
-0.0299832
-0.0326738
-0.0353733
-0.0362214
-0.0351574
-0.0335819
-0.0332364
-0.0346935
-0.037194
-0.0396545
-0.0415531
-0.0429437
-0.0440556
-0.0453899
-0.0474113
-0.0503262
-0.0540618
-0.0582414
-0.0619824
-0.0640169
-0.0632962
-0.059733
-0.054223
-0.0480536
-0.0422628
-0.0373629
-0.0334343
-0.0303166
-0.0277047
-0.0252859
-0.0229833
-0.0209464
-0.0194067
-0.0184567
-0.0179648
-0.0176267
-0.0170869
-0.0160703
-0.0144669
-0.0124187
-0.0102174
-0.00818668
-0.00653906
-0.00535746
-0.00465596
-0.00440256
-0.00446731
-0.00459762
-0.00450023
-0.0040135
-0.00318062
-0.00219063
-0.00127021
-0.00059305
-0.000282901
-0.00030392
-0.000613122
-0.000857495
-0.00121528
-0.000822486
-0.00141389
0.000702534
0.121608
0.123871
0.131583
0.14408
0.164663
0.197926
0.253621
0.330516
0.49094
-0.450075
-0.6277
-0.587179
-0.383769
-0.20102
-0.162277
-0.18417
-0.171263
-0.115271
-0.0851672
-0.0964091
-0.139623
-0.172213
-0.154862
-0.107697
-0.0761557
-0.0707353
-0.0852084
-0.106825
-0.11475
-0.10018
-0.0775355
-0.0656365
-0.0693442
-0.0835792
-0.0969739
-0.0967419
-0.0817454
-0.063742
-0.0545118
-0.0566841
-0.0656031
-0.0728254
-0.0711757
-0.0615061
-0.0516917
-0.0489432
-0.0543871
-0.0634962
-0.0689975
-0.0659452
-0.0560731
-0.0462694
-0.0423823
-0.0452507
-0.0511319
-0.0544849
-0.0520378
-0.0455405
-0.040169
-0.0400178
-0.0451799
-0.0520185
-0.0555865
-0.0531012
-0.0460658
-0.0390972
-0.0362107
-0.0381873
-0.0425263
-0.0453605
-0.0441638
-0.039671
-0.0352392
-0.0342094
-0.0375313
-0.0432512
-0.0477908
-0.0481799
-0.0440428
-0.0378162
-0.0330536
-0.0319814
-0.0342449
-0.0373791
-0.0385728
-0.0366637
-0.0329301
-0.0301698
-0.0305826
-0.0341861
-0.0387883
-0.0414839
-0.0407028
-0.0370046
-0.0326783
-0.0298766
-0.0290206
-0.0288228
-0.0280021
-0.026893
-0.0270663
-0.0299299
-0.0353372
-0.0417601
-0.0475047
-0.0515331
-0.0534746
-0.0533834
-0.0520227
-0.0504218
-0.0493668
-0.0492113
-0.0499447
-0.0511343
-0.0519719
-0.0516604
-0.0500036
-0.0474449
-0.0446663
-0.0421634
-0.0401091
-0.0384118
-0.0367812
-0.0347841
-0.032071
-0.0286967
-0.0250961
-0.0218177
-0.0192158
-0.0173276
-0.0159345
-0.0147152
-0.0134025
-0.0118679
-0.0101914
-0.00854975
-0.00713891
-0.0060771
-0.00540801
-0.00513805
-0.00521851
-0.00548204
-0.00564394
-0.00541872
-0.00470414
-0.00361555
-0.0023913
-0.0012746
-0.000418643
4.40247e-05
0.000169964
-8.81147e-05
-0.000265736
-0.000788564
-0.000284755
-0.00137951
0.00142839
0.120654
0.122794
0.130053
0.141687
0.160408
0.189629
0.235908
0.301139
0.408736
-0.408196
-0.457509
-0.658533
-0.611537
-0.373172
-0.168595
-0.110443
-0.113983
-0.124806
-0.0945964
-0.0786192
-0.100862
-0.152825
-0.18535
-0.158825
-0.104175
-0.0694372
-0.0612818
-0.072191
-0.0907763
-0.099199
-0.0889016
-0.0715768
-0.0641254
-0.0714672
-0.0885973
-0.103257
-0.101916
-0.0840006
-0.0627172
-0.0505903
-0.0502524
-0.0571308
-0.0633695
-0.062365
-0.0549017
-0.0481022
-0.0484447
-0.0566019
-0.067651
-0.073871
-0.0701332
-0.0583673
-0.0460372
-0.0395226
-0.040036
-0.0441836
-0.0468215
-0.0449126
-0.0401637
-0.0373301
-0.0399625
-0.0476471
-0.0563083
-0.0606466
-0.057728
-0.0491225
-0.0398159
-0.0343073
-0.0338367
-0.036299
-0.0381654
-0.0371044
-0.0338725
-0.0315711
-0.0331125
-0.0389718
-0.0467728
-0.0526012
-0.053279
-0.0483606
-0.0404169
-0.0333348
-0.0297712
-0.0297962
-0.0313093
-0.0317735
-0.0301851
-0.0278466
-0.0273541
-0.0305143
-0.0368545
-0.0437177
-0.0478026
-0.0472295
-0.0423474
-0.0355195
-0.0293745
-0.0250949
-0.0221444
-0.0197947
-0.0187006
-0.0205535
-0.0264476
-0.0356189
-0.045879
-0.0549513
-0.061226
-0.0638379
-0.062616
-0.0585517
-0.0532788
-0.0482708
-0.0443909
-0.0419629
-0.0408878
-0.0407067
-0.0408233
-0.0409335
-0.041078
-0.0414294
-0.0420498
-0.0428284
-0.0434647
-0.0434454
-0.0421297
-0.0391102
-0.0345885
-0.0293216
-0.0242123
-0.0199042
-0.0166134
-0.0141997
-0.0123544
-0.0107908
-0.00933989
-0.00801298
-0.00688515
-0.00604534
-0.00553652
-0.00536936
-0.00553311
-0.00594723
-0.0064001
-0.00658033
-0.0062217
-0.00528494
-0.00395698
-0.00252398
-0.00124492
-0.000248655
0.000333933
0.00058813
0.000384366
0.00028898
-0.00036256
0.000261032
-0.00128026
0.00212741
0.118832
0.120735
0.127173
0.137188
0.152849
0.174942
0.207987
0.247921
0.252813
-0.326072
-0.403072
-0.441917
-0.653629
-0.572755
-0.328727
-0.131364
-0.0589823
-0.0574665
-0.071478
-0.0655858
-0.0636661
-0.0975048
-0.157388
-0.187337
-0.152079
-0.0940814
-0.0592034
-0.0497153
-0.057622
-0.0731991
-0.081588
-0.074844
-0.0623929
-0.0592502
-0.0701715
-0.0900146
-0.105629
-0.103101
-0.0826778
-0.0588843
-0.0446218
-0.0423291
-0.0474744
-0.0527807
-0.0522859
-0.0467923
-0.042779
-0.0460312
-0.0567412
-0.0695664
-0.0763864
-0.0719907
-0.05856
-0.0440804
-0.0353452
-0.0338374
-0.0364526
-0.0384294
-0.0369882
-0.0338304
-0.0333389
-0.0385587
-0.0485864
-0.0589264
-0.0639626
-0.0606461
-0.0506299
-0.039241
-0.0314032
-0.0287502
-0.0295233
-0.0305087
-0.0295673
-0.0274872
-0.0271438
-0.0310588
-0.0392654
-0.0489918
-0.0560145
-0.0569683
-0.0513482
-0.0418506
-0.0326678
-0.0268452
-0.0248364
-0.0248759
-0.0246872
-0.0233995
-0.0223498
-0.0239479
-0.0296445
-0.0385259
-0.0475171
-0.0529561
-0.052661
-0.0467774
-0.0377152
-0.0285322
-0.021134
-0.0157065
-0.0120204
-0.0109623
-0.0142968
-0.0228662
-0.0354321
-0.0492696
-0.0615549
-0.0700839
-0.0734675
-0.0712833
-0.064686
-0.0558837
-0.047088
-0.0397507
-0.034526
-0.0315375
-0.030545
-0.0310811
-0.0327417
-0.0352477
-0.0383871
-0.0419001
-0.045428
-0.0484138
-0.050045
-0.0494256
-0.0460884
-0.0403924
-0.0334318
-0.0264796
-0.0204803
-0.0158316
-0.0124627
-0.0100605
-0.00829597
-0.00694074
-0.00593114
-0.00525803
-0.00492846
-0.00492979
-0.00524322
-0.00583063
-0.00656786
-0.00719696
-0.00738667
-0.00689828
-0.00575534
-0.00421423
-0.00260589
-0.00120395
-0.000111223
0.000552415
0.000906004
0.000751011
0.000739043
-3.59864e-06
0.000733127
-0.00115323
0.00269142
0.116241
0.117837
0.123161
0.131243
0.142855
0.158471
0.173785
0.185327
0.136975
-0.218819
-0.51468
-0.376224
-0.450208
-0.586682
-0.484775
-0.26868
-0.101888
-0.0211725
-0.0126662
-0.0186104
-0.0304184
-0.0420685
-0.0874561
-0.153321
-0.177478
-0.135456
-0.0791524
-0.0470225
-0.0373453
-0.0426595
-0.0553029
-0.0632031
-0.0591748
-0.0507729
-0.0513297
-0.0653555
-0.0874155
-0.103557
-0.0999079
-0.0777201
-0.0525016
-0.0370442
-0.0334286
-0.0371973
-0.0416693
-0.0415448
-0.0376915
-0.0360541
-0.0418129
-0.0547075
-0.068998
-0.0762503
-0.0712852
-0.0565651
-0.0404829
-0.0300763
-0.0269851
-0.0283415
-0.0297468
-0.0286865
-0.0268811
-0.0283987
-0.0358447
-0.0478822
-0.0596476
-0.0652673
-0.0616208
-0.0504515
-0.0373687
-0.0276283
-0.0231704
-0.0225243
-0.0227586
-0.0219167
-0.0208226
-0.0221612
-0.028121
-0.0383524
-0.0497407
-0.0577989
-0.059006
-0.0528091
-0.0420114
-0.0310617
-0.0233299
-0.0195918
-0.0183763
-0.017642
-0.0166195
-0.0166821
-0.0200831
-0.0279714
-0.0390673
-0.0499473
-0.0566406
-0.0566884
-0.0500464
-0.0391404
-0.0273863
-0.0173331
-0.00981768
-0.00503035
-0.00399677
-0.00851315
-0.0192589
-0.034688
-0.0516702
-0.0668851
-0.0775494
-0.0817633
-0.0788561
-0.0700688
-0.0580917
-0.0458462
-0.0354136
-0.0277958
-0.0232579
-0.0216563
-0.0225776
-0.0255328
-0.0300197
-0.0355682
-0.0416903
-0.0477978
-0.0530378
-0.0562575
-0.0562959
-0.0526361
-0.0457996
-0.0372071
-0.028492
-0.020894
-0.0149848
-0.0107538
-0.0078719
-0.0059546
-0.00470328
-0.00397522
-0.00369459
-0.00381081
-0.00427335
-0.00503591
-0.0060242
-0.00706321
-0.00785022
-0.00804106
-0.00743183
-0.00610692
-0.00438846
-0.00264655
-0.00116577
-2.2234e-05
0.000682066
0.00110165
0.000985175
0.00104407
0.000246742
0.00106914
-0.00103434
0.00302829
0.113013
0.114249
0.118338
0.124219
0.131958
0.140422
0.144111
0.131573
0.0505235
-0.166698
-0.359313
-0.340142
-0.381952
-0.452483
-0.365852
-0.209844
-0.0828495
-0.00347766
0.0220627
0.0241413
0.00912855
-0.0168561
-0.0728436
-0.139671
-0.155401
-0.111298
-0.0617394
-0.0344409
-0.0252819
-0.0282403
-0.0380175
-0.0450555
-0.0429281
-0.0375968
-0.0409201
-0.0572125
-0.0807145
-0.0968874
-0.0923563
-0.0694314
-0.044067
-0.02841
-0.0240832
-0.0268139
-0.030563
-0.0306846
-0.0281021
-0.0283098
-0.0359983
-0.0505353
-0.0658571
-0.0733407
-0.0679581
-0.0524503
-0.0354377
-0.0239952
-0.0198095
-0.0202167
-0.0211631
-0.0203931
-0.0196498
-0.0227421
-0.0319223
-0.0455086
-0.0583548
-0.0644095
-0.060532
-0.0485497
-0.0342663
-0.0231459
-0.0173356
-0.0155941
-0.0152383
-0.0144771
-0.0141649
-0.0168324
-0.0244046
-0.0362308
-0.0489284
-0.0578104
-0.05924
-0.0526292
-0.0408587
-0.0285664
-0.0193627
-0.0142744
-0.0120711
-0.0109116
-0.0101151
-0.0110703
-0.0158999
-0.0255286
-0.0384056
-0.0508476
-0.0586405
-0.0590851
-0.0519646
-0.0396916
-0.025954
-0.0138301
-0.00470432
0.000912867
0.0019495
-0.00338416
-0.0157037
-0.0333312
-0.0528696
-0.0705719
-0.0831298
-0.0881762
-0.084821
-0.0743189
-0.059716
-0.0445397
-0.0314776
-0.0218916
-0.0161487
-0.0141126
-0.0153638
-0.0193497
-0.0254356
-0.0329995
-0.0413936
-0.0498114
-0.057089
-0.0617337
-0.0623434
-0.0583705
-0.0504922
-0.0404216
-0.030119
-0.0210934
-0.014074
-0.00909899
-0.0058181
-0.00378963
-0.00264487
-0.00216329
-0.00221651
-0.00271553
-0.0035861
-0.00475614
-0.00610959
-0.00741786
-0.00833783
-0.00851941
-0.00780156
-0.00632607
-0.00447477
-0.00264807
-0.00113468
1.59775e-05
0.000723996
0.00117728
0.00108866
0.00120378
0.000384846
0.00124846
-0.000944072
0.003103
0.109295
0.110164
0.112976
0.11675
0.120893
0.12387
0.119531
0.098738
0.0286632
-0.142356
-0.264696
-0.267124
-0.302616
-0.350323
-0.288222
-0.172308
-0.0710723
0.00126228
0.0392843
0.0509937
0.0421421
0.00337132
-0.0599979
-0.119631
-0.125296
-0.0843649
-0.0445301
-0.0227332
-0.0143165
-0.0150724
-0.0220152
-0.0278739
-0.0269396
-0.0237507
-0.028777
-0.0462594
-0.0702434
-0.0859589
-0.080952
-0.0584818
-0.034273
-0.0193333
-0.0148056
-0.0167665
-0.0198935
-0.0201585
-0.0184829
-0.0199525
-0.0288865
-0.0444029
-0.060239
-0.0677423
-0.0621525
-0.0464469
-0.0292408
-0.0174183
-0.012622
-0.0123877
-0.0129979
-0.0124345
-0.0124439
-0.0166191
-0.0269551
-0.0415406
-0.0550589
-0.0613789
-0.0573942
-0.0449986
-0.0300738
-0.018147
-0.011468
-0.00897591
-0.00820703
-0.00751307
-0.00776235
-0.011361
-0.0200458
-0.0329619
-0.0465533
-0.0560093
-0.0576251
-0.0507906
-0.038426
-0.0252735
-0.0150869
-0.00906619
-0.00617152
-0.00472284
-0.00411151
-0.00570987
-0.0115406
-0.0223877
-0.0365379
-0.0501498
-0.0588437
-0.0597228
-0.0524192
-0.0393019
-0.0242388
-0.0107018
-0.000499169
0.00564761
0.0067098
0.000945085
-0.0122884
-0.031353
-0.0527338
-0.0723528
-0.0864599
-0.0922886
-0.0887611
-0.0770942
-0.0605566
-0.0431276
-0.0280098
-0.0169059
-0.0102742
-0.00794165
-0.00945071
-0.0142111
-0.0215289
-0.030705
-0.0409775
-0.0513366
-0.0603235
-0.066144
-0.0672048
-0.0629468
-0.054184
-0.0428714
-0.0312431
-0.0210343
-0.0131038
-0.00752575
-0.00392856
-0.00182174
-0.000778195
-0.000509356
-0.000843766
-0.00166616
-0.00288809
-0.0044138
-0.00608398
-0.00761821
-0.00863966
-0.00880024
-0.00798831
-0.00639999
-0.00446688
-0.00260803
-0.00110718
1.25174e-05
0.000694422
0.00115442
0.00108761
0.00124383
0.000431426
0.00129359
-0.000884559
0.0029548
0.105239
0.105746
0.107341
0.109133
0.110242
0.108613
0.0991547
0.072804
0.0133079
-0.108213
-0.210551
-0.232826
-0.259703
-0.281729
-0.230672
-0.142685
-0.0620367
6.8245e-05
0.0402598
0.0584301
0.052425
0.0115761
-0.0507537
-0.0956039
-0.0918142
-0.0586521
-0.0292828
-0.0125592
-0.0048586
-0.00365349
-0.00779694
-0.0121959
-0.0118634
-0.0100767
-0.0158194
-0.0333503
-0.0568058
-0.0716558
-0.0666825
-0.0458412
-0.0239191
-0.0104193
-0.00605087
-0.00741104
-0.00998508
-0.0103132
-0.00922583
-0.0113907
-0.0208541
-0.036634
-0.0524342
-0.0597585
-0.0542184
-0.0389414
-0.0222702
-0.0106781
-0.00570042
-0.00509601
-0.00548739
-0.00506324
-0.0055292
-0.0102858
-0.0211649
-0.036157
-0.0499074
-0.0563161
-0.0523659
-0.0399861
-0.0250008
-0.0128421
-0.00576446
-0.00285484
-0.0018496
-0.00121849
-0.00181448
-0.00593722
-0.0152073
-0.0286723
-0.0427087
-0.0524686
-0.0542319
-0.0473788
-0.0348231
-0.0213158
-0.0106475
-0.00411584
-0.000829605
0.000758511
0.00122667
-0.000759439
-0.00714561
-0.0186573
-0.0335339
-0.0478846
-0.0572485
-0.0585816
-0.0513857
-0.0379539
-0.0222414
-0.00797009
0.00275963
0.00911837
0.0102035
0.00437051
-0.00911133
-0.0288014
-0.0512273
-0.0721036
-0.0873424
-0.093858
-0.0904153
-0.0781536
-0.0604446
-0.0415474
-0.0250387
-0.0129015
-0.0056784
-0.00315473
-0.00483532
-0.0101237
-0.0183206
-0.0286966
-0.0404035
-0.0522528
-0.062537
-0.069228
-0.0706023
-0.0661042
-0.0566588
-0.0444029
-0.0317779
-0.0206887
-0.0120867
-0.00606652
-0.002238
-7.77707e-05
0.000879094
0.000970271
0.00040291
-0.000686852
-0.00220026
-0.00402031
-0.0059471
-0.00765451
-0.00874075
-0.00886961
-0.00798081
-0.00632235
-0.00436185
-0.0025233
-0.00107575
-1.7316e-05
0.00061722
0.00106378
0.00101382
0.00119962
0.000421731
0.00125166
-0.000846493
0.00267615
0.100989
0.101167
0.101645
0.101717
0.100322
0.0953723
0.0826887
0.0549407
0.00391972
-0.0882553
-0.168164
-0.192017
-0.212199
-0.226071
-0.188433
-0.121923
-0.0569625
-0.00432153
0.0324046
0.0518636
0.0474331
0.0141096
-0.034176
-0.064049
-0.059361
-0.0371258
-0.0169219
-0.00415821
0.00292258
0.00569341
0.00423613
0.00155195
0.0017844
0.0026703
-0.00306856
-0.0196368
-0.0416469
-0.0553415
-0.0509067
-0.0326366
-0.0137918
-0.00218739
0.00181995
0.000986491
-0.0010617
-0.00138956
-0.000642144
-0.00301542
-0.0123389
-0.0276864
-0.0429222
-0.0499069
-0.0446961
-0.0304456
-0.0149529
-0.00409774
0.000723371
0.00148752
0.00121622
0.00154775
0.000880001
-0.00399331
-0.014822
-0.0296347
-0.0431818
-0.0495101
-0.0457441
-0.0338057
-0.0193142
-0.00745069
-0.000391133
0.00264451
0.00372545
0.00428791
0.00353419
-0.000731084
-0.0100737
-0.0235503
-0.0375819
-0.0473744
-0.0492469
-0.0425811
-0.0302343
-0.0168626
-0.00618699
0.000465168
0.00386587
0.00545236
0.00580538
0.00366575
-0.00284876
-0.01448
-0.0295338
-0.0441813
-0.053967
-0.0557537
-0.048933
-0.0356894
-0.0199733
-0.00561617
0.00511745
0.0113734
0.0124412
0.0068377
-0.00627829
-0.0257862
-0.0484255
-0.0698532
-0.0857637
-0.0928397
-0.0897041
-0.0773965
-0.0592849
-0.0397421
-0.0225552
-0.00989659
-0.00237458
0.00025392
-0.00150121
-0.00707516
-0.0158068
-0.0269639
-0.0396294
-0.0524703
-0.0635957
-0.0708258
-0.0723722
-0.0676942
-0.0577964
-0.044934
-0.0316828
-0.0200525
-0.0110446
-0.00475721
-0.000785729
0.00140749
0.00229988
0.00225327
0.00150077
0.000197851
-0.00154479
-0.00359026
-0.00570407
-0.0075246
-0.0086361
-0.00872463
-0.00777999
-0.00609694
-0.00416315
-0.00239322
-0.00103274
-5.70889e-05
0.000517314
0.000936639
0.000900196
0.00110713
0.000384265
0.00116672
-0.000819346
0.00236555
0.0966805
0.0965642
0.0960608
0.0946716
0.0912993
0.0839317
0.0693691
0.041833
-0.00244817
-0.073167
-0.13696
-0.163473
-0.181333
-0.188026
-0.157452
-0.105575
-0.0531176
-0.00876162
0.0232516
0.0414027
0.0406966
0.0185406
-0.0147703
-0.0362295
-0.0353258
-0.0215995
-0.0075056
0.00255483
0.0090606
0.0128747
0.0137723
0.012985
0.0135575
0.0138617
0.00843826
-0.00651048
-0.0263979
-0.0387181
-0.0351566
-0.0199586
-0.00454496
0.00499398
0.0085691
0.00824905
0.00673728
0.00646656
0.00704212
0.00481762
-0.0038166
-0.0181259
-0.0323423
-0.0388766
-0.0342699
-0.0215442
-0.00771866
0.00203701
0.00647177
0.00725826
0.00703768
0.00730274
0.00662624
0.00202331
-0.00823139
-0.0223336
-0.0352809
-0.0413812
-0.0379462
-0.0268363
-0.0133192
-0.00218788
0.00452088
0.00745365
0.00847932
0.00895876
0.00819511
0.00411229
-0.00484417
-0.0178375
-0.0314441
-0.0410147
-0.0429615
-0.036677
-0.0249078
-0.0121121
-0.0018417
0.00460091
0.00788326
0.00934417
0.00959483
0.0074952
0.00122762
-0.0100256
-0.024741
-0.0392592
-0.0492168
-0.0514373
-0.045222
-0.0326126
-0.0174678
-0.00359884
0.00668176
0.0125505
0.0135236
0.00835155
-0.00389248
-0.0224781
-0.044519
-0.065787
-0.0818934
-0.0893753
-0.0867299
-0.0748765
-0.0570835
-0.0376874
-0.0205243
-0.00785427
-0.000322839
0.00232789
0.000596098
-0.00502398
-0.0139494
-0.0254694
-0.0386145
-0.0519436
-0.0634544
-0.0708988
-0.072484
-0.0676951
-0.0575851
-0.0444659
-0.0309718
-0.0191492
-0.0100067
-0.00363142
0.000391192
0.00259638
0.00345009
0.00331134
0.00242502
0.000963554
-0.000945198
-0.00314347
-0.00536943
-0.00723928
-0.0083361
-0.00837799
-0.00740163
-0.00573922
-0.00388195
-0.00222151
-0.000973344
-9.35635e-05
0.000414991
0.000798752
0.000772358
0.000992087
0.000335938
0.00106741
-0.000796204
0.00208884
0.092429
0.0920622
0.0907215
0.0881448
0.0832536
0.074259
0.0587542
0.0324346
-0.00611608
-0.0618085
-0.1131
-0.137845
-0.152238
-0.156063
-0.132825
-0.0928557
-0.0505487
-0.0133357
0.0143883
0.0309854
0.0330787
0.0191588
-0.0032881
-0.0186373
-0.019314
-0.0104979
-0.000324817
0.00779103
0.0137077
0.018029
0.0206533
0.0217729
0.0230334
0.0230315
0.0178399
0.00459287
-0.0128215
-0.0234959
-0.0207428
-0.00864286
0.00339313
0.0109446
0.0140971
0.0142832
0.0133362
0.0131833
0.0136833
0.011806
0.00423
-0.00858775
-0.0214468
-0.0274855
-0.0236987
-0.0128255
-0.000950008
0.0075039
0.011427
0.0121684
0.0119644
0.0121744
0.0116106
0.00755695
-0.00171385
-0.0146714
-0.026692
-0.0324517
-0.0294779
-0.0195096
-0.00733201
0.00275129
0.00887737
0.0115514
0.0124299
0.0128079
0.0121325
0.00847699
0.000278045
-0.0118145
-0.024634
-0.0337621
-0.0357547
-0.0300198
-0.0191399
-0.00727875
0.00226358
0.0082471
0.0112373
0.0124753
0.0126219
0.0107016
0.00497744
-0.0054812
-0.0194088
-0.0334139
-0.0433063
-0.0459237
-0.0404954
-0.0288877
-0.0147872
-0.00187194
0.00759541
0.0128509
0.013631
0.00898344
-0.00203808
-0.0190958
-0.0398076
-0.0602426
-0.0760763
-0.083788
-0.08177
-0.0707984
-0.0539553
-0.0354098
-0.0189031
-0.00668511
0.000586347
0.00317299
0.00154739
-0.00389366
-0.0126806
-0.0241568
-0.0373255
-0.0506757
-0.0621572
-0.0695253
-0.0710343
-0.0662075
-0.0561205
-0.043084
-0.0297154
-0.0180306
-0.00900708
-0.00271305
0.00126907
0.00345985
0.00429742
0.0041151
0.0031515
0.00158881
-0.000423581
-0.00270382
-0.00496844
-0.00682498
-0.00786899
-0.0078599
-0.00687597
-0.00527526
-0.00353645
-0.00201654
-0.000896769
-0.000118535
0.000323669
0.000667798
0.000647709
0.000871678
0.000284658
0.000966957
-0.000773798
0.00186985
0.0883345
0.087759
0.0857245
0.0822032
0.0761821
0.0661307
0.0502935
0.02558
-0.00821991
-0.0531037
-0.0949389
-0.118075
-0.131026
-0.133157
-0.114587
-0.0828802
-0.0483837
-0.0171368
0.0069076
0.0218963
0.025593
0.0173037
0.00262704
-0.00788911
-0.00874294
-0.00270108
0.00498902
0.0117325
0.0171089
0.0215172
0.0250779
0.0277132
0.0298039
0.0298072
0.0246382
0.0127098
-0.00208547
-0.0106952
-0.00838544
0.000841448
0.00984634
0.015666
0.0184348
0.0190739
0.018705
0.0187382
0.0192105
0.0177218
0.0113543
0.00027993
-0.0110324
-0.0165707
-0.0137185
-0.00479952
0.00506471
0.0121633
0.0155336
0.0162162
0.0160287
0.0161896
0.0157913
0.0124408
0.00441837
-0.00709103
-0.0179519
-0.0232994
-0.0208871
-0.0122682
-0.00164853
0.00720828
0.0126221
0.0149531
0.0156354
0.015896
0.0153572
0.0122803
0.00509759
-0.00578194
-0.0175337
-0.0260469
-0.0280647
-0.0230104
-0.0132511
-0.00257696
0.00602159
0.0113863
0.0139756
0.0149271
0.0149581
0.0132969
0.00831605
-0.00103921
-0.0138235
-0.0269963
-0.0366145
-0.0395822
-0.0350633
-0.02473
-0.0120239
-0.000397419
0.00801056
0.0125046
0.0129979
0.00886862
-0.000760596
-0.0158793
-0.0346782
-0.0536918
-0.0688173
-0.0765704
-0.0752616
-0.0655026
-0.050115
-0.032989
-0.017652
-0.00626136
0.000529957
0.00297038
0.00150415
-0.00357093
-0.0119173
-0.0229714
-0.0357502
-0.0487166
-0.0598231
-0.0668799
-0.0682265
-0.0634381
-0.053594
-0.0409503
-0.0280353
-0.016773
-0.00808158
-0.00201096
0.00184737
0.00399078
0.00482391
0.00464241
0.00366093
0.00205868
4.62071e-06
-0.00229272
-0.00453078
-0.00631835
-0.00727597
-0.00721276
-0.00624298
-0.00473832
-0.00314972
-0.00179027
-0.000805986
-0.000128988
0.000249733
0.000553143
0.000535713
0.000755973
0.00023408
0.000870422
-0.000749999
0.00170345
0.0844796
0.0837355
0.08114
0.0768908
0.0700559
0.0593779
0.043606
0.0206145
-0.00919593
-0.046147
-0.0807079
-0.101497
-0.112644
-0.11399
-0.0995517
-0.0745796
-0.046484
-0.0202413
0.000607421
0.0142396
0.0190182
0.0147317
0.00551677
-0.00128194
-0.00167503
0.00284647
0.00891909
0.0146409
0.0195192
0.0237674
0.0275929
0.0309635
0.0336011
0.0337737
0.0288316
0.0182598
0.00626868
-0.000139358
0.00173087
0.00835503
0.0148595
0.0192937
0.0217101
0.0226804
0.0228497
0.0231354
0.0236127
0.0224395
0.0172087
0.00789078
-0.0018498
-0.00689074
-0.00492477
0.00217701
0.0101589
0.015964
0.0187969
0.0194352
0.019289
0.0194123
0.0191789
0.0165615
0.00988968
-2.09781e-05
-0.0095983
-0.0145021
-0.0127068
-0.00551627
0.00348866
0.0110748
0.0157361
0.0176993
0.0181765
0.0183136
0.0179177
0.0154754
0.00944215
-3.68004e-05
-0.010539
-0.0183219
-0.0203523
-0.0160628
-0.00755868
0.0017975
0.00934954
0.0140229
0.0161649
0.016802
0.0167036
0.0153257
0.0111854
0.00311824
-0.00828202
-0.020387
-0.0295617
-0.0328239
-0.0292783
-0.0203887
-0.00929345
0.000848278
0.00806885
0.0117367
0.0118795
0.00819209
-4.91293e-05
-0.0130481
-0.0295588
-0.0467022
-0.0607486
-0.0683515
-0.0677717
-0.0594393
-0.0458568
-0.0305484
-0.0167398
-0.00643425
-0.000269892
0.00196407
0.000677762
-0.00390702
-0.0115762
-0.0218864
-0.0339206
-0.0461695
-0.0566326
-0.0632085
-0.0643441
-0.0596779
-0.0502757
-0.0382884
-0.026091
-0.0154687
-0.00726391
-0.00151792
0.00215246
0.00421373
0.00503986
0.00489063
0.00394675
0.00236983
0.000337676
-0.00191737
-0.00407476
-0.00574973
-0.00659715
-0.00647987
-0.00554566
-0.00416483
-0.00274701
-0.00155644
-0.000706492
-0.000125784
0.000194376
0.000458111
0.000440455
0.000650825
0.000186761
0.000780202
-0.000722874
0.00157368
0.0809305
0.0800532
0.0770149
0.0722174
0.0648163
0.0538087
0.0383315
0.0169935
-0.00951974
-0.0406134
-0.0696634
-0.0884079
-0.0985228
-0.099652
-0.0881929
-0.0680784
-0.0448622
-0.0226315
-0.00442896
0.00804187
0.0135505
0.0121202
0.00681843
0.00278756
0.00298911
0.00670232
0.0117509
0.0167324
0.0211712
0.0251587
0.0288615
0.0323014
0.0350235
0.0353382
0.031162
0.0225576
0.0132981
0.00845911
0.0095211
0.0139805
0.0186224
0.0220226
0.0241027
0.0252356
0.0258238
0.0263967
0.0269231
0.0259627
0.0216306
0.0138444
0.00555793
0.00106341
0.00236467
0.00794863
0.0142891
0.0189366
0.0212779
0.0218883
0.0218155
0.0219254
0.0218277
0.0198697
0.0144915
0.00616947
-0.002117
-0.00658478
-0.0053964
0.00043148
0.0079182
0.0143011
0.0182357
0.0198469
0.0201416
0.0201637
0.0198894
0.0180544
0.0131782
0.00515458
-0.00402437
-0.0110269
-0.0130654
-0.00956773
-0.00234422
0.00568796
0.012196
0.0161797
0.0178789
0.018208
0.017972
0.0168578
0.0135581
0.00683515
-0.00306709
-0.0139659
-0.022578
-0.0260742
-0.0235082
-0.0161256
-0.00672208
0.00187517
0.00788987
0.0107419
0.0105149
0.00716016
0.000167275
-0.0107576
-0.0248521
-0.0398686
-0.0525685
-0.0598452
-0.0599497
-0.0531252
-0.041518
-0.0282316
-0.0161371
-0.00704524
-0.00157305
0.000429312
-0.000679027
-0.00472267
-0.0115778
-0.0209196
-0.0319397
-0.0432152
-0.0528402
-0.0588274
-0.0597431
-0.0552903
-0.0464969
-0.0353622
-0.024061
-0.0142123
-0.00658097
-0.00121324
0.00223221
0.0041835
0.00498959
0.00488638
0.00402303
0.00253372
0.000589154
-0.00156563
-0.00359728
-0.00513064
-0.00586041
-0.00570067
-0.00482693
-0.00359118
-0.00235282
-0.00132844
-0.000604743
-0.000112054
0.00015563
0.000382231
0.000362519
0.000559099
0.000144736
0.000698191
-0.000691301
0.00146594
0.0777398
0.0767599
0.0733801
0.0681812
0.0604026
0.0492674
0.0342054
0.0143703
-0.00942999
-0.0361272
-0.0609438
-0.0777462
-0.0868217
-0.0878737
-0.0788087
-0.0625582
-0.043285
-0.0243417
-0.0083511
0.0031218
0.00910194
0.00969159
0.00718053
0.00524041
0.00608282
0.00940287
0.0137888
0.0182158
0.0222655
0.0259636
0.0294137
0.0326266
0.0351685
0.0356381
0.0324872
0.0258962
0.0187706
0.0147899
0.0150738
0.0180251
0.0213987
0.0240485
0.0258062
0.02694
0.0277662
0.0285855
0.0292061
0.0284074
0.024704
0.0181029
0.0110936
0.0072405
0.00816069
0.0125354
0.0175055
0.0211723
0.023082
0.0236635
0.0236825
0.0238136
0.0238214
0.0223878
0.0181163
0.0112224
0.004123
6.03451e-05
0.00073013
0.00539376
0.0115733
0.0168932
0.0201665
0.021463
0.0216148
0.021546
0.0213617
0.0200466
0.0162264
0.00958543
0.00169415
-0.00454068
-0.00658601
-0.00384615
0.002179
0.00899347
0.0145448
0.0178935
0.0191897
0.0192442
0.0188746
0.0179769
0.0154391
0.00999744
0.00158001
-0.00807723
-0.0160651
-0.0197354
-0.018102
-0.0121876
-0.0044286
0.00268658
0.00756842
0.00967289
0.00909877
0.00597008
9.7322e-06
-0.00906695
-0.0208593
-0.0337149
-0.044943
-0.0517562
-0.0524447
-0.047078
-0.0374332
-0.0261775
-0.0158105
-0.00793692
-0.00314844
-0.00136867
-0.00230956
-0.00582488
-0.01184
-0.0201203
-0.0299788
-0.0401254
-0.0487948
-0.0541422
-0.054859
-0.0506994
-0.0426241
-0.0324466
-0.0221179
-0.0130863
-0.00604788
-0.00106651
0.00214601
0.00397397
0.00474592
0.00468794
0.00393002
0.00257821
0.000782
-0.00121787
-0.00308793
-0.00446804
-0.00509311
-0.00491837
-0.00413103
-0.00305172
-0.00198865
-0.00111788
-0.000507017
-9.17921e-05
0.000130242
0.000323431
0.000300826
0.000481954
0.000109511
0.000626077
-0.000655595
0.00137143
0.0749477
0.0738905
0.0702534
0.0647682
0.05675
0.0456123
0.0310037
0.0124713
-0.00913735
-0.0325434
-0.0541646
-0.0693755
-0.0777489
-0.0789179
-0.0716677
-0.058275
-0.0419914
-0.0256122
-0.011384
-0.000718686
0.00557041
0.0075959
0.0070764
0.00667549
0.00808771
0.011247
0.0152217
0.0192488
0.0229734
0.0263928
0.0295773
0.0325153
0.0348203
0.0353872
0.033048
0.0279761
0.0223935
0.0190435
0.0188918
0.0209012
0.0234302
0.025532
0.0269968
0.028027
0.028911
0.0298515
0.0305545
0.0299167
0.026706
0.0210522
0.0151619
0.0119589
0.0126444
0.0160421
0.0199141
0.0227976
0.0243407
0.0248719
0.024972
0.0251551
0.0252547
0.0242033
0.0207823
0.015045
0.00894522
0.00526292
0.00556921
0.00934208
0.0144741
0.0189012
0.021598
0.0226228
0.0226728
0.0225468
0.0224264
0.0215156
0.0185724
0.0131345
0.00639678
0.000857751
-0.00119137
0.000888209
0.00589214
0.0116787
0.0164146
0.0192123
0.0201635
0.0199936
0.0195085
0.018771
0.0168637
0.0125441
0.00548324
-0.00299752
-0.0103596
-0.0141507
-0.0133547
-0.00877656
-0.00250396
0.00328942
0.00717716
0.00863791
0.00776401
0.0047818
-0.000379223
-0.00793846
-0.0177319
-0.0286041
-0.0383948
-0.0446729
-0.0458169
-0.0417401
-0.0338782
-0.0244867
-0.0157109
-0.00895704
-0.00478842
-0.00320136
-0.00398828
-0.0070304
-0.0122725
-0.0195324
-0.0282286
-0.0372197
-0.0449104
-0.049622
-0.050171
-0.0463436
-0.0390098
-0.0297857
-0.0204009
-0.0121467
-0.0056638
-0.00104098
0.00195401
0.00366109
0.00439164
0.00437135
0.0037256
0.00253869
0.000931935
-0.000874819
-0.00256413
-0.00379821
-0.00434602
-0.00418667
-0.00350148
-0.002575
-0.00167037
-0.000933064
-0.00041828
-6.87201e-05
0.000114816
0.000279057
0.000253385
0.000419185
8.1553e-05
0.000564812
-0.000617673
0.00128672
0.0725842
0.0714704
0.0676447
0.0619616
0.0538011
0.0427306
0.0285602
0.0111149
-0.00875497
-0.0296976
-0.0489056
-0.0627875
-0.0705435
-0.0718087
-0.0659315
-0.0547262
-0.0407745
-0.0264207
-0.0136087
-0.00361825
0.00284387
0.0058655
0.00675299
0.00748758
0.0093864
0.0125051
0.0162193
0.0199535
0.0234134
0.0265876
0.0295333
0.0322315
0.0343315
0.0349372
0.0331455
0.0291346
0.0246545
0.0218298
0.0214921
0.022929
0.0248963
0.0265985
0.0278148
0.0287034
0.0295303
0.0304662
0.0311929
0.0307109
0.0279766
0.0231732
0.0182246
0.0155203
0.0159717
0.0185988
0.0216481
0.0239452
0.0251877
0.0256406
0.0257845
0.0260279
0.0262189
0.0254458
0.0226312
0.0177475
0.01243
0.00911054
0.00922686
0.0123702
0.0166952
0.0203992
0.0226124
0.0234068
0.0233848
0.0232342
0.0231653
0.0225473
0.0202705
0.0157888
0.00999712
0.00504055
0.00300047
0.00456625
0.00878245
0.0137689
0.0178502
0.0201902
0.0208582
0.0205188
0.0199472
0.0193196
0.0178908
0.0144734
0.008553
0.00109789
-0.0056933
-0.00956148
-0.0094695
-0.00602173
-0.000994867
0.00370233
0.00677264
0.00770967
0.00659437
0.00371047
-0.000860549
-0.00726017
-0.0154621
-0.0246825
-0.0332127
-0.0389634
-0.0404236
-0.0374028
-0.0310271
-0.0232067
-0.0157781
-0.00997339
-0.00632676
-0.0048953
-0.00554612
-0.0081907
-0.0127808
-0.0191589
-0.0268205
-0.0347595
-0.0415501
-0.0456827
-0.046092
-0.0425813
-0.0359234
-0.0275504
-0.0189953
-0.0114166
-0.00541237
-0.00109679
0.00171145
0.00331237
0.00400336
0.00401349
0.00347259
0.00245093
0.00104199
-0.000564407
-0.00207794
-0.0031871
-0.00368488
-0.00355787
-0.00297249
-0.0021798
-0.0014074
-0.000779085
-0.000342166
-4.60002e-05
0.000106293
0.000246527
0.000218093
0.000369988
6.06629e-05
0.000514836
-0.0005802
0.00121192
0.0706715
0.0695176
0.065558
0.0597428
0.0515044
0.0405292
0.0267431
0.0101622
-0.00837622
-0.0275176
-0.0449611
-0.057827
-0.065152
-0.0665527
-0.0617003
-0.0520884
-0.0398499
-0.0270047
-0.0152591
-0.00578032
0.000789433
0.00450243
0.00637064
0.0079169
0.0101996
0.0133377
0.016896
0.0204255
0.0236813
0.0266547
0.0294017
0.0319058
0.0338456
0.0344684
0.0330515
0.0297703
0.0260621
0.0236486
0.0232479
0.0243383
0.0259331
0.0273474
0.028365
0.0291175
0.0298512
0.0307238
0.0314319
0.0310809
0.0287678
0.0246645
0.0204208
0.0180399
0.0182879
0.0203719
0.0228535
0.0247351
0.0257409
0.0261001
0.0262446
0.0265279
0.0268007
0.0262398
0.023857
0.019585
0.014861
0.0118676
0.0119102
0.0146116
0.0183271
0.0214696
0.0232979
0.0239015
0.0238226
0.0236682
0.023647
0.0232353
0.0214287
0.0176416
0.0125571
0.00805048
0.00604214
0.00726104
0.0109261
0.015331
0.0189106
0.0208839
0.0213265
0.0208667
0.0202409
0.019687
0.018592
0.0158372
0.010791
0.0041508
-0.00216825
-0.00607834
-0.00653003
-0.00395958
0.000106447
0.0039603
0.00639979
0.00693272
0.0056349
0.00282246
-0.00132822
-0.00689698
-0.0139326
-0.0219037
-0.0294428
-0.0347422
-0.0364104
-0.0341676
-0.0289272
-0.0223184
-0.0159367
-0.0108752
-0.00763899
-0.00632777
-0.00686819
-0.00919999
-0.0132796
-0.0189604
-0.0257905
-0.0328701
-0.0389174
-0.0425701
-0.0428635
-0.0396114
-0.0335019
-0.0258149
-0.0179253
-0.0108868
-0.00526483
-0.00119464
0.00146417
0.00297968
0.00363876
0.00367437
0.00322272
0.00234491
0.00111095
-0.000319043
-0.00168286
-0.00269283
-0.00315769
-0.0030631
-0.00255989
-0.00187238
-0.00120199
-0.000657433
-0.00028049
-2.58001e-05
0.000102207
0.000223436
0.000192731
0.000332901
4.58036e-05
0.000475758
-0.000546262
0.00114857
0.0692251
0.0680443
0.0639942
0.0580951
0.0498189
0.0389378
0.0254582
0.00952134
-0.00805077
-0.025927
-0.0421282
-0.0542416
-0.0612345
-0.0627255
-0.058584
-0.0500943
-0.0390817
-0.0273278
-0.0163652
-0.00727597
-0.00065888
0.00350544
0.00602847
0.00813244
0.0106978
0.013872
0.017336
0.020725
0.0238322
0.0266546
0.0292522
0.0316123
0.0334382
0.0340721
0.0329072
0.0301148
0.0269279
0.0248091
0.0243962
0.0252807
0.0266352
0.0278504
0.0287198
0.0293619
0.0300127
0.0308201
0.0314991
0.031235
0.0292175
0.0255988
0.0218347
0.0196741
0.0197998
0.0215412
0.0236556
0.0252566
0.0260874
0.0263588
0.0264789
0.0267753
0.0271062
0.0267042
0.0246379
0.0208116
0.0165268
0.0137842
0.013787
0.0161739
0.0194513
0.0221891
0.0237336
0.024188
0.0240595
0.0239062
0.0239277
0.0236621
0.0221738
0.0188575
0.0142608
0.0100772
0.00811747
0.00913138
0.0124367
0.0164392
0.0196521
0.021346
0.0216166
0.0210736
0.0204197
0.0199169
0.0190393
0.0167282
0.0122873
0.00622897
0.000259218
-0.0036671
-0.0044957
-0.00254089
0.00084978
0.00410676
0.006094
0.00633508
0.00490928
0.00215201
-0.00170984
-0.00672031
-0.0129706
-0.0200877
-0.0269328
-0.0318995
-0.0336881
-0.0319754
-0.0275223
-0.0217616
-0.0161211
-0.0115927
-0.00865503
-0.00743217
-0.00789121
-0.00999409
-0.0137024
-0.0188754
-0.0250962
-0.0315419
-0.0370376
-0.0403322
-0.0405359
-0.037471
-0.0317619
-0.0245759
-0.0171728
-0.0105302
-0.0051892
-0.00129974
0.00124895
0.00270192
0.00333885
0.00339602
0.00301396
0.00224715
0.00114762
-0.000147905
-0.00139937
-0.00233657
-0.00277823
-0.00270763
-0.00226337
-0.0016507
-0.00105288
-0.000568225
-0.00023446
-9.88346e-06
0.000100506
0.000207778
0.000175446
0.000306646
3.59925e-05
0.000447306
-0.000518384
0.00109878
0.0682557
0.0670582
0.0629526
0.0570048
0.0487126
0.0379045
0.0246367
0.00912605
-0.00781816
-0.0248912
-0.0403056
-0.0519332
-0.0587219
-0.0602883
-0.0566075
-0.0488317
-0.038599
-0.0275422
-0.0170811
-0.0082405
-0.00159593
0.00284666
0.00577372
0.00822744
0.0109795
0.0141887
0.0176017
0.0209036
0.0239136
0.0266349
0.0291322
0.0313969
0.0331493
0.0337896
0.0327796
0.0302873
0.0274235
0.0254963
0.0250912
0.0258615
0.0270719
0.0281605
0.0289308
0.029496
0.0300885
0.0308484
0.0315028
0.0312854
0.0294434
0.0261195
0.0226521
0.0206376
0.0207062
0.0222522
0.0241476
0.0255737
0.0262884
0.0264948
0.0265885
0.026885
0.02725
0.0269515
0.0250944
0.0215625
0.0175654
0.0149845
0.01496
0.017148
0.0201485
0.022628
0.0239869
0.024338
0.0241705
0.0240157
0.0240668
0.0238967
0.02261
0.0195905
0.0153037
0.0113319
0.00941764
0.0103204
0.0134076
0.0171529
0.0201214
0.0216235
0.0217749
0.0211775
0.0205105
0.0200414
0.0192933
0.0172477
0.0131757
0.00748029
0.00173649
-0.00218793
-0.0032402
-0.00166243
0.00130702
0.0041853
0.00587985
0.00592971
0.00442198
0.0017036
-0.00197659
-0.00664739
-0.0124255
-0.0190281
-0.0254504
-0.0302078
-0.0320605
-0.0306617
-0.0266854
-0.0214463
-0.0162689
-0.0120797
-0.00933618
-0.00817301
-0.00858083
-0.0105363
-0.014005
-0.0188503
-0.0246769
-0.0307114
-0.0358485
-0.0389088
-0.0390509
-0.0361031
-0.0306497
-0.0237857
-0.0166973
-0.0103124
-0.00515542
-0.00138508
0.00109083
0.00250284
0.00312631
0.00319981
0.00286542
0.00217307
0.0011626
-4.46147e-05
-0.00122265
-0.00211204
-0.00253737
-0.00248073
-0.00207299
-0.00150746
-0.000955879
-0.000509779
-0.000204023
8.83169e-07
9.97759e-05
0.00019787
0.000164503
0.000289645
2.99014e-05
0.000428513
-0.000498766
0.00106419
0.0677692
0.0665641
0.0624319
0.0564621
0.0481648
0.0373964
0.0242369
0.00893875
-0.00769571
-0.0243776
-0.0394088
-0.0507947
-0.0574787
-0.0590791
-0.0556187
-0.048189
-0.0383384
-0.0276252
-0.0174132
-0.00869893
-0.00204614
0.00252632
0.00564482
0.00826545
0.0111081
0.0143357
0.0177245
0.0209836
0.0239448
0.0266153
0.029063
0.0312815
0.0329997
0.033645
0.0327108
0.0303626
0.0276533
0.0258187
0.02542
0.0261379
0.0272797
0.0283061
0.029026
0.0295512
0.0301137
0.0308499
0.0314922
0.0312975
0.0295401
0.0263574
0.0230316
0.0210879
0.0211328
0.0225884
0.0243803
0.0257214
0.0263774
0.026549
0.0266276
0.0269238
0.0273071
0.0270607
0.025305
0.0219145
0.0180566
0.0155552
0.0155192
0.0176121
0.0204792
0.0228332
0.0241002
0.0243973
0.024207
0.0240495
0.0241157
0.0239945
0.0228098
0.0199405
0.0158111
0.0119473
0.0100575
0.0109073
0.0138871
0.0175036
0.0203479
0.0217507
0.0218392
0.0212125
0.0205393
0.0200868
0.019401
0.0174823
0.0135879
0.00806867
0.00243666
-0.00148329
-0.00263977
-0.00124056
0.00152603
0.00422
0.00577042
0.00572535
0.00417754
0.00147994
-0.00211149
-0.0066207
-0.0121778
-0.0185414
-0.0247679
-0.0294289
-0.0313109
-0.0300567
-0.026303
-0.0213102
-0.0163542
-0.0123293
-0.00968099
-0.00854743
-0.00892967
-0.0108117
-0.0141617
-0.0188451
-0.0244775
-0.0303095
-0.0352704
-0.0382156
-0.0383273
-0.0354368
-0.0301087
-0.0234026
-0.0164687
-0.0102105
-0.00514429
-0.00143279
0.00100715
0.00239909
0.0030164
0.003099
0.00278908
0.00213439
0.00116842
4.95996e-06
-0.0011369
-0.00200276
-0.0024199
-0.00237004
-0.00198015
-0.00143769
-0.000908814
-0.00048168
-0.000189704
5.57676e-06
9.89063e-05
0.000192663
0.000158889
0.000281315
2.68587e-05
0.000419643
-0.000488976
0.00104673
-0.58494
-0.283149
-0.174861
-0.58494
-0.283152
-0.483783
-0.48945
-0.577298
-0.483783
-0.48945
0.120606
0.418434
0.318333
0.334206
0.120604
0.418434
0.318332
-0.137083
-0.476409
-0.476409
-0.45532
-0.433154
-0.436783
-0.45741
-0.455319
-0.433154
-0.436783
0.492214
0.434806
0.492214
-0.437695
-0.421379
-0.437694
-0.421378
0.42692
0.49094
0.426921
-0.424554
-0.41256
-0.424553
-0.412558
0.280275
0.322661
0.0875636
0.408736
0.280274
0.322661
0.0875614
-0.177817
-0.177821
-0.412289
-0.412288
-0.409086
-0.404812
-0.396968
-0.408195
-0.409087
-0.404811
-0.396968
-0.194803
-0.574232
-0.326075
-0.194804
-0.574231
-0.426135
-0.544894
-0.417033
-0.426135
-0.544892
-0.417032
-0.361261
-0.207496
-0.444288
-0.154716
-0.361261
-0.207496
-0.444289
-0.431619
-0.546475
-0.47333
-0.43501
-0.431619
-0.546473
-0.47333
0.0913522
0.263057
0.103474
0.18877
0.0913519
0.263057
0.103473
-0.569918
-0.578179
-0.552607
-0.607601
-0.553513
-0.607775
-0.569715
-0.472281
-0.463734
-0.470641
-0.473587
-0.47228
-0.463734
-0.470641
-0.129387
-0.443645
-0.457472
-0.449824
-0.4536
-0.449543
-0.453763
-0.443917
-0.41179
-0.413725
-0.413428
-0.412038
-0.417131
-0.415272
-0.415012
-0.417392
-0.410444
-0.40546
-0.404618
-0.410916
-0.404436
-0.413156
-0.409785
0.0729738
0.180319
0.0765591
0.252813
0.0729719
0.180319
0.0765587
-0.467649
-0.323605
-0.227872
-0.230516
-0.471208
-0.384008
-0.389327
-0.370341
-0.403071
-0.384009
-0.389327
-0.370341
-0.441971
-0.159759
-0.358543
-0.218819
-0.441972
-0.159759
-0.358543
-0.418083
-0.412721
-0.39248
-0.514678
-0.418083
-0.41272
-0.392481
-0.458163
-0.586741
-0.442159
-0.612268
-0.443223
-0.613447
-0.457606
-0.440088
-0.280598
-0.197809
-0.199949
-0.443733
-0.458164
-0.586739
-0.442161
-0.612267
-0.443224
-0.613445
-0.457608
-0.440089
-0.2806
-0.197812
-0.199951
-0.443735
-0.502808
-0.489447
-0.48731
-0.48737
-0.503104
-0.569917
-0.578178
-0.552606
-0.607601
-0.553511
-0.607774
-0.569714
-0.502807
-0.489447
-0.48731
-0.48737
-0.503104
0.332821
0.119208
0.261573
0.109524
0.26093
0.107814
0.334344
0.383209
0.337288
0.207342
0.444078
0.17853
0.448129
0.385672
0.33282
0.119206
0.261572
0.109523
0.260929
0.107813
0.334343
0.383208
0.337288
0.207341
0.444078
0.178529
0.448129
0.385671
-0.129389
-0.476271
-0.476271
-0.43073
-0.432136
-0.442939
-0.42564
-0.443472
-0.425313
-0.430999
-0.443645
-0.457472
-0.449824
-0.4536
-0.449543
-0.453763
-0.443917
-0.43073
-0.432137
-0.442939
-0.42564
-0.443472
-0.425314
-0.430999
0.542502
0.475445
0.478566
0.540481
0.57938
0.597313
0.59844
0.57797
0.542501
0.475445
0.478566
0.540481
0.57938
0.597313
0.59844
0.57797
-0.410931
-0.412655
-0.412381
-0.41121
-0.41179
-0.413725
-0.413428
-0.412038
-0.41093
-0.412655
-0.412381
-0.41121
0.568533
0.593594
0.594758
0.566997
0.525825
0.452121
0.45559
0.52356
0.568533
0.593594
0.594758
0.566996
0.525825
0.452121
0.45559
0.52356
-0.416651
-0.417877
-0.417641
-0.416948
-0.41713
-0.415271
-0.415011
-0.417391
-0.416651
-0.417875
-0.41764
-0.416947
0.359806
0.301175
0.422468
0.166972
0.426938
0.134592
0.36275
0.310842
0.0862795
0.0676779
0.240797
0.06584
0.239941
0.312761
0.359804
0.301174
0.422468
0.16697
0.426937
0.134591
0.362749
0.31084
0.0862779
0.0676763
0.240796
0.065839
0.23994
0.312759
-0.169746
-0.169749
-0.412513
-0.412513
-0.403733
-0.405651
-0.412078
-0.392932
-0.411884
-0.39334
-0.403409
-0.410444
-0.40546
-0.404616
-0.410914
-0.404435
-0.413155
-0.409783
-0.403733
-0.405651
-0.412077
-0.392931
-0.411883
-0.393339
-0.403408
-0.461323
-0.5763
-0.601553
-0.446226
-0.603066
-0.447463
-0.460394
-0.46765
-0.323608
-0.227875
-0.230519
-0.47121
-0.461325
-0.576299
-0.601553
-0.446228
-0.603066
-0.447464
-0.460397
-0.445586
-0.426224
-0.422632
-0.42303
-0.44561
-0.520459
-0.546081
-0.572527
-0.504759
-0.573026
-0.505966
-0.520057
-0.445587
-0.426224
-0.422632
-0.42303
-0.445609
-0.520459
-0.54608
-0.572525
-0.50476
-0.573025
-0.505967
-0.520057
-0.44218
-0.175776
-0.386516
-0.19303
-0.386396
-0.195227
-0.443341
0.328513
0.303203
0.372218
0.275849
0.328513
0.303203
0.372218
-0.41285
-0.436263
-0.439894
-0.442421
-0.41285
-0.436263
-0.439893
0.404995
0.331172
0.421999
0.3211
0.404995
0.331172
0.421999
0.539054
0.436091
0.513282
0.470593
0.51484
0.471714
0.53776
-0.466848
-0.437941
-0.477772
-0.434662
-0.466847
-0.437941
-0.477772
0.420895
0.319502
0.402276
0.330516
0.420895
0.319502
0.402276
0.556586
0.492088
0.567636
0.480724
0.568852
0.481916
0.555344
-0.523314
-0.454109
-0.519005
-0.450075
-0.523313
-0.45411
-0.519004
0.368016
0.272967
0.323579
0.301139
0.368016
0.272967
0.323579
-0.553766
-0.449227
-0.527312
-0.45751
-0.553765
-0.449227
-0.527312
-0.403556
-0.391242
-0.402005
-0.391609
-0.402707
-0.378748
-0.37816
-0.44218
-0.175775
-0.386516
-0.193032
-0.386396
-0.195228
-0.443342
-0.505408
-0.484048
-0.493403
-0.501949
-0.493776
-0.501925
-0.50542
-0.505408
-0.484048
-0.493403
-0.501948
-0.493776
-0.501924
-0.50542
0.561085
0.493354
0.484577
0.569198
0.485744
0.570415
0.559838
0.539054
0.43609
0.513283
0.470593
0.51484
0.471713
0.53776
0.561084
0.493354
0.484576
0.569198
0.485744
0.570415
0.559838
-0.414143
-0.437527
-0.414051
-0.426379
-0.413894
-0.426261
-0.414308
-0.41237
-0.421237
-0.424403
-0.412594
-0.424252
-0.412457
-0.412517
-0.414142
-0.437526
-0.414051
-0.426378
-0.413894
-0.42626
-0.414308
-0.41237
-0.421236
-0.424402
-0.412593
-0.424252
-0.412456
-0.412516
0.531989
0.428251
0.464862
0.504405
0.466017
0.505954
0.530696
0.556586
0.492088
0.567636
0.480724
0.568851
0.481916
0.555345
0.531989
0.428251
0.464862
0.504406
0.466017
0.505954
0.530696
-0.415179
-0.424383
-0.414477
-0.419275
-0.414335
-0.419139
-0.415328
-0.414145
-0.412469
-0.421452
-0.413507
-0.421305
-0.413359
-0.41433
-0.415178
-0.424382
-0.414476
-0.419274
-0.414334
-0.419138
-0.415327
-0.414144
-0.412468
-0.421451
-0.413507
-0.421305
-0.413359
-0.41433
-0.463971
-0.195908
-0.219928
-0.406075
-0.222418
-0.406025
-0.464983
-0.463972
-0.195909
-0.21993
-0.406076
-0.222419
-0.406025
-0.464984
-0.449606
-0.417445
-0.43407
-0.437886
-0.434249
-0.438621
-0.449426
-0.449606
-0.417446
-0.43407
-0.437885
-0.434249
-0.438621
-0.449426
0.0980282
0.0825795
0.207101
0.078372
0.206418
0.148111
0.148637
0.0980273
0.082579
0.207101
0.0783712
0.206417
0.14811
0.148636
-0.463814
-0.467461
-0.463028
-0.467386
-0.463009
-0.460628
-0.460701
-0.463814
-0.467461
-0.463027
-0.467386
-0.463009
-0.460629
-0.4607
0.0670325
0.187577
0.0576597
0.186692
0.052938
0.130285
0.130969
0.0670309
0.187576
0.057659
0.18669
0.0529362
0.130283
0.130968
-0.403556
-0.391241
-0.402004
-0.391609
-0.402707
-0.378748
-0.378158
0.0440695
0.143227
0.0617934
0.0955764
0.0440693
0.143227
0.0617931
-0.397145
-0.446782
-0.471015
-0.404528
-0.397145
-0.446782
-0.471015
0.248655
0.250542
0.283479
0.213205
0.248655
0.250542
0.283479
-0.353494
-0.442335
-0.410277
-0.442333
-0.353494
-0.442335
-0.410277
0.278996
0.210341
0.24502
0.247921
0.278996
0.210341
0.24502
-0.535453
-0.428075
-0.507677
-0.441917
-0.535453
-0.428074
-0.507677
0.0530424
0.0906328
0.0387003
0.136975
0.0530419
0.0906328
0.0387001
-0.400132
-0.364737
-0.360929
-0.376223
-0.400132
-0.364736
-0.360929
)
;

boundaryField
{
    inlet
    {
        type            zeroGradient;
    }
    outlet
    {
        type            fixedValue;
        value           uniform 0;
    }
    top
    {
        type            symmetryPlane;
    }
    bottom
    {
        type            symmetryPlane;
    }
    front
    {
        type            symmetryPlane;
    }
    back
    {
        type            symmetryPlane;
    }
    cylinder
    {
        type            zeroGradient;
    }
}


// ************************************************************************* //
