/*--------------------------------*- C++ -*----------------------------------*\
  =========                 |
  \\      /  F ield         | OpenFOAM: The Open Source CFD Toolbox
   \\    /   O peration     | Website:  https://openfoam.org
    \\  /    A nd           | Version:  11
     \\/     M anipulation  |
\*---------------------------------------------------------------------------*/
FoamFile
{
    format      ascii;
    class       volScalarField;
    location    "15.594559";
    object      p;
}
// * * * * * * * * * * * * * * * * * * * * * * * * * * * * * * * * * * * * * //

dimensions      [0 2 -2 0 0 0 0];

internalField   nonuniform List<scalar> 
7132
(
0.0891317
0.0877698
0.0831197
0.0764791
0.0673801
0.0558263
0.0420376
0.0265576
0.0103385
-0.00494013
-0.0176671
-0.0256514
-0.0284936
-0.0262075
-0.0197609
-0.0109587
-0.0014906
0.00730863
0.0147396
0.0208705
0.0263054
0.0316396
0.0370628
0.0424087
0.0474158
0.051913
0.055896
0.0594325
0.0625365
0.0650001
0.0663345
0.066074
0.0643215
0.0620014
0.0602817
0.0597759
0.0602948
0.0612574
0.0621708
0.0628351
0.0633329
0.0638696
0.064581
0.065237
0.0651479
0.0636056
0.0606778
0.0574978
0.0554596
0.0551595
0.056141
0.0574851
0.0584949
0.0589436
0.0589895
0.0589616
0.0591033
0.0592453
0.0587346
0.0568986
0.0538344
0.0506836
0.0488589
0.0489633
0.0504676
0.0522921
0.0536003
0.0541279
0.0540673
0.0537982
0.0535812
0.0532697
0.0523246
0.050275
0.0473426
0.0445714
0.0431589
0.0435972
0.0453856
0.047484
0.0490244
0.0496908
0.0496571
0.0493064
0.0488922
0.0482935
0.0470972
0.0450318
0.0424235
0.0401851
0.039242
0.0399155
0.041749
0.0438555
0.0454522
0.0461978
0.0462035
0.0458148
0.0452842
0.0445378
0.04326
0.0412843
0.0389609
0.037098
0.0364617
0.0372875
0.0391653
0.0413253
0.0430583
0.0439934
0.0441472
0.0437845
0.0431491
0.0422291
0.0407829
0.0386637
0.0361703
0.0340549
0.0331063
0.0336656
0.0354509
0.0377518
0.0398171
0.041144
0.041572
0.0412174
0.0402997
0.0389166
0.0369353
0.0341287
0.0305101
0.026562
0.0231108
0.0209075
0.0202378
0.020826
0.0220306
0.0231712
0.0237685
0.0236177
0.0227442
0.0213137
0.0195636
0.0177712
0.0162579
0.0153683
0.0154158
0.0165596
0.0187309
0.0216382
0.0247831
0.0278179
0.0299964
0.0317349
0.0310098
0.0312422
0.0241638
0.0262565
0.00284384
0.025838
0.0896789
0.0883209
0.0836859
0.0770491
0.067928
0.0562979
0.0423525
0.026609
0.0100261
-0.00566601
-0.0187714
-0.0269027
-0.0297129
-0.0271923
-0.0203623
-0.0111633
-0.00138457
0.00758023
0.0150146
0.0210333
0.0263315
0.0315765
0.0369736
0.0423369
0.0473832
0.0519275
0.0559606
0.0595468
0.062697
0.0651957
0.0665292
0.0662003
0.0643103
0.0618353
0.0600131
0.0594851
0.06004
0.0610586
0.062026
0.0627364
0.0632732
0.0638418
0.0645816
0.0652583
0.0651586
0.0635453
0.0604887
0.0571756
0.055068
0.0547848
0.0558442
0.0572794
0.058365
0.0588672
0.0589465
0.0589356
0.0590833
0.059216
0.0586649
0.0567431
0.0535581
0.0502952
0.0484202
0.0485557
0.0501537
0.05209
0.0534936
0.0540859
0.0540596
0.0538016
0.053579
0.0532389
0.0522292
0.0500768
0.0470281
0.0441695
0.0427324
0.0432126
0.0450925
0.0472999
0.0489385
0.0496747
0.0496779
0.0493367
0.0489106
0.0482727
0.0470014
0.0448314
0.0421181
0.0398136
0.038866
0.0395914
0.0415117
0.043713
0.0453937
0.0462011
0.0462414
0.0458608
0.0453139
0.0445212
0.0431636
0.0410857
0.038667
0.0367505
0.0361205
0.0370052
0.0389717
0.0412229
0.0430326
0.0440235
0.0442104
0.043857
0.0432043
0.0422332
0.0407006
0.0384727
0.0358771
0.0336991
0.032748
0.0333627
0.0352424
0.0376485
0.0398065
0.0412026
0.0416752
0.0413415
0.0404188
0.0389963
0.0369337
0.0340095
0.0302618
0.0262091
0.0227091
0.0205266
0.019939
0.0206468
0.0219778
0.023224
0.0238887
0.0237615
0.0228708
0.0213896
0.0195637
0.0176817
0.016081
0.015126
0.0151483
0.0163164
0.0185586
0.0215687
0.0248287
0.0279696
0.0302351
0.0320212
0.0313237
0.0315138
0.0244188
0.0263526
0.00296068
0.0257165
0.0907712
0.0894229
0.0848204
0.0781967
0.069037
0.0572607
0.0430056
0.0267318
0.00940834
-0.00713602
-0.0210243
-0.0294486
-0.0321838
-0.0291626
-0.0215237
-0.0114998
-0.00109109
0.00819591
0.0156112
0.0213712
0.0263673
0.0314202
0.0367646
0.0421675
0.0472963
0.051937
0.0560711
0.0597585
0.0630042
0.0655788
0.0669147
0.0664468
0.0642709
0.0614718
0.059438
0.0588692
0.0595046
0.0606409
0.0617182
0.0625192
0.0631308
0.0637618
0.0645589
0.0652788
0.0651584
0.0633982
0.0600731
0.0564817
0.0542309
0.0539892
0.055217
0.056844
0.0580854
0.0586934
0.0588357
0.0588568
0.059017
0.0591329
0.0585001
0.0563988
0.0529607
0.0494653
0.0474882
0.0476931
0.0494887
0.0516586
0.0532584
0.0539795
0.0540177
0.0537787
0.0535459
0.053152
0.0520155
0.0496578
0.0463745
0.0433396
0.0418533
0.0424205
0.0444869
0.0469145
0.0487489
0.0496221
0.0496958
0.049372
0.0489236
0.0482097
0.0467894
0.0444094
0.0414851
0.0390486
0.0380943
0.0389285
0.0410264
0.0434191
0.0452665
0.0461944
0.0463014
0.0459374
0.0453592
0.0444736
0.0429525
0.0406639
0.0380491
0.0360227
0.0354074
0.0364169
0.038568
0.0410068
0.0429724
0.044075
0.0443283
0.0439953
0.0433095
0.0422342
0.0405206
0.0380627
0.0352505
0.0329398
0.0319825
0.032716
0.0347953
0.0374208
0.0397709
0.0413097
0.041874
0.0415849
0.0406551
0.0391532
0.0369215
0.0337494
0.029728
0.0254535
0.0218509
0.0197136
0.0193009
0.0202614
0.0218567
0.0233223
0.0241268
0.0240496
0.0231262
0.0215439
0.019565
0.0174997
0.0157176
0.0146247
0.0145917
0.0158079
0.0181958
0.021418
0.0249156
0.0282746
0.0307179
0.0326021
0.0319574
0.0320645
0.0249272
0.0265456
0.0031807
0.0254357
0.0924053
0.0910738
0.0865282
0.0799358
0.0707331
0.0587525
0.044042
0.0269629
0.00849451
-0.00939845
-0.0245351
-0.0334148
-0.0360498
-0.0322578
-0.0233552
-0.0120398
-0.000641663
0.009155
0.0165347
0.0218744
0.0263878
0.0311427
0.0364138
0.0418845
0.0471411
0.0519262
0.0562098
0.0600482
0.0634391
0.0661334
0.0674746
0.0667831
0.0641439
0.0608227
0.05846
0.0578481
0.058634
0.0599689
0.0612198
0.0621565
0.0628762
0.063596
0.0644748
0.0652548
0.0650914
0.0630844
0.0593175
0.0552749
0.0528078
0.0526622
0.0541869
0.0561354
0.0576254
0.0583926
0.0586215
0.0586795
0.0588484
0.0589332
0.058173
0.0557939
0.0519613
0.048101
0.0459641
0.046284
0.0484035
0.0509505
0.0528599
0.0537759
0.053904
0.0536863
0.053436
0.0529616
0.0516306
0.0489539
0.0453063
0.0420016
0.0404479
0.0411633
0.0435282
0.0462981
0.04843
0.0495061
0.0496821
0.0493846
0.0489048
0.0480743
0.0464176
0.0437021
0.0404427
0.037802
0.0368498
0.0378707
0.0402582
0.0429524
0.0450537
0.0461606
0.0463671
0.0460311
0.0454073
0.0443736
0.0425855
0.0399526
0.0370205
0.0348219
0.0342395
0.0354607
0.0379139
0.0406532
0.0428624
0.044136
0.0444913
0.0441931
0.0434581
0.0422145
0.0402026
0.0373653
0.0341986
0.0316751
0.0307163
0.0316489
0.0340541
0.0370335
0.0396887
0.0414508
0.0421581
0.0419404
0.041002
0.039374
0.0368677
0.0332926
0.0288294
0.0242021
0.0204431
0.0183885
0.018265
0.0196347
0.0216523
0.0234645
0.0244879
0.0244891
0.0235161
0.0217779
0.0195593
0.017203
0.0151299
0.0138141
0.0136913
0.0149854
0.0176082
0.0211701
0.0250442
0.0287448
0.0314617
0.0334933
0.0329236
0.0328952
0.0256919
0.0268015
0.00353276
0.0248491
0.0945746
0.0932702
0.0888154
0.082287
0.0730559
0.0608331
0.045536
0.0273681
0.00731143
-0.0125141
-0.0294486
-0.0389319
-0.0413927
-0.0364577
-0.025709
-0.0125257
0.000233051
0.0106835
0.0179136
0.0225498
0.0263047
0.0306204
0.0358093
0.0414023
0.046854
0.0518435
0.0563304
0.0603727
0.0639625
0.0668277
0.0681809
0.0671616
0.0638334
0.0597399
0.0569143
0.0562817
0.0573307
0.0589768
0.0604795
0.0615981
0.0624525
0.0632778
0.0642503
0.0650969
0.064858
0.0624814
0.0580594
0.0533505
0.0505802
0.0506168
0.0526229
0.0550708
0.0569274
0.057909
0.0582333
0.05831
0.0584668
0.0585025
0.0575744
0.0548268
0.0504631
0.0461034
0.043743
0.0442222
0.0468037
0.0498907
0.0522375
0.0534167
0.0536535
0.053455
0.0531843
0.052606
0.0510013
0.0478633
0.0436909
0.0400111
0.0383891
0.0393469
0.0421507
0.0454022
0.047939
0.0492835
0.0495935
0.0493358
0.0488204
0.0478267
0.0458238
0.0426147
0.0388681
0.0359405
0.0350092
0.0363245
0.0391439
0.0422719
0.044725
0.0460731
0.0464154
0.0461253
0.0454424
0.0441926
0.0420069
0.0388642
0.0354701
0.0330284
0.0325049
0.0340448
0.0369427
0.0401179
0.0426733
0.0441859
0.0446853
0.044442
0.0436398
0.0421494
0.0396952
0.036299
0.0326173
0.029791
0.0288377
0.0300636
0.0329412
0.0364294
0.0395202
0.041599
0.0425094
0.0423959
0.0414486
0.0396383
0.036732
0.0325745
0.0274833
0.0223665
0.0184028
0.0164813
0.0167768
0.0187286
0.0213417
0.02364
0.0249702
0.0250834
0.0240457
0.0220929
0.0195367
0.0167637
0.0142697
0.0126309
0.0123792
0.0137876
0.0167484
0.0207923
0.0251932
0.0293633
0.0324485
0.0346717
0.0341931
0.0339697
0.0266764
0.0270605
0.00403221
0.0237545
0.0972686
0.0960053
0.0916882
0.0852759
0.0760573
0.0635843
0.0475909
0.0280406
0.00589366
-0.0165942
-0.0360288
-0.0463022
-0.048592
-0.0421283
-0.0288625
-0.0132822
0.00146343
0.0127999
0.0197766
0.0233773
0.0260501
0.0297757
0.0348896
0.0406763
0.0463949
0.0516441
0.0563788
0.0606681
0.064506
0.0675994
0.0689677
0.0674805
0.063163
0.0579722
0.0545347
0.0539532
0.0554506
0.0575724
0.0594268
0.0607743
0.0617744
0.0626866
0.0637131
0.0645989
0.0642648
0.0614464
0.0561857
0.0505588
0.0473332
0.0476208
0.0503466
0.0535349
0.0559112
0.0571626
0.0575665
0.0576164
0.0577329
0.0577079
0.0565668
0.0533284
0.048259
0.0432622
0.0406521
0.0413833
0.0445926
0.0483986
0.0513182
0.0528275
0.0531885
0.0530123
0.052728
0.0520183
0.0500307
0.046242
0.0413431
0.0371692
0.0354981
0.0368393
0.0402675
0.0441675
0.047225
0.0489039
0.0493834
0.0491884
0.0486354
0.0474158
0.0449249
0.0410307
0.0366231
0.0333216
0.0324424
0.0341832
0.0376076
0.0413262
0.0442418
0.0458987
0.046419
0.046199
0.0454399
0.0438869
0.041144
0.0373012
0.0332882
0.0305338
0.0301043
0.0320843
0.0355888
0.0393524
0.042369
0.0441962
0.0448871
0.0447215
0.0438271
0.0419928
0.0389289
0.0347772
0.0304149
0.0272005
0.0262666
0.0278894
0.0313958
0.0355581
0.039224
0.0417203
0.0428992
0.0429253
0.0419646
0.0399021
0.0364518
0.031521
0.0256199
0.0198946
0.0157004
0.01398
0.014833
0.0175416
0.0209238
0.0238477
0.0255732
0.0258329
0.0247132
0.0224783
0.0194684
0.0161293
0.0130648
0.010995
0.0105812
0.0121551
0.0155728
0.0202502
0.0253275
0.0300868
0.0336207
0.0360659
0.0356857
0.0352008
0.0277984
0.0272309
0.00467512
0.0219795
0.100471
0.0992682
0.0951516
0.0889326
0.0798031
0.0671151
0.0503527
0.0291238
0.00431812
-0.0217569
-0.0445657
-0.0557448
-0.0576795
-0.0491468
-0.0324407
-0.0135129
0.00359803
0.0159186
0.0223285
0.0243097
0.0253897
0.0283248
0.0334192
0.0395384
0.0456422
0.0512254
0.0562519
0.060824
0.0649574
0.0683372
0.0697069
0.0675466
0.0618127
0.0550764
0.0508774
0.050529
0.0527848
0.0556266
0.057964
0.0595838
0.0607048
0.061606
0.0625598
0.0634181
0.0629923
0.0597481
0.05357
0.0468148
0.0429402
0.0434817
0.047164
0.0513779
0.0544624
0.0560391
0.0564851
0.0564557
0.0565246
0.0564429
0.0550167
0.0510926
0.0450723
0.039282
0.036443
0.0375984
0.0416573
0.0463845
0.050015
0.0519188
0.0524235
0.0522873
0.0520047
0.051122
0.0486106
0.0439537
0.0381157
0.0333293
0.0316372
0.0335206
0.0377886
0.0425261
0.0462279
0.0483087
0.0489993
0.0488992
0.0483043
0.046779
0.0436371
0.0388567
0.0336198
0.0298664
0.0290751
0.0313756
0.0355867
0.0400627
0.0435582
0.0455962
0.0463416
0.0462189
0.0453594
0.0434007
0.0399284
0.0351951
0.030418
0.0272935
0.0269973
0.0295369
0.0338072
0.0383124
0.0419079
0.0441285
0.0450613
0.0449956
0.0439748
0.0416871
0.0378405
0.0327459
0.0275575
0.0238886
0.0229932
0.0251119
0.0293912
0.0343821
0.038757
0.0417706
0.0432854
0.0434871
0.0425022
0.0401067
0.0359636
0.0300827
0.0232233
0.0168117
0.012393
0.0109525
0.0124929
0.0161129
0.0204147
0.0240868
0.0262877
0.0267253
0.0255034
0.0229079
0.0193103
0.0152388
0.0114481
0.00884874
0.0082587
0.0100643
0.0140602
0.0195092
0.0253867
0.0308231
0.0348559
0.0375321
0.0372474
0.0364374
0.0289188
0.0272057
0.00541222
0.0195024
0.10416
0.103041
0.0992061
0.093288
0.0843693
0.0715595
0.0540079
0.0308094
0.00268087
-0.0282248
-0.0555999
-0.0678931
-0.0695903
-0.0583336
-0.0370067
-0.0136902
0.00656722
0.0201378
0.0256531
0.0252724
0.0241299
0.0260642
0.0312553
0.0378954
0.044514
0.0504889
0.0558221
0.0606795
0.0651246
0.0688131
0.0701221
0.0669702
0.0592356
0.0503665
0.045258
0.0455013
0.0490286
0.0529661
0.0559671
0.0578922
0.0590439
0.0597412
0.0604461
0.0612266
0.0607324
0.0570239
0.0497841
0.0417465
0.0371609
0.0380403
0.0429166
0.0484499
0.052445
0.0544021
0.0548486
0.0547067
0.0547489
0.0546107
0.0527857
0.0479417
0.0407145
0.0339777
0.0309414
0.0327199
0.0378928
0.0437644
0.0482421
0.050601
0.0512781
0.0512137
0.050947
0.049833
0.0466463
0.0409204
0.0339674
0.0284764
0.0267876
0.0293533
0.0346647
0.0404238
0.0448895
0.0474379
0.0483847
0.0484157
0.0477668
0.0458471
0.0418961
0.0360554
0.029858
0.0256002
0.024932
0.027907
0.033063
0.0384462
0.0426299
0.0451175
0.0461347
0.0461331
0.0451414
0.0426711
0.0383108
0.0325299
0.0268825
0.0233559
0.0232333
0.0264316
0.0315986
0.0369736
0.0412493
0.0439342
0.0451548
0.0452042
0.0440151
0.041165
0.0363846
0.0302024
0.0240907
0.0199348
0.0191066
0.0217969
0.0269583
0.0328956
0.0380851
0.0416991
0.0436087
0.0440164
0.042988
0.040176
0.0352093
0.0282477
0.0203473
0.0132339
0.00863453
0.00755572
0.00988855
0.0145312
0.019857
0.0243624
0.0270954
0.0277309
0.0263788
0.0233293
0.0189983
0.0140305
0.00938219
0.00619244
0.00544521
0.0075599
0.0122358
0.0185518
0.025297
0.0314424
0.0359798
0.038869
0.0386658
0.0374799
0.0298628
0.0268868
0.00616028
0.0164802
0.1083
0.107296
0.103845
0.0983724
0.0898432
0.0770874
0.0588117
0.033391
0.00118489
-0.0362126
-0.0696712
-0.0830029
-0.0842327
-0.0693349
-0.0419033
-0.0129392
0.0111758
0.0260465
0.0299807
0.0260571
0.0217352
0.022407
0.0279491
0.0354518
0.0428019
0.0492482
0.0548803
0.0599671
0.0645939
0.0684349
0.0696516
0.065449
0.0552874
0.0435137
0.0370164
0.0382055
0.0437631
0.0493659
0.0532844
0.0555268
0.0565431
0.0568027
0.0571454
0.0578765
0.0573174
0.0529391
0.0443228
0.0348384
0.0296261
0.031104
0.037476
0.044621
0.049719
0.0521092
0.0525321
0.0522765
0.0523271
0.0521171
0.0497686
0.0438109
0.0351999
0.0274128
0.0241916
0.0267405
0.0332601
0.0404805
0.045925
0.0487918
0.0496752
0.0497197
0.0494766
0.0480713
0.0440871
0.0371583
0.0289921
0.0227531
0.0210867
0.0244252
0.0309221
0.0378402
0.0431617
0.0462297
0.0474723
0.0476627
0.0469452
0.0445538
0.0396771
0.0326682
0.0254456
0.0206691
0.0201552
0.0238778
0.0300801
0.0364708
0.0414186
0.0444072
0.0457329
0.045867
0.0447088
0.0416395
0.0362807
0.0293623
0.0228007
0.0188737
0.01896
0.0228776
0.0290169
0.0353375
0.0403566
0.0435533
0.0450938
0.0452633
0.0438631
0.0403648
0.0345537
0.0272135
0.0201509
0.0155169
0.0147855
0.0180901
0.0241855
0.0311252
0.037184
0.0414469
0.0437901
0.0444228
0.0433257
0.0400283
0.0341547
0.0260607
0.0171253
0.00936543
0.00466317
0.00401506
0.0072061
0.0129191
0.0193054
0.0246736
0.0279588
0.028791
0.0272666
0.0236637
0.0184653
0.0124799
0.00690995
0.00313655
0.00228761
0.00477954
0.0101848
0.0173844
0.0249776
0.0317855
0.0367761
0.0398315
0.0396876
0.0381034
0.0304476
0.0262019
0.00683163
0.0131575
0.112847
0.111996
0.109051
0.104207
0.0963128
0.0838905
0.0650702
0.0372486
6.28674e-05
-0.0461815
-0.0878613
-0.102433
-0.103507
-0.0838445
-0.0480534
-0.011631
0.0175297
0.0339785
0.0354612
0.0263401
0.0175762
0.0167939
0.0231745
0.0320327
0.0403618
0.0473228
0.0531789
0.0582627
0.0625339
0.0660176
0.0670864
0.0623811
0.0503757
0.0352612
0.0263389
0.0281979
0.0365093
0.0445319
0.0497283
0.0522928
0.0529682
0.0525973
0.0525683
0.0533111
0.0526273
0.0473354
0.037077
0.0260155
0.0202508
0.0225895
0.0307827
0.0398112
0.0461707
0.0490396
0.0494389
0.0490929
0.0491839
0.0488829
0.0459296
0.0387738
0.0287336
0.0198762
0.0164701
0.0198469
0.0278382
0.0365343
0.0430197
0.0464256
0.0475422
0.0477257
0.0475076
0.0457731
0.0409385
0.0327774
0.0234028
0.0164345
0.0148075
0.0189452
0.0266746
0.0348041
0.0410168
0.0446255
0.0461851
0.0465508
0.0457514
0.0428466
0.037003
0.0288143
0.0205866
0.0153225
0.0149871
0.019476
0.0267454
0.0341665
0.0398973
0.0434029
0.0450523
0.0453246
0.0439741
0.0402616
0.0338728
0.0258201
0.0183773
0.0140887
0.0144094
0.0190554
0.0261677
0.0334339
0.0391989
0.0429142
0.0447817
0.0450637
0.0434219
0.0392381
0.0323827
0.0239105
0.0159504
0.0108907
0.0102843
0.0142029
0.0212122
0.0291301
0.0360407
0.0409477
0.0437297
0.0445885
0.0433984
0.0395826
0.0327949
0.023619
0.0137534
0.00547198
0.000770655
0.000613259
0.00466404
0.0114164
0.0188177
0.025008
0.0288165
0.0298148
0.0280596
0.0238141
0.017664
0.0106316
0.00418308
-8.53725e-05
-0.000957601
0.00194422
0.00804804
0.016042
0.0243561
0.0316905
0.037021
0.0401673
0.0400587
0.0380943
0.0305124
0.025109
0.00735647
0.00976238
0.117742
0.117085
0.11479
0.110801
0.103869
0.0922069
0.0732062
0.0429843
-0.000172615
-0.0585691
-0.111185
-0.126076
-0.126809
-0.101165
-0.054622
-0.00870738
0.0265416
0.0445449
0.0421971
0.0255503
0.0105368
0.00805275
0.0161011
0.0271475
0.0368717
0.0444352
0.0503721
0.0548887
0.0577862
0.0602145
0.0610295
0.0564971
0.0435308
0.0253747
0.0135692
0.0156033
0.0270337
0.0381948
0.0450887
0.0479991
0.048155
0.0470518
0.0467047
0.0475138
0.0466371
0.040319
0.0283844
0.0157503
0.009448
0.0127337
0.0229399
0.0340293
0.0417444
0.0451166
0.0455044
0.0450959
0.0452501
0.04486
0.041312
0.0330206
0.0216548
0.0118052
0.00822032
0.0123903
0.0218329
0.0320046
0.0395245
0.0434587
0.0448108
0.0451455
0.0449551
0.042901
0.0372628
0.0279668
0.0175014
0.00988947
0.00831994
0.0132159
0.0221139
0.0313958
0.0384525
0.0425711
0.0444365
0.0449761
0.0440955
0.0406958
0.0339453
0.0246791
0.0155585
0.00988414
0.00974278
0.0149555
0.0232191
0.0315964
0.0380513
0.0420371
0.0439932
0.0443939
0.0428485
0.0385164
0.0311676
0.0220902
0.0138796
0.00930435
0.00987092
0.0151962
0.0231957
0.0313154
0.0377509
0.0419354
0.0441028
0.0444802
0.0425941
0.0377588
0.0299483
0.0204758
0.0117523
0.00635904
0.00590112
0.0103861
0.0182111
0.0269913
0.0346504
0.0401292
0.04331
0.0443756
0.0430809
0.0387711
0.0311591
0.0210629
0.0104666
0.00184635
-0.00273621
-0.00237418
0.00248011
0.0101563
0.0184369
0.0253308
0.029578
0.03068
0.0286273
0.0236901
0.0165993
0.00862099
0.00145864
-0.0031479
-0.00396456
-0.000676469
0.00599826
0.014581
0.023376
0.0310114
0.0365106
0.0396488
0.0395585
0.037279
0.0299323
0.0235899
0.00768415
0.00648007
0.122906
0.122491
0.121004
0.118135
0.112578
0.10226
0.083676
0.0513373
0.000940754
-0.0743549
-0.141914
-0.15743
-0.15858
-0.124496
-0.0627192
-0.00435487
0.0387741
0.0584145
0.0501355
0.0222333
-0.00151334
-0.00537005
0.00600696
0.0205083
0.0321395
0.0403646
0.0460512
0.0490858
0.0496065
0.0506955
0.0515708
0.0474051
0.033323
0.012448
-0.00179356
0.000614822
0.0153852
0.03022
0.0391904
0.0424966
0.0420289
0.0401752
0.0395871
0.0405229
0.039468
0.032224
0.0188329
0.00480286
-0.00203714
0.00210284
0.0142684
0.0274116
0.0364688
0.0403249
0.0406998
0.0402417
0.0404761
0.0400456
0.0360296
0.0268216
0.0143783
0.00371106
-2.72363e-05
0.00482528
0.0155523
0.027049
0.035489
0.0398751
0.041423
0.041897
0.0417493
0.0394516
0.0331714
0.0229686
0.0116401
0.00353335
0.00204218
0.00759321
0.0174858
0.02774
0.0354937
0.0400222
0.0421386
0.042834
0.0418992
0.0380999
0.030615
0.0204895
0.0106768
0.00471251
0.00477092
0.0106048
0.0196945
0.028849
0.0358784
0.0402417
0.0424477
0.0429593
0.0412537
0.0364093
0.0282809
0.0183941
0.00960435
0.0048484
0.00565711
0.0115541
0.0202671
0.0290508
0.0359932
0.0405313
0.0429324
0.0433837
0.0412929
0.0359261
0.0273578
0.0171174
0.00783665
0.00223635
0.00194362
0.00690168
0.0153678
0.0248018
0.0330147
0.0389172
0.0424052
0.0436355
0.0422531
0.0375464
0.0293039
0.0185538
0.0075066
-0.00122601
-0.00556772
-0.00468996
0.00084726
0.00924639
0.0181799
0.0255807
0.0301273
0.0312447
0.0288408
0.0232355
0.0153398
0.00665412
-0.000957023
-0.00570518
-0.00640094
-0.00281657
0.00420571
0.0130648
0.0220019
0.0296386
0.0350908
0.0381083
0.0380305
0.0355421
0.0286235
0.0216437
0.00777811
0.00347333
0.128245
0.128121
0.127608
0.126163
0.122483
0.114345
0.0971461
0.0636123
0.00472838
-0.0949428
-0.181874
-0.193902
-0.196802
-0.153396
-0.0722329
0.00214458
0.0548949
0.0755369
0.0580521
0.0142059
-0.0216022
-0.0260741
-0.00872865
0.0113384
0.0257801
0.0348088
0.0397469
0.0402711
0.0380127
0.0380541
0.0395159
0.0355943
0.0201092
-0.00315459
-0.0193121
-0.0162308
0.00194838
0.0206985
0.0319719
0.0357224
0.0346035
0.032026
0.0312763
0.0324344
0.0313589
0.0235119
0.00909765
-0.00599281
-0.0133281
-0.00855132
0.00527045
0.0202296
0.0304702
0.0347172
0.0350368
0.0345142
0.0348494
0.0344906
0.030255
0.0204922
0.00734552
-0.00387972
-0.00772156
-0.00235219
0.00936602
0.0218886
0.0310124
0.0356907
0.0373404
0.0379169
0.0378493
0.0354594
0.0288127
0.0180508
0.00618299
-0.00221547
-0.00360442
0.00244613
0.0130613
0.0239911
0.0321902
0.0369503
0.0392136
0.0400338
0.0391077
0.0350873
0.0271506
0.0164891
0.00626106
0.000162131
0.000416622
0.00671563
0.0163762
0.026028
0.0333894
0.0379564
0.0403144
0.0409173
0.0391334
0.0339721
0.0253501
0.0149625
0.005845
0.00103877
0.00207056
0.00837912
0.017551
0.0267156
0.0339141
0.0386225
0.0411532
0.0416599
0.0394549
0.0337643
0.024735
0.0140454
0.00447235
-0.00118318
-0.00130151
0.00399626
0.0128611
0.0226554
0.0311402
0.0372435
0.0408969
0.0422362
0.0408168
0.0358875
0.0273049
0.0162552
0.00509733
-0.00349341
-0.00747756
-0.00612337
-8.65369e-05
0.00875344
0.0180297
0.0256717
0.0303344
0.0313665
0.0286002
0.0224456
0.0140057
0.0049572
-0.00277918
-0.0074641
-0.00800188
-0.00426472
0.00280704
0.0115489
0.020219
0.0275104
0.0326755
0.035457
0.0353939
0.0328296
0.0265436
0.0192869
0.00761551
0.000888805
0.133641
0.133853
0.134478
0.134756
0.133546
0.128562
0.114181
0.0810392
0.0115575
-0.121222
-0.237174
-0.246373
-0.250961
-0.192883
-0.084077
0.0108105
0.0756441
0.0963997
0.0640742
-0.0040261
-0.0560266
-0.0582397
-0.0297199
-0.000744908
0.0176947
0.02759
0.0311355
0.02836
0.0233493
0.0228848
0.0254848
0.0219364
0.00546456
-0.0194995
-0.0371842
-0.033643
-0.0124441
0.0100203
0.0235646
0.0277487
0.0259833
0.022713
0.0218784
0.0234154
0.0226328
0.0146941
-0.000150312
-0.0158413
-0.0235622
-0.0184306
-0.00344839
0.0128668
0.0239688
0.028416
0.0285759
0.0279421
0.028411
0.0283036
0.0242036
0.0143617
0.000981795
-0.0104768
-0.0143492
-0.00866242
0.0036597
0.016783
0.0262369
0.0309586
0.0325579
0.0331789
0.0332568
0.0309988
0.0243582
0.0134804
0.00147002
-0.00697683
-0.00823744
-0.00188201
0.00910685
0.0203177
0.028615
0.0333518
0.0356112
0.0365179
0.0357025
0.0317166
0.0237028
0.0129114
0.00260245
-0.00345042
-0.00301223
0.00355325
0.0134587
0.023242
0.0306095
0.0351407
0.0375165
0.0381955
0.0364634
0.0312608
0.0225181
0.0120107
0.00286283
-0.00184709
-0.000625
0.00589229
0.0152023
0.0243866
0.0315142
0.0361495
0.038675
0.039228
0.0370496
0.0313196
0.0222061
0.0114508
0.00189202
-0.00364958
-0.00359197
0.00187969
0.0108468
0.0206384
0.0290401
0.0350571
0.038692
0.0400789
0.0387096
0.033801
0.0252459
0.0143139
0.00342397
-0.00475812
-0.00828043
-0.0065257
-0.000231304
0.00869583
0.0179365
0.0255045
0.0300758
0.0309308
0.0278538
0.0213629
0.0127304
0.00371868
-0.00380368
-0.00823079
-0.00859858
-0.00489111
0.00188393
0.0100697
0.018034
0.0246214
0.0292561
0.0316877
0.0316414
0.029147
0.0236939
0.0165562
0.00719063
-0.00116142
0.138959
0.139549
0.141444
0.143765
0.145637
0.145227
0.135727
0.107259
0.0249639
-0.164033
-0.305636
-0.301215
-0.318551
-0.246062
-0.100856
0.0213303
0.0975067
0.115951
0.0761472
-0.0155569
-0.0924423
-0.101394
-0.0594013
-0.0169709
0.00756451
0.0185948
0.0201519
0.0136531
0.0061297
0.00584267
0.010207
0.00761278
-0.00887116
-0.0345214
-0.0533389
-0.0498462
-0.0265822
-0.00113437
0.0143214
0.0188053
0.0163656
0.0124076
0.0115653
0.0137105
0.0136702
0.00628054
-0.00830683
-0.0240615
-0.0320003
-0.0268024
-0.011269
0.00577044
0.0172598
0.0216093
0.0214352
0.0206148
0.0212681
0.0216516
0.0181201
0.00874684
-0.00433939
-0.0156679
-0.0194804
-0.0136896
-0.00120721
0.0120022
0.0213368
0.0257731
0.0271182
0.0277119
0.0280277
0.0261831
0.0199899
0.00950003
-0.0022125
-0.0104416
-0.0115469
-0.00510499
0.00585914
0.0168873
0.0248617
0.0292581
0.0313263
0.0322792
0.0317111
0.0280743
0.0204222
0.00995991
-6.15724e-05
-0.00587451
-0.00527222
0.00133287
0.0111094
0.0205973
0.0275826
0.0317878
0.0340215
0.0347696
0.0332603
0.0283512
0.0199198
0.00971908
0.000864534
-0.00359539
-0.00222691
0.00426708
0.0133496
0.0221375
0.0288128
0.0330889
0.0354554
0.0360576
0.0340871
0.0286572
0.0198883
0.00948968
0.000274951
-0.0049764
-0.00474872
0.000708926
0.00944564
0.0188249
0.0267378
0.0323372
0.0357425
0.0371159
0.0359148
0.0313204
0.0232104
0.0128477
0.00261933
-0.00489033
-0.00786656
-0.00582293
0.000436883
0.00904334
0.0178282
0.0249845
0.0292575
0.0298754
0.0266026
0.0200567
0.0116236
0.00305276
-0.00393161
-0.00792735
-0.00813446
-0.00466063
0.00145453
0.00864377
0.0154788
0.0210232
0.0248938
0.0268616
0.0268281
0.0245516
0.0201206
0.0135091
0.006515
-0.00261926
0.144048
0.145032
0.148294
0.152843
0.158473
0.163676
0.162265
0.141359
0.0454669
-0.196879
-0.425566
-0.388642
-0.41404
-0.319707
-0.123093
0.0292028
0.105795
0.127408
0.0724577
-0.0168942
-0.110366
-0.139433
-0.0925131
-0.0364308
-0.00446661
0.0079221
0.00702439
-0.00338578
-0.0131116
-0.0124291
-0.00546435
-0.00612959
-0.0214081
-0.0465898
-0.0660241
-0.0631315
-0.0391187
-0.0118823
0.00479182
0.00927244
0.0060442
0.00136013
0.000597039
0.0036499
0.0048904
-0.00125471
-0.0148761
-0.0301368
-0.0380848
-0.0330823
-0.0176377
-0.000604155
0.0106841
0.0145424
0.0137978
0.0126949
0.0136025
0.0147565
0.0122643
0.0039303
-0.00832401
-0.0191504
-0.0228032
-0.0171183
-0.00493578
0.00780126
0.0165072
0.020273
0.0211247
0.0216131
0.0222793
0.0211625
0.0158883
0.00631031
-0.00465419
-0.0123964
-0.0133203
-0.00701733
0.0035051
0.0138542
0.0210434
0.0247453
0.026414
0.0273755
0.0272138
0.024272
0.0174482
0.00779181
-0.00156608
-0.0069452
-0.00620376
0.000202204
0.00945545
0.0181923
0.024375
0.0279373
0.0298576
0.0306763
0.0295857
0.0253356
0.0176721
0.00821885
-1.39408e-05
-0.0040728
-0.00260962
0.0036158
0.012086
0.0200376
0.0258547
0.029467
0.0315144
0.0321797
0.0306218
0.0258574
0.0178815
0.00827276
-0.000265508
-0.00505336
-0.00466828
0.000576932
0.00873606
0.0172745
0.0242731
0.0291051
0.0320594
0.0333628
0.0324668
0.0285041
0.021274
0.0119361
0.00275377
-0.00383882
-0.00621145
-0.0040225
0.00187539
0.0097268
0.0176277
0.0240427
0.0278325
0.0281943
0.0248872
0.0185967
0.0107469
0.00298788
-0.00317206
-0.0065889
-0.00666343
-0.00363229
0.00147841
0.00727545
0.0126133
0.016817
0.0197043
0.0210917
0.0210591
0.0191453
0.0159106
0.01022
0.00561505
-0.00348735
0.148746
0.150127
0.154753
0.161696
0.171475
0.184221
0.194844
0.198694
0.0917044
-0.186431
-0.495465
-0.449084
-0.548869
-0.428857
-0.159523
0.0154467
0.0701499
0.0680382
0.0330201
-0.0290027
-0.120832
-0.167023
-0.123701
-0.0570766
-0.0177471
-0.00406145
-0.00773711
-0.0221574
-0.0337237
-0.031158
-0.0205378
-0.0181378
-0.0310312
-0.0546483
-0.074093
-0.0722381
-0.0488532
-0.0212877
-0.00435128
-0.000352854
-0.00459313
-0.0100821
-0.0106627
-0.0063535
-0.0032666
-0.00749806
-0.0194991
-0.0337442
-0.0414791
-0.0368803
-0.022128
-0.00584667
0.00459568
0.00750717
0.00591432
0.00442541
0.00567137
0.0078883
0.00689798
0.000144112
-0.0107755
-0.0207507
-0.0241442
-0.0187555
-0.00731167
0.00439963
0.011953
0.0146413
0.0147477
0.0150545
0.016192
0.0161198
0.0122238
0.00405758
-0.00573407
-0.0127371
-0.0134567
-0.0075084
0.00216928
0.0113509
0.0172916
0.0199394
0.0209991
0.0219364
0.0223457
0.0204432
0.0149014
0.0065082
-0.00182955
-0.00659412
-0.00574196
0.000231752
0.00857729
0.0161158
0.0210794
0.023684
0.025123
0.02602
0.025548
0.0223187
0.0158669
0.00758382
0.000283313
-0.00323578
-0.00173344
0.00398254
0.0114654
0.0181529
0.0227165
0.0253686
0.0269444
0.0276929
0.0267536
0.023013
0.0162636
0.00785875
0.000310787
-0.00385399
-0.00332992
0.00150695
0.0087507
0.0160338
0.0217066
0.025433
0.0277236
0.0289057
0.0284528
0.0254332
0.0195008
0.0116158
0.0038297
-0.00163697
-0.00338039
-0.0012136
0.00398364
0.0106559
0.0172735
0.0226507
0.0258049
0.0259252
0.0227675
0.0170348
0.0101097
0.00347584
-0.00162705
-0.00435254
-0.00433845
-0.00194201
0.00187688
0.00597085
0.00952434
0.0121393
0.0138396
0.0145284
0.0144787
0.0130649
0.0111838
0.00677345
0.00452956
-0.00382276
0.152889
0.154626
0.160532
0.169664
0.183916
0.203713
0.233286
0.229439
0.186331
-0.224759
-0.672014
-0.51141
-0.610614
-0.541354
-0.229416
-0.0642504
-0.00519737
-0.0249038
-0.0190629
-0.0494435
-0.123439
-0.178258
-0.146408
-0.0757223
-0.031003
-0.0166367
-0.0233779
-0.0418863
-0.0548307
-0.0493508
-0.0339347
-0.0274411
-0.0370353
-0.0582177
-0.077059
-0.0764824
-0.0549246
-0.0285131
-0.0124046
-0.00950301
-0.0150717
-0.0214658
-0.0217418
-0.0158145
-0.01036
-0.0121146
-0.0219653
-0.0347614
-0.0420703
-0.0380227
-0.0244747
-0.0096314
-0.000668174
0.000826534
-0.00190074
-0.00387342
-0.00219921
0.00135414
0.00227307
-0.00244083
-0.0116027
-0.0204299
-0.0234745
-0.0185403
-0.0082179
0.00196709
0.00787808
0.00910124
0.00822397
0.00828151
0.010005
0.0112634
0.00914944
0.00282794
-0.00542531
-0.0114733
-0.0119706
-0.0065672
0.00190809
0.00948298
0.0137531
0.0150171
0.0152772
0.0161627
0.0172936
0.0167383
0.0128792
0.00614985
-0.000857602
-0.00485334
-0.00391988
0.00141178
0.00850572
0.0144451
0.0178156
0.0191794
0.0199875
0.0209719
0.0212992
0.0194138
0.0145674
0.00782696
0.00172925
-0.00113333
0.000353333
0.00534195
0.0115028
0.0165469
0.019508
0.0209389
0.0219096
0.022761
0.0226248
0.0202266
0.0150877
0.00825212
0.00196854
-0.00143798
-0.000797488
0.00345189
0.00947753
0.015138
0.0191229
0.0214463
0.0228841
0.0238985
0.0240096
0.0222081
0.0179405
0.0118785
0.0057806
0.00159768
0.000475856
0.00244271
0.00662119
0.0117407
0.0167356
0.0208263
0.0232218
0.0231318
0.0203044
0.0153981
0.0096781
0.00441057
0.000532289
-0.00143351
-0.00138186
0.000231096
0.00256047
0.00474862
0.00632005
0.00714945
0.00747936
0.0073553
0.00726647
0.00647592
0.0060849
0.00325785
0.0033094
-0.00372364
0.156326
0.158359
0.165278
0.176342
0.194154
0.221885
0.265937
0.297947
0.338782
-0.204755
-0.515722
-0.627148
-0.588586
-0.294406
-0.163727
-0.122455
-0.105416
-0.0632816
-0.0633988
-0.11688
-0.171133
-0.154452
-0.0882096
-0.0421679
-0.0285403
-0.0388159
-0.061495
-0.0752219
-0.0657341
-0.0445513
-0.0333145
-0.0391295
-0.0573483
-0.075062
-0.0757903
-0.0569215
-0.0329449
-0.0187273
-0.0175893
-0.0248455
-0.0322417
-0.0320741
-0.0241988
-0.0159719
-0.0148621
-0.0222121
-0.0332552
-0.0399625
-0.0365477
-0.0245857
-0.0117417
-0.00481181
-0.00516214
-0.00928154
-0.0118168
-0.00962985
-0.00451778
-0.00138123
-0.00372046
-0.0108182
-0.0182775
-0.0209018
-0.0165392
-0.00763728
0.00061587
0.00447623
0.00390697
0.00184728
0.00160157
0.0040044
0.00681753
0.00679505
0.0026466
-0.00379157
-0.00872141
-0.00898541
-0.00427802
0.00271061
0.00832674
0.0105851
0.0101988
0.00950527
0.0103162
0.0122863
0.013318
0.0114531
0.0066986
0.00126111
-0.00184958
-0.000862978
0.00365671
0.0092243
0.0132463
0.0147272
0.0146262
0.0146836
0.0157607
0.0170278
0.0167394
0.0138076
0.00890263
0.00421804
0.00209847
0.00351997
0.00760409
0.0121773
0.0152816
0.0163697
0.0163769
0.0166367
0.0176045
0.0184136
0.0176074
0.014382
0.00940509
0.00460061
0.002054
0.00278617
0.00629964
0.0108643
0.0146135
0.01663
0.0173189
0.0177517
0.0185556
0.0193191
0.0189467
0.0166291
0.0126741
0.00847684
0.00567324
0.00513602
0.00673418
0.00963153
0.0129102
0.0160236
0.0186285
0.0201603
0.0198886
0.017549
0.0136904
0.00938898
0.00565241
0.00309716
0.00191698
0.00196145
0.00270547
0.00345247
0.00364309
0.00312117
0.00202248
0.000830528
-0.0002071
-0.000358721
-0.00042793
0.000778446
-0.000239163
0.00201928
-0.00331503
0.158938
0.161157
0.168742
0.181019
0.201268
0.233976
0.288957
0.351685
0.454075
-0.575946
-0.528807
-0.329476
-0.25267
-0.249471
-0.168939
-0.0922882
-0.0681012
-0.103961
-0.152178
-0.14763
-0.092091
-0.0492063
-0.038177
-0.0526481
-0.079516
-0.0932841
-0.0788171
-0.0513778
-0.0353339
-0.0373886
-0.0524882
-0.0687104
-0.0706003
-0.0548768
-0.0342545
-0.0228111
-0.0240494
-0.0333236
-0.0417793
-0.0410249
-0.030958
-0.019737
-0.0156027
-0.0203149
-0.0294535
-0.0354373
-0.0326761
-0.0225327
-0.0120789
-0.00759923
-0.0101271
-0.0158313
-0.0189761
-0.0162106
-0.0093987
-0.00387097
-0.00365885
-0.00852871
-0.0144936
-0.0166517
-0.012931
-0.00564525
0.000398547
0.00192126
-0.000671237
-0.00405059
-0.00463593
-0.00149509
0.00300925
0.00526275
0.00348194
-0.000975852
-0.00469028
-0.0047184
-0.000808326
0.00450492
0.00792812
0.00794807
0.00573459
0.00398437
0.0047015
0.00758022
0.0103459
0.0106682
0.00808345
0.00436588
0.00220964
0.00322433
0.00681553
0.0106748
0.0125725
0.0119738
0.0102639
0.00949021
0.0106574
0.0129474
0.0144137
0.0135941
0.0107137
0.00757593
0.00624918
0.00756573
0.0106245
0.0134375
0.0144156
0.0134639
0.0119211
0.0113995
0.012486
0.0143247
0.0152669
0.014152
0.011224
0.00803773
0.00641153
0.00721085
0.00988364
0.012826
0.01448
0.0143528
0.0132606
0.0125865
0.0131401
0.0145978
0.0157795
0.01559
0.0139178
0.0117387
0.0103426
0.0103307
0.0114238
0.012864
0.0141224
0.0151838
0.0161492
0.0167185
0.0162741
0.0145403
0.0118979
0.00916413
0.00705183
0.00585496
0.00545404
0.00546555
0.00532613
0.00449863
0.00269973
5.46785e-05
-0.00305076
-0.00586652
-0.0078913
-0.00812953
-0.00741815
-0.00455086
-0.00363161
0.000739027
-0.00273796
0.160642
0.162924
0.170725
0.183367
0.204207
0.237988
0.294627
0.370904
0.531846
-0.450002
-0.385157
-0.314783
-0.339176
-0.332542
-0.208213
-0.10355
-0.0620804
-0.0831349
-0.123237
-0.127444
-0.0862041
-0.0503985
-0.0438563
-0.0632409
-0.0941565
-0.107138
-0.0870902
-0.0536593
-0.0334286
-0.0322055
-0.0443559
-0.0588795
-0.0616886
-0.0491928
-0.0324079
-0.0243245
-0.0283895
-0.0399076
-0.0494111
-0.0479408
-0.0355771
-0.0213752
-0.0143111
-0.0164682
-0.0237065
-0.0289076
-0.02677
-0.0185262
-0.0106587
-0.00886629
-0.0137641
-0.0211506
-0.024913
-0.0215324
-0.012984
-0.00505038
-0.00228621
-0.0049186
-0.00936387
-0.0110385
-0.00798312
-0.00239601
0.00130995
0.000357469
-0.00436604
-0.00912461
-0.0100663
-0.00617384
5.31013e-05
0.00462273
0.00525324
0.00281676
0.000341899
0.000542602
0.00360988
0.0071686
0.00830303
0.00599433
0.00188499
-0.000964832
-0.000358091
0.00344041
0.00797774
0.0105441
0.010191
0.00824123
0.00705587
0.00807835
0.0106874
0.0127651
0.0124627
0.0097189
0.00634919
0.00470902
0.00595294
0.00928134
0.0125492
0.0139101
0.0131234
0.0115785
0.0110534
0.0122386
0.0142188
0.0152083
0.0140017
0.0109621
0.00782933
0.00649568
0.00768942
0.0105746
0.0133148
0.0143833
0.0135795
0.0120638
0.0113724
0.0122171
0.013998
0.0152533
0.0147493
0.0124239
0.00950059
0.00767084
0.00793947
0.0100835
0.0128459
0.0148386
0.0155014
0.0153553
0.015329
0.0157717
0.0162754
0.0161876
0.0153638
0.0142922
0.0135074
0.0130155
0.0123748
0.0113118
0.0099965
0.00892103
0.00846727
0.00861574
0.00896866
0.00894699
0.0079742
0.00566346
0.00196693
-0.00275078
-0.00786323
-0.0123346
-0.0153779
-0.0157239
-0.014225
-0.00969552
-0.00683286
-0.000438649
-0.00214226
0.161417
0.163632
0.171186
0.183318
0.202871
0.233656
0.282579
0.350453
0.472084
-0.311655
-0.327287
-0.266536
-0.298742
-0.405751
-0.366272
-0.215619
-0.0989541
-0.048898
-0.0580432
-0.0898649
-0.0985557
-0.071598
-0.0449959
-0.0442238
-0.0689725
-0.103492
-0.114871
-0.0892945
-0.0510622
-0.0279093
-0.0242217
-0.0338036
-0.0465787
-0.0500179
-0.0405233
-0.0276275
-0.023128
-0.030223
-0.0440405
-0.0544913
-0.0522131
-0.0376314
-0.0207266
-0.0110801
-0.0109639
-0.016444
-0.0208633
-0.0192825
-0.0128814
-0.00759824
-0.00852792
-0.0158189
-0.0248701
-0.0292153
-0.0252225
-0.0150197
-0.00483454
0.000305545
-0.000229955
-0.00322923
-0.00443206
-0.00202281
0.00189639
0.00329218
-0.000109845
-0.0069351
-0.0130467
-0.0143416
-0.00973424
-0.00186609
0.00490943
0.00784079
0.00734048
0.00605517
0.00646719
0.00870292
0.0105418
0.00943778
0.00485622
-0.0011021
-0.00503061
-0.00454891
0.00011847
0.00635074
0.011076
0.0128785
0.0126386
0.0123858
0.013401
0.0150408
0.0153785
0.0129382
0.00811489
0.0031321
0.000637211
0.00193324
0.00624546
0.0112459
0.01472
0.0159702
0.0159725
0.0162163
0.0172585
0.0181793
0.0173977
0.0140813
0.0090285
0.00435517
0.00222033
0.00349621
0.00737582
0.0118518
0.0150467
0.0163205
0.0164358
0.0166462
0.017519
0.0184158
0.0180225
0.0154245
0.0109704
0.00626506
0.00329098
0.00324721
0.00601794
0.0102867
0.0143863
0.0173076
0.0191064
0.0203532
0.0211776
0.0210719
0.0194945
0.0166423
0.0134452
0.0108476
0.00919978
0.00830042
0.00790694
0.00796277
0.00858049
0.0097738
0.0112221
0.0122959
0.012266
0.0105597
0.00691951
0.00148759
-0.00517019
-0.0121974
-0.0182682
-0.0223051
-0.0227743
-0.0205408
-0.0144266
-0.00975186
-0.0014156
-0.00167955
0.161287
0.163318
0.170241
0.181066
0.198054
0.222549
0.259524
0.304636
0.327428
-0.180975
-0.294027
-0.251852
-0.20443
-0.285067
-0.404209
-0.34627
-0.19469
-0.0837636
-0.0325818
-0.0318312
-0.0553993
-0.0652423
-0.050437
-0.0332985
-0.0385854
-0.0685714
-0.105869
-0.114998
-0.0847718
-0.0438179
-0.0194559
-0.0142557
-0.0217167
-0.0327859
-0.0365691
-0.0296517
-0.0203329
-0.0192722
-0.0293049
-0.0452648
-0.0564657
-0.0533523
-0.0368472
-0.0177835
-0.00612039
-0.00416498
-0.00813301
-0.0118236
-0.0107101
-0.00598073
-0.00309756
-0.00658172
-0.0161101
-0.026686
-0.0315369
-0.0269809
-0.01533
-0.00321064
0.00396931
0.0052595
0.00354618
0.00276954
0.00459378
0.00697899
0.00624131
0.000576541
-0.00818352
-0.0155361
-0.0171619
-0.0119281
-0.00261042
0.00611815
0.0110971
0.012332
0.0121172
0.0127124
0.0141801
0.0144414
0.0112898
0.00463285
-0.00301508
-0.00793935
-0.00759552
-0.00216975
0.00557173
0.0122366
0.0159884
0.0173002
0.0178898
0.0188872
0.0196335
0.018383
0.0139994
0.00728757
0.000832054
-0.00246014
-0.00114656
0.00402899
0.0105838
0.0159748
0.0190845
0.0205001
0.0214392
0.0223422
0.0222927
0.0199033
0.0146788
0.00780383
0.00172421
-0.00116067
0.00016075
0.00491883
0.0109633
0.0161026
0.0192889
0.0209064
0.0219404
0.022829
0.0229073
0.0210043
0.016497
0.0101011
0.00375649
-0.000294343
-0.000667898
0.0026276
0.00823568
0.014244
0.019224
0.0227837
0.0251568
0.0262954
0.0256238
0.0226965
0.0179761
0.012751
0.00833915
0.00545917
0.00420412
0.00440288
0.00579148
0.00807453
0.0108644
0.0135468
0.0153074
0.0153137
0.013008
0.00823668
0.00129183
-0.00709105
-0.0158415
-0.0233602
-0.0283041
-0.0289008
-0.026043
-0.0185065
-0.0122919
-0.00210031
-0.00149176
0.160334
0.162101
0.168073
0.177216
0.190554
0.209102
0.229311
0.249408
0.21579
-0.101412
-0.374906
-0.268107
-0.182553
-0.194482
-0.299407
-0.382637
-0.30029
-0.160945
-0.0651282
-0.0171732
-0.00805518
-0.0230558
-0.0315734
-0.0255227
-0.0166005
-0.0271822
-0.0615517
-0.100377
-0.106892
-0.0737278
-0.0327592
-0.00903611
-0.00320778
-0.00893363
-0.0183694
-0.0222393
-0.0173819
-0.0110725
-0.0129824
-0.0255625
-0.0432872
-0.0549565
-0.0510706
-0.0331587
-0.0127106
0.000246973
0.00352021
0.000760402
-0.00229157
-0.00154685
0.00176318
0.0025805
-0.00310833
-0.0145497
-0.0263941
-0.0316363
-0.026616
-0.0138408
-0.000246082
0.00851095
0.0112584
0.0106065
0.0101893
0.0115129
0.0125813
0.010015
0.00241816
-0.00798479
-0.0163882
-0.0183068
-0.0125821
-0.00210447
0.00820252
0.014858
0.0175331
0.0182131
0.0189528
0.0197582
0.0186752
0.0137888
0.00537832
-0.00370024
-0.00948182
-0.00928675
-0.00326489
0.00570621
0.0139769
0.0193618
0.0219825
0.0232794
0.024251
0.0242329
0.0216399
0.0156222
0.00732194
-0.000383961
-0.00437523
-0.00308597
0.00277712
0.0106153
0.0176165
0.0223042
0.0249227
0.0264476
0.0272274
0.0263569
0.022618
0.0157962
0.00739012
0.000112567
-0.003435
-0.00211264
0.00335501
0.0107113
0.0175048
0.0223346
0.0252464
0.026985
0.0278818
0.0272583
0.0240712
0.0179435
0.00989343
0.00213433
-0.00287468
-0.00358296
0.000103073
0.00680861
0.0144234
0.0211551
0.0262087
0.0295207
0.0309127
0.0297719
0.0257175
0.019384
0.0123203
0.00616996
0.00202175
0.000295567
0.000934953
0.00351932
0.00735967
0.0116506
0.0154843
0.0178967
0.0179965
0.0152468
0.00957529
0.00139132
-0.0084255
-0.0186149
-0.0273411
-0.0330469
-0.0337624
-0.030434
-0.0217155
-0.0143559
-0.0024224
-0.0016925
0.158666
0.160108
0.164975
0.172105
0.181836
0.193567
0.202321
0.198778
0.132259
-0.0627821
-0.240316
-0.209323
-0.185551
-0.189027
-0.262096
-0.303957
-0.228263
-0.121358
-0.0465885
-0.00412962
0.0115169
0.0055663
-0.000112927
0.000816465
0.00326797
-0.0112026
-0.0484438
-0.0872371
-0.0911202
-0.0573784
-0.0192346
0.00224019
0.0080391
0.00380529
-0.00405516
-0.0077853
-0.00446294
-0.000464324
-0.00464033
-0.0191213
-0.0380394
-0.0498415
-0.0453533
-0.026748
-0.00584964
0.00760991
0.0116656
0.00980244
0.00728205
0.00775236
0.0099398
0.00913084
0.00173083
-0.0111587
-0.023919
-0.0294128
-0.0240748
-0.0105977
0.00390863
0.0136993
0.0174814
0.0176297
0.0174878
0.0184088
0.0184343
0.0144402
0.00535549
-0.00629743
-0.0154983
-0.0176589
-0.0116184
-0.000347343
0.0110733
0.0189524
0.0227097
0.0240698
0.024906
0.0251824
0.0230539
0.0168375
0.00709226
-0.00307923
-0.00953554
-0.00949767
-0.00308129
0.00676915
0.0162277
0.0228499
0.0264755
0.0283113
0.0292488
0.0286323
0.025012
0.0177559
0.00825109
-0.000418604
-0.00497761
-0.00375832
0.00257623
0.011358
0.0195809
0.0254878
0.0290413
0.0310165
0.0316944
0.0301939
0.0254347
0.0174084
0.00783917
-0.000369765
-0.00446273
-0.00318803
0.00278206
0.0111269
0.0192026
0.025327
0.0292636
0.0315557
0.0324548
0.0312837
0.0271039
0.0197242
0.0103854
0.00150089
-0.00430478
-0.00533988
-0.00141735
0.00609196
0.0149348
0.0230299
0.0292463
0.0332781
0.0348651
0.0333868
0.0284889
0.0208757
0.0122531
0.00452927
-0.000860428
-0.00316465
-0.00229275
0.00124777
0.00643726
0.0120701
0.0169455
0.0199689
0.020224
0.0171995
0.0108832
0.00177575
-0.00912238
-0.0203932
-0.0300185
-0.036296
-0.0371081
-0.0334875
-0.0238853
-0.0158587
-0.00234719
-0.00234341
0.156417
0.157518
0.161204
0.166353
0.172647
0.17898
0.179656
0.166533
0.107896
-0.0467649
-0.158546
-0.151653
-0.149789
-0.161357
-0.204474
-0.22488
-0.169721
-0.0918202
-0.0325022
0.00557472
0.0257356
0.0289346
0.0271644
0.0266741
0.024217
0.00704214
-0.0312501
-0.0681326
-0.0695989
-0.0378174
-0.00484811
0.0133211
0.0187297
0.01589
0.00959161
0.00620107
0.00845623
0.0108506
0.00523579
-0.0103231
-0.0297286
-0.0413188
-0.0365086
-0.0180572
0.00230324
0.0154972
0.0198545
0.0186145
0.0165211
0.0167984
0.0181676
0.0162253
0.00769921
-0.00607707
-0.019335
-0.0249291
-0.0194618
-0.00577348
0.00902419
0.0192783
0.0236654
0.0243468
0.0243876
0.0250047
0.0242869
0.0193215
0.00926624
-0.00317565
-0.0128772
-0.0152217
-0.00906789
0.0025808
0.0145995
0.0232105
0.027666
0.0294739
0.0303516
0.0302429
0.0274019
0.0203148
0.00971473
-0.00116001
-0.00807719
-0.0082023
-0.00161754
0.00871924
0.0189
0.026322
0.030617
0.0328046
0.0336965
0.0326643
0.0283693
0.0203219
0.0100494
0.000744952
-0.00422685
-0.00312328
0.00344375
0.0127897
0.0217987
0.0285225
0.0327102
0.0349819
0.0355796
0.0336613
0.0282496
0.0194612
0.00914544
0.000310504
-0.004189
-0.00301034
0.00323368
0.0122046
0.0211415
0.0281631
0.032817
0.0354902
0.0363837
0.0348387
0.0299961
0.0217819
0.0115697
0.00189245
-0.00451806
-0.00585921
-0.00186071
0.00613243
0.0157818
0.0248033
0.0318117
0.0363225
0.0380419
0.0363711
0.0309466
0.0224457
0.012624
0.00358102
-0.00294723
-0.00590214
-0.00502694
-0.000851642
0.00537305
0.0121045
0.0178653
0.0214402
0.0219053
0.0187811
0.0120951
0.00241123
-0.00917462
-0.0211255
-0.031303
-0.0379344
-0.0388117
-0.0350826
-0.0249292
-0.0167441
-0.00188685
-0.00343372
0.153727
0.154484
0.157015
0.160252
0.163579
0.16528
0.160597
0.141159
0.0910456
-0.0179825
-0.109681
-0.122711
-0.128986
-0.136793
-0.161575
-0.169811
-0.128048
-0.06929
-0.0211472
0.0127441
0.0347303
0.0454002
0.0489171
0.0499062
0.0441213
0.0244282
-0.0131781
-0.045918
-0.0452292
-0.017563
0.00889001
0.0233979
0.0283202
0.0268498
0.0221403
0.0192731
0.0208414
0.0222418
0.0160142
0.000272255
-0.0188641
-0.0299384
-0.0251755
-0.00775856
0.0111472
0.0234233
0.0277066
0.0268864
0.0251361
0.0252841
0.0261137
0.0235302
0.0144946
0.000436242
-0.0128734
-0.0184236
-0.0130434
0.000336901
0.0148059
0.0249824
0.0295818
0.0305525
0.0306855
0.0310862
0.0299185
0.0244495
0.0139679
0.00122777
-0.00865813
-0.0111261
-0.0050747
0.00651897
0.0186131
0.0274708
0.0322521
0.0342816
0.035142
0.0347852
0.0315647
0.0240787
0.013125
0.00195875
-0.0051912
-0.00548174
0.00103818
0.011457
0.0218862
0.0296687
0.034299
0.0366496
0.0374785
0.036209
0.0315947
0.0232159
0.0126308
0.00303896
-0.00217809
-0.00123227
0.00532369
0.0148452
0.0241955
0.0313272
0.0358432
0.0382515
0.0387846
0.0366576
0.0309663
0.0218715
0.0112438
0.00210596
-0.00264841
-0.00161026
0.00467464
0.0138986
0.0232618
0.0307701
0.0358227
0.0386962
0.0395707
0.0378253
0.0326576
0.0240422
0.0133929
0.00327664
-0.00352861
-0.00514331
-0.00122501
0.00692965
0.0169552
0.0264528
0.0338713
0.038612
0.0403913
0.0386638
0.0330331
0.0240679
0.0134678
0.00343586
-0.00405389
-0.00767933
-0.00701439
-0.00256383
0.00429966
0.0117978
0.0182237
0.0222509
0.0229584
0.0199014
0.0131303
0.00323796
-0.00862161
-0.0208375
-0.031213
-0.0379746
-0.0388811
-0.0352172
-0.0248567
-0.0169995
-0.00110456
-0.00487349
0.150736
0.151171
0.152619
0.154162
0.15498
0.153239
0.144993
0.123294
0.0798716
-0.00294659
-0.0750518
-0.0929519
-0.103647
-0.112544
-0.127541
-0.129281
-0.0973618
-0.0522413
-0.0125908
0.0176299
0.0394951
0.0543305
0.0631973
0.0667879
0.0596574
0.0371212
0.00177516
-0.0243345
-0.0211684
0.00107348
0.0208857
0.0320176
0.0365119
0.0363502
0.0332618
0.0310914
0.0322658
0.0331164
0.0269778
0.0119004
-0.00625371
-0.0165927
-0.0122803
0.00331976
0.0200522
0.0309412
0.0349034
0.0343832
0.0329244
0.0329901
0.0335074
0.0307223
0.0217631
0.00801351
-0.00491468
-0.0102823
-0.00523464
0.00733695
0.0209168
0.0305535
0.0350448
0.0361078
0.0362544
0.0365064
0.0351475
0.0296102
0.0192258
0.00666775
-0.00309157
-0.00562546
0.000110695
0.0112341
0.0229175
0.0315852
0.0363652
0.0384172
0.039203
0.0387138
0.0354147
0.0279725
0.0171476
0.00609225
-0.00106423
-0.00151908
0.00471304
0.0148294
0.0250636
0.0328032
0.0374658
0.0398063
0.0405494
0.0391968
0.034588
0.0263113
0.0158526
0.00631442
0.00102093
0.00177399
0.00808865
0.0174176
0.0266914
0.0338504
0.0384116
0.0408052
0.0412781
0.0391259
0.0334984
0.0245299
0.014012
0.00489094
3.61694e-05
0.000896853
0.00700135
0.016122
0.0254971
0.0331029
0.038253
0.0411525
0.0419865
0.0401946
0.0350169
0.0264167
0.0157574
0.00555485
-0.0014299
-0.00327591
0.000420082
0.00843278
0.018426
0.0279711
0.0354362
0.0401667
0.0419225
0.0402459
0.0347017
0.0256945
0.0147685
0.00413088
-0.00408415
-0.00834435
-0.00806096
-0.00368324
0.00338992
0.0112581
0.0180639
0.0223891
0.0233316
0.020477
0.0138933
0.00416395
-0.00755208
-0.0196257
-0.0298621
-0.0365425
-0.0374455
-0.0340035
-0.0237742
-0.0166649
-0.000108757
-0.0065065
0.147571
0.147715
0.148192
0.148262
0.147047
0.142711
0.132212
0.109952
0.072008
0.00851001
-0.0490353
-0.0710401
-0.0850063
-0.0937655
-0.102575
-0.10022
-0.0746072
-0.0389558
-0.00596391
0.0208563
0.0415381
0.057413
0.0689024
0.0740192
0.0671868
0.0446406
0.0144819
-0.00365931
0.000718866
0.0167415
0.0306839
0.0390845
0.0432214
0.0441863
0.042702
0.0413862
0.0423924
0.0429464
0.0373696
0.0236396
0.00704662
-0.00243858
0.00107255
0.0143136
0.0284475
0.0376937
0.0412102
0.0409436
0.0397615
0.0397807
0.040147
0.0375047
0.0291188
0.0161988
0.00403121
-0.00107376
0.00343042
0.0147637
0.0270096
0.0357614
0.0399163
0.0409346
0.0410369
0.0411856
0.0398368
0.0345955
0.0247668
0.012822
0.00347069
0.000920766
0.00614854
0.0164378
0.0273011
0.0354246
0.0399468
0.0418658
0.0425272
0.0419904
0.038855
0.0318327
0.0215615
0.0109809
0.00402842
0.00341397
0.00916055
0.0186381
0.0282988
0.0356594
0.0401072
0.0422953
0.0429261
0.0416071
0.0372691
0.0294668
0.0195245
0.0103512
0.00514053
0.00567556
0.0115481
0.0203636
0.0292011
0.0360656
0.0404349
0.0426838
0.0430892
0.0410525
0.0357732
0.0273073
0.0172788
0.00846989
0.00366203
0.0043187
0.0100485
0.0187506
0.0277741
0.0351395
0.0401277
0.0429005
0.043665
0.0419458
0.0370233
0.028806
0.0185269
0.00856873
0.00161278
-0.000414602
0.00293841
0.0105419
0.0201421
0.0293576
0.0365516
0.0410601
0.042705
0.0411454
0.0359238
0.0272582
0.0164556
0.00562008
-0.00304462
-0.00785528
-0.0080726
-0.00406685
0.00280909
0.0106346
0.0174935
0.0219186
0.0230335
0.0204595
0.014286
0.00506062
-0.00611377
-0.0176598
-0.0274485
-0.0338597
-0.0347373
-0.0316556
-0.0218734
-0.0158331
0.000961987
-0.00813981
0.144349
0.144241
0.143871
0.142717
0.139892
0.133722
0.121892
0.100141
0.0668287
0.016681
-0.0301295
-0.0524132
-0.0667786
-0.0751928
-0.0808383
-0.0771918
-0.0569167
-0.0285453
-0.000950282
0.022714
0.0418303
0.057012
0.0686579
0.0741821
0.0687605
0.050795
0.0283193
0.0159048
0.0185274
0.0287351
0.0382793
0.0447054
0.048506
0.0502936
0.0502764
0.0499374
0.050965
0.0513145
0.04647
0.0344834
0.0198165
0.0112427
0.0137654
0.0244635
0.035901
0.0434518
0.0464914
0.0464766
0.0455863
0.0455926
0.0459026
0.0436223
0.0361686
0.0244817
0.0133684
0.00858068
0.0123521
0.0221387
0.032765
0.0404223
0.0441074
0.0450058
0.0450327
0.0451031
0.0438969
0.0392159
0.0302992
0.019316
0.0106033
0.00807613
0.0126386
0.0218125
0.0315545
0.0388847
0.0429749
0.0446583
0.0451593
0.044626
0.0418216
0.0355
0.0261184
0.0163119
0.00973919
0.0089741
0.0140805
0.0226567
0.031456
0.0381904
0.0422468
0.0441815
0.0446749
0.0434623
0.039582
0.0325367
0.0234237
0.0148755
0.00988702
0.0101908
0.0154636
0.0235134
0.0316369
0.0379641
0.0419669
0.0439734
0.0442952
0.0424632
0.0377361
0.0300646
0.0208366
0.0125919
0.00796406
0.00840184
0.0136011
0.0216307
0.0300133
0.0368745
0.0415019
0.0440291
0.044692
0.0431213
0.0386492
0.0311069
0.0215357
0.012111
0.00537345
0.00321782
0.00613629
0.0131137
0.0220279
0.0306107
0.0372828
0.0414031
0.0428582
0.0414373
0.0366973
0.0286816
0.0184077
0.00777497
-0.00104449
-0.00628119
-0.00706697
-0.00366483
0.00266962
0.0100755
0.016662
0.0209701
0.0221463
0.019867
0.014241
0.00577861
-0.00451795
-0.0151961
-0.0242651
-0.0302462
-0.0310882
-0.0284787
-0.0194143
-0.0146402
0.00196183
-0.00958086
0.141172
0.140849
0.139761
0.137608
0.133542
0.126094
0.113557
0.0927821
0.0633295
0.022725
-0.01588
-0.0377286
-0.0524486
-0.0608958
-0.0647829
-0.0603734
-0.0436005
-0.0203902
0.00294503
0.0237483
0.0411502
0.0551749
0.0659634
0.0715025
0.0684402
0.0560316
0.0400494
0.0305528
0.0310618
0.0373668
0.044052
0.0490908
0.0525246
0.0547695
0.0559022
0.0565695
0.0577869
0.0579639
0.0537306
0.0434883
0.0308571
0.0232911
0.024926
0.0332533
0.0421668
0.0481298
0.050717
0.0509558
0.0503843
0.0504172
0.0507117
0.0488784
0.0425441
0.032339
0.0224628
0.0180071
0.0209287
0.0290265
0.0379291
0.0444155
0.0475782
0.048334
0.0482823
0.0482866
0.0472854
0.0433137
0.0355366
0.0257548
0.0178438
0.0153658
0.0191579
0.0270427
0.0354913
0.0418915
0.0454576
0.0468552
0.0471786
0.0466707
0.0442843
0.0388321
0.0305639
0.0217449
0.0156868
0.0147843
0.0191471
0.0266507
0.0344083
0.0403672
0.0439302
0.0455552
0.0458935
0.0448185
0.0414971
0.0353843
0.0273151
0.0195836
0.0149278
0.0150004
0.0195696
0.0266852
0.0339137
0.0395506
0.0430806
0.0447853
0.045005
0.0434156
0.0393546
0.0326657
0.0244594
0.0169712
0.0126327
0.0128505
0.0174126
0.0245918
0.0321338
0.0383135
0.0424506
0.0446553
0.0451875
0.0437981
0.0398907
0.033221
0.0246013
0.0159399
0.00958119
0.00735022
0.00977683
0.0159723
0.0239886
0.0317242
0.0377025
0.0413247
0.0425317
0.0412352
0.0370515
0.0298899
0.0204665
0.0103947
0.00171252
-0.00379637
-0.00516357
-0.00252201
0.00300876
0.00969056
0.0157243
0.0197082
0.0208224
0.0187997
0.0137621
0.00619674
-0.00300656
-0.0125691
-0.0207071
-0.0261301
-0.0269279
-0.0248547
-0.0166987
-0.0132468
0.0027653
-0.0106726
0.138124
0.137624
0.135942
0.132996
0.127995
0.119702
0.106876
0.0872701
0.0610446
0.0273599
-0.00505737
-0.025647
-0.039779
-0.0477596
-0.0506442
-0.0464092
-0.0327768
-0.0137801
0.00599863
0.0242432
0.0399352
0.0527685
0.0625991
0.06799
0.066698
0.0583435
0.0471343
0.0399442
0.0395392
0.0435586
0.0483965
0.0524337
0.0554896
0.0578661
0.0596928
0.0612112
0.0627303
0.0628175
0.0589388
0.0500988
0.0394352
0.0330773
0.0341728
0.040467
0.047184
0.0517719
0.0539524
0.0544151
0.054174
0.054281
0.0545715
0.0531526
0.0479427
0.0392892
0.030709
0.0265921
0.0286396
0.0350951
0.0423417
0.0476902
0.0503356
0.0509595
0.0508498
0.0507969
0.0500053
0.0467766
0.0402268
0.0317618
0.0247376
0.0223238
0.025306
0.0318517
0.0389683
0.0444064
0.0474254
0.0485315
0.0486814
0.0482005
0.0462466
0.0417182
0.034664
0.0269477
0.0214852
0.0204627
0.024041
0.0304026
0.0370499
0.0421789
0.0452141
0.046515
0.0466926
0.0457544
0.0430128
0.0378971
0.0309761
0.0241723
0.0199242
0.0197791
0.0235999
0.0297041
0.0359566
0.0408383
0.0438548
0.0452368
0.0453406
0.0439897
0.0406219
0.0349935
0.0279267
0.0213152
0.0173445
0.017355
0.0212275
0.0274623
0.0340595
0.0394694
0.0430565
0.0449051
0.0452872
0.0440763
0.0407694
0.0350667
0.0275426
0.0198001
0.0139416
0.0116875
0.0135989
0.0189234
0.0259188
0.0326863
0.0378809
0.040954
0.0418825
0.0406772
0.0370484
0.0308289
0.0224618
0.0132297
0.00494747
-0.000663848
-0.00257199
-0.000770771
0.00378593
0.00953081
0.0148059
0.0183021
0.0192507
0.0174174
0.0129376
0.00627792
-0.00177211
-0.0101155
-0.0172126
-0.0219978
-0.0227341
-0.0211916
-0.0140233
-0.0118087
0.00329499
-0.0113204
0.135277
0.134633
0.13247
0.128906
0.123215
0.114385
0.101532
0.0831027
0.0595414
0.0309233
0.00320453
-0.0160645
-0.0296573
-0.0374902
-0.0400175
-0.036072
-0.0245895
-0.00861852
0.00838459
0.0244558
0.0385773
0.050286
0.0592837
0.0644852
0.0643878
0.0589039
0.0511244
0.0458486
0.045246
0.0479721
0.0516222
0.0549322
0.0576318
0.059925
0.0619984
0.0639835
0.0657352
0.0658438
0.0622586
0.0545878
0.0458188
0.0407769
0.0415428
0.0461135
0.0510339
0.0545138
0.056333
0.0569445
0.057003
0.0572288
0.0575243
0.0564179
0.0521798
0.0449636
0.0376147
0.0338272
0.0351327
0.040162
0.0459459
0.0502625
0.0524283
0.0529435
0.0528086
0.0527131
0.0520989
0.0495503
0.0441801
0.0370197
0.0308873
0.0285467
0.0307543
0.0360353
0.0419011
0.0464284
0.0489259
0.0497652
0.0497651
0.0493042
0.0477421
0.0440909
0.0382311
0.0316313
0.0267909
0.0256702
0.0284858
0.0337367
0.0393086
0.0436335
0.0461591
0.0471541
0.0471801
0.0463591
0.0441548
0.0399995
0.0342224
0.0283724
0.0245669
0.0242296
0.0273169
0.0324211
0.0377101
0.0418488
0.0443646
0.0454356
0.0454196
0.0442762
0.0415578
0.0369643
0.0310494
0.0253551
0.0217954
0.0216233
0.024809
0.0300889
0.0357292
0.040362
0.0433996
0.0448967
0.045123
0.0440652
0.041329
0.0365891
0.0302003
0.0234478
0.0181633
0.0159335
0.017341
0.0217745
0.0277147
0.0334841
0.0378811
0.0404069
0.0410551
0.0399049
0.0367747
0.0314777
0.0242419
0.0160187
0.00833949
0.00279188
0.000427633
0.00138579
0.00489505
0.00959116
0.0139893
0.0168978
0.0176072
0.0158992
0.0119119
0.00608221
-0.000886839
-0.00805833
-0.0141303
-0.0182645
-0.0189163
-0.0178322
-0.0116193
-0.0104467
0.00353908
-0.0115056
0.132686
0.131929
0.129385
0.125349
0.119163
0.110015
0.0972918
0.0799589
0.0585824
0.0337284
0.00959532
-0.00828886
-0.0211271
-0.0285501
-0.0308311
-0.027387
-0.0178062
-0.00435281
0.0103252
0.0245259
0.0372491
0.0479508
0.0562577
0.0613069
0.0620849
0.0586607
0.0533535
0.0496132
0.0491202
0.0511174
0.0539921
0.0567662
0.0591483
0.0612619
0.063289
0.0653442
0.0671152
0.0672799
0.0641927
0.0578154
0.0508077
0.0468137
0.0471632
0.0503228
0.053886
0.0565302
0.0580273
0.0586842
0.0589584
0.0593214
0.0596443
0.0587501
0.0552455
0.0492085
0.0429404
0.0395241
0.0403076
0.0442065
0.0487731
0.0522008
0.0539397
0.0543637
0.0542333
0.054118
0.053639
0.0516461
0.0472989
0.0413152
0.0360063
0.0337507
0.0352928
0.0394875
0.0442694
0.0479899
0.0500186
0.0506305
0.0505161
0.0500695
0.0488284
0.0459342
0.0411494
0.035587
0.0313426
0.0301497
0.0322828
0.0365413
0.0411538
0.0447574
0.046825
0.0475527
0.047449
0.0467203
0.0449708
0.0416629
0.0369313
0.0319818
0.0286139
0.0281187
0.0305399
0.0347323
0.0391454
0.0426111
0.0446764
0.0454709
0.0453431
0.0443653
0.0422053
0.0385397
0.0336943
0.0288807
0.0257371
0.0254151
0.0279662
0.0323551
0.0371039
0.0410175
0.043552
0.0447304
0.0448102
0.0438711
0.0416313
0.0377703
0.0324588
0.0266814
0.0219914
0.0198234
0.0207693
0.024356
0.0292883
0.0341088
0.0377572
0.0397788
0.0401694
0.0390463
0.0363298
0.0318555
0.025705
0.0185361
0.0115771
0.00623073
0.00352245
0.00370281
0.00618449
0.00982016
0.0133118
0.0155979
0.0160311
0.0144032
0.0108351
0.00572361
-0.000307796
-0.00645436
-0.0116175
-0.0151544
-0.0157075
-0.0149754
-0.00960911
-0.00922993
0.00354788
-0.0112852
0.130397
0.129553
0.126712
0.122325
0.115791
0.106472
0.0939558
0.0775873
0.057972
0.0359154
0.0144922
-0.00218324
-0.0143852
-0.0216331
-0.0238978
-0.0209145
-0.0126939
-0.00107115
0.0118244
0.0245147
0.0360637
0.0459104
0.0536515
0.0585914
0.0600243
0.0580942
0.0545731
0.0520063
0.0517308
0.053337
0.0557133
0.0580949
0.0602034
0.0621141
0.0639783
0.0658943
0.0675365
0.0677694
0.0653059
0.0602053
0.0546026
0.051258
0.0511827
0.0533297
0.0559519
0.0579919
0.059204
0.0598125
0.0601872
0.0606547
0.0610248
0.0602908
0.0573072
0.052165
0.0468059
0.0438069
0.0442855
0.04732
0.0509095
0.053606
0.0549771
0.0553133
0.0552001
0.0550903
0.0547146
0.0531375
0.0495947
0.0445769
0.0399706
0.0378227
0.0388625
0.0422058
0.0461085
0.0491489
0.0507723
0.0511973
0.0510056
0.0505744
0.0495776
0.0472834
0.0433872
0.0387116
0.0349932
0.0337581
0.0353341
0.0387784
0.0425969
0.0455925
0.0472694
0.0477761
0.0475723
0.046915
0.0455227
0.0429042
0.0390539
0.0348886
0.0319182
0.0313044
0.0331658
0.0365894
0.0402645
0.0431616
0.0448465
0.0454108
0.045189
0.0443363
0.0426227
0.0397263
0.0357978
0.0317637
0.0290057
0.0285704
0.0305768
0.034195
0.0381744
0.0414701
0.0435756
0.0444848
0.0444388
0.0435848
0.0417465
0.0386274
0.0342595
0.0293659
0.0252383
0.0231551
0.0237063
0.0265442
0.0305816
0.0345631
0.0375563
0.0391437
0.039314
0.0382013
0.0358074
0.0320122
0.0268112
0.0206291
0.0144111
0.00935304
0.00641824
0.0059354
0.00749085
0.0101429
0.0127788
0.0144677
0.0146239
0.0130462
0.00982675
0.00531491
5.80667e-05
-0.00524657
-0.00966429
-0.0126989
-0.0131567
-0.0126735
-0.00801379
-0.00818375
0.0034076
-0.0107728
0.128444
0.127535
0.124469
0.119826
0.113055
0.10366
0.0913764
0.0758198
0.0575986
0.0376212
0.0182424
0.00262339
-0.00896068
-0.0159232
-0.0181719
-0.0156278
-0.00853457
0.00160705
0.0130524
0.0245001
0.0350737
0.0442142
0.0515055
0.0563659
0.0582811
0.0574243
0.0551893
0.0535146
0.0534836
0.0548901
0.0569459
0.0590415
0.060924
0.0626437
0.0643316
0.0660658
0.0675441
0.0678214
0.065867
0.061744
0.0571558
0.0542654
0.0539319
0.0554327
0.0574286
0.0590357
0.0600049
0.0605123
0.0608863
0.0613869
0.0617917
0.0611998
0.0586287
0.0541937
0.0495886
0.046977
0.0472578
0.0496269
0.0524617
0.0545883
0.0556545
0.0558976
0.0557934
0.0557051
0.0554175
0.0541412
0.0511847
0.0468954
0.0428501
0.0408349
0.0415464
0.0442658
0.0474863
0.0499749
0.0512587
0.0515309
0.0512912
0.0508814
0.0500651
0.0482156
0.0449982
0.0410209
0.0377325
0.036487
0.037651
0.0404791
0.0436816
0.0461891
0.047545
0.0478758
0.0476031
0.0470022
0.0458754
0.0437788
0.040616
0.037081
0.0344433
0.0337495
0.0351773
0.0380008
0.0410961
0.0435414
0.0449211
0.0453038
0.0450114
0.0442516
0.0428738
0.0405701
0.0373683
0.03397
0.0315397
0.0310252
0.0325978
0.0355975
0.0389593
0.0417595
0.0435218
0.0442173
0.0440723
0.0432781
0.0417457
0.0392095
0.0356056
0.0314493
0.0278079
0.0258155
0.0260517
0.0282737
0.0315721
0.0348625
0.0373191
0.0385552
0.0385496
0.0374407
0.0352877
0.0320177
0.0275831
0.0222395
0.0166961
0.0119521
0.00889014
0.00788629
0.00866959
0.01048
0.0123729
0.0135369
0.0134435
0.0118969
0.00896012
0.00493412
0.000295394
-0.00434575
-0.00818279
-0.0108205
-0.0112015
-0.0108863
-0.00679233
-0.00730955
0.0032069
-0.0101086
0.126855
0.125897
0.122667
0.117843
0.110916
0.1015
0.0894361
0.0745283
0.057373
0.0389085
0.0210267
0.00624149
-0.00486465
-0.0116694
-0.0139695
-0.0117907
-0.00550887
0.00357372
0.0139549
0.0244631
0.0342824
0.0428728
0.0498225
0.0546286
0.056894
0.0567972
0.0554694
0.0544481
0.0546403
0.0559562
0.0578105
0.0597025
0.0614068
0.0629638
0.064497
0.0660729
0.067409
0.0676963
0.0660806
0.062631
0.0587548
0.0562188
0.0557723
0.0568792
0.058464
0.0597646
0.0605393
0.0609355
0.0612559
0.0617319
0.0621424
0.0616717
0.0594538
0.055599
0.0515852
0.0492588
0.0493767
0.0512543
0.0535433
0.0552526
0.0560785
0.0562263
0.0561117
0.0560431
0.0558318
0.0547768
0.0522365
0.0484731
0.044857
0.0429821
0.0434963
0.0457715
0.0484798
0.0505391
0.0515499
0.0516976
0.0514266
0.0510426
0.0503604
0.0488263
0.0460941
0.0426267
0.0396659
0.0384362
0.0393256
0.0417187
0.0444673
0.0465993
0.0477003
0.0478947
0.0475779
0.0470239
0.0460869
0.0443613
0.0416965
0.0386296
0.0362489
0.0355095
0.0366294
0.0390188
0.0416876
0.0437923
0.0449377
0.0451835
0.0448434
0.0441525
0.0430142
0.0411363
0.0384668
0.0355457
0.0333704
0.0328061
0.0340604
0.036601
0.0395018
0.0419297
0.0434324
0.0439671
0.0437498
0.0429988
0.0416873
0.0395782
0.0365455
0.0329536
0.0296956
0.0277859
0.0277899
0.0295441
0.0322776
0.035038
0.0370832
0.038051
0.037913
0.0368061
0.0348266
0.0319399
0.0280791
0.0233859
0.0183925
0.0139351
0.0108156
0.00943379
0.00962475
0.0107736
0.0120747
0.0128152
0.0125164
0.0109889
0.00827107
0.0046219
0.000456973
-0.00368171
-0.00708516
-0.00942488
-0.0097514
-0.00954543
-0.00588682
-0.00660425
0.00301226
-0.00942726
0.125648
0.124657
0.121313
0.116366
0.109341
0.0999314
0.0880506
0.073628
0.0572451
0.0398393
0.0230127
0.00886053
-0.00186264
-0.008504
-0.0108298
-0.00892467
-0.0032426
0.00505635
0.0146447
0.0244502
0.0337047
0.0418863
0.0485872
0.0533552
0.0558623
0.0562824
0.055572
0.0550095
0.0553805
0.0566608
0.0583913
0.060144
0.0617169
0.063148
0.0645601
0.0660146
0.0672443
0.0675305
0.066136
0.0631316
0.0597331
0.0574558
0.0569686
0.0578403
0.0591611
0.0602516
0.0608813
0.0611829
0.0614431
0.0618785
0.06228
0.0618992
0.0599483
0.0565176
0.0529184
0.0507808
0.0507822
0.052333
0.0542585
0.0556823
0.056331
0.0563941
0.0562555
0.0561957
0.0560434
0.0551511
0.0529081
0.0495196
0.0462168
0.0444569
0.0448463
0.0468123
0.0491553
0.0509022
0.0517081
0.0517579
0.0514634
0.0511037
0.0505208
0.0492055
0.0468049
0.0436888
0.0409617
0.0397595
0.0404786
0.0425794
0.0450094
0.0468668
0.0477758
0.0478681
0.0475237
0.0470082
0.0462034
0.0447286
0.0424012
0.0396559
0.037458
0.0366968
0.0376163
0.0397132
0.0420874
0.04395
0.0449249
0.0450724
0.0447033
0.0440636
0.0430882
0.0414957
0.0391856
0.0365917
0.034596
0.0340033
0.0350436
0.03727
0.0398522
0.0420198
0.0433392
0.0437607
0.0434955
0.0427769
0.0416173
0.0397989
0.0371578
0.0339579
0.0309713
0.0291255
0.0289718
0.0304007
0.0327381
0.0351246
0.0368779
0.0376557
0.0374253
0.036322
0.0344632
0.0318399
0.0283762
0.0241417
0.0195479
0.0153128
0.0121729
0.0105376
0.010314
0.010989
0.0118617
0.0122921
0.0118407
0.010325
0.00776623
0.00439139
0.000569153
-0.00320904
-0.00630523
-0.00843369
-0.00872488
-0.00858714
-0.005245
-0.00606752
0.00286055
-0.00883585
0.124836
0.123825
0.120408
0.115387
0.108305
0.0989093
0.0871583
0.0730573
0.0571758
0.0404405
0.0242829
0.0105454
6.94479e-05
-0.00648237
-0.00884514
-0.0071302
-0.00182704
0.00598383
0.0150736
0.0244303
0.0333193
0.0412349
0.0477761
0.0525216
0.0551815
0.055923
0.055596
0.0553246
0.0558196
0.0570905
0.05875
0.0604152
0.0619011
0.0632467
0.0645762
0.0659488
0.067108
0.0673906
0.0661302
0.0633981
0.0602953
0.0581867
0.0576896
0.0584295
0.0595925
0.0605506
0.0610836
0.0613182
0.0615335
0.0619366
0.062327
0.0619983
0.0602103
0.0570412
0.0537004
0.0516864
0.0516276
0.0529876
0.0546941
0.0559395
0.056471
0.056472
0.05631
0.0562515
0.056137
0.0553514
0.0533026
0.0501581
0.0470593
0.0453763
0.045689
0.0474614
0.0495719
0.0511162
0.0517853
0.0517669
0.0514546
0.0511116
0.0505949
0.04942
0.0472295
0.0443366
0.0417613
0.0405843
0.0412049
0.0431252
0.0453509
0.0470268
0.0478059
0.0478287
0.0474672
0.0469787
0.0462583
0.0449391
0.0428204
0.0402759
0.0381954
0.0374266
0.0382297
0.0401478
0.0423368
0.0440424
0.0449041
0.0449869
0.044601
0.0439959
0.0431215
0.0417022
0.0396101
0.0372168
0.0353343
0.0347289
0.0356424
0.0376768
0.0400611
0.042064
0.0432653
0.043614
0.0433196
0.0426235
0.0415587
0.0399178
0.0375154
0.034556
0.0317383
0.0299358
0.0296889
0.0309192
0.0330108
0.035162
0.0367295
0.0373852
0.0370961
0.0359962
0.0342134
0.0317535
0.0285351
0.0245858
0.0202445
0.0161556
0.013012
0.011226
0.0107468
0.0111261
0.0117268
0.0119579
0.0114065
0.00989698
0.00744015
0.00424247
0.00064133
-0.00290499
-0.00580495
-0.00779815
-0.0080682
-0.00796908
-0.00483302
-0.00570404
0.00276238
-0.00840727
0.124428
0.123407
0.119955
0.114899
0.107791
0.0984054
0.0867218
0.0727813
0.0571471
0.0407379
0.0249068
0.0113783
0.00103087
-0.00546671
-0.00784245
-0.00621968
-0.00110574
0.00645873
0.0152956
0.0244247
0.0331294
0.0409125
0.0473753
0.0521105
0.054845
0.0557415
0.0555987
0.0554681
0.0560249
0.0572937
0.0589199
0.0605421
0.061984
0.0632857
0.0645736
0.065906
0.067032
0.0673143
0.0661192
0.0635175
0.060556
0.0585292
0.05803
0.0587094
0.0597974
0.0606905
0.0611744
0.0613738
0.0615659
0.0619528
0.0623383
0.0620347
0.0603244
0.0572803
0.0540631
0.0521092
0.0520248
0.053296
0.0548987
0.0560576
0.0565303
0.0564981
0.0563229
0.0562653
0.0561713
0.0554397
0.0534863
0.0504606
0.0474614
0.0458164
0.0460928
0.0477713
0.0497683
0.0512127
0.0518127
0.0517583
0.051436
0.0511021
0.0506199
0.0495164
0.0474313
0.0446498
0.0421507
0.040987
0.0415602
0.0433917
0.0455158
0.0471001
0.0478124
0.0477989
0.0474285
0.0469542
0.0462767
0.0450347
0.0430188
0.0405732
0.0385511
0.0377804
0.0385275
0.0403591
0.0424571
0.0440843
0.0448887
0.0449385
0.0445448
0.0439576
0.043133
0.0417969
0.0398089
0.0375113
0.0356829
0.0350719
0.0359259
0.0378687
0.0401577
0.0420805
0.0432238
0.0435367
0.0432289
0.0425453
0.0415271
0.039971
0.0376812
0.0348348
0.0320965
0.0303144
0.0300237
0.0311603
0.0331345
0.0351725
0.03665
0.0372468
0.0369297
0.035833
0.0340883
0.0317076
0.0286063
0.0247921
0.0205704
0.016551
0.0134063
0.0115493
0.0109494
0.011188
0.0116579
0.0117925
0.0111925
0.00968623
0.00727981
0.00416972
0.000677818
-0.00275408
-0.00555751
-0.00748446
-0.00774436
-0.00766398
-0.00462857
-0.00552167
0.00271869
-0.00818394
-0.683003
-0.36132
-0.22476
-0.683003
-0.36132
-0.534261
-0.54433
-0.672014
-0.534261
-0.544331
0.0821317
0.431041
0.289886
0.338782
0.0821315
0.431041
0.289886
-0.204756
-0.528273
-0.528273
-0.53817
-0.512223
-0.531589
-0.515721
-0.53817
-0.512221
-0.531588
0.527629
0.454075
0.527629
-0.525221
-0.460317
-0.525221
-0.460318
0.483497
0.531846
0.483497
-0.428755
-0.35004
-0.428756
-0.35004
0.383027
0.393571
0.199072
0.472083
0.383027
0.393571
0.199072
-0.0412144
-0.041215
-0.30585
-0.305851
-0.318533
-0.298349
-0.288449
-0.311656
-0.318533
-0.298351
-0.28845
-0.0746728
-0.421049
-0.180975
-0.0746734
-0.42105
-0.313287
-0.39775
-0.305363
-0.313289
-0.397749
-0.305363
-0.421188
-0.254591
-0.518734
-0.186431
-0.421188
-0.254591
-0.518735
-0.489484
-0.629469
-0.537164
-0.495464
-0.489486
-0.629468
-0.537165
0.0684832
0.263758
0.0673623
0.186331
0.0684832
0.263758
0.0673622
-0.653052
-0.673327
-0.632401
-0.705934
-0.633827
-0.70637
-0.652518
-0.538409
-0.517501
-0.534013
-0.511411
-0.538409
-0.517501
-0.534013
-0.196123
-0.508222
-0.51684
-0.500579
-0.524563
-0.500741
-0.524387
-0.508087
-0.480633
-0.498764
-0.498261
-0.481126
-0.37807
-0.405863
-0.405693
-0.378153
-0.316637
-0.313122
-0.332219
-0.302975
-0.33216
-0.30207
-0.316884
0.182295
0.25754
0.172991
0.327428
0.182295
0.25754
0.172991
-0.312716
-0.178597
-0.0950062
-0.0971823
-0.315942
-0.271377
-0.287502
-0.24044
-0.294029
-0.271377
-0.287502
-0.240441
-0.303755
-0.0551408
-0.231067
-0.101412
-0.303755
-0.0551408
-0.231067
-0.29616
-0.286493
-0.268362
-0.374906
-0.29616
-0.286493
-0.268362
-0.545317
-0.685325
-0.524249
-0.716027
-0.52557
-0.717537
-0.544627
-0.532674
-0.358652
-0.261897
-0.264528
-0.53677
-0.54532
-0.685326
-0.524252
-0.716027
-0.525573
-0.717537
-0.544629
-0.532674
-0.358653
-0.261898
-0.264529
-0.536771
-0.565575
-0.544556
-0.539241
-0.539758
-0.565581
-0.653053
-0.673327
-0.632402
-0.705935
-0.633828
-0.706371
-0.652518
-0.565575
-0.544555
-0.539242
-0.539757
-0.565581
0.322651
0.0809399
0.24715
0.0650352
0.246273
0.063114
0.32461
0.375694
0.311493
0.170686
0.441409
0.13709
0.446069
0.378667
0.322651
0.0809397
0.24715
0.0650353
0.246273
0.0631141
0.32461
0.375693
0.311493
0.170686
0.441409
0.13709
0.446069
0.378667
-0.196124
-0.52857
-0.528569
-0.507051
-0.507696
-0.519184
-0.49102
-0.522888
-0.490598
-0.506194
-0.50822
-0.516838
-0.500579
-0.524563
-0.50074
-0.524386
-0.508087
-0.50705
-0.507695
-0.519183
-0.491019
-0.522887
-0.490597
-0.506193
0.553276
0.474604
0.478213
0.550918
0.600356
0.629776
0.630957
0.598769
0.553276
0.474604
0.478213
0.550918
0.600356
0.629776
0.630957
0.598769
-0.461228
-0.435267
-0.435022
-0.461588
-0.480633
-0.498763
-0.49826
-0.481125
-0.461228
-0.435267
-0.435022
-0.461587
0.624111
0.637844
0.638966
0.622734
0.591454
0.528751
0.53177
0.589502
0.624111
0.637844
0.638966
0.622734
0.591454
0.528751
0.53177
0.589502
-0.354267
-0.335306
-0.335227
-0.354276
-0.378071
-0.405863
-0.405693
-0.378153
-0.354268
-0.335307
-0.335228
-0.354276
0.442935
0.401485
0.501063
0.27713
0.504977
0.249069
0.445397
0.396366
0.197574
0.184726
0.329741
0.183201
0.329111
0.397854
0.442935
0.401485
0.501063
0.27713
0.504977
0.249069
0.445397
0.396366
0.197574
0.184726
0.329741
0.183201
0.329111
0.397854
-0.0339653
-0.0339658
-0.305764
-0.305765
-0.309332
-0.298132
-0.298606
-0.300138
-0.298464
-0.300159
-0.309431
-0.316638
-0.313124
-0.33222
-0.302977
-0.332162
-0.302072
-0.316885
-0.309334
-0.298133
-0.298608
-0.300139
-0.298465
-0.30016
-0.309432
-0.313796
-0.422716
-0.444469
-0.30198
-0.445689
-0.302994
-0.313032
-0.312717
-0.178598
-0.095007
-0.0971827
-0.315943
-0.313798
-0.422715
-0.444469
-0.301982
-0.445689
-0.302996
-0.313034
-0.326587
-0.313266
-0.312263
-0.312295
-0.32683
-0.385533
-0.398607
-0.423485
-0.371895
-0.423757
-0.372732
-0.385364
-0.326587
-0.313267
-0.312265
-0.312296
-0.326831
-0.385533
-0.398606
-0.423485
-0.371896
-0.423757
-0.372733
-0.385365
-0.531808
-0.225936
-0.463647
-0.251659
-0.463627
-0.254334
-0.533073
0.34564
0.329722
0.394459
0.297947
0.34564
0.329722
0.394459
-0.675235
-0.616115
-0.696554
-0.627148
-0.675235
-0.616115
-0.696554
0.433505
0.366636
0.456782
0.351685
0.433505
0.366636
0.456782
0.562364
0.455441
0.531587
0.495472
0.533182
0.496651
0.561047
-0.629346
-0.52219
-0.587053
-0.575946
-0.629346
-0.52219
-0.587053
0.462514
0.3648
0.450138
0.370904
0.462514
0.3648
0.450139
0.604271
0.532989
0.609246
0.527273
0.610465
0.528435
0.603032
-0.489412
-0.384219
-0.401983
-0.450002
-0.489412
-0.384219
-0.401984
0.421939
0.326587
0.382453
0.350453
0.421939
0.326587
0.382453
-0.332125
-0.285853
-0.254395
-0.327287
-0.332125
-0.285854
-0.254395
-0.294159
-0.296705
-0.295495
-0.296761
-0.29537
-0.287231
-0.287115
-0.531808
-0.225937
-0.463647
-0.25166
-0.463628
-0.254334
-0.533073
-0.569704
-0.53437
-0.555985
-0.559108
-0.556706
-0.559538
-0.569407
-0.569703
-0.534369
-0.555986
-0.559109
-0.556706
-0.559538
-0.569407
0.590273
0.528787
0.514292
0.604487
0.515504
0.60571
0.589014
0.562364
0.455441
0.531587
0.495472
0.533182
0.496651
0.561047
0.590273
0.528787
0.514292
0.604487
0.515503
0.60571
0.589014
-0.480244
-0.524819
-0.492794
-0.506757
-0.492212
-0.50646
-0.480664
-0.459224
-0.460078
-0.481745
-0.436572
-0.481477
-0.436351
-0.45953
-0.480244
-0.524819
-0.492796
-0.506758
-0.492212
-0.50646
-0.480664
-0.459224
-0.460078
-0.481746
-0.436573
-0.481477
-0.436352
-0.459531
0.585404
0.484764
0.516218
0.562848
0.517327
0.564373
0.584126
0.604271
0.532989
0.609245
0.527273
0.610464
0.528436
0.603033
0.585404
0.484764
0.516219
0.562848
0.517328
0.564374
0.584126
-0.385618
-0.428584
-0.410267
-0.402638
-0.410128
-0.402518
-0.38569
-0.362651
-0.350077
-0.376188
-0.344723
-0.376136
-0.344948
-0.36262
-0.385618
-0.428585
-0.410267
-0.402639
-0.410129
-0.402518
-0.385691
-0.362651
-0.350077
-0.376189
-0.344723
-0.376136
-0.344948
-0.362621
-0.312345
-0.0755395
-0.0921749
-0.264222
-0.0942378
-0.264079
-0.313297
-0.312345
-0.0755397
-0.0921756
-0.264223
-0.0942381
-0.264079
-0.313297
-0.328985
-0.305573
-0.318811
-0.31804
-0.318852
-0.318489
-0.32901
-0.328985
-0.305574
-0.318812
-0.31804
-0.318853
-0.318489
-0.32901
0.0612138
0.0484502
0.18976
0.0435963
0.188868
0.128773
0.12946
0.0612136
0.0484504
0.18976
0.0435962
0.188868
0.128772
0.12946
-0.51808
-0.51576
-0.504003
-0.516441
-0.504173
-0.493998
-0.493675
-0.518079
-0.515761
-0.504004
-0.516439
-0.504172
-0.493996
-0.493676
0.176975
0.27906
0.164936
0.278376
0.160822
0.223269
0.223798
0.176975
0.27906
0.164936
0.278376
0.160822
0.223269
0.223798
-0.29416
-0.296706
-0.295496
-0.296763
-0.295372
-0.287234
-0.287115
0.0274207
0.139248
0.0427535
0.0917044
0.0274208
0.139248
0.0427534
-0.487565
-0.490834
-0.542424
-0.449084
-0.487565
-0.490834
-0.542423
0.259385
0.269584
0.297047
0.229439
0.259385
0.269584
0.297047
-0.646762
-0.622021
-0.689829
-0.610615
-0.646761
-0.622021
-0.689829
0.341243
0.269717
0.310117
0.304636
0.341243
0.269717
0.310116
-0.234867
-0.228681
-0.181443
-0.251852
-0.234867
-0.228683
-0.181443
0.145973
0.169168
0.129681
0.21579
0.145973
0.169168
0.129681
-0.257662
-0.244252
-0.199481
-0.268108
-0.257663
-0.244253
-0.199481
)
;

boundaryField
{
    inlet
    {
        type            zeroGradient;
    }
    outlet
    {
        type            fixedValue;
        value           uniform 0;
    }
    top
    {
        type            symmetryPlane;
    }
    bottom
    {
        type            symmetryPlane;
    }
    front
    {
        type            symmetryPlane;
    }
    back
    {
        type            symmetryPlane;
    }
    cylinder
    {
        type            zeroGradient;
    }
}


// ************************************************************************* //
