/*--------------------------------*- C++ -*----------------------------------*\
  =========                 |
  \\      /  F ield         | OpenFOAM: The Open Source CFD Toolbox
   \\    /   O peration     | Website:  https://openfoam.org
    \\  /    A nd           | Version:  11
     \\/     M anipulation  |
\*---------------------------------------------------------------------------*/
FoamFile
{
    format      ascii;
    class       volScalarField;
    location    "13.250889";
    object      p;
}
// * * * * * * * * * * * * * * * * * * * * * * * * * * * * * * * * * * * * * //

dimensions      [0 2 -2 0 0 0 0];

internalField   nonuniform List<scalar> 
7132
(
0.0601041
0.0588047
0.0543455
0.0479503
0.0391271
0.0278121
0.0141585
-0.00141963
-0.0180284
-0.0341458
-0.0480863
-0.0577104
-0.0622559
-0.0615284
-0.0559973
-0.0471817
-0.0368144
-0.0264904
-0.0174095
-0.0102008
-0.00481608
-0.000578253
0.00335573
0.00746933
0.0117521
0.0159503
0.0198264
0.0232942
0.0264013
0.0291958
0.0315827
0.0331638
0.0333623
0.031925
0.0294257
0.0270892
0.0259013
0.0260284
0.0269463
0.0280243
0.028889
0.0294983
0.0300258
0.0306722
0.0314087
0.0317351
0.0308494
0.0283711
0.0250055
0.0222537
0.0212334
0.0219466
0.0235105
0.0249891
0.0258964
0.0262372
0.0263141
0.026485
0.0268443
0.0269466
0.0259501
0.0233605
0.0197933
0.0168358
0.0158709
0.0170742
0.0194408
0.0217017
0.0231052
0.023578
0.0234834
0.0233108
0.0233257
0.0232546
0.022326
0.0198792
0.0161652
0.0125354
0.0106387
0.0112957
0.0140059
0.0173815
0.0200906
0.0215008
0.0217311
0.0213339
0.0209052
0.0206574
0.0201695
0.0185984
0.0154139
0.011085
0.00703749
0.00480757
0.00509997
0.00745759
0.0106315
0.0133109
0.0146822
0.0146088
0.0134741
0.0118132
0.00984933
0.00727685
0.00354594
-0.00145734
-0.00695977
-0.0115564
-0.0140046
-0.0139093
-0.0118364
-0.008917
-0.00628662
-0.0047451
-0.00470996
-0.00634643
-0.0097431
-0.0149857
-0.0220774
-0.0306909
-0.0399
-0.0481555
-0.0536498
-0.0549879
-0.0517749
-0.0448106
-0.0357591
-0.0264642
-0.0183338
-0.0120579
-0.00769403
-0.00495218
-0.00347272
-0.00297657
-0.0032954
-0.00432124
-0.00593226
-0.00792417
-0.00997641
-0.0116772
-0.0126067
-0.0124601
-0.0111539
-0.00888333
-0.00608399
-0.00330618
-0.00101504
0.000545054
0.00142159
0.00178305
0.0019006
0.00182088
0.00177509
0.00146003
0.00143769
0.000721845
0.00112404
-0.000490054
0.00147126
-0.00272458
0.0606285
0.0593348
0.0548961
0.0485131
0.0396803
0.0283056
0.0145167
-0.00130337
-0.0182549
-0.0347818
-0.0491127
-0.0589404
-0.0635278
-0.0626659
-0.0568134
-0.0475956
-0.0368452
-0.0262341
-0.0170073
-0.0098057
-0.00455245
-0.000490285
0.00330745
0.00735971
0.0116412
0.0158708
0.0197919
0.0233094
0.0264679
0.029311
0.0317411
0.033343
0.0335073
0.0319601
0.0293014
0.0268295
0.0255835
0.0257315
0.0267083
0.0278502
0.0287703
0.029425
0.0299892
0.0306643
0.0314238
0.0317532
0.0308205
0.0282296
0.024716
0.0218525
0.0208074
0.0215806
0.0232416
0.0248117
0.0257878
0.0261736
0.0262752
0.026455
0.0268096
0.0268837
0.0258173
0.0231106
0.0194056
0.0163442
0.0153558
0.0166235
0.0191069
0.0214894
0.0229883
0.0235205
0.0234536
0.0232868
0.0232909
0.0231802
0.0221645
0.0195815
0.0157162
0.0119738
0.0100419
0.0107416
0.0135524
0.0170529
0.0198828
0.0213882
0.0216777
0.021307
0.0208827
0.0206183
0.0200746
0.0183929
0.015056
0.0105778
0.00643863
0.00420703
0.00458013
0.00706957
0.0103864
0.0131948
0.0146697
0.0146674
0.0135669
0.0119006
0.00988304
0.00719444
0.0032887
-0.00191084
-0.00757063
-0.0122316
-0.0146275
-0.0143767
-0.012084
-0.00893156
-0.0060997
-0.00441479
-0.00430348
-0.00593193
-0.00939305
-0.0147799
-0.0220966
-0.0309972
-0.0405117
-0.0490319
-0.0546946
-0.0560715
-0.052765
-0.0456002
-0.0362925
-0.0267399
-0.0183913
-0.0119565
-0.00749589
-0.00471226
-0.00323479
-0.00277234
-0.0031467
-0.00424318
-0.00593488
-0.00801133
-0.010143
-0.0119076
-0.0128767
-0.0127422
-0.0114228
-0.00911951
-0.00627501
-0.00344612
-0.00110448
0.00049953
0.00140883
0.00179115
0.00191833
0.00184162
0.00179181
0.00147381
0.00144057
0.000726158
0.00111148
-0.000486607
0.00145286
-0.00272239
0.0616746
0.0603939
0.0559984
0.0496452
0.0407988
0.0293111
0.0152559
-0.00105015
-0.0186975
-0.0360669
-0.0512015
-0.0614381
-0.0661058
-0.0649575
-0.0584296
-0.0483786
-0.0368427
-0.0256508
-0.016139
-0.00897008
-0.00400695
-0.000323139
0.00318535
0.0071108
0.0113926
0.0156887
0.0197024
0.02332
0.0265821
0.0295249
0.032046
0.0336949
0.0337921
0.0320178
0.029026
0.0262719
0.0249084
0.0251057
0.0262091
0.0274829
0.0285139
0.029257
0.0298918
0.0306239
0.0314309
0.0317667
0.0307373
0.0279122
0.0240891
0.0209922
0.0199002
0.0208055
0.0226738
0.0244347
0.0255498
0.0260225
0.0261692
0.0263653
0.0267124
0.0267315
0.0255208
0.0225686
0.0185759
0.0153011
0.0142681
0.0156726
0.0184012
0.0210364
0.0227294
0.0233778
0.0233603
0.0232004
0.0231831
0.0229961
0.0218086
0.0189559
0.0147907
0.0108258
0.00882597
0.00961467
0.0126296
0.0163803
0.0194489
0.0211392
0.021541
0.0212189
0.0208032
0.0205061
0.0198489
0.0179405
0.0142922
0.00951148
0.00518916
0.00295946
0.00350616
0.00627185
0.00988377
0.0129538
0.0146348
0.014773
0.0137418
0.0120686
0.0099417
0.00700823
0.00272962
-0.00288877
-0.0088827
-0.0136779
-0.0159594
-0.0153758
-0.0126199
-0.00898438
-0.00574
-0.00376508
-0.00350179
-0.00511581
-0.00870901
-0.0143915
-0.0221717
-0.0316656
-0.0418127
-0.0508825
-0.0568962
-0.0583524
-0.054848
-0.0472645
-0.0374216
-0.0273317
-0.0185301
-0.0117681
-0.00711028
-0.00424249
-0.00276895
-0.002373
-0.00285675
-0.00409282
-0.00594455
-0.00818899
-0.0104782
-0.012369
-0.0134154
-0.013303
-0.0119554
-0.0095858
-0.00665109
-0.00372126
-0.0012807
0.000408854
0.00138189
0.00180507
0.0019517
0.00188165
0.00182469
0.00150115
0.0014465
0.000734672
0.00108607
-0.000479433
0.0014153
-0.00271421
0.0632379
0.0619788
0.0576559
0.0513583
0.0425063
0.0308642
0.01642
-0.000622348
-0.0193428
-0.0380415
-0.0544514
-0.0653231
-0.0701285
-0.0685569
-0.0609777
-0.04962
-0.0368533
-0.0247508
-0.0147913
-0.00767943
-0.00318815
-0.000113724
0.0029409
0.0066817
0.010979
0.015386
0.0195425
0.0233096
0.0267254
0.0298175
0.0324783
0.0342016
0.0341909
0.0320475
0.0285157
0.025312
0.0237793
0.0240806
0.0254034
0.0268916
0.028093
0.0289659
0.0297017
0.0305152
0.0313883
0.0317243
0.0305279
0.0273145
0.0229857
0.0195175
0.0183751
0.019523
0.0217463
0.02382
0.0251514
0.0257495
0.0259526
0.0261595
0.0264857
0.0264172
0.0249864
0.0216593
0.0172234
0.0136149
0.0125095
0.0141336
0.0172562
0.0202938
0.0222889
0.0231088
0.023156
0.0229999
0.0229505
0.0226483
0.0211924
0.0179146
0.0132789
0.00897298
0.00688552
0.00783923
0.0111888
0.01533
0.0187578
0.0207188
0.0212821
0.0210324
0.0206357
0.0202901
0.0194464
0.0171635
0.0130072
0.00774146
0.00313544
0.000926963
0.00177288
0.00499561
0.00908397
0.0125641
0.0145584
0.0149089
0.0139888
0.0123132
0.0100119
0.00667235
0.00177506
-0.00452865
-0.0110564
-0.0160519
-0.0181308
-0.0170002
-0.0135007
-0.00910335
-0.00522026
-0.0028054
-0.00231825
-0.00391963
-0.00772653
-0.013879
-0.0223934
-0.0328251
-0.0439688
-0.0539014
-0.060462
-0.0620338
-0.0582047
-0.0499482
-0.039249
-0.0283039
-0.0187867
-0.0115132
-0.00655076
-0.00355423
-0.00208566
-0.00178828
-0.00243488
-0.00387975
-0.00597148
-0.00846755
-0.0109917
-0.0130687
-0.014227
-0.014143
-0.0127482
-0.0102754
-0.00720417
-0.00412463
-0.00153954
0.000274121
0.00133992
0.00182356
0.00199993
0.0019407
0.00187302
0.00154072
0.00145223
0.000744958
0.00104057
-0.000466878
0.00134067
-0.00267621
0.0653097
0.0640838
0.059872
0.0536702
0.0448388
0.0330216
0.0180812
4.70655e-05
-0.0201566
-0.0407524
-0.0589846
-0.0707113
-0.0756824
-0.0734929
-0.0643853
-0.051163
-0.0366678
-0.0233155
-0.0127766
-0.0058123
-0.00206698
7.97581e-05
0.00246871
0.00596417
0.0103111
0.0148933
0.019256
0.0232281
0.0268507
0.0301444
0.0329991
0.0348306
0.0346635
0.0319723
0.0276359
0.0237745
0.0220275
0.0225305
0.0242087
0.0260185
0.0274577
0.0284987
0.029357
0.030263
0.0312066
0.0315261
0.0300807
0.0262969
0.0212224
0.0172092
0.0160162
0.0175641
0.020348
0.0228966
0.0245358
0.0252898
0.0255384
0.0257277
0.0260104
0.0258239
0.0241012
0.0202719
0.0152391
0.0111795
0.00997792
0.0119068
0.0155825
0.0191869
0.0216009
0.0226454
0.0227667
0.0226137
0.02253
0.0220717
0.0202241
0.0163183
0.0109958
0.0062108
0.00403512
0.00527747
0.0091393
0.0138422
0.0177606
0.0200767
0.0208497
0.0207023
0.0203453
0.0199331
0.0188066
0.0159637
0.0110672
0.00511271
0.000115456
-0.00204678
-0.000756052
0.00313716
0.0079184
0.0119824
0.0144109
0.0150545
0.0142976
0.0126291
0.0100732
0.0061282
0.000321981
-0.0069626
-0.0142287
-0.019477
-0.0212439
-0.0193321
-0.0147911
-0.00933897
-0.00458238
-0.00157491
-0.000793328
-0.00238958
-0.00650586
-0.0133277
-0.0228789
-0.0346199
-0.0471387
-0.058248
-0.0655449
-0.0672613
-0.0629728
-0.0537751
-0.0418772
-0.0297333
-0.0192148
-0.0112306
-0.00584912
-0.00267689
-0.00121271
-0.00104309
-0.00190251
-0.00362226
-0.00603135
-0.00885969
-0.0116918
-0.0140098
-0.0153088
-0.015254
-0.0137887
-0.0111736
-0.00791929
-0.0046434
-0.00187178
0.000100689
0.00128539
0.00184769
0.00206384
0.00201956
0.00193713
0.00159194
0.00145538
0.000754631
0.00096766
-0.000447422
0.00120634
-0.00257406
0.0678773
0.0666999
0.0626499
0.0566022
0.0478435
0.0358597
0.0203392
0.00105126
-0.021096
-0.0442934
-0.0650363
-0.0778864
-0.0831296
-0.0801687
-0.0689796
-0.0532113
-0.0363781
-0.0213468
-0.0100408
-0.00331871
-0.000664353
0.000149804
0.00162575
0.00483844
0.00930986
0.0141584
0.0187981
0.0230257
0.0268985
0.0304371
0.0335393
0.0355118
0.0351162
0.031633
0.026139
0.0213657
0.0193896
0.0202669
0.0225067
0.0247842
0.0265394
0.0277787
0.0287544
0.0297135
0.0306833
0.0309592
0.0292266
0.0247553
0.0187071
0.0139139
0.0126007
0.0147174
0.0183275
0.0215655
0.0236227
0.0245491
0.0248046
0.024934
0.0251586
0.02483
0.0227168
0.0181978
0.0123703
0.0077597
0.00650198
0.00887767
0.0132913
0.0176363
0.020587
0.0219069
0.0221143
0.0219778
0.0218652
0.0211918
0.0187849
0.0139998
0.00774104
0.00232598
7.13921e-05
0.00176093
0.00636414
0.011841
0.0163987
0.0191565
0.0201904
0.0201861
0.0198968
0.0193893
0.0178562
0.0142421
0.00836505
0.00152526
-0.00396115
-0.00605184
-0.00417208
0.000613283
0.00632
0.0111573
0.0141513
0.0151775
0.0146439
0.0129897
0.0100765
0.00529432
-0.00172928
-0.0102788
-0.0184533
-0.02397
-0.0252951
-0.0223689
-0.0165044
-0.00972437
-0.00387715
-0.000136714
0.00100168
-0.000605895
-0.00514593
-0.0128601
-0.0237606
-0.0371627
-0.0513845
-0.0639222
-0.0720971
-0.0739734
-0.0691068
-0.0587293
-0.0453196
-0.0316529
-0.0198577
-0.0109674
-0.005054
-0.00165795
-0.000193369
-0.000174526
-0.00129085
-0.00334668
-0.00614565
-0.00938052
-0.0125852
-0.0151896
-0.0166486
-0.016616
-0.0150514
-0.0122526
-0.00877063
-0.00525733
-0.00226479
-0.000105975
0.00121898
0.00187621
0.00214206
0.00211707
0.00201515
0.00165178
0.00145086
0.000759201
0.000856964
-0.000419605
0.000979943
-0.00235936
0.0709219
0.0698128
0.0659901
0.0601793
0.0515796
0.0394805
0.0233339
0.00253302
-0.022074
-0.0487577
-0.0728547
-0.0870393
-0.0925671
-0.0885771
-0.0745859
-0.0554669
-0.0356123
-0.018471
-0.00627347
-1.38361e-05
0.00102531
-6.26969e-05
0.000178404
0.00308619
0.00780699
0.0130537
0.0180619
0.0225983
0.0267568
0.0305773
0.0339781
0.0361137
0.0353666
0.0307389
0.0235929
0.0175747
0.0154358
0.0170009
0.0201269
0.0230784
0.0252421
0.0266896
0.0277177
0.0286011
0.029495
0.0296957
0.0276889
0.0225059
0.0153401
0.00954463
0.00799229
0.0107979
0.0155138
0.0196953
0.0222985
0.0234014
0.0236105
0.0236544
0.0238321
0.0233313
0.0206702
0.0151915
0.0083144
0.00305646
0.00184511
0.00489294
0.0102815
0.0155556
0.0191576
0.0208029
0.0211202
0.02103
0.020892
0.0199201
0.0167598
0.0108402
0.00341391
-0.00276727
-0.005097
-0.00281091
0.00277207
0.00925257
0.0146085
0.0178965
0.019246
0.0194324
0.0192384
0.0185942
0.0165204
0.0119343
0.00487168
-0.00300677
-0.00905248
-0.0110502
-0.00846335
-0.00259596
0.00424757
0.0100398
0.013731
0.0152329
0.0149847
0.0133417
0.0099503
0.00409319
-0.0044279
-0.0144642
-0.0236471
-0.0294007
-0.0301511
-0.0260105
-0.0185989
-0.0102817
-0.00317772
0.00140467
0.00294661
0.00129976
-0.00379061
-0.0126139
-0.0251239
-0.0404312
-0.0565461
-0.0706379
-0.0797575
-0.0818016
-0.0762919
-0.0645876
-0.0494541
-0.0340265
-0.0207378
-0.01078
-0.00423677
-0.000570823
0.000905185
0.000760626
-0.00064617
-0.00308894
-0.00633818
-0.0100382
-0.0136621
-0.016581
-0.0182073
-0.0181831
-0.0164892
-0.0134681
-0.00972037
-0.00593816
-0.00270121
-0.000338133
0.001142
0.00190739
0.00223209
0.00223068
0.00210394
0.00171634
0.00143418
0.000755168
0.000700885
-0.000380881
0.000626911
-0.00197599
0.0744168
0.0734008
0.0698885
0.0644258
0.0561146
0.0440085
0.0272428
0.00468018
-0.0229847
-0.0543392
-0.0829188
-0.098746
-0.104794
-0.0996144
-0.0818667
-0.0582789
-0.0344847
-0.0146356
-0.00132976
0.00420985
0.00292492
-0.000853865
-0.00224725
0.000413911
0.00562463
0.011469
0.0169508
0.0218307
0.0262772
0.0303803
0.0340658
0.0363358
0.0350753
0.0288578
0.0194252
0.0117209
0.0095501
0.0123145
0.0168327
0.0207581
0.0234422
0.0250678
0.0260002
0.0266128
0.0273337
0.0274651
0.025168
0.0191349
0.0106694
0.00376878
0.00201361
0.00566644
0.0117614
0.0171462
0.0204275
0.0217081
0.0218288
0.0217936
0.021948
0.0212147
0.017806
0.0110877
0.00292021
-0.00307947
-0.00414236
-0.000171552
0.00646427
0.0128662
0.0172278
0.0192478
0.019711
0.0197046
0.0195347
0.0181674
0.0140729
0.00681556
-0.00194255
-0.00898212
-0.0113896
-0.00839985
-0.00164488
0.00603996
0.0123383
0.0162378
0.017955
0.0183777
0.0182979
0.0174689
0.014735
0.00902572
0.000644977
-0.00835574
-0.0149891
-0.0168723
-0.0135019
-0.00642608
0.0017061
0.00859444
0.013094
0.0151557
0.0152466
0.0135968
0.00960218
0.00246463
-0.00775306
-0.0193889
-0.0295832
-0.0354923
-0.0355523
-0.0300547
-0.0209684
-0.0110085
-0.00256792
0.00290915
0.00487169
0.00313648
-0.00262847
-0.0127198
-0.0269665
-0.044235
-0.0622396
-0.077862
-0.0879122
-0.090128
-0.0839794
-0.0709282
-0.0540123
-0.0367296
-0.0218409
-0.0107236
-0.00348604
0.000488204
0.00199429
0.00168703
-2.9507e-05
-0.00289292
-0.00662954
-0.0108237
-0.0148822
-0.0181181
-0.019904
-0.0198719
-0.0180249
-0.0147542
-0.010717
-0.00665038
-0.00316109
-0.000588842
0.00105277
0.00193527
0.00232648
0.00235237
0.0021958
0.00177895
0.00140162
0.000741944
0.000498964
-0.000325573
0.000121075
-0.00137211
0.0783256
0.0774334
0.0743333
0.0693645
0.0615256
0.0496007
0.0323075
0.00777842
-0.0236186
-0.0612136
-0.0956906
-0.113202
-0.119745
-0.113117
-0.0904932
-0.0612173
-0.0324915
-0.00936031
0.00517516
0.00953818
0.00490363
-0.00261897
-0.00614257
-0.00358548
0.00247757
0.00919676
0.0152822
0.0205272
0.0252193
0.0294744
0.0331971
0.0354661
0.033781
0.0259909
0.0137963
0.00361698
0.00113127
0.00566299
0.0123008
0.0176416
0.020985
0.0227063
0.0233318
0.0235114
0.0240493
0.0241515
0.0214431
0.0142382
0.00419159
-0.0038458
-0.0056028
-0.000812476
0.00695879
0.0137902
0.0178695
0.0193364
0.0193566
0.019273
0.0194215
0.0183779
0.0140439
0.00588922
-0.00371783
-0.0105274
-0.0113863
-0.00630702
0.00180955
0.00951496
0.0147258
0.0171632
0.0178112
0.0179218
0.0177039
0.015858
0.0107097
0.0020104
-0.00814301
-0.0160695
-0.0185545
-0.0148147
-0.00678563
0.0022263
0.00956215
0.0141277
0.0162493
0.0169399
0.0169802
0.0159254
0.0124577
0.00555822
-0.00417253
-0.0142927
-0.0214929
-0.0232387
-0.0190585
-0.0107325
-0.00125027
0.00680405
0.0121783
0.0148584
0.0153241
0.0136371
0.00893531
0.00038958
-0.0115954
-0.0248034
-0.0359066
-0.0418482
-0.0411187
-0.0342253
-0.0234659
-0.0118926
-0.00214974
0.00419637
0.00655055
0.00465663
-0.00186914
-0.0132658
-0.0291815
-0.0482483
-0.067952
-0.0849519
-0.0958506
-0.0982331
-0.0915085
-0.0772164
-0.0586283
-0.039571
-0.0231212
-0.0108503
-0.00290469
0.00140149
0.00296198
0.00250684
0.000481128
-0.0028082
-0.00703026
-0.011702
-0.0161674
-0.0196907
-0.0216137
-0.021559
-0.0195493
-0.0160232
-0.0116965
-0.00735263
-0.00362299
-0.000852245
0.000946687
0.0019491
0.00241132
0.00246657
0.00227742
0.00183152
0.00135452
0.000727543
0.000266861
-0.000240784
-0.000536211
-0.000522123
0.0825996
0.0818674
0.0793005
0.0750074
0.0678879
0.0564323
0.0388146
0.0121923
-0.0237389
-0.069803
-0.112138
-0.131633
-0.139272
-0.131037
-0.101684
-0.0647629
-0.0296954
-0.00244275
0.013541
0.0161285
0.00668779
-0.00617772
-0.0124588
-0.00959564
-0.00199917
0.00603569
0.0128836
0.0184799
0.0232561
0.0271845
0.0303048
0.032249
0.0303834
0.0218082
0.00719554
-0.00615167
-0.00977987
-0.00333141
0.00617222
0.0134983
0.0176838
0.0193906
0.0194992
0.0191744
0.019587
0.0196693
0.0163726
0.00771728
-0.00411817
-0.0133236
-0.0149161
-0.00868348
0.00105834
0.00954051
0.0145095
0.0161791
0.0161138
0.0160179
0.0161668
0.0147543
0.00940736
-0.000238958
-0.0113036
-0.018936
-0.0195837
-0.0133266
-0.00360906
0.00550009
0.0116074
0.0144841
0.0153427
0.0155884
0.0153066
0.0129431
0.00671942
-0.00339861
-0.0148943
-0.0236636
-0.0262173
-0.0217423
-0.0124466
-0.00209647
0.00628975
0.0115264
0.0140572
0.0150222
0.0151774
0.0138796
0.00967497
0.0016253
-0.00937323
-0.0205181
-0.028214
-0.029799
-0.0248344
-0.01531
-0.00452524
0.00466863
0.010915
0.0142283
0.0150774
0.0133201
0.00785966
-0.00210332
-0.0157669
-0.0303696
-0.0421802
-0.0480058
-0.0464392
-0.0382115
-0.0259244
-0.0129198
-0.00204039
0.0050549
0.00771464
0.00558582
-0.00170883
-0.0142867
-0.0315996
-0.0521119
-0.0731777
-0.0913024
-0.102909
-0.105435
-0.0982305
-0.0829013
-0.0629029
-0.0423259
-0.0245116
-0.0112062
-0.00260127
0.00203798
0.00367847
0.00310371
0.000795645
-0.00288444
-0.00753825
-0.012617
-0.0174155
-0.0211653
-0.0231881
-0.0230988
-0.0209341
-0.0171737
-0.0125873
-0.00800121
-0.00406661
-0.00112582
0.000813858
0.00193034
0.00246249
0.00254693
0.00232738
0.00186304
0.00129846
0.000727598
3.7371e-05
-0.000108046
-0.00129864
0.000546691
0.0871757
0.0866453
0.0847502
0.0813557
0.0752778
0.0647199
0.0471582
0.0184981
-0.0228482
-0.080482
-0.133135
-0.153809
-0.162516
-0.15286
-0.115056
-0.0685631
-0.025672
0.00644319
0.0240313
0.0239453
0.00762535
-0.01263
-0.022277
-0.0183871
-0.00827172
0.00167679
0.00949356
0.0154002
0.0198925
0.0226326
0.0243445
0.0257022
0.023957
0.0151151
-0.00151014
-0.017956
-0.0229568
-0.0146694
-0.00176529
0.00810738
0.0133418
0.0149404
0.0143884
0.0135645
0.0139281
0.0139814
0.00998711
-0.000182695
-0.0138024
-0.0241736
-0.0255641
-0.017755
-0.00586719
0.00438336
0.0102841
0.012167
0.0120381
0.0119557
0.0121109
0.0103308
0.00401707
-0.00701113
-0.0194113
-0.0278086
-0.0282693
-0.0208901
-0.00960599
0.000886501
0.00786475
0.0111607
0.0122252
0.0126045
0.0122575
0.00940756
0.00220819
-0.0091662
-0.0218317
-0.031326
-0.0339273
-0.028789
-0.0183466
-0.00677492
0.00256911
0.00840976
0.0113062
0.0125204
0.012779
0.0112606
0.00640433
-0.00263796
-0.014706
-0.0266916
-0.0347641
-0.0361658
-0.0304932
-0.0199168
-0.00799383
0.00220153
0.00922983
0.0131311
0.0143403
0.0124932
0.00630557
-0.00493729
-0.0200219
-0.0357005
-0.047936
-0.0534878
-0.0510938
-0.0417064
-0.0281863
-0.014089
-0.00237371
0.00525322
0.00807809
0.00566509
-0.00229975
-0.0157736
-0.0340475
-0.0555145
-0.0774942
-0.0964015
-0.10851
-0.111129
-0.103566
-0.0874817
-0.0664629
-0.0447754
-0.0259407
-0.0118327
-0.00268411
0.00226034
0.00400237
0.00334999
0.000819496
-0.00316732
-0.00814365
-0.0135078
-0.0185254
-0.0224138
-0.0244856
-0.0243495
-0.0220521
-0.0181039
-0.0133181
-0.0085545
-0.00447471
-0.0014108
0.00063919
0.00185267
0.00244527
0.00255615
0.00231523
0.00185574
0.0012348
0.0007526
-0.00015313
8.37397e-05
-0.00207466
0.00173815
0.0919741
0.0916898
0.0906188
0.0883772
0.0837436
0.0746616
0.0577586
0.0273933
-0.0205008
-0.0942074
-0.160692
-0.18285
-0.194072
-0.18269
-0.132595
-0.0731017
-0.0203394
0.0177579
0.0369466
0.0327542
0.00664985
-0.0244361
-0.0381
-0.0315446
-0.0170353
-0.0041786
0.00490535
0.0109951
0.0145586
0.0151731
0.0151207
0.0160992
0.0147495
0.00532299
-0.013442
-0.0325331
-0.0384553
-0.0281643
-0.0115141
0.00133114
0.00779729
0.00924063
0.0079689
0.00669207
0.0070828
0.0071376
0.00250224
-0.00899295
-0.0241642
-0.0356064
-0.0368553
-0.0275691
-0.0135821
-0.00159411
0.00520158
0.00727764
0.00708768
0.00702706
0.00721212
0.00515322
-0.0019318
-0.014069
-0.0275497
-0.0365806
-0.0368932
-0.0285565
-0.0159012
-0.00419147
0.003533
0.007165
0.00838698
0.00887889
0.00849381
0.00527461
-0.00267369
-0.0150077
-0.0285598
-0.0385938
-0.0412086
-0.0355271
-0.0241603
-0.0116108
-0.00151672
0.00477445
0.00793272
0.00933608
0.00968799
0.00802233
0.002694
-0.00706907
-0.0199019
-0.0324648
-0.0407536
-0.0419515
-0.0356949
-0.0243007
-0.0115175
-0.000574863
0.00704671
0.0114205
0.0129349
0.0110096
0.0042301
-0.00800044
-0.0240912
-0.0404088
-0.0527273
-0.0578502
-0.0547009
-0.0444408
-0.030125
-0.0154199
-0.00329139
0.00456599
0.00738641
0.00469137
-0.00373901
-0.0177022
-0.0363941
-0.0582292
-0.0805774
-0.0998313
-0.112171
-0.11481
-0.107032
-0.0905432
-0.0689992
-0.0467368
-0.0273488
-0.0127675
-0.00325424
0.00193543
0.00379303
0.00312085
0.000464522
-0.00369661
-0.00883822
-0.0143262
-0.0194183
-0.0233345
-0.02539
-0.0251917
-0.0227934
-0.0187251
-0.0138273
-0.00897764
-0.00483507
-0.00171244
0.000403033
0.00168325
0.00231676
0.002448
0.00219989
0.00177613
0.00114344
0.000785057
-0.000291049
0.000317236
-0.00275511
0.0028987
0.0968969
0.0969058
0.096815
0.0960173
0.0933105
0.0865188
0.071228
0.0401174
-0.0154622
-0.112214
-0.196514
-0.215831
-0.230422
-0.219788
-0.154632
-0.0788241
-0.0140175
0.0311169
0.0516694
0.0405774
-0.000247311
-0.0457495
-0.0629617
-0.05076
-0.0290724
-0.011905
-0.00114462
0.00491049
0.00677397
0.00464301
0.00298305
0.00405266
0.00326017
-0.00697656
-0.0277659
-0.0490392
-0.0556023
-0.0432411
-0.0227837
-0.00679724
0.000990013
0.0022656
0.00027361
-0.00140312
-0.000903813
-0.000724751
-0.0057432
-0.0181451
-0.034443
-0.0467492
-0.0479571
-0.0374882
-0.0216982
-0.00819415
-0.000649903
0.00153997
0.00125097
0.00120258
0.0014752
-0.00067422
-0.00819289
-0.0210226
-0.0352148
-0.044682
-0.0448877
-0.0358426
-0.0221548
-0.00954146
-0.00130914
0.00249684
0.0037768
0.00434595
0.00398795
0.000605921
-0.0077465
-0.0206269
-0.0346894
-0.0450214
-0.0476035
-0.0415372
-0.0295535
-0.016382
-0.00585684
0.000640758
0.00389293
0.00539265
0.00583623
0.00415137
-0.00138035
-0.0114924
-0.0246962
-0.0375088
-0.0458216
-0.0467985
-0.0401228
-0.0282212
-0.0149574
-0.00363118
0.00429659
0.00895506
0.0106893
0.00874592
0.00162053
-0.0111622
-0.027714
-0.044146
-0.0561688
-0.0607253
-0.0569544
-0.0462105
-0.0316623
-0.0169552
-0.00492881
0.00280512
0.0054564
0.00253906
-0.00607309
-0.0200508
-0.038562
-0.0601117
-0.0821953
-0.101271
-0.113506
-0.116078
-0.108263
-0.0917853
-0.0702952
-0.0480847
-0.0286988
-0.0140469
-0.00439965
0.000945584
0.00292564
0.00230843
-0.000343436
-0.00450716
-0.00962201
-0.015044
-0.0200426
-0.0238562
-0.0258166
-0.0255362
-0.0230754
-0.0189701
-0.014069
-0.00924611
-0.00514097
-0.00203822
8.47636e-05
0.00138849
0.00203377
0.00217437
0.00193286
0.00157361
0.000978203
0.000774454
-0.000395597
0.000542953
-0.00324953
0.00385904
0.101827
0.10217
0.103211
0.104138
0.103921
0.10036
0.088072
0.0578026
-0.00742444
-0.135575
-0.245608
-0.263041
-0.282917
-0.272045
-0.183885
-0.0861181
-0.00646025
0.0464162
0.0670589
0.0493273
-0.00894486
-0.0744651
-0.099921
-0.0791909
-0.0456629
-0.0217973
-0.00876809
-0.00306208
-0.00360948
-0.00869967
-0.0116378
-0.00991867
-0.00990586
-0.0205983
-0.042722
-0.0656267
-0.0728215
-0.0588026
-0.0349464
-0.0160137
-0.00697942
-0.00589841
-0.00860209
-0.0106388
-0.00992857
-0.00938595
-0.0143421
-0.0270523
-0.0439083
-0.0567699
-0.0580317
-0.0468034
-0.0297228
-0.0151201
-0.00710348
-0.00496123
-0.00543953
-0.00549761
-0.00503621
-0.00699355
-0.0144914
-0.0274875
-0.0419363
-0.0515911
-0.0517263
-0.0422781
-0.028007
-0.0149323
-0.00654198
-0.002807
-0.00161869
-0.00101584
-0.00124052
-0.00449908
-0.0128157
-0.0257411
-0.0398704
-0.0502186
-0.0527128
-0.0464459
-0.0342141
-0.0208639
-0.0103204
-0.00394271
-0.000823607
0.000653337
0.0012
-0.0003257
-0.00571915
-0.0157326
-0.0288494
-0.0415392
-0.0496629
-0.0504064
-0.0435088
-0.0314687
-0.0181847
-0.0069301
0.000930006
0.00562188
0.00747462
0.00561921
-0.00150701
-0.0142919
-0.030667
-0.0466349
-0.0579697
-0.061847
-0.0576457
-0.0468948
-0.0327753
-0.0187517
-0.00739287
-0.000149888
0.00219463
-0.000839486
-0.0093083
-0.0228044
-0.0405177
-0.0610893
-0.0822137
-0.100522
-0.112278
-0.114692
-0.107048
-0.0910477
-0.0702439
-0.0487631
-0.0299818
-0.0157041
-0.00618764
-0.000798865
0.00130509
0.000831366
-0.00166074
-0.005629
-0.010503
-0.0156506
-0.0203704
-0.0239361
-0.0257127
-0.0253281
-0.0228479
-0.0187999
-0.0140177
-0.00934767
-0.0053904
-0.00239488
-0.000331871
0.000942166
0.00156325
0.00169737
0.00147112
0.00119821
0.00068957
0.00066417
-0.000497991
0.000703055
-0.00349863
0.00447889
0.10663
0.107343
0.109634
0.112581
0.115428
0.116458
0.109152
0.0839543
0.00687843
-0.174336
-0.306808
-0.307676
-0.341948
-0.340649
-0.224074
-0.0978007
-3.38679e-05
0.0562709
0.07345
0.0541865
-0.0117235
-0.0924455
-0.136218
-0.114165
-0.067332
-0.0342822
-0.0181132
-0.0129873
-0.0164477
-0.0244556
-0.028238
-0.0252453
-0.0238931
-0.0341908
-0.0565787
-0.0803737
-0.0882694
-0.0734117
-0.0470885
-0.0258194
-0.0158287
-0.0150456
-0.018493
-0.0208699
-0.0198102
-0.0185503
-0.0228578
-0.0351648
-0.0519248
-0.0649615
-0.0663414
-0.0548359
-0.0371257
-0.0220076
-0.0139241
-0.0120816
-0.012892
-0.0129868
-0.0121917
-0.0135998
-0.0205443
-0.0331149
-0.0473165
-0.0568782
-0.0569712
-0.0474526
-0.0331162
-0.0201161
-0.0120104
-0.00866464
-0.00775899
-0.00716759
-0.00711618
-0.00990557
-0.0176845
-0.0301026
-0.0438187
-0.05388
-0.0562257
-0.0499557
-0.0378788
-0.0248476
-0.014764
-0.0088951
-0.00618083
-0.00486264
-0.00418751
-0.00533769
-0.010203
-0.0196252
-0.0321623
-0.0443352
-0.0520486
-0.0525522
-0.0456506
-0.0338775
-0.0210864
-0.0104224
-0.00306777
0.00135942
0.00322144
0.00159905
-0.00511018
-0.0172731
-0.0327844
-0.0476912
-0.0579553
-0.0610737
-0.0566844
-0.0464667
-0.0334916
-0.0208639
-0.0107395
-0.00433663
-0.00240724
-0.00542699
-0.0134176
-0.0259451
-0.0422548
-0.0611551
-0.0806105
-0.0975425
-0.108435
-0.110609
-0.103364
-0.0883284
-0.0688561
-0.0487877
-0.0312168
-0.0177649
-0.00865701
-0.00335082
-0.00112766
-0.00136318
-0.00352566
-0.0070851
-0.0114914
-0.0161458
-0.020393
-0.0235596
-0.0250606
-0.0245506
-0.0220981
-0.0182068
-0.0136707
-0.00928212
-0.00558385
-0.00278425
-0.00085238
0.000334322
0.000891885
0.00100268
0.000800187
0.000631321
0.000259594
0.000427905
-0.000610995
0.000761129
-0.00346356
0.00466661
0.111157
0.112252
0.115875
0.120997
0.127536
0.134116
0.134866
0.117437
0.0278447
-0.203335
-0.414146
-0.386714
-0.431009
-0.43947
-0.277949
-0.113156
0.00174725
0.0490866
0.0588823
0.0304132
-0.021853
-0.102113
-0.162708
-0.148175
-0.0915766
-0.0488004
-0.0290119
-0.0246711
-0.0313513
-0.0421947
-0.0463096
-0.041285
-0.0377332
-0.0465159
-0.0679673
-0.0917795
-0.100384
-0.0856452
-0.0581626
-0.0355378
-0.0251132
-0.0248553
-0.0291498
-0.0318678
-0.0302718
-0.0278524
-0.0308506
-0.042008
-0.0579984
-0.070797
-0.0723199
-0.0610181
-0.0434072
-0.0284651
-0.0208252
-0.0196153
-0.0209425
-0.0210992
-0.0197906
-0.0202494
-0.0260774
-0.0376163
-0.0510592
-0.0602383
-0.0603075
-0.0510511
-0.0371904
-0.0248495
-0.0175303
-0.0149424
-0.0145363
-0.0139979
-0.0135024
-0.0154465
-0.0221644
-0.0335135
-0.0463344
-0.0558058
-0.0579417
-0.0518653
-0.0403513
-0.0281541
-0.0190384
-0.0141
-0.012086
-0.0110684
-0.0102279
-0.0107665
-0.0146962
-0.0230252
-0.0344884
-0.0457535
-0.0528414
-0.053105
-0.0464244
-0.0353347
-0.0235683
-0.0140412
-0.00766203
-0.00382216
-0.00206232
-0.00328454
-0.00912368
-0.0200144
-0.0339715
-0.0472391
-0.0560828
-0.0583995
-0.054105
-0.0449903
-0.0338739
-0.0233224
-0.0149584
-0.00971344
-0.00829033
-0.0111582
-0.0183437
-0.0294405
-0.0437801
-0.0603622
-0.0774826
-0.092464
-0.102131
-0.103996
-0.0973836
-0.0837852
-0.0662568
-0.0482393
-0.0324416
-0.0202392
-0.0118121
-0.00672463
-0.00439713
-0.00430168
-0.00595834
-0.00888729
-0.0125933
-0.0165347
-0.0201193
-0.022742
-0.0238821
-0.0232294
-0.0208529
-0.0172157
-0.0130471
-0.00905918
-0.00572133
-0.00319977
-0.0014672
-0.00042332
3.49242e-05
0.000109538
-5.26585e-05
-9.61905e-05
-0.000281392
8.51366e-05
-0.000717339
0.000712753
-0.00312189
0.00437546
0.115249
0.116726
0.121658
0.129093
0.139662
0.153613
0.166181
0.1732
0.070986
-0.195103
-0.47567
-0.428105
-0.540159
-0.579525
-0.36105
-0.138711
-0.0128876
0.0125033
0.00800236
-0.0143368
-0.0446152
-0.113608
-0.181094
-0.17684
-0.115614
-0.0643411
-0.0410564
-0.0377032
-0.047768
-0.0613725
-0.065215
-0.057237
-0.0504272
-0.0565509
-0.0759446
-0.0988966
-0.108098
-0.0943671
-0.0671739
-0.0444134
-0.0342766
-0.0349083
-0.040227
-0.0432884
-0.0409337
-0.0368696
-0.0379005
-0.0472077
-0.0618047
-0.0739629
-0.0756166
-0.0649491
-0.0481535
-0.0341152
-0.0274893
-0.027297
-0.0293483
-0.0295846
-0.0275646
-0.0266694
-0.0308401
-0.04078
-0.0529879
-0.0615114
-0.0615648
-0.0528764
-0.0400104
-0.0289112
-0.0228958
-0.0214524
-0.0217683
-0.0213174
-0.0202013
-0.0209275
-0.0260831
-0.0358355
-0.0473129
-0.0559135
-0.057782
-0.0520819
-0.0415144
-0.030644
-0.0229931
-0.0194049
-0.0183846
-0.0178041
-0.0167552
-0.0164485
-0.0190512
-0.025813
-0.0357404
-0.0457359
-0.0520026
-0.0520325
-0.045791
-0.035784
-0.0255545
-0.0176967
-0.0127576
-0.0098277
-0.0082811
-0.00893704
-0.0134613
-0.022454
-0.0342101
-0.045317
-0.0524477
-0.0539568
-0.0500636
-0.0426044
-0.0339957
-0.0261159
-0.019972
-0.0161752
-0.0153481
-0.0179341
-0.0240025
-0.0332389
-0.0451052
-0.0588152
-0.0730374
-0.0855808
-0.0937184
-0.0952253
-0.0894602
-0.0777194
-0.0626674
-0.047246
-0.0336981
-0.0231131
-0.0156227
-0.0109015
-0.00849948
-0.00798704
-0.00895979
-0.0110329
-0.0138067
-0.0168252
-0.019575
-0.0215291
-0.0222379
-0.0214322
-0.0191775
-0.0158809
-0.0121834
-0.00869482
-0.00579999
-0.00362539
-0.00215167
-0.00129826
-0.000964643
-0.000927119
-0.00102121
-0.0009127
-0.00086726
-0.000311106
-0.000781769
0.000577747
-0.0024764
0.00360534
0.11875
0.120562
0.126704
0.136219
0.151082
0.171822
0.202818
0.201296
0.163043
-0.233628
-0.629429
-0.464442
-0.541847
-0.69435
-0.445754
-0.184432
-0.0663833
-0.0427406
-0.0615018
-0.057712
-0.0674268
-0.120068
-0.185711
-0.192673
-0.134625
-0.0788201
-0.0532773
-0.0513534
-0.0649642
-0.0812429
-0.0841112
-0.0721424
-0.0610245
-0.0635495
-0.0800214
-0.101352
-0.110931
-0.0988866
-0.0733381
-0.0517231
-0.0427146
-0.0447079
-0.0512801
-0.0546848
-0.0513196
-0.0451395
-0.0436262
-0.0505057
-0.0631979
-0.074366
-0.0761096
-0.0664216
-0.0510746
-0.0386292
-0.0335883
-0.0348094
-0.0377898
-0.0381129
-0.0351863
-0.0325702
-0.0346164
-0.0424788
-0.053051
-0.0606828
-0.0607208
-0.0528581
-0.0414422
-0.0321143
-0.0278877
-0.0279549
-0.0291995
-0.0288617
-0.0269587
-0.0261332
-0.02929
-0.0369942
-0.0467466
-0.0542376
-0.0557897
-0.0506221
-0.0413325
-0.0322226
-0.0264814
-0.0246234
-0.0248622
-0.0248393
-0.0235402
-0.0221795
-0.0231129
-0.0278978
-0.0358929
-0.0443108
-0.0495939
-0.0494019
-0.0437951
-0.0352244
-0.026986
-0.0212729
-0.0181948
-0.0164732
-0.0152493
-0.015199
-0.0180165
-0.0245604
-0.0335573
-0.0420743
-0.0472772
-0.048013
-0.0448195
-0.0394937
-0.0339175
-0.0291819
-0.0256433
-0.0235675
-0.0234375
-0.0256295
-0.0302887
-0.0372723
-0.0462414
-0.0566541
-0.0675657
-0.0773174
-0.0837057
-0.0848315
-0.0800924
-0.0705416
-0.0583743
-0.045956
-0.035015
-0.0263447
-0.0200307
-0.0158362
-0.0134063
-0.0123969
-0.0125089
-0.0135025
-0.0151214
-0.0170271
-0.0187994
-0.0199911
-0.0202212
-0.0192609
-0.017167
-0.0142782
-0.0111278
-0.00820732
-0.00581356
-0.00403814
-0.00287112
-0.00224424
-0.00204693
-0.00203286
-0.00202294
-0.00173532
-0.001427
-0.000701552
-0.000773949
0.00038638
-0.0015683
0.00241073
0.121518
0.123599
0.130674
0.141988
0.160199
0.188535
0.233476
0.267288
0.310695
-0.2174
-0.476374
-0.559155
-0.704099
-0.496056
-0.238573
-0.137531
-0.121975
-0.126556
-0.0930595
-0.0833809
-0.120325
-0.178804
-0.194034
-0.145005
-0.0898677
-0.0642494
-0.0645437
-0.0819533
-0.100756
-0.101858
-0.0848967
-0.0686839
-0.0670646
-0.0801274
-0.0992927
-0.108972
-0.0990123
-0.0761844
-0.0568736
-0.0498386
-0.0537079
-0.0617715
-0.0654988
-0.0608742
-0.0521845
-0.047705
-0.0517663
-0.0622039
-0.0721181
-0.0738936
-0.0654242
-0.0520223
-0.0417516
-0.0388041
-0.0417962
-0.0458817
-0.0462869
-0.0422852
-0.0376593
-0.037234
-0.0426729
-0.0513164
-0.0578769
-0.0578928
-0.0510496
-0.041441
-0.0343154
-0.0322828
-0.0341685
-0.0365113
-0.0363035
-0.0334768
-0.0308369
-0.0316615
-0.0369777
-0.0447194
-0.0509213
-0.0521202
-0.0476044
-0.0398495
-0.0328408
-0.0293644
-0.0295431
-0.0312541
-0.0318844
-0.0303014
-0.0277239
-0.0267241
-0.0292189
-0.0349803
-0.0415881
-0.0457688
-0.0453718
-0.0405588
-0.0337063
-0.0278188
-0.0246292
-0.0237534
-0.0234925
-0.0226976
-0.0218494
-0.022662
-0.0263273
-0.0321362
-0.0377555
-0.0409084
-0.0409403
-0.0386989
-0.0358565
-0.0336697
-0.0324087
-0.0317858
-0.0316898
-0.0323749
-0.0340907
-0.0370793
-0.0414629
-0.0471992
-0.0540339
-0.0614032
-0.0681766
-0.0727049
-0.0734541
-0.0698677
-0.0627209
-0.0536842
-0.0445062
-0.0363963
-0.0298691
-0.0249561
-0.0214577
-0.019055
-0.017476
-0.0165569
-0.0162582
-0.0165186
-0.017151
-0.0178404
-0.0182131
-0.0179445
-0.0168378
-0.0149333
-0.0124937
-0.00993167
-0.00761449
-0.00575405
-0.00441313
-0.00358815
-0.00321121
-0.00314937
-0.00313615
-0.00298768
-0.00250058
-0.0019126
-0.001044
-0.0006863
0.000168785
-0.000484553
0.000909193
0.123441
0.125681
0.133332
0.145712
0.166117
0.199046
0.254306
0.318098
0.421619
-0.539494
-0.662231
-0.489105
-0.276961
-0.206909
-0.21983
-0.181329
-0.11791
-0.0900952
-0.112435
-0.161948
-0.182099
-0.145037
-0.0954689
-0.0723593
-0.0759217
-0.0974583
-0.118483
-0.117023
-0.0943467
-0.0727563
-0.066957
-0.0765396
-0.0932571
-0.102745
-0.0949993
-0.0755837
-0.0594647
-0.0551308
-0.0613441
-0.071093
-0.0750922
-0.0689974
-0.0575458
-0.0498932
-0.0509746
-0.0589985
-0.0675024
-0.0692466
-0.0621215
-0.0509902
-0.0433139
-0.0428474
-0.0478828
-0.0531954
-0.0536671
-0.0484711
-0.0416596
-0.0385716
-0.0414032
-0.0479562
-0.0533388
-0.0533214
-0.0476137
-0.0400459
-0.0354182
-0.035865
-0.0397851
-0.043341
-0.0432716
-0.0394307
-0.034812
-0.0331037
-0.0358315
-0.0413937
-0.0461996
-0.0470237
-0.0432349
-0.0371785
-0.032493
-0.0315169
-0.0339362
-0.0372611
-0.0386091
-0.0367225
-0.0328279
-0.0297328
-0.029746
-0.0330897
-0.0377477
-0.0407603
-0.0401786
-0.0362704
-0.0313233
-0.0280224
-0.0276065
-0.0291666
-0.0305538
-0.0302874
-0.0286139
-0.027249
-0.0277653
-0.0301185
-0.0326739
-0.0337512
-0.0331699
-0.0320518
-0.0318771
-0.0332477
-0.035644
-0.0381672
-0.0402841
-0.0419167
-0.0431179
-0.0442292
-0.0457285
-0.0479878
-0.051107
-0.0548859
-0.0586743
-0.0613533
-0.0617603
-0.0593891
-0.0547188
-0.0488753
-0.0429987
-0.0378201
-0.0336045
-0.0302987
-0.0276603
-0.0253403
-0.0231236
-0.0210191
-0.0192402
-0.01797
-0.0172062
-0.0167475
-0.0162828
-0.0155234
-0.0142883
-0.0125892
-0.0106115
-0.0086436
-0.00693275
-0.00561501
-0.00472876
-0.00426907
-0.00415424
-0.0042197
-0.00418494
-0.00387374
-0.00317726
-0.00230806
-0.00132091
-0.000537921
-4.94045e-05
0.000646931
-0.00072011
0.12445
0.126723
0.134498
0.14709
0.167846
0.201455
0.257805
0.334438
0.495249
-0.469509
-0.519324
-0.383953
-0.273336
-0.273778
-0.296803
-0.217124
-0.128622
-0.0873931
-0.0975792
-0.137845
-0.159611
-0.134839
-0.0943722
-0.0761159
-0.0840162
-0.109956
-0.132702
-0.128016
-0.0994494
-0.0728774
-0.0633925
-0.0697968
-0.0840344
-0.0930803
-0.0874449
-0.0717208
-0.0593158
-0.0581843
-0.067073
-0.0786046
-0.0827912
-0.0750923
-0.0608238
-0.0500461
-0.0482311
-0.0538771
-0.0609284
-0.062583
-0.0568194
-0.0480992
-0.04324
-0.0454748
-0.0527013
-0.0592889
-0.0598031
-0.0533626
-0.0443288
-0.0385651
-0.0387831
-0.0432249
-0.0473964
-0.0473345
-0.0428004
-0.0373701
-0.0353761
-0.038438
-0.0444918
-0.0493082
-0.0493787
-0.0444921
-0.0378468
-0.0335563
-0.0336504
-0.0369928
-0.0403745
-0.0408194
-0.0377854
-0.0334888
-0.0312137
-0.0328328
-0.0375749
-0.0425706
-0.0446653
-0.0424743
-0.0372358
-0.0319998
-0.0294772
-0.0303515
-0.0330232
-0.0348592
-0.0341161
-0.031167
-0.0282032
-0.0275807
-0.0300387
-0.0341414
-0.0372858
-0.0376348
-0.0351787
-0.0316081
-0.0288893
-0.0277023
-0.0271772
-0.0262444
-0.0251436
-0.0252153
-0.0277128
-0.0326186
-0.0387059
-0.0445079
-0.049019
-0.0517316
-0.0524364
-0.0515527
-0.0499781
-0.0486166
-0.0480098
-0.0483118
-0.0492733
-0.0502295
-0.0503558
-0.0491911
-0.0469237
-0.0441602
-0.0414937
-0.0392472
-0.0374573
-0.0359298
-0.0342889
-0.0320942
-0.0291809
-0.025766
-0.0223611
-0.0194352
-0.0171971
-0.0155658
-0.0142798
-0.0130614
-0.0117218
-0.0102337
-0.00870413
-0.00730535
-0.00617802
-0.00539437
-0.00496999
-0.00488752
-0.00503804
-0.00522074
-0.00514874
-0.00466485
-0.00375912
-0.00262038
-0.00153306
-0.000365641
-0.000246956
0.00167718
-0.00225613
0.12453
0.12671
0.134147
0.146079
0.165304
0.195541
0.243583
0.311003
0.430699
-0.383405
-0.392989
-0.330416
-0.241568
-0.246382
-0.331361
-0.335073
-0.226416
-0.125382
-0.0775888
-0.0783501
-0.109672
-0.130531
-0.116444
-0.0865169
-0.074545
-0.0875028
-0.117863
-0.14166
-0.133355
-0.0994676
-0.069049
-0.0568227
-0.0606091
-0.0725235
-0.0809367
-0.077151
-0.0650241
-0.0564597
-0.0587311
-0.0704151
-0.0836889
-0.0879488
-0.0786273
-0.0617232
-0.0481364
-0.0437399
-0.0472192
-0.0528812
-0.0544011
-0.0499226
-0.0435743
-0.0415435
-0.0465056
-0.0559201
-0.0637445
-0.0642726
-0.0566203
-0.0454806
-0.0372123
-0.0349848
-0.0374312
-0.0404376
-0.0403205
-0.0369202
-0.0335846
-0.0341906
-0.0398389
-0.0479954
-0.0540458
-0.054252
-0.0483541
-0.0397599
-0.0329953
-0.0305678
-0.0317791
-0.0337885
-0.0338683
-0.0315693
-0.0289894
-0.0290712
-0.0332316
-0.0402485
-0.0468813
-0.0497137
-0.047239
-0.0407082
-0.0334073
-0.0284369
-0.026926
-0.0276808
-0.0283908
-0.0275115
-0.0255158
-0.0244971
-0.0264933
-0.0317674
-0.038385
-0.0433092
-0.0443406
-0.0412109
-0.0355534
-0.0297071
-0.0250864
-0.0216123
-0.0188146
-0.0172761
-0.0184919
-0.0234927
-0.031734
-0.0413943
-0.0504835
-0.0574826
-0.0613836
-0.0616708
-0.058797
-0.0540967
-0.049091
-0.0448587
-0.0419188
-0.0403345
-0.0397827
-0.0397059
-0.0396731
-0.0396104
-0.0396775
-0.0400198
-0.0406297
-0.0413181
-0.04168
-0.0411243
-0.0390769
-0.0354243
-0.0306197
-0.0255033
-0.0208578
-0.0171202
-0.0143321
-0.0122689
-0.0106402
-0.00922604
-0.0079432
-0.00682809
-0.00595141
-0.00536712
-0.00509584
-0.00512893
-0.00542463
-0.00583646
-0.00612695
-0.00600962
-0.0053559
-0.00424904
-0.00286432
-0.00168874
-0.000209856
-0.000405918
0.00246769
-0.00347384
0.123724
0.125691
0.132416
0.142907
0.15936
0.18298
0.218588
0.262421
0.281786
-0.237704
-0.386911
-0.338006
-0.195415
-0.137965
-0.229489
-0.347751
-0.327738
-0.209986
-0.111753
-0.0641074
-0.05785
-0.080343
-0.0985287
-0.0925817
-0.0728099
-0.0673739
-0.085456
-0.119799
-0.143804
-0.131958
-0.0941809
-0.0616923
-0.0479438
-0.049777
-0.0596221
-0.0672765
-0.0649932
-0.0560812
-0.0511152
-0.0566602
-0.0710029
-0.0858183
-0.0900209
-0.0792043
-0.0600987
-0.0442687
-0.0377949
-0.0394523
-0.0438728
-0.0452303
-0.0418886
-0.0377156
-0.038321
-0.0458353
-0.0572746
-0.0662085
-0.066722
-0.0579813
-0.0450054
-0.0345755
-0.0302259
-0.030911
-0.0328648
-0.0326866
-0.0303149
-0.0289028
-0.0319108
-0.0399521
-0.0500483
-0.0572316
-0.0575657
-0.0507589
-0.0404166
-0.0314358
-0.0267445
-0.0260318
-0.0267941
-0.026541
-0.0249153
-0.0239117
-0.0261625
-0.0326654
-0.0417809
-0.0499283
-0.0534528
-0.0507363
-0.0430412
-0.0338684
-0.0266731
-0.0229897
-0.0219973
-0.0216877
-0.0206992
-0.0195932
-0.0203696
-0.0247786
-0.0326583
-0.0416317
-0.048271
-0.0500285
-0.0463852
-0.0388918
-0.0302096
-0.0224465
-0.0162941
-0.0118413
-0.00992902
-0.0121415
-0.0193268
-0.0305447
-0.0435053
-0.0557405
-0.0652013
-0.070349
-0.0703443
-0.0656259
-0.0579252
-0.0494039
-0.0417521
-0.0358851
-0.0321056
-0.0303068
-0.0301062
-0.0310805
-0.0329429
-0.0355092
-0.0385906
-0.0419153
-0.045055
-0.0473314
-0.0478816
-0.0459804
-0.0415714
-0.0353582
-0.0285208
-0.0221658
-0.016963
-0.0130735
-0.0102988
-0.00831738
-0.00685729
-0.00577
-0.00502415
-0.00461068
-0.00451879
-0.00472841
-0.00520338
-0.00586699
-0.00652886
-0.00691753
-0.00675212
-0.0059399
-0.00464685
-0.00305129
-0.00179598
-0.000102437
-0.000512087
0.00292349
-0.00419481
0.122114
0.123797
0.129498
0.138197
0.150818
0.168228
0.186605
0.203616
0.166326
-0.163844
-0.468612
-0.369715
-0.255595
-0.141735
-0.11905
-0.24163
-0.33883
-0.292823
-0.179903
-0.0939466
-0.0504045
-0.0388614
-0.0525588
-0.0669453
-0.0661814
-0.05489
-0.055143
-0.0776436
-0.115006
-0.138312
-0.123519
-0.0840295
-0.0516262
-0.0376214
-0.0381155
-0.0461475
-0.0529653
-0.0518131
-0.0455557
-0.0436509
-0.0520276
-0.0686294
-0.0846296
-0.0886482
-0.0766273
-0.0559918
-0.0386839
-0.0307609
-0.031018
-0.0343989
-0.0355848
-0.0331863
-0.0308692
-0.0337426
-0.043448
-0.0565972
-0.066431
-0.0669073
-0.0572906
-0.0428878
-0.0307828
-0.0247532
-0.0239996
-0.0250655
-0.0248278
-0.0233291
-0.0235624
-0.0286303
-0.0387219
-0.0504738
-0.0586217
-0.0590732
-0.0515226
-0.0397438
-0.0289342
-0.0223583
-0.0200257
-0.0197271
-0.0191902
-0.0181427
-0.0184926
-0.0226071
-0.0311246
-0.0420475
-0.0515063
-0.0556443
-0.0527469
-0.0440837
-0.033335
-0.0242549
-0.0187216
-0.0162378
-0.015063
-0.0139949
-0.0136649
-0.0159887
-0.022476
-0.0326159
-0.0436677
-0.0518754
-0.0543731
-0.0504116
-0.0414377
-0.0303674
-0.0199162
-0.0114792
-0.00563694
-0.00340024
-0.00638332
-0.0153157
-0.0290142
-0.0448501
-0.0599295
-0.0716872
-0.078067
-0.0779224
-0.0716347
-0.0612502
-0.0495219
-0.0387722
-0.0303458
-0.0247434
-0.0219647
-0.0217081
-0.0235364
-0.0270094
-0.031709
-0.0372168
-0.0430453
-0.048511
-0.0526231
-0.0542264
-0.0524503
-0.0473016
-0.0397318
-0.0312494
-0.0232758
-0.0167053
-0.0118091
-0.00840554
-0.00613182
-0.00465179
-0.00374649
-0.00332131
-0.00330865
-0.00365363
-0.00430463
-0.00519451
-0.00620413
-0.00709661
-0.00757127
-0.00735721
-0.00640295
-0.00494559
-0.00318515
-0.00185914
-5.96817e-05
-0.000556311
0.00301523
-0.00433093
0.119824
0.121164
0.125704
0.132303
0.141194
0.151613
0.158334
0.151405
0.0792402
-0.126173
-0.317385
-0.284858
-0.234073
-0.142502
-0.130473
-0.23177
-0.289031
-0.235263
-0.143836
-0.0758988
-0.0382371
-0.0229278
-0.027962
-0.037846
-0.0394775
-0.034594
-0.0390933
-0.0646731
-0.1036
-0.125406
-0.108719
-0.0701307
-0.03996
-0.0267805
-0.0263866
-0.0327934
-0.0387214
-0.0383499
-0.0341177
-0.0345464
-0.0450615
-0.0632934
-0.0799946
-0.0837323
-0.0709579
-0.0496509
-0.0317499
-0.0230504
-0.0223423
-0.0249046
-0.0259262
-0.0242595
-0.0234002
-0.0280402
-0.0394243
-0.053842
-0.0643001
-0.0647277
-0.0545273
-0.0392177
-0.0260243
-0.018829
-0.0170092
-0.0173863
-0.0170987
-0.0162863
-0.0178103
-0.024484
-0.0361625
-0.0491864
-0.0580744
-0.0586327
-0.0505566
-0.0377419
-0.0255889
-0.017594
-0.0140116
-0.0128818
-0.0121252
-0.0115391
-0.0129598
-0.0185419
-0.0286432
-0.0409887
-0.0514892
-0.0561344
-0.0531328
-0.043753
-0.0318058
-0.0212705
-0.014292
-0.0106359
-0.0087875
-0.00767274
-0.0079687
-0.0115178
-0.0196481
-0.0315947
-0.0443508
-0.0539095
-0.0571339
-0.0530624
-0.0430316
-0.030135
-0.0175761
-0.00734805
-0.000430361
0.00208318
-0.00139867
-0.0115588
-0.0271297
-0.0452773
-0.0627473
-0.0765039
-0.084026
-0.0838915
-0.0764029
-0.0638203
-0.0493775
-0.0359804
-0.0254105
-0.0183521
-0.0148387
-0.0145747
-0.0170941
-0.0218615
-0.0283217
-0.0359086
-0.0439531
-0.051511
-0.0572735
-0.0598081
-0.0581229
-0.0522901
-0.0434881
-0.0335231
-0.0241031
-0.0163248
-0.0105543
-0.00661877
-0.00411188
-0.00263264
-0.00189302
-0.00174151
-0.00206896
-0.00279326
-0.00383866
-0.00510497
-0.00642681
-0.0075217
-0.00806584
-0.00780294
-0.00672711
-0.0051341
-0.00326305
-0.00187893
-8.09302e-05
-0.000536607
0.00278204
-0.00390879
0.116992
0.117977
0.121294
0.125855
0.131233
0.136179
0.134768
0.118445
0.0549729
-0.106685
-0.225559
-0.215044
-0.190336
-0.143372
-0.137189
-0.19384
-0.221573
-0.17998
-0.113945
-0.0614411
-0.0286239
-0.010831
-0.00790421
-0.0126057
-0.0141172
-0.0136168
-0.0210944
-0.0481864
-0.0869614
-0.106546
-0.0892946
-0.0541363
-0.0279031
-0.0162735
-0.0152417
-0.0201149
-0.0251039
-0.0252039
-0.0223959
-0.0243593
-0.0361617
-0.0552335
-0.0720776
-0.0754919
-0.0625458
-0.0415257
-0.0239349
-0.0150947
-0.0138124
-0.0157616
-0.0166377
-0.0154991
-0.0156686
-0.0214959
-0.0339442
-0.0491012
-0.0598662
-0.06025
-0.0498192
-0.034193
-0.0205444
-0.0127164
-0.0102108
-0.0101083
-0.00978985
-0.00946842
-0.0118883
-0.0196438
-0.0323642
-0.0462066
-0.0555708
-0.0562265
-0.0478824
-0.0344921
-0.0215396
-0.0126352
-0.00820372
-0.00649369
-0.00559234
-0.00534389
-0.00751955
-0.0141162
-0.0253008
-0.0386188
-0.0498446
-0.0548706
-0.0518521
-0.0420448
-0.0293302
-0.0178251
-0.00985341
-0.00538
-0.00307147
-0.00194812
-0.00270101
-0.00710817
-0.0163809
-0.0296068
-0.0436231
-0.0542597
-0.0581675
-0.0541925
-0.0435596
-0.029462
-0.0154544
-0.003996
0.00364301
0.00637042
0.00266989
-0.00815737
-0.024912
-0.0446944
-0.0639771
-0.0793258
-0.087833
-0.0878403
-0.079566
-0.0653877
-0.0488768
-0.0334112
-0.021169
-0.0130117
-0.00897617
-0.00873047
-0.0117779
-0.017537
-0.0253874
-0.0346716
-0.0445656
-0.0538792
-0.0610143
-0.0643042
-0.06267
-0.0562458
-0.0464018
-0.0351944
-0.0245734
-0.015804
-0.00932571
-0.00496722
-0.00228348
-0.000818559
-0.000225364
-0.000303546
-0.0009142
-0.00195932
-0.00334487
-0.00493788
-0.00652687
-0.0077876
-0.00838045
-0.00806872
-0.00689568
-0.00520186
-0.00327885
-0.00185401
-0.000151376
-0.000458135
0.00231465
-0.00306242
0.113764
0.114396
0.116533
0.119149
0.12153
0.121845
0.115151
0.0928515
0.0387374
-0.0750497
-0.171279
-0.179818
-0.169284
-0.136545
-0.126404
-0.15827
-0.172913
-0.141731
-0.0924869
-0.0503686
-0.0213054
-0.00250049
0.00657282
0.00772534
0.00821842
0.00649465
-0.00343251
-0.0308537
-0.067613
-0.0842173
-0.0676731
-0.0378716
-0.0165247
-0.00675134
-0.00517535
-0.00853524
-0.0125207
-0.0128324
-0.0109495
-0.013696
-0.0258897
-0.0449421
-0.0613648
-0.0644844
-0.0520187
-0.0322284
-0.0157614
-0.00731099
-0.00575858
-0.00725745
-0.00801068
-0.00722454
-0.00801039
-0.0144279
-0.0272836
-0.0426111
-0.0533527
-0.053717
-0.0434444
-0.0281108
-0.0146274
-0.00666601
-0.00382358
-0.00343895
-0.0031163
-0.00310291
-0.00602256
-0.014313
-0.0274935
-0.0416669
-0.0512264
-0.0519725
-0.0436373
-0.0301564
-0.0169624
-0.00765719
-0.0027704
-0.000729647
0.00023518
0.000263417
-0.00234801
-0.00948649
-0.0212232
-0.0350309
-0.0466401
-0.0519094
-0.0489662
-0.0390388
-0.026011
-0.0140394
-0.00553606
-0.000605105
0.00194512
0.00303337
0.00199247
-0.00289366
-0.0127823
-0.0267239
-0.0415161
-0.0529201
-0.0574395
-0.0537526
-0.0429693
-0.0283088
-0.0135373
-0.0014347
0.00654612
0.00939411
0.0057253
-0.00521398
-0.0224229
-0.0430862
-0.0635173
-0.0799769
-0.0892594
-0.0895156
-0.0808789
-0.0657603
-0.0479241
-0.0310693
-0.0176835
-0.00878391
-0.00440967
-0.00418584
-0.00759831
-0.01406
-0.0229323
-0.0335007
-0.0448117
-0.0554639
-0.0636272
-0.0674624
-0.0658399
-0.0589474
-0.0483028
-0.0361541
-0.0246356
-0.0151367
-0.00814452
-0.00348218
-0.000675278
0.000769303
0.00123944
0.000974088
0.00013378
-0.00117294
-0.00283774
-0.00469751
-0.00649866
-0.00788187
-0.00849975
-0.00814052
-0.00689847
-0.00514357
-0.00322704
-0.0017835
-0.000248
-0.000332751
0.00172622
-0.00198375
0.11028
0.110587
0.111629
0.112543
0.11242
0.109349
0.0992409
0.0750793
0.028459
-0.0575552
-0.131739
-0.144724
-0.142024
-0.124428
-0.118156
-0.135015
-0.139406
-0.114251
-0.0763089
-0.0418657
-0.0159805
0.00265124
0.0151912
0.0219973
0.0255689
0.0236783
0.0112658
-0.0161376
-0.0488743
-0.0614764
-0.0464708
-0.0229557
-0.00657035
0.00141008
0.00349467
0.00163344
-0.00126685
-0.00157105
-0.000252266
-0.00318291
-0.0149478
-0.033157
-0.0486574
-0.0515794
-0.0402266
-0.0224613
-0.00774568
-6.60283e-05
0.0015578
0.000405707
-0.000242603
0.000325761
-0.000721823
-0.00717494
-0.0198021
-0.0347439
-0.0451489
-0.045539
-0.0358152
-0.0213454
-0.00857679
-0.000903044
0.00199006
0.00249047
0.0027863
0.00264467
-0.000414461
-0.00871775
-0.0217879
-0.0358089
-0.0452838
-0.0461175
-0.0380695
-0.0249708
-0.012062
-0.00282149
0.00216785
0.00431366
0.00526074
0.00516746
0.00241448
-0.00481212
-0.016578
-0.030394
-0.042043
-0.0474163
-0.0446395
-0.0348971
-0.0220011
-0.0100466
-0.00144589
0.00360818
0.00619426
0.0071989
0.00602082
0.00101357
-0.00897862
-0.0230746
-0.0381497
-0.0499921
-0.0550276
-0.0517943
-0.0412811
-0.0266628
-0.0117856
0.000394458
0.00833873
0.0111782
0.00772831
-0.00282483
-0.0197692
-0.0405273
-0.0613961
-0.0784448
-0.0882594
-0.0888449
-0.0802488
-0.0648443
-0.0464546
-0.0289385
-0.014976
-0.00569787
-0.00115142
-0.00093602
-0.00454772
-0.0114295
-0.0209562
-0.0323764
-0.0446318
-0.0561608
-0.0649748
-0.0691313
-0.0674859
-0.0602686
-0.0490972
-0.0363469
-0.024271
-0.0143322
-0.00703682
-0.00219655
0.000681105
0.00210528
0.00248085
0.00207214
0.00105411
-0.000454509
-0.00233261
-0.00439117
-0.00634201
-0.00779988
-0.00841819
-0.00801531
-0.00673554
-0.00496207
-0.00310591
-0.0016691
-0.000346252
-0.000177153
0.00112528
-0.000867433
0.106671
0.106687
0.106757
0.106208
0.104087
0.0985109
0.0863427
0.0620239
0.021593
-0.0439312
-0.102334
-0.119815
-0.123505
-0.113948
-0.108352
-0.116042
-0.115142
-0.0944284
-0.0642321
-0.0354999
-0.0123561
0.00547246
0.0191852
0.0293099
0.0354561
0.0344165
0.0205878
-0.00590914
-0.0324876
-0.0401326
-0.0275871
-0.0103861
0.00164566
0.00811185
0.0106231
0.0101705
0.00843624
0.00832856
0.00930924
0.00656798
-0.00413757
-0.0208183
-0.0350171
-0.0378719
-0.0281312
-0.0129187
-0.000332632
0.00635695
0.00795163
0.00710257
0.00655461
0.00699612
0.00595248
-7.92949e-05
-0.0119232
-0.0259853
-0.0357877
-0.0362657
-0.0274445
-0.0143139
-0.00268872
0.0043844
0.00712286
0.00761773
0.00785674
0.00767168
0.00476671
-0.00309632
-0.0155426
-0.0289686
-0.0381047
-0.0390276
-0.0315234
-0.0192291
-0.00705947
0.00172995
0.00653644
0.00860341
0.00945873
0.00931588
0.00666616
-0.000249324
-0.0115683
-0.0249454
-0.0363117
-0.0416571
-0.0391311
-0.029856
-0.0174968
-0.00598856
0.00233471
0.0072285
0.00967361
0.0105441
0.00934739
0.00452625
-0.0051087
-0.0188375
-0.033724
-0.0456779
-0.051117
-0.0484682
-0.0385911
-0.0245507
-0.010155
0.00159776
0.00916155
0.0118383
0.00870999
-0.00106655
-0.0171002
-0.0371892
-0.0577798
-0.0748839
-0.0849698
-0.0859366
-0.0777442
-0.0626652
-0.0444614
-0.0269987
-0.0130241
-0.00372902
0.000829726
0.00105616
-0.00258761
-0.00960945
-0.0194253
-0.0312638
-0.0439872
-0.0559287
-0.0650178
-0.069278
-0.0675815
-0.0601913
-0.0487791
-0.0357812
-0.0234997
-0.0134165
-0.00603102
-0.00113994
0.001756
0.003162
0.0034761
0.00297089
0.00182752
0.00017668
-0.00184674
-0.00403208
-0.00606629
-0.00754936
-0.00814491
-0.00770453
-0.00641927
-0.00466948
-0.00291949
-0.00151616
-0.000425721
-9.81033e-06
0.000594228
0.000128228
0.103055
0.10282
0.102052
0.100303
0.0966255
0.0893255
0.0760341
0.0525954
0.0173963
-0.0340057
-0.0808791
-0.0991734
-0.10563
-0.101655
-0.0981311
-0.101104
-0.09717
-0.0795901
-0.0549787
-0.0307137
-0.0100703
0.00664844
0.0201271
0.0310111
0.038153
0.0376808
0.0252127
0.00300845
-0.016492
-0.0208597
-0.0121581
-0.00051657
0.00815382
0.0134374
0.0162095
0.0169491
0.016417
0.0166746
0.0174506
0.0150195
0.00571046
-0.00899765
-0.0216704
-0.024545
-0.0166566
-0.00418255
0.0061574
0.0117833
0.0133177
0.0127722
0.0123389
0.0127082
0.0118293
0.00653489
-0.00410431
-0.0168992
-0.0259016
-0.0265381
-0.0188949
-0.00743128
0.00277678
0.00905581
0.0115177
0.0119365
0.0120965
0.0119345
0.00938951
0.00231504
-0.00909089
-0.0215532
-0.0301382
-0.0311563
-0.0244121
-0.0132601
-0.00217535
0.00588013
0.0103009
0.0121582
0.0128631
0.0127125
0.0103442
0.00405536
-0.00642075
-0.0189758
-0.0297783
-0.03498
-0.0327774
-0.0242106
-0.0127257
-0.0020094
0.00574518
0.0102643
0.0124332
0.0131221
0.0119851
0.00758441
-0.00131635
-0.0142295
-0.0285061
-0.0402659
-0.0459862
-0.0440128
-0.0350677
-0.0220448
-0.00861222
0.00230353
0.00920916
0.0115717
0.00877847
2.29741e-05
-0.0145927
-0.0333351
-0.0529718
-0.0696112
-0.0797006
-0.08107
-0.0735882
-0.0593698
-0.0420082
-0.0252413
-0.0117678
-0.00278782
0.00163131
0.00188147
-0.00163784
-0.00852826
-0.0182777
-0.030119
-0.0428643
-0.0547919
-0.0638159
-0.0679863
-0.0662183
-0.0588055
-0.0474324
-0.034531
-0.0223808
-0.0124311
-0.00515342
-0.000331141
0.00253059
0.00391824
0.00420497
0.00365252
0.00243829
0.000704467
-0.00139817
-0.00363997
-0.00569271
-0.0071532
-0.00770562
-0.00723465
-0.00597369
-0.00428628
-0.0026778
-0.00133366
-0.000473436
0.000152333
0.000180882
0.000906743
0.09953
0.099085
0.0976162
0.0949008
0.0900459
0.0815875
0.0677942
0.0456631
0.014817
-0.0264739
-0.0646751
-0.0830529
-0.0916286
-0.0913295
-0.0889938
-0.0891409
-0.0836691
-0.0684772
-0.0479254
-0.0271384
-0.00873067
0.00673765
0.019479
0.0298578
0.0368789
0.0372421
0.0281583
0.0119809
-0.0020708
-0.0058897
-0.000867074
0.00682164
0.0131853
0.0175593
0.0203813
0.0219644
0.022548
0.0233082
0.0239901
0.0217979
0.0138582
0.00123332
-0.00980996
-0.0126456
-0.00650694
0.00336067
0.0115576
0.0161578
0.0176312
0.0174037
0.0171177
0.0174485
0.0167935
0.0123855
0.00319916
-0.00808086
-0.0161699
-0.0170253
-0.0107142
-0.00106022
0.00762279
0.0130257
0.0151608
0.0154805
0.0155535
0.015441
0.0133653
0.00729875
-0.00277782
-0.0140084
-0.0218871
-0.0230096
-0.0171809
-0.00739564
0.00238988
0.00954276
0.0134596
0.0150328
0.015551
0.0154066
0.0134235
0.00797314
-0.00137074
-0.0128094
-0.0228263
-0.0277915
-0.025968
-0.0182932
-0.00793013
0.00175305
0.00874512
0.0127523
0.0145585
0.0150278
0.0139882
0.0101568
0.00225967
-0.0094909
-0.0228117
-0.0341114
-0.0399885
-0.0387392
-0.0309404
-0.0192619
-0.0071467
0.0026391
0.00869649
0.0106297
0.00811113
0.00046226
-0.0124217
-0.0292981
-0.0474004
-0.0630975
-0.0729247
-0.0746826
-0.0681448
-0.0552156
-0.0392264
-0.0236762
-0.0111204
-0.00272497
0.00142606
0.00169945
-0.00156879
-0.0080863
-0.0174404
-0.0289047
-0.041279
-0.0528317
-0.0615103
-0.065437
-0.0635894
-0.0562979
-0.0452232
-0.0327303
-0.0210086
-0.0114294
-0.00442414
0.000228127
0.00300603
0.0043688
0.00465656
0.00410482
0.00287621
0.00111845
-0.00100182
-0.00323705
-0.00525068
-0.00664619
-0.00713791
-0.00664256
-0.00543123
-0.00383898
-0.00239586
-0.00113305
-0.000484623
0.000296062
-9.91184e-05
0.00143351
0.09618
0.0955643
0.093522
0.0900519
0.0843312
0.0751458
0.0612566
0.0405763
0.0133488
-0.0206467
-0.052417
-0.0701069
-0.0795152
-0.0814137
-0.0801824
-0.0790529
-0.0730512
-0.0598395
-0.0424172
-0.0244364
-0.00801467
0.00616228
0.0180254
0.0276213
0.0341853
0.0354145
0.0294778
0.0181214
0.00784589
0.00423311
0.00701753
0.0122297
0.0170287
0.0206755
0.0233661
0.0253828
0.0268251
0.0281337
0.0288534
0.0267872
0.0198791
0.00913128
-0.000201483
-0.00273941
0.00197652
0.00954619
0.0158502
0.0195351
0.0209425
0.0210262
0.0209277
0.021251
0.0208013
0.0172629
0.00958282
-9.73157e-05
-0.00724561
-0.00834108
-0.00336012
0.00453485
0.0117334
0.0162658
0.0180739
0.0183076
0.0183038
0.0182393
0.0166521
0.0116751
0.00307083
-0.00677813
-0.0138632
-0.0150983
-0.0102632
-0.00193617
0.0064757
0.0126669
0.0160366
0.0173017
0.0176225
0.0174795
0.015914
0.0114019
0.00335649
-0.00677809
-0.0158595
-0.0205239
-0.0191146
-0.0124452
-0.00334563
0.00517805
0.0113134
0.0147464
0.0161523
0.0163797
0.0154413
0.0122415
0.00549742
-0.00486506
-0.0169803
-0.0276096
-0.0335283
-0.0330102
-0.0264836
-0.0163534
-0.00577293
0.0027146
0.00782749
0.00926792
0.00693003
0.000335018
-0.0107205
-0.0254307
-0.0415765
-0.0559368
-0.0652539
-0.0673476
-0.0618958
-0.0505476
-0.0362994
-0.022329
-0.0109791
-0.0033507
0.000445482
0.000733634
-0.00220229
-0.00816501
-0.0168514
-0.0276141
-0.0392895
-0.0501802
-0.0583024
-0.0618835
-0.0599661
-0.0529347
-0.0423862
-0.0305609
-0.0195014
-0.0104695
-0.00385434
0.00055537
0.00320873
0.00453364
0.00483874
0.00432799
0.00314013
0.00141747
-0.00066292
-0.00283764
-0.00476519
-0.00606212
-0.00648033
-0.00596814
-0.00482834
-0.00335733
-0.00209188
-0.000926759
-0.000461487
0.000413321
-0.00025395
0.00172105
0.0930731
0.0923212
0.0898206
0.085773
0.0794328
0.0698218
0.0560787
0.0368113
0.0125568
-0.0161066
-0.0430451
-0.0598464
-0.0697415
-0.0731826
-0.0729657
-0.0711235
-0.0649809
-0.0532724
-0.0381836
-0.0224121
-0.00768804
0.00527673
0.016255
0.0251205
0.0312369
0.0329994
0.0292197
0.0213222
0.0139128
0.0108969
0.0124996
0.0161819
0.0199101
0.0229798
0.0254399
0.0275444
0.0293963
0.0311376
0.0319811
0.0300511
0.0238998
0.0147984
0.00722731
0.00521731
0.00876252
0.014387
0.0191323
0.0220503
0.0233652
0.0237056
0.0238214
0.0241759
0.0238783
0.0210643
0.0147534
0.00658785
0.000339765
-0.000946142
0.00287217
0.00921707
0.0150768
0.0188019
0.0203093
0.0204877
0.020434
0.0204051
0.0192554
0.0153207
0.00818219
-0.000261133
-0.00653544
-0.00788403
-0.00403069
0.00288475
0.0099785
0.0152393
0.0180747
0.0190466
0.0191835
0.0190298
0.0178558
0.0142752
0.00756657
-0.00119214
-0.00926852
-0.0135987
-0.0126142
-0.00698508
0.00082193
0.00817347
0.0134485
0.0163087
0.0173198
0.0173029
0.0164467
0.0138645
0.00830307
-0.000577326
-0.0113479
-0.0211652
-0.0270247
-0.0272069
-0.0219913
-0.01349
-0.0045253
0.00261589
0.00677462
0.00771151
0.00546555
-0.000220827
-0.00954779
-0.0220383
-0.03602
-0.0487816
-0.0573826
-0.0597253
-0.0553963
-0.0457603
-0.0334357
-0.0212286
-0.0112297
-0.00445468
-0.00104904
-0.000751606
-0.00332256
-0.00863176
-0.0164709
-0.0262937
-0.0370211
-0.0470376
-0.0544577
-0.057598
-0.055689
-0.0490481
-0.0392054
-0.028232
-0.017986
-0.00960581
-0.00344448
0.000684285
0.00318753
0.00445967
0.00478497
0.00434128
0.00324122
0.00161043
-0.000374688
-0.0024413
-0.00424651
-0.00542323
-0.00576499
-0.00525027
-0.00420274
-0.00287163
-0.00178503
-0.000726511
-0.000410967
0.000501016
-0.000305435
0.00180997
0.0902635
0.0894058
0.0865468
0.0820683
0.0752988
0.0654714
0.0520081
0.0340301
0.0121965
-0.0125295
-0.0358379
-0.0516632
-0.0616204
-0.0659226
-0.0663233
-0.0643273
-0.0584145
-0.0480216
-0.0348127
-0.0208504
-0.00758142
0.00428801
0.0144445
0.022682
0.0284402
0.0305803
0.0283563
0.0229154
0.0176094
0.0152908
0.0163196
0.0190588
0.0220431
0.0246526
0.0268528
0.0288466
0.0307726
0.0326138
0.0335186
0.0318426
0.0265612
0.0190776
0.0130867
0.0114618
0.0139417
0.0180112
0.0215671
0.0238739
0.0250546
0.0255513
0.0258681
0.0262933
0.0261092
0.0238254
0.0186076
0.0117304
0.00631189
0.00496554
0.0078986
0.0129751
0.0176908
0.0207039
0.0219444
0.0220958
0.0220276
0.0220271
0.0212259
0.0181863
0.0123724
0.00523767
-0.000274207
-0.00172013
0.00125628
0.00692892
0.0128593
0.0172825
0.0196302
0.0203464
0.0203316
0.0201587
0.0193124
0.0165691
0.0111176
0.00369226
-0.00339096
-0.00738467
-0.00680854
-0.00217329
0.00442
0.0106858
0.0151677
0.0175023
0.0181562
0.0179141
0.0171118
0.0150756
0.0106213
0.00318889
-0.00621382
-0.015155
-0.0208803
-0.0217
-0.0177497
-0.0108398
-0.0034466
0.00240536
0.00567151
0.00613912
0.00392354
-0.0010378
-0.00887325
-0.0193124
-0.0311577
-0.0422332
-0.049989
-0.0524784
-0.0492
-0.0412427
-0.030834
-0.0203947
-0.0117522
-0.00582812
-0.00280339
-0.00249319
-0.00470458
-0.00934657
-0.0162749
-0.0250397
-0.0346757
-0.0436918
-0.050336
-0.0530649
-0.0511762
-0.0450175
-0.0359867
-0.0259537
-0.0165789
-0.00887966
-0.00318372
0.000658921
0.00300494
0.00421419
0.00455389
0.0041875
0.00320724
0.00171604
-0.000123002
-0.00203957
-0.00369691
-0.00474737
-0.00502443
-0.00453032
-0.00359317
-0.00241085
-0.00149339
-0.000542249
-0.000342526
0.000560372
-0.00028106
0.00175204
0.0877932
0.0868551
0.0837221
0.0789292
0.0718722
0.0619627
0.0488332
0.0319742
0.0120816
-0.0097291
-0.0303173
-0.0452378
-0.0551409
-0.0600397
-0.060997
-0.0590577
-0.0534429
-0.0440512
-0.032249
-0.0196908
-0.00760741
0.00333084
0.0127763
0.0204852
0.0259732
0.028405
0.027315
0.0236451
0.0198933
0.0182022
0.0189706
0.0211293
0.023599
0.0258462
0.027798
0.029608
0.0314078
0.033145
0.0340333
0.0327024
0.0284168
0.0224107
0.017583
0.0160643
0.0176765
0.020628
0.0233381
0.0251725
0.0261846
0.0267238
0.0271754
0.0276847
0.0276083
0.0257005
0.0212783
0.0154188
0.0107582
0.00950093
0.0118118
0.0158828
0.0196591
0.0220722
0.0230775
0.0232124
0.0231607
0.0231933
0.0226489
0.020305
0.0155767
0.0095539
0.00470677
0.00320566
0.00548742
0.0101653
0.0151396
0.0188472
0.020769
0.0212745
0.0211499
0.020959
0.0203623
0.018305
0.0139372
0.00770207
0.00152478
-0.00215776
-0.00194407
0.00181909
0.00736671
0.0127053
0.0165063
0.0183883
0.0187411
0.0183106
0.0175359
0.0159415
0.0124393
0.00631001
-0.00181202
-0.00989206
-0.015437
-0.0168069
-0.0140033
-0.00854357
-0.00257227
0.00212941
0.00461411
0.00467462
0.00245774
-0.00195553
-0.00859746
-0.0173046
-0.0272445
-0.0367281
-0.0436122
-0.046145
-0.0437657
-0.0373122
-0.0286446
-0.0198221
-0.0124235
-0.00727679
-0.00459248
-0.00426156
-0.00614361
-0.0101716
-0.0162359
-0.0239594
-0.0324916
-0.0404878
-0.0463524
-0.0486889
-0.046865
-0.0412202
-0.0330118
-0.0239034
-0.0153663
-0.00831132
-0.00304992
0.000527415
0.0027254
0.00387015
0.00421679
0.00392582
0.00307857
0.00175604
9.89503e-05
-0.00163869
-0.00313686
-0.0040709
-0.00430613
-0.00385547
-0.00303697
-0.00199933
-0.00123161
-0.000381031
-0.000265905
0.000595523
-0.000208341
0.00160183
0.0856945
0.0846969
0.0813596
0.0763436
0.0691017
0.0591909
0.046397
0.0304706
0.0121047
-0.00755197
-0.0261126
-0.0402313
-0.0499662
-0.055179
-0.0564961
-0.0546875
-0.0494254
-0.0408807
-0.0302101
-0.0187845
-0.00767526
0.0024843
0.0113354
0.018619
0.0239073
0.0265678
0.0263041
0.023902
0.021285
0.0201189
0.0207988
0.0226052
0.024719
0.0266844
0.028417
0.0300401
0.0316699
0.0332411
0.0340774
0.0330541
0.0295953
0.0247099
0.0206931
0.0192257
0.0202677
0.0224809
0.0246078
0.0260822
0.0269174
0.027414
0.0279079
0.0284691
0.0284947
0.0268873
0.0230734
0.0180266
0.0140274
0.0129139
0.0147612
0.0180444
0.0210846
0.0230181
0.0238177
0.0239273
0.0239048
0.023982
0.0236271
0.0217854
0.0178679
0.0127068
0.00840349
0.00690999
0.00871099
0.0126536
0.0168806
0.0200004
0.0215619
0.0218981
0.0217024
0.0215042
0.0210866
0.0195456
0.016034
0.0107744
0.00535758
0.00194241
0.00186611
0.00493378
0.00965738
0.0142621
0.0175124
0.0190226
0.019136
0.0185627
0.0178004
0.0165356
0.0137867
0.00873668
0.00171781
-0.00558875
-0.0109394
-0.0127564
-0.0109242
-0.00669353
-0.00191833
0.00182564
0.00366782
0.00339794
0.00117048
-0.00284139
-0.00858378
-0.0159397
-0.0243318
-0.0324625
-0.0385535
-0.0410541
-0.0393806
-0.034163
-0.0269462
-0.019481
-0.013132
-0.00864249
-0.0062413
-0.00588444
-0.00748285
-0.0109888
-0.0163101
-0.0231175
-0.0306569
-0.0377232
-0.0428779
-0.0448675
-0.0431214
-0.0379527
-0.0304859
-0.0221973
-0.0143943
-0.00789887
-0.00301236
0.000337293
0.00240774
0.00349477
0.00384466
0.00362064
0.00290159
0.00175134
0.000285142
-0.0012686
-0.00261459
-0.00345222
-0.00366747
-0.00327103
-0.00256429
-0.00165417
-0.00100992
-0.000247155
-0.000190096
0.00061225
-0.000112292
0.00140864
0.0839912
0.082951
0.0794663
0.0742969
0.0669415
0.0570696
0.0445764
0.0293901
0.0121862
-0.00590906
-0.0229943
-0.0364644
-0.0460335
-0.0514572
-0.0530765
-0.0514443
-0.0464978
-0.0385792
-0.0287285
-0.0181402
-0.00777232
0.0017806
0.0101653
0.0171221
0.0222686
0.0251031
0.0254303
0.0239233
0.0221192
0.0213648
0.0220378
0.0236343
0.0255071
0.0272611
0.0288136
0.0302738
0.031752
0.0331741
0.0339486
0.0331247
0.0302353
0.0261319
0.022697
0.0213203
0.0220282
0.0237696
0.0254993
0.0267057
0.0273822
0.0277999
0.0282698
0.0288364
0.0289386
0.0275883
0.0242825
0.0198936
0.0164091
0.0153925
0.016877
0.0195749
0.0220764
0.0236492
0.0242745
0.0243427
0.0243408
0.0244657
0.0242575
0.0227695
0.0194211
0.0148828
0.0110046
0.00957279
0.0110762
0.0144977
0.0181598
0.0208148
0.0220829
0.0222837
0.0220448
0.0218519
0.0215609
0.0203819
0.0174907
0.0129609
0.00812781
0.00492869
0.00465183
0.00722176
0.0113515
0.0154138
0.0182398
0.0194561
0.0193874
0.0187161
0.017962
0.0169261
0.0147237
0.0104905
0.00433844
-0.00233686
-0.00750795
-0.00966269
-0.0085868
-0.00531521
-0.00147047
0.00153048
0.00287535
0.00235192
0.000115652
-0.00360786
-0.00870487
-0.0150788
-0.0223193
-0.0294114
-0.0348631
-0.0372978
-0.0361325
-0.031844
-0.0257334
-0.0193132
-0.01378
-0.00980562
-0.00762702
-0.00724608
-0.00861648
-0.0117093
-0.016443
-0.0225185
-0.0292542
-0.0355593
-0.0401294
-0.0418338
-0.0401529
-0.0353726
-0.0285067
-0.0208791
-0.0136665
-0.00762084
-0.00303554
0.000131524
0.00209996
0.00314068
0.00349355
0.00332552
0.00271699
0.00171919
0.000424174
-0.000966512
-0.00218311
-0.00294599
-0.00315266
-0.00280608
-0.00219102
-0.0013826
-0.000833021
-0.000141862
-0.00012209
0.000616749
-1.34694e-05
0.00121233
0.0827005
0.0816312
0.0780454
0.0727754
0.0653545
0.0555336
0.043283
0.028647
0.0122816
-0.00472598
-0.0207797
-0.0337539
-0.043162
-0.048685
-0.050487
-0.0489945
-0.0443064
-0.0368643
-0.0276252
-0.0176609
-0.00784829
0.00124897
0.00928601
0.0160048
0.0210541
0.0240139
0.0247473
0.0238476
0.0226022
0.0221509
0.02285
0.0243249
0.0260386
0.0276414
0.0290574
0.0303902
0.0317503
0.033059
0.0337817
0.0330839
0.0305691
0.0269849
0.0239488
0.0226664
0.0231858
0.0246328
0.026099
0.0271147
0.0276662
0.0280074
0.0284343
0.0289846
0.029137
0.0279846
0.0250642
0.0211544
0.0180235
0.0170577
0.0182892
0.0205935
0.0227316
0.0240514
0.0245394
0.024559
0.0245606
0.0247221
0.0246257
0.0233889
0.0204355
0.016335
0.0127727
0.0114143
0.0127336
0.0157924
0.0190459
0.0213563
0.0224004
0.0224953
0.0222272
0.0220467
0.0218465
0.0209105
0.0184377
0.0144088
0.00998575
0.00695102
0.00655709
0.00880561
0.0125386
0.0162229
0.0187383
0.0197329
0.0195315
0.0187986
0.0180545
0.0171691
0.0153298
0.0116565
0.00611716
-9.76862e-05
-0.0051255
-0.00751051
-0.00696765
-0.00437638
-0.00119335
0.00127659
0.00226416
0.00155957
-0.000679439
-0.00420079
-0.00885719
-0.0145664
-0.0210231
-0.0273979
-0.0323959
-0.0347684
-0.0339407
-0.0302886
-0.0249455
-0.0192582
-0.0143046
-0.0107018
-0.0086857
-0.00828679
-0.00948874
-0.0122785
-0.016583
-0.0221232
-0.0282682
-0.0340109
-0.0381474
-0.039638
-0.0380024
-0.0335066
-0.0270815
-0.0199393
-0.0131614
-0.00744805
-0.00308593
-5.40498e-05
0.00183943
0.00284704
0.00320406
0.00308026
0.00255774
0.0016785
0.000516412
-0.000748841
-0.00186785
-0.00257624
-0.00277791
-0.00246862
-0.00191995
-0.00118498
-0.000702425
-6.50342e-05
-6.75422e-05
0.000614617
7.18215e-05
0.00104354
0.0818341
0.0807469
0.0770982
0.0717679
0.0643122
0.0545352
0.0424532
0.0281809
0.0123582
-0.00396231
-0.0193642
-0.0320098
-0.0413064
-0.046891
-0.0488237
-0.0474452
-0.0429379
-0.0357984
-0.0269409
-0.0173699
-0.00791304
0.000888149
0.00869804
0.0152633
0.0202529
0.0232944
0.0242823
0.02376
0.0228644
0.0226116
0.0233409
0.0247501
0.0263673
0.0278724
0.0291965
0.0304424
0.031722
0.0329548
0.0336413
0.0330184
0.0307317
0.0274664
0.0246813
0.023471
0.02389
0.0251653
0.0264694
0.0273616
0.0278274
0.0281129
0.0285053
0.0290387
0.029218
0.0281867
0.0255047
0.0218926
0.0189844
0.0180576
0.0191439
0.0212142
0.0231301
0.0242885
0.0246818
0.0246605
0.0246562
0.0248389
0.0248159
0.0237436
0.0210487
0.017235
0.0138819
0.012577
0.0137834
0.0166114
0.0196001
0.0216831
0.0225754
0.0225957
0.0223067
0.0221365
0.0219962
0.0212121
0.0189984
0.0152818
0.0111192
0.00819762
0.00774595
0.00980811
0.0132984
0.0167408
0.0190484
0.019891
0.0196005
0.0188314
0.0180974
0.0173027
0.0156795
0.0123441
0.00718267
0.00125962
-0.00366902
-0.00618689
-0.00596899
-0.00380145
-0.00103601
0.0010942
0.0018502
0.00102807
-0.00121099
-0.00460276
-0.00898538
-0.0142892
-0.0202711
-0.0262105
-0.0309297
-0.0332582
-0.032629
-0.0293601
-0.0244853
-0.0192515
-0.0146624
-0.0112976
-0.0093882
-0.00897926
-0.0100726
-0.0126663
-0.0166934
-0.0218877
-0.0276502
-0.0330279
-0.0368823
-0.0382318
-0.0366222
-0.0323084
-0.0261672
-0.0193396
-0.0128452
-0.00734999
-0.00313521
-0.000192805
0.00165132
0.00263782
0.00299901
0.00290617
0.00244206
0.00164236
0.000568708
-0.000613679
-0.00166851
-0.00234078
-0.00253794
-0.00225159
-0.0017446
-0.00105655
-0.000616504
-1.50895e-05
-2.9694e-05
0.00061025
0.000133107
0.000922176
0.081399
0.0803035
0.0766244
0.0712663
0.0637957
0.0540435
0.0420482
0.0279568
0.0124011
-0.00358607
-0.0186713
-0.031151
-0.0403858
-0.0459909
-0.0479788
-0.0466541
-0.0422385
-0.0352536
-0.0265909
-0.0172203
-0.00794432
0.000707093
0.00840353
0.0148935
0.0198554
0.0229381
0.0240497
0.0237088
0.0229816
0.0228262
0.0235729
0.0249521
0.0265227
0.027979
0.0292563
0.0304579
0.0316973
0.0328937
0.033564
0.0329783
0.0308013
0.0276884
0.0250234
0.0238497
0.0242237
0.0254185
0.0266444
0.0274751
0.0278966
0.0281526
0.0285275
0.0290529
0.0292453
0.0282715
0.0257029
0.022233
0.0194317
0.0185262
0.0195462
0.0215067
0.0233166
0.0243958
0.0247401
0.0246955
0.0246866
0.0248806
0.024896
0.0239066
0.0213397
0.0176676
0.0144179
0.0131399
0.0142912
0.0170061
0.0198642
0.021834
0.022649
0.022629
0.0223274
0.0221621
0.0220524
0.0213444
0.0192603
0.0157004
0.0116692
0.00880606
0.00832868
0.0103018
0.0136733
0.0169947
0.0191963
0.0199598
0.0196225
0.0188353
0.0181072
0.0173565
0.0158355
0.0126602
0.00767873
0.00189624
-0.0029826
-0.00556101
-0.00549537
-0.00353022
-0.000966259
0.000998738
0.00164135
0.000761838
-0.0014759
-0.00480315
-0.00905323
-0.0141647
-0.0199241
-0.0256611
-0.0302518
-0.0325608
-0.032024
-0.0289337
-0.0242794
-0.019261
-0.0148469
-0.0115981
-0.00974132
-0.00932731
-0.0103664
-0.0128627
-0.0167525
-0.021776
-0.0273499
-0.0325478
-0.0362634
-0.0375436
-0.0359469
-0.0317229
-0.0257216
-0.0190489
-0.0126944
-0.00730716
-0.00316539
-0.000267321
0.00155253
0.00252899
0.00289299
0.00281649
0.00238225
0.00162268
0.000593187
-0.000548139
-0.00157132
-0.00222576
-0.00242053
-0.0021454
-0.00165886
-0.000993859
-0.000574711
8.79436e-06
-1.13896e-05
0.000606795
0.000162795
0.000861093
-0.651797
-0.370592
-0.233628
-0.651798
-0.37059
-0.492864
-0.502026
-0.629428
-0.492864
-0.502025
0.0608354
0.400472
0.261063
0.310695
0.0608367
0.400472
0.261064
-0.217398
-0.486469
-0.486469
-0.480111
-0.477464
-0.485028
-0.476373
-0.480111
-0.477462
-0.485028
0.491957
0.421619
0.491957
-0.487385
-0.466331
-0.487385
-0.466331
0.443925
0.495248
0.443925
-0.448272
-0.413267
-0.448272
-0.413268
0.340477
0.350101
0.150561
0.430699
0.340478
0.350102
0.150562
-0.0956668
-0.0956651
-0.401522
-0.401522
-0.389655
-0.386339
-0.379086
-0.383406
-0.389655
-0.38634
-0.379085
-0.133621
-0.508803
-0.237702
-0.133621
-0.508804
-0.411432
-0.49428
-0.405835
-0.411433
-0.494279
-0.405835
-0.412755
-0.259814
-0.503631
-0.195102
-0.412755
-0.259814
-0.503631
-0.461626
-0.593218
-0.496188
-0.475671
-0.461627
-0.593216
-0.496189
0.0506455
0.238126
0.0463948
0.163043
0.0506459
0.238126
0.0463959
-0.605468
-0.630714
-0.587514
-0.659898
-0.588859
-0.660401
-0.60499
-0.463198
-0.475918
-0.469677
-0.464442
-0.463198
-0.475917
-0.469677
-0.208978
-0.472192
-0.477378
-0.461737
-0.484883
-0.462017
-0.48462
-0.472033
-0.470666
-0.478547
-0.478128
-0.471105
-0.416142
-0.433049
-0.432771
-0.416394
-0.384464
-0.384447
-0.393536
-0.380929
-0.393286
-0.380182
-0.384883
0.133269
0.209861
0.1209
0.281786
0.13327
0.209861
0.1209
-0.381209
-0.23525
-0.153517
-0.155615
-0.384611
-0.375799
-0.391984
-0.361338
-0.386911
-0.375799
-0.391985
-0.361338
-0.381465
-0.115841
-0.304859
-0.163844
-0.381466
-0.11584
-0.304859
-0.3949
-0.369986
-0.359437
-0.468611
-0.394901
-0.369986
-0.359438
-0.527145
-0.654032
-0.509125
-0.68202
-0.510427
-0.683573
-0.526295
-0.526333
-0.36803
-0.269945
-0.272647
-0.530173
-0.527148
-0.654032
-0.509127
-0.68202
-0.510431
-0.683573
-0.526298
-0.526332
-0.368029
-0.269944
-0.272646
-0.530171
-0.523299
-0.502121
-0.497891
-0.498304
-0.523299
-0.605468
-0.630714
-0.587514
-0.659898
-0.58886
-0.660401
-0.604991
-0.523298
-0.502121
-0.49789
-0.498303
-0.523299
0.295034
0.0596121
0.222089
0.0412674
0.221192
0.0393934
0.297025
0.346073
0.282617
0.144256
0.410702
0.110716
0.415331
0.3491
0.295034
0.059613
0.222089
0.0412688
0.221193
0.0393945
0.297025
0.346074
0.282617
0.144257
0.410702
0.110717
0.415332
0.3491
-0.208976
-0.486697
-0.486696
-0.476663
-0.47358
-0.481946
-0.465031
-0.485014
-0.464675
-0.475891
-0.472191
-0.477377
-0.461737
-0.484882
-0.462016
-0.484619
-0.472032
-0.476662
-0.473578
-0.481945
-0.46503
-0.485013
-0.464674
-0.47589
0.519392
0.442026
0.445617
0.517044
0.565299
0.593769
0.594948
0.563717
0.519393
0.442026
0.445617
0.517044
0.565299
0.593769
0.594948
0.563717
-0.462928
-0.449735
-0.449439
-0.463279
-0.470664
-0.478545
-0.478127
-0.471103
-0.462927
-0.449733
-0.449438
-0.463277
0.586323
0.600932
0.602052
0.584948
0.552671
0.489011
0.492027
0.550722
0.586323
0.600933
0.602052
0.584948
0.552672
0.489012
0.492027
0.550722
-0.400889
-0.387619
-0.387311
-0.401083
-0.416141
-0.433048
-0.43277
-0.416393
-0.400887
-0.387619
-0.387309
-0.401082
0.400664
0.358899
0.459689
0.232903
0.463605
0.20497
0.403069
0.352394
0.149086
0.138546
0.283751
0.136984
0.283142
0.353846
0.400664
0.358899
0.459689
0.232904
0.463606
0.204971
0.40307
0.352395
0.149087
0.138548
0.283752
0.136985
0.283143
0.353846
-0.0882948
-0.0882934
-0.40132
-0.40132
-0.385752
-0.385972
-0.382617
-0.385232
-0.382607
-0.385085
-0.385994
-0.384464
-0.384446
-0.393535
-0.380929
-0.393285
-0.380181
-0.384883
-0.385751
-0.385972
-0.382617
-0.385233
-0.382607
-0.385085
-0.385994
-0.392041
-0.51048
-0.53362
-0.378581
-0.534777
-0.37959
-0.391406
-0.381208
-0.235248
-0.153516
-0.155613
-0.38461
-0.392043
-0.510479
-0.533621
-0.378583
-0.534776
-0.379592
-0.391408
-0.424778
-0.411408
-0.410745
-0.410737
-0.425084
-0.485977
-0.495094
-0.522013
-0.470824
-0.522198
-0.471633
-0.48583
-0.424777
-0.411408
-0.410745
-0.410737
-0.425084
-0.485976
-0.495092
-0.522012
-0.470825
-0.522197
-0.471633
-0.485831
-0.523472
-0.234796
-0.459863
-0.260558
-0.459836
-0.263184
-0.524601
0.315966
0.297634
0.362979
0.267288
0.315966
0.297635
0.362979
-0.655437
-0.559455
-0.67638
-0.559156
-0.655438
-0.559456
-0.67638
0.400141
0.33153
0.42166
0.318098
0.400141
0.33153
0.42166
0.528576
0.422976
0.498984
0.461817
0.500558
0.462989
0.52727
-0.626126
-0.514557
-0.607688
-0.539494
-0.626126
-0.514558
-0.607688
0.425713
0.326753
0.411575
0.334438
0.425713
0.326753
0.411575
0.566493
0.496389
0.572425
0.489681
0.573642
0.490842
0.565252
-0.529417
-0.431385
-0.475292
-0.469509
-0.529417
-0.431385
-0.475292
0.381677
0.285782
0.340545
0.311003
0.381677
0.285782
0.340545
-0.410064
-0.366472
-0.346291
-0.392989
-0.410064
-0.366473
-0.346291
-0.387054
-0.38861
-0.391272
-0.388521
-0.391163
-0.385098
-0.385159
-0.523471
-0.234796
-0.459863
-0.260558
-0.459836
-0.263184
-0.524599
-0.527572
-0.493304
-0.514934
-0.512909
-0.515725
-0.513076
-0.527335
-0.527572
-0.493304
-0.514935
-0.512909
-0.515725
-0.513076
-0.527335
0.555386
0.49311
0.479591
0.568627
0.480797
0.569846
0.554137
0.528576
0.422976
0.498984
0.461817
0.500558
0.462989
0.52727
0.555386
0.493111
0.479591
0.568627
0.480797
0.569846
0.554137
-0.467471
-0.487122
-0.471714
-0.484902
-0.471357
-0.484664
-0.467769
-0.459263
-0.466107
-0.472794
-0.448219
-0.472576
-0.448052
-0.459482
-0.46747
-0.487121
-0.471714
-0.484902
-0.471355
-0.484663
-0.467769
-0.459262
-0.466106
-0.472794
-0.448218
-0.472575
-0.448051
-0.459481
0.54663
0.445193
0.477658
0.523003
0.478766
0.524542
0.545347
0.566494
0.496389
0.572424
0.489681
0.573642
0.490842
0.565252
0.546631
0.445194
0.477658
0.523003
0.478767
0.524542
0.545347
-0.419791
-0.448103
-0.433691
-0.435979
-0.433572
-0.435835
-0.419876
-0.406843
-0.413226
-0.421802
-0.394404
-0.421729
-0.394592
-0.406846
-0.41979
-0.448102
-0.433689
-0.435979
-0.433571
-0.435834
-0.419876
-0.406842
-0.413224
-0.421802
-0.394404
-0.421727
-0.394591
-0.406845
-0.38257
-0.134483
-0.150482
-0.331881
-0.152558
-0.331736
-0.383623
-0.382569
-0.134482
-0.150481
-0.331881
-0.152558
-0.331735
-0.383622
-0.4272
-0.405995
-0.420986
-0.415862
-0.421012
-0.416233
-0.427251
-0.427199
-0.405994
-0.420986
-0.415862
-0.421012
-0.416232
-0.427251
0.0402729
0.029823
0.166733
0.0249656
0.165816
0.107614
0.108323
0.0402737
0.0298237
0.166734
0.0249664
0.165817
0.107615
0.108324
-0.476451
-0.474523
-0.461834
-0.475248
-0.462147
-0.450172
-0.449614
-0.476451
-0.474522
-0.461833
-0.475247
-0.462145
-0.450171
-0.449614
0.12796
0.231418
0.113807
0.230757
0.109724
0.174151
0.174661
0.127961
0.231418
0.113807
0.230758
0.109725
0.174152
0.174661
-0.387054
-0.388611
-0.391272
-0.388521
-0.391162
-0.385099
-0.38516
0.0121355
0.1179
0.0266357
0.0709861
0.0121357
0.1179
0.0266359
-0.447391
-0.4496
-0.491209
-0.428105
-0.447391
-0.449599
-0.491208
0.233231
0.240399
0.269165
0.201296
0.233231
0.240399
0.269165
-0.63585
-0.552813
-0.6639
-0.541848
-0.63585
-0.552814
-0.6639
0.297706
0.226517
0.264973
0.262421
0.297706
0.226517
0.264973
-0.318862
-0.323519
-0.261093
-0.338006
-0.318862
-0.32352
-0.261093
0.0921025
0.119091
0.0748076
0.166326
0.0921028
0.119091
0.0748077
-0.371016
-0.335029
-0.299981
-0.369715
-0.371016
-0.335029
-0.299981
)
;

boundaryField
{
    inlet
    {
        type            zeroGradient;
    }
    outlet
    {
        type            fixedValue;
        value           uniform 0;
    }
    top
    {
        type            symmetryPlane;
    }
    bottom
    {
        type            symmetryPlane;
    }
    front
    {
        type            symmetryPlane;
    }
    back
    {
        type            symmetryPlane;
    }
    cylinder
    {
        type            zeroGradient;
    }
}


// ************************************************************************* //
