/*--------------------------------*- C++ -*----------------------------------*\
  =========                 |
  \\      /  F ield         | OpenFOAM: The Open Source CFD Toolbox
   \\    /   O peration     | Website:  https://openfoam.org
    \\  /    A nd           | Version:  11
     \\/     M anipulation  |
\*---------------------------------------------------------------------------*/
FoamFile
{
    format      ascii;
    class       volScalarField;
    location    "7.269606";
    object      p;
}
// * * * * * * * * * * * * * * * * * * * * * * * * * * * * * * * * * * * * * //

dimensions      [0 2 -2 0 0 0 0];

internalField   nonuniform List<scalar> 
7132
(
0.0515067
0.0500635
0.0451934
0.0380614
0.0280635
0.0148702
-0.00164857
-0.0215625
-0.0444514
-0.0694861
-0.0954103
-0.120506
-0.143839
-0.164571
-0.182159
-0.19641
-0.207332
-0.215143
-0.220217
-0.223014
-0.223975
-0.223415
-0.221421
-0.217825
-0.212273
-0.204395
-0.194024
-0.181347
-0.16692
-0.151532
-0.136028
-0.121154
-0.107471
-0.0953219
-0.0848367
-0.0759538
-0.0684597
-0.0620472
-0.0563925
-0.0512253
-0.0463726
-0.041762
-0.0373957
-0.0333156
-0.0295707
-0.0261982
-0.0232159
-0.0206225
-0.0184019
-0.0165279
-0.0149677
-0.0136839
-0.012636
-0.0117811
-0.0110758
-0.0104787
-0.00995311
-0.0094696
-0.00900723
-0.00855363
-0.00810373
-0.00765781
-0.00721941
-0.00679354
-0.00638533
-0.00599914
-0.00563812
-0.00530404
-0.00499735
-0.00471727
-0.00446209
-0.00422936
-0.00401621
-0.00381957
-0.00363649
-0.0034643
-0.00330072
-0.00314404
-0.00299302
-0.0028469
-0.00270532
-0.0025682
-0.00243566
-0.00230788
-0.0021851
-0.00206747
-0.00195513
-0.00184807
-0.00174623
-0.00164946
-0.00155754
-0.0014702
-0.00138715
-0.00130811
-0.00123278
-0.00116091
-0.00109225
-0.00102661
-0.000963803
-0.000903702
-0.000846188
-0.000791169
-0.000738567
-0.00068832
-0.000640374
-0.00059468
-0.000551193
-0.000509872
-0.000470675
-0.000433562
-0.000398494
-0.000365434
-0.000334343
-0.000305187
-0.00027793
-0.000252536
-0.000228963
-0.000207162
-0.000187064
-0.000168572
-0.000151547
-0.000135802
-0.000121104
-0.000107192
-9.38244e-05
-8.08343e-05
-6.81946e-05
-5.60548e-05
-4.47255e-05
-3.45968e-05
-2.60117e-05
-1.91452e-05
-1.39458e-05
-1.01681e-05
-7.47458e-06
-5.55029e-06
-4.17047e-06
-3.20031e-06
-2.55213e-06
-2.14056e-06
-1.86939e-06
-1.64797e-06
-1.4165e-06
-1.15742e-06
-8.86834e-07
-6.341e-07
-4.23622e-07
-2.65915e-07
-1.5904e-07
-9.23613e-08
-5.75027e-08
-3.66027e-08
-4.14719e-08
-2.09512e-08
-7.5565e-08
2.78591e-08
-2.03242e-07
2.72924e-07
-6.6378e-07
1.25273e-06
0.0520824
0.0506512
0.0458241
0.0387379
0.0287786
0.0155897
-0.000983461
-0.0210476
-0.0441805
-0.0695467
-0.0958146
-0.121147
-0.144644
-0.165464
-0.18307
-0.197289
-0.208137
-0.215843
-0.2208
-0.223488
-0.224374
-0.223792
-0.221836
-0.218323
-0.212863
-0.205042
-0.194654
-0.181877
-0.167283
-0.151694
-0.135992
-0.120952
-0.107153
-0.0949479
-0.0844616
-0.0756215
-0.0681969
-0.0618616
-0.0562752
-0.0511573
-0.0463324
-0.0417309
-0.0373609
-0.0332703
-0.0295131
-0.0261298
-0.02314
-0.0205431
-0.018323
-0.0164532
-0.0149
-0.0136254
-0.0125878
-0.0117436
-0.0110486
-0.0104605
-0.00994233
-0.0094642
-0.00900525
-0.00855333
-0.00810373
-0.00765716
-0.00721759
-0.00679038
-0.0063809
-0.0059937
-0.005632
-0.00529763
-0.00499097
-0.00471123
-0.0044566
-0.00422457
-0.00401216
-0.00381626
-0.00363386
-0.00346224
-0.00329912
-0.00314277
-0.00299195
-0.00284594
-0.0027044
-0.00256726
-0.00243466
-0.00230682
-0.00218398
-0.00206631
-0.00195394
-0.00184689
-0.00174508
-0.00164835
-0.00155649
-0.00146922
-0.00138625
-0.00130728
-0.00123201
-0.0011602
-0.00109159
-0.00102599
-0.000963223
-0.00090315
-0.000845659
-0.000790656
-0.000738067
-0.000687831
-0.000639893
-0.000594207
-0.000550727
-0.000509412
-0.000470221
-0.000433114
-0.000398051
-0.000364994
-0.000333907
-0.000304754
-0.000277499
-0.000252108
-0.000228539
-0.000206745
-0.000186659
-0.000168184
-0.000151184
-0.000135469
-0.000120807
-0.000106933
-9.36013e-05
-8.06406e-05
-6.80207e-05
-5.5891e-05
-4.45648e-05
-3.44371e-05
-2.58571e-05
-1.90038e-05
-1.38266e-05
-1.00764e-05
-7.41014e-06
-5.50676e-06
-4.13826e-06
-3.16989e-06
-2.51723e-06
-2.09946e-06
-1.82435e-06
-1.60354e-06
-1.37761e-06
-1.12787e-06
-8.68506e-07
-6.26783e-07
-4.25363e-07
-2.73681e-07
-1.69521e-07
-1.02735e-07
-6.58147e-08
-4.21532e-08
-4.41621e-08
-2.18994e-08
-7.52007e-08
2.7971e-08
-2.04532e-07
2.73765e-07
-6.76297e-07
1.27553e-06
0.0532282
0.051823
0.0470835
0.0400937
0.030217
0.017043
0.000366584
-0.0199979
-0.0436255
-0.0696732
-0.0966461
-0.122452
-0.146278
-0.16727
-0.184908
-0.199058
-0.209752
-0.217246
-0.221963
-0.22443
-0.225164
-0.22454
-0.222666
-0.219328
-0.214064
-0.206363
-0.195944
-0.182963
-0.168026
-0.152026
-0.135918
-0.120539
-0.106507
-0.0941872
-0.0836999
-0.0749486
-0.0676674
-0.0614906
-0.056044
-0.0510263
-0.046257
-0.0416728
-0.0372942
-0.0331816
-0.0293988
-0.0259933
-0.022988
-0.0203839
-0.0181648
-0.0163031
-0.0147641
-0.0135078
-0.0124911
-0.0116685
-0.0109941
-0.0104244
-0.00992102
-0.00945376
-0.00900167
-0.00855308
-0.00810404
-0.00765613
-0.00721415
-0.00678417
-0.0063721
-0.00598282
-0.00561975
-0.00528475
-0.00497817
-0.00469909
-0.00444557
-0.00421492
-0.00400402
-0.00380962
-0.00362859
-0.00345813
-0.00329594
-0.00314025
-0.00298986
-0.00284407
-0.00270258
-0.00256539
-0.00243269
-0.00230472
-0.00218175
-0.002064
-0.00195159
-0.00184455
-0.00174279
-0.00164615
-0.00155441
-0.00146727
-0.00138445
-0.00130562
-0.00123049
-0.00115879
-0.00109029
-0.00102478
-0.000962079
-0.000902064
-0.000844617
-0.000789649
-0.000737088
-0.000686874
-0.000638955
-0.000593285
-0.00054982
-0.000508519
-0.000469342
-0.000432247
-0.000397196
-0.00036415
-0.000333072
-0.000303928
-0.000276681
-0.000251299
-0.000227743
-0.000205968
-0.000185913
-0.000167484
-0.000150548
-0.000134916
-0.000120352
-0.000106584
-9.33534e-05
-8.04758e-05
-6.79096e-05
-5.57984e-05
-4.4458e-05
-3.42944e-05
-2.56724e-05
-1.87871e-05
-1.35979e-05
-9.85806e-06
-7.2193e-06
-5.35164e-06
-4.01849e-06
-3.0795e-06
-2.44861e-06
-2.04592e-06
-1.7811e-06
-1.56751e-06
-1.34707e-06
-1.10211e-06
-8.47623e-07
-6.11165e-07
-4.15188e-07
-2.68533e-07
-1.68291e-07
-1.03987e-07
-6.79874e-08
-4.43858e-08
-4.5516e-08
-2.30649e-08
-7.56231e-08
2.67255e-08
-2.08698e-07
2.74935e-07
-7.02872e-07
1.31987e-06
0.0549343
0.05357
0.0489689
0.0421341
0.0323952
0.0192594
0.00244121
-0.0183747
-0.0427618
-0.0698809
-0.0979561
-0.124475
-0.148791
-0.170033
-0.187711
-0.201749
-0.212205
-0.219367
-0.223708
-0.225824
-0.226314
-0.225623
-0.223879
-0.220827
-0.215884
-0.208388
-0.197933
-0.184641
-0.169172
-0.152532
-0.135795
-0.119894
-0.105502
-0.093011
-0.0825278
-0.0739199
-0.0668662
-0.0609385
-0.0557092
-0.0508451
-0.0461583
-0.041597
-0.0372016
-0.0330521
-0.0292283
-0.0257874
-0.0227579
-0.0201424
-0.0179247
-0.0160756
-0.0145582
-0.0133301
-0.0123454
-0.011556
-0.0109133
-0.0103716
-0.00989077
-0.00943983
-0.00899786
-0.00855394
-0.00810535
-0.00765505
-0.00720913
-0.00677474
-0.00635861
-0.00596611
-0.00560094
-0.00526502
-0.00495861
-0.00468061
-0.00442885
-0.00420037
-0.00399181
-0.00379972
-0.00362078
-0.0034521
-0.00329129
-0.00313659
-0.00298682
-0.00284133
-0.00269991
-0.00256262
-0.00242972
-0.00230154
-0.00217838
-0.00206049
-0.00194801
-0.00184098
-0.0017393
-0.00164281
-0.00155126
-0.00146433
-0.00138173
-0.00130312
-0.0012282
-0.00115668
-0.00108834
-0.00102295
-0.000960363
-0.000900431
-0.000843048
-0.000788131
-0.000735609
-0.000685426
-0.000637533
-0.000591886
-0.000548443
-0.000507162
-0.000468004
-0.000430927
-0.000395892
-0.000362861
-0.000331795
-0.00030266
-0.000275423
-0.00025005
-0.000226509
-0.000204757
-0.000184738
-0.000166366
-0.000149511
-0.000133986
-0.000119548
-0.000105917
-9.28175e-05
-8.00477e-05
-6.75507e-05
-5.5463e-05
-4.41048e-05
-3.38972e-05
-2.52273e-05
-1.83116e-05
-1.31237e-05
-9.41941e-06
-6.84244e-06
-5.04934e-06
-3.79027e-06
-2.91567e-06
-2.33564e-06
-1.97006e-06
-1.7304e-06
-1.53246e-06
-1.32082e-06
-1.08063e-06
-8.29421e-07
-5.9633e-07
-4.04307e-07
-2.61759e-07
-1.64933e-07
-1.02869e-07
-6.76397e-08
-4.41913e-08
-4.44993e-08
-2.25193e-08
-7.45689e-08
2.56041e-08
-2.13981e-07
2.75541e-07
-7.41874e-07
1.38116e-06
0.0571845
0.0558787
0.0514746
0.044866
0.0353377
0.022284
0.00530341
-0.0161136
-0.0415458
-0.0701921
-0.0998256
-0.127295
-0.152256
-0.173814
-0.19152
-0.205391
-0.21551
-0.222211
-0.226028
-0.227654
-0.227804
-0.227022
-0.225478
-0.222852
-0.218393
-0.211211
-0.200721
-0.186992
-0.170773
-0.153231
-0.135613
-0.118984
-0.104098
-0.091376
-0.0809092
-0.0725127
-0.0657866
-0.0602136
-0.0552892
-0.0506355
-0.0460566
-0.0415192
-0.0370929
-0.0328869
-0.0290026
-0.0255107
-0.0224464
-0.0198148
-0.0175987
-0.015767
-0.0142796
-0.0130904
-0.0121499
-0.0114061
-0.0108071
-0.0103036
-0.0098535
-0.00942448
-0.00899575
-0.00855753
-0.00810885
-0.00765464
-0.00720282
-0.00676205
-0.00634012
-0.00594311
-0.00557505
-0.00523791
-0.00493182
-0.00465541
-0.00440615
-0.00418074
-0.00397547
-0.00378658
-0.00361055
-0.00344429
-0.00328536
-0.00313197
-0.00298299
-0.00283786
-0.00269646
-0.00255898
-0.00242577
-0.00229726
-0.00217381
-0.00205573
-0.00194316
-0.00183615
-0.0017346
-0.00163831
-0.00154702
-0.0014604
-0.00137811
-0.0012998
-0.00122516
-0.00115389
-0.00108576
-0.00102055
-0.000958097
-0.000898273
-0.000840973
-0.000786119
-0.000733646
-0.000683502
-0.000635643
-0.000590026
-0.000546611
-0.000505358
-0.000466225
-0.000429173
-0.000394161
-0.000361148
-0.000330099
-0.000300976
-0.000273749
-0.000248387
-0.00022486
-0.000203132
-0.000183153
-0.000164846
-0.000148085
-0.000132686
-0.000118401
-0.000104938
-9.20048e-05
-7.93764e-05
-6.69773e-05
-5.49338e-05
-4.35693e-05
-3.33219e-05
-2.46044e-05
-1.76597e-05
-1.24791e-05
-8.82322e-06
-6.32787e-06
-4.63475e-06
-3.47826e-06
-2.69691e-06
-2.19381e-06
-1.88602e-06
-1.685e-06
-1.50858e-06
-1.30522e-06
-1.06538e-06
-8.11663e-07
-5.76997e-07
-3.85944e-07
-2.46595e-07
-1.53831e-07
-9.55191e-08
-6.27703e-08
-4.11387e-08
-4.17315e-08
-2.14034e-08
-7.30625e-08
2.35567e-08
-2.2023e-07
2.7402e-07
-7.91736e-07
1.45304e-06
0.0599556
0.0587292
0.0545913
0.0482972
0.0390762
0.0261781
0.00904116
-0.0131222
-0.0399146
-0.070646
-0.10238
-0.131026
-0.156779
-0.178705
-0.19642
-0.210059
-0.219728
-0.225811
-0.228918
-0.229874
-0.229552
-0.228643
-0.227379
-0.225363
-0.221609
-0.214905
-0.204405
-0.190107
-0.172884
-0.154138
-0.13535
-0.117762
-0.102233
-0.089221
-0.0787934
-0.0706949
-0.064419
-0.0593265
-0.0548083
-0.050427
-0.0459794
-0.0414602
-0.0369816
-0.0326925
-0.028723
-0.025161
-0.0220497
-0.0193963
-0.0171821
-0.015373
-0.0139246
-0.0127862
-0.0119034
-0.0112195
-0.0106772
-0.0102233
-0.00981253
-0.00941102
-0.00899825
-0.00856611
-0.00811607
-0.00765572
-0.00719543
-0.0067458
-0.00631603
-0.00591304
-0.00554124
-0.00520264
-0.00489714
-0.00462297
-0.00437715
-0.00415589
-0.00395501
-0.00377036
-0.0035981
-0.00343497
-0.00327841
-0.00312663
-0.00297857
-0.00283379
-0.00269233
-0.00255451
-0.00242084
-0.00229185
-0.002168
-0.00204963
-0.00193694
-0.00182996
-0.00172859
-0.00163259
-0.00154166
-0.00145544
-0.00137356
-0.00129565
-0.00122138
-0.00115043
-0.00108257
-0.00101757
-0.00095529
-0.000895595
-0.000838391
-0.000783608
-0.000731189
-0.000681089
-0.000633267
-0.000587684
-0.000544303
-0.000503083
-0.000463983
-0.000426961
-0.000391976
-0.000358986
-0.000327953
-0.000298842
-0.000271622
-0.000246265
-0.000222745
-0.000201031
-0.000181083
-0.000162829
-0.000146151
-0.000130869
-0.000116731
-0.000103435
-9.06732e-05
-7.81995e-05
-6.59193e-05
-5.39482e-05
-4.26116e-05
-3.23633e-05
-2.36399e-05
-1.67088e-05
-1.15784e-05
-8.01303e-06
-5.64053e-06
-4.08725e-06
-3.07082e-06
-2.41738e-06
-2.02106e-06
-1.794e-06
-1.64634e-06
-1.49794e-06
-1.30277e-06
-1.05946e-06
-7.98422e-07
-5.58279e-07
-3.65937e-07
-2.2894e-07
-1.40169e-07
-8.58056e-08
-5.56869e-08
-3.60887e-08
-3.69676e-08
-1.88894e-08
-6.98052e-08
2.13361e-08
-2.25527e-07
2.68843e-07
-8.48684e-07
1.52567e-06
0.0632164
0.0620941
0.0583043
0.0524343
0.0436488
0.0310212
0.0137738
-0.00926897
-0.0377735
-0.0713
-0.105798
-0.135823
-0.162494
-0.184803
-0.202468
-0.215786
-0.224878
-0.230178
-0.232379
-0.232467
-0.231529
-0.230461
-0.229591
-0.228427
-0.225667
-0.219654
-0.209178
-0.194141
-0.175603
-0.155285
-0.134983
-0.11617
-0.099831
-0.0864686
-0.0761168
-0.0684288
-0.0627575
-0.0583003
-0.0543076
-0.0502655
-0.0459666
-0.0414491
-0.0368852
-0.0324766
-0.0283903
-0.0247347
-0.0215616
-0.0188797
-0.0166679
-0.0148875
-0.0134888
-0.0124149
-0.0116051
-0.0109966
-0.0105259
-0.010134
-0.00977177
-0.00940345
-0.00900897
-0.00858256
-0.00812899
-0.00765938
-0.00718726
-0.00672571
-0.00628563
-0.00587496
-0.00549851
-0.00515824
-0.00485373
-0.00458267
-0.00434144
-0.00412559
-0.00393039
-0.00375116
-0.00358368
-0.00342445
-0.00327078
-0.0031209
-0.00297384
-0.00282934
-0.00268763
-0.00254925
-0.00241489
-0.00228523
-0.00216083
-0.0020421
-0.00192926
-0.00182234
-0.0017212
-0.00162559
-0.00153514
-0.00144945
-0.00136811
-0.00129071
-0.00121689
-0.00114634
-0.00107879
-0.00101406
-0.000951971
-0.000892419
-0.000835319
-0.000780611
-0.000728249
-0.000678194
-0.000630412
-0.000584869
-0.000541528
-0.000500349
-0.000461288
-0.000424304
-0.000389351
-0.000356387
-0.000325373
-0.000296272
-0.000269055
-0.000243695
-0.00022017
-0.000198456
-0.00017852
-0.000160298
-0.000143681
-0.000128491
-0.000114481
-0.000101339
-8.87471e-05
-7.64426e-05
-6.43127e-05
-5.2461e-05
-4.1211e-05
-3.10258e-05
-2.23601e-05
-1.55007e-05
-1.04695e-05
-7.035e-06
-4.81899e-06
-3.43655e-06
-2.59054e-06
-2.09558e-06
-1.8344e-06
-1.7106e-06
-1.6299e-06
-1.51334e-06
-1.32226e-06
-1.06723e-06
-7.90217e-07
-5.38172e-07
-3.41163e-07
-2.05635e-07
-1.21389e-07
-7.20067e-08
-4.54988e-08
-2.88255e-08
-3.04202e-08
-1.54356e-08
-6.49535e-08
1.84289e-08
-2.28367e-07
2.57766e-07
-9.06601e-07
1.58519e-06
0.0669257
0.0659366
0.0625914
0.0572801
0.0490975
0.0369103
0.0196541
-0.00437536
-0.0349906
-0.0722502
-0.110344
-0.141887
-0.169577
-0.192271
-0.209818
-0.222714
-0.231067
-0.23536
-0.236377
-0.235317
-0.233554
-0.232266
-0.231931
-0.231956
-0.230606
-0.225608
-0.215236
-0.199274
-0.17904
-0.156705
-0.134482
-0.114131
-0.0967921
-0.0830187
-0.0727986
-0.0656665
-0.0607937
-0.0571618
-0.0538363
-0.0502069
-0.0460681
-0.0415226
-0.0368258
-0.0322494
-0.0280061
-0.0242281
-0.0209757
-0.0182576
-0.0160485
-0.0143037
-0.0129666
-0.0119727
-0.0112538
-0.0107391
-0.0103568
-0.0100409
-0.00973712
-0.00940754
-0.00903287
-0.00861063
-0.00815003
-0.00766679
-0.00717846
-0.00670115
-0.00624782
-0.00582752
-0.00544545
-0.00510343
-0.00480053
-0.00453372
-0.00429853
-0.0040897
-0.00390172
-0.00372929
-0.00356772
-0.00341319
-0.00326292
-0.00311516
-0.00296911
-0.00282473
-0.00268252
-0.00254329
-0.00240794
-0.00227734
-0.00215219
-0.00203298
-0.00191996
-0.00181313
-0.00171232
-0.00161721
-0.00152739
-0.00144238
-0.00136172
-0.00128496
-0.00121171
-0.00114164
-0.00107448
-0.00101004
-0.000948165
-0.000888766
-0.000831771
-0.000777134
-0.000724823
-0.000674811
-0.000627069
-0.000581568
-0.000538271
-0.000497139
-0.000458127
-0.000421187
-0.000386273
-0.000353339
-0.000322343
-0.000293249
-0.000266026
-0.000240649
-0.000217101
-0.000195363
-0.000175407
-0.000157178
-0.000140575
-0.00012543
-0.000111499
-9.84729e-05
-8.60284e-05
-7.38966e-05
-6.19509e-05
-5.02831e-05
-3.92095e-05
-2.91915e-05
-2.06876e-05
-1.39915e-05
-9.13217e-06
-5.88195e-06
-3.86202e-06
-2.68277e-06
-2.03923e-06
-1.73561e-06
-1.64095e-06
-1.64544e-06
-1.64621e-06
-1.56434e-06
-1.37109e-06
-1.09379e-06
-7.90629e-07
-5.19733e-07
-3.14805e-07
-1.80055e-07
-1.00706e-07
-5.67307e-08
-3.39484e-08
-2.02062e-08
-2.22114e-08
-1.07308e-08
-5.76012e-08
1.52751e-08
-2.25988e-07
2.38714e-07
-9.55591e-07
1.61292e-06
0.0710311
0.0702091
0.0674197
0.0628312
0.0554664
0.0439636
0.0268808
0.00181065
-0.0313694
-0.0736353
-0.11639
-0.149488
-0.178225
-0.201202
-0.218489
-0.230847
-0.238319
-0.241406
-0.240963
-0.238449
-0.235612
-0.234029
-0.234409
-0.236049
-0.236651
-0.233088
-0.222923
-0.205781
-0.183364
-0.158454
-0.133811
-0.111554
-0.0930001
-0.0787541
-0.0687434
-0.0623588
-0.0585347
-0.0559679
-0.053479
-0.0503379
-0.0463544
-0.0417284
-0.0368297
-0.032021
-0.02757
-0.0236346
-0.0202823
-0.0175194
-0.0153141
-0.0136137
-0.0123528
-0.0114571
-0.0108491
-0.0104487
-0.010174
-0.00994982
-0.00971534
-0.00943001
-0.00907576
-0.00865474
-0.00818206
-0.00767935
-0.00716918
-0.00667138
-0.00620126
-0.0057691
-0.00538041
-0.00503671
-0.00473632
-0.00447521
-0.00424787
-0.00404797
-0.00386904
-0.00370503
-0.00355066
-0.00340177
-0.00325544
-0.00310999
-0.00296485
-0.00282028
-0.00267715
-0.00253661
-0.00239987
-0.00226802
-0.00214191
-0.00202211
-0.00190887
-0.0018022
-0.00170185
-0.00160742
-0.0015184
-0.00143426
-0.00135445
-0.00127847
-0.0012059
-0.00113639
-0.00106967
-0.00100555
-0.000943912
-0.000884664
-0.000827765
-0.000773189
-0.000720921
-0.000670945
-0.000623242
-0.000577786
-0.000534541
-0.000493467
-0.000454513
-0.000417629
-0.000382762
-0.000349863
-0.000318887
-0.000289795
-0.000262556
-0.000237147
-0.000213553
-0.000191758
-0.000171742
-0.000153457
-0.000136812
-0.00012165
-0.000107738
-9.47797e-05
-8.24567e-05
-7.05054e-05
-5.87952e-05
-4.74018e-05
-3.66238e-05
-2.69047e-05
-1.86881e-05
-1.22594e-05
-7.64585e-06
-4.62374e-06
-2.82451e-06
-1.86497e-06
-1.4453e-06
-1.36056e-06
-1.46234e-06
-1.61988e-06
-1.71515e-06
-1.66713e-06
-1.46016e-06
-1.14465e-06
-8.01046e-07
-5.02087e-07
-2.85321e-07
-1.50896e-07
-7.73192e-08
-3.96002e-08
-2.09398e-08
-1.03016e-08
-1.24864e-08
-4.96291e-09
-4.74968e-08
1.17512e-08
-2.15555e-07
2.09387e-07
-9.81559e-07
1.58555e-06
0.0754666
0.0748497
0.0727419
0.0690703
0.0627933
0.0523113
0.0356941
0.00962353
-0.0266447
-0.0757025
-0.124469
-0.158934
-0.188727
-0.211914
-0.228792
-0.240438
-0.24678
-0.248324
-0.245995
-0.241581
-0.237319
-0.23533
-0.236678
-0.240557
-0.243904
-0.242405
-0.232627
-0.213998
-0.188777
-0.160597
-0.13293
-0.108329
-0.0883083
-0.073532
-0.0638424
-0.0584438
-0.0559788
-0.0547758
-0.0533295
-0.0507608
-0.0469115
-0.0421255
-0.0369302
-0.0318047
-0.0270826
-0.022948
-0.0194723
-0.016655
-0.0144545
-0.0128078
-0.0116392
-0.0108629
-0.0103903
-0.0101292
-0.00998489
-0.0098702
-0.00971655
-0.00948032
-0.00914545
-0.00872054
-0.00822846
-0.00769843
-0.00715926
-0.00663513
-0.00614405
-0.00569752
-0.00530124
-0.00495616
-0.00465955
-0.0044061
-0.00418892
-0.00400034
-0.00383271
-0.00367901
-0.00353326
-0.00339092
-0.00324899
-0.00310592
-0.00296145
-0.00281627
-0.0026717
-0.00252931
-0.00239068
-0.00225717
-0.00212981
-0.00200926
-0.0018958
-0.00178935
-0.00168961
-0.00159606
-0.00150809
-0.00142503
-0.00134628
-0.00127126
-0.00119951
-0.00113065
-0.00106443
-0.00100067
-0.00093926
-0.000880152
-0.00082333
-0.000768795
-0.00071655
-0.000666598
-0.000618928
-0.000573519
-0.000530334
-0.000489328
-0.000450447
-0.000413632
-0.000378823
-0.000345967
-0.000315012
-0.000285917
-0.000258651
-0.000233191
-0.000209523
-0.000187635
-0.00016751
-0.000149109
-0.000132352
-0.000117098
-0.000103134
-9.01881e-05
-7.79588e-05
-6.62023e-05
-5.47923e-05
-4.37867e-05
-3.34558e-05
-2.4201e-05
-1.64237e-05
-1.03777e-05
-6.07868e-06
-3.3169e-06
-1.74542e-06
-1.00934e-06
-8.26208e-07
-9.84886e-07
-1.3136e-06
-1.64997e-06
-1.85209e-06
-1.8341e-06
-1.59773e-06
-1.224e-06
-8.23147e-07
-4.86176e-07
-2.54056e-07
-1.2015e-07
-5.34963e-08
-2.26348e-08
-7.92838e-09
6.35938e-11
-1.53559e-09
1.92943e-09
-3.39914e-08
8.24734e-09
-1.93514e-07
1.68045e-07
-9.65802e-07
1.47623e-06
0.080151
0.0797813
0.0784928
0.075964
0.0711068
0.0621061
0.0464045
0.0195535
-0.0204043
-0.078785
-0.13541
-0.1707
-0.201241
-0.224279
-0.240545
-0.251427
-0.256551
-0.256343
-0.251722
-0.244881
-0.238723
-0.236134
-0.238709
-0.245589
-0.252707
-0.254113
-0.244953
-0.224416
-0.195572
-0.163231
-0.131796
-0.104333
-0.0825609
-0.0671861
-0.0579582
-0.0538687
-0.0531837
-0.0537333
-0.0535673
-0.0516385
-0.0478607
-0.0427893
-0.0371642
-0.031612
-0.0265407
-0.0221577
-0.0185314
-0.0156495
-0.013457
-0.0118773
-0.0108218
-0.0101893
-0.00987874
-0.00978483
-0.00979667
-0.00981196
-0.00975197
-0.00956923
-0.00925084
-0.00881441
-0.00829302
-0.00772552
-0.00714832
-0.00659079
-0.00607386
-0.00561022
-0.00520548
-0.00485966
-0.00456859
-0.00432528
-0.00412107
-0.00394663
-0.00379289
-0.00365167
-0.00351623
-0.00338157
-0.00324455
-0.00310384
-0.00295962
-0.00281315
-0.00266634
-0.00252135
-0.00238018
-0.00224452
-0.00211562
-0.0019942
-0.00188053
-0.00177446
-0.00167555
-0.00158314
-0.00149648
-0.00141478
-0.00133731
-0.00126343
-0.00119263
-0.00112452
-0.00105885
-0.000995447
-0.000934258
-0.000875265
-0.00081849
-0.000763967
-0.000711725
-0.000661784
-0.000614144
-0.000568786
-0.000525672
-0.000484752
-0.000445961
-0.000409233
-0.000374499
-0.000341695
-0.000310766
-0.000281667
-0.000254363
-0.000228833
-0.000205062
-0.000183042
-0.000162759
-0.000144183
-0.000127246
-0.000111829
-9.77503e-05
-8.47718e-05
-7.26328e-05
-6.11037e-05
-5.00803e-05
-3.9606e-05
-2.98875e-05
-2.12641e-05
-1.40676e-05
-8.50156e-06
-4.5671e-06
-2.06521e-06
-6.97521e-07
-1.66198e-07
-2.16136e-07
-6.3413e-07
-1.21625e-06
-1.75463e-06
-2.07231e-06
-2.07556e-06
-1.78886e-06
-1.33229e-06
-8.54803e-07
-4.69319e-07
-2.1904e-07
-8.6885e-08
-2.90659e-08
-5.99658e-09
4.85693e-09
1.06986e-08
1.04699e-08
9.83339e-09
-1.68393e-08
4.93004e-09
-1.56547e-07
1.13526e-07
-8.86212e-07
1.25744e-06
0.0849868
0.0849071
0.0845826
0.0834451
0.0804049
0.0734805
0.0593537
0.0322261
-0.0121486
-0.0835565
-0.150146
-0.18519
-0.216485
-0.239131
-0.254379
-0.264139
-0.267667
-0.265237
-0.257706
-0.247751
-0.239094
-0.235686
-0.239948
-0.250991
-0.263437
-0.26896
-0.260742
-0.237704
-0.204132
-0.166483
-0.130357
-0.099405
-0.0755442
-0.0595345
-0.0509687
-0.0485781
-0.0501777
-0.0529315
-0.054371
-0.0531602
-0.0493524
-0.0438153
-0.03758
-0.0314587
-0.0259419
-0.0212528
-0.0174467
-0.0144901
-0.0123082
-0.0108082
-0.00988751
-0.00942907
-0.00931544
-0.00942426
-0.00962352
-0.00979171
-0.00983784
-0.00971093
-0.00940311
-0.008944
-0.00837987
-0.00776183
-0.00713552
-0.00653617
-0.00598781
-0.00550412
-0.00509026
-0.00474482
-0.0044617
-0.0042317
-0.00404398
-0.00388717
-0.00375042
-0.00362416
-0.0035007
-0.00337461
-0.00324277
-0.0031042
-0.00295966
-0.00281114
-0.00266126
-0.00251282
-0.00236838
-0.00223002
-0.00209921
-0.00197675
-0.00186288
-0.00175733
-0.0016595
-0.00156853
-0.0014835
-0.00140346
-0.00132754
-0.00125502
-0.00118532
-0.00111806
-0.00105297
-0.000989952
-0.000928967
-0.000870056
-0.000813288
-0.000758739
-0.00070647
-0.000656522
-0.000608904
-0.000563601
-0.000520572
-0.000479754
-0.000441076
-0.000404456
-0.000369815
-0.00033708
-0.000306186
-0.000277084
-0.000249736
-0.00022412
-0.000200222
-0.000178036
-0.000157553
-0.000138751
-0.000121579
-0.000105946
-9.17098e-05
-7.86801e-05
-6.66458e-05
-5.54181e-05
-4.4884e-05
-3.50718e-05
-2.61388e-05
-1.83093e-05
-1.18178e-05
-6.79777e-06
-3.22349e-06
-9.40207e-07
2.69825e-07
6.36376e-07
3.69181e-07
-3.17505e-07
-1.17584e-06
-1.93636e-06
-2.37507e-06
-2.38755e-06
-2.02716e-06
-1.46235e-06
-8.89891e-07
-4.4757e-07
-1.78654e-07
-5.11883e-08
-4.94807e-09
9.2678e-09
1.6594e-08
2.11006e-08
2.3229e-08
1.86857e-08
4.16994e-09
2.22193e-09
-1.01739e-07
4.59114e-08
-7.19826e-07
9.05619e-07
0.0898587
0.0901123
0.0908931
0.0914174
0.0906506
0.0865934
0.0749973
0.0486701
-0.000960572
-0.0909775
-0.171066
-0.202941
-0.233594
-0.255381
-0.269818
-0.278797
-0.280853
-0.275967
-0.264782
-0.250654
-0.238545
-0.233895
-0.240273
-0.256892
-0.276659
-0.288002
-0.281189
-0.254824
-0.215014
-0.170539
-0.128559
-0.0933821
-0.0670624
-0.0503388
-0.0426728
-0.0425427
-0.0471477
-0.0527327
-0.0560646
-0.0555915
-0.0515717
-0.0453093
-0.0382227
-0.0313535
-0.0252768
-0.0202162
-0.0161976
-0.0131564
-0.0109931
-0.00959549
-0.00883961
-0.0085871
-0.00870482
-0.00905305
-0.00947402
-0.00982089
-0.00998685
-0.00991702
-0.00961137
-0.00911554
-0.00849249
-0.00780835
-0.00711991
-0.00646914
-0.00588332
-0.00537675
-0.00495351
-0.00461015
-0.00433796
-0.00412497
-0.00395759
-0.00382198
-0.0037053
-0.00359653
-0.00348697
-0.00337066
-0.00324445
-0.00310779
-0.00296218
-0.00281054
-0.00265649
-0.00250362
-0.00235513
-0.00221354
-0.00208051
-0.00195693
-0.00184295
-0.00173814
-0.00164167
-0.00155247
-0.00146938
-0.00139127
-0.00131713
-0.00124613
-0.00117767
-0.00111131
-0.00104685
-0.000984198
-0.000923392
-0.00086453
-0.000807735
-0.000753131
-0.000700814
-0.000650848
-0.000603253
-0.000558014
-0.000515084
-0.000474392
-0.000435848
-0.000399361
-0.000364835
-0.000332185
-0.000301339
-0.00027224
-0.000244849
-0.00021914
-0.000195104
-0.000172734
-0.000152028
-0.000132975
-0.000115546
-9.96827e-05
-8.52893e-05
-7.22333e-05
-6.03579e-05
-4.95138e-05
-3.96002e-05
-3.0593e-05
-2.25531e-05
-1.56047e-05
-9.86339e-06
-5.37976e-06
-2.12467e-06
7.15199e-10
1.12631e-06
1.38345e-06
9.24228e-07
-3.27202e-08
-1.18253e-06
-2.17836e-06
-2.73859e-06
-2.74618e-06
-2.28925e-06
-1.59479e-06
-9.14175e-07
-4.11643e-07
-1.27437e-07
-1.00691e-08
2.04744e-08
2.40573e-08
2.77486e-08
3.14714e-08
3.66797e-08
2.83995e-08
2.88262e-08
4.23061e-10
-2.76388e-08
-3.334e-08
-4.47671e-07
4.07493e-07
0.0946343
0.0952565
0.0972711
0.0997085
0.101726
0.101438
0.0937192
0.0699158
0.0138094
-0.101704
-0.198557
-0.225981
-0.256303
-0.275809
-0.288162
-0.295683
-0.295703
-0.287697
-0.271915
-0.252508
-0.235739
-0.229337
-0.238608
-0.262828
-0.292464
-0.3118
-0.307231
-0.2767
-0.22882
-0.175648
-0.126408
-0.0861146
-0.0569157
-0.0395134
-0.0330966
-0.0357455
-0.0440317
-0.0530802
-0.0586844
-0.0590111
-0.054612
-0.0473454
-0.0391334
-0.0313079
-0.0245391
-0.0190353
-0.0147736
-0.0116419
-0.00950581
-0.00822796
-0.00766573
-0.00766013
-0.00805419
-0.00868275
-0.00935764
-0.00990509
-0.0102006
-0.010187
-0.00987581
-0.00932953
-0.00863087
-0.00786476
-0.00710114
-0.00638945
-0.00576036
-0.00522842
-0.00479603
-0.00445688
-0.0041989
-0.00400661
-0.00386324
-0.00375223
-0.00365846
-0.00356916
-0.00347463
-0.00336858
-0.00324803
-0.00311306
-0.00296603
-0.00281083
-0.00265202
-0.0024941
-0.00234099
-0.0021957
-0.00206017
-0.00193533
-0.00182123
-0.00171726
-0.00162233
-0.0015351
-0.00145417
-0.00137819
-0.00130601
-0.00123669
-0.00116956
-0.0011042
-0.0010404
-0.000978136
-0.000917512
-0.000858688
-0.000801853
-0.000747179
-0.000694803
-0.000644811
-0.000597237
-0.000552066
-0.000509246
-0.000468691
-0.000430299
-0.000393961
-0.000359569
-0.000327023
-0.000296242
-0.000267161
-0.000239739
-0.000213949
-0.000189783
-0.000167239
-0.000146322
-0.000127036
-0.000109375
-9.33186e-05
-7.8822e-05
-6.58091e-05
-5.41772e-05
-4.38086e-05
-3.45942e-05
-2.646e-05
-1.93701e-05
-1.33141e-05
-8.28981e-06
-4.28196e-06
-1.25976e-06
8.05065e-07
1.92493e-06
2.12274e-06
1.4926e-06
2.64899e-07
-1.18604e-06
-2.4242e-06
-3.10405e-06
-3.09652e-06
-2.52947e-06
-1.69643e-06
-9.06416e-07
-3.49365e-07
-5.88632e-08
4.00346e-08
4.93201e-08
3.96845e-08
3.90364e-08
4.20998e-08
5.07547e-08
3.8894e-08
5.65934e-08
-1.21646e-10
6.50578e-08
-1.21081e-07
-6.10828e-08
-2.33095e-07
0.0991661
0.100185
0.103523
0.108116
0.113419
0.118118
0.116121
0.0988301
0.0342928
-0.124984
-0.239941
-0.24953
-0.278609
-0.297814
-0.309474
-0.315974
-0.313989
-0.30235
-0.280739
-0.254598
-0.232082
-0.222547
-0.233346
-0.265073
-0.306492
-0.336634
-0.336535
-0.302517
-0.245656
-0.182211
-0.12433
-0.0781246
-0.0457475
-0.0275379
-0.0224672
-0.0282903
-0.0405725
-0.0533038
-0.0614483
-0.0627868
-0.058103
-0.0497536
-0.0402475
-0.0313045
-0.0237301
-0.0177176
-0.0131836
-0.00996117
-0.00787745
-0.00676013
-0.00643035
-0.00669112
-0.00736758
-0.00828399
-0.00922432
-0.00998603
-0.010425
-0.010477
-0.0101642
-0.00956656
-0.00878647
-0.00792963
-0.00708218
-0.00630304
-0.0056269
-0.00506839
-0.00462753
-0.00429429
-0.00405246
-0.00388261
-0.00376442
-0.0036784
-0.0036076
-0.00353811
-0.00345939
-0.00336457
-0.00325059
-0.0031179
-0.00296965
-0.00281083
-0.00264719
-0.00248418
-0.00232647
-0.00217751
-0.00203952
-0.00191346
-0.00179928
-0.00169615
-0.00160274
-0.00151743
-0.00143858
-0.00136467
-0.00129437
-0.00122668
-0.00116085
-0.00109647
-0.00103335
-0.00097152
-0.000911123
-0.000852389
-0.000795561
-0.00074086
-0.000688459
-0.000638467
-0.000590932
-0.000545841
-0.000503137
-0.000462724
-0.000424489
-0.000388306
-0.000354053
-0.000321621
-0.000290917
-0.000261873
-0.000234443
-0.000208601
-0.000184341
-0.000161667
-0.000140595
-0.000121143
-0.000103333
-8.71804e-05
-7.26859e-05
-5.98226e-05
-4.85284e-05
-3.87045e-05
-3.02247e-05
-2.29484e-05
-1.67371e-05
-1.14668e-05
-7.03398e-06
-3.37091e-06
-4.67779e-07
1.61822e-06
2.78292e-06
2.94527e-06
2.14986e-06
6.48928e-07
-1.10579e-06
-2.58574e-06
-3.38223e-06
-3.35806e-06
-2.6842e-06
-1.72323e-06
-8.39576e-07
-2.45334e-07
3.60539e-08
1.05069e-07
8.59478e-08
5.92575e-08
5.23726e-08
5.38874e-08
6.55895e-08
5.00859e-08
8.64365e-08
7.50997e-10
1.72705e-07
-2.12677e-07
4.31371e-07
-9.89544e-07
0.103295
0.104714
0.109418
0.116272
0.12537
0.135918
0.142394
0.134658
0.0624011
-0.135164
-0.307768
-0.295822
-0.311571
-0.320334
-0.327106
-0.331401
-0.327709
-0.314235
-0.289149
-0.257927
-0.229729
-0.216083
-0.225945
-0.261274
-0.311303
-0.352722
-0.360581
-0.327001
-0.263535
-0.190492
-0.123799
-0.071336
-0.0357279
-0.017112
-0.0131306
-0.0204501
-0.0349201
-0.0505174
-0.0615319
-0.0648341
-0.0607394
-0.0518886
-0.0413321
-0.0313085
-0.0228976
-0.0163498
-0.0115443
-0.0082533
-0.00625014
-0.00531033
-0.00521977
-0.00574907
-0.00667919
-0.00782719
-0.00897775
-0.00992725
-0.0105166
-0.0106663
-0.0103889
-0.00977193
-0.00893074
-0.00799573
-0.00707115
-0.00622756
-0.00550586
-0.00492173
-0.00447282
-0.00414511
-0.00391781
-0.00376729
-0.00367011
-0.00360504
-0.00355352
-0.00350046
-0.00343496
-0.00335013
-0.00324286
-0.00311387
-0.00296675
-0.00280693
-0.00264072
-0.00247434
-0.00231318
-0.00216127
-0.00202115
-0.0018939
-0.00177943
-0.00167678
-0.00158439
-0.00150049
-0.00142323
-0.00135095
-0.0012822
-0.00121588
-0.00115122
-0.00108778
-0.00102538
-0.000964058
-0.000904007
-0.000845489
-0.000788789
-0.000734165
-0.000681818
-0.000631882
-0.000584416
-0.000539416
-0.000496823
-0.000456538
-0.000418439
-0.000382393
-0.000348268
-0.000315945
-0.000285325
-0.000256337
-0.000228931
-0.000203084
-0.000178792
-0.000156068
-0.000134936
-0.000115433
-9.76021e-05
-8.14898e-05
-6.71295e-05
-5.45265e-05
-4.36403e-05
-3.43725e-05
-2.65675e-05
-2.00257e-05
-1.45241e-05
-9.84642e-06
-5.82034e-06
-2.35662e-06
5.19631e-07
2.6666e-06
3.87565e-06
3.98224e-06
3.00084e-06
1.21644e-06
-8.41355e-07
-2.55892e-06
-3.47298e-06
-3.44551e-06
-2.69137e-06
-1.63674e-06
-6.93637e-07
-9.0456e-08
1.61789e-07
1.88307e-07
1.33334e-07
8.51691e-08
6.92547e-08
6.74794e-08
8.11134e-08
6.17565e-08
1.16846e-07
3.03149e-09
2.88426e-07
-3.02319e-07
9.98878e-07
-1.8103e-06
0.106859
0.108664
0.114676
0.123846
0.136972
0.15483
0.173264
0.189215
0.103137
-0.124456
-0.341098
-0.304463
-0.32374
-0.331067
-0.334285
-0.338022
-0.335254
-0.322885
-0.297556
-0.265212
-0.235232
-0.218736
-0.224289
-0.256176
-0.306987
-0.354632
-0.37132
-0.343043
-0.278672
-0.200226
-0.127133
-0.0700578
-0.0323863
-0.0134751
-0.00950007
-0.0164887
-0.030154
-0.0449486
-0.0568631
-0.0625139
-0.0605224
-0.0525386
-0.04184
-0.0312149
-0.0221744
-0.0151707
-0.0101335
-0.00682119
-0.00496531
-0.00427297
-0.00442118
-0.00511111
-0.00609944
-0.00729558
-0.00850875
-0.00955587
-0.0102803
-0.0105752
-0.0103977
-0.00983849
-0.00900525
-0.00804167
-0.00707372
-0.00618781
-0.00543395
-0.00483104
-0.00437566
-0.0040502
-0.00383006
-0.00368866
-0.00360057
-0.0035431
-0.00349836
-0.00345264
-0.0033951
-0.0033181
-0.00321804
-0.0030948
-0.00295146
-0.00279368
-0.00262833
-0.00246203
-0.00230045
-0.00214793
-0.00200724
-0.00187962
-0.00176504
-0.00166252
-0.00157047
-0.00148703
-0.00141034
-0.00133867
-0.00127056
-0.00120489
-0.00114088
-0.00107805
-0.00101623
-0.000955437
-0.000895848
-0.000837729
-0.000781364
-0.000727019
-0.000674903
-0.00062516
-0.00057786
-0.000533004
-0.000490541
-0.000450374
-0.000412384
-0.000376437
-0.000342401
-0.000310156
-0.000279603
-0.000250669
-0.000223309
-0.0001975
-0.000173244
-0.000150558
-0.000129478
-0.000110052
-9.23409e-05
-7.64069e-05
-6.23003e-05
-5.00373e-05
-3.95781e-05
-3.08106e-05
-2.35478e-05
-1.75413e-05
-1.25114e-05
-8.19148e-06
-4.37967e-06
-9.91633e-07
1.90354e-06
4.09268e-06
5.29231e-06
5.28685e-06
4.08383e-06
2.00794e-06
-3.42192e-07
-2.2856e-06
-3.31941e-06
-3.31309e-06
-2.52263e-06
-1.42479e-06
-4.67201e-07
1.12264e-07
3.15474e-07
2.88721e-07
1.91932e-07
1.183e-07
9.02408e-08
8.29705e-08
9.68763e-08
7.34038e-08
1.4579e-07
6.37757e-09
4.02354e-07
-3.83724e-07
1.58771e-06
-2.62195e-06
0.109701
0.111834
0.119012
0.130208
0.147438
0.171943
0.207669
0.214091
0.194103
-0.142354
-0.434773
-0.322864
-0.32487
-0.329832
-0.330866
-0.334548
-0.332676
-0.323373
-0.302901
-0.275584
-0.248249
-0.230667
-0.231264
-0.255598
-0.299816
-0.346206
-0.367622
-0.346521
-0.287057
-0.210035
-0.136139
-0.0781731
-0.0412061
-0.0244363
-0.0219775
-0.0262239
-0.0326839
-0.0409965
-0.0498053
-0.0559999
-0.0564537
-0.0507581
-0.0412186
-0.0308711
-0.021708
-0.014535
-0.00945677
-0.00626458
-0.00463515
-0.00418372
-0.00452486
-0.00529634
-0.00622811
-0.00718729
-0.00813892
-0.00900208
-0.00967779
-0.010053
-0.0100517
-0.00962929
-0.00889568
-0.0079983
-0.00706201
-0.00618672
-0.00543579
-0.00483467
-0.00438161
-0.0040582
-0.00383779
-0.00369188
-0.00359484
-0.00352658
-0.00347059
-0.00341392
-0.00334831
-0.00326769
-0.00316808
-0.00304892
-0.00291232
-0.00276212
-0.00260366
-0.00244303
-0.00228589
-0.00213667
-0.00199828
-0.0018721
-0.00175825
-0.00165588
-0.00156356
-0.00147958
-0.00140219
-0.00132982
-0.00126112
-0.00119503
-0.00113081
-0.001068
-0.00100639
-0.000945965
-0.000886853
-0.000829264
-0.000773436
-0.000719598
-0.000667937
-0.00061858
-0.000571593
-0.00052698
-0.000484695
-0.000444654
-0.000406747
-0.000370853
-0.000336852
-0.000304633
-0.000274106
-0.000245204
-0.000217886
-0.000192137
-0.00016796
-0.000145379
-0.000124436
-0.000105185
-8.76949e-05
-7.20305e-05
-5.82416e-05
-4.63373e-05
-3.62636e-05
-2.78869e-05
-2.09936e-05
-1.53072e-05
-1.05234e-05
-6.36088e-06
-2.62061e-06
7.58202e-07
3.66539e-06
5.83874e-06
6.95313e-06
6.77418e-06
5.32189e-06
2.96125e-06
3.44149e-07
-1.80361e-06
-2.95696e-06
-2.99852e-06
-2.21844e-06
-1.12759e-06
-1.9611e-07
3.34598e-07
4.77519e-07
3.94238e-07
2.54949e-07
1.54929e-07
1.13137e-07
9.89266e-08
1.11624e-07
8.40871e-08
1.7085e-07
1.01416e-08
5.02775e-07
-4.50851e-07
2.12706e-06
-3.33831e-06
0.111681
0.114067
0.122102
0.134963
0.155298
0.186868
0.23557
0.275964
0.332558
-0.112906
-0.325773
-0.3239
-0.32852
-0.329566
-0.331668
-0.32968
-0.322659
-0.307798
-0.288528
-0.269078
-0.254984
-0.250848
-0.262068
-0.290355
-0.325885
-0.346464
-0.333244
-0.284238
-0.216354
-0.14907
-0.0976272
-0.0682284
-0.0565674
-0.0525089
-0.0498014
-0.0448704
-0.0418865
-0.0428448
-0.0462667
-0.0482075
-0.0455751
-0.0386306
-0.0298682
-0.0214943
-0.0147147
-0.0099379
-0.00711048
-0.00593372
-0.00593022
-0.00652191
-0.00723332
-0.00775631
-0.00806824
-0.00830767
-0.00858444
-0.00889714
-0.00914373
-0.00919667
-0.00897201
-0.00845704
-0.00773095
-0.00693184
-0.0061579
-0.00547927
-0.00492949
-0.00451087
-0.00420543
-0.00398646
-0.00382712
-0.00370408
-0.00359923
-0.00350206
-0.00340872
-0.00331422
-0.00321344
-0.0031034
-0.00298199
-0.00284853
-0.00270543
-0.00255719
-0.00240806
-0.00226192
-0.00212226
-0.00199146
-0.00187077
-0.00176035
-0.00165955
-0.00156726
-0.00148214
-0.00140285
-0.00132819
-0.00125717
-0.001189
-0.00112314
-0.00105921
-0.000997006
-0.000936465
-0.000877621
-0.000820572
-0.000765448
-0.000712374
-0.000661455
-0.000612763
-0.000566328
-0.000522139
-0.000480151
-0.000440292
-0.000402472
-0.000366594
-0.000332563
-0.000300293
-0.000269715
-0.000240777
-0.000213451
-0.000187727
-0.000163617
-0.000141145
-0.000120356
-0.000101304
-8.40535e-05
-6.86643e-05
-5.51743e-05
-4.35764e-05
-3.3797e-05
-2.56824e-05
-1.90015e-05
-1.34662e-05
-8.77012e-06
-4.64047e-06
-8.97354e-07
2.49261e-06
5.38848e-06
7.50136e-06
8.49143e-06
8.12701e-06
6.44854e-06
3.85355e-06
1.02795e-06
-1.27866e-06
-2.53354e-06
-2.63231e-06
-1.88835e-06
-8.32066e-07
5.48592e-08
5.31109e-07
6.17668e-07
4.85504e-07
3.10338e-07
1.87693e-07
1.33452e-07
1.12566e-07
1.23371e-07
9.24412e-08
1.89451e-07
1.34196e-08
5.77911e-07
-4.98629e-07
2.5414e-06
-3.87421e-06
0.112698
0.115217
0.123722
0.13747
0.15966
0.195196
0.2529
0.320925
0.430775
-0.319593
-0.325557
-0.324879
-0.3253
-0.322788
-0.318818
-0.311724
-0.304028
-0.29633
-0.288849
-0.280896
-0.275942
-0.280388
-0.294982
-0.30747
-0.300257
-0.264427
-0.212283
-0.160666
-0.124719
-0.107191
-0.0999556
-0.0910188
-0.0748833
-0.0574326
-0.0433789
-0.0357544
-0.0343575
-0.0359976
-0.0363938
-0.0332054
-0.027299
-0.0208274
-0.0153207
-0.0115516
-0.00965458
-0.00929162
-0.00980919
-0.0104653
-0.0107203
-0.0104243
-0.00970219
-0.0089374
-0.00836911
-0.00806898
-0.00797262
-0.00793586
-0.00781274
-0.00753503
-0.00709585
-0.00654775
-0.00598726
-0.00548021
-0.00506071
-0.00473278
-0.00448066
-0.00428009
-0.00410574
-0.00394082
-0.00377981
-0.00362135
-0.00346492
-0.00331303
-0.00316772
-0.00302806
-0.00289204
-0.00275803
-0.00262452
-0.00249065
-0.00235773
-0.00222799
-0.00210337
-0.00198516
-0.00187402
-0.00176995
-0.00167249
-0.00158095
-0.00149456
-0.00141262
-0.00133456
-0.00125993
-0.00118837
-0.00111964
-0.00105354
-0.00098993
-0.000928709
-0.000869801
-0.000813159
-0.000758754
-0.000706564
-0.000656568
-0.000608737
-0.000563034
-0.000519412
-0.000477816
-0.000438186
-0.000400457
-0.000364564
-0.000330448
-0.000298058
-0.000267352
-0.000238302
-0.000210896
-0.000185133
-0.000161027
-0.000138607
-0.000117912
-9.8994e-05
-8.19087e-05
-6.67066e-05
-5.3413e-05
-4.20061e-05
-3.23977e-05
-2.44212e-05
-1.78374e-05
-1.23562e-05
-7.67658e-06
-3.53766e-06
2.23607e-07
3.62194e-06
6.49994e-06
8.55798e-06
9.4542e-06
8.96447e-06
7.14452e-06
4.41061e-06
1.46527e-06
-9.32357e-07
-2.24934e-06
-2.38908e-06
-1.67615e-06
-6.49784e-07
2.04086e-07
6.45102e-07
6.9813e-07
5.38093e-07
3.42698e-07
2.07122e-07
1.45516e-07
1.20556e-07
1.29998e-07
9.71002e-08
1.99406e-07
1.53377e-08
6.18159e-07
-5.23444e-07
2.76684e-06
-4.1612e-06
0.112695
0.115214
0.123719
0.137468
0.159658
0.195194
0.252897
0.331091
0.488742
-0.31823
-0.324
-0.321272
-0.319484
-0.316193
-0.314954
-0.315626
-0.320178
-0.325363
-0.325252
-0.313524
-0.29149
-0.268463
-0.254695
-0.249895
-0.244058
-0.222016
-0.191856
-0.165077
-0.151105
-0.146383
-0.137686
-0.117918
-0.0904031
-0.0633072
-0.0415351
-0.0276574
-0.0217065
-0.0213749
-0.0231207
-0.0235604
-0.0217239
-0.0184013
-0.0153022
-0.0134343
-0.013046
-0.0137184
-0.0146105
-0.0149301
-0.0142745
-0.0127953
-0.011007
-0.00934483
-0.00805929
-0.00721801
-0.00675927
-0.00655284
-0.00645047
-0.00633762
-0.00616252
-0.00592906
-0.00566089
-0.00540467
-0.00518353
-0.00499639
-0.00482574
-0.00464999
-0.00445738
-0.00424433
-0.00401255
-0.00377352
-0.00354202
-0.00332716
-0.00313329
-0.00296062
-0.00280631
-0.00266631
-0.00253692
-0.00241553
-0.00230022
-0.00218981
-0.00208358
-0.00198118
-0.0018823
-0.00178658
-0.0016937
-0.00160343
-0.0015157
-0.0014306
-0.00134834
-0.00126917
-0.0011933
-0.00112086
-0.00105189
-0.000986323
-0.00092402
-0.000864793
-0.00080843
-0.000754715
-0.000703448
-0.000654452
-0.000607571
-0.000562683
-0.000519692
-0.000478526
-0.000439134
-0.000401479
-0.000365533
-0.000331278
-0.0002987
-0.000267792
-0.000238552
-0.000210983
-0.000185096
-0.000160907
-0.00013844
-0.000117731
-9.88228e-05
-8.17631e-05
-6.6595e-05
-5.33375e-05
-4.19643e-05
-3.23839e-05
-2.44282e-05
-1.78575e-05
-1.23825e-05
-7.70342e-06
-3.56115e-06
2.05425e-07
3.60935e-06
6.49203e-06
8.55328e-06
9.45123e-06
8.96209e-06
7.14213e-06
4.40807e-06
1.46272e-06
-9.34661e-07
-2.25119e-06
-2.39038e-06
-1.67694e-06
-6.50205e-07
2.03897e-07
6.45026e-07
6.98097e-07
5.38071e-07
3.42681e-07
2.07111e-07
1.45508e-07
1.20551e-07
1.29988e-07
9.70925e-08
1.99382e-07
1.53291e-08
6.181e-07
-5.23437e-07
2.76667e-06
-4.16107e-06
0.111673
0.114059
0.122093
0.134954
0.155289
0.186861
0.235563
0.303115
0.414157
-0.319541
-0.321937
-0.324048
-0.318948
-0.314749
-0.310929
-0.312254
-0.319851
-0.334773
-0.349963
-0.354178
-0.337448
-0.300062
-0.253195
-0.212373
-0.186378
-0.171788
-0.166145
-0.161847
-0.165087
-0.17425
-0.177768
-0.164011
-0.134351
-0.0981115
-0.0646822
-0.0386132
-0.0210677
-0.0115658
-0.00863975
-0.00963428
-0.0117309
-0.013262
-0.0136551
-0.0139369
-0.0148226
-0.0163634
-0.0179401
-0.0187344
-0.0182025
-0.0164237
-0.0140005
-0.0115074
-0.00932393
-0.00764198
-0.00649262
-0.00580991
-0.00547507
-0.00535712
-0.00534439
-0.00536015
-0.00536921
-0.00536622
-0.00535093
-0.00532035
-0.00526013
-0.00515332
-0.00499192
-0.0047701
-0.00449549
-0.00419451
-0.00389029
-0.00359973
-0.00333523
-0.00310349
-0.00290539
-0.00273775
-0.00259536
-0.0024722
-0.00236253
-0.00226192
-0.00216711
-0.00207567
-0.00198587
-0.00189656
-0.00180707
-0.00171723
-0.0016273
-0.00153784
-0.00144965
-0.0013636
-0.00128047
-0.00120091
-0.00112536
-0.00105399
-0.000986807
-0.000923612
-0.000864117
-0.000807968
-0.000754796
-0.000704252
-0.000656027
-0.000609869
-0.000565588
-0.000523049
-0.00048217
-0.000442907
-0.000405249
-0.000369199
-0.000334772
-0.000301987
-0.000270861
-0.000241411
-0.000213654
-0.000187603
-0.000163274
-0.000140685
-0.000119863
-0.000100841
-8.36627e-05
-6.83666e-05
-5.49746e-05
-4.34674e-05
-3.37633e-05
-2.57043e-05
-1.90586e-05
-1.35395e-05
-8.84427e-06
-4.70509e-06
-9.47171e-07
2.45828e-06
5.36706e-06
7.48875e-06
8.48349e-06
8.12064e-06
6.44207e-06
3.84659e-06
1.02093e-06
-1.28504e-06
-2.5387e-06
-2.63596e-06
-1.8906e-06
-8.33254e-07
5.43298e-08
5.30903e-07
6.17581e-07
4.8545e-07
3.10295e-07
1.87664e-07
1.33431e-07
1.12552e-07
1.23342e-07
9.24187e-08
1.89382e-07
1.33945e-08
5.77736e-07
-4.98602e-07
2.5409e-06
-3.87383e-06
0.109686
0.11182
0.118998
0.130194
0.147424
0.171931
0.207656
0.251204
0.264579
-0.249603
-0.327453
-0.326175
-0.323084
-0.315219
-0.309833
-0.306098
-0.310147
-0.323287
-0.345285
-0.365736
-0.370216
-0.347066
-0.297666
-0.235082
-0.177077
-0.136993
-0.118579
-0.122068
-0.140978
-0.16911
-0.193921
-0.199429
-0.179634
-0.142611
-0.101202
-0.0648759
-0.0373134
-0.0186144
-0.0074979
-0.00238828
-0.00169867
-0.00359281
-0.00670527
-0.00989695
-0.0131405
-0.0164032
-0.0192879
-0.0211035
-0.0212867
-0.0198367
-0.0173016
-0.0143713
-0.0115751
-0.00921338
-0.00740536
-0.00614728
-0.00536854
-0.0049675
-0.00483265
-0.00486488
-0.00498635
-0.0051367
-0.0052886
-0.0054172
-0.00549323
-0.00549514
-0.00540712
-0.00522098
-0.00495396
-0.00463531
-0.0042907
-0.0039462
-0.00362271
-0.00333349
-0.00308457
-0.00287602
-0.0027038
-0.00256176
-0.00244303
-0.00234103
-0.00225
-0.00216514
-0.00208275
-0.00200023
-0.00191598
-0.00182929
-0.00174019
-0.00164933
-0.00155778
-0.00146681
-0.00137774
-0.00129169
-0.00120955
-0.00113188
-0.00105895
-0.000990729
-0.000926984
-0.000867338
-0.000811339
-0.000758514
-0.000708414
-0.000660649
-0.000614902
-0.000570939
-0.000528607
-0.00048782
-0.000448547
-0.000410797
-0.000374597
-0.000339986
-0.000307002
-0.000275678
-0.000246042
-0.000218113
-0.000191905
-0.000167428
-0.000144692
-0.000123713
-0.000104516
-8.71351e-05
-7.16085e-05
-5.79625e-05
-4.61891e-05
-3.62234e-05
-2.79259e-05
-2.1082e-05
-1.54176e-05
-1.06339e-05
-6.45647e-06
-2.69372e-06
7.08377e-07
3.63489e-06
5.82133e-06
6.94256e-06
6.76577e-06
5.31312e-06
2.95154e-06
3.34147e-07
-1.8128e-06
-2.96443e-06
-3.00385e-06
-2.22176e-06
-1.12935e-06
-1.96896e-07
3.34299e-07
4.77402e-07
3.94171e-07
2.54896e-07
1.54892e-07
1.13107e-07
9.89052e-08
1.11577e-07
8.40506e-08
1.70735e-07
1.01021e-08
5.02485e-07
-4.50799e-07
2.12622e-06
-3.33763e-06
0.106839
0.108643
0.114656
0.123827
0.136953
0.154813
0.173249
0.189198
0.150681
-0.168374
-0.414822
-0.314858
-0.32253
-0.322219
-0.314842
-0.309034
-0.305881
-0.311573
-0.32741
-0.351853
-0.372371
-0.372573
-0.342477
-0.285748
-0.216799
-0.153483
-0.110012
-0.092736
-0.103276
-0.136082
-0.177077
-0.206787
-0.209451
-0.184326
-0.143747
-0.101302
-0.065388
-0.0384872
-0.0199652
-0.00841335
-0.00253346
-0.000949605
-0.00226084
-0.00506983
-0.00944787
-0.0142454
-0.0185367
-0.0215994
-0.0229068
-0.0223338
-0.0202826
-0.017426
-0.0143935
-0.0116114
-0.00929095
-0.00750331
-0.00623381
-0.00542158
-0.00498164
-0.00482059
-0.00485175
-0.00499371
-0.00518834
-0.00539251
-0.00556094
-0.00565679
-0.00565221
-0.00553706
-0.00532333
-0.00503103
-0.00468723
-0.0043234
-0.0039661
-0.00363425
-0.00333964
-0.00308747
-0.00287746
-0.00270545
-0.0025651
-0.00244914
-0.00235045
-0.00226274
-0.00218081
-0.00210068
-0.00201954
-0.0019357
-0.00184855
-0.00175831
-0.00166587
-0.00157255
-0.00147981
-0.0013891
-0.00130163
-0.00121834
-0.00113979
-0.00106622
-0.000997581
-0.000933601
-0.000873856
-0.00081785
-0.000765068
-0.000715026
-0.000667307
-0.000621575
-0.000577587
-0.000535188
-0.000494297
-0.000454892
-0.000416991
-0.000380634
-0.000345868
-0.000312739
-0.000281282
-0.000251527
-0.000223491
-0.000197183
-0.000172607
-0.000149763
-0.000128656
-0.000109299
-9.17172e-05
-7.59414e-05
-6.19963e-05
-4.98801e-05
-3.95412e-05
-3.08616e-05
-2.36533e-05
-1.76705e-05
-1.26396e-05
-8.30173e-06
-4.4634e-06
-1.04803e-06
1.86975e-06
4.07408e-06
5.2815e-06
5.27831e-06
4.07459e-06
1.99735e-06
-3.53367e-07
-2.29603e-06
-3.32798e-06
-3.31928e-06
-2.5265e-06
-1.42684e-06
-4.68101e-07
1.11945e-07
3.15373e-07
2.88674e-07
1.91893e-07
1.18272e-07
9.02109e-08
8.29459e-08
9.68126e-08
7.3355e-08
1.4563e-07
6.32677e-09
4.01952e-07
-3.83635e-07
1.58654e-06
-2.62095e-06
0.103269
0.104687
0.109392
0.116247
0.125345
0.135896
0.142374
0.134645
0.0624019
-0.135121
-0.307735
-0.295297
-0.308917
-0.310775
-0.307901
-0.304266
-0.303377
-0.311308
-0.328768
-0.352041
-0.367905
-0.362137
-0.327972
-0.270808
-0.204359
-0.144235
-0.103459
-0.0892478
-0.104413
-0.142001
-0.184355
-0.210597
-0.207997
-0.179896
-0.13967
-0.0996409
-0.0663841
-0.0414076
-0.0238661
-0.0124135
-0.00591585
-0.00346486
-0.00424906
-0.00715942
-0.0114642
-0.016124
-0.0201111
-0.0226049
-0.0232475
-0.0222047
-0.0199809
-0.0171883
-0.014335
-0.0117453
-0.0095757
-0.00787533
-0.00663118
-0.00579725
-0.00530981
-0.00509476
-0.0050761
-0.0051837
-0.00535526
-0.0055364
-0.0056785
-0.00574261
-0.00570784
-0.0055698
-0.00533738
-0.00503404
-0.00468907
-0.00432965
-0.0039789
-0.00365394
-0.00336515
-0.00311689
-0.00290872
-0.0027368
-0.00259529
-0.00247753
-0.00237684
-0.00228713
-0.00220323
-0.00212112
-0.00203801
-0.00195229
-0.0018634
-0.00177164
-0.00167796
-0.00158368
-0.00149024
-0.00139904
-0.00131125
-0.00122773
-0.00114899
-0.00107525
-0.00100642
-0.000942229
-0.000882245
-0.000825979
-0.000772924
-0.000722607
-0.000674615
-0.000628621
-0.000584385
-0.000541758
-0.000500661
-0.000461075
-0.000423021
-0.000386536
-0.000351668
-0.000318459
-0.000286943
-0.000257146
-0.00022908
-0.000202749
-0.00017815
-0.000155277
-0.000134125
-0.000114693
-9.69923e-05
-8.10363e-05
-6.68349e-05
-5.43757e-05
-4.36072e-05
-3.44256e-05
-2.66741e-05
-2.01556e-05
-1.46528e-05
-9.95677e-06
-5.90367e-06
-2.41203e-06
4.87327e-07
2.64977e-06
3.86661e-06
3.97522e-06
2.99276e-06
1.20661e-06
-8.52101e-07
-2.56918e-06
-3.48155e-06
-3.45175e-06
-2.6953e-06
-1.63884e-06
-6.94538e-07
-9.07438e-08
1.61734e-07
1.88305e-07
1.33329e-07
8.51613e-08
6.92317e-08
6.74547e-08
8.10348e-08
6.16967e-08
1.16644e-07
2.97326e-09
2.87915e-07
-3.0218e-07
9.97385e-07
-1.80893e-06
0.0991342
0.100153
0.103491
0.108085
0.113389
0.11809
0.116099
0.0988201
0.0343153
-0.124859
-0.239595
-0.248504
-0.275431
-0.289406
-0.294588
-0.297169
-0.30046
-0.309372
-0.324397
-0.341752
-0.350902
-0.341246
-0.308267
-0.257196
-0.199375
-0.147558
-0.112327
-0.100546
-0.114753
-0.148345
-0.184125
-0.203028
-0.196236
-0.168795
-0.132494
-0.0971348
-0.0676044
-0.0449759
-0.028615
-0.0175265
-0.010848
-0.00781645
-0.00770548
-0.00975488
-0.0132907
-0.017211
-0.0204518
-0.022307
-0.0225509
-0.0214092
-0.019334
-0.0168201
-0.0142697
-0.011939
-0.00995511
-0.00836303
-0.00715917
-0.00631237
-0.00577511
-0.00548981
-0.00539464
-0.00542704
-0.00552798
-0.00564612
-0.00573369
-0.00575477
-0.00568917
-0.00553309
-0.00529764
-0.00500267
-0.00467223
-0.00433023
-0.00399671
-0.00368619
-0.00340763
-0.00316511
-0.00295865
-0.00278531
-0.00264021
-0.00251755
-0.00241132
-0.00231599
-0.00222682
-0.00214008
-0.00205315
-0.00196449
-0.00187354
-0.00178053
-0.00168628
-0.00159195
-0.00149881
-0.00140807
-0.00132077
-0.00123764
-0.00115915
-0.00108547
-0.00101651
-0.000952028
-0.000891628
-0.000834863
-0.000781271
-0.000730414
-0.000681911
-0.000635458
-0.000590831
-0.000547882
-0.000506536
-0.000466767
-0.000428585
-0.000392022
-0.000357113
-0.000323895
-0.000292393
-0.000262627
-0.000234605
-0.000208328
-0.00018379
-0.00016098
-0.000139884
-0.000120492
-0.000102793
-8.67765e-05
-7.24208e-05
-5.9684e-05
-4.84941e-05
-3.87475e-05
-3.03165e-05
-2.30624e-05
-1.68511e-05
-1.15649e-05
-7.10789e-06
-3.41946e-06
-4.95204e-07
1.60492e-06
2.77659e-06
2.9405e-06
2.14374e-06
6.40824e-07
-1.11507e-06
-2.59485e-06
-3.38997e-06
-3.36379e-06
-2.68784e-06
-1.72517e-06
-8.40381e-07
-2.45546e-07
3.60683e-08
1.05129e-07
8.59894e-08
5.92799e-08
5.23619e-08
5.38656e-08
6.54975e-08
5.00169e-08
8.61928e-08
6.89761e-10
1.72088e-07
-2.12473e-07
4.29572e-07
-9.87774e-07
0.0945965
0.0952185
0.0972332
0.0996711
0.101689
0.101406
0.093694
0.0699092
0.0138442
-0.101546
-0.198147
-0.224876
-0.253569
-0.269576
-0.277968
-0.283958
-0.289805
-0.298954
-0.311486
-0.324099
-0.328957
-0.318413
-0.289698
-0.247059
-0.199228
-0.156031
-0.125974
-0.115152
-0.125228
-0.150109
-0.175726
-0.18748
-0.179289
-0.155402
-0.124711
-0.0945664
-0.0687865
-0.0484435
-0.0332743
-0.0226092
-0.0157829
-0.0122313
-0.0113425
-0.0124589
-0.0148959
-0.0177463
-0.0201379
-0.0214692
-0.0215198
-0.0204559
-0.0186384
-0.0164536
-0.0142179
-0.0121413
-0.0103372
-0.00885266
-0.00769329
-0.00683994
-0.00625816
-0.00590328
-0.0057255
-0.0056702
-0.00568724
-0.00572973
-0.00575488
-0.00573032
-0.00563752
-0.00547184
-0.00524073
-0.00496035
-0.0046507
-0.00433113
-0.0040181
-0.00372402
-0.00345688
-0.00322057
-0.00301562
-0.00283996
-0.00268982
-0.00256049
-0.00244698
-0.00234451
-0.00224888
-0.00215669
-0.00206552
-0.00197386
-0.00188106
-0.00178722
-0.00169292
-0.00159907
-0.00150672
-0.00141687
-0.00133037
-0.00124785
-0.00116971
-0.0010961
-0.00102697
-0.000962088
-0.000901141
-0.000843734
-0.000789464
-0.000737942
-0.000688829
-0.000641845
-0.00059678
-0.000553493
-0.000511902
-0.00047197
-0.000433696
-0.000397096
-0.000362193
-0.000329013
-0.000297574
-0.000267889
-0.000239963
-0.000213797
-0.000189383
-0.000166708
-0.000145757
-0.000126507
-0.000108928
-9.29773e-05
-7.85912e-05
-6.56812e-05
-5.4136e-05
-4.38331e-05
-3.46617e-05
-2.65487e-05
-1.9461e-05
-1.33935e-05
-8.34982e-06
-4.321e-06
-1.28099e-06
7.95794e-07
1.92146e-06
2.12033e-06
1.48869e-06
2.58916e-07
-1.19338e-06
-2.43166e-06
-3.11056e-06
-3.10141e-06
-2.5326e-06
-1.69809e-06
-9.07077e-07
-3.49487e-07
-5.87758e-08
4.01578e-08
4.94109e-08
3.97396e-08
3.90397e-08
4.20816e-08
5.065e-08
3.8817e-08
5.63102e-08
-1.81685e-10
6.4341e-08
-1.208e-07
-6.31724e-08
-2.3089e-07
0.0898149
0.0900683
0.090849
0.0913734
0.0906078
0.0865544
0.0749669
0.0486618
-0.000921206
-0.0908086
-0.170625
-0.201868
-0.231266
-0.250733
-0.262986
-0.272119
-0.279946
-0.288878
-0.298912
-0.307606
-0.30936
-0.298861
-0.274408
-0.239249
-0.200021
-0.164328
-0.138871
-0.128096
-0.132879
-0.148703
-0.16535
-0.171904
-0.163668
-0.1436
-0.118018
-0.0923942
-0.0698498
-0.0515187
-0.0374406
-0.0272262
-0.0203846
-0.0164346
-0.0148141
-0.0149901
-0.0163823
-0.0182434
-0.0198538
-0.0207074
-0.0206048
-0.0196301
-0.0180463
-0.0161464
-0.0141801
-0.0123226
-0.0106761
-0.00928914
-0.00817441
-0.0073216
-0.00670549
-0.00629132
-0.00603832
-0.00590125
-0.00583737
-0.00580623
-0.00577118
-0.00570359
-0.0055854
-0.00541114
-0.00518568
-0.00492069
-0.00463131
-0.00433304
-0.00403944
-0.00376098
-0.00350469
-0.00327433
-0.00307087
-0.00289307
-0.00273815
-0.00260239
-0.0024817
-0.00237205
-0.00226985
-0.00217213
-0.00207666
-0.001982
-0.00188744
-0.00179288
-0.00169868
-0.00160547
-0.00151405
-0.00142519
-0.00133958
-0.00125774
-0.00118
-0.00110649
-0.00103718
-0.000971901
-0.000910388
-0.000852316
-0.000797342
-0.000745132
-0.000695387
-0.000647858
-0.000602351
-0.000558728
-0.000516901
-0.000476823
-0.000438477
-0.000401863
-0.000366992
-0.000333876
-0.000302527
-0.00027295
-0.000245151
-0.000219126
-0.000194872
-0.000172376
-0.000151622
-0.000132579
-0.0001152
-9.94079e-05
-8.50944e-05
-7.21158e-05
-6.0308e-05
-4.95172e-05
-3.96404e-05
-3.06533e-05
-2.26183e-05
-1.56632e-05
-9.90797e-06
-5.40842e-06
-2.13956e-06
-4.80744e-09
1.12526e-06
1.38302e-06
9.22281e-07
-3.66711e-08
-1.18789e-06
-2.18409e-06
-2.74372e-06
-2.7501e-06
-2.2918e-06
-1.59613e-06
-9.14671e-07
-4.1167e-07
-1.2728e-07
-9.88715e-09
2.06113e-08
2.41433e-08
2.77655e-08
3.14572e-08
3.65629e-08
2.83157e-08
2.85055e-08
3.68426e-10
-2.845e-08
-3.29692e-08
-4.50032e-07
4.10152e-07
0.0849371
0.0848572
0.0845321
0.0833943
0.0803546
0.0734336
0.0593151
0.0322096
-0.012118
-0.0834072
-0.149758
-0.184291
-0.214699
-0.235915
-0.25015
-0.260948
-0.269821
-0.278481
-0.286844
-0.293019
-0.293007
-0.283096
-0.262263
-0.233059
-0.200588
-0.170733
-0.148752
-0.137948
-0.138803
-0.147777
-0.157384
-0.159834
-0.151547
-0.134375
-0.112722
-0.0906704
-0.0707805
-0.0541742
-0.0410768
-0.0312843
-0.0244364
-0.0201453
-0.0179451
-0.0173614
-0.0178732
-0.018875
-0.0197952
-0.0202152
-0.0199449
-0.0190119
-0.0175955
-0.015913
-0.0141594
-0.0124798
-0.0109649
-0.00966242
-0.00858892
-0.00774036
-0.00709863
-0.00663662
-0.0063208
-0.00611407
-0.00598015
-0.00588447
-0.00579566
-0.00568872
-0.00554701
-0.00536412
-0.00514201
-0.0048888
-0.00461596
-0.00433556
-0.00405851
-0.00379359
-0.00354695
-0.00332212
-0.00312034
-0.00294097
-0.00278204
-0.00264069
-0.00251365
-0.00239763
-0.00228955
-0.00218684
-0.00208747
-0.00199008
-0.00189388
-0.00179861
-0.00170443
-0.00161175
-0.00152111
-0.00143312
-0.00134828
-0.00126702
-0.00118962
-0.00111618
-0.0010467
-0.000981052
-0.000919018
-0.000860334
-0.000804713
-0.000751869
-0.000701544
-0.000653512
-0.000607596
-0.000563662
-0.000521618
-0.000481407
-0.000442998
-0.000406377
-0.000371543
-0.000338496
-0.00030724
-0.000277777
-0.000250108
-0.000224232
-0.000200144
-0.000177837
-0.000157292
-0.000138476
-0.000121324
-0.000105733
-9.15485e-05
-7.85729e-05
-6.65886e-05
-5.54026e-05
-4.48993e-05
-3.51059e-05
-2.61802e-05
-1.83484e-05
-1.18484e-05
-6.81737e-06
-3.23297e-06
-9.42693e-07
2.70585e-07
6.37405e-07
3.68795e-07
-3.19722e-07
-1.17942e-06
-1.94048e-06
-2.3789e-06
-2.39055e-06
-2.02913e-06
-1.46337e-06
-8.90228e-07
-4.47515e-07
-1.78441e-07
-5.09607e-08
-4.7748e-09
9.37885e-09
1.66214e-08
2.1089e-08
2.31001e-08
1.85959e-08
3.81383e-09
2.17642e-09
-1.02632e-07
4.63791e-08
-7.22437e-07
9.08736e-07
0.0800955
0.0797253
0.0784358
0.075906
0.0710483
0.0620495
0.0463543
0.0195222
-0.0203956
-0.0786791
-0.135117
-0.170033
-0.2
-0.222255
-0.238295
-0.250725
-0.260677
-0.269347
-0.276615
-0.281042
-0.279835
-0.270514
-0.252539
-0.22796
-0.200744
-0.175474
-0.156232
-0.145441
-0.143341
-0.14721
-0.15164
-0.150987
-0.142536
-0.127389
-0.108637
-0.0893451
-0.0716021
-0.0564524
-0.0442166
-0.0348194
-0.028006
-0.0234519
-0.0207589
-0.019523
-0.0193011
-0.0195951
-0.0199357
-0.0199704
-0.0195228
-0.0185858
-0.0172747
-0.0157473
-0.0141547
-0.0126152
-0.0112076
-0.00997626
-0.00893966
-0.00809776
-0.00743761
-0.0069378
-0.00657133
-0.00630723
-0.00611476
-0.00596446
-0.00582949
-0.00568783
-0.00552422
-0.00533175
-0.00511045
-0.00486548
-0.00460514
-0.00433873
-0.00407501
-0.00382127
-0.00358281
-0.00336288
-0.00316287
-0.00298259
-0.00282065
-0.00267489
-0.00254268
-0.00242131
-0.00230821
-0.00220112
-0.00209827
-0.00199835
-0.00190055
-0.0018045
-0.00171018
-0.00161781
-0.00152775
-0.00144042
-0.00135621
-0.00127544
-0.00119832
-0.00112496
-0.00105535
-0.000989397
-0.000926927
-0.000867723
-0.000811545
-0.000758151
-0.000707315
-0.000658837
-0.000612554
-0.000568336
-0.000526091
-0.000485753
-0.00044728
-0.000410648
-0.000375843
-0.000342857
-0.000311686
-0.000282327
-0.00025478
-0.000229041
-0.000205107
-0.000182973
-0.00016262
-0.000144012
-0.000127071
-0.000111671
-9.76207e-05
-8.46763e-05
-7.2572e-05
-6.10742e-05
-5.0076e-05
-3.96189e-05
-2.9909e-05
-2.12868e-05
-1.40862e-05
-8.51339e-06
-4.57229e-06
-2.06555e-06
-6.95578e-07
-1.64223e-07
-2.15412e-07
-6.35006e-07
-1.21839e-06
-1.75739e-06
-2.07503e-06
-2.07775e-06
-1.79032e-06
-1.33303e-06
-8.54999e-07
-4.69193e-07
-2.18785e-07
-8.66237e-08
-2.88657e-08
-5.86682e-09
4.89172e-09
1.06884e-08
1.03291e-08
9.73842e-09
-1.72285e-08
4.89593e-09
-1.57521e-07
1.14094e-07
-8.89051e-07
1.261e-06
0.0754053
0.0747878
0.0726784
0.0690048
0.0627259
0.0522436
0.0356293
0.00957113
-0.026669
-0.0756583
-0.124298
-0.158525
-0.188006
-0.210879
-0.228039
-0.241444
-0.252008
-0.260592
-0.267088
-0.270425
-0.26866
-0.260119
-0.244569
-0.223691
-0.200601
-0.178885
-0.161718
-0.150982
-0.146784
-0.14702
-0.147634
-0.144606
-0.135879
-0.122114
-0.105496
-0.0883369
-0.0723263
-0.0583994
-0.0469126
-0.0378702
-0.031094
-0.0263244
-0.0232332
-0.0214695
-0.0206497
-0.0203587
-0.0202096
-0.0199052
-0.0192823
-0.0183103
-0.0170581
-0.0156379
-0.0141648
-0.0127341
-0.0114124
-0.01024
-0.00923524
-0.00840063
-0.00772708
-0.00719778
-0.00679059
-0.00647978
-0.00623931
-0.00604367
-0.00586968
-0.00569795
-0.00551461
-0.00531239
-0.00508977
-0.00484977
-0.0045983
-0.00434243
-0.00408912
-0.00384436
-0.00361267
-0.003397
-0.00319875
-0.00301803
-0.00285389
-0.0027047
-0.00256837
-0.00244267
-0.00232543
-0.0022147
-0.00210887
-0.00200673
-0.00190746
-0.0018106
-0.00171601
-0.00162375
-0.00153405
-0.00144717
-0.00136341
-0.00128299
-0.00120608
-0.00113277
-0.00106305
-0.000996846
-0.00093402
-0.000874389
-0.000817752
-0.0007639
-0.000712635
-0.000663778
-0.000617178
-0.000572712
-0.000530285
-0.000489827
-0.000451289
-0.000414637
-0.000379849
-0.000346908
-0.000315805
-0.000286533
-0.000259087
-0.000233462
-0.000209657
-0.000187664
-0.000167466
-0.000149021
-0.000132243
-0.000116986
-0.000103033
-9.01052e-05
-7.7898e-05
-6.61641e-05
-5.47742e-05
-4.37838e-05
-3.34623e-05
-2.42112e-05
-1.64331e-05
-1.03836e-05
-6.08061e-06
-3.31577e-06
-1.74283e-06
-1.00682e-06
-8.24746e-07
-9.84778e-07
-1.31462e-06
-1.65165e-06
-1.85389e-06
-1.83562e-06
-1.59875e-06
-1.22449e-06
-8.23224e-07
-4.85996e-07
-2.53771e-07
-1.19868e-07
-5.32798e-08
-2.24936e-08
-7.89017e-09
5.30433e-11
-1.68832e-09
1.82979e-09
-3.4411e-08
8.22627e-09
-1.9456e-07
1.68714e-07
-9.68846e-07
1.48022e-06
0.0709643
0.0701415
0.0673497
0.0627582
0.0553896
0.0438835
0.0267988
0.00173246
-0.031435
-0.0736647
-0.116355
-0.149339
-0.177975
-0.200973
-0.218861
-0.233029
-0.24414
-0.252779
-0.25884
-0.261529
-0.259501
-0.251687
-0.23809
-0.220121
-0.200257
-0.181326
-0.165812
-0.155148
-0.149375
-0.146885
-0.144712
-0.139904
-0.130911
-0.118118
-0.103089
-0.0875824
-0.0729643
-0.0600531
-0.0492079
-0.0404828
-0.0337579
-0.028823
-0.0254032
-0.0231993
-0.0218852
-0.0211121
-0.0205542
-0.0199583
-0.0191712
-0.0181469
-0.0169215
-0.0155726
-0.0141865
-0.0128389
-0.0115853
-0.0104608
-0.00948307
-0.00865583
-0.00797277
-0.00742055
-0.0069809
-0.00663237
-0.00635259
-0.0061195
-0.00591285
-0.00571544
-0.00551449
-0.00530266
-0.0050774
-0.00484009
-0.00459474
-0.00434666
-0.00410132
-0.00386363
-0.00363744
-0.00342536
-0.00322876
-0.00304794
-0.00288227
-0.0027305
-0.00259097
-0.00246182
-0.00234121
-0.00222744
-0.00211907
-0.00201497
-0.00191433
-0.00181664
-0.00172167
-0.00162938
-0.00153986
-0.00145327
-0.00136981
-0.00128964
-0.00121289
-0.00113962
-0.00106982
-0.00100342
-0.000940314
-0.000880343
-0.000823334
-0.000769108
-0.000717487
-0.000668311
-0.00062144
-0.000576756
-0.000534166
-0.000493595
-0.00045499
-0.00041831
-0.000383525
-0.000350614
-0.000319562
-0.000290356
-0.000262988
-0.000237452
-0.000213744
-0.000191856
-0.000171767
-0.000153431
-0.000136754
-0.000121577
-0.000107662
-9.47099e-05
-8.23991e-05
-7.04631e-05
-5.87682e-05
-4.7388e-05
-3.66195e-05
-2.69057e-05
-1.86906e-05
-1.2261e-05
-7.6455e-06
-4.62167e-06
-2.8216e-06
-1.86221e-06
-1.4434e-06
-1.35977e-06
-1.46255e-06
-1.62074e-06
-1.71625e-06
-1.66813e-06
-1.46084e-06
-1.14495e-06
-8.01027e-07
-5.01865e-07
-2.85017e-07
-1.50602e-07
-7.70934e-08
-3.94527e-08
-2.0901e-08
-1.03139e-08
-1.26507e-08
-5.06675e-09
-4.79441e-08
1.17442e-08
-2.16664e-07
2.10153e-07
-9.84786e-07
1.58992e-06
0.0668536
0.0658636
0.0625152
0.0571995
0.0490111
0.0368171
0.0195533
-0.00448234
-0.0351024
-0.072359
-0.110447
-0.141984
-0.169739
-0.192685
-0.211017
-0.225666
-0.237108
-0.245747
-0.251499
-0.253797
-0.251737
-0.244655
-0.232701
-0.217068
-0.19975
-0.182994
-0.168762
-0.158182
-0.151277
-0.146818
-0.142607
-0.136461
-0.127217
-0.115102
-0.101256
-0.0870274
-0.073522
-0.0614467
-0.0511438
-0.0426945
-0.0360208
-0.0309555
-0.0272712
-0.024712
-0.0229968
-0.0218294
-0.0209326
-0.0200863
-0.0191488
-0.018064
-0.0168443
-0.0155407
-0.0142168
-0.0129318
-0.0117313
-0.0106454
-0.00969003
-0.00886958
-0.00817966
-0.0076096
-0.0071442
-0.00676531
-0.00645358
-0.00618989
-0.00595619
-0.00573707
-0.00552078
-0.00529994
-0.00507129
-0.00483501
-0.00459367
-0.00435119
-0.00411186
-0.00387967
-0.00365788
-0.00344878
-0.00325367
-0.00307293
-0.00290619
-0.00275249
-0.00261047
-0.0024786
-0.00235529
-0.00223905
-0.00212858
-0.00202281
-0.00192096
-0.00182249
-0.0017271
-0.00163467
-0.00154519
-0.00145876
-0.00137548
-0.00129548
-0.00121883
-0.00114557
-0.00107569
-0.00100914
-0.000945807
-0.000885565
-0.00082826
-0.000773732
-0.000721822
-0.000672384
-0.000625287
-0.000580417
-0.000537683
-0.000497009
-0.000458337
-0.000421622
-0.00038683
-0.000353933
-0.000322913
-0.000293753
-0.000266441
-0.000240968
-0.000217326
-0.000195505
-0.00017548
-0.000157197
-0.000140557
-0.000125388
-0.000111444
-9.84156e-05
-8.59758e-05
-7.38533e-05
-6.1919e-05
-5.02624e-05
-3.9198e-05
-2.91861e-05
-2.06854e-05
-1.39901e-05
-9.13031e-06
-5.87933e-06
-3.85901e-06
-2.67995e-06
-2.03709e-06
-1.73438e-06
-1.64057e-06
-1.64569e-06
-1.64678e-06
-1.56493e-06
-1.37149e-06
-1.09394e-06
-7.90536e-07
-5.19483e-07
-3.14492e-07
-1.79758e-07
-1.00478e-07
-5.65817e-08
-3.39117e-08
-2.02216e-08
-2.23868e-08
-1.08385e-08
-5.80733e-08
1.52824e-08
-2.27153e-07
2.39571e-07
-9.58977e-07
1.61764e-06
0.0631393
0.0620159
0.0582222
0.0523464
0.0435528
0.0309148
0.0136536
-0.00940592
-0.0379332
-0.0714886
-0.106035
-0.136143
-0.163006
-0.185726
-0.204275
-0.219244
-0.230945
-0.239637
-0.245245
-0.247363
-0.245393
-0.238963
-0.228328
-0.214526
-0.199188
-0.184126
-0.170904
-0.160419
-0.152688
-0.14678
-0.141062
-0.133916
-0.12446
-0.112831
-0.0998699
-0.086627
-0.074004
-0.0626082
-0.0527564
-0.0445442
-0.0379232
-0.0327597
-0.0288634
-0.0260155
-0.0239742
-0.0224855
-0.0213103
-0.0202534
-0.0191829
-0.0180365
-0.0168094
-0.0155327
-0.0142522
-0.0130136
-0.0118539
-0.0107984
-0.00986119
-0.00904679
-0.00835203
-0.00776822
-0.00728253
-0.00687943
-0.00654205
-0.00625344
-0.00599751
-0.00576027
-0.00553079
-0.00530178
-0.00506948
-0.00483318
-0.00459436
-0.00435585
-0.00412099
-0.00389302
-0.00367469
-0.00346801
-0.00327418
-0.00309365
-0.00292619
-0.00277106
-0.00262715
-0.00249315
-0.00236769
-0.00224944
-0.00213722
-0.00203004
-0.00192712
-0.00182793
-0.0017321
-0.00163947
-0.00154996
-0.00146359
-0.00138041
-0.00130051
-0.00122392
-0.00115066
-0.00108073
-0.00101405
-0.000950543
-0.000890089
-0.000832549
-0.000777779
-0.000725636
-0.000675983
-0.000628697
-0.00058367
-0.00054081
-0.000500043
-0.000461308
-0.000424555
-0.000389747
-0.000356853
-0.000325851
-0.000296719
-0.000269444
-0.000244011
-0.00022041
-0.000198625
-0.000178624
-0.000160349
-0.000143691
-0.000128472
-0.000114443
-0.000101293
-8.87003e-05
-7.64005e-05
-6.42786e-05
-5.24361e-05
-4.11947e-05
-3.10161e-05
-2.23545e-05
-1.54972e-05
-1.04667e-05
-7.0321e-06
-4.81603e-06
-3.43379e-06
-2.5883e-06
-2.09407e-06
-1.83363e-06
-1.71043e-06
-1.63008e-06
-1.51363e-06
-1.32247e-06
-1.06726e-06
-7.90068e-07
-5.37901e-07
-3.40844e-07
-2.05337e-07
-1.21161e-07
-7.18586e-08
-4.54653e-08
-2.88445e-08
-3.06061e-08
-1.55469e-08
-6.54473e-08
1.84499e-08
-2.29581e-07
2.58705e-07
-9.10124e-07
1.59021e-06
0.0598741
0.0586463
0.0545036
0.0482024
0.0389711
0.0260588
0.00890202
-0.0132885
-0.0401207
-0.0709102
-0.102739
-0.13154
-0.15758
-0.180021
-0.198664
-0.213829
-0.225693
-0.234415
-0.23993
-0.241961
-0.240136
-0.234285
-0.224727
-0.212375
-0.198584
-0.184836
-0.172401
-0.16201
-0.153692
-0.146742
-0.139934
-0.13205
-0.122422
-0.111137
-0.0988339
-0.0863454
-0.074414
-0.0635623
-0.0540792
-0.0460652
-0.0394927
-0.0342542
-0.0301908
-0.0271139
-0.024813
-0.0230669
-0.0216658
-0.0204346
-0.0192495
-0.0180445
-0.0168028
-0.0155404
-0.0142894
-0.0130846
-0.0119556
-0.0109237
-0.010001
-0.00919175
-0.00849354
-0.00789917
-0.00739766
-0.00697546
-0.00661769
-0.00630912
-0.0060352
-0.0057831
-0.00554254
-0.00530637
-0.00507049
-0.00483353
-0.00459617
-0.00436039
-0.00412878
-0.00390399
-0.00368834
-0.00348359
-0.00329084
-0.00311055
-0.00294261
-0.00278642
-0.00264107
-0.00250543
-0.00237829
-0.00225845
-0.00214482
-0.00203648
-0.00193266
-0.00183283
-0.0017366
-0.00164374
-0.00155414
-0.00146777
-0.00138464
-0.00130478
-0.00122821
-0.00115495
-0.00108496
-0.00101818
-0.000954538
-0.000893916
-0.000836192
-0.000781233
-0.000728904
-0.000679078
-0.000631639
-0.000586481
-0.000543515
-0.000502666
-0.000463871
-0.00042708
-0.000392251
-0.000359352
-0.000328355
-0.000299238
-0.000271982
-0.000246572
-0.000222989
-0.000201213
-0.000181207
-0.000162901
-0.000146182
-0.000130868
-0.000116708
-0.000103399
-9.06322e-05
-7.81596e-05
-6.58848e-05
-5.39212e-05
-4.25924e-05
-3.23507e-05
-2.36322e-05
-1.6704e-05
-1.15749e-05
-8.01003e-06
-5.63767e-06
-4.0846e-06
-3.06856e-06
-2.41571e-06
-2.02002e-06
-1.79353e-06
-1.64625e-06
-1.49802e-06
-1.30283e-06
-1.05941e-06
-7.98234e-07
-5.57996e-07
-3.65618e-07
-2.28646e-07
-1.39945e-07
-8.56609e-08
-5.56576e-08
-3.61118e-08
-3.71628e-08
-1.90039e-08
-7.03176e-08
2.13697e-08
-2.26782e-07
2.69855e-07
-8.52321e-07
1.53095e-06
0.0570991
0.0557918
0.0513821
0.0447651
0.0352244
0.022153
0.00514674
-0.0163069
-0.0417944
-0.070524
-0.100291
-0.127973
-0.15329
-0.17543
-0.194076
-0.209349
-0.221328
-0.23009
-0.235579
-0.237607
-0.235954
-0.230591
-0.22188
-0.210642
-0.19803
-0.185284
-0.173454
-0.163152
-0.154418
-0.146717
-0.139116
-0.130691
-0.120927
-0.109887
-0.0980706
-0.0861521
-0.0747537
-0.0643289
-0.05514
-0.0472877
-0.0407585
-0.0354653
-0.0312727
-0.0280163
-0.0255111
-0.023562
-0.0219815
-0.0206096
-0.0193293
-0.0180723
-0.0168131
-0.015557
-0.0143254
-0.0131446
-0.0120384
-0.0110244
-0.0101129
-0.00930777
-0.00860715
-0.00800481
-0.00749114
-0.00705415
-0.00668044
-0.00635619
-0.00606802
-0.005804
-0.0055544
-0.00531217
-0.00507303
-0.00483513
-0.00459853
-0.00436459
-0.00413531
-0.00391287
-0.00369925
-0.003496
-0.00330412
-0.00312408
-0.00295583
-0.00279888
-0.00265246
-0.00251557
-0.00238713
-0.00226604
-0.00215129
-0.00204201
-0.00193745
-0.00183707
-0.00174046
-0.00164738
-0.00155767
-0.00147127
-0.00138814
-0.0013083
-0.00123175
-0.00115847
-0.00108843
-0.00102158
-0.00095783
-0.00089708
-0.000839214
-0.000784106
-0.000731632
-0.000681671
-0.000634108
-0.000588845
-0.000545791
-0.000504872
-0.000466025
-0.000429198
-0.000394347
-0.000361437
-0.000330438
-0.000301327
-0.000274081
-0.00024868
-0.000225102
-0.000203319
-0.000183288
-0.000164932
-0.00014813
-0.000132698
-0.000118389
-0.000104911
-9.19691e-05
-7.93392e-05
-6.69433e-05
-5.49059e-05
-4.35484e-05
-3.33076e-05
-2.45953e-05
-1.7654e-05
-1.24753e-05
-8.82021e-06
-6.32516e-06
-4.63223e-06
-3.47604e-06
-2.69516e-06
-2.19262e-06
-1.88536e-06
-1.68473e-06
-1.50851e-06
-1.30518e-06
-1.06527e-06
-8.11447e-07
-5.76707e-07
-3.85625e-07
-2.46305e-07
-1.53609e-07
-9.53774e-08
-6.27446e-08
-4.11654e-08
-4.19346e-08
-2.15216e-08
-7.35905e-08
2.36017e-08
-2.21517e-07
2.75092e-07
-7.95466e-07
1.45851e-06
0.0548457
0.0534797
0.0488724
0.042028
0.0322748
0.0191182
0.00226936
-0.0185915
-0.0430468
-0.0702699
-0.0985089
-0.125284
-0.150004
-0.171871
-0.19048
-0.205812
-0.217862
-0.226652
-0.232131
-0.234178
-0.232682
-0.22771
-0.219651
-0.209254
-0.197526
-0.185528
-0.174154
-0.16393
-0.154912
-0.146685
-0.138528
-0.129719
-0.119855
-0.108987
-0.0975227
-0.0860241
-0.0750248
-0.0649244
-0.0559621
-0.0482365
-0.0417433
-0.0364103
-0.0321206
-0.0287286
-0.0260687
-0.0239649
-0.0222463
-0.0207648
-0.0194084
-0.0181077
-0.0168314
-0.0155768
-0.0143575
-0.0131934
-0.0121035
-0.0111026
-0.0101995
-0.00939762
-0.00869531
-0.00808709
-0.00756435
-0.00711623
-0.00673046
-0.00639426
-0.00609516
-0.0058219
-0.00556518
-0.00531808
-0.00507616
-0.00483725
-0.00460097
-0.00436822
-0.00414056
-0.00391981
-0.00370769
-0.00350556
-0.00331436
-0.00313454
-0.00296608
-0.0028086
-0.0026614
-0.00252359
-0.00239417
-0.00227214
-0.00215654
-0.00204652
-0.00194138
-0.00184056
-0.00174364
-0.00165037
-0.00156055
-0.00147409
-0.00139095
-0.00131111
-0.00123455
-0.00116125
-0.00109118
-0.00102426
-0.000960431
-0.000899585
-0.000841611
-0.000786392
-0.000733808
-0.000683742
-0.000636084
-0.000590738
-0.000547614
-0.000506639
-0.000467748
-0.000430888
-0.000396015
-0.000363092
-0.000332087
-0.000302975
-0.00027573
-0.000250328
-0.000226745
-0.000204945
-0.000184878
-0.00016646
-0.000149565
-0.000134007
-0.000119544
-0.000105895
-9.27862e-05
-8.0013e-05
-6.75176e-05
-5.54349e-05
-4.4083e-05
-3.38818e-05
-2.52172e-05
-1.83053e-05
-1.31196e-05
-9.41642e-06
-6.83986e-06
-5.04694e-06
-3.7881e-06
-2.91389e-06
-2.33434e-06
-1.96927e-06
-1.73001e-06
-1.53229e-06
-1.32071e-06
-1.08049e-06
-8.29192e-07
-5.96039e-07
-4.03992e-07
-2.61474e-07
-1.64716e-07
-1.02731e-07
-6.76173e-08
-4.42212e-08
-4.47083e-08
-2.2639e-08
-7.51084e-08
2.56587e-08
-2.15292e-07
2.76662e-07
-7.45677e-07
1.3868e-06
0.0531371
0.05173
0.0469837
0.0399835
0.030091
0.0168936
0.00018266
-0.0202333
-0.0439393
-0.0701068
-0.097266
-0.123358
-0.147623
-0.169263
-0.187821
-0.203177
-0.21527
-0.224085
-0.229573
-0.231657
-0.230297
-0.225621
-0.218035
-0.208238
-0.197136
-0.185667
-0.174617
-0.164455
-0.155247
-0.146665
-0.138127
-0.129054
-0.119119
-0.108367
-0.0971465
-0.0859431
-0.0752278
-0.0653609
-0.0565635
-0.0489313
-0.0424659
-0.0371057
-0.0327469
-0.0292574
-0.0264859
-0.02427
-0.022451
-0.020889
-0.019476
-0.0181416
-0.0168508
-0.0155954
-0.0143836
-0.0132304
-0.0121518
-0.01116
-0.0102629
-0.00946334
-0.00875989
-0.00814751
-0.00761832
-0.00716223
-0.0067678
-0.00642297
-0.00611594
-0.00583594
-0.00557396
-0.00532319
-0.0050791
-0.00483931
-0.00460313
-0.00437112
-0.00414454
-0.00392495
-0.00371387
-0.00351255
-0.00332184
-0.00314219
-0.00297361
-0.00281576
-0.00266802
-0.00252956
-0.00239945
-0.00227674
-0.00216052
-0.00204996
-0.00194438
-0.00184322
-0.00174607
-0.00165264
-0.00156272
-0.00147622
-0.00139306
-0.00131321
-0.00123664
-0.00116332
-0.00109322
-0.00102626
-0.000962372
-0.000901456
-0.000843407
-0.000788108
-0.000735444
-0.000685302
-0.000637576
-0.000592168
-0.000548993
-0.000507975
-0.00046905
-0.000432165
-0.000397275
-0.000364341
-0.00033333
-0.000304215
-0.000276968
-0.000251564
-0.000227973
-0.000206156
-0.000186055
-0.000167583
-0.000150608
-0.000134943
-0.000120353
-0.000106567
-9.33255e-05
-8.04432e-05
-6.78775e-05
-5.57702e-05
-4.44357e-05
-3.42783e-05
-2.56618e-05
-1.87804e-05
-1.35937e-05
-9.85513e-06
-7.21685e-06
-5.34937e-06
-4.01639e-06
-3.07773e-06
-2.44728e-06
-2.04507e-06
-1.78063e-06
-1.56729e-06
-1.34693e-06
-1.10195e-06
-8.47385e-07
-6.10873e-07
-4.14874e-07
-2.6825e-07
-1.68074e-07
-1.0385e-07
-6.79661e-08
-4.44174e-08
-4.57285e-08
-2.31825e-08
-7.61693e-08
2.67878e-08
-2.1003e-07
2.76092e-07
-7.06727e-07
1.32562e-06
0.0519896
0.0505565
0.0457222
0.0386249
0.0286488
0.0154347
-0.00117577
-0.0212958
-0.044514
-0.0700106
-0.0964798
-0.122117
-0.146074
-0.167556
-0.186069
-0.201434
-0.213552
-0.222382
-0.227879
-0.229991
-0.228724
-0.224244
-0.216965
-0.207556
-0.196856
-0.185726
-0.174887
-0.164768
-0.155445
-0.146645
-0.137874
-0.128637
-0.118657
-0.107978
-0.0969113
-0.0858959
-0.075363
-0.0656473
-0.0569576
-0.0493869
-0.0429404
-0.0375631
-0.0331597
-0.0296074
-0.0267636
-0.024475
-0.0225905
-0.0209756
-0.0195248
-0.0181675
-0.0168663
-0.0156095
-0.0144018
-0.0132554
-0.0121837
-0.0111978
-0.0103045
-0.00950644
-0.00880227
-0.00818726
-0.00765392
-0.00719269
-0.00679265
-0.00644222
-0.00613001
-0.00584559
-0.00558013
-0.0053269
-0.00508133
-0.00484088
-0.0046047
-0.00437311
-0.00414719
-0.00392834
-0.00371792
-0.00351711
-0.00332673
-0.0031472
-0.00297855
-0.00282047
-0.00267239
-0.00253351
-0.00240296
-0.00227981
-0.00216318
-0.00205228
-0.00194641
-0.00184502
-0.00174771
-0.00165416
-0.00156418
-0.00147764
-0.00139446
-0.0013146
-0.00123802
-0.00116469
-0.00109457
-0.00102758
-0.000963653
-0.000902693
-0.000844593
-0.000789243
-0.000736527
-0.000686336
-0.000638564
-0.000593115
-0.000549905
-0.000508858
-0.00046991
-0.000433007
-0.000398103
-0.000365159
-0.000334142
-0.000305023
-0.000277773
-0.000252364
-0.000228764
-0.000206931
-0.000186802
-0.000168286
-0.000151247
-0.0001355
-0.000120812
-0.000106919
-9.35757e-05
-8.06095e-05
-6.79893e-05
-5.5863e-05
-4.45423e-05
-3.44207e-05
-2.58461e-05
-1.89969e-05
-1.38223e-05
-1.00735e-05
-7.40776e-06
-5.50456e-06
-4.1362e-06
-3.16813e-06
-2.51589e-06
-2.09858e-06
-1.82386e-06
-1.60331e-06
-1.37746e-06
-1.12771e-06
-8.68271e-07
-6.26498e-07
-4.25054e-07
-2.73402e-07
-1.69305e-07
-1.02599e-07
-6.57932e-08
-4.21851e-08
-4.43759e-08
-2.20166e-08
-7.57513e-08
2.80391e-08
-2.05875e-07
2.74947e-07
-6.80186e-07
1.28135e-06
0.0514131
0.0499678
0.0450903
0.037947
0.0279317
0.0147124
-0.00184517
-0.0218173
-0.0447951
-0.0699655
-0.0960983
-0.121509
-0.145311
-0.16671
-0.185199
-0.200565
-0.212693
-0.221532
-0.227036
-0.229165
-0.227948
-0.223568
-0.216441
-0.207221
-0.196717
-0.185753
-0.175015
-0.164919
-0.155541
-0.146636
-0.137752
-0.128436
-0.118435
-0.107791
-0.0967983
-0.0858745
-0.0754311
-0.0657898
-0.0571532
-0.049613
-0.0431759
-0.0377903
-0.0333649
-0.0297814
-0.0269019
-0.0245775
-0.0226606
-0.0210195
-0.0195499
-0.0181812
-0.0168746
-0.015617
-0.0144112
-0.013268
-0.0121998
-0.0112166
-0.0103252
-0.00952791
-0.00882337
-0.00820703
-0.00767162
-0.00720785
-0.00680502
-0.00645181
-0.00613704
-0.00585042
-0.00558325
-0.0053288
-0.00508249
-0.00484172
-0.00460553
-0.00437415
-0.00414855
-0.00393005
-0.00371996
-0.0035194
-0.00332918
-0.0031497
-0.00298102
-0.00282283
-0.00267457
-0.00253549
-0.00240471
-0.00228135
-0.00216452
-0.00205344
-0.00194742
-0.00184593
-0.00174853
-0.00165493
-0.00156492
-0.00147835
-0.00139517
-0.0013153
-0.00123872
-0.00116538
-0.00109525
-0.00102825
-0.000964301
-0.000903318
-0.000845194
-0.000789818
-0.000737077
-0.000686861
-0.000639067
-0.000593599
-0.000550372
-0.000509312
-0.000470353
-0.000433442
-0.000398533
-0.000365586
-0.000334567
-0.000305447
-0.000278197
-0.000252788
-0.000229186
-0.000207347
-0.000187208
-0.000168675
-0.000151613
-0.000135835
-0.00012111
-0.00010718
-9.37998e-05
-8.08038e-05
-6.81633e-05
-5.60267e-05
-4.47028e-05
-3.45801e-05
-2.60005e-05
-1.91382e-05
-1.39415e-05
-1.01652e-05
-7.47227e-06
-5.54818e-06
-4.16849e-06
-3.19861e-06
-2.55083e-06
-2.13971e-06
-1.86892e-06
-1.64775e-06
-1.41636e-06
-1.15726e-06
-8.86598e-07
-6.33811e-07
-4.23308e-07
-2.65629e-07
-1.58817e-07
-9.22191e-08
-5.74775e-08
-3.66318e-08
-4.16856e-08
-2.10679e-08
-7.61179e-08
2.79323e-08
-2.04591e-07
2.74121e-07
-6.67689e-07
1.25858e-06
-0.464604
-0.249872
-0.142354
-0.464604
-0.249872
-0.34043
-0.34597
-0.434773
-0.34043
-0.345971
0.125378
0.414125
0.308166
0.332558
0.125378
0.414125
0.308166
-0.112906
-0.334786
-0.334786
-0.318428
-0.319455
-0.318212
-0.325773
-0.318428
-0.319455
-0.318212
0.488737
0.430775
0.488737
-0.316533
-0.31516
-0.316533
-0.31516
0.430808
0.488742
0.430808
-0.31512
-0.316761
-0.31512
-0.316761
0.308388
0.332598
0.12556
0.414157
0.308388
0.332598
0.12556
-0.11266
-0.11266
-0.335309
-0.335309
-0.318403
-0.326142
-0.318918
-0.319541
-0.318403
-0.326142
-0.318918
-0.142243
-0.464797
-0.249603
-0.142244
-0.464797
-0.346536
-0.435132
-0.341071
-0.346536
-0.43513
-0.341071
-0.291287
-0.168428
-0.35854
-0.124456
-0.291287
-0.168428
-0.35854
-0.319156
-0.414499
-0.333055
-0.341098
-0.319157
-0.414497
-0.333056
0.104085
0.264549
0.108762
0.194103
0.104085
0.264549
0.108762
-0.418868
-0.435605
-0.407359
-0.458151
-0.408169
-0.458455
-0.418673
-0.314948
-0.326989
-0.321471
-0.322864
-0.314948
-0.326989
-0.321471
-0.10571
-0.32096
-0.326096
-0.320294
-0.327745
-0.320359
-0.327725
-0.320931
-0.314432
-0.317595
-0.31753
-0.314497
-0.312933
-0.312157
-0.31209
-0.313
-0.320062
-0.318267
-0.316934
-0.323905
-0.316882
-0.3249
-0.319891
0.108921
0.194127
0.104135
0.264579
0.108921
0.194127
0.104135
-0.372851
-0.247304
-0.163811
-0.166103
-0.375872
-0.322325
-0.323602
-0.316111
-0.327453
-0.322325
-0.323602
-0.316111
-0.35865
-0.124406
-0.291359
-0.168374
-0.358651
-0.124406
-0.291359
-0.333674
-0.341255
-0.319599
-0.414821
-0.333675
-0.341255
-0.3196
-0.367162
-0.46617
-0.356593
-0.485994
-0.357579
-0.487202
-0.366326
-0.372995
-0.247573
-0.163978
-0.166275
-0.376016
-0.367164
-0.466169
-0.356594
-0.485993
-0.35758
-0.487202
-0.366328
-0.372995
-0.247573
-0.163978
-0.166275
-0.376015
-0.360106
-0.345983
-0.343749
-0.343917
-0.360314
-0.418868
-0.435604
-0.407359
-0.458151
-0.408169
-0.458455
-0.418672
-0.360106
-0.345983
-0.343749
-0.343917
-0.360314
0.327632
0.123987
0.261695
0.109649
0.261001
0.107784
0.329272
0.374632
0.327153
0.202077
0.434033
0.173406
0.438037
0.37723
0.327632
0.123987
0.261695
0.109649
0.261001
0.107784
0.329272
0.374632
0.327153
0.202078
0.434033
0.173407
0.438037
0.377229
-0.10571
-0.334788
-0.334788
-0.320083
-0.318162
-0.323772
-0.316912
-0.324787
-0.316862
-0.319902
-0.32096
-0.326096
-0.320294
-0.327745
-0.320359
-0.327725
-0.320931
-0.320083
-0.318162
-0.323772
-0.316912
-0.324787
-0.316862
-0.319902
0.529862
0.463036
0.46614
0.527837
0.567887
0.588327
0.589415
0.566492
0.529862
0.463036
0.46614
0.527837
0.567887
0.588327
0.589416
0.566492
-0.313052
-0.312201
-0.312134
-0.313119
-0.314432
-0.317595
-0.31753
-0.314497
-0.313052
-0.312201
-0.312134
-0.313119
0.567946
0.588347
0.589435
0.566552
0.529953
0.463166
0.466268
0.52793
0.567946
0.588347
0.589435
0.566552
0.529953
0.463166
0.466268
0.52793
-0.31429
-0.31741
-0.317344
-0.314354
-0.312933
-0.312157
-0.31209
-0.313
-0.31429
-0.31741
-0.317344
-0.314354
0.374752
0.32736
0.434144
0.202316
0.438146
0.173672
0.377345
0.327738
0.124168
0.109898
0.261791
0.108034
0.261099
0.329375
0.374752
0.32736
0.434144
0.202316
0.438146
0.173672
0.377345
0.327738
0.124168
0.109898
0.261791
0.108034
0.261099
0.329375
-0.105468
-0.105468
-0.335307
-0.335307
-0.321115
-0.326456
-0.327985
-0.320645
-0.327968
-0.320704
-0.321092
-0.320062
-0.318267
-0.316934
-0.323905
-0.316882
-0.3249
-0.319891
-0.321115
-0.326456
-0.327985
-0.320645
-0.327968
-0.320704
-0.321092
-0.367226
-0.466361
-0.486185
-0.356649
-0.487391
-0.357634
-0.366394
-0.372851
-0.247304
-0.16381
-0.166103
-0.375872
-0.367228
-0.466361
-0.486185
-0.35665
-0.487391
-0.357635
-0.366395
-0.360636
-0.346548
-0.344328
-0.344493
-0.360846
-0.419335
-0.43596
-0.45853
-0.407818
-0.458831
-0.408625
-0.419142
-0.360636
-0.346548
-0.344328
-0.344493
-0.360846
-0.419335
-0.435959
-0.458529
-0.407819
-0.458831
-0.408626
-0.419142
-0.370607
-0.143237
-0.325694
-0.160499
-0.325575
-0.162574
-0.371452
0.327854
0.303116
0.37047
0.275964
0.327854
0.303116
0.37047
-0.322503
-0.322368
-0.328258
-0.3239
-0.322503
-0.322368
-0.328258
0.402911
0.33109
0.420043
0.320925
0.402911
0.33109
0.420043
0.530776
0.432016
0.505049
0.465905
0.50653
0.466988
0.529536
-0.321961
-0.31839
-0.323516
-0.319593
-0.321961
-0.31839
-0.323516
0.420045
0.320927
0.402914
0.331091
0.420045
0.320927
0.402914
0.553087
0.489832
0.56228
0.480318
0.563442
0.48144
0.551901
-0.323221
-0.319372
-0.321471
-0.31823
-0.323221
-0.319372
-0.321471
0.370475
0.275965
0.327858
0.303115
0.370475
0.275965
0.327858
-0.327205
-0.323672
-0.321426
-0.321937
-0.327205
-0.323672
-0.321426
-0.32762
-0.323213
-0.328653
-0.323254
-0.328814
-0.319215
-0.319131
-0.370606
-0.143237
-0.325694
-0.160499
-0.325575
-0.162574
-0.371451
-0.362944
-0.340728
-0.353846
-0.351009
-0.354305
-0.351169
-0.362973
-0.362944
-0.340728
-0.353846
-0.351009
-0.354305
-0.351169
-0.362973
0.553071
0.489827
0.480303
0.562274
0.481425
0.563436
0.551884
0.530776
0.432016
0.505049
0.465905
0.50653
0.466988
0.529536
0.553071
0.489827
0.480303
0.562274
0.481425
0.563436
0.551884
-0.314371
-0.316481
-0.315383
-0.316134
-0.315278
-0.316087
-0.314463
-0.313478
-0.315108
-0.315342
-0.313056
-0.315292
-0.312993
-0.313549
-0.314371
-0.316481
-0.315383
-0.316134
-0.315278
-0.316087
-0.314463
-0.313478
-0.315108
-0.315342
-0.313056
-0.315292
-0.312993
-0.313549
0.530802
0.432048
0.465926
0.505079
0.467009
0.506559
0.529562
0.553088
0.489832
0.56228
0.480318
0.563442
0.481441
0.551901
0.530802
0.432048
0.465927
0.505079
0.467009
0.506559
0.529563
-0.313405
-0.315069
-0.313024
-0.31538
-0.312961
-0.31533
-0.313476
-0.314306
-0.316708
-0.316156
-0.315262
-0.31611
-0.315156
-0.314398
-0.313405
-0.315069
-0.313024
-0.315381
-0.312961
-0.31533
-0.313476
-0.314306
-0.316708
-0.316156
-0.315262
-0.31611
-0.315156
-0.314398
-0.370513
-0.143125
-0.160352
-0.325609
-0.162424
-0.32549
-0.371359
-0.370512
-0.143125
-0.160352
-0.325609
-0.162424
-0.32549
-0.371358
-0.363469
-0.341366
-0.351648
-0.354375
-0.351805
-0.354831
-0.363499
-0.363469
-0.341366
-0.351648
-0.354374
-0.351805
-0.354831
-0.363499
0.103436
0.0924598
0.210926
0.0882287
0.210192
0.156059
0.156621
0.103436
0.0924598
0.210926
0.0882287
0.210192
0.156059
0.156621
-0.32716
-0.328103
-0.322729
-0.328271
-0.322775
-0.318571
-0.31848
-0.32716
-0.328103
-0.322729
-0.328271
-0.322775
-0.318571
-0.31848
0.103599
0.211013
0.0925758
0.21028
0.0883487
0.156138
0.156698
0.103599
0.211013
0.0925759
0.21028
0.0883488
0.156138
0.156698
-0.32762
-0.323213
-0.328653
-0.323254
-0.328814
-0.319215
-0.319131
0.0601295
0.150667
0.0774037
0.103137
0.0601295
0.150667
0.0774037
-0.295499
-0.314125
-0.333513
-0.304463
-0.295499
-0.314125
-0.333513
0.25082
0.251209
0.284352
0.214091
0.25082
0.251209
0.284352
-0.320942
-0.326426
-0.332212
-0.32487
-0.320942
-0.326426
-0.332212
0.28435
0.214089
0.250808
0.251204
0.28435
0.214089
0.250808
-0.330892
-0.324899
-0.31945
-0.326175
-0.330892
-0.324899
-0.31945
0.0774168
0.103156
0.0601285
0.150681
0.0774168
0.103156
0.0601285
-0.334603
-0.304823
-0.296084
-0.314858
-0.334603
-0.304822
-0.296084
)
;

boundaryField
{
    inlet
    {
        type            zeroGradient;
    }
    outlet
    {
        type            fixedValue;
        value           uniform 0;
    }
    top
    {
        type            symmetryPlane;
    }
    bottom
    {
        type            symmetryPlane;
    }
    front
    {
        type            symmetryPlane;
    }
    back
    {
        type            symmetryPlane;
    }
    cylinder
    {
        type            zeroGradient;
    }
}


// ************************************************************************* //
