/*--------------------------------*- C++ -*----------------------------------*\
  =========                 |
  \\      /  F ield         | OpenFOAM: The Open Source CFD Toolbox
   \\    /   O peration     | Website:  https://openfoam.org
    \\  /    A nd           | Version:  11
     \\/     M anipulation  |
\*---------------------------------------------------------------------------*/
FoamFile
{
    format      ascii;
    class       volScalarField;
    location    "1.796711";
    object      p;
}
// * * * * * * * * * * * * * * * * * * * * * * * * * * * * * * * * * * * * * //

dimensions      [0 2 -2 0 0 0 0];

internalField   nonuniform List<scalar> 
7132
(
0.0526166
0.051209
0.0464611
0.0395222
0.0298227
0.0170774
0.00122528
-0.0177034
-0.0391328
-0.0620296
-0.0848379
-0.105498
-0.122618
-0.134959
-0.14159
-0.142277
-0.137386
-0.127926
-0.11532
-0.101066
-0.0864694
-0.0725035
-0.059786
-0.0486279
-0.0391129
-0.0311757
-0.0246678
-0.0194036
-0.0151907
-0.0118469
-0.00920891
-0.00713616
-0.00551142
-0.0042402
-0.0032481
-0.00247683
-0.00188009
-0.00142063
-0.00106859
-0.000800369
-0.000597345
-0.00044471
-0.000330606
-0.000245609
-0.000182374
-0.000135312
-0.000100256
-7.41342e-05
-5.46823e-05
-4.02211e-05
-2.94938e-05
-2.15549e-05
-1.56921e-05
-1.13699e-05
-8.18764e-06
-5.84694e-06
-4.12667e-06
-2.86349e-06
-1.93692e-06
-1.2582e-06
-7.61886e-07
-3.9979e-07
-1.36377e-07
5.44871e-08
1.92062e-07
2.90484e-07
3.60174e-07
4.08768e-07
4.41905e-07
4.63707e-07
4.7723e-07
4.84696e-07
4.87761e-07
4.87622e-07
4.85177e-07
4.81072e-07
4.75791e-07
4.69681e-07
4.63005e-07
4.55949e-07
4.48651e-07
4.41212e-07
4.33705e-07
4.26183e-07
4.1868e-07
4.11229e-07
4.0384e-07
3.96534e-07
3.89309e-07
3.8218e-07
3.75138e-07
3.68195e-07
3.61337e-07
3.54577e-07
3.47896e-07
3.4131e-07
3.34796e-07
3.28372e-07
3.22011e-07
3.15735e-07
3.09515e-07
3.03375e-07
2.97283e-07
2.91266e-07
2.8529e-07
2.79384e-07
2.73515e-07
2.6771e-07
2.61936e-07
2.56223e-07
2.50536e-07
2.44906e-07
2.39298e-07
2.33745e-07
2.2821e-07
2.22727e-07
2.17258e-07
2.11838e-07
2.0643e-07
2.0107e-07
1.95718e-07
1.90413e-07
1.85113e-07
1.79858e-07
1.74607e-07
1.69399e-07
1.64194e-07
1.5903e-07
1.53866e-07
1.48743e-07
1.43618e-07
1.38533e-07
1.33445e-07
1.28395e-07
1.23341e-07
1.18324e-07
1.13302e-07
1.08315e-07
1.03321e-07
9.83621e-08
9.33953e-08
8.84616e-08
8.3519e-08
7.86084e-08
7.36875e-08
6.87975e-08
6.38958e-08
5.90245e-08
5.41386e-08
4.92849e-08
4.44099e-08
3.95761e-08
3.4701e-08
2.99005e-08
2.4995e-08
2.02763e-08
1.5264e-08
1.06746e-08
5.44151e-09
3.33836e-09
0.0531777
0.0517813
0.0470727
0.0401738
0.0305041
0.0177498
0.00182407
-0.0172825
-0.0389947
-0.0622762
-0.0854973
-0.10648
-0.123853
-0.136361
-0.143035
-0.143638
-0.138538
-0.128784
-0.115856
-0.101305
-0.0864683
-0.0723334
-0.0595137
-0.0483079
-0.0387845
-0.0308644
-0.0243876
-0.0191606
-0.0149854
-0.0116769
-0.00907026
-0.00702431
-0.00542193
-0.00416904
-0.00319179
-0.00243249
-0.00184533
-0.00139348
-0.00104747
-0.000783995
-0.000584694
-0.000434985
-0.000323181
-0.000239986
-0.000178148
-0.000132154
-9.79033e-05
-7.23846e-05
-5.33835e-05
-3.92587e-05
-2.87819e-05
-2.10289e-05
-1.53036e-05
-1.10829e-05
-7.97552e-06
-5.69024e-06
-4.011e-06
-2.77822e-06
-1.87414e-06
-1.21203e-06
-7.27948e-07
-3.74851e-07
-1.18049e-07
6.7954e-08
2.01958e-07
2.97751e-07
3.65511e-07
4.12684e-07
4.44779e-07
4.65814e-07
4.78775e-07
4.85826e-07
4.88588e-07
4.88225e-07
4.85618e-07
4.81391e-07
4.76023e-07
4.69848e-07
4.63125e-07
4.56033e-07
4.4871e-07
4.41252e-07
4.33732e-07
4.262e-07
4.18691e-07
4.11234e-07
4.03841e-07
3.96532e-07
3.89306e-07
3.82175e-07
3.75132e-07
3.68189e-07
3.6133e-07
3.54571e-07
3.4789e-07
3.41304e-07
3.3479e-07
3.28365e-07
3.22005e-07
3.15729e-07
3.0951e-07
3.03369e-07
2.97278e-07
2.91261e-07
2.85285e-07
2.7938e-07
2.7351e-07
2.67705e-07
2.61931e-07
2.56219e-07
2.50531e-07
2.44903e-07
2.39294e-07
2.33742e-07
2.28206e-07
2.22723e-07
2.17254e-07
2.11835e-07
2.06426e-07
2.01067e-07
1.95715e-07
1.9041e-07
1.8511e-07
1.79856e-07
1.74604e-07
1.69397e-07
1.64191e-07
1.59027e-07
1.53863e-07
1.48741e-07
1.43615e-07
1.38531e-07
1.33442e-07
1.28393e-07
1.23339e-07
1.18322e-07
1.13299e-07
1.08313e-07
1.03319e-07
9.83609e-08
9.33931e-08
8.84606e-08
8.3517e-08
7.86075e-08
7.36856e-08
6.87969e-08
6.3894e-08
5.9024e-08
5.4137e-08
4.92846e-08
4.44084e-08
3.95759e-08
3.46996e-08
2.99005e-08
2.49936e-08
2.02771e-08
1.52613e-08
1.06791e-08
5.42926e-09
3.36815e-09
0.0542951
0.0529225
0.0482945
0.0414806
0.0318761
0.0191107
0.00304362
-0.0164183
-0.0387023
-0.0627718
-0.0868374
-0.108469
-0.126355
-0.139201
-0.145962
-0.146392
-0.140867
-0.130512
-0.116927
-0.101773
-0.0864537
-0.0719806
-0.0589584
-0.0476598
-0.0381224
-0.0302386
-0.0238259
-0.0186742
-0.0145754
-0.011338
-0.00879431
-0.00680207
-0.00524438
-0.004028
-0.00308024
-0.00234456
-0.00177628
-0.00133952
-0.0010055
-0.000751506
-0.000559683
-0.000415853
-0.000308655
-0.000229041
-0.000169952
-0.000126038
-9.33449e-05
-6.89859e-05
-5.08496e-05
-3.73718e-05
-2.73796e-05
-1.99891e-05
-1.45341e-05
-1.05143e-05
-7.55587e-06
-5.38068e-06
-3.78278e-06
-2.61005e-06
-1.7503e-06
-1.12089e-06
-6.60903e-07
-3.25551e-07
-8.18058e-08
9.45938e-08
2.21537e-07
3.12139e-07
3.76084e-07
4.20451e-07
4.50486e-07
4.70006e-07
4.81854e-07
4.88087e-07
4.90249e-07
4.89445e-07
4.86513e-07
4.82048e-07
4.76505e-07
4.70201e-07
4.63385e-07
4.56223e-07
4.4885e-07
4.41354e-07
4.33807e-07
4.26254e-07
4.18731e-07
4.11263e-07
4.03863e-07
3.96548e-07
3.89317e-07
3.82184e-07
3.75138e-07
3.68193e-07
3.61334e-07
3.54573e-07
3.47892e-07
3.41305e-07
3.34791e-07
3.28366e-07
3.22006e-07
3.1573e-07
3.0951e-07
3.0337e-07
2.97278e-07
2.91261e-07
2.85285e-07
2.7938e-07
2.7351e-07
2.67706e-07
2.61931e-07
2.56219e-07
2.50531e-07
2.44903e-07
2.39294e-07
2.33742e-07
2.28206e-07
2.22724e-07
2.17254e-07
2.11836e-07
2.06426e-07
2.01068e-07
1.95715e-07
1.9041e-07
1.8511e-07
1.79856e-07
1.74604e-07
1.69397e-07
1.6419e-07
1.59028e-07
1.53863e-07
1.48741e-07
1.43615e-07
1.38531e-07
1.33442e-07
1.28394e-07
1.23338e-07
1.18323e-07
1.13299e-07
1.08314e-07
1.03319e-07
9.83613e-08
9.33931e-08
8.8461e-08
8.3517e-08
7.86079e-08
7.36856e-08
6.87973e-08
6.3894e-08
5.90244e-08
5.4137e-08
4.92851e-08
4.44084e-08
3.95764e-08
3.46996e-08
2.99012e-08
2.49931e-08
2.02786e-08
1.5258e-08
1.06859e-08
5.40835e-09
3.41046e-09
0.0559597
0.0546249
0.0501249
0.0434496
0.0339574
0.021192
0.00492723
-0.0150672
-0.0382255
-0.0635269
-0.0889083
-0.111526
-0.130194
-0.143564
-0.150463
-0.150631
-0.144441
-0.133148
-0.118541
-0.102455
-0.0863983
-0.0714151
-0.058093
-0.0466624
-0.0371117
-0.0292892
-0.0229776
-0.0179428
-0.0139607
-0.0108313
-0.00838256
-0.00647102
-0.00498022
-0.00381831
-0.00291441
-0.00221387
-0.00167368
-0.00125932
-0.000943109
-0.00070322
-0.000522523
-0.000387445
-0.000287103
-0.000212816
-0.000157814
-0.000116988
-8.66013e-05
-6.39582e-05
-4.71005e-05
-3.45785e-05
-2.53018e-05
-1.84466e-05
-1.33912e-05
-9.66891e-06
-6.93133e-06
-4.91982e-06
-3.44301e-06
-2.35976e-06
-1.56605e-06
-9.85323e-07
-5.61206e-07
-2.52253e-07
-2.79277e-08
1.34191e-07
2.50635e-07
3.33519e-07
3.91791e-07
4.3199e-07
4.58961e-07
4.76231e-07
4.86426e-07
4.91444e-07
4.92714e-07
4.91254e-07
4.87841e-07
4.83022e-07
4.7722e-07
4.70725e-07
4.63768e-07
4.56504e-07
4.49055e-07
4.41505e-07
4.33916e-07
4.26334e-07
4.18788e-07
4.11304e-07
4.03892e-07
3.96569e-07
3.89332e-07
3.82194e-07
3.75145e-07
3.68198e-07
3.61336e-07
3.54574e-07
3.47892e-07
3.41305e-07
3.34789e-07
3.28365e-07
3.22004e-07
3.15728e-07
3.09508e-07
3.03368e-07
2.97276e-07
2.91259e-07
2.85283e-07
2.79378e-07
2.73508e-07
2.67704e-07
2.61929e-07
2.56217e-07
2.50529e-07
2.44901e-07
2.39292e-07
2.33741e-07
2.28204e-07
2.22722e-07
2.17252e-07
2.11834e-07
2.06425e-07
2.01066e-07
1.95713e-07
1.90409e-07
1.85108e-07
1.79855e-07
1.74602e-07
1.69396e-07
1.64189e-07
1.59027e-07
1.53861e-07
1.4874e-07
1.43614e-07
1.38531e-07
1.33441e-07
1.28393e-07
1.23337e-07
1.18322e-07
1.13298e-07
1.08313e-07
1.03318e-07
9.8361e-08
9.33923e-08
8.84608e-08
8.35163e-08
7.86078e-08
7.3685e-08
6.87973e-08
6.38935e-08
5.90245e-08
5.41365e-08
4.92852e-08
4.4408e-08
3.95766e-08
3.4699e-08
2.99016e-08
2.49919e-08
2.02802e-08
1.52536e-08
1.06934e-08
5.38554e-09
3.45406e-09
0.0581563
0.0568762
0.0525599
0.0460897
0.0367755
0.0240431
0.00754383
-0.0131572
-0.0375119
-0.0645551
-0.0917866
-0.115735
-0.135471
-0.149564
-0.156655
-0.156459
-0.149337
-0.136726
-0.120694
-0.103323
-0.0862611
-0.0705957
-0.0568831
-0.0452904
-0.0357361
-0.028007
-0.0218391
-0.0169659
-0.0131431
-0.0101596
-0.00783829
-0.00603444
-0.00463252
-0.00354275
-0.00269678
-0.00204255
-0.0015393
-0.00115437
-0.000861556
-0.000640185
-0.000474096
-0.000350505
-0.000259153
-0.000191836
-0.000142158
-0.000105335
-7.79226e-05
-5.74842e-05
-4.22676e-05
-3.09736e-05
-2.2618e-05
-1.64531e-05
-1.19139e-05
-8.57623e-06
-6.12439e-06
-4.32457e-06
-3.00428e-06
-2.03661e-06
-1.32815e-06
-8.10269e-07
-4.32442e-07
-1.57569e-07
4.16819e-08
1.85357e-07
2.8824e-07
3.61154e-07
4.12098e-07
4.46911e-07
4.69924e-07
4.84285e-07
4.92343e-07
4.95791e-07
4.95907e-07
4.936e-07
4.89565e-07
4.84289e-07
4.78151e-07
4.71409e-07
4.64271e-07
4.56874e-07
4.49327e-07
4.41705e-07
4.34064e-07
4.26443e-07
4.18869e-07
4.11364e-07
4.03937e-07
3.96602e-07
3.89356e-07
3.82213e-07
3.75159e-07
3.68209e-07
3.61344e-07
3.54581e-07
3.47897e-07
3.41309e-07
3.34793e-07
3.28368e-07
3.22006e-07
3.15731e-07
3.0951e-07
3.0337e-07
2.97277e-07
2.91261e-07
2.85284e-07
2.7938e-07
2.73508e-07
2.67705e-07
2.6193e-07
2.56218e-07
2.5053e-07
2.44902e-07
2.39293e-07
2.33742e-07
2.28204e-07
2.22723e-07
2.17252e-07
2.11835e-07
2.06425e-07
2.01067e-07
1.95713e-07
1.9041e-07
1.85108e-07
1.79856e-07
1.74603e-07
1.69397e-07
1.64189e-07
1.59028e-07
1.53862e-07
1.48741e-07
1.43614e-07
1.38531e-07
1.33441e-07
1.28394e-07
1.23338e-07
1.18323e-07
1.13298e-07
1.08314e-07
1.03318e-07
9.83618e-08
9.33927e-08
8.84616e-08
8.35167e-08
7.86086e-08
7.36854e-08
6.87981e-08
6.38939e-08
5.90253e-08
5.41369e-08
4.9286e-08
4.44083e-08
3.95774e-08
3.46991e-08
2.99026e-08
2.49913e-08
2.02823e-08
1.52497e-08
1.07012e-08
5.36598e-09
3.49133e-09
0.0608635
0.0596582
0.0555924
0.0494117
0.0403662
0.0277309
0.010989
-0.0105861
-0.0364864
-0.0658833
-0.0955917
-0.121222
-0.14233
-0.157387
-0.164746
-0.164081
-0.15571
-0.141328
-0.123396
-0.104336
-0.0859803
-0.0694579
-0.055273
-0.0435016
-0.0339669
-0.0263749
-0.0204018
-0.0157408
-0.0121235
-0.00932573
-0.00716507
-0.00549601
-0.00420468
-0.00320425
-0.00242978
-0.00183256
-0.00137467
-0.00102588
-0.000761746
-0.000563074
-0.000414897
-0.0003054
-0.000225083
-0.000166314
-0.000123151
-9.12033e-05
-6.74013e-05
-4.96329e-05
-3.64034e-05
-2.65978e-05
-1.936e-05
-1.40335e-05
-1.01211e-05
-7.2506e-06
-5.14573e-06
-3.60291e-06
-2.4726e-06
-1.64515e-06
-1.04009e-06
-5.98379e-07
-2.76636e-07
-4.30308e-08
1.25866e-07
2.47222e-07
3.33698e-07
3.94553e-07
4.36636e-07
4.64936e-07
4.83166e-07
4.94011e-07
4.99487e-07
5.01038e-07
4.99761e-07
4.9643e-07
4.91643e-07
4.85815e-07
4.79271e-07
4.72232e-07
4.64875e-07
4.57317e-07
4.49653e-07
4.41944e-07
4.34239e-07
4.26571e-07
4.18963e-07
4.11433e-07
4.03987e-07
3.96639e-07
3.89384e-07
3.82233e-07
3.75174e-07
3.6822e-07
3.61352e-07
3.54587e-07
3.47901e-07
3.41313e-07
3.34795e-07
3.2837e-07
3.22007e-07
3.15732e-07
3.0951e-07
3.0337e-07
2.97277e-07
2.91261e-07
2.85284e-07
2.7938e-07
2.73508e-07
2.67705e-07
2.61929e-07
2.56219e-07
2.50529e-07
2.44902e-07
2.39292e-07
2.33742e-07
2.28204e-07
2.22723e-07
2.17252e-07
2.11835e-07
2.06425e-07
2.01067e-07
1.95713e-07
1.9041e-07
1.85108e-07
1.79856e-07
1.74603e-07
1.69397e-07
1.64189e-07
1.59028e-07
1.53862e-07
1.48741e-07
1.43614e-07
1.38532e-07
1.33441e-07
1.28394e-07
1.23338e-07
1.18323e-07
1.13298e-07
1.08314e-07
1.03318e-07
9.83623e-08
9.33928e-08
8.84621e-08
8.35168e-08
7.86092e-08
7.36855e-08
6.87987e-08
6.3894e-08
5.90259e-08
5.41371e-08
4.92866e-08
4.44084e-08
3.9578e-08
3.4699e-08
2.99034e-08
2.49905e-08
2.02842e-08
1.52459e-08
1.07082e-08
5.3505e-09
3.52025e-09
0.064052
0.0629455
0.0592104
0.0534257
0.0447725
0.0323418
0.0153919
-0.00720881
-0.0350376
-0.0675514
-0.100492
-0.128149
-0.150953
-0.167236
-0.174945
-0.173696
-0.16371
-0.147026
-0.126642
-0.10544
-0.0854789
-0.0679264
-0.0532014
-0.0412526
-0.0317772
-0.0243789
-0.0186607
-0.0142683
-0.0109057
-0.00833492
-0.00636859
-0.00486123
-0.00370174
-0.0028073
-0.00211732
-0.0015872
-0.00118272
-0.000876277
-0.000645713
-0.000473575
-0.000346326
-0.000253296
-0.000185861
-0.000137047
-0.000101432
-7.50941e-05
-5.54131e-05
-4.06782e-05
-2.97059e-05
-2.15951e-05
-1.56334e-05
-1.12657e-05
-8.07084e-06
-5.73511e-06
-4.02735e-06
-2.77852e-06
-1.86538e-06
-1.19814e-06
-7.11153e-07
-3.56421e-07
-9.87063e-08
8.7783e-08
2.22023e-07
3.17894e-07
3.85634e-07
4.32716e-07
4.64677e-07
4.85539e-07
4.98302e-07
5.05131e-07
5.07656e-07
5.07039e-07
5.04169e-07
4.99668e-07
4.94022e-07
4.87562e-07
4.80555e-07
4.73175e-07
4.65569e-07
4.57827e-07
4.50028e-07
4.4222e-07
4.34442e-07
4.26721e-07
4.19074e-07
4.11515e-07
4.04048e-07
3.96685e-07
3.89417e-07
3.82259e-07
3.75193e-07
3.68235e-07
3.61364e-07
3.54596e-07
3.47908e-07
3.41319e-07
3.348e-07
3.28374e-07
3.22011e-07
3.15735e-07
3.09513e-07
3.03373e-07
2.9728e-07
2.91264e-07
2.85286e-07
2.79382e-07
2.7351e-07
2.67707e-07
2.61931e-07
2.5622e-07
2.50531e-07
2.44904e-07
2.39294e-07
2.33743e-07
2.28205e-07
2.22725e-07
2.17253e-07
2.11837e-07
2.06426e-07
2.01069e-07
1.95714e-07
1.90412e-07
1.85109e-07
1.79857e-07
1.74604e-07
1.69399e-07
1.6419e-07
1.59029e-07
1.53863e-07
1.48743e-07
1.43615e-07
1.38533e-07
1.33442e-07
1.28396e-07
1.23339e-07
1.18325e-07
1.13299e-07
1.08316e-07
1.03319e-07
9.83636e-08
9.33937e-08
8.84634e-08
8.35177e-08
7.86104e-08
7.36864e-08
6.87998e-08
6.38948e-08
5.9027e-08
5.41378e-08
4.92876e-08
4.4409e-08
3.9579e-08
3.46993e-08
2.99046e-08
2.49901e-08
2.02864e-08
1.5243e-08
1.07144e-08
5.33919e-09
3.54171e-09
0.0676826
0.0667038
0.0633943
0.0581385
0.0500417
0.0379808
0.0209167
-0.00283116
-0.0330128
-0.0696321
-0.106733
-0.136719
-0.161573
-0.179436
-0.187637
-0.185677
-0.173601
-0.153938
-0.130423
-0.106547
-0.0846416
-0.0658916
-0.0505801
-0.0384809
-0.0291276
-0.0219978
-0.0166073
-0.0125478
-0.00949375
-0.00719342
-0.00545562
-0.00413653
-0.00312937
-0.00235663
-0.00176324
-0.00130962
-0.00096573
-0.00070731
-0.000514749
-0.000372636
-0.000269082
-0.000194722
-0.000141907
-0.000104377
-7.72758e-05
-5.72149e-05
-4.21075e-05
-3.07261e-05
-2.22518e-05
-1.60242e-05
-1.14846e-05
-8.18638e-06
-5.79171e-06
-4.05192e-06
-2.78624e-06
-1.86435e-06
-1.19247e-06
-7.03061e-07
-3.47039e-07
-8.87022e-08
9.80908e-08
2.3242e-07
3.28309e-07
3.9599e-07
4.43012e-07
4.7487e-07
4.95644e-07
5.08287e-07
5.15012e-07
5.17405e-07
5.16671e-07
5.1366e-07
5.09032e-07
5.0324e-07
4.96645e-07
4.89489e-07
4.8197e-07
4.74214e-07
4.66332e-07
4.58387e-07
4.5044e-07
4.42523e-07
4.34665e-07
4.26885e-07
4.19194e-07
4.11604e-07
4.04114e-07
3.96733e-07
3.89454e-07
3.82286e-07
3.75213e-07
3.6825e-07
3.61376e-07
3.54606e-07
3.47915e-07
3.41325e-07
3.34804e-07
3.28378e-07
3.22014e-07
3.15738e-07
3.09515e-07
3.03376e-07
2.97282e-07
2.91266e-07
2.85288e-07
2.79384e-07
2.73512e-07
2.67709e-07
2.61932e-07
2.56222e-07
2.50532e-07
2.44906e-07
2.39295e-07
2.33745e-07
2.28207e-07
2.22726e-07
2.17254e-07
2.11838e-07
2.06427e-07
2.0107e-07
1.95716e-07
1.90413e-07
1.85111e-07
1.79859e-07
1.74605e-07
1.694e-07
1.64191e-07
1.59031e-07
1.53864e-07
1.48744e-07
1.43616e-07
1.38535e-07
1.33443e-07
1.28397e-07
1.2334e-07
1.18326e-07
1.133e-07
1.08317e-07
1.0332e-07
9.8365e-08
9.33948e-08
8.84648e-08
8.35187e-08
7.86117e-08
7.36873e-08
6.88011e-08
6.38957e-08
5.90282e-08
5.41386e-08
4.92887e-08
4.44096e-08
3.95801e-08
3.46997e-08
2.99057e-08
2.49898e-08
2.02883e-08
1.52406e-08
1.07196e-08
5.33098e-09
3.55723e-09
0.0717051
0.0708876
0.0681146
0.0635507
0.0562242
0.044775
0.0277754
0.0028182
-0.0301889
-0.0722334
-0.114665
-0.1472
-0.174451
-0.194278
-0.203146
-0.200386
-0.185675
-0.162209
-0.134736
-0.107562
-0.0833397
-0.0632329
-0.0473162
-0.0351245
-0.0259827
-0.0192151
-0.0142376
-0.0105827
-0.0078946
-0.0059095
-0.0044346
-0.00332986
-0.0024947
-0.00185855
-0.00137303
-0.0010045
-0.000727765
-0.000522385
-0.000371685
-0.000262591
-0.000185092
-0.000131273
-9.4544e-05
-6.93918e-05
-5.15516e-05
-3.82274e-05
-2.79696e-05
-2.01245e-05
-1.42906e-05
-1.00658e-05
-7.04632e-06
-4.89384e-06
-3.3565e-06
-2.25477e-06
-1.46197e-06
-8.89424e-07
-4.75108e-07
-1.75378e-07
4.10194e-08
1.96615e-07
3.0783e-07
3.86577e-07
4.41601e-07
4.79241e-07
5.04184e-07
5.19815e-07
5.28665e-07
5.32547e-07
5.32834e-07
5.30497e-07
5.26289e-07
5.20725e-07
5.14222e-07
5.07052e-07
4.99445e-07
4.91546e-07
4.83481e-07
4.75325e-07
4.67148e-07
4.58988e-07
4.50881e-07
4.42848e-07
4.34904e-07
4.27062e-07
4.19325e-07
4.11701e-07
4.04185e-07
3.96787e-07
3.89494e-07
3.82317e-07
3.75237e-07
3.68269e-07
3.6139e-07
3.54617e-07
3.47925e-07
3.41332e-07
3.34811e-07
3.28384e-07
3.22019e-07
3.15743e-07
3.0952e-07
3.0338e-07
2.97285e-07
2.91269e-07
2.85291e-07
2.79387e-07
2.73515e-07
2.67712e-07
2.61935e-07
2.56225e-07
2.50535e-07
2.44909e-07
2.39298e-07
2.33748e-07
2.28209e-07
2.22729e-07
2.17257e-07
2.11841e-07
2.0643e-07
2.01073e-07
1.95718e-07
1.90416e-07
1.85113e-07
1.79861e-07
1.74607e-07
1.69403e-07
1.64193e-07
1.59033e-07
1.53866e-07
1.48746e-07
1.43618e-07
1.38537e-07
1.33445e-07
1.28399e-07
1.23342e-07
1.18328e-07
1.13302e-07
1.08319e-07
1.03322e-07
9.83669e-08
9.33964e-08
8.84666e-08
8.35202e-08
7.86135e-08
7.36888e-08
6.88027e-08
6.3897e-08
5.90297e-08
5.41398e-08
4.92901e-08
4.44106e-08
3.95814e-08
3.47004e-08
2.9907e-08
2.49898e-08
2.02902e-08
1.5239e-08
1.07239e-08
5.32528e-09
3.56847e-09
0.0760558
0.0754377
0.0733271
0.0696494
0.0633639
0.0528639
0.0362224
0.0100952
-0.0262691
-0.0755621
-0.124774
-0.159866
-0.189945
-0.212334
-0.222131
-0.218423
-0.20033
-0.17198
-0.139511
-0.10831
-0.0813774
-0.0597826
-0.0432865
-0.0311044
-0.022299
-0.0160128
-0.0115495
-0.00837981
-0.00611929
-0.00449536
-0.00331707
-0.00245129
-0.00180611
-0.00131974
-0.000951878
-0.000675772
-0.000471743
-0.000323624
-0.000218032
-0.000144511
-9.51317e-05
-6.35554e-05
-4.42834e-05
-3.2534e-05
-2.46273e-05
-1.84172e-05
-1.31986e-05
-9.00418e-06
-5.91296e-06
-3.78968e-06
-2.37514e-06
-1.4335e-06
-8.00973e-07
-3.71441e-07
-7.59339e-08
1.29898e-07
2.74286e-07
3.75476e-07
4.4588e-07
4.94136e-07
5.26445e-07
5.47198e-07
5.59605e-07
5.6593e-07
5.67866e-07
5.66595e-07
5.63028e-07
5.57787e-07
5.51373e-07
5.44114e-07
5.3629e-07
5.2807e-07
5.19617e-07
5.11014e-07
5.02355e-07
4.93683e-07
4.85051e-07
4.76478e-07
4.67995e-07
4.5961e-07
4.51339e-07
4.43184e-07
4.35152e-07
4.27245e-07
4.1946e-07
4.11801e-07
4.0426e-07
3.96842e-07
3.89535e-07
3.82348e-07
3.75261e-07
3.68287e-07
3.61404e-07
3.54629e-07
3.47934e-07
3.4134e-07
3.34818e-07
3.2839e-07
3.22024e-07
3.15747e-07
3.09524e-07
3.03384e-07
2.97289e-07
2.91273e-07
2.85295e-07
2.79391e-07
2.73518e-07
2.67716e-07
2.61938e-07
2.56228e-07
2.50538e-07
2.44912e-07
2.39301e-07
2.33751e-07
2.28212e-07
2.22732e-07
2.1726e-07
2.11844e-07
2.06432e-07
2.01076e-07
1.9572e-07
1.90419e-07
1.85115e-07
1.79864e-07
1.74609e-07
1.69405e-07
1.64196e-07
1.59036e-07
1.53868e-07
1.48749e-07
1.43621e-07
1.38539e-07
1.33448e-07
1.28402e-07
1.23344e-07
1.18331e-07
1.13304e-07
1.08322e-07
1.03324e-07
9.83692e-08
9.33983e-08
8.84688e-08
8.35221e-08
7.86155e-08
7.36905e-08
6.88046e-08
6.38986e-08
5.90314e-08
5.41411e-08
4.92917e-08
4.44118e-08
3.95828e-08
3.47012e-08
2.99083e-08
2.499e-08
2.0292e-08
1.52379e-08
1.07274e-08
5.32129e-09
3.57655e-09
0.080656
0.0802796
0.0789698
0.0764058
0.071496
0.0624103
0.046584
0.0195149
-0.0208037
-0.0799086
-0.137854
-0.175154
-0.208291
-0.233886
-0.245139
-0.240533
-0.218172
-0.183548
-0.144747
-0.108619
-0.0785393
-0.0553557
-0.0383606
-0.0263421
-0.0180369
-0.0123765
-0.00854352
-0.00594726
-0.00417916
-0.00296307
-0.00211464
-0.00151143
-0.00107303
-0.00074851
-0.000507029
-0.00032969
-0.000202984
-0.000115477
-5.74556e-05
-2.13908e-05
-1.65584e-06
6.39908e-06
7.17758e-06
4.79208e-06
2.37966e-06
1.3874e-06
1.62604e-06
2.23667e-06
2.60262e-06
2.6021e-06
2.37903e-06
2.08312e-06
1.7925e-06
1.53761e-06
1.32767e-06
1.1614e-06
1.03229e-06
9.32524e-07
8.55241e-07
7.9495e-07
7.47481e-07
7.09604e-07
6.78927e-07
6.53595e-07
6.32271e-07
6.13909e-07
5.97786e-07
5.83321e-07
5.7013e-07
5.57892e-07
5.46411e-07
5.35505e-07
5.25077e-07
5.15025e-07
5.05302e-07
4.95847e-07
4.86641e-07
4.77647e-07
4.68854e-07
4.60242e-07
4.51804e-07
4.43527e-07
4.35405e-07
4.27432e-07
4.19598e-07
4.11904e-07
4.04336e-07
3.969e-07
3.89579e-07
3.82382e-07
3.75287e-07
3.68308e-07
3.61421e-07
3.54642e-07
3.47945e-07
3.4135e-07
3.34826e-07
3.28397e-07
3.22031e-07
3.15754e-07
3.09529e-07
3.03389e-07
2.97294e-07
2.91278e-07
2.85299e-07
2.79395e-07
2.73522e-07
2.6772e-07
2.61943e-07
2.56233e-07
2.50542e-07
2.44916e-07
2.39304e-07
2.33755e-07
2.28216e-07
2.22736e-07
2.17263e-07
2.11848e-07
2.06436e-07
2.01079e-07
1.95724e-07
1.90422e-07
1.85119e-07
1.79868e-07
1.74613e-07
1.69409e-07
1.64199e-07
1.59039e-07
1.53871e-07
1.48752e-07
1.43624e-07
1.38542e-07
1.3345e-07
1.28405e-07
1.23347e-07
1.18334e-07
1.13307e-07
1.08324e-07
1.03327e-07
9.83717e-08
9.34007e-08
8.84712e-08
8.35242e-08
7.86178e-08
7.36925e-08
6.88067e-08
6.39004e-08
5.90334e-08
5.41428e-08
4.92935e-08
4.44132e-08
3.95843e-08
3.47023e-08
2.99098e-08
2.49905e-08
2.02937e-08
1.52373e-08
1.07304e-08
5.31861e-09
3.58243e-09
0.0854101
0.0853187
0.0849559
0.0837566
0.0806243
0.0735555
0.0592166
0.0317275
-0.013251
-0.0858753
-0.154719
-0.193324
-0.230197
-0.260006
-0.273137
-0.267568
-0.239738
-0.197038
-0.150253
-0.108177
-0.0745199
-0.0497182
-0.0323858
-0.0207546
-0.0131629
-0.00830392
-0.00523406
-0.00330658
-0.00209705
-0.0013337
-0.000845237
-0.000524728
-0.000306716
-0.000153368
-4.48002e-05
2.91503e-05
7.52631e-05
9.98375e-05
0.000108578
0.000105806
9.46553e-05
7.80243e-05
5.92918e-05
4.20499e-05
2.89963e-05
2.08269e-05
1.62725e-05
1.34613e-05
1.11646e-05
9.03492e-06
7.15211e-06
5.60361e-06
4.38307e-06
3.44116e-06
2.72509e-06
2.18705e-06
1.78528e-06
1.48546e-06
1.26133e-06
1.0932e-06
9.66529e-07
8.70485e-07
7.97088e-07
7.4038e-07
6.96013e-07
6.60727e-07
6.32173e-07
6.08576e-07
5.8868e-07
5.71516e-07
5.56416e-07
5.42853e-07
5.30474e-07
5.18988e-07
5.08213e-07
4.97986e-07
4.88212e-07
4.78801e-07
4.69703e-07
4.60866e-07
4.52263e-07
4.43865e-07
4.35654e-07
4.27616e-07
4.19735e-07
4.12005e-07
4.04412e-07
3.96956e-07
3.89622e-07
3.82415e-07
3.75313e-07
3.68328e-07
3.61437e-07
3.54655e-07
3.47956e-07
3.41359e-07
3.34834e-07
3.28405e-07
3.22037e-07
3.1576e-07
3.09535e-07
3.03395e-07
2.97299e-07
2.91283e-07
2.85304e-07
2.794e-07
2.73527e-07
2.67725e-07
2.61947e-07
2.56237e-07
2.50546e-07
2.4492e-07
2.39309e-07
2.33759e-07
2.2822e-07
2.2274e-07
2.17267e-07
2.11852e-07
2.0644e-07
2.01084e-07
1.95728e-07
1.90426e-07
1.85123e-07
1.79872e-07
1.74616e-07
1.69413e-07
1.64203e-07
1.59043e-07
1.53875e-07
1.48756e-07
1.43627e-07
1.38546e-07
1.33454e-07
1.28408e-07
1.2335e-07
1.18337e-07
1.1331e-07
1.08327e-07
1.0333e-07
9.83748e-08
9.34035e-08
8.84741e-08
8.35269e-08
7.86205e-08
7.36949e-08
6.88092e-08
6.39027e-08
5.90356e-08
5.41447e-08
4.92955e-08
4.44149e-08
3.95861e-08
3.47036e-08
2.99113e-08
2.49912e-08
2.02954e-08
1.52371e-08
1.07328e-08
5.31685e-09
3.5867e-09
0.0902051
0.0904425
0.09117
0.0916093
0.0907173
0.086468
0.074591
0.0477897
-0.00265057
-0.0944118
-0.177724
-0.214769
-0.254989
-0.290727
-0.307318
-0.301203
-0.266351
-0.21305
-0.155981
-0.106641
-0.0689489
-0.0425928
-0.0251916
-0.0142541
-0.00764234
-0.00379001
-0.00163083
-0.000473517
0.000109776
0.000376111
0.000475945
0.000495221
0.000480793
0.000455032
0.000425464
0.000392678
0.000356174
0.000316679
0.000275494
0.000233398
0.000190811
0.00014883
0.000109943
7.74636e-05
5.38209e-05
3.89013e-05
3.00871e-05
2.42551e-05
1.94937e-05
1.53024e-05
1.17862e-05
9.00957e-06
6.8842e-06
5.27657e-06
4.07099e-06
3.17409e-06
2.5096e-06
2.01726e-06
1.65185e-06
1.38e-06
1.17717e-06
1.02519e-06
9.10722e-07
8.23848e-07
7.57323e-07
7.05762e-07
6.65253e-07
6.32875e-07
6.06528e-07
5.84625e-07
5.66046e-07
5.49926e-07
5.35669e-07
5.22804e-07
5.11016e-07
5.00045e-07
4.89725e-07
4.79913e-07
4.70521e-07
4.61468e-07
4.52706e-07
4.44192e-07
4.35896e-07
4.27794e-07
4.19867e-07
4.12105e-07
4.04487e-07
3.97013e-07
3.89666e-07
3.82448e-07
3.75339e-07
3.68349e-07
3.61454e-07
3.54669e-07
3.47968e-07
3.4137e-07
3.34843e-07
3.28413e-07
3.22045e-07
3.15767e-07
3.09542e-07
3.03402e-07
2.97306e-07
2.9129e-07
2.8531e-07
2.79406e-07
2.73533e-07
2.67731e-07
2.61953e-07
2.56243e-07
2.50552e-07
2.44926e-07
2.39314e-07
2.33764e-07
2.28225e-07
2.22745e-07
2.17272e-07
2.11857e-07
2.06445e-07
2.01088e-07
1.95732e-07
1.90431e-07
1.85127e-07
1.79876e-07
1.74621e-07
1.69417e-07
1.64207e-07
1.59047e-07
1.53879e-07
1.4876e-07
1.43631e-07
1.3855e-07
1.33457e-07
1.28412e-07
1.23353e-07
1.1834e-07
1.13313e-07
1.08331e-07
1.03333e-07
9.83779e-08
9.34064e-08
8.8477e-08
8.35296e-08
7.86232e-08
7.36975e-08
6.88117e-08
6.39049e-08
5.90379e-08
5.41468e-08
4.92975e-08
4.44166e-08
3.95879e-08
3.47049e-08
2.99129e-08
2.49921e-08
2.02969e-08
1.52372e-08
1.07348e-08
5.31574e-09
3.58985e-09
0.0949104
0.0955124
0.0974611
0.0997944
0.101661
0.101146
0.0931028
0.0687521
0.0116928
-0.106008
-0.206913
-0.240924
-0.285661
-0.328261
-0.34966
-0.343257
-0.299075
-0.231835
-0.16162
-0.103513
-0.0613742
-0.0336714
-0.0166097
-0.00677694
-0.00147514
0.00113279
0.00222168
0.00250702
0.00240165
0.00213394
0.00182377
0.00152966
0.00127587
0.00106696
0.000896936
0.000756226
0.000636713
0.000533223
0.0004423
0.000360877
0.000286483
0.000218439
0.000158598
0.000110385
7.62424e-05
5.5172e-05
4.28292e-05
3.45005e-05
2.75096e-05
2.13247e-05
1.62058e-05
1.22403e-05
9.25142e-06
7.01151e-06
5.34145e-06
4.10464e-06
3.19188e-06
2.51786e-06
2.01924e-06
1.64966e-06
1.37512e-06
1.17053e-06
1.01743e-06
9.02205e-07
8.14865e-07
7.48019e-07
6.96287e-07
6.55666e-07
6.23265e-07
5.96917e-07
5.75073e-07
5.56555e-07
5.40538e-07
5.2638e-07
5.13642e-07
5.01974e-07
4.91143e-07
4.80955e-07
4.71287e-07
4.62032e-07
4.53121e-07
4.44498e-07
4.36122e-07
4.27962e-07
4.19992e-07
4.12198e-07
4.04557e-07
3.97067e-07
3.89707e-07
3.82481e-07
3.75364e-07
3.68369e-07
3.6147e-07
3.54683e-07
3.4798e-07
3.4138e-07
3.34852e-07
3.28422e-07
3.22053e-07
3.15775e-07
3.09549e-07
3.03409e-07
2.97312e-07
2.91296e-07
2.85317e-07
2.79413e-07
2.73539e-07
2.67737e-07
2.61959e-07
2.56249e-07
2.50557e-07
2.44931e-07
2.3932e-07
2.3377e-07
2.28231e-07
2.22751e-07
2.17278e-07
2.11863e-07
2.0645e-07
2.01094e-07
1.95738e-07
1.90436e-07
1.85132e-07
1.79881e-07
1.74626e-07
1.69422e-07
1.64212e-07
1.59052e-07
1.53883e-07
1.48764e-07
1.43635e-07
1.38554e-07
1.33462e-07
1.28416e-07
1.23358e-07
1.18345e-07
1.13317e-07
1.08335e-07
1.03337e-07
9.83818e-08
9.341e-08
8.84806e-08
8.3533e-08
7.86265e-08
7.37005e-08
6.88148e-08
6.39077e-08
5.90406e-08
5.41493e-08
4.92999e-08
4.44188e-08
3.959e-08
3.47067e-08
2.99146e-08
2.49932e-08
2.02985e-08
1.52376e-08
1.07366e-08
5.31513e-09
3.5922e-09
0.09938
0.100375
0.103637
0.108112
0.113247
0.1177
0.11536
0.0975108
0.0319209
-0.13007
-0.249806
-0.267266
-0.318821
-0.375761
-0.40401
-0.397593
-0.340932
-0.254628
-0.166957
-0.0980622
-0.0511122
-0.0225072
-0.00639947
0.00178272
0.00537129
0.00646193
0.0063064
0.00561344
0.00475683
0.00391957
0.0031799
0.002562
0.00206341
0.00166875
0.00135743
0.00110927
0.000908117
0.000742404
0.000603418
0.000483851
0.000378137
0.00028388
0.000202679
0.000138637
9.45847e-05
6.85289e-05
5.38642e-05
4.38445e-05
3.49711e-05
2.69018e-05
2.02482e-05
1.51754e-05
1.13999e-05
8.58665e-06
6.49414e-06
4.94835e-06
3.81045e-06
2.97175e-06
2.35235e-06
1.89415e-06
1.5546e-06
1.3023e-06
1.11419e-06
9.73261e-07
8.67049e-07
7.86346e-07
7.24436e-07
6.7634e-07
6.38449e-07
6.08069e-07
5.83263e-07
5.62571e-07
5.44956e-07
5.29625e-07
5.16026e-07
5.03726e-07
4.9243e-07
4.81902e-07
4.71983e-07
4.62544e-07
4.53499e-07
4.44777e-07
4.36328e-07
4.28116e-07
4.20106e-07
4.12284e-07
4.04622e-07
3.97119e-07
3.89747e-07
3.82512e-07
3.75389e-07
3.68389e-07
3.61487e-07
3.54698e-07
3.47992e-07
3.41391e-07
3.34862e-07
3.28431e-07
3.22062e-07
3.15783e-07
3.09557e-07
3.03417e-07
2.9732e-07
2.91304e-07
2.85324e-07
2.7942e-07
2.73546e-07
2.67743e-07
2.61965e-07
2.56255e-07
2.50564e-07
2.44938e-07
2.39326e-07
2.33776e-07
2.28236e-07
2.22757e-07
2.17284e-07
2.11868e-07
2.06456e-07
2.011e-07
1.95743e-07
1.90441e-07
1.85137e-07
1.79886e-07
1.74631e-07
1.69427e-07
1.64216e-07
1.59056e-07
1.53888e-07
1.48769e-07
1.4364e-07
1.38559e-07
1.33466e-07
1.28421e-07
1.23362e-07
1.18349e-07
1.13321e-07
1.08339e-07
1.0334e-07
9.83855e-08
9.34136e-08
8.84841e-08
8.35363e-08
7.86297e-08
7.37035e-08
6.88177e-08
6.39105e-08
5.90433e-08
5.41517e-08
4.93022e-08
4.44208e-08
3.9592e-08
3.47083e-08
2.99163e-08
2.49944e-08
2.03e-08
1.52382e-08
1.07381e-08
5.31485e-09
3.59396e-09
0.103456
0.104849
0.10947
0.116195
0.125115
0.135411
0.141562
0.133308
0.060037
-0.140579
-0.317816
-0.313786
-0.358842
-0.424878
-0.462727
-0.458052
-0.388382
-0.279892
-0.171176
-0.0896119
-0.0375846
-0.00872319
0.00562026
0.0114625
0.0128558
0.0121242
0.0105459
0.00877725
0.00712041
0.00569173
0.00451477
0.00357177
0.00282953
0.00225103
0.00180074
0.00144791
0.00116826
0.000943426
0.000758915
0.000602791
0.000466239
0.000345335
0.000241993
0.000161784
0.000108416
7.87055e-05
6.31332e-05
5.22854e-05
4.18282e-05
3.19389e-05
2.38205e-05
1.77486e-05
1.3288e-05
9.97338e-06
7.50791e-06
5.68962e-06
4.3537e-06
3.37028e-06
2.64467e-06
2.10856e-06
1.71191e-06
1.41775e-06
1.19894e-06
1.03548e-06
9.1273e-07
8.19887e-07
7.49065e-07
6.94425e-07
6.5173e-07
6.17821e-07
5.90424e-07
5.67829e-07
5.48817e-07
5.32461e-07
5.18109e-07
5.05256e-07
4.93555e-07
4.82728e-07
4.72592e-07
4.62993e-07
4.5383e-07
4.45021e-07
4.3651e-07
4.28251e-07
4.20207e-07
4.1236e-07
4.04679e-07
3.97166e-07
3.89784e-07
3.8254e-07
3.75412e-07
3.68408e-07
3.61503e-07
3.54711e-07
3.48004e-07
3.41402e-07
3.34872e-07
3.28441e-07
3.22071e-07
3.15792e-07
3.09566e-07
3.03425e-07
2.97328e-07
2.91312e-07
2.85332e-07
2.79427e-07
2.73553e-07
2.67751e-07
2.61972e-07
2.56262e-07
2.50571e-07
2.44945e-07
2.39333e-07
2.33783e-07
2.28243e-07
2.22764e-07
2.17291e-07
2.11875e-07
2.06463e-07
2.01107e-07
1.9575e-07
1.90448e-07
1.85144e-07
1.79893e-07
1.74637e-07
1.69433e-07
1.64222e-07
1.59062e-07
1.53894e-07
1.48775e-07
1.43646e-07
1.38564e-07
1.33472e-07
1.28426e-07
1.23367e-07
1.18354e-07
1.13326e-07
1.08344e-07
1.03345e-07
9.839e-08
9.34179e-08
8.84883e-08
8.35403e-08
7.86336e-08
7.37072e-08
6.88213e-08
6.39138e-08
5.90465e-08
5.41546e-08
4.93051e-08
4.44234e-08
3.95944e-08
3.47104e-08
2.99183e-08
2.49959e-08
2.03016e-08
1.5239e-08
1.07394e-08
5.31484e-09
3.59531e-09
0.106977
0.108755
0.114678
0.123714
0.136658
0.154279
0.172418
0.188044
0.101122
-0.129178
-0.350423
-0.315083
-0.373621
-0.45306
-0.496303
-0.501025
-0.424313
-0.298373
-0.170764
-0.0774141
-0.02096
0.00734562
0.0191728
0.0220654
0.0208427
0.0180235
0.0148689
0.0119436
0.00944834
0.00741377
0.00579688
0.00453128
0.0035498
0.00279261
0.00220906
0.00175772
0.0014058
0.00112754
0.000902156
0.000712743
0.000547132
0.000400114
0.000274615
0.000178633
0.000117188
8.55684e-05
7.07011e-05
5.98335e-05
4.79784e-05
3.62887e-05
2.67958e-05
1.987e-05
1.48532e-05
1.1125e-05
8.34876e-06
6.30412e-06
4.80435e-06
3.70106e-06
2.88728e-06
2.28648e-06
1.84245e-06
1.51356e-06
1.26927e-06
1.08712e-06
9.50648e-07
8.47731e-07
7.69511e-07
7.0944e-07
6.62756e-07
6.25918e-07
5.9637e-07
5.72195e-07
5.52024e-07
5.34816e-07
5.19839e-07
5.06527e-07
4.94489e-07
4.83416e-07
4.73098e-07
4.63367e-07
4.54107e-07
4.45226e-07
4.36662e-07
4.28365e-07
4.20294e-07
4.12423e-07
4.0473e-07
3.97205e-07
3.89816e-07
3.82566e-07
3.75433e-07
3.68426e-07
3.61518e-07
3.54725e-07
3.48016e-07
3.41414e-07
3.34883e-07
3.28451e-07
3.2208e-07
3.15801e-07
3.09575e-07
3.03434e-07
2.97337e-07
2.9132e-07
2.8534e-07
2.79436e-07
2.73561e-07
2.67759e-07
2.6198e-07
2.5627e-07
2.50578e-07
2.44952e-07
2.3934e-07
2.3379e-07
2.2825e-07
2.22771e-07
2.17297e-07
2.11882e-07
2.06469e-07
2.01113e-07
1.95756e-07
1.90454e-07
1.8515e-07
1.79898e-07
1.74642e-07
1.69438e-07
1.64228e-07
1.59068e-07
1.53899e-07
1.4878e-07
1.43651e-07
1.3857e-07
1.33477e-07
1.28431e-07
1.23372e-07
1.18359e-07
1.13331e-07
1.08348e-07
1.03349e-07
9.83942e-08
9.34219e-08
8.84922e-08
8.3544e-08
7.86372e-08
7.37106e-08
6.88245e-08
6.39168e-08
5.90494e-08
5.41573e-08
4.93076e-08
4.44257e-08
3.95966e-08
3.47123e-08
2.99201e-08
2.49973e-08
2.0303e-08
1.52398e-08
1.07406e-08
5.31499e-09
3.59635e-09
0.109787
0.111892
0.118978
0.130035
0.14709
0.171364
0.206892
0.213061
0.192536
-0.14721
-0.444857
-0.330154
-0.362986
-0.454424
-0.501359
-0.507889
-0.430993
-0.299446
-0.162416
-0.0624199
-0.00367518
0.0232694
0.0323294
0.0321997
0.0283731
0.0235128
0.018844
0.0148256
0.0115501
0.008959
0.00694228
0.00538596
0.00419049
0.00327471
0.00257391
0.00203667
0.0016221
0.00129751
0.00103624
0.000816758
0.000623844
0.000451413
0.000304052
0.000192721
0.000124113
9.16595e-05
7.79581e-05
6.70093e-05
5.35447e-05
3.99788e-05
2.91938e-05
2.15467e-05
1.60843e-05
1.20271e-05
9.00411e-06
6.7818e-06
5.15447e-06
3.95788e-06
3.07543e-06
2.42434e-06
1.94353e-06
1.58771e-06
1.32369e-06
1.12706e-06
9.79966e-07
8.69254e-07
7.85312e-07
7.2104e-07
6.71271e-07
6.3217e-07
6.0096e-07
5.75565e-07
5.54498e-07
5.36633e-07
5.21174e-07
5.07508e-07
4.95211e-07
4.83947e-07
4.7349e-07
4.63656e-07
4.54321e-07
4.45385e-07
4.36778e-07
4.28454e-07
4.20364e-07
4.12481e-07
4.04777e-07
3.9724e-07
3.89843e-07
3.82588e-07
3.75452e-07
3.68442e-07
3.61532e-07
3.54738e-07
3.48028e-07
3.41425e-07
3.34893e-07
3.28461e-07
3.2209e-07
3.15811e-07
3.09585e-07
3.03443e-07
2.97346e-07
2.91329e-07
2.85349e-07
2.79445e-07
2.7357e-07
2.67768e-07
2.61989e-07
2.56279e-07
2.50587e-07
2.44961e-07
2.39348e-07
2.33799e-07
2.28259e-07
2.22779e-07
2.17306e-07
2.11891e-07
2.06478e-07
2.01122e-07
1.95765e-07
1.90462e-07
1.85157e-07
1.79906e-07
1.7465e-07
1.69446e-07
1.64235e-07
1.59075e-07
1.53906e-07
1.48787e-07
1.43658e-07
1.38576e-07
1.33483e-07
1.28437e-07
1.23378e-07
1.18365e-07
1.13337e-07
1.08354e-07
1.03355e-07
9.83996e-08
9.34271e-08
8.84972e-08
8.35488e-08
7.86419e-08
7.37151e-08
6.88287e-08
6.39208e-08
5.90531e-08
5.41608e-08
4.93109e-08
4.44287e-08
3.95994e-08
3.47147e-08
2.99223e-08
2.4999e-08
2.03046e-08
1.52409e-08
1.07418e-08
5.31531e-09
3.59717e-09
0.111748
0.114105
0.122045
0.134766
0.154928
0.186289
0.234843
0.275142
0.331807
-0.117763
-0.335705
-0.364817
-0.449973
-0.501064
-0.50693
-0.426174
-0.291077
-0.150763
-0.0488326
0.0100742
0.0354145
0.0422733
0.0398557
0.034078
0.0276809
0.021867
0.0170188
0.0131496
0.0101345
0.00781353
0.00603733
0.00468195
0.00364949
0.00286349
0.00226381
0.00180293
0.00144291
0.001153
0.00090855
0.000692327
0.00049801
0.000331961
0.000207893
0.000133619
0.000100135
8.62133e-05
7.40477e-05
5.85141e-05
4.30507e-05
3.10683e-05
2.27866e-05
1.69595e-05
1.26551e-05
9.45473e-06
7.10832e-06
5.39329e-06
4.13275e-06
3.20339e-06
2.51802e-06
2.01219e-06
1.63808e-06
1.36064e-06
1.15418e-06
9.99877e-07
8.8387e-07
7.96042e-07
7.28916e-07
6.77053e-07
6.36414e-07
6.04075e-07
5.77852e-07
5.56177e-07
5.37866e-07
5.2208e-07
5.08175e-07
4.95701e-07
4.84309e-07
4.73757e-07
4.63854e-07
4.5447e-07
4.45498e-07
4.36868e-07
4.2852e-07
4.20417e-07
4.12524e-07
4.04813e-07
3.97266e-07
3.89864e-07
3.82607e-07
3.75468e-07
3.68457e-07
3.61545e-07
3.5475e-07
3.4804e-07
3.41437e-07
3.34905e-07
3.28471e-07
3.22101e-07
3.15822e-07
3.09595e-07
3.03453e-07
2.97356e-07
2.91339e-07
2.85358e-07
2.79454e-07
2.73579e-07
2.67776e-07
2.61997e-07
2.56287e-07
2.50595e-07
2.44968e-07
2.39356e-07
2.33806e-07
2.28266e-07
2.22786e-07
2.17313e-07
2.11897e-07
2.06485e-07
2.01128e-07
1.95771e-07
1.90469e-07
1.85164e-07
1.79912e-07
1.74656e-07
1.69452e-07
1.64241e-07
1.59081e-07
1.53912e-07
1.48793e-07
1.43663e-07
1.38582e-07
1.33488e-07
1.28442e-07
1.23383e-07
1.1837e-07
1.13342e-07
1.08358e-07
1.03359e-07
9.8404e-08
9.34314e-08
8.85013e-08
8.35527e-08
7.86456e-08
7.37186e-08
6.88322e-08
6.39241e-08
5.90562e-08
5.41637e-08
4.93136e-08
4.44313e-08
3.96018e-08
3.4717e-08
2.99243e-08
2.50006e-08
2.03061e-08
1.52419e-08
1.07428e-08
5.31571e-09
3.5978e-09
0.112756
0.115245
0.123655
0.137264
0.159284
0.19462
0.252218
0.320279
0.430556
-0.351333
-0.4385
-0.484954
-0.488221
-0.409434
-0.276857
-0.140076
-0.0404559
0.0169918
0.0410224
0.0467356
0.0432769
0.0366624
0.0296112
0.0233071
0.0180973
0.0139628
0.0107534
0.00828988
0.00640871
0.0049756
0.00388493
0.00305459
0.00242049
0.00193221
0.00154962
0.00124014
0.000977728
0.000744561
0.000534763
0.000356004
0.000223318
0.000144484
0.00010875
9.314e-05
7.91782e-05
6.18621e-05
4.50309e-05
3.22232e-05
2.35079e-05
1.74448e-05
1.29912e-05
9.69048e-06
7.27696e-06
5.51566e-06
4.22192e-06
3.26845e-06
2.56556e-06
2.04699e-06
1.66358e-06
1.37935e-06
1.1679e-06
1.00994e-06
8.91251e-07
8.01456e-07
7.32887e-07
6.79965e-07
6.3855e-07
6.05641e-07
5.79001e-07
5.5702e-07
5.38485e-07
5.22535e-07
5.08509e-07
4.95948e-07
4.84492e-07
4.73893e-07
4.63956e-07
4.54546e-07
4.45559e-07
4.36914e-07
4.28561e-07
4.20448e-07
4.12553e-07
4.04834e-07
3.97284e-07
3.89881e-07
3.82622e-07
3.75482e-07
3.6847e-07
3.61557e-07
3.54761e-07
3.48052e-07
3.41448e-07
3.34914e-07
3.2848e-07
3.22111e-07
3.15833e-07
3.09606e-07
3.03465e-07
2.97367e-07
2.9135e-07
2.8537e-07
2.79465e-07
2.7359e-07
2.67787e-07
2.62008e-07
2.56298e-07
2.50606e-07
2.44979e-07
2.39366e-07
2.33816e-07
2.28276e-07
2.22796e-07
2.17322e-07
2.11906e-07
2.06494e-07
2.01137e-07
1.9578e-07
1.90477e-07
1.85172e-07
1.7992e-07
1.74664e-07
1.6946e-07
1.64249e-07
1.59089e-07
1.5392e-07
1.48801e-07
1.43671e-07
1.38589e-07
1.33496e-07
1.2845e-07
1.2339e-07
1.18377e-07
1.13348e-07
1.08365e-07
1.03366e-07
9.84099e-08
9.3437e-08
8.85067e-08
8.35578e-08
7.86504e-08
7.37231e-08
6.88363e-08
6.39279e-08
5.90597e-08
5.41669e-08
4.93165e-08
4.44337e-08
3.96039e-08
3.47188e-08
2.99259e-08
2.50021e-08
2.03074e-08
1.5243e-08
1.07437e-08
5.31621e-09
3.59828e-09
0.112756
0.115245
0.123655
0.137264
0.159285
0.194621
0.252218
0.330483
0.488837
-0.34606
-0.438483
-0.484932
-0.488202
-0.409431
-0.276867
-0.140091
-0.0404704
0.0169827
0.0410183
0.0467352
0.0432785
0.0366648
0.0296136
0.0233093
0.0180987
0.0139636
0.0107537
0.00828975
0.00640837
0.00497518
0.00388452
0.00305425
0.00242024
0.00193206
0.00154954
0.0012401
0.000977711
0.000744548
0.000534745
0.000355983
0.0002233
0.000144472
0.000108744
9.31379e-05
7.91774e-05
6.18616e-05
4.50303e-05
3.22228e-05
2.35075e-05
1.74444e-05
1.29909e-05
9.69023e-06
7.27675e-06
5.51547e-06
4.22175e-06
3.26831e-06
2.56543e-06
2.04688e-06
1.66348e-06
1.37926e-06
1.16783e-06
1.00988e-06
8.91196e-07
8.01409e-07
7.32848e-07
6.79932e-07
6.38522e-07
6.05619e-07
5.78983e-07
5.57006e-07
5.38475e-07
5.22527e-07
5.08504e-07
4.95946e-07
4.84492e-07
4.73895e-07
4.6396e-07
4.54552e-07
4.45567e-07
4.36928e-07
4.28572e-07
4.20458e-07
4.1256e-07
4.04843e-07
3.97295e-07
3.89892e-07
3.82633e-07
3.75493e-07
3.68481e-07
3.61568e-07
3.54769e-07
3.48063e-07
3.41461e-07
3.34929e-07
3.28496e-07
3.22126e-07
3.15847e-07
3.09619e-07
3.03477e-07
2.9738e-07
2.91363e-07
2.85382e-07
2.79477e-07
2.73602e-07
2.678e-07
2.62021e-07
2.5631e-07
2.50618e-07
2.44992e-07
2.39379e-07
2.33829e-07
2.28289e-07
2.22809e-07
2.17334e-07
2.11918e-07
2.06505e-07
2.01148e-07
1.95791e-07
1.90491e-07
1.85186e-07
1.79935e-07
1.74679e-07
1.69475e-07
1.64264e-07
1.59103e-07
1.53934e-07
1.48814e-07
1.43684e-07
1.38602e-07
1.33508e-07
1.28461e-07
1.23402e-07
1.18388e-07
1.13359e-07
1.08375e-07
1.03376e-07
9.84196e-08
9.34463e-08
8.85156e-08
8.35664e-08
7.86586e-08
7.37309e-08
6.88436e-08
6.39347e-08
5.90661e-08
5.41727e-08
4.93216e-08
4.44383e-08
3.96079e-08
3.47221e-08
2.99288e-08
2.50046e-08
2.03095e-08
1.52446e-08
1.07448e-08
5.31687e-09
3.59864e-09
0.111748
0.114105
0.122045
0.134767
0.154929
0.18629
0.234843
0.302402
0.41384
-0.329403
-0.361378
-0.449934
-0.501014
-0.506897
-0.426169
-0.2911
-0.150798
-0.0488634
0.0100534
0.0354034
0.0422694
0.0398562
0.0340807
0.0276842
0.0218701
0.0170212
0.0131511
0.0101352
0.00781358
0.00603696
0.00468137
0.00364888
0.00286295
0.0022634
0.00180265
0.00144274
0.0011529
0.000908486
0.000692273
0.000497953
0.000331903
0.000207844
0.000133585
0.000100118
8.6207e-05
7.40457e-05
5.85128e-05
4.30493e-05
3.10669e-05
2.27855e-05
1.69585e-05
1.26542e-05
9.45396e-06
7.10765e-06
5.3927e-06
4.13224e-06
3.20294e-06
2.51762e-06
2.01185e-06
1.63778e-06
1.36039e-06
1.15396e-06
9.99684e-07
8.83704e-07
7.959e-07
7.28796e-07
6.76952e-07
6.3633e-07
6.04006e-07
5.77797e-07
5.56134e-07
5.37834e-07
5.22057e-07
5.0816e-07
4.95694e-07
4.84308e-07
4.73762e-07
4.63865e-07
4.54485e-07
4.4552e-07
4.36893e-07
4.2855e-07
4.20446e-07
4.12553e-07
4.04841e-07
3.97297e-07
3.89897e-07
3.82641e-07
3.75502e-07
3.6849e-07
3.61579e-07
3.54783e-07
3.48077e-07
3.41476e-07
3.34947e-07
3.28513e-07
3.22141e-07
3.1586e-07
3.09633e-07
3.0349e-07
2.97393e-07
2.91375e-07
2.85395e-07
2.7949e-07
2.73615e-07
2.67812e-07
2.62033e-07
2.56323e-07
2.5063e-07
2.45004e-07
2.39391e-07
2.3384e-07
2.283e-07
2.22819e-07
2.17344e-07
2.11928e-07
2.06514e-07
2.01157e-07
1.95801e-07
1.905e-07
1.85196e-07
1.79945e-07
1.74689e-07
1.69484e-07
1.64273e-07
1.59112e-07
1.53943e-07
1.48823e-07
1.43692e-07
1.3861e-07
1.33516e-07
1.28469e-07
1.23409e-07
1.18395e-07
1.13366e-07
1.08382e-07
1.03382e-07
9.84259e-08
9.34524e-08
8.85214e-08
8.35719e-08
7.86638e-08
7.37357e-08
6.88481e-08
6.39389e-08
5.90699e-08
5.41762e-08
4.93247e-08
4.4441e-08
3.96101e-08
3.47241e-08
2.99305e-08
2.50062e-08
2.03109e-08
1.52458e-08
1.07456e-08
5.31754e-09
3.59884e-09
0.109788
0.111893
0.118979
0.130036
0.147091
0.171365
0.206893
0.250293
0.263427
-0.255755
-0.336788
-0.369214
-0.45438
-0.501306
-0.507855
-0.430995
-0.299481
-0.162461
-0.0624581
-0.00369972
0.0232571
0.0323257
0.032201
0.0283768
0.0235171
0.0188478
0.0148283
0.0115517
0.00895959
0.00694213
0.00538535
0.00418967
0.00327389
0.00257322
0.00203615
0.00162177
0.00129732
0.00103614
0.000816699
0.000623795
0.000451357
0.000303992
0.000192667
0.000124074
9.16385e-05
7.79494e-05
6.70059e-05
5.35425e-05
3.99766e-05
2.91917e-05
2.15449e-05
1.60827e-05
1.20257e-05
9.00285e-06
6.7807e-06
5.15351e-06
3.95703e-06
3.07469e-06
2.42369e-06
1.94296e-06
1.58722e-06
1.32326e-06
1.12669e-06
9.79646e-07
8.68979e-07
7.85077e-07
7.20841e-07
6.71104e-07
6.32031e-07
6.00846e-07
5.75474e-07
5.54427e-07
5.36579e-07
5.21136e-07
5.07484e-07
4.95199e-07
4.83947e-07
4.73499e-07
4.63674e-07
4.54347e-07
4.45421e-07
4.36823e-07
4.28502e-07
4.20413e-07
4.12533e-07
4.04829e-07
3.97292e-07
3.89896e-07
3.82644e-07
3.75509e-07
3.68496e-07
3.61592e-07
3.54804e-07
3.48095e-07
3.4149e-07
3.34962e-07
3.28529e-07
3.22156e-07
3.15874e-07
3.09646e-07
3.03503e-07
2.97405e-07
2.91387e-07
2.85406e-07
2.79501e-07
2.73626e-07
2.67823e-07
2.62044e-07
2.56333e-07
2.5064e-07
2.45013e-07
2.394e-07
2.3385e-07
2.28309e-07
2.22828e-07
2.17353e-07
2.11937e-07
2.06523e-07
2.01166e-07
1.95809e-07
1.90508e-07
1.85203e-07
1.79952e-07
1.74696e-07
1.69491e-07
1.6428e-07
1.59119e-07
1.5395e-07
1.48829e-07
1.43699e-07
1.38617e-07
1.33523e-07
1.28476e-07
1.23415e-07
1.18401e-07
1.13372e-07
1.08388e-07
1.03388e-07
9.84312e-08
9.34576e-08
8.85263e-08
8.35766e-08
7.86682e-08
7.374e-08
6.88522e-08
6.39428e-08
5.90735e-08
5.41796e-08
4.93279e-08
4.4444e-08
3.9613e-08
3.47267e-08
2.99328e-08
2.50082e-08
2.03123e-08
1.52471e-08
1.07464e-08
5.31829e-09
3.59889e-09
0.106978
0.108756
0.114679
0.123715
0.136659
0.154281
0.17242
0.188047
0.148833
-0.173588
-0.424377
-0.32096
-0.373601
-0.453013
-0.496255
-0.500997
-0.424321
-0.298411
-0.17081
-0.0774508
-0.0209838
0.00733299
0.0191679
0.0220652
0.0208449
0.0180265
0.0148719
0.0119458
0.00944981
0.00741447
0.00579696
0.00453094
0.00354925
0.00279201
0.00220853
0.00175731
0.00140552
0.00112736
0.000902053
0.000712676
0.000547076
0.000400056
0.000274556
0.00017858
0.000117149
8.55457e-05
7.06906e-05
5.98288e-05
4.79753e-05
3.62858e-05
2.67931e-05
1.98675e-05
1.4851e-05
1.1123e-05
8.34699e-06
6.30257e-06
4.803e-06
3.69988e-06
2.88624e-06
2.28558e-06
1.84166e-06
1.51287e-06
1.26868e-06
1.0866e-06
9.50202e-07
8.47348e-07
7.69184e-07
7.09162e-07
6.62522e-07
6.25724e-07
5.96211e-07
5.72067e-07
5.51924e-07
5.34741e-07
5.19786e-07
5.06494e-07
4.94473e-07
4.83415e-07
4.73111e-07
4.63391e-07
4.54142e-07
4.45273e-07
4.36717e-07
4.28427e-07
4.20362e-07
4.12498e-07
4.04807e-07
3.97279e-07
3.89891e-07
3.82644e-07
3.75513e-07
3.6851e-07
3.61603e-07
3.54818e-07
3.48107e-07
3.41502e-07
3.34972e-07
3.28539e-07
3.22167e-07
3.15886e-07
3.09658e-07
3.03515e-07
2.97417e-07
2.91399e-07
2.85418e-07
2.79513e-07
2.73638e-07
2.67835e-07
2.62055e-07
2.56344e-07
2.50652e-07
2.45025e-07
2.39411e-07
2.33861e-07
2.2832e-07
2.22839e-07
2.17364e-07
2.11948e-07
2.06534e-07
2.01177e-07
1.9582e-07
1.90518e-07
1.85214e-07
1.79962e-07
1.74706e-07
1.69501e-07
1.6429e-07
1.59128e-07
1.53959e-07
1.48838e-07
1.43708e-07
1.38625e-07
1.33531e-07
1.28484e-07
1.23423e-07
1.18409e-07
1.1338e-07
1.08395e-07
1.03395e-07
9.8438e-08
9.34641e-08
8.85326e-08
8.35827e-08
7.8674e-08
7.37456e-08
6.88574e-08
6.39477e-08
5.90781e-08
5.41839e-08
4.93319e-08
4.44478e-08
3.96163e-08
3.47298e-08
2.99353e-08
2.50104e-08
2.0314e-08
1.52487e-08
1.07471e-08
5.31919e-09
3.59874e-09
0.103458
0.10485
0.109471
0.116196
0.125117
0.135413
0.141565
0.133311
0.0600412
-0.140574
-0.31781
-0.313777
-0.358822
-0.424836
-0.462682
-0.458033
-0.388395
-0.279927
-0.171215
-0.0896425
-0.0376045
-0.008734
0.00561591
0.0114622
0.0128577
0.0121269
0.0105484
0.00877924
0.00712169
0.00569232
0.00451482
0.00357145
0.00282902
0.00225048
0.00180025
0.00144753
0.001168
0.000943262
0.000758818
0.000602731
0.000466192
0.000345289
0.000241946
0.000161741
0.000108383
7.8685e-05
6.31221e-05
5.22794e-05
4.1824e-05
3.19352e-05
2.38171e-05
1.77455e-05
1.32852e-05
9.97084e-06
7.50566e-06
5.68766e-06
4.35198e-06
3.36877e-06
2.64335e-06
2.10741e-06
1.7109e-06
1.41687e-06
1.19818e-06
1.03482e-06
9.12161e-07
8.19398e-07
7.48647e-07
6.94071e-07
6.51432e-07
6.17574e-07
5.90222e-07
5.67666e-07
5.4869e-07
5.32366e-07
5.18042e-07
5.05214e-07
4.93534e-07
4.82728e-07
4.72608e-07
4.63024e-07
4.53876e-07
4.4508e-07
4.36578e-07
4.28328e-07
4.20292e-07
4.12451e-07
4.04775e-07
3.9726e-07
3.8988e-07
3.8264e-07
3.75518e-07
3.68515e-07
3.61616e-07
3.54824e-07
3.48116e-07
3.41513e-07
3.34984e-07
3.28551e-07
3.22179e-07
3.15898e-07
3.0967e-07
3.03528e-07
2.97429e-07
2.91411e-07
2.8543e-07
2.79525e-07
2.7365e-07
2.67846e-07
2.62066e-07
2.56355e-07
2.50663e-07
2.45035e-07
2.39422e-07
2.33871e-07
2.2833e-07
2.22849e-07
2.17374e-07
2.11957e-07
2.06544e-07
2.01186e-07
1.9583e-07
1.90527e-07
1.85222e-07
1.79971e-07
1.74714e-07
1.69509e-07
1.64298e-07
1.59137e-07
1.53967e-07
1.48846e-07
1.43716e-07
1.38633e-07
1.33538e-07
1.28491e-07
1.2343e-07
1.18415e-07
1.13386e-07
1.08401e-07
1.03401e-07
9.84439e-08
9.34699e-08
8.8538e-08
8.3588e-08
7.8679e-08
7.37503e-08
6.88618e-08
6.3952e-08
5.9082e-08
5.41877e-08
4.93353e-08
4.44509e-08
3.96191e-08
3.47324e-08
2.99375e-08
2.50125e-08
2.03154e-08
1.52501e-08
1.07476e-08
5.32017e-09
3.59833e-09
0.0993814
0.100377
0.103639
0.108114
0.113249
0.117702
0.115363
0.0975142
0.0319253
-0.130064
-0.249799
-0.267257
-0.318803
-0.375728
-0.40398
-0.397578
-0.340942
-0.254654
-0.166986
-0.0980856
-0.0511282
-0.0225165
-0.00640371
0.00178179
0.00537224
0.00646369
0.00630826
0.00561499
0.0047579
0.00392014
0.00318004
0.00256184
0.00206308
0.00166836
0.00135707
0.00110898
0.000907906
0.000742262
0.000603326
0.000483789
0.000378089
0.000283836
0.000202636
0.000138598
9.45545e-05
6.85088e-05
5.38521e-05
4.38371e-05
3.49657e-05
2.68972e-05
2.0244e-05
1.51715e-05
1.13965e-05
8.58356e-06
6.49139e-06
4.94593e-06
3.80835e-06
2.96992e-06
2.35075e-06
1.89275e-06
1.55338e-06
1.30124e-06
1.11327e-06
9.72462e-07
8.66359e-07
7.85752e-07
7.23929e-07
6.7591e-07
6.38088e-07
6.07769e-07
5.83017e-07
5.62373e-07
5.44802e-07
5.29509e-07
5.15944e-07
5.03674e-07
4.92405e-07
4.819e-07
4.72002e-07
4.62582e-07
4.53554e-07
4.44846e-07
4.3641e-07
4.28208e-07
4.20207e-07
4.12392e-07
4.04735e-07
3.97234e-07
3.89865e-07
3.82633e-07
3.75527e-07
3.68524e-07
3.61623e-07
3.54832e-07
3.48126e-07
3.41524e-07
3.34995e-07
3.28562e-07
3.22191e-07
3.15911e-07
3.09683e-07
3.0354e-07
2.97442e-07
2.91424e-07
2.85443e-07
2.79537e-07
2.73662e-07
2.67858e-07
2.62078e-07
2.56367e-07
2.50674e-07
2.45047e-07
2.39434e-07
2.33882e-07
2.28341e-07
2.2286e-07
2.17385e-07
2.11969e-07
2.06555e-07
2.01197e-07
1.9584e-07
1.90538e-07
1.85233e-07
1.79981e-07
1.74724e-07
1.69519e-07
1.64307e-07
1.59146e-07
1.53976e-07
1.48855e-07
1.43724e-07
1.38641e-07
1.33547e-07
1.28499e-07
1.23438e-07
1.18423e-07
1.13394e-07
1.08409e-07
1.03408e-07
9.84507e-08
9.34765e-08
8.85443e-08
8.3594e-08
7.86847e-08
7.37559e-08
6.8867e-08
6.3957e-08
5.90866e-08
5.4192e-08
4.93392e-08
4.44547e-08
3.96224e-08
3.47355e-08
2.994e-08
2.50148e-08
2.03169e-08
1.52519e-08
1.07481e-08
5.32139e-09
3.5976e-09
0.094912
0.095514
0.0974627
0.0997963
0.101663
0.101148
0.0931057
0.0687557
0.0116973
-0.106002
-0.206906
-0.240914
-0.285646
-0.328233
-0.349626
-0.343239
-0.299079
-0.231853
-0.161641
-0.103531
-0.0613869
-0.033679
-0.0166133
-0.00677779
-0.0014744
0.00113422
0.00222322
0.00250831
0.00240253
0.0021344
0.00182387
0.00152951
0.00127556
0.00106661
0.000896604
0.000755955
0.000636514
0.000533087
0.00044221
0.000360817
0.000286438
0.0002184
0.000158562
0.000110353
7.62161e-05
5.51528e-05
4.28161e-05
3.44917e-05
2.7503e-05
2.1319e-05
1.62008e-05
1.22358e-05
9.24739e-06
7.0079e-06
5.33826e-06
4.10183e-06
3.18943e-06
2.51571e-06
2.01737e-06
1.64802e-06
1.37369e-06
1.16928e-06
1.01635e-06
9.01271e-07
8.14058e-07
7.47326e-07
6.95695e-07
6.55164e-07
6.22844e-07
5.96567e-07
5.74786e-07
5.56325e-07
5.40358e-07
5.26245e-07
5.13548e-07
5.01915e-07
4.91114e-07
4.80954e-07
4.7131e-07
4.62077e-07
4.53185e-07
4.44579e-07
4.36216e-07
4.28069e-07
4.20109e-07
4.12323e-07
4.04689e-07
3.97204e-07
3.89846e-07
3.82619e-07
3.75501e-07
3.68523e-07
3.61626e-07
3.54839e-07
3.48135e-07
3.41534e-07
3.35005e-07
3.28573e-07
3.22203e-07
3.15923e-07
3.09695e-07
3.03552e-07
2.97454e-07
2.91436e-07
2.85455e-07
2.79549e-07
2.73674e-07
2.6787e-07
2.6209e-07
2.56379e-07
2.50686e-07
2.45058e-07
2.39445e-07
2.33893e-07
2.28352e-07
2.22871e-07
2.17396e-07
2.11979e-07
2.06565e-07
2.01207e-07
1.9585e-07
1.90547e-07
1.85242e-07
1.7999e-07
1.74733e-07
1.69528e-07
1.64316e-07
1.59154e-07
1.53984e-07
1.48863e-07
1.43732e-07
1.38649e-07
1.33555e-07
1.28507e-07
1.23446e-07
1.1843e-07
1.13401e-07
1.08415e-07
1.03415e-07
9.84569e-08
9.34825e-08
8.855e-08
8.35996e-08
7.86899e-08
7.37609e-08
6.88717e-08
6.39615e-08
5.90907e-08
5.4196e-08
4.93428e-08
4.4458e-08
3.96253e-08
3.47383e-08
2.99422e-08
2.5017e-08
2.03182e-08
1.52536e-08
1.07482e-08
5.32279e-09
3.59638e-09
0.0902068
0.0904443
0.0911719
0.0916114
0.0907197
0.0864707
0.0745941
0.0477936
-0.00264583
-0.0944058
-0.177717
-0.214759
-0.254974
-0.290705
-0.307295
-0.30119
-0.266352
-0.213062
-0.155996
-0.106655
-0.068959
-0.0425991
-0.0251949
-0.0142552
-0.00764203
-0.00378906
-0.00162972
-0.000472537
0.000110482
0.00037651
0.000476069
0.000495138
0.000480585
0.000454774
0.000425212
0.000392464
0.000356009
0.000316559
0.000275409
0.000233337
0.000190764
0.000148791
0.000109908
7.74327e-05
5.37953e-05
3.88819e-05
3.00734e-05
2.42451e-05
1.94858e-05
1.52956e-05
1.17803e-05
9.00435e-06
6.87954e-06
5.27243e-06
4.06733e-06
3.17088e-06
2.50679e-06
2.01481e-06
1.64971e-06
1.37813e-06
1.17554e-06
1.02378e-06
9.09491e-07
8.22781e-07
7.56402e-07
7.04971e-07
6.64578e-07
6.32302e-07
6.06046e-07
5.84226e-07
5.65719e-07
5.49663e-07
5.35464e-07
5.22651e-07
5.10908e-07
4.99977e-07
4.89693e-07
4.79913e-07
4.70548e-07
4.61519e-07
4.52779e-07
4.44283e-07
4.36003e-07
4.27916e-07
4.2e-07
4.12246e-07
4.04636e-07
3.9717e-07
3.89825e-07
3.82611e-07
3.75504e-07
3.68523e-07
3.6163e-07
3.54845e-07
3.48143e-07
3.41544e-07
3.35016e-07
3.28585e-07
3.22215e-07
3.15935e-07
3.09708e-07
3.03565e-07
2.97467e-07
2.91449e-07
2.85468e-07
2.79562e-07
2.73686e-07
2.67882e-07
2.62103e-07
2.56391e-07
2.50698e-07
2.4507e-07
2.39457e-07
2.33905e-07
2.28364e-07
2.22882e-07
2.17408e-07
2.1199e-07
2.06576e-07
2.01218e-07
1.95861e-07
1.90558e-07
1.85253e-07
1.8e-07
1.74743e-07
1.69538e-07
1.64326e-07
1.59164e-07
1.53994e-07
1.48872e-07
1.43742e-07
1.38658e-07
1.33563e-07
1.28515e-07
1.23454e-07
1.18438e-07
1.13408e-07
1.08423e-07
1.03422e-07
9.84637e-08
9.34893e-08
8.85563e-08
8.36058e-08
7.86956e-08
7.37665e-08
6.88768e-08
6.39665e-08
5.90953e-08
5.42004e-08
4.93467e-08
4.44619e-08
3.96285e-08
3.47414e-08
2.99446e-08
2.50196e-08
2.03196e-08
1.52556e-08
1.07481e-08
5.32459e-09
3.59457e-09
0.085412
0.0853207
0.084958
0.0837588
0.0806268
0.0735584
0.05922
0.0317316
-0.0132461
-0.0858692
-0.154712
-0.193314
-0.230184
-0.259987
-0.27312
-0.267557
-0.239738
-0.197046
-0.150264
-0.108187
-0.0745278
-0.0497233
-0.0323885
-0.0207555
-0.0131627
-0.0083032
-0.00523318
-0.00330579
-0.00209648
-0.00133339
-0.000845156
-0.00052482
-0.000306913
-0.000153607
-4.50345e-05
2.89491e-05
7.5105e-05
9.97203e-05
0.000108494
0.000105745
9.46089e-05
7.79861e-05
5.92585e-05
4.20209e-05
2.8972e-05
2.08073e-05
1.62577e-05
1.345e-05
1.11553e-05
9.02706e-06
7.14536e-06
5.59769e-06
4.37783e-06
3.43652e-06
2.721e-06
2.18347e-06
1.78214e-06
1.48273e-06
1.25894e-06
1.09111e-06
9.6471e-07
8.68902e-07
7.95712e-07
7.39189e-07
6.94984e-07
6.59843e-07
6.31418e-07
6.07937e-07
5.88143e-07
5.7107e-07
5.56052e-07
5.42561e-07
5.30246e-07
5.18818e-07
5.08093e-07
4.97911e-07
4.88177e-07
4.78801e-07
4.69734e-07
4.60924e-07
4.52345e-07
4.43968e-07
4.35775e-07
4.27751e-07
4.19883e-07
4.12164e-07
4.0458e-07
3.97131e-07
3.89802e-07
3.82603e-07
3.75503e-07
3.68521e-07
3.61632e-07
3.54851e-07
3.48151e-07
3.41554e-07
3.35027e-07
3.28596e-07
3.22227e-07
3.15947e-07
3.0972e-07
3.03578e-07
2.9748e-07
2.91461e-07
2.8548e-07
2.79574e-07
2.73699e-07
2.67894e-07
2.62115e-07
2.56402e-07
2.5071e-07
2.45081e-07
2.39468e-07
2.33916e-07
2.28375e-07
2.22893e-07
2.17418e-07
2.12001e-07
2.06587e-07
2.01229e-07
1.95871e-07
1.90568e-07
1.85263e-07
1.8001e-07
1.74753e-07
1.69547e-07
1.64335e-07
1.59173e-07
1.54003e-07
1.48881e-07
1.4375e-07
1.38666e-07
1.33571e-07
1.28522e-07
1.23462e-07
1.18445e-07
1.13416e-07
1.08429e-07
1.03429e-07
9.847e-08
9.34956e-08
8.85621e-08
8.36116e-08
7.87009e-08
7.37718e-08
6.88816e-08
6.39712e-08
5.90995e-08
5.42045e-08
4.93503e-08
4.44654e-08
3.96314e-08
3.47444e-08
2.99467e-08
2.5022e-08
2.03207e-08
1.52577e-08
1.07476e-08
5.32679e-09
3.59185e-09
0.080658
0.0802817
0.0789721
0.0764083
0.0714987
0.0624134
0.0465876
0.0195191
-0.0207986
-0.0799025
-0.137846
-0.175144
-0.208279
-0.233872
-0.245125
-0.240524
-0.218171
-0.183553
-0.144755
-0.108627
-0.0785454
-0.0553599
-0.0383629
-0.026343
-0.0180369
-0.0123761
-0.00854291
-0.00594669
-0.00417873
-0.00296282
-0.00211457
-0.00151149
-0.00107318
-0.000748695
-0.000507216
-0.000329857
-0.000203121
-0.000115583
-5.75362e-05
-2.1452e-05
-1.7038e-06
6.35954e-06
7.14353e-06
4.76286e-06
2.35509e-06
1.36723e-06
1.60973e-06
2.22394e-06
2.59223e-06
2.59326e-06
2.37142e-06
2.07648e-06
1.78666e-06
1.53246e-06
1.32315e-06
1.15744e-06
1.02883e-06
9.29506e-07
8.52607e-07
7.92653e-07
7.45478e-07
7.07861e-07
6.77412e-07
6.52283e-07
6.31138e-07
6.12937e-07
5.96956e-07
5.82617e-07
5.69539e-07
5.57401e-07
5.46009e-07
5.35183e-07
5.24827e-07
5.14837e-07
5.0517e-07
4.95766e-07
4.86603e-07
4.77647e-07
4.68889e-07
4.60307e-07
4.51894e-07
4.4364e-07
4.35537e-07
4.27581e-07
4.19761e-07
4.12078e-07
4.04521e-07
3.97093e-07
3.89779e-07
3.82591e-07
3.75498e-07
3.6852e-07
3.61635e-07
3.54857e-07
3.48159e-07
3.41563e-07
3.35038e-07
3.28608e-07
3.22239e-07
3.1596e-07
3.09733e-07
3.0359e-07
2.97493e-07
2.91474e-07
2.85493e-07
2.79587e-07
2.73712e-07
2.67907e-07
2.62127e-07
2.56415e-07
2.50722e-07
2.45093e-07
2.3948e-07
2.33928e-07
2.28387e-07
2.22905e-07
2.1743e-07
2.12012e-07
2.06599e-07
2.0124e-07
1.95883e-07
1.90578e-07
1.85274e-07
1.8002e-07
1.74763e-07
1.69557e-07
1.64345e-07
1.59182e-07
1.54012e-07
1.4889e-07
1.43759e-07
1.38675e-07
1.3358e-07
1.28531e-07
1.2347e-07
1.18453e-07
1.13424e-07
1.08437e-07
1.03436e-07
9.84769e-08
9.35024e-08
8.85684e-08
8.36179e-08
7.87067e-08
7.37775e-08
6.88867e-08
6.39763e-08
5.9104e-08
5.4209e-08
4.93542e-08
4.44693e-08
3.96346e-08
3.47476e-08
2.9949e-08
2.50247e-08
2.03217e-08
1.52602e-08
1.07467e-08
5.32972e-09
3.58798e-09
0.076058
0.07544
0.0733295
0.069652
0.0633668
0.0528672
0.0362262
0.0100996
-0.0262639
-0.0755559
-0.124767
-0.159857
-0.189935
-0.212322
-0.22212
-0.218416
-0.200328
-0.171983
-0.139516
-0.108315
-0.0813821
-0.0597858
-0.0432884
-0.0311052
-0.0222991
-0.0160125
-0.011549
-0.00837937
-0.00611896
-0.00449518
-0.00331703
-0.00245136
-0.00180625
-0.00131992
-0.000952054
-0.000675931
-0.000471875
-0.000323729
-0.000218113
-0.000144574
-9.51806e-05
-6.35955e-05
-4.43174e-05
-3.25633e-05
-2.46522e-05
-1.84365e-05
-1.32145e-05
-9.01786e-06
-5.92458e-06
-3.79953e-06
-2.38356e-06
-1.4408e-06
-8.07363e-07
-3.77046e-07
-8.08458e-08
1.25603e-07
2.70533e-07
3.722e-07
4.4302e-07
4.91641e-07
5.2427e-07
5.45306e-07
5.5796e-07
5.64506e-07
5.66637e-07
5.6554e-07
5.62127e-07
5.57023e-07
5.50732e-07
5.43582e-07
5.35855e-07
5.27723e-07
5.19346e-07
5.10811e-07
5.02214e-07
4.93595e-07
4.85011e-07
4.7648e-07
4.68034e-07
4.59681e-07
4.51438e-07
4.43308e-07
4.35297e-07
4.27408e-07
4.19638e-07
4.11991e-07
4.0446e-07
3.97051e-07
3.89757e-07
3.82575e-07
3.7549e-07
3.68519e-07
3.61637e-07
3.54862e-07
3.48167e-07
3.41572e-07
3.35048e-07
3.28619e-07
3.22251e-07
3.15971e-07
3.09745e-07
3.03603e-07
2.97505e-07
2.91486e-07
2.85506e-07
2.79599e-07
2.73724e-07
2.67919e-07
2.62139e-07
2.56426e-07
2.50734e-07
2.45105e-07
2.39492e-07
2.33939e-07
2.28398e-07
2.22916e-07
2.17441e-07
2.12023e-07
2.06609e-07
2.0125e-07
1.95893e-07
1.90588e-07
1.85284e-07
1.8003e-07
1.74773e-07
1.69566e-07
1.64355e-07
1.59191e-07
1.54021e-07
1.48899e-07
1.43768e-07
1.38683e-07
1.33588e-07
1.28539e-07
1.23478e-07
1.1846e-07
1.13431e-07
1.08444e-07
1.03443e-07
9.84832e-08
9.35088e-08
8.85742e-08
8.36238e-08
7.87119e-08
7.37829e-08
6.88915e-08
6.39811e-08
5.91081e-08
5.42132e-08
4.93577e-08
4.44729e-08
3.96374e-08
3.47507e-08
2.9951e-08
2.50273e-08
2.03225e-08
1.52629e-08
1.07451e-08
5.33347e-09
3.58238e-09
0.0717074
0.07089
0.0681172
0.0635534
0.0562273
0.0447784
0.0277793
0.00282272
-0.0301836
-0.0722273
-0.114657
-0.147191
-0.174442
-0.194267
-0.203137
-0.20038
-0.185673
-0.162211
-0.134739
-0.107566
-0.0833432
-0.0632354
-0.0473177
-0.0351252
-0.0259828
-0.0192149
-0.0142373
-0.0105824
-0.00789436
-0.00590937
-0.00443457
-0.00332992
-0.00249482
-0.0018587
-0.00137318
-0.00100464
-0.000727884
-0.000522483
-0.000371763
-0.000262654
-0.000185142
-0.000131315
-9.45794e-05
-6.94223e-05
-5.15773e-05
-3.82498e-05
-2.79885e-05
-2.014e-05
-1.43033e-05
-1.00764e-05
-7.05549e-06
-4.9018e-06
-3.36343e-06
-2.26083e-06
-1.46728e-06
-8.94053e-07
-4.79148e-07
-1.78903e-07
3.79441e-08
1.93933e-07
3.05493e-07
3.84543e-07
4.39835e-07
4.77711e-07
5.02864e-07
5.18682e-07
5.27697e-07
5.31727e-07
5.32145e-07
5.29926e-07
5.25822e-07
5.20352e-07
5.13931e-07
5.06835e-07
4.99293e-07
4.91452e-07
4.83438e-07
4.75327e-07
4.6719e-07
4.59064e-07
4.50988e-07
4.42981e-07
4.3506e-07
4.27237e-07
4.19516e-07
4.11905e-07
4.04401e-07
3.97012e-07
3.8973e-07
3.8256e-07
3.75483e-07
3.68517e-07
3.6164e-07
3.54868e-07
3.48175e-07
3.41582e-07
3.35059e-07
3.2863e-07
3.22263e-07
3.15984e-07
3.09758e-07
3.03615e-07
2.97519e-07
2.91499e-07
2.85519e-07
2.79612e-07
2.73737e-07
2.67931e-07
2.62152e-07
2.56439e-07
2.50747e-07
2.45117e-07
2.39504e-07
2.33951e-07
2.2841e-07
2.22927e-07
2.17453e-07
2.12034e-07
2.06621e-07
2.01261e-07
1.95904e-07
1.90599e-07
1.85295e-07
1.8004e-07
1.74784e-07
1.69576e-07
1.64365e-07
1.59201e-07
1.54031e-07
1.48908e-07
1.43777e-07
1.38691e-07
1.33597e-07
1.28547e-07
1.23486e-07
1.18468e-07
1.13439e-07
1.08451e-07
1.0345e-07
9.84899e-08
9.35158e-08
8.85804e-08
8.36302e-08
7.87176e-08
7.37887e-08
6.88965e-08
6.39863e-08
5.91125e-08
5.42178e-08
4.93614e-08
4.44768e-08
3.96404e-08
3.4754e-08
2.99531e-08
2.50303e-08
2.03232e-08
1.52663e-08
1.07429e-08
5.33859e-09
3.57451e-09
0.0676851
0.0667063
0.063397
0.0581414
0.0500449
0.0379843
0.0209207
-0.00282655
-0.0330075
-0.0696259
-0.106726
-0.136711
-0.161564
-0.179427
-0.187628
-0.185672
-0.173599
-0.153938
-0.130425
-0.10655
-0.0846442
-0.0658935
-0.0505813
-0.0384815
-0.0291278
-0.0219976
-0.0166071
-0.0125476
-0.00949359
-0.00719334
-0.00545562
-0.0041366
-0.00312948
-0.00235677
-0.00176338
-0.00130976
-0.000965846
-0.000707408
-0.000514828
-0.000372699
-0.000269134
-0.000194765
-0.000141943
-0.000104409
-7.73026e-05
-5.72369e-05
-4.21259e-05
-3.07423e-05
-2.22655e-05
-1.60357e-05
-1.14945e-05
-8.19492e-06
-5.79913e-06
-4.05839e-06
-2.79188e-06
-1.86927e-06
-1.19677e-06
-7.06808e-07
-3.50308e-07
-9.15528e-08
9.56059e-08
2.30258e-07
3.26432e-07
3.94364e-07
4.41609e-07
4.73666e-07
4.94615e-07
5.07416e-07
5.1428e-07
5.16799e-07
5.16176e-07
5.13264e-07
5.08724e-07
5.0301e-07
4.96485e-07
4.8939e-07
4.81926e-07
4.74218e-07
4.66378e-07
4.58471e-07
4.50555e-07
4.42666e-07
4.34832e-07
4.27073e-07
4.19399e-07
4.11823e-07
4.04341e-07
3.96976e-07
3.89706e-07
3.82544e-07
3.75476e-07
3.68515e-07
3.61642e-07
3.54872e-07
3.48182e-07
3.4159e-07
3.35069e-07
3.2864e-07
3.22274e-07
3.15995e-07
3.0977e-07
3.03627e-07
2.97531e-07
2.91511e-07
2.85531e-07
2.79623e-07
2.73749e-07
2.67943e-07
2.62164e-07
2.5645e-07
2.50758e-07
2.45128e-07
2.39516e-07
2.33962e-07
2.28422e-07
2.22938e-07
2.17464e-07
2.12044e-07
2.06632e-07
2.01271e-07
1.95915e-07
1.90609e-07
1.85305e-07
1.80049e-07
1.74793e-07
1.69585e-07
1.64374e-07
1.59209e-07
1.5404e-07
1.48916e-07
1.43786e-07
1.38699e-07
1.33606e-07
1.28554e-07
1.23494e-07
1.18475e-07
1.13446e-07
1.08457e-07
1.03457e-07
9.84961e-08
9.35222e-08
8.85861e-08
8.36361e-08
7.87227e-08
7.3794e-08
6.8901e-08
6.39911e-08
5.91165e-08
5.4222e-08
4.93648e-08
4.44804e-08
3.96431e-08
3.47571e-08
2.99549e-08
2.50332e-08
2.03235e-08
1.52699e-08
1.07396e-08
5.34532e-09
3.56335e-09
0.0640546
0.0629482
0.0592132
0.0534287
0.0447758
0.0323455
0.0153961
-0.00720412
-0.0350323
-0.0675453
-0.100485
-0.128141
-0.150944
-0.167228
-0.174938
-0.173691
-0.163707
-0.147025
-0.126644
-0.105442
-0.0854807
-0.0679278
-0.0532023
-0.0412531
-0.0317773
-0.0243788
-0.0186606
-0.0142681
-0.0109056
-0.00833487
-0.00636861
-0.00486129
-0.00370185
-0.00280742
-0.00211745
-0.00158732
-0.00118283
-0.00087637
-0.000645791
-0.000473639
-0.000346379
-0.00025334
-0.000185898
-0.00013708
-0.00010146
-7.51181e-05
-5.54336e-05
-4.06955e-05
-2.97204e-05
-2.16074e-05
-1.5644e-05
-1.12748e-05
-8.07872e-06
-5.74196e-06
-4.03332e-06
-2.78372e-06
-1.86991e-06
-1.20209e-06
-7.14604e-07
-3.59428e-07
-1.01327e-07
8.55039e-08
2.20043e-07
3.1618e-07
3.84155e-07
4.31447e-07
4.63593e-07
4.84621e-07
4.97531e-07
5.04493e-07
5.07134e-07
5.06623e-07
5.03845e-07
4.99427e-07
4.93854e-07
4.8746e-07
4.80509e-07
4.73181e-07
4.65618e-07
4.57916e-07
4.5015e-07
4.42372e-07
4.34619e-07
4.26921e-07
4.19291e-07
4.11748e-07
4.04293e-07
3.96942e-07
3.89685e-07
3.82532e-07
3.75471e-07
3.68515e-07
3.61646e-07
3.54878e-07
3.4819e-07
3.416e-07
3.3508e-07
3.28652e-07
3.22286e-07
3.16007e-07
3.09783e-07
3.03639e-07
2.97544e-07
2.91523e-07
2.85544e-07
2.79636e-07
2.73762e-07
2.67955e-07
2.62177e-07
2.56462e-07
2.50771e-07
2.4514e-07
2.39528e-07
2.33973e-07
2.28434e-07
2.22949e-07
2.17476e-07
2.12055e-07
2.06643e-07
2.01282e-07
1.95926e-07
1.90619e-07
1.85315e-07
1.80059e-07
1.74804e-07
1.69595e-07
1.64384e-07
1.59218e-07
1.5405e-07
1.48925e-07
1.43795e-07
1.38708e-07
1.33614e-07
1.28562e-07
1.23502e-07
1.18483e-07
1.13454e-07
1.08464e-07
1.03465e-07
9.85025e-08
9.3529e-08
8.85919e-08
8.36424e-08
7.8728e-08
7.37998e-08
6.89058e-08
6.39963e-08
5.91206e-08
5.42266e-08
4.93683e-08
4.44844e-08
3.96459e-08
3.47605e-08
2.99568e-08
2.50365e-08
2.03237e-08
1.52743e-08
1.07355e-08
5.35455e-09
3.54776e-09
0.0608663
0.0596609
0.0555953
0.0494148
0.0403696
0.0277346
0.0109932
-0.0105813
-0.0364811
-0.0658773
-0.095585
-0.121215
-0.142323
-0.157379
-0.164739
-0.164076
-0.155708
-0.141327
-0.123397
-0.104337
-0.0859815
-0.0694589
-0.0552737
-0.043502
-0.033967
-0.0263749
-0.0204017
-0.0157407
-0.0121235
-0.00932572
-0.00716511
-0.00549608
-0.00420479
-0.00320437
-0.0024299
-0.00183268
-0.00137478
-0.00102597
-0.000761823
-0.000563138
-0.00041495
-0.000305446
-0.000225122
-0.000166347
-0.000123179
-9.12286e-05
-6.74228e-05
-4.96511e-05
-3.64188e-05
-2.66108e-05
-1.93711e-05
-1.4043e-05
-1.01294e-05
-7.25778e-06
-5.15198e-06
-3.60836e-06
-2.47734e-06
-1.64929e-06
-1.04369e-06
-6.01522e-07
-2.79375e-07
-4.54131e-08
1.23796e-07
2.45431e-07
3.32152e-07
3.93227e-07
4.35503e-07
4.63978e-07
4.82361e-07
4.93345e-07
4.98943e-07
5.00604e-07
4.99423e-07
4.9618e-07
4.91469e-07
4.8571e-07
4.79225e-07
4.7224e-07
4.64929e-07
4.57412e-07
4.49783e-07
4.42105e-07
4.34426e-07
4.26782e-07
4.19193e-07
4.1168e-07
4.0425e-07
3.96914e-07
3.89665e-07
3.8252e-07
3.75465e-07
3.68514e-07
3.61649e-07
3.54883e-07
3.48198e-07
3.41608e-07
3.35089e-07
3.28661e-07
3.22297e-07
3.16018e-07
3.09794e-07
3.0365e-07
2.97555e-07
2.91534e-07
2.85555e-07
2.79647e-07
2.73773e-07
2.67966e-07
2.62188e-07
2.56473e-07
2.50782e-07
2.4515e-07
2.39539e-07
2.33983e-07
2.28444e-07
2.22959e-07
2.17486e-07
2.12065e-07
2.06653e-07
2.01291e-07
1.95936e-07
1.90628e-07
1.85325e-07
1.80068e-07
1.74813e-07
1.69603e-07
1.64393e-07
1.59226e-07
1.54058e-07
1.48932e-07
1.43803e-07
1.38715e-07
1.33622e-07
1.28569e-07
1.2351e-07
1.18489e-07
1.13461e-07
1.0847e-07
1.03471e-07
9.85081e-08
9.35351e-08
8.85971e-08
8.3648e-08
7.87326e-08
7.38049e-08
6.89099e-08
6.40008e-08
5.91242e-08
5.42306e-08
4.93713e-08
4.44879e-08
3.96482e-08
3.47636e-08
2.99583e-08
2.50395e-08
2.03235e-08
1.52791e-08
1.07301e-08
5.36676e-09
3.52606e-09
0.0581591
0.056879
0.0525629
0.0460929
0.036779
0.0240469
0.0075481
-0.0131524
-0.0375066
-0.0645491
-0.0917801
-0.115728
-0.135463
-0.149557
-0.156649
-0.156454
-0.149334
-0.136725
-0.120694
-0.103323
-0.0862618
-0.0705963
-0.0568835
-0.0452906
-0.0357362
-0.028007
-0.0218391
-0.0169658
-0.0131431
-0.0101596
-0.00783833
-0.00603452
-0.00463262
-0.00354286
-0.0026969
-0.00204266
-0.0015394
-0.00115446
-0.000861633
-0.00064025
-0.000474151
-0.000350552
-0.000259193
-0.000191871
-0.000142188
-0.00010536
-7.79444e-05
-5.75029e-05
-4.22836e-05
-3.09871e-05
-2.26296e-05
-1.64631e-05
-1.19225e-05
-8.58372e-06
-6.1309e-06
-4.33023e-06
-3.00921e-06
-2.04091e-06
-1.3319e-06
-8.13533e-07
-4.35287e-07
-1.60041e-07
3.95344e-08
1.83499e-07
2.86636e-07
3.59779e-07
4.10924e-07
4.45918e-07
4.69091e-07
4.83596e-07
4.9178e-07
4.95344e-07
4.95559e-07
4.93343e-07
4.89387e-07
4.84182e-07
4.78106e-07
4.7142e-07
4.6433e-07
4.56975e-07
4.49465e-07
4.41875e-07
4.34261e-07
4.26664e-07
4.1911e-07
4.11625e-07
4.04216e-07
3.9689e-07
3.89651e-07
3.82513e-07
3.75464e-07
3.68516e-07
3.61654e-07
3.54891e-07
3.48207e-07
3.41617e-07
3.351e-07
3.28672e-07
3.22309e-07
3.16029e-07
3.09806e-07
3.03662e-07
2.97567e-07
2.91546e-07
2.85568e-07
2.79658e-07
2.73785e-07
2.67977e-07
2.622e-07
2.56484e-07
2.50793e-07
2.45161e-07
2.3955e-07
2.33994e-07
2.28455e-07
2.22969e-07
2.17497e-07
2.12075e-07
2.06664e-07
2.01301e-07
1.95946e-07
1.90638e-07
1.85335e-07
1.80077e-07
1.74823e-07
1.69612e-07
1.64402e-07
1.59235e-07
1.54067e-07
1.4894e-07
1.43812e-07
1.38723e-07
1.33631e-07
1.28576e-07
1.23518e-07
1.18496e-07
1.13469e-07
1.08477e-07
1.03478e-07
9.85138e-08
9.35415e-08
8.86023e-08
8.36539e-08
7.87374e-08
7.38102e-08
6.89141e-08
6.40057e-08
5.91279e-08
5.42349e-08
4.93743e-08
4.44916e-08
3.96507e-08
3.47669e-08
2.99599e-08
2.50429e-08
2.03233e-08
1.52846e-08
1.07239e-08
5.38306e-09
3.49666e-09
0.0559625
0.0546278
0.050128
0.0434528
0.0339609
0.0211958
0.00493154
-0.0150624
-0.0382201
-0.063521
-0.0889018
-0.111519
-0.130187
-0.143557
-0.150457
-0.150627
-0.144438
-0.133146
-0.118541
-0.102455
-0.0863987
-0.0714155
-0.0580933
-0.0466626
-0.0371118
-0.0292892
-0.0229776
-0.0179427
-0.0139607
-0.0108313
-0.00838262
-0.0064711
-0.00498032
-0.00381842
-0.00291452
-0.00221398
-0.00167378
-0.00125941
-0.000943186
-0.000703286
-0.000522579
-0.000387492
-0.000287144
-0.000212852
-0.000157845
-0.000117015
-8.6624e-05
-6.39776e-05
-4.71171e-05
-3.45925e-05
-2.53139e-05
-1.8457e-05
-1.34001e-05
-9.67664e-06
-6.93805e-06
-4.92566e-06
-3.4481e-06
-2.36419e-06
-1.56991e-06
-9.88687e-07
-5.64136e-07
-2.548e-07
-3.01395e-08
1.32279e-07
2.48985e-07
3.32105e-07
3.90584e-07
4.30971e-07
4.58106e-07
4.75525e-07
4.85849e-07
4.90987e-07
4.92359e-07
4.90994e-07
4.87662e-07
4.82917e-07
4.77178e-07
4.70741e-07
4.63833e-07
4.56613e-07
4.49202e-07
4.41685e-07
4.34124e-07
4.26566e-07
4.19042e-07
4.11578e-07
4.04181e-07
3.96869e-07
3.89639e-07
3.82507e-07
3.75463e-07
3.68518e-07
3.61658e-07
3.54896e-07
3.48214e-07
3.41625e-07
3.35109e-07
3.28681e-07
3.22318e-07
3.16039e-07
3.09816e-07
3.03672e-07
2.97577e-07
2.91556e-07
2.85578e-07
2.79667e-07
2.73795e-07
2.67986e-07
2.62209e-07
2.56493e-07
2.50803e-07
2.4517e-07
2.39559e-07
2.34002e-07
2.28465e-07
2.22977e-07
2.17506e-07
2.12083e-07
2.06673e-07
2.01308e-07
1.95954e-07
1.90645e-07
1.85343e-07
1.80084e-07
1.74831e-07
1.69618e-07
1.6441e-07
1.59241e-07
1.54075e-07
1.48947e-07
1.43819e-07
1.38729e-07
1.33637e-07
1.28582e-07
1.23524e-07
1.18501e-07
1.13475e-07
1.08482e-07
1.03484e-07
9.85183e-08
9.35467e-08
8.86064e-08
8.36586e-08
7.8741e-08
7.38145e-08
6.89173e-08
6.40095e-08
5.91306e-08
5.42383e-08
4.93766e-08
4.44946e-08
3.96524e-08
3.47695e-08
2.99608e-08
2.50456e-08
2.03225e-08
1.52901e-08
1.07166e-08
5.4033e-09
3.45867e-09
0.054298
0.0529254
0.0482976
0.0414839
0.0318796
0.0191146
0.00304796
-0.0164134
-0.0386969
-0.062766
-0.086831
-0.108463
-0.126349
-0.139195
-0.145956
-0.146388
-0.140864
-0.13051
-0.116926
-0.101773
-0.0864538
-0.0719809
-0.0589586
-0.0476599
-0.0381225
-0.0302386
-0.0238259
-0.0186742
-0.0145754
-0.0113381
-0.00879437
-0.00680216
-0.00524448
-0.00402811
-0.00308034
-0.00234466
-0.00177638
-0.00133961
-0.00100558
-0.000751572
-0.00055974
-0.000415901
-0.000308697
-0.000229077
-0.000169984
-0.000126065
-9.33682e-05
-6.90058e-05
-5.08666e-05
-3.73863e-05
-2.7392e-05
-1.99997e-05
-1.45433e-05
-1.05223e-05
-7.56276e-06
-5.38666e-06
-3.78799e-06
-2.61459e-06
-1.75426e-06
-1.12433e-06
-6.63902e-07
-3.28156e-07
-8.40679e-08
9.26395e-08
2.19851e-07
3.10696e-07
3.74852e-07
4.19413e-07
4.49614e-07
4.69288e-07
4.81269e-07
4.87625e-07
4.89891e-07
4.89184e-07
4.86335e-07
4.81946e-07
4.76468e-07
4.70224e-07
4.63456e-07
4.5634e-07
4.49005e-07
4.41545e-07
4.34025e-07
4.26498e-07
4.18995e-07
4.11547e-07
4.04162e-07
3.96859e-07
3.89636e-07
3.82508e-07
3.75467e-07
3.68525e-07
3.61667e-07
3.54906e-07
3.48225e-07
3.41637e-07
3.35121e-07
3.28693e-07
3.2233e-07
3.1605e-07
3.09828e-07
3.03683e-07
2.97589e-07
2.91567e-07
2.85589e-07
2.79678e-07
2.73806e-07
2.67997e-07
2.6222e-07
2.56503e-07
2.50814e-07
2.45179e-07
2.3957e-07
2.34012e-07
2.28474e-07
2.22986e-07
2.17516e-07
2.12091e-07
2.06682e-07
2.01317e-07
1.95963e-07
1.90653e-07
1.85352e-07
1.80092e-07
1.74839e-07
1.69626e-07
1.64418e-07
1.59248e-07
1.54082e-07
1.48953e-07
1.43826e-07
1.38735e-07
1.33644e-07
1.28587e-07
1.23531e-07
1.18506e-07
1.13481e-07
1.08487e-07
1.03489e-07
9.85228e-08
9.3552e-08
8.86105e-08
8.36635e-08
7.87447e-08
7.38191e-08
6.89205e-08
6.40136e-08
5.91334e-08
5.42419e-08
4.93789e-08
4.44978e-08
3.96542e-08
3.47724e-08
2.9962e-08
2.50487e-08
2.03221e-08
1.52959e-08
1.07095e-08
5.42665e-09
3.41409e-09
0.0531807
0.0517843
0.0470759
0.0401771
0.0305077
0.0177538
0.00182844
-0.0172776
-0.0389893
-0.0622704
-0.085491
-0.106473
-0.123847
-0.136355
-0.14303
-0.143633
-0.138535
-0.128782
-0.115855
-0.101305
-0.0864683
-0.0723335
-0.0595138
-0.048308
-0.0387846
-0.0308644
-0.0243876
-0.0191606
-0.0149854
-0.0116769
-0.00907034
-0.0070244
-0.00542204
-0.00416915
-0.0031919
-0.0024326
-0.00184543
-0.00139357
-0.00104755
-0.000784062
-0.000584751
-0.000435034
-0.000323223
-0.000240023
-0.00017818
-0.000132181
-9.7927e-05
-7.24049e-05
-5.34008e-05
-3.92734e-05
-2.87945e-05
-2.10397e-05
-1.53129e-05
-1.10909e-05
-7.98254e-06
-5.69633e-06
-4.01631e-06
-2.78284e-06
-1.87817e-06
-1.21553e-06
-7.30997e-07
-3.77497e-07
-1.20347e-07
6.59705e-08
2.00247e-07
2.96288e-07
3.64263e-07
4.11633e-07
4.43898e-07
4.65091e-07
4.78186e-07
4.85362e-07
4.88231e-07
4.87967e-07
4.85444e-07
4.81295e-07
4.75992e-07
4.69877e-07
4.63205e-07
4.56159e-07
4.48875e-07
4.41452e-07
4.3396e-07
4.26455e-07
4.18966e-07
4.11528e-07
4.0415e-07
3.96853e-07
3.89634e-07
3.8251e-07
3.75471e-07
3.6853e-07
3.61673e-07
3.54913e-07
3.48232e-07
3.41644e-07
3.35129e-07
3.28701e-07
3.22338e-07
3.16058e-07
3.09836e-07
3.0369e-07
2.97596e-07
2.91574e-07
2.85596e-07
2.79685e-07
2.73813e-07
2.68003e-07
2.62227e-07
2.56508e-07
2.5082e-07
2.45185e-07
2.39575e-07
2.34017e-07
2.2848e-07
2.22991e-07
2.17521e-07
2.12096e-07
2.06687e-07
2.01321e-07
1.95969e-07
1.90657e-07
1.85357e-07
1.80096e-07
1.74844e-07
1.6963e-07
1.64422e-07
1.59252e-07
1.54087e-07
1.48957e-07
1.4383e-07
1.38738e-07
1.33648e-07
1.28591e-07
1.23534e-07
1.18509e-07
1.13484e-07
1.08489e-07
1.03493e-07
9.85252e-08
9.35552e-08
8.86127e-08
8.36664e-08
7.87466e-08
7.38217e-08
6.89222e-08
6.4016e-08
5.91348e-08
5.4244e-08
4.938e-08
4.44996e-08
3.9655e-08
3.4774e-08
2.99623e-08
2.50505e-08
2.03212e-08
1.53002e-08
1.07028e-08
5.44797e-09
3.37074e-09
0.0526195
0.051212
0.0464643
0.0395255
0.0298263
0.0170814
0.00122966
-0.0176985
-0.0391274
-0.0620237
-0.0848316
-0.105491
-0.122611
-0.134953
-0.141585
-0.142272
-0.137382
-0.127924
-0.115319
-0.101066
-0.0864693
-0.0725035
-0.0597861
-0.048628
-0.0391129
-0.0311757
-0.0246678
-0.0194036
-0.0151907
-0.0118469
-0.00920899
-0.00713625
-0.00551152
-0.0042403
-0.00324821
-0.00247693
-0.00188019
-0.00142071
-0.00106867
-0.000800436
-0.000597402
-0.000444759
-0.000330648
-0.000245646
-0.000182406
-0.00013534
-0.00010028
-7.41547e-05
-5.46998e-05
-4.0236e-05
-2.95066e-05
-2.15659e-05
-1.57016e-05
-1.13781e-05
-8.19472e-06
-5.85309e-06
-4.13202e-06
-2.86815e-06
-1.94098e-06
-1.26173e-06
-7.6496e-07
-4.02459e-07
-1.38693e-07
5.2488e-08
1.90339e-07
2.89011e-07
3.58918e-07
4.0771e-07
4.4102e-07
4.6298e-07
4.76639e-07
4.84231e-07
4.87404e-07
4.87365e-07
4.85005e-07
4.80978e-07
4.75763e-07
4.69715e-07
4.63089e-07
4.5608e-07
4.4882e-07
4.41417e-07
4.33939e-07
4.26444e-07
4.18962e-07
4.11529e-07
4.04154e-07
3.9686e-07
3.89643e-07
3.8252e-07
3.75482e-07
3.68541e-07
3.61685e-07
3.54925e-07
3.48244e-07
3.41655e-07
3.35139e-07
3.28711e-07
3.22349e-07
3.16068e-07
3.09846e-07
3.03699e-07
2.97606e-07
2.91582e-07
2.85605e-07
2.79693e-07
2.73821e-07
2.6801e-07
2.62234e-07
2.56515e-07
2.50827e-07
2.45191e-07
2.39582e-07
2.34023e-07
2.28486e-07
2.22997e-07
2.17527e-07
2.12101e-07
2.06693e-07
2.01326e-07
1.95974e-07
1.90662e-07
1.85362e-07
1.801e-07
1.74849e-07
1.69634e-07
1.64427e-07
1.59256e-07
1.54091e-07
1.4896e-07
1.43835e-07
1.38741e-07
1.33652e-07
1.28594e-07
1.23538e-07
1.18512e-07
1.13488e-07
1.08492e-07
1.03496e-07
9.85277e-08
9.35584e-08
8.86149e-08
8.36695e-08
7.87485e-08
7.38245e-08
6.89239e-08
6.40185e-08
5.91362e-08
5.42463e-08
4.93812e-08
4.45017e-08
3.96559e-08
3.47759e-08
2.9963e-08
2.50524e-08
2.03212e-08
1.53033e-08
1.06987e-08
5.45988e-09
3.34006e-09
-0.474218
-0.255764
-0.14721
-0.474218
-0.255764
-0.347775
-0.354184
-0.444857
-0.347775
-0.354184
0.122973
0.413837
0.30717
0.331807
0.122973
0.413837
0.30717
-0.117763
-0.3433
-0.3433
-0.332847
-0.329406
-0.331541
-0.335705
-0.332847
-0.329406
-0.331541
0.488836
0.430556
0.488836
-0.328224
-0.324949
-0.328224
-0.324949
0.430557
0.488837
0.430557
-0.324948
-0.328221
-0.324948
-0.328222
0.307176
0.33181
0.12298
0.41384
0.307176
0.33181
0.12298
-0.117755
-0.117755
-0.343299
-0.343299
-0.331538
-0.335703
-0.332844
-0.329403
-0.331538
-0.335703
-0.332844
-0.147203
-0.474214
-0.255756
-0.147203
-0.474214
-0.354183
-0.444854
-0.347774
-0.354183
-0.444852
-0.347774
-0.2985
-0.173595
-0.366232
-0.129178
-0.2985
-0.173595
-0.366232
-0.327499
-0.424382
-0.340486
-0.350423
-0.327499
-0.42438
-0.340487
0.101671
0.263424
0.106439
0.192537
0.101671
0.263424
0.106439
-0.428343
-0.445741
-0.416526
-0.468523
-0.417395
-0.468872
-0.428108
-0.32531
-0.33679
-0.334077
-0.330154
-0.32531
-0.33679
-0.334078
-0.110494
-0.332284
-0.336216
-0.329223
-0.33949
-0.329308
-0.33944
-0.332252
-0.318914
-0.325437
-0.325277
-0.319082
-0.315337
-0.313105
-0.312961
-0.315487
-0.330223
-0.327483
-0.324983
-0.335231
-0.324823
-0.336781
-0.329928
0.106446
0.19254
0.101677
0.263427
0.106446
0.19254
0.101677
-0.381053
-0.253438
-0.169185
-0.171499
-0.384115
-0.334075
-0.330153
-0.325308
-0.336788
-0.334076
-0.330154
-0.325308
-0.366226
-0.129172
-0.298495
-0.173588
-0.366227
-0.129172
-0.298495
-0.340485
-0.350418
-0.327496
-0.424376
-0.340485
-0.350418
-0.327496
-0.375559
-0.475839
-0.364668
-0.496074
-0.36568
-0.497324
-0.374706
-0.38106
-0.253447
-0.169193
-0.171507
-0.384123
-0.37556
-0.475839
-0.36467
-0.496074
-0.365682
-0.497324
-0.374708
-0.38106
-0.253447
-0.169193
-0.171507
-0.384122
-0.368716
-0.354199
-0.351621
-0.351833
-0.368864
-0.428343
-0.445741
-0.416526
-0.468523
-0.417395
-0.468872
-0.428107
-0.368716
-0.354199
-0.351621
-0.351833
-0.368864
0.326891
0.121588
0.260417
0.107277
0.259718
0.10541
0.32854
0.37421
0.326256
0.200385
0.433886
0.171505
0.437919
0.376818
0.326891
0.121588
0.260417
0.107277
0.259718
0.105411
0.32854
0.374211
0.326256
0.200385
0.433886
0.171505
0.437919
0.376818
-0.110494
-0.343373
-0.343373
-0.330226
-0.327486
-0.335234
-0.324986
-0.336784
-0.324825
-0.329931
-0.332284
-0.336216
-0.329223
-0.33949
-0.329309
-0.33944
-0.332252
-0.330226
-0.327486
-0.335234
-0.324986
-0.336784
-0.324825
-0.329931
0.530326
0.463104
0.466231
0.528288
0.568555
0.589097
0.590192
0.567152
0.530326
0.463104
0.466231
0.528288
0.568555
0.589097
0.590192
0.567152
-0.315339
-0.313106
-0.312961
-0.315489
-0.318914
-0.325437
-0.325277
-0.319082
-0.315339
-0.313106
-0.312962
-0.315489
0.568557
0.589098
0.590192
0.567153
0.530328
0.463108
0.466235
0.528291
0.568557
0.589098
0.590192
0.567153
0.530329
0.463108
0.466235
0.528291
-0.318912
-0.325433
-0.325273
-0.319079
-0.315337
-0.313105
-0.312961
-0.315487
-0.318912
-0.325433
-0.325273
-0.31908
0.374216
0.326263
0.43389
0.200392
0.437924
0.171513
0.376823
0.326896
0.121595
0.107284
0.260422
0.105418
0.259723
0.328545
0.374216
0.326263
0.43389
0.200392
0.437924
0.171513
0.376823
0.326896
0.121595
0.107285
0.260422
0.105418
0.259724
0.328545
-0.110486
-0.110486
-0.343372
-0.343372
-0.332281
-0.336214
-0.339487
-0.329221
-0.339437
-0.329307
-0.332249
-0.330223
-0.327483
-0.324984
-0.335231
-0.324823
-0.336781
-0.329928
-0.332281
-0.336214
-0.339487
-0.329221
-0.339437
-0.329307
-0.332249
-0.375553
-0.475835
-0.496069
-0.364662
-0.497319
-0.365674
-0.374701
-0.381053
-0.253438
-0.169185
-0.171499
-0.384115
-0.375554
-0.475834
-0.49607
-0.364663
-0.497319
-0.365676
-0.374702
-0.368715
-0.354198
-0.35162
-0.351831
-0.368862
-0.42834
-0.445737
-0.468519
-0.416523
-0.468868
-0.417391
-0.428104
-0.368715
-0.354198
-0.35162
-0.351831
-0.368862
-0.42834
-0.445737
-0.468518
-0.416524
-0.468868
-0.417392
-0.428105
-0.378644
-0.148106
-0.332789
-0.16547
-0.332678
-0.167572
-0.379498
0.327172
0.302401
0.369994
0.275142
0.327172
0.302401
0.369994
-0.385373
-0.361387
-0.402209
-0.364818
-0.385374
-0.361387
-0.40221
0.402589
0.330482
0.419796
0.320279
0.402588
0.330482
0.419796
0.531183
0.431805
0.505327
0.465895
0.506816
0.466986
0.529936
-0.379869
-0.346063
-0.385709
-0.351334
-0.379869
-0.346063
-0.385709
0.419796
0.320279
0.402589
0.330483
0.419796
0.320279
0.402589
0.553599
0.489934
0.56284
0.480363
0.564009
0.481492
0.552405
-0.385704
-0.351328
-0.379859
-0.346061
-0.385705
-0.351328
-0.37986
0.369996
0.275144
0.327174
0.302402
0.369996
0.275144
0.327174
-0.402192
-0.364807
-0.385354
-0.361378
-0.402192
-0.364807
-0.385354
-0.337032
-0.332098
-0.33691
-0.332178
-0.337213
-0.325521
-0.32535
-0.378643
-0.148106
-0.332789
-0.16547
-0.332678
-0.167572
-0.379497
-0.371623
-0.348095
-0.362187
-0.358678
-0.362706
-0.358847
-0.3716
-0.371623
-0.348095
-0.362187
-0.358678
-0.362707
-0.358848
-0.3716
0.553599
0.489933
0.480362
0.562839
0.481492
0.564009
0.552404
0.531183
0.431805
0.505327
0.465895
0.506816
0.466986
0.529936
0.553599
0.489933
0.480362
0.562839
0.481492
0.564009
0.552404
-0.320943
-0.328072
-0.324003
-0.328206
-0.32379
-0.328055
-0.32113
-0.318165
-0.324791
-0.325423
-0.316833
-0.325268
-0.316688
-0.318321
-0.320943
-0.328073
-0.324003
-0.328206
-0.32379
-0.328055
-0.32113
-0.318165
-0.324791
-0.325423
-0.316833
-0.325268
-0.316688
-0.318321
0.531184
0.431806
0.465896
0.505329
0.466986
0.506818
0.529937
0.553599
0.489934
0.56284
0.480363
0.564009
0.481492
0.552405
0.531184
0.431806
0.465896
0.505329
0.466986
0.506818
0.529938
-0.318164
-0.32479
-0.316832
-0.325421
-0.316687
-0.325267
-0.31832
-0.32094
-0.32807
-0.328204
-0.323999
-0.328053
-0.323787
-0.321127
-0.318164
-0.32479
-0.316832
-0.325422
-0.316687
-0.325267
-0.31832
-0.32094
-0.328071
-0.328204
-0.323999
-0.328053
-0.323787
-0.321127
-0.378637
-0.148099
-0.165462
-0.332782
-0.167565
-0.332671
-0.37949
-0.378636
-0.148099
-0.165462
-0.332782
-0.167565
-0.332671
-0.37949
-0.371621
-0.348094
-0.358677
-0.362185
-0.358846
-0.362705
-0.371598
-0.371621
-0.348094
-0.358677
-0.362185
-0.358846
-0.362705
-0.371598
0.101072
0.0899518
0.20928
0.0856917
0.208541
0.153997
0.154563
0.101073
0.0899519
0.20928
0.0856918
0.208541
0.153997
0.154563
-0.337034
-0.336911
-0.332099
-0.337215
-0.33218
-0.325521
-0.32535
-0.337034
-0.336911
-0.332099
-0.337215
-0.33218
-0.325521
-0.32535
0.101079
0.209286
0.0899582
0.208547
0.0856981
0.154003
0.154569
0.101079
0.209286
0.0899582
0.208547
0.0856981
0.154003
0.154569
-0.337032
-0.332098
-0.33691
-0.332179
-0.337214
-0.325521
-0.32535
0.0574262
0.148829
0.0748303
0.101122
0.0574262
0.148829
0.0748303
-0.311634
-0.320961
-0.343877
-0.315083
-0.311634
-0.320961
-0.343877
0.24976
0.250291
0.283465
0.213061
0.24976
0.250291
0.283465
-0.38293
-0.369226
-0.405384
-0.362987
-0.38293
-0.369226
-0.405384
0.283467
0.213063
0.249763
0.250293
0.283467
0.213063
0.249763
-0.405362
-0.362975
-0.382907
-0.369214
-0.405362
-0.362975
-0.382907
0.074835
0.101126
0.0574308
0.148833
0.074835
0.101126
0.0574308
-0.343874
-0.31508
-0.311628
-0.32096
-0.343874
-0.315079
-0.311628
)
;

boundaryField
{
    inlet
    {
        type            zeroGradient;
    }
    outlet
    {
        type            fixedValue;
        value           uniform 0;
    }
    top
    {
        type            symmetryPlane;
    }
    bottom
    {
        type            symmetryPlane;
    }
    front
    {
        type            symmetryPlane;
    }
    back
    {
        type            symmetryPlane;
    }
    cylinder
    {
        type            zeroGradient;
    }
}


// ************************************************************************* //
