/*--------------------------------*- C++ -*----------------------------------*\
  =========                 |
  \\      /  F ield         | OpenFOAM: The Open Source CFD Toolbox
   \\    /   O peration     | Website:  https://openfoam.org
    \\  /    A nd           | Version:  11
     \\/     M anipulation  |
\*---------------------------------------------------------------------------*/
FoamFile
{
    format      ascii;
    class       volScalarField;
    location    "4.956202";
    object      p;
}
// * * * * * * * * * * * * * * * * * * * * * * * * * * * * * * * * * * * * * //

dimensions      [0 2 -2 0 0 0 0];

internalField   nonuniform List<scalar> 
7132
(
0.0507971
0.0493426
0.0444352
0.0372452
0.0271608
0.0138427
-0.00285159
-0.0230099
-0.0462341
-0.0717234
-0.0982503
-0.124125
-0.148429
-0.170316
-0.189191
-0.20474
-0.21674
-0.22505
-0.229572
-0.230243
-0.227069
-0.220177
-0.209869
-0.196644
-0.181183
-0.164286
-0.146779
-0.129415
-0.112812
-0.0974104
-0.0834812
-0.0711434
-0.0603998
-0.0511723
-0.0433328
-0.0367283
-0.0311987
-0.0265886
-0.0227548
-0.0195694
-0.0169214
-0.0147162
-0.0128745
-0.0113303
-0.0100295
-0.00892784
-0.00798941
-0.00718498
-0.0064909
-0.005888
-0.00536075
-0.00489651
-0.004485
-0.00411787
-0.00378827
-0.00349062
-0.00322035
-0.0029737
-0.00274759
-0.00253949
-0.0023473
-0.00216928
-0.00200397
-0.00185015
-0.00170679
-0.00157301
-0.00144804
-0.00133123
-0.001222
-0.00111984
-0.00102431
-0.000935019
-0.000851618
-0.000773806
-0.000701314
-0.000633904
-0.000571364
-0.000513501
-0.000460128
-0.000411046
-0.000366017
-0.000324732
-0.000286788
-0.000251698
-0.000218945
-0.000188089
-0.000158911
-0.000131522
-0.000106365
-8.40589e-05
-6.51341e-05
-4.97874e-05
-3.77936e-05
-2.86173e-05
-2.16382e-05
-1.63385e-05
-1.23593e-05
-9.44579e-06
-7.36568e-06
-5.87791e-06
-4.75885e-06
-3.8448e-06
-3.05055e-06
-2.35369e-06
-1.76172e-06
-1.2837e-06
-9.17141e-07
-6.47875e-07
-4.56047e-07
-3.21743e-07
-2.2826e-07
-1.62853e-07
-1.1649e-07
-8.29812e-08
-5.83306e-08
-3.99402e-08
-2.62067e-08
-1.60025e-08
-8.56849e-09
-3.24256e-09
4.54848e-10
2.98489e-09
4.64613e-09
5.73112e-09
6.38263e-09
6.76555e-09
6.92355e-09
6.95494e-09
6.85865e-09
6.70709e-09
6.48068e-09
6.24049e-09
5.95616e-09
5.68173e-09
5.37943e-09
5.09925e-09
4.799e-09
4.52701e-09
4.23854e-09
3.9818e-09
3.70921e-09
3.46993e-09
3.2159e-09
2.99529e-09
2.75946e-09
2.55713e-09
2.33856e-09
2.15355e-09
1.95044e-09
1.78179e-09
1.59146e-09
1.43909e-09
1.25713e-09
1.12381e-09
9.40141e-10
8.402e-10
6.31893e-10
5.67289e-10
4.31213e-10
2.28214e-10
0.0513772
0.049935
0.0450715
0.0379285
0.0278845
0.0145733
-0.00217205
-0.0224764
-0.0459399
-0.071756
-0.0986223
-0.124732
-0.149204
-0.171191
-0.190116
-0.205686
-0.217694
-0.226009
-0.230533
-0.231197
-0.227996
-0.221046
-0.210639
-0.197276
-0.181649
-0.164573
-0.146892
-0.129377
-0.112653
-0.0971681
-0.0831884
-0.0708289
-0.0600856
-0.0508738
-0.0430595
-0.036485
-0.0309868
-0.0264072
-0.0226016
-0.0194413
-0.0168152
-0.0146286
-0.0128024
-0.0112711
-0.00998097
-0.00888804
-0.00795668
-0.00715801
-0.00646861
-0.00586951
-0.00534535
-0.00488363
-0.00447419
-0.00410874
-0.00378052
-0.003484
-0.00321466
-0.00296877
-0.00274329
-0.00253571
-0.00234395
-0.00216628
-0.00200126
-0.0018477
-0.00170455
-0.00157095
-0.00144614
-0.00132947
-0.00122036
-0.0011183
-0.00102286
-0.000933645
-0.000850311
-0.000772557
-0.000700114
-0.000632747
-0.000570245
-0.000512417
-0.000459081
-0.000410043
-0.000365067
-0.000323847
-0.000285979
-0.000250972
-0.0002183
-0.000187512
-0.000158381
-0.000131018
-0.000105869
-8.35666e-05
-6.46546e-05
-4.9339e-05
-3.7395e-05
-2.82795e-05
-2.13599e-05
-1.61093e-05
-1.21654e-05
-9.27606e-06
-7.21479e-06
-5.74571e-06
-4.64762e-06
-3.75655e-06
-2.98545e-06
-2.30984e-06
-1.73556e-06
-1.2708e-06
-9.12937e-07
-6.48298e-07
-4.58029e-07
-3.23408e-07
-2.28827e-07
-1.6231e-07
-1.15225e-07
-8.14611e-08
-5.69222e-08
-3.88396e-08
-2.54608e-08
-1.55579e-08
-8.33448e-09
-3.12787e-09
5.14586e-10
3.02841e-09
4.6866e-09
5.77154e-09
6.41811e-09
6.7945e-09
6.9434e-09
6.96828e-09
6.86586e-09
6.71177e-09
6.48266e-09
6.2423e-09
5.95652e-09
5.68248e-09
5.37893e-09
5.09929e-09
4.79791e-09
4.52659e-09
4.23709e-09
3.98051e-09
3.70772e-09
3.46932e-09
3.21441e-09
2.99472e-09
2.75801e-09
2.55662e-09
2.33716e-09
2.15311e-09
1.94909e-09
1.78144e-09
1.59013e-09
1.43887e-09
1.25567e-09
1.12394e-09
9.3782e-10
8.41742e-10
6.24982e-10
5.76295e-10
4.00374e-10
2.8311e-10
0.0525317
0.051116
0.0463418
0.0392977
0.02934
0.0160487
-0.000793334
-0.02139
-0.0453386
-0.0718262
-0.0993885
-0.125968
-0.150774
-0.172959
-0.191974
-0.207583
-0.219606
-0.227931
-0.232463
-0.23312
-0.229871
-0.222806
-0.212203
-0.198563
-0.182596
-0.165155
-0.14712
-0.129297
-0.112332
-0.096677
-0.0825967
-0.0701945
-0.059453
-0.0502737
-0.0425108
-0.0359972
-0.0305624
-0.0260442
-0.0222952
-0.0191853
-0.0166029
-0.0144536
-0.0126586
-0.0111531
-0.00988423
-0.00880866
-0.00789144
-0.00710425
-0.00642418
-0.00583268
-0.00531469
-0.004858
-0.00445266
-0.00409057
-0.0037651
-0.00347083
-0.00320333
-0.00295896
-0.00273473
-0.00252817
-0.00233726
-0.0021603
-0.00199589
-0.00184282
-0.0017001
-0.00156686
-0.00144237
-0.00132597
-0.0012171
-0.00111525
-0.00101999
-0.000930936
-0.00084774
-0.000770105
-0.000697765
-0.000630487
-0.000568064
-0.000510312
-0.000457055
-0.000408112
-0.000363256
-0.000322189
-0.000284506
-0.000249705
-0.000217235
-0.000186619
-0.000157604
-0.000130285
-0.000105119
-8.27626e-05
-6.37977e-05
-4.84629e-05
-3.65499e-05
-2.75125e-05
-2.0701e-05
-1.55675e-05
-1.17336e-05
-8.93913e-06
-6.95613e-06
-5.54974e-06
-4.50023e-06
-3.64526e-06
-2.90008e-06
-2.24331e-06
-1.68361e-06
-1.23104e-06
-8.83632e-07
-6.27629e-07
-4.43951e-07
-3.13924e-07
-2.22286e-07
-1.57549e-07
-1.11538e-07
-7.84789e-08
-5.44803e-08
-3.68713e-08
-2.39283e-08
-1.44147e-08
-7.51793e-09
-2.5641e-09
8.96833e-10
3.28958e-09
4.87004e-09
5.90589e-09
6.51922e-09
6.87171e-09
7.00147e-09
7.01141e-09
6.89686e-09
6.73407e-09
6.49832e-09
6.25372e-09
5.96463e-09
5.68866e-09
5.38332e-09
5.10277e-09
4.80029e-09
4.52859e-09
4.23839e-09
3.98193e-09
3.70845e-09
3.47012e-09
3.21482e-09
2.9953e-09
2.75827e-09
2.55709e-09
2.33733e-09
2.15352e-09
1.94918e-09
1.78183e-09
1.59009e-09
1.43933e-09
1.25519e-09
1.12487e-09
9.35438e-10
8.45112e-10
6.13896e-10
5.93255e-10
3.4592e-10
3.80709e-10
0.0542508
0.0528767
0.0482433
0.0413579
0.0315435
0.0182979
0.00132387
-0.0197119
-0.0444054
-0.071949
-0.100599
-0.127884
-0.153186
-0.175656
-0.194795
-0.210453
-0.222492
-0.230831
-0.235375
-0.236021
-0.232702
-0.225468
-0.214569
-0.200508
-0.184024
-0.166024
-0.147452
-0.129161
-0.11183
-0.0959207
-0.0816915
-0.0692287
-0.0584934
-0.0493664
-0.0416835
-0.0352634
-0.0299254
-0.0255004
-0.0218369
-0.018803
-0.0162863
-0.0141926
-0.0124443
-0.0109774
-0.00974018
-0.00869046
-0.00779427
-0.00702416
-0.00635797
-0.00577774
-0.00526893
-0.00481973
-0.00442051
-0.00406342
-0.00374205
-0.00345114
-0.00318639
-0.00294428
-0.00272191
-0.0025169
-0.00232726
-0.00215136
-0.00198782
-0.0018355
-0.00169342
-0.00156072
-0.0014367
-0.00132071
-0.00121219
-0.00111066
-0.00101567
-0.000926849
-0.000843857
-0.000766397
-0.000694208
-0.000627059
-0.000564751
-0.000507105
-0.000453959
-0.000405145
-0.000360453
-0.000319593
-0.000282162
-0.000247639
-0.000215447
-0.000185065
-0.000156208
-0.000128952
-0.000103766
-8.13445e-05
-6.2322e-05
-4.69832e-05
-3.51428e-05
-2.62485e-05
-1.96246e-05
-1.46919e-05
-1.10471e-05
-8.41708e-06
-6.56932e-06
-5.26913e-06
-4.29867e-06
-3.49889e-06
-2.79023e-06
-2.15757e-06
-1.61517e-06
-1.17672e-06
-8.41605e-07
-5.96046e-07
-4.20624e-07
-2.96668e-07
-2.09307e-07
-1.47592e-07
-1.03809e-07
-7.24851e-08
-4.989e-08
-3.34241e-08
-2.13979e-08
-1.25944e-08
-6.22729e-09
-1.65207e-09
1.54486e-09
3.75727e-09
5.21214e-09
6.15957e-09
6.70704e-09
7.01085e-09
7.10277e-09
7.08522e-09
6.94948e-09
6.7723e-09
6.52534e-09
6.27372e-09
5.97864e-09
5.6993e-09
5.39051e-09
5.10841e-09
4.80381e-09
4.53155e-09
4.23995e-09
3.9835e-09
3.70898e-09
3.47094e-09
3.21484e-09
2.99575e-09
2.758e-09
2.55735e-09
2.33691e-09
2.15368e-09
1.94864e-09
1.78194e-09
1.58934e-09
1.43953e-09
1.2538e-09
1.12571e-09
9.31477e-10
8.49348e-10
5.98519e-10
6.15615e-10
2.75423e-10
5.05472e-10
0.0565177
0.0552031
0.0507698
0.0441157
0.0345189
0.0213653
0.00424195
-0.0173784
-0.043097
-0.0721461
-0.102333
-0.130555
-0.156507
-0.179332
-0.198608
-0.214312
-0.226363
-0.234722
-0.239296
-0.23995
-0.236558
-0.22911
-0.217816
-0.203177
-0.185979
-0.167206
-0.14789
-0.128957
-0.111128
-0.0948779
-0.080453
-0.0679146
-0.0571942
-0.0481428
-0.0405718
-0.0342804
-0.0290743
-0.0247755
-0.0212272
-0.0182951
-0.0158662
-0.0138469
-0.0121605
-0.0107449
-0.00954962
-0.00853413
-0.00766577
-0.00691825
-0.0062704
-0.00570508
-0.00520842
-0.00476911
-0.00437798
-0.0040275
-0.00371154
-0.00342506
-0.00316396
-0.00292484
-0.00270493
-0.00250194
-0.00231398
-0.00213947
-0.00197711
-0.00182577
-0.00168453
-0.00155256
-0.00142916
-0.00131371
-0.00120567
-0.00110455
-0.00100992
-0.000921416
-0.000838695
-0.000761468
-0.000689478
-0.000622499
-0.000560338
-0.000502827
-0.000449821
-0.000401166
-0.000356675
-0.00031607
-0.000278949
-0.000244774
-0.000212932
-0.000182854
-0.000154208
-0.000127051
-0.000101859
-7.9375e-05
-6.02982e-05
-4.49712e-05
-3.3238e-05
-2.4541e-05
-1.81733e-05
-1.35171e-05
-1.01368e-05
-7.74016e-06
-6.08498e-06
-4.93337e-06
-4.06834e-06
-3.33593e-06
-2.66605e-06
-2.055e-06
-1.52692e-06
-1.10153e-06
-7.80048e-07
-5.47943e-07
-3.84437e-07
-2.70055e-07
-1.89888e-07
-1.33382e-07
-9.33276e-08
-6.46831e-08
-4.40454e-08
-2.90399e-08
-1.81261e-08
-1.01764e-08
-4.46195e-09
-3.76021e-10
2.46115e-09
4.41559e-09
5.68687e-09
6.50507e-09
6.9597e-09
7.1969e-09
7.23918e-09
7.1855e-09
7.02229e-09
6.82559e-09
6.56371e-09
6.30199e-09
5.99893e-09
5.71454e-09
5.40138e-09
5.11681e-09
4.80967e-09
4.53629e-09
4.24313e-09
3.9863e-09
3.71073e-09
3.47268e-09
3.21582e-09
2.99693e-09
2.75856e-09
2.55822e-09
2.33721e-09
2.15436e-09
1.94874e-09
1.78253e-09
1.58914e-09
1.44018e-09
1.25279e-09
1.12708e-09
9.27389e-10
8.54622e-10
5.81522e-10
6.41201e-10
1.99827e-10
6.39154e-10
0.059309
0.0580749
0.0539118
0.0475781
0.0382973
0.0253115
0.00804812
-0.0142978
-0.0413509
-0.0724565
-0.104714
-0.134091
-0.160833
-0.184064
-0.203472
-0.219203
-0.231248
-0.239625
-0.244239
-0.244914
-0.241446
-0.233742
-0.221954
-0.206579
-0.188461
-0.168688
-0.148411
-0.128654
-0.110192
-0.0935147
-0.0788515
-0.0662291
-0.0555383
-0.046592
-0.0391695
-0.0330458
-0.0280093
-0.0238713
-0.0204689
-0.0176649
-0.0153459
-0.0134193
-0.01181
-0.0104578
-0.00931443
-0.00834116
-0.00750708
-0.00678739
-0.00616213
-0.00561518
-0.00513348
-0.00470639
-0.00432525
-0.00398296
-0.0036737
-0.00339272
-0.00313612
-0.0029007
-0.00268383
-0.00248335
-0.00229746
-0.00212468
-0.00196376
-0.00181364
-0.00167343
-0.00154235
-0.00141973
-0.00130495
-0.0011975
-0.0010969
-0.00100272
-0.000914606
-0.000832221
-0.000755281
-0.000683533
-0.000616758
-0.000554771
-0.000497416
-0.000444562
-0.000396079
-0.000351797
-0.000311459
-0.000274664
-0.00024086
-0.000209397
-0.000179659
-0.000151267
-0.00012425
-9.91005e-05
-7.6608e-05
-5.75395e-05
-4.22976e-05
-3.0755e-05
-2.23447e-05
-1.63242e-05
-1.20326e-05
-8.99852e-06
-6.90722e-06
-5.50381e-06
-4.54437e-06
-3.81188e-06
-3.15953e-06
-2.53136e-06
-1.94038e-06
-1.42473e-06
-1.01209e-06
-7.05563e-07
-4.89026e-07
-3.39568e-07
-2.36567e-07
-1.65055e-07
-1.14959e-07
-7.96388e-08
-5.45048e-08
-3.64854e-08
-2.34422e-08
-1.40052e-08
-7.16331e-09
-2.27348e-09
1.20793e-09
3.60641e-09
5.24628e-09
6.29121e-09
6.94701e-09
7.28295e-09
7.43396e-09
7.41205e-09
7.31189e-09
7.11383e-09
6.89248e-09
6.61194e-09
6.33748e-09
6.02441e-09
5.73354e-09
5.41486e-09
5.12706e-09
4.81676e-09
4.54189e-09
4.24681e-09
3.98943e-09
3.71259e-09
3.47448e-09
3.21672e-09
2.99802e-09
2.75893e-09
2.55892e-09
2.33727e-09
2.15484e-09
1.94856e-09
1.78289e-09
1.58861e-09
1.44059e-09
1.25135e-09
1.12828e-09
9.22692e-10
8.60002e-10
5.63768e-10
6.67196e-10
1.26954e-10
7.66789e-10
0.0625929
0.0614643
0.0576539
0.0517511
0.0429161
0.0302151
0.0128606
-0.0103395
-0.0390729
-0.0729369
-0.107918
-0.138641
-0.166287
-0.189932
-0.209419
-0.225133
-0.237153
-0.245563
-0.250266
-0.251021
-0.247512
-0.239527
-0.22714
-0.210841
-0.191554
-0.170509
-0.149018
-0.128228
-0.108985
-0.0917922
-0.0768519
-0.0641435
-0.0535047
-0.0446998
-0.0374681
-0.0315549
-0.0267287
-0.0227879
-0.019563
-0.016914
-0.0147273
-0.0129116
-0.0113944
-0.0101177
-0.00903596
-0.00811275
-0.00731927
-0.00663249
-0.00603394
-0.00550871
-0.00504471
-0.00463208
-0.00426276
-0.00393014
-0.00362881
-0.00335433
-0.00310306
-0.00287201
-0.00265873
-0.00246121
-0.00227777
-0.00210702
-0.00194781
-0.00179913
-0.00166015
-0.00153014
-0.00140843
-0.00129446
-0.00118772
-0.00108774
-0.0009941
-0.00090645
-0.000824466
-0.000747865
-0.000676401
-0.000609862
-0.000548071
-0.000490885
-0.00043819
-0.000389875
-0.000345798
-0.000305716
-0.000269241
-0.000235807
-0.000204735
-0.000175365
-0.000147272
-0.000120462
-9.54323e-05
-7.30197e-05
-5.40539e-05
-3.89936e-05
-2.77366e-05
-1.97043e-05
-1.41181e-05
-1.02736e-05
-7.66498e-06
-5.95149e-06
-4.86021e-06
-4.13578e-06
-3.55874e-06
-2.99172e-06
-2.39962e-06
-1.81951e-06
-1.30915e-06
-9.06345e-07
-6.15479e-07
-4.17119e-07
-2.84728e-07
-1.95779e-07
-1.35041e-07
-9.29569e-08
-6.35261e-08
-4.26901e-08
-2.77951e-08
-1.70304e-08
-9.27315e-09
-3.68056e-09
2.76707e-10
3.06647e-09
4.95568e-09
6.22508e-09
7.00136e-09
7.46392e-09
7.65966e-09
7.70954e-09
7.61326e-09
7.45925e-09
7.2211e-09
6.97104e-09
6.66892e-09
6.3794e-09
6.05474e-09
5.75611e-09
5.43112e-09
5.13939e-09
4.82555e-09
4.54876e-09
4.25162e-09
3.9934e-09
3.71526e-09
3.47688e-09
3.21823e-09
2.99957e-09
2.75981e-09
2.56e-09
2.33777e-09
2.15565e-09
1.94876e-09
1.78354e-09
1.58841e-09
1.44126e-09
1.25018e-09
1.12973e-09
9.18274e-10
8.65564e-10
5.47065e-10
6.92057e-10
6.26844e-11
8.78877e-10
0.0663279
0.065334
0.0619731
0.0566369
0.0484162
0.0361719
0.0188307
-0.00532642
-0.0361324
-0.0736835
-0.112206
-0.1444
-0.17303
-0.197067
-0.216556
-0.232179
-0.244115
-0.252541
-0.257352
-0.258233
-0.254725
-0.246456
-0.233385
-0.21598
-0.195264
-0.172655
-0.149672
-0.127627
-0.10745
-0.0896558
-0.0744078
-0.0616222
-0.0510688
-0.0424509
-0.0354599
-0.029806
-0.0252344
-0.0215297
-0.0185152
-0.0160483
-0.014016
-0.0123292
-0.0109181
-0.00972831
-0.00871714
-0.00785116
-0.00710401
-0.00645479
-0.00588672
-0.00538631
-0.00494256
-0.0045465
-0.00419075
-0.00386926
-0.00357706
-0.00331006
-0.00306492
-0.0028389
-0.00262975
-0.00243562
-0.00225498
-0.00208657
-0.0019293
-0.00178227
-0.00164471
-0.00151591
-0.00139526
-0.00128223
-0.0011763
-0.00107704
-0.000984034
-0.000896928
-0.000815408
-0.000739197
-0.000668056
-0.00060178
-0.000540201
-0.000483189
-0.000430643
-0.000382478
-0.00033857
-0.000298702
-0.000262496
-0.000229389
-0.000198679
-0.00016968
-0.00014193
-0.000115412
-9.06273e-05
-6.84426e-05
-4.97355e-05
-3.50046e-05
-2.41629e-05
-1.66184e-05
-1.15611e-05
-8.2488e-06
-6.14755e-06
-4.88855e-06
-4.17403e-06
-3.72956e-06
-3.32941e-06
-2.84862e-06
-2.28178e-06
-1.69925e-06
-1.18487e-06
-7.88419e-07
-5.13935e-07
-3.36136e-07
-2.23125e-07
-1.49912e-07
-1.01124e-07
-6.79492e-08
-4.51468e-08
-2.92086e-08
-1.7901e-08
-9.75766e-09
-3.92836e-09
2.38048e-10
3.13887e-09
5.15113e-09
6.47125e-09
7.32736e-09
7.80339e-09
8.04882e-09
8.08624e-09
8.02134e-09
7.84062e-09
7.62545e-09
7.34199e-09
7.05946e-09
6.73309e-09
6.42654e-09
6.08888e-09
5.78141e-09
5.44936e-09
5.15311e-09
4.83533e-09
4.55631e-09
4.25689e-09
3.99766e-09
3.71812e-09
3.47937e-09
3.21979e-09
3.00111e-09
2.76066e-09
2.56101e-09
2.33818e-09
2.15634e-09
1.94885e-09
1.78404e-09
1.58808e-09
1.44178e-09
1.24889e-09
1.131e-09
9.13924e-10
8.70708e-10
5.31863e-10
7.14285e-10
9.23112e-12
9.71132e-10
0.0704608
0.0696356
0.0668359
0.062231
0.0548405
0.0432983
0.0261554
0.000991382
-0.0323346
-0.0748354
-0.117948
-0.151633
-0.18125
-0.205543
-0.224867
-0.240303
-0.252125
-0.260615
-0.265643
-0.266783
-0.263373
-0.254828
-0.240955
-0.222201
-0.199717
-0.175175
-0.150365
-0.126806
-0.105526
-0.0870445
-0.0714668
-0.0586249
-0.0482021
-0.0398274
-0.0331348
-0.0277944
-0.0235253
-0.0200976
-0.0173273
-0.0150702
-0.0132146
-0.0116743
-0.0103835
-0.00929169
-0.0083599
-0.00755811
-0.00686286
-0.00625565
-0.00572168
-0.00524903
-0.00482794
-0.00445042
-0.00410988
-0.00380086
-0.00351888
-0.00326025
-0.00302197
-0.00280157
-0.00259702
-0.00240668
-0.00222917
-0.00206336
-0.00190828
-0.0017631
-0.00162712
-0.0014997
-0.00138026
-0.00126828
-0.0011633
-0.00106486
-0.000972571
-0.000886087
-0.000805095
-0.000729324
-0.000658542
-0.000592551
-0.000531193
-0.00047435
-0.000421937
-0.000373885
-0.000330095
-0.000290372
-0.00025436
-0.000221507
-0.000191113
-0.000162481
-0.000135131
-0.000109023
-8.46509e-05
-6.28916e-05
-4.46405e-05
-3.04124e-05
-2.01229e-05
-1.31671e-05
-8.71691e-06
-6.00881e-06
-4.4901e-06
-3.76235e-06
-3.49178e-06
-3.37193e-06
-3.16429e-06
-2.7601e-06
-2.19577e-06
-1.58767e-06
-1.05405e-06
-6.58126e-07
-4.00519e-07
-2.4612e-07
-1.55183e-07
-9.95624e-08
-6.39556e-08
-4.06031e-08
-2.51429e-08
-1.46276e-08
-7.25611e-09
-1.95245e-09
1.80917e-09
4.45266e-09
6.22529e-09
7.40464e-09
8.11252e-09
8.52173e-09
8.67205e-09
8.68141e-09
8.54704e-09
8.35778e-09
8.08603e-09
7.8049e-09
7.4728e-09
7.15523e-09
6.8028e-09
6.47776e-09
6.12614e-09
5.80901e-09
5.46941e-09
5.16817e-09
4.84625e-09
4.5647e-09
4.26292e-09
4.00249e-09
3.72154e-09
3.48228e-09
3.22179e-09
3.00296e-09
2.76186e-09
2.56227e-09
2.33891e-09
2.15725e-09
1.94922e-09
1.78474e-09
1.588e-09
1.44245e-09
1.24788e-09
1.13235e-09
9.1014e-10
8.75526e-10
5.189e-10
7.33515e-10
-3.30098e-11
1.04364e-09
0.0749249
0.0743066
0.0721943
0.068515
0.0622254
0.0517232
0.0350727
0.00894598
-0.0274166
-0.0766404
-0.125674
-0.160637
-0.191209
-0.215619
-0.234566
-0.24962
-0.261176
-0.269676
-0.274962
-0.276485
-0.273322
-0.264589
-0.249867
-0.229546
-0.204943
-0.17806
-0.151046
-0.125687
-0.103126
-0.0838775
-0.0679633
-0.0551037
-0.0448737
-0.0368124
-0.0304868
-0.0255215
-0.0216079
-0.0185006
-0.0160095
-0.0139898
-0.0123323
-0.0109551
-0.00979732
-0.00881318
-0.00796834
-0.00723666
-0.00659801
-0.00603661
-0.00553985
-0.00509755
-0.00470131
-0.00434419
-0.00402041
-0.00372516
-0.00345449
-0.00320513
-0.00297442
-0.00276021
-0.00256074
-0.00237455
-0.00220047
-0.00203751
-0.00188481
-0.00174166
-0.00160742
-0.00148151
-0.00136341
-0.00125262
-0.00114868
-0.00105117
-0.000959699
-0.000873919
-0.000793522
-0.000718243
-0.000647854
-0.000582169
-0.000521037
-0.000464352
-0.000412042
-0.000364053
-0.000320308
-0.000280635
-0.000244707
-0.000212007
-0.000181858
-0.00015358
-0.000126697
-0.000101159
-7.74324e-05
-5.63634e-05
-3.88233e-05
-2.53048e-05
-1.57076e-05
-9.42659e-06
-5.63718e-06
-3.58979e-06
-2.72333e-06
-2.60706e-06
-2.85386e-06
-3.10583e-06
-3.10187e-06
-2.75464e-06
-2.15856e-06
-1.49294e-06
-9.20488e-07
-5.18396e-07
-2.78693e-07
-1.50829e-07
-8.42191e-08
-4.71539e-08
-2.50674e-08
-1.17979e-08
-3.99414e-09
7.90575e-10
3.98933e-09
6.28765e-09
7.86238e-09
8.89423e-09
9.47381e-09
9.77461e-09
9.83884e-09
9.77896e-09
9.58742e-09
9.34856e-09
9.03329e-09
8.71274e-09
8.34489e-09
7.99407e-09
7.61067e-09
7.2561e-09
6.87627e-09
6.53171e-09
6.16543e-09
5.83805e-09
5.49055e-09
5.18399e-09
4.85773e-09
4.57347e-09
4.26925e-09
4.00749e-09
3.7251e-09
3.48524e-09
3.22384e-09
3.00482e-09
2.76308e-09
2.56351e-09
2.33963e-09
2.15811e-09
1.94956e-09
1.78536e-09
1.58791e-09
1.44303e-09
1.2469e-09
1.13353e-09
9.06749e-10
8.7972e-10
5.08056e-10
7.49444e-10
-6.53597e-11
1.0986e-09
0.0796386
0.0792692
0.0779819
0.0754544
0.0705981
0.061597
0.0458901
0.019024
-0.0209704
-0.0794327
-0.13621
-0.171892
-0.20307
-0.227164
-0.245439
-0.260003
-0.271295
-0.279924
-0.285674
-0.287831
-0.285106
-0.276243
-0.26054
-0.238321
-0.211117
-0.181364
-0.151683
-0.124188
-0.100154
-0.0800658
-0.0638252
-0.0510068
-0.04105
-0.0333864
-0.0275061
-0.022984
-0.0194821
-0.0167407
-0.0145648
-0.0128103
-0.0113723
-0.0101746
-0.00916227
-0.00829542
-0.0075449
-0.00688906
-0.00631152
-0.00579953
-0.00534293
-0.00493339
-0.00456401
-0.00422894
-0.00392329
-0.00364295
-0.0033845
-0.00314515
-0.00292262
-0.00271508
-0.00252106
-0.00233935
-0.00216896
-0.00200906
-0.00185895
-0.001718
-0.00158566
-0.00146141
-0.00134478
-0.0012353
-0.00113253
-0.00103606
-0.000945502
-0.000860509
-0.000780776
-0.000706039
-0.000636078
-0.000570714
-0.000509808
-0.000453262
-0.000401017
-0.000353031
-0.000309243
-0.000269509
-0.000233544
-0.000200883
-0.000170911
-0.000142988
-0.000116681
-9.19265e-05
-6.9128e-05
-4.90639e-05
-3.25157e-05
-1.99076e-05
-1.11183e-05
-5.55094e-06
-2.43182e-06
-1.06789e-06
-9.07843e-07
-1.48169e-06
-2.32236e-06
-2.99219e-06
-3.19368e-06
-2.868e-06
-2.18924e-06
-1.42191e-06
-7.85154e-07
-3.69225e-07
-1.49467e-07
-5.2136e-08
-1.21671e-08
5.79929e-09
1.4466e-08
1.76848e-08
1.76647e-08
1.65263e-08
1.54318e-08
1.46681e-08
1.40254e-08
1.34215e-08
1.27874e-08
1.21936e-08
1.16021e-08
1.10637e-08
1.05229e-08
1.00301e-08
9.52982e-09
9.07505e-09
8.60917e-09
8.18721e-09
7.7516e-09
7.35927e-09
6.95157e-09
6.58701e-09
6.20583e-09
5.86793e-09
5.51241e-09
5.20035e-09
4.86971e-09
4.58262e-09
4.27596e-09
4.01277e-09
3.72897e-09
3.48844e-09
3.22617e-09
3.00687e-09
2.76455e-09
2.56491e-09
2.34057e-09
2.15911e-09
1.95011e-09
1.78611e-09
1.58801e-09
1.4437e-09
1.24619e-09
1.1347e-09
9.03985e-10
8.83417e-10
4.99395e-10
7.62419e-10
-8.94339e-11
1.13936e-09
0.0845034
0.0844258
0.0841081
0.082981
0.0799549
0.07305
0.0589465
0.031847
-0.0125001
-0.0838887
-0.150483
-0.185777
-0.217491
-0.240894
-0.257929
-0.271517
-0.282219
-0.290891
-0.297232
-0.300343
-0.298453
-0.289743
-0.273084
-0.24868
-0.218341
-0.185098
-0.1522
-0.122187
-0.0964768
-0.0754907
-0.0589615
-0.0462722
-0.0366946
-0.0295331
-0.0241912
-0.0201899
-0.0171619
-0.0148344
-0.0130097
-0.0115473
-0.0103483
-0.00934422
-0.00848759
-0.00774547
-0.00709477
-0.00651896
-0.00600583
-0.00554596
-0.00513181
-0.00475704
-0.00441628
-0.00410483
-0.00381869
-0.00355441
-0.00330916
-0.0030806
-0.00286686
-0.00266648
-0.00247828
-0.00230132
-0.00213484
-0.00197819
-0.00183081
-0.00169219
-0.00156188
-0.00143941
-0.00132437
-0.00121632
-0.00111484
-0.00101952
-0.000929982
-0.000845872
-0.00076688
-0.000692744
-0.00062325
-0.000558226
-0.000497545
-0.000441121
-0.000388901
-0.000340852
-0.000296927
-0.000257016
-0.000220889
-0.000188159
-0.000158309
-0.000130792
-0.000105198
-8.14809e-05
-5.99777e-05
-4.12796e-05
-2.60191e-05
-1.4511e-05
-6.57698e-06
-1.68671e-06
8.05722e-07
1.50082e-06
9.14653e-07
-4.29308e-07
-1.9461e-06
-3.08032e-06
-3.4807e-06
-3.12691e-06
-2.29981e-06
-1.37724e-06
-6.47941e-07
-2.1185e-07
-1.62206e-08
4.56663e-08
5.71825e-08
5.66316e-08
5.29999e-08
4.68539e-08
3.92046e-08
3.217e-08
2.6805e-08
2.30137e-08
2.01764e-08
1.79421e-08
1.60933e-08
1.46046e-08
1.33593e-08
1.23444e-08
1.1456e-08
1.07101e-08
1.00254e-08
9.43675e-09
8.87304e-09
8.38002e-09
7.89232e-09
7.46227e-09
7.02678e-09
6.64226e-09
6.24623e-09
5.89779e-09
5.5343e-09
5.21671e-09
4.88175e-09
4.59178e-09
4.28272e-09
4.01806e-09
3.73289e-09
3.49163e-09
3.22852e-09
3.00891e-09
2.76604e-09
2.5663e-09
2.34153e-09
2.16009e-09
1.95068e-09
1.78682e-09
1.58815e-09
1.44432e-09
1.2456e-09
1.13571e-09
9.01678e-10
8.86508e-10
4.92547e-10
7.72681e-10
-1.07103e-10
1.16907e-09
0.0894034
0.0896608
0.090454
0.0909971
0.0902572
0.0862384
0.0746932
0.0484374
-0.00109744
-0.090963
-0.170884
-0.202879
-0.233692
-0.255796
-0.271579
-0.28433
-0.294577
-0.303529
-0.310767
-0.315168
-0.314388
-0.305977
-0.288214
-0.261133
-0.226904
-0.189347
-0.152538
-0.119547
-0.091939
-0.0700156
-0.053268
-0.040829
-0.0317638
-0.0252284
-0.0205302
-0.0171344
-0.014646
-0.0127822
-0.0113459
-0.0102026
-0.00926248
-0.00846634
-0.00777576
-0.00716588
-0.00662055
-0.00612896
-0.0056835
-0.00527838
-0.00490884
-0.00457067
-0.00426007
-0.00397356
-0.003708
-0.00346068
-0.00322934
-0.00301213
-0.00280762
-0.00261472
-0.0024326
-0.0022606
-0.00209821
-0.00194498
-0.00180048
-0.00166434
-0.00153619
-0.00141564
-0.00130231
-0.00119582
-0.00109576
-0.00100171
-0.000913309
-0.000830178
-0.000752006
-0.000678529
-0.000609537
-0.000544871
-0.000484415
-0.000428094
-0.000375862
-0.000327691
-0.00028355
-0.000243366
-0.000206981
-0.00017412
-0.000144396
-0.000117384
-9.27525e-05
-7.03939e-05
-5.05099e-05
-3.35179e-05
-1.97878e-05
-9.44997e-06
-2.32939e-06
1.981e-06
3.95981e-06
4.04384e-06
2.6919e-06
5.04381e-07
-1.76752e-06
-3.40515e-06
-3.98518e-06
-3.5396e-06
-2.48628e-06
-1.34981e-06
-5.0099e-07
-4.26811e-08
1.20817e-07
1.4055e-07
1.2171e-07
1.03803e-07
8.95606e-08
7.49741e-08
6.00363e-08
4.72465e-08
3.77486e-08
3.10648e-08
2.6131e-08
2.23242e-08
1.92965e-08
1.69396e-08
1.50614e-08
1.35856e-08
1.23605e-08
1.13693e-08
1.05059e-08
9.78731e-09
9.12887e-09
8.56701e-09
8.0289e-09
7.5623e-09
7.09995e-09
6.69604e-09
6.28566e-09
5.92698e-09
5.55578e-09
5.23279e-09
4.89366e-09
4.60086e-09
4.2895e-09
4.02338e-09
3.7369e-09
3.49491e-09
3.23099e-09
3.01106e-09
2.76768e-09
2.56779e-09
2.34264e-09
2.16117e-09
1.9514e-09
1.78763e-09
1.58845e-09
1.445e-09
1.24525e-09
1.1367e-09
8.99918e-10
8.89142e-10
4.87335e-10
7.80745e-10
-1.19866e-10
1.19057e-09
0.0942057
0.0948333
0.0968652
0.0993295
0.101385
0.101154
0.0935103
0.069821
0.0138852
-0.101322
-0.19776
-0.225149
-0.255276
-0.274429
-0.287329
-0.298164
-0.307354
-0.316504
-0.324952
-0.331238
-0.332289
-0.324784
-0.306082
-0.275938
-0.236989
-0.194135
-0.152578
-0.116076
-0.0863368
-0.0634656
-0.0466155
-0.0345944
-0.0262139
-0.0204579
-0.016529
-0.0138363
-0.0119599
-0.0106118
-0.00959998
-0.00880038
-0.00813524
-0.00755743
-0.00703951
-0.0065661
-0.00612892
-0.00572352
-0.00534731
-0.00499836
-0.00467481
-0.00437461
-0.00409553
-0.00383522
-0.00359142
-0.00336207
-0.00314547
-0.00294025
-0.00274545
-0.00256038
-0.00238457
-0.0022177
-0.00205952
-0.00190978
-0.00176825
-0.00163466
-0.00150875
-0.00139021
-0.00127871
-0.00117388
-0.00107535
-0.0009827
-0.00089554
-0.000813492
-0.000736227
-0.000663477
-0.000595036
-0.000530758
-0.000470542
-0.000414323
-0.000362062
-0.000313739
-0.00026934
-0.000228843
-0.00019218
-0.000159209
-0.000129703
-0.000103373
-7.99481e-05
-5.92737e-05
-4.13485e-05
-2.62765e-05
-1.41593e-05
-4.97057e-06
1.46807e-06
5.39545e-06
7.02382e-06
6.57546e-06
4.44555e-06
1.34452e-06
-1.7566e-06
-3.93006e-06
-4.66542e-06
-4.06396e-06
-2.71158e-06
-1.31278e-06
-3.29073e-07
1.44174e-07
2.62095e-07
2.30931e-07
1.797e-07
1.46049e-07
1.23282e-07
1.01388e-07
7.96512e-08
6.13843e-08
4.80076e-08
3.8647e-08
3.1764e-08
2.6473e-08
2.23239e-08
1.91429e-08
1.66668e-08
1.47566e-08
1.32142e-08
1.19916e-08
1.09595e-08
1.01185e-08
9.37062e-09
8.74374e-09
8.15806e-09
7.65693e-09
7.16923e-09
6.747e-09
6.32309e-09
5.95469e-09
5.57624e-09
5.24812e-09
4.90506e-09
4.60956e-09
4.29605e-09
4.02851e-09
3.74081e-09
3.49811e-09
3.23348e-09
3.01318e-09
2.76933e-09
2.56926e-09
2.34377e-09
2.16224e-09
1.95215e-09
1.78843e-09
1.58881e-09
1.44565e-09
1.24503e-09
1.13756e-09
8.98557e-10
8.91294e-10
4.83392e-10
7.86945e-10
-1.29043e-10
1.20601e-09
0.0987621
0.0997874
0.103147
0.107774
0.113126
0.117894
0.115994
0.0988499
0.0345568
-0.124197
-0.238544
-0.24798
-0.276402
-0.294205
-0.30504
-0.31379
-0.321412
-0.330359
-0.339746
-0.347901
-0.350997
-0.344788
-0.325437
-0.292183
-0.248038
-0.199149
-0.152127
-0.111633
-0.0795645
-0.0557705
-0.0389681
-0.0275595
-0.0200534
-0.0152387
-0.0122068
-0.0103129
-0.00911796
-0.00833452
-0.00778106
-0.0073481
-0.00697325
-0.00662385
-0.00628515
-0.00595247
-0.00562628
-0.00530905
-0.00500356
-0.00471194
-0.00443537
-0.00417399
-0.00392714
-0.00369363
-0.00347203
-0.00326098
-0.00305935
-0.00286629
-0.0026813
-0.00250412
-0.0023347
-0.00217303
-0.00201913
-0.00187298
-0.0017345
-0.00160357
-0.00147999
-0.00136355
-0.00125396
-0.0011509
-0.00105399
-0.000962833
-0.000877002
-0.000796108
-0.00071981
-0.000647835
-0.000579986
-0.000516128
-0.000456178
-0.000400085
-0.000347818
-0.000299368
-0.00025475
-0.000214001
-0.000177159
-0.000144227
-0.000115136
-8.97249e-05
-6.77555e-05
-4.89619e-05
-3.31035e-05
-1.99748e-05
-9.37804e-06
-1.13092e-06
4.88172e-06
8.65478e-06
1.0091e-05
9.1778e-06
6.2576e-06
2.18831e-06
-1.7939e-06
-4.52047e-06
-5.38651e-06
-4.58069e-06
-2.88706e-06
-1.20931e-06
-1.00377e-07
3.64887e-07
4.15829e-07
3.21405e-07
2.33876e-07
1.84822e-07
1.54571e-07
1.26025e-07
9.78068e-08
7.43317e-08
5.73707e-08
4.55905e-08
3.69394e-08
3.02822e-08
2.50956e-08
2.11557e-08
1.81326e-08
1.5826e-08
1.39939e-08
1.25599e-08
1.13739e-08
1.0421e-08
9.59159e-09
8.90537e-09
8.27629e-09
7.74364e-09
7.23283e-09
6.79385e-09
6.3576e-09
5.98031e-09
5.59525e-09
5.26241e-09
4.91577e-09
4.61777e-09
4.3023e-09
4.03344e-09
3.74463e-09
3.50125e-09
3.23603e-09
3.01533e-09
2.77104e-09
2.57079e-09
2.34499e-09
2.16338e-09
1.953e-09
1.7893e-09
1.58931e-09
1.44636e-09
1.24501e-09
1.1384e-09
8.97621e-10
8.93099e-10
4.80529e-10
7.91708e-10
-1.35557e-10
1.21708e-09
0.102913
0.104339
0.109069
0.115963
0.125116
0.135746
0.142331
0.134772
0.0628474
-0.133902
-0.305412
-0.293301
-0.30775
-0.313991
-0.318194
-0.322782
-0.32808
-0.336769
-0.347378
-0.358178
-0.364142
-0.360059
-0.341162
-0.305976
-0.257526
-0.203064
-0.150705
-0.10622
-0.0718425
-0.0472199
-0.0306151
-0.0199882
-0.0135146
-0.0097726
-0.00773771
-0.0067128
-0.00624534
-0.00605434
-0.00597422
-0.0059144
-0.00583113
-0.0057085
-0.00554602
-0.00535068
-0.00513226
-0.00490044
-0.00466347
-0.00442756
-0.00419684
-0.00397356
-0.00375854
-0.00355163
-0.00335219
-0.00315944
-0.00297279
-0.00279188
-0.00261668
-0.00244739
-0.00228432
-0.00212782
-0.00197817
-0.00183557
-0.00170012
-0.0015718
-0.00145054
-0.00133618
-0.0012285
-0.0011272
-0.00103193
-0.00094226
-0.000857774
-0.000778056
-0.000702753
-0.000631588
-0.000564371
-0.000500986
-0.000441365
-0.000385471
-0.000333288
-0.000284827
-0.000240143
-0.000199339
-0.000162558
-0.000129933
-0.00010152
-7.72355e-05
-5.68265e-05
-3.98928e-05
-2.59436e-05
-1.44746e-05
-5.05564e-06
2.57329e-06
8.41419e-06
1.21932e-05
1.35021e-05
1.21171e-05
8.3632e-06
3.27879e-06
-1.61478e-06
-4.90459e-06
-5.89973e-06
-4.89264e-06
-2.88246e-06
-9.66922e-07
2.20064e-07
6.3621e-07
5.92069e-07
4.19336e-07
2.89283e-07
2.22881e-07
1.84478e-07
1.49131e-07
1.14487e-07
8.60247e-08
6.57619e-08
5.18098e-08
4.15703e-08
3.36765e-08
2.75524e-08
2.2933e-08
1.94246e-08
1.67679e-08
1.46804e-08
1.30602e-08
1.17388e-08
1.06876e-08
9.78642e-09
9.04796e-09
8.38071e-09
7.82029e-09
7.28915e-09
6.83541e-09
6.3883e-09
6.00317e-09
5.61227e-09
5.27526e-09
4.92547e-09
4.62525e-09
4.30805e-09
4.038e-09
3.74812e-09
3.5042e-09
3.23849e-09
3.01742e-09
2.77273e-09
2.57229e-09
2.34622e-09
2.16451e-09
1.95389e-09
1.79017e-09
1.58986e-09
1.44706e-09
1.24512e-09
1.13917e-09
8.9699e-10
8.94559e-10
4.78477e-10
7.95288e-10
-1.40168e-10
1.22497e-09
0.106496
0.108309
0.11435
0.123564
0.136751
0.154695
0.173244
0.189347
0.103545
-0.123194
-0.338146
-0.301472
-0.319811
-0.324045
-0.324147
-0.32711
-0.331376
-0.339849
-0.350645
-0.362198
-0.369529
-0.366869
-0.348745
-0.312959
-0.262163
-0.204037
-0.147787
-0.100218
-0.0640189
-0.0388046
-0.0224982
-0.0126851
-0.00724205
-0.00455195
-0.00348477
-0.00329766
-0.00352787
-0.00390288
-0.0042738
-0.00456898
-0.00476291
-0.00485565
-0.00486034
-0.00479496
-0.00467813
-0.0045264
-0.00435323
-0.00416872
-0.00397986
-0.00379095
-0.00360428
-0.00342084
-0.00324073
-0.00306391
-0.00289035
-0.00272017
-0.00255377
-0.00239172
-0.00223465
-0.00208314
-0.00193769
-0.00179865
-0.00166623
-0.00154054
-0.00142157
-0.00130925
-0.0012034
-0.00110377
-0.00101
-0.000921701
-0.00083843
-0.000759774
-0.000685376
-0.000614968
-0.000548372
-0.000485487
-0.00042626
-0.000370672
-0.000318724
-0.000270454
-0.000225959
-0.000185407
-0.000149019
-0.00011701
-8.94979e-05
-6.64118e-05
-4.74398e-05
-3.20403e-05
-1.95268e-05
-9.19723e-06
-4.91163e-07
6.84992e-06
1.26771e-05
1.6468e-05
1.75681e-05
1.56149e-05
1.09663e-05
4.85404e-06
-9.36204e-07
-4.78034e-06
-5.93053e-06
-4.79341e-06
-2.57066e-06
-5.21912e-07
6.59838e-07
9.72057e-07
8.01781e-07
5.34407e-07
3.52875e-07
2.63897e-07
2.14486e-07
1.71125e-07
1.29786e-07
9.64755e-08
7.31409e-08
5.72243e-08
4.55652e-08
3.6578e-08
2.96356e-08
2.44313e-08
2.05101e-08
1.75576e-08
1.52554e-08
1.34792e-08
1.20445e-08
1.09109e-08
9.94984e-09
9.1677e-09
8.46854e-09
7.88491e-09
7.33677e-09
6.87067e-09
6.41447e-09
6.02275e-09
5.62697e-09
5.28644e-09
4.93401e-09
4.6319e-09
4.31326e-09
4.04221e-09
3.75153e-09
3.50702e-09
3.24079e-09
3.01943e-09
2.77442e-09
2.5738e-09
2.34751e-09
2.16569e-09
1.95486e-09
1.7911e-09
1.59053e-09
1.44782e-09
1.2454e-09
1.13991e-09
8.96675e-10
8.95778e-10
4.77103e-10
7.97971e-10
-1.43358e-10
1.23056e-09
0.109352
0.111496
0.118704
0.129947
0.147241
0.171836
0.207659
0.2142
0.194489
-0.140773
-0.430748
-0.319534
-0.321385
-0.323586
-0.322498
-0.325886
-0.33063
-0.339732
-0.351082
-0.363242
-0.370861
-0.368333
-0.35012
-0.313795
-0.261739
-0.20179
-0.143554
-0.0943763
-0.0572445
-0.0318326
-0.0158944
-0.00678913
-0.00219353
-0.000355592
-6.61916e-05
-0.000549153
-0.00133609
-0.00216284
-0.00289469
-0.0034753
-0.00389333
-0.00416131
-0.00430279
-0.00434421
-0.00431096
-0.00422485
-0.00410351
-0.00396023
-0.00380441
-0.00364217
-0.00347715
-0.00331136
-0.00314583
-0.00298108
-0.00281753
-0.00265574
-0.00249645
-0.00234046
-0.00218859
-0.00204157
-0.00189998
-0.00176427
-0.00163472
-0.0015115
-0.00139466
-0.00128419
-0.00117995
-0.00108173
-0.0009892
-0.000901981
-0.000819655
-0.000741823
-0.000668145
-0.000598367
-0.000532326
-0.000469934
-0.000411151
-0.000355973
-0.000304421
-0.000256563
-0.000212531
-0.000172534
-0.000136828
-0.000105647
-7.91039e-05
-5.70868e-05
-3.92089e-05
-2.48288e-05
-1.3153e-05
-3.40052e-06
5.00296e-06
1.22453e-05
1.80331e-05
2.16683e-05
2.23548e-05
1.96841e-05
1.40921e-05
6.98871e-06
3.64251e-07
-4.00888e-06
-5.36674e-06
-4.22716e-06
-1.94896e-06
9.66e-08
1.18352e-06
1.34688e-06
1.03259e-06
6.6291e-07
4.24135e-07
3.07606e-07
2.44146e-07
1.9155e-07
1.43417e-07
1.05525e-07
7.93845e-08
6.17129e-08
4.88186e-08
3.89084e-08
3.12916e-08
2.56134e-08
2.1362e-08
1.81754e-08
1.57046e-08
1.38063e-08
1.22832e-08
1.10856e-08
1.00778e-08
9.26165e-09
8.53763e-09
7.9359e-09
7.3745e-09
6.89875e-09
6.43545e-09
6.03856e-09
5.63896e-09
5.29565e-09
4.94114e-09
4.63754e-09
4.31773e-09
4.0459e-09
3.75474e-09
3.50968e-09
3.24292e-09
3.02131e-09
2.77606e-09
2.57527e-09
2.34878e-09
2.16687e-09
1.95586e-09
1.79204e-09
1.59124e-09
1.44857e-09
1.24579e-09
1.14061e-09
8.96588e-10
8.96756e-10
4.7624e-10
7.99909e-10
-1.45516e-10
1.23441e-09
0.111344
0.113741
0.121807
0.134717
0.155117
0.186776
0.235568
0.276049
0.332759
-0.111215
-0.322305
-0.320278
-0.323596
-0.323751
-0.326985
-0.331697
-0.340647
-0.351709
-0.363246
-0.370118
-0.36665
-0.347296
-0.309926
-0.257308
-0.197078
-0.138726
-0.0895386
-0.0525248
-0.0273975
-0.011874
-0.00325671
0.000835431
0.00219777
0.00206135
0.00121016
0.00011091
-0.000978121
-0.00192932
-0.00269294
-0.00326323
-0.0036572
-0.00390178
-0.00402649
-0.0040599
-0.00402633
-0.00394567
-0.00383329
-0.00370042
-0.00355483
-0.00340162
-0.00324419
-0.00308454
-0.00292425
-0.0027644
-0.00260599
-0.00245003
-0.00229744
-0.00214902
-0.00200543
-0.00186717
-0.00173458
-0.00160788
-0.00148718
-0.00137253
-0.00126388
-0.00116114
-0.0010641
-0.000972498
-0.000885989
-0.00080421
-0.000726812
-0.000653501
-0.000584058
-0.000518347
-0.000456295
-0.000397874
-0.00034309
-0.00029198
-0.000244627
-0.000201182
-0.000161861
-0.000126916
-9.65532e-05
-7.08391e-05
-4.96039e-05
-3.24012e-05
-1.85423e-05
-7.2126e-06
2.35533e-06
1.06827e-05
1.78692e-05
2.35165e-05
2.68349e-05
2.69835e-05
2.35775e-05
1.71434e-05
9.22395e-06
1.93442e-06
-2.87617e-06
-4.45805e-06
-3.41606e-06
-1.20514e-06
7.41854e-07
1.68731e-06
1.69462e-06
1.24623e-06
7.83991e-07
4.91852e-07
3.47779e-07
2.69814e-07
2.08294e-07
1.54208e-07
1.12521e-07
8.41013e-08
6.50228e-08
5.11683e-08
4.05664e-08
3.24574e-08
2.6439e-08
2.19535e-08
1.8603e-08
1.6015e-08
1.40325e-08
1.24486e-08
1.12068e-08
1.01669e-08
9.32733e-09
8.5862e-09
7.97198e-09
7.40143e-09
6.919e-09
6.45077e-09
6.05028e-09
5.648e-09
5.30274e-09
4.94677e-09
4.64209e-09
4.32149e-09
4.04906e-09
3.75746e-09
3.51201e-09
3.24494e-09
3.02311e-09
2.77767e-09
2.57673e-09
2.35009e-09
2.16807e-09
1.95692e-09
1.79302e-09
1.59205e-09
1.44937e-09
1.24631e-09
1.14131e-09
8.96744e-10
8.97565e-10
4.75823e-10
8.01256e-10
-1.46862e-10
1.23695e-09
0.112369
0.114898
0.123436
0.137234
0.15949
0.195113
0.252898
0.320978
0.430817
-0.315953
-0.32195
-0.322542
-0.326251
-0.331274
-0.340424
-0.351428
-0.362553
-0.368365
-0.363486
-0.342862
-0.304621
-0.25168
-0.191853
-0.134409
-0.0861828
-0.0499895
-0.0254853
-0.0104203
-0.00212319
0.0017505
0.00296748
0.00273406
0.00181754
0.000667923
-0.000467816
-0.00146825
-0.00228555
-0.00291294
-0.00336479
-0.00366582
-0.00384267
-0.0039218
-0.0039262
-0.00387534
-0.00378483
-0.00366667
-0.0035298
-0.00338069
-0.00322415
-0.00306334
-0.00290096
-0.00273898
-0.00257896
-0.00242221
-0.00226974
-0.00212231
-0.0019804
-0.00184429
-0.00171408
-0.00158981
-0.00147141
-0.00135877
-0.00125179
-0.00115035
-0.00105424
-0.000963244
-0.000877084
-0.000795468
-0.000718121
-0.000644814
-0.000575375
-0.000509699
-0.000447734
-0.000389464
-0.000334898
-0.000284078
-0.00023709
-0.000194082
-0.000155262
-0.000120856
-9.10376e-05
-6.58296e-05
-4.50209e-05
-2.81353e-05
-1.44742e-05
-3.23639e-06
6.30874e-06
1.46279e-05
2.17602e-05
2.72539e-05
3.02885e-05
3.00248e-05
2.6115e-05
1.91486e-05
1.07397e-05
3.05947e-06
-2.01977e-06
-3.76543e-06
-2.82666e-06
-7.01205e-07
1.15252e-06
1.99515e-06
1.90365e-06
1.37533e-06
8.58488e-07
5.34084e-07
3.7268e-07
2.8532e-07
2.1812e-07
1.60401e-07
1.16465e-07
8.67103e-08
6.68147e-08
5.24193e-08
4.14405e-08
3.3069e-08
2.68708e-08
2.22624e-08
1.88263e-08
1.61776e-08
1.41515e-08
1.2536e-08
1.12715e-08
1.02149e-08
9.36313e-09
8.61306e-09
7.99229e-09
7.41691e-09
6.93092e-09
6.46006e-09
6.05763e-09
5.6539e-09
5.30755e-09
4.95076e-09
4.64548e-09
4.32438e-09
4.05159e-09
3.7596e-09
3.51399e-09
3.24676e-09
3.02477e-09
2.77919e-09
2.57814e-09
2.35137e-09
2.16926e-09
1.958e-09
1.79401e-09
1.59293e-09
1.45019e-09
1.24694e-09
1.14197e-09
8.97084e-10
8.98194e-10
4.75767e-10
8.02078e-10
-1.47561e-10
1.23838e-09
0.11237
0.114899
0.123437
0.137235
0.159492
0.195116
0.252901
0.331138
0.48868
-0.31466
-0.321733
-0.322247
-0.326002
-0.331304
-0.34098
-0.352639
-0.364304
-0.370173
-0.364651
-0.342817
-0.303259
-0.249501
-0.1896
-0.132608
-0.0851354
-0.0496922
-0.0257338
-0.0109801
-0.00278481
0.00113738
0.00248555
0.0024187
0.00166253
0.000648165
-0.000387567
-0.0013254
-0.00211444
-0.0027417
-0.0032141
-0.00354757
-0.00376254
-0.00387854
-0.00391501
-0.0038891
-0.0038155
-0.00370645
-0.00357191
-0.00341989
-0.00325665
-0.00308752
-0.00291632
-0.00274612
-0.00257928
-0.00241748
-0.00226181
-0.00211289
-0.00197091
-0.00183578
-0.00170723
-0.0015849
-0.00146844
-0.00135754
-0.00125197
-0.00115151
-0.001056
-0.000965235
-0.000879024
-0.000797157
-0.000719444
-0.000645725
-0.000575891
-0.000509876
-0.000447651
-0.000389205
-0.000334545
-0.000283698
-0.000236734
-0.000193784
-0.000155037
-0.000120709
-9.09608e-05
-6.58101e-05
-4.50425e-05
-2.81814e-05
-1.45301e-05
-3.29078e-06
6.26315e-06
1.45943e-05
2.17381e-05
2.72408e-05
3.02811e-05
3.00201e-05
2.61109e-05
1.91443e-05
1.07351e-05
3.0551e-06
-2.02334e-06
-3.76791e-06
-2.82811e-06
-7.01856e-07
1.15233e-06
1.99517e-06
1.90371e-06
1.37539e-06
8.58544e-07
5.34141e-07
3.72737e-07
2.85373e-07
2.18166e-07
1.6044e-07
1.16499e-07
8.67396e-08
6.68401e-08
5.24412e-08
4.14594e-08
3.30854e-08
2.6885e-08
2.22747e-08
1.8837e-08
1.61869e-08
1.41597e-08
1.25433e-08
1.12779e-08
1.02206e-08
9.36818e-09
8.61761e-09
7.99638e-09
7.42064e-09
6.93431e-09
6.46319e-09
6.0605e-09
5.65657e-09
5.31004e-09
4.9531e-09
4.64766e-09
4.32645e-09
4.05353e-09
3.76143e-09
3.51571e-09
3.2484e-09
3.02631e-09
2.78066e-09
2.57951e-09
2.35268e-09
2.17047e-09
1.95914e-09
1.79504e-09
1.59386e-09
1.45105e-09
1.24769e-09
1.14263e-09
8.97634e-10
8.98679e-10
4.76065e-10
8.02433e-10
-1.47666e-10
1.23885e-09
0.111346
0.113743
0.12181
0.13472
0.155121
0.186783
0.235578
0.303192
0.414218
-0.315721
-0.318418
-0.322964
-0.3229
-0.326305
-0.331819
-0.342204
-0.354978
-0.367813
-0.374521
-0.369142
-0.346923
-0.306707
-0.252231
-0.191829
-0.134595
-0.087122
-0.0517741
-0.0278643
-0.0130262
-0.00464229
-0.00046519
0.00116731
0.0013795
0.000874118
6.99235e-05
-0.000800023
-0.00161476
-0.00231828
-0.00289063
-0.00333117
-0.00364897
-0.00385794
-0.00397336
-0.00401076
-0.0039848
-0.00390882
-0.00379468
-0.0036526
-0.00349132
-0.00331792
-0.00313836
-0.00295725
-0.00277834
-0.0026043
-0.00243691
-0.00227725
-0.00212578
-0.00198244
-0.00184684
-0.00171841
-0.00159649
-0.00148053
-0.00137006
-0.00126474
-0.00116433
-0.00106863
-0.00097751
-0.000890799
-0.000808345
-0.000730006
-0.000655664
-0.000585242
-0.000518699
-0.000456014
-0.000397174
-0.000342171
-0.000291008
-0.000243727
-0.000200434
-0.000161303
-0.000126554
-9.63686e-05
-7.07981e-05
-4.96656e-05
-3.25239e-05
-1.8689e-05
-7.35435e-06
2.23701e-06
1.05956e-05
1.78123e-05
2.3483e-05
2.6816e-05
2.69713e-05
2.35668e-05
1.71319e-05
9.21174e-06
1.92276e-06
-2.88585e-06
-4.4649e-06
-3.42004e-06
-1.20691e-06
7.41395e-07
1.6874e-06
1.69483e-06
1.24643e-06
7.84172e-07
4.92029e-07
3.47952e-07
2.69973e-07
2.08432e-07
1.54325e-07
1.12622e-07
8.41886e-08
6.50986e-08
5.12339e-08
4.06229e-08
3.25063e-08
2.64812e-08
2.19902e-08
1.86349e-08
1.60429e-08
1.40569e-08
1.24701e-08
1.12259e-08
1.01838e-08
9.34243e-09
8.59977e-09
7.98421e-09
7.41254e-09
6.92912e-09
6.46009e-09
6.05885e-09
5.65598e-09
5.31015e-09
4.95373e-09
4.64861e-09
4.32764e-09
4.05483e-09
3.76283e-09
3.51712e-09
3.24985e-09
3.02772e-09
2.78205e-09
2.58083e-09
2.35393e-09
2.17164e-09
1.96028e-09
1.79608e-09
1.59488e-09
1.45186e-09
1.24856e-09
1.14326e-09
8.98365e-10
8.98997e-10
4.76698e-10
8.02297e-10
-1.47189e-10
1.23832e-09
0.109356
0.111499
0.118708
0.129952
0.147248
0.171846
0.207675
0.251328
0.264876
-0.247701
-0.323406
-0.322406
-0.322656
-0.321284
-0.324951
-0.330892
-0.342028
-0.355665
-0.369337
-0.376434
-0.371207
-0.349119
-0.309014
-0.254788
-0.194897
-0.138438
-0.0916402
-0.0566636
-0.0327363
-0.0175671
-0.00865253
-0.00386114
-0.00161927
-0.000855875
-0.000889864
-0.00130766
-0.00187055
-0.00244713
-0.00296955
-0.00340649
-0.00374695
-0.00399115
-0.00414532
-0.00421884
-0.0042229
-0.00416918
-0.00406917
-0.00393365
-0.00377235
-0.00359375
-0.00340504
-0.00321209
-0.0030196
-0.00283118
-0.00264939
-0.00247587
-0.00231149
-0.00215648
-0.00201056
-0.0018731
-0.0017433
-0.00162036
-0.00150353
-0.00139224
-0.00128609
-0.0011848
-0.0010882
-0.000996152
-0.000908521
-0.000825181
-0.00074601
-0.000670905
-0.000599797
-0.000532642
-0.000469417
-0.000410097
-0.000354652
-0.000303057
-0.00025532
-0.000211512
-0.000171785
-0.000136352
-0.000105415
-7.90672e-05
-5.71885e-05
-3.93915e-05
-2.50412e-05
-1.33555e-05
-3.56769e-06
4.88153e-06
1.21675e-05
1.79889e-05
2.16448e-05
2.23403e-05
1.96713e-05
1.40776e-05
6.97266e-06
3.48543e-07
-4.02214e-06
-5.37622e-06
-4.23269e-06
-1.95141e-06
9.5997e-08
1.18372e-06
1.34727e-06
1.03295e-06
6.6324e-07
4.24448e-07
3.07902e-07
2.44412e-07
1.9178e-07
1.43613e-07
1.05693e-07
7.95296e-08
6.18387e-08
4.89274e-08
3.90023e-08
3.13728e-08
2.56836e-08
2.14229e-08
1.82285e-08
1.57509e-08
1.38469e-08
1.2319e-08
1.11172e-08
1.0106e-08
9.28675e-09
8.56021e-09
7.95624e-09
7.39299e-09
6.91559e-09
6.45096e-09
6.05283e-09
5.65224e-09
5.30798e-09
4.95273e-09
4.64838e-09
4.32801e-09
4.05554e-09
3.76382e-09
3.51825e-09
3.25111e-09
3.02899e-09
2.78337e-09
2.58209e-09
2.3552e-09
2.17285e-09
1.96148e-09
1.79715e-09
1.59595e-09
1.45276e-09
1.24954e-09
1.14388e-09
8.99307e-10
8.99152e-10
4.77715e-10
8.01643e-10
-1.46041e-10
1.23669e-09
0.1065
0.108314
0.114356
0.123571
0.136761
0.154709
0.173265
0.18938
0.151141
-0.166674
-0.410524
-0.310855
-0.319266
-0.322916
-0.322776
-0.326207
-0.331944
-0.342698
-0.355869
-0.368813
-0.375324
-0.369509
-0.347088
-0.3074
-0.254597
-0.196848
-0.142611
-0.097532
-0.0634928
-0.039727
-0.0241503
-0.0145064
-0.00886411
-0.00577983
-0.00425274
-0.00363032
-0.00350278
-0.00362207
-0.00384268
-0.00408187
-0.00429454
-0.00445797
-0.00456248
-0.00460653
-0.00459328
-0.00452878
-0.00442071
-0.00427744
-0.00410735
-0.00391835
-0.0037175
-0.00351083
-0.00330342
-0.00309921
-0.00290119
-0.00271149
-0.00253138
-0.00236145
-0.00220171
-0.00205172
-0.00191074
-0.00177788
-0.00165225
-0.00153305
-0.00141967
-0.00131165
-0.0012087
-0.00111061
-0.00101722
-0.000928411
-0.000844037
-0.000763966
-0.000688084
-0.000616306
-0.000548576
-0.000484853
-0.000425095
-0.000369255
-0.000317283
-0.000269154
-0.000224902
-0.000184637
-0.000148535
-0.00011678
-8.94707e-05
-6.65279e-05
-4.76391e-05
-3.22696e-05
-1.97441e-05
-9.37564e-06
-6.19482e-07
6.7693e-06
1.26329e-05
1.64459e-05
1.75554e-05
1.56033e-05
1.09523e-05
4.83784e-06
-9.525e-07
-4.79434e-06
-5.94066e-06
-4.79933e-06
-2.57322e-06
-5.22404e-07
6.60254e-07
9.72688e-07
8.02368e-07
5.34922e-07
3.53342e-07
2.64323e-07
2.14862e-07
1.71447e-07
1.3006e-07
9.67096e-08
7.33429e-08
5.73992e-08
4.57165e-08
3.67086e-08
2.97485e-08
2.4529e-08
2.05949e-08
1.76314e-08
1.53199e-08
1.35357e-08
1.20943e-08
1.0955e-08
9.98902e-09
9.20264e-09
8.49997e-09
7.91323e-09
7.36254e-09
6.89415e-09
6.43608e-09
6.04263e-09
5.64549e-09
5.30362e-09
4.95017e-09
4.64701e-09
4.32757e-09
4.05566e-09
3.76442e-09
3.51908e-09
3.25219e-09
3.03014e-09
2.78462e-09
2.58322e-09
2.35654e-09
2.17406e-09
1.96269e-09
1.79823e-09
1.5971e-09
1.45366e-09
1.25063e-09
1.14446e-09
9.00467e-10
8.99106e-10
4.79164e-10
8.00366e-10
-1.4408e-10
1.2337e-09
0.102919
0.104345
0.109076
0.115972
0.125128
0.135763
0.142355
0.134809
0.0629074
-0.133794
-0.305244
-0.293054
-0.307216
-0.312971
-0.316968
-0.322077
-0.328938
-0.339968
-0.352858
-0.364675
-0.369386
-0.361926
-0.338863
-0.300208
-0.250244
-0.19641
-0.146035
-0.103842
-0.0713907
-0.0480452
-0.0320829
-0.0216071
-0.0149614
-0.0108726
-0.00843072
-0.00701834
-0.00623033
-0.00580811
-0.00558996
-0.00547626
-0.00540654
-0.00534487
-0.00527073
-0.00517341
-0.0050486
-0.00489632
-0.00471934
-0.00452208
-0.00430969
-0.00408751
-0.00386056
-0.00363329
-0.00340946
-0.00319201
-0.00298315
-0.00278439
-0.00259656
-0.00241992
-0.00225426
-0.00209901
-0.00195336
-0.00181636
-0.0016871
-0.00156474
-0.00144862
-0.00133825
-0.00123326
-0.00113341
-0.00103851
-0.000948404
-0.00086292
-0.000781912
-0.000705249
-0.000632825
-0.000564563
-0.000500404
-0.000440291
-0.000384163
-0.000331955
-0.000283623
-0.00023916
-0.00019862
-0.000162103
-0.000129713
-0.000101489
-7.73385e-05
-5.70087e-05
-4.01043e-05
-2.6145e-05
-1.46399e-05
-5.17364e-06
2.50068e-06
8.37635e-06
1.21763e-05
1.34938e-05
1.21092e-05
8.35237e-06
3.26519e-06
-1.62906e-06
-4.91716e-06
-5.90893e-06
-4.89801e-06
-2.88468e-06
-9.67147e-07
2.20736e-07
6.37095e-07
5.92891e-07
4.20052e-07
2.89914e-07
2.23438e-07
1.84962e-07
1.49544e-07
1.14838e-07
8.63241e-08
6.60198e-08
5.20328e-08
4.17631e-08
3.3843e-08
2.76964e-08
2.30576e-08
1.95329e-08
1.68621e-08
1.47627e-08
1.31324e-08
1.18025e-08
1.07438e-08
9.83648e-09
9.09259e-09
8.42089e-09
7.85648e-09
7.32211e-09
6.86541e-09
6.41595e-09
6.0286e-09
5.63598e-09
5.29725e-09
4.94618e-09
4.6446e-09
4.3264e-09
4.05525e-09
3.76467e-09
3.51965e-09
3.25311e-09
3.03116e-09
2.78587e-09
2.58445e-09
2.35781e-09
2.17523e-09
1.96395e-09
1.79931e-09
1.59831e-09
1.45456e-09
1.25185e-09
1.145e-09
9.01884e-10
8.98831e-10
4.81148e-10
7.98335e-10
-1.41052e-10
1.22895e-09
0.0987684
0.0997941
0.103155
0.107784
0.113139
0.117912
0.11602
0.0988882
0.0346151
-0.124101
-0.238399
-0.247766
-0.275989
-0.293513
-0.304344
-0.313679
-0.322651
-0.333468
-0.344504
-0.353192
-0.355007
-0.345866
-0.323065
-0.287086
-0.24186
-0.193585
-0.148203
-0.109567
-0.0790661
-0.0563345
-0.0400929
-0.0288475
-0.0212344
-0.0161598
-0.0128077
-0.0105995
-0.00913813
-0.00815713
-0.00748073
-0.00699391
-0.00662188
-0.00631629
-0.00604618
-0.00579228
-0.00554322
-0.00529301
-0.00503937
-0.00478243
-0.0045238
-0.00426584
-0.00401116
-0.00376226
-0.00352136
-0.00329023
-0.00307016
-0.00286195
-0.00266597
-0.00248213
-0.00231002
-0.00214894
-0.00199802
-0.00185632
-0.0017229
-0.00159693
-0.00147772
-0.00136472
-0.00125752
-0.00115581
-0.00105935
-0.000967919
-0.000881331
-0.000799409
-0.000722
-0.000648979
-0.000580247
-0.000515724
-0.000455342
-0.00039903
-0.000346722
-0.000298362
-0.000253917
-0.000213381
-0.000176755
-0.000144019
-0.000115088
-8.97929e-05
-6.78944e-05
-4.91298e-05
-3.32665e-05
-2.01096e-05
-9.47387e-06
-1.18858e-06
4.85348e-06
8.64416e-06
1.00873e-05
9.17399e-06
6.25069e-06
2.17844e-06
-1.80488e-06
-4.53043e-06
-5.39387e-06
-4.58493e-06
-2.88863e-06
-1.20914e-06
-9.94087e-08
3.66038e-07
4.16894e-07
3.22328e-07
2.34674e-07
1.85512e-07
1.55163e-07
1.26527e-07
9.82322e-08
7.46946e-08
5.76829e-08
4.58603e-08
3.71726e-08
3.04835e-08
2.52698e-08
2.13064e-08
1.82636e-08
1.594e-08
1.40936e-08
1.26472e-08
1.1451e-08
1.04891e-08
9.65224e-09
8.95942e-09
8.32499e-09
7.78749e-09
7.2728e-09
6.83022e-09
6.39115e-09
6.01115e-09
5.62403e-09
5.28909e-09
4.94092e-09
4.64125e-09
4.3246e-09
4.05436e-09
3.7646e-09
3.51998e-09
3.25388e-09
3.03206e-09
2.78703e-09
2.58575e-09
2.35914e-09
2.17638e-09
1.96524e-09
1.8004e-09
1.59959e-09
1.45547e-09
1.25321e-09
1.14548e-09
9.03593e-10
8.98276e-10
4.838e-10
7.95356e-10
-1.36589e-10
1.22182e-09
0.0942128
0.0948407
0.0968739
0.0993402
0.101399
0.101172
0.0935366
0.0698588
0.0139404
-0.101238
-0.197633
-0.224968
-0.254976
-0.273984
-0.286949
-0.298285
-0.308535
-0.319103
-0.328751
-0.33534
-0.335283
-0.325455
-0.30409
-0.271886
-0.232123
-0.189721
-0.149399
-0.11433
-0.0858322
-0.0638325
-0.0474676
-0.0356119
-0.0271708
-0.0212202
-0.0170382
-0.0140902
-0.0119927
-0.010477
-0.00935747
-0.00850693
-0.00783833
-0.00729227
-0.00682824
-0.00641882
-0.00604576
-0.00569731
-0.0053663
-0.00504875
-0.00474283
-0.00444803
-0.0041646
-0.00389318
-0.00363444
-0.00338898
-0.00315717
-0.00293915
-0.00273474
-0.00254353
-0.00236487
-0.00219791
-0.00204173
-0.00189533
-0.00175779
-0.00162824
-0.00150597
-0.00139037
-0.00128099
-0.00117746
-0.00107946
-0.000986748
-0.000899087
-0.00081628
-0.000738156
-0.00066457
-0.000595406
-0.000530566
-0.000469969
-0.000413539
-0.000361214
-0.000312937
-0.000268658
-0.000228319
-0.000191823
-0.000159008
-0.000129632
-0.0001034
-8.00385e-05
-5.93933e-05
-4.1469e-05
-2.63778e-05
-1.42314e-05
-5.01297e-06
1.44904e-06
5.39046e-06
7.02419e-06
6.57537e-06
4.44248e-06
1.33854e-06
-1.76398e-06
-3.93705e-06
-4.67063e-06
-4.06686e-06
-2.71239e-06
-1.31219e-06
-3.27825e-07
1.45562e-07
2.63377e-07
2.32044e-07
1.80656e-07
1.46865e-07
1.23976e-07
1.01976e-07
8.01489e-08
6.18086e-08
4.83723e-08
3.89619e-08
3.20361e-08
2.67079e-08
2.25272e-08
1.93189e-08
1.68199e-08
1.48898e-08
1.33308e-08
1.20937e-08
1.10497e-08
1.01981e-08
9.44158e-09
8.80699e-09
8.21508e-09
7.70827e-09
7.21608e-09
6.7896e-09
6.36244e-09
5.99084e-09
5.61002e-09
5.27941e-09
4.93459e-09
4.6371e-09
4.32225e-09
4.05305e-09
3.76427e-09
3.52009e-09
3.25454e-09
3.03285e-09
2.7882e-09
2.58684e-09
2.36046e-09
2.17753e-09
1.96658e-09
1.80148e-09
1.60095e-09
1.45636e-09
1.25471e-09
1.14589e-09
9.05631e-10
8.97372e-10
4.87287e-10
7.91165e-10
-1.30175e-10
1.21144e-09
0.0894111
0.0896689
0.0904632
0.0910084
0.0902716
0.0862573
0.0747189
0.0484731
-0.00104746
-0.0908911
-0.17078
-0.202739
-0.233485
-0.255532
-0.271434
-0.284623
-0.295683
-0.305651
-0.313712
-0.318246
-0.316576
-0.30642
-0.286673
-0.258041
-0.223162
-0.185889
-0.149973
-0.118065
-0.0914273
-0.0702127
-0.0538813
-0.0416056
-0.032518
-0.0258448
-0.020954
-0.0173571
-0.0146898
-0.012687
-0.0111582
-0.00996763
-0.00901903
-0.00824394
-0.00759371
-0.00703387
-0.00654011
-0.00609546
-0.00568831
-0.00531086
-0.00495802
-0.00462657
-0.00431452
-0.00402065
-0.00374417
-0.0034845
-0.0032411
-0.00301343
-0.00280081
-0.00260245
-0.00241747
-0.00224488
-0.00208365
-0.00193277
-0.00179127
-0.00165829
-0.00153306
-0.00141497
-0.00130348
-0.00119819
-0.00109872
-0.00100477
-0.000916092
-0.000832451
-0.000753655
-0.000679545
-0.000609984
-0.000544861
-0.000484079
-0.000427562
-0.000375247
-0.000327085
-0.000283015
-0.000242938
-0.000206674
-0.00017393
-0.000144308
-0.000117375
-9.27979e-05
-7.04679e-05
-5.05899e-05
-3.35872e-05
-1.9837e-05
-9.47777e-06
-2.34009e-06
1.98067e-06
3.96329e-06
4.04662e-06
2.69198e-06
5.0179e-07
-1.77165e-06
-3.40937e-06
-3.98834e-06
-3.54116e-06
-2.48632e-06
-1.3488e-06
-4.99476e-07
-4.10801e-08
1.22293e-07
1.41834e-07
1.22809e-07
1.04737e-07
9.03516e-08
7.56429e-08
6.06031e-08
4.77292e-08
3.81634e-08
3.14228e-08
2.64402e-08
2.25913e-08
1.95278e-08
1.71398e-08
1.52355e-08
1.37371e-08
1.24932e-08
1.14855e-08
1.06085e-08
9.87795e-09
9.20974e-09
8.63907e-09
8.09394e-09
7.62083e-09
7.15342e-09
6.74464e-09
6.33062e-09
5.96824e-09
5.5944e-09
5.26853e-09
4.92745e-09
4.63233e-09
4.3195e-09
4.05142e-09
3.76376e-09
3.52003e-09
3.25513e-09
3.03354e-09
2.78941e-09
2.58779e-09
2.36174e-09
2.17866e-09
1.96797e-09
1.80257e-09
1.6024e-09
1.45725e-09
1.25639e-09
1.14621e-09
9.08076e-10
8.96066e-10
4.91839e-10
7.85458e-10
-1.21069e-10
1.19658e-09
0.0845115
0.0844343
0.0841178
0.0829925
0.0799692
0.0730684
0.0589707
0.0318793
-0.0124566
-0.08383
-0.150403
-0.185675
-0.21736
-0.240759
-0.25793
-0.271886
-0.283211
-0.292629
-0.299545
-0.302704
-0.300106
-0.290066
-0.2719
-0.246307
-0.215442
-0.182372
-0.150125
-0.120935
-0.095989
-0.0755803
-0.0594055
-0.0468691
-0.0372913
-0.0300308
-0.0245398
-0.0203776
-0.0172034
-0.01476
-0.0128561
-0.0113512
-0.0101418
-0.00915226
-0.00832697
-0.00762518
-0.00701705
-0.00648084
-0.00600079
-0.00556561
-0.00516724
-0.00479997
-0.00445973
-0.00414363
-0.00384949
-0.00357565
-0.00332074
-0.00308353
-0.00286287
-0.00265761
-0.00246661
-0.00228871
-0.00212279
-0.00196776
-0.00182262
-0.00168648
-0.00155853
-0.00143812
-0.00132468
-0.00121774
-0.00111689
-0.00102179
-0.000932145
-0.000847716
-0.000768287
-0.00069368
-0.000623743
-0.000558349
-0.00049739
-0.000440784
-0.000388472
-0.000340403
-0.000296512
-0.000256669
-0.000220624
-0.00018798
-0.000158209
-0.000130756
-0.000105208
-8.15186e-05
-6.0025e-05
-4.13228e-05
-2.60502e-05
-1.45276e-05
-6.58138e-06
-1.68367e-06
8.11366e-07
1.5057e-06
9.17207e-07
-4.29145e-07
-1.9475e-06
-3.08217e-06
-3.48206e-06
-3.12728e-06
-2.29915e-06
-1.37585e-06
-6.46198e-07
-2.10073e-07
-1.45865e-08
4.70952e-08
5.84065e-08
5.76714e-08
5.38801e-08
4.75984e-08
3.98365e-08
3.27086e-08
2.72679e-08
2.34129e-08
2.05211e-08
1.82397e-08
1.63511e-08
1.48279e-08
1.35536e-08
1.25135e-08
1.16041e-08
1.08398e-08
1.01401e-08
9.53798e-09
8.96346e-09
8.46056e-09
7.9651e-09
7.52773e-09
7.08668e-09
6.69666e-09
6.29664e-09
5.94402e-09
5.57764e-09
5.25677e-09
4.9197e-09
4.62707e-09
4.31643e-09
4.04952e-09
3.76309e-09
3.51982e-09
3.25564e-09
3.03406e-09
2.79013e-09
2.58872e-09
2.36305e-09
2.17973e-09
1.96938e-09
1.8036e-09
1.6039e-09
1.45808e-09
1.25821e-09
1.1464e-09
9.10935e-10
8.94253e-10
4.97679e-10
7.77831e-10
-1.08323e-10
1.17555e-09
0.079647
0.0792779
0.0779917
0.0754658
0.0706119
0.0616142
0.045912
0.0190521
-0.0209344
-0.0793872
-0.136153
-0.171827
-0.203003
-0.227129
-0.245546
-0.260424
-0.2722
-0.281374
-0.28751
-0.289644
-0.286344
-0.27646
-0.259609
-0.236478
-0.20885
-0.179199
-0.149992
-0.123124
-0.0996906
-0.0800705
-0.0641296
-0.0514519
-0.0415112
-0.0337802
-0.0277878
-0.02314
-0.019521
-0.0166845
-0.0144417
-0.0126496
-0.0111999
-0.0100113
-0.0090225
-0.0081874
-0.00747134
-0.00684832
-0.0062989
-0.00580858
-0.00536657
-0.00496486
-0.00459748
-0.00425992
-0.00394874
-0.00366126
-0.00339529
-0.00314896
-0.00292066
-0.00270888
-0.00251223
-0.00232939
-0.00215913
-0.00200028
-0.00185179
-0.00171273
-0.00158228
-0.00145972
-0.00134446
-0.00123598
-0.00113384
-0.00103766
-0.000947124
-0.000861962
-0.000781943
-0.00070687
-0.000636576
-0.00057092
-0.000509782
-0.000453075
-0.000400736
-0.000352712
-0.00030893
-0.000269232
-0.000233321
-0.00020072
-0.000170806
-0.000142934
-0.000116666
-9.19363e-05
-6.91495e-05
-4.90862e-05
-3.25318e-05
-1.99148e-05
-1.11177e-05
-5.54542e-06
-2.42467e-06
-1.06155e-06
-9.03489e-07
-1.47943e-06
-2.32163e-06
-2.99215e-06
-3.19358e-06
-2.86737e-06
-2.18798e-06
-1.42017e-06
-7.83206e-07
-3.67296e-07
-1.47699e-07
-5.05846e-08
-1.08339e-08
6.93371e-09
1.5428e-08
1.85e-08
1.83574e-08
1.71124e-08
1.59382e-08
1.51056e-08
1.44033e-08
1.37477e-08
1.30702e-08
1.24385e-08
1.18154e-08
1.12493e-08
1.06856e-08
1.01725e-08
9.65587e-09
9.18629e-09
8.70865e-09
8.27576e-09
7.83174e-09
7.4313e-09
7.01759e-09
6.64692e-09
6.26145e-09
5.91886e-09
5.56029e-09
5.24452e-09
4.91169e-09
4.62156e-09
4.31327e-09
4.04748e-09
3.76242e-09
3.51954e-09
3.25621e-09
3.03469e-09
2.79136e-09
2.58966e-09
2.36444e-09
2.18081e-09
1.97089e-09
1.80464e-09
1.60553e-09
1.4589e-09
1.26023e-09
1.14649e-09
9.14322e-10
8.91907e-10
5.05137e-10
7.67898e-10
-9.06226e-11
1.14614e-09
0.0749335
0.0743155
0.072204
0.0685261
0.0622385
0.051739
0.0350919
0.00896927
-0.0273886
-0.0766082
-0.125639
-0.160606
-0.191193
-0.215655
-0.23474
-0.250056
-0.261986
-0.270885
-0.276429
-0.277897
-0.274269
-0.264741
-0.249131
-0.228101
-0.203155
-0.176326
-0.149661
-0.124782
-0.102695
-0.0838274
-0.0681656
-0.0554329
-0.0452282
-0.0371217
-0.0307113
-0.025647
-0.0216387
-0.0184531
-0.0159057
-0.0138531
-0.012184
-0.0108126
-0.00967308
-0.00871464
-0.00789839
-0.00719452
-0.00658022
-0.0060381
-0.00555491
-0.00512054
-0.00472727
-0.00436918
-0.00404166
-0.00374106
-0.00346445
-0.0032094
-0.00297382
-0.00275589
-0.00255397
-0.00236657
-0.00219232
-0.00202999
-0.00187847
-0.00173679
-0.00160406
-0.00147957
-0.00136265
-0.00125276
-0.00114943
-0.00105226
-0.000960901
-0.000875058
-0.000794486
-0.000718972
-0.000648336
-0.00058242
-0.000521098
-0.000464269
-0.000411866
-0.00036383
-0.000320072
-0.000280414
-0.000244519
-0.000211859
-0.000181753
-0.000153514
-0.000126664
-0.000101149
-7.74351e-05
-5.63704e-05
-3.88285e-05
-2.53054e-05
-1.57034e-05
-9.41939e-06
-5.62904e-06
-3.58245e-06
-2.71768e-06
-2.60324e-06
-2.85149e-06
-3.10431e-06
-3.1006e-06
-2.7532e-06
-2.1568e-06
-1.49092e-06
-9.18366e-07
-5.16341e-07
-2.76816e-07
-1.49176e-07
-8.27929e-08
-4.59364e-08
-2.4032e-08
-1.09178e-08
-3.24475e-09
1.42542e-09
4.53751e-09
6.76143e-09
8.27154e-09
9.24731e-09
9.77999e-09
1.00397e-08
1.00699e-08
9.97995e-09
9.76384e-09
9.50299e-09
9.17009e-09
8.8334e-09
8.45295e-09
8.09019e-09
7.69782e-09
7.33435e-09
6.94816e-09
6.59685e-09
6.22607e-09
5.89348e-09
5.54281e-09
5.2321e-09
4.90358e-09
4.6159e-09
4.31004e-09
4.04532e-09
3.7617e-09
3.51915e-09
3.25671e-09
3.03517e-09
2.79256e-09
2.59051e-09
2.36581e-09
2.18179e-09
1.97239e-09
1.8056e-09
1.60717e-09
1.45963e-09
1.26237e-09
1.14639e-09
9.18178e-10
8.88902e-10
5.14407e-10
7.55168e-10
-6.6455e-11
1.10552e-09
0.0704695
0.0696446
0.0668456
0.0622417
0.0548527
0.0433123
0.0261715
0.00100964
-0.0323147
-0.074816
-0.117933
-0.151631
-0.181276
-0.205632
-0.225087
-0.240742
-0.252854
-0.261636
-0.266832
-0.267893
-0.264097
-0.254926
-0.240363
-0.221054
-0.198292
-0.173776
-0.149222
-0.126032
-0.105126
-0.0869529
-0.0715873
-0.0588588
-0.0484671
-0.0400648
-0.0333099
-0.0278929
-0.0235487
-0.0200573
-0.0172401
-0.0149545
-0.0130877
-0.0115506
-0.0102737
-0.00920235
-0.00829401
-0.00751555
-0.00684122
-0.00625103
-0.00572953
-0.00526471
-0.00484727
-0.00446998
-0.00412716
-0.00381429
-0.00352776
-0.00326458
-0.00302226
-0.00279866
-0.0025919
-0.00240032
-0.00222245
-0.00205697
-0.00190271
-0.00175865
-0.00162387
-0.00149761
-0.00137919
-0.00126803
-0.00116362
-0.00106554
-0.00097342
-0.000886953
-0.000805871
-0.000729947
-0.000658986
-0.000592819
-0.000531306
-0.00047434
-0.00042184
-0.000373735
-0.000329922
-0.000290199
-0.000254202
-0.000221375
-0.000191011
-0.000162409
-0.000135086
-0.000108999
-8.46397e-05
-6.28869e-05
-4.46372e-05
-3.04076e-05
-2.01159e-05
-1.31586e-05
-8.70809e-06
-6.00079e-06
-4.48353e-06
-3.7574e-06
-3.48821e-06
-3.3693e-06
-3.16212e-06
-2.75801e-06
-2.1936e-06
-1.5854e-06
-1.05178e-06
-6.55963e-07
-3.98549e-07
-2.44381e-07
-1.53677e-07
-9.82716e-08
-6.2854e-08
-3.96652e-08
-2.43411e-08
-1.39362e-08
-6.66462e-09
-1.44602e-09
2.24682e-09
4.83044e-09
6.55306e-09
7.68839e-09
8.36004e-09
8.73697e-09
8.86119e-09
8.84689e-09
8.69385e-09
8.48716e-09
8.2021e-09
7.90806e-09
7.56653e-09
7.23927e-09
6.88021e-09
6.54778e-09
6.19153e-09
5.86864e-09
5.52583e-09
5.21996e-09
4.8958e-09
4.6104e-09
4.30706e-09
4.04326e-09
3.76117e-09
3.51883e-09
3.25746e-09
3.03575e-09
2.79387e-09
2.59141e-09
2.36734e-09
2.18279e-09
1.97403e-09
1.80656e-09
1.60897e-09
1.46034e-09
1.26475e-09
1.1462e-09
9.22636e-10
8.85303e-10
5.25844e-10
7.39349e-10
-3.3938e-11
1.05046e-09
0.0663366
0.0653429
0.0619825
0.0566471
0.0484273
0.036184
0.0188437
-0.00531319
-0.0361204
-0.073676
-0.112208
-0.144423
-0.17309
-0.197194
-0.216802
-0.232608
-0.24477
-0.253407
-0.258324
-0.259116
-0.255288
-0.246521
-0.232906
-0.215062
-0.194116
-0.171514
-0.14872
-0.12696
-0.10708
-0.0895381
-0.0744684
-0.0617834
-0.0512637
-0.0426304
-0.0355936
-0.0298804
-0.0252487
-0.021492
-0.0184382
-0.0159469
-0.0139043
-0.0122192
-0.010819
-0.00964607
-0.00865461
-0.00780863
-0.00707979
-0.00644584
-0.00588932
-0.00539657
-0.00495691
-0.0045619
-0.00420493
-0.0038807
-0.00358498
-0.00331429
-0.00306576
-0.00283696
-0.0026258
-0.00243045
-0.00224933
-0.00208104
-0.00192435
-0.00177817
-0.00164158
-0.00151376
-0.00139399
-0.00128169
-0.00117631
-0.00107742
-0.000984614
-0.000897579
-0.00081603
-0.000739726
-0.000668459
-0.000602048
-0.000540343
-0.000483225
-0.0004306
-0.00038238
-0.000338442
-0.000298564
-0.000262363
-0.000229271
-0.000198582
-0.000169606
-0.000141878
-0.000115378
-9.06063e-05
-6.84296e-05
-4.97261e-05
-3.49961e-05
-2.4154e-05
-1.6609e-05
-1.15519e-05
-8.24033e-06
-6.14034e-06
-4.88277e-06
-4.16957e-06
-3.7261e-06
-3.32655e-06
-2.84603e-06
-2.27928e-06
-1.69677e-06
-1.18247e-06
-7.86164e-07
-5.11887e-07
-3.34325e-07
-2.2155e-07
-1.48558e-07
-9.99639e-08
-6.69589e-08
-4.42984e-08
-2.84769e-08
-1.72747e-08
-9.22096e-09
-3.4644e-09
6.38337e-10
3.48635e-09
5.45188e-09
6.73383e-09
7.55564e-09
8.00423e-09
8.22444e-09
8.24228e-09
8.15875e-09
7.96414e-09
7.7351e-09
7.44186e-09
7.14888e-09
6.81568e-09
6.50111e-09
6.15875e-09
5.84497e-09
5.50972e-09
5.20835e-09
4.88843e-09
4.60509e-09
4.30423e-09
4.04121e-09
3.76068e-09
3.51842e-09
3.25817e-09
3.03614e-09
2.79509e-09
2.59215e-09
2.3688e-09
2.18364e-09
1.9756e-09
1.80737e-09
1.61073e-09
1.4609e-09
1.26715e-09
1.14577e-09
9.27482e-10
8.81001e-10
5.39384e-10
7.20132e-10
8.54206e-12
9.77653e-10
0.0626016
0.0614731
0.057663
0.0517607
0.0429261
0.0302254
0.0128705
-0.0103311
-0.0390682
-0.0729401
-0.107936
-0.138684
-0.166372
-0.190086
-0.209683
-0.22555
-0.237746
-0.24631
-0.251074
-0.251735
-0.247955
-0.239566
-0.226744
-0.210093
-0.190616
-0.169567
-0.148217
-0.127649
-0.108643
-0.0916561
-0.076866
-0.0642466
-0.0536427
-0.0448314
-0.0375672
-0.0316087
-0.0267349
-0.022752
-0.0194946
-0.0168247
-0.0146286
-0.0128136
-0.0113048
-0.010042
-0.00897674
-0.00807068
-0.00729322
-0.00662012
-0.00603224
-0.00551444
-0.00505479
-0.00464385
-0.00427414
-0.0039397
-0.00363572
-0.00335829
-0.0031042
-0.00287076
-0.00265568
-0.00245699
-0.002273
-0.00210223
-0.0019434
-0.00179537
-0.00165718
-0.00152798
-0.00140704
-0.00129372
-0.00118749
-0.00108787
-0.000994462
-0.000906921
-0.000824953
-0.000748305
-0.000676757
-0.000610117
-0.000548226
-0.00049095
-0.000438183
-0.000389816
-0.000345705
-0.000305607
-0.000269128
-0.000235702
-0.000204643
-0.00017529
-0.000147215
-0.000120421
-9.54043e-05
-7.30005e-05
-5.404e-05
-3.89821e-05
-2.77261e-05
-1.96942e-05
-1.41085e-05
-1.02648e-05
-7.65732e-06
-5.94513e-06
-4.8551e-06
-4.1317e-06
-3.55536e-06
-2.98874e-06
-2.39685e-06
-1.81687e-06
-1.30664e-06
-9.04011e-07
-6.13365e-07
-4.15247e-07
-2.83094e-07
-1.94369e-07
-1.3383e-07
-9.19206e-08
-6.2637e-08
-4.19275e-08
-2.71391e-08
-1.6467e-08
-8.78584e-09
-3.2602e-09
6.41899e-10
3.38246e-09
5.23186e-09
6.46507e-09
7.21279e-09
7.64868e-09
7.82411e-09
7.85422e-09
7.7436e-09
7.5748e-09
7.32663e-09
7.06535e-09
6.75632e-09
6.45812e-09
6.12879e-09
5.82327e-09
5.49518e-09
5.19781e-09
4.88198e-09
4.60037e-09
4.30198e-09
4.0395e-09
3.7606e-09
3.51824e-09
3.25916e-09
3.03667e-09
2.79656e-09
2.59299e-09
2.37048e-09
2.18457e-09
1.97738e-09
1.80824e-09
1.61268e-09
1.46149e-09
1.2698e-09
1.14532e-09
9.32867e-10
8.76261e-10
5.55154e-10
6.97789e-10
6.23351e-11
8.84833e-10
0.0593175
0.0580835
0.0539206
0.047587
0.0383062
0.02532
0.00805519
-0.0142938
-0.0413528
-0.0724691
-0.104745
-0.134151
-0.160938
-0.184238
-0.203745
-0.219604
-0.231789
-0.240276
-0.244921
-0.245501
-0.2418
-0.233763
-0.221622
-0.20596
-0.187684
-0.167899
-0.147728
-0.128145
-0.109874
-0.0933675
-0.078832
-0.0662885
-0.0556322
-0.046686
-0.0392406
-0.033082
-0.0280076
-0.0238351
-0.0204056
-0.0175838
-0.0152564
-0.0133299
-0.0117275
-0.010387
-0.00925785
-0.00829963
-0.00747986
-0.00677263
-0.00615733
-0.00561758
-0.00514038
-0.00471543
-0.0043345
-0.00399103
-0.00367976
-0.00339639
-0.00313742
-0.00289991
-0.0026814
-0.00247981
-0.00229334
-0.00212044
-0.00195976
-0.00181015
-0.00167059
-0.00154021
-0.00141826
-0.00130408
-0.00119711
-0.00109686
-0.00100292
-0.000914939
-0.000832602
-0.000755648
-0.000683846
-0.000616996
-0.000554928
-0.000497497
-0.000444578
-0.000396045
-0.000351729
-0.00031137
-0.000274567
-0.000240765
-0.000209311
-0.000179586
-0.000151208
-0.000124205
-9.90677e-05
-7.65845e-05
-5.75223e-05
-4.22841e-05
-3.07434e-05
-2.23341e-05
-1.63144e-05
-1.20236e-05
-8.99055e-06
-6.90044e-06
-5.49823e-06
-4.53983e-06
-3.80812e-06
-3.15626e-06
-2.52839e-06
-1.9376e-06
-1.42213e-06
-1.00969e-06
-7.03394e-07
-4.87103e-07
-3.37886e-07
-2.35112e-07
-1.63801e-07
-1.13884e-07
-7.87143e-08
-5.37114e-08
-3.5802e-08
-2.28553e-08
-1.34974e-08
-6.72539e-09
-1.8927e-09
1.5373e-09
3.89461e-09
5.4966e-09
6.51208e-09
7.13988e-09
7.45493e-09
7.58511e-09
7.54855e-09
7.43272e-09
7.22451e-09
6.9912e-09
6.70376e-09
6.41997e-09
6.10233e-09
5.80399e-09
5.48237e-09
5.18839e-09
4.87631e-09
4.5961e-09
4.30003e-09
4.03788e-09
3.76054e-09
3.51798e-09
3.26004e-09
3.03701e-09
2.79789e-09
2.5936e-09
2.37199e-09
2.18526e-09
1.97897e-09
1.80887e-09
1.61445e-09
1.46185e-09
1.27229e-09
1.14463e-09
9.38289e-10
8.71024e-10
5.72407e-10
6.72741e-10
1.27023e-10
7.71995e-10
0.0565261
0.0552116
0.0507783
0.044124
0.0345268
0.0213721
0.00424647
-0.0173782
-0.0431046
-0.0721667
-0.102374
-0.130628
-0.156628
-0.17952
-0.198887
-0.2147
-0.226861
-0.2353
-0.239884
-0.240443
-0.236848
-0.229119
-0.217531
-0.202653
-0.185321
-0.166532
-0.147297
-0.128503
-0.110831
-0.0947236
-0.0804083
-0.0679404
-0.0572537
-0.0482069
-0.0406203
-0.0343023
-0.029066
-0.0247389
-0.021168
-0.0182206
-0.0157842
-0.0137646
-0.0120839
-0.0106782
-0.00949539
-0.00849323
-0.00763775
-0.00690167
-0.00626316
-0.0057048
-0.00521272
-0.00477586
-0.0043854
-0.00403428
-0.00371682
-0.00342841
-0.00316529
-0.00292435
-0.00270296
-0.00249893
-0.00231037
-0.00213568
-0.00197346
-0.00182252
-0.00168181
-0.00155045
-0.00142765
-0.00131274
-0.00120515
-0.00110438
-0.00101
-0.000921639
-0.000838989
-0.000761772
-0.000689751
-0.000622717
-0.000560491
-0.000502916
-0.000449851
-0.00040115
-0.000356624
-0.000315997
-0.000278865
-0.000244688
-0.00021285
-0.000182782
-0.000154148
-0.000127003
-0.000101823
-7.93484e-05
-6.02786e-05
-4.49562e-05
-3.32257e-05
-2.45301e-05
-1.81633e-05
-1.3508e-05
-1.01287e-05
-7.7331e-06
-6.07908e-06
-4.92851e-06
-4.06429e-06
-3.33244e-06
-2.66292e-06
-2.05212e-06
-1.52425e-06
-1.09907e-06
-7.77831e-07
-5.45977e-07
-3.82713e-07
-2.6856e-07
-1.88598e-07
-1.32273e-07
-9.23732e-08
-6.38638e-08
-4.3339e-08
-2.8433e-08
-1.76007e-08
-9.72338e-09
-4.06768e-09
-3.5117e-11
2.75983e-09
4.67485e-09
5.916e-09
6.70497e-09
7.13834e-09
7.35371e-09
7.38116e-09
7.31098e-09
7.13761e-09
6.92822e-09
6.65954e-09
6.38785e-09
6.08039e-09
5.78793e-09
5.47208e-09
5.18075e-09
4.87212e-09
4.59286e-09
4.29901e-09
4.0369e-09
3.76114e-09
3.51809e-09
3.26139e-09
3.03764e-09
2.79959e-09
2.59444e-09
2.37383e-09
2.18612e-09
1.98086e-09
1.80965e-09
1.61647e-09
1.46236e-09
1.275e-09
1.14409e-09
9.43958e-10
8.6589e-10
5.90715e-10
6.46485e-10
2.00409e-10
6.43397e-10
0.0542591
0.052885
0.0482514
0.0413657
0.0315505
0.0183033
0.00132623
-0.019715
-0.0444176
-0.0719759
-0.100649
-0.127968
-0.153318
-0.175853
-0.195076
-0.210829
-0.222958
-0.231355
-0.235893
-0.236446
-0.232945
-0.225469
-0.21432
-0.200054
-0.183454
-0.165435
-0.146926
-0.128749
-0.111549
-0.0957624
-0.0816292
-0.06923
-0.0585276
-0.049408
-0.0417148
-0.035274
-0.0299114
-0.0254629
-0.02178
-0.0187328
-0.0162094
-0.0141154
-0.0123719
-0.0109138
-0.00968771
-0.0086501
-0.00776577
-0.00700635
-0.00634903
-0.00577556
-0.00527138
-0.00482483
-0.0044266
-0.00406923
-0.00374672
-0.00345421
-0.00318772
-0.00294398
-0.00272025
-0.00251425
-0.00232401
-0.00214788
-0.00198443
-0.00183242
-0.0016908
-0.00155865
-0.00143517
-0.00131968
-0.00121159
-0.0011104
-0.00101565
-0.000926992
-0.000844085
-0.000766652
-0.000694449
-0.00062726
-0.000564898
-0.000507196
-0.000453998
-0.00040514
-0.000360415
-0.000319532
-0.000282087
-0.00024756
-0.000215369
-0.000184995
-0.000156147
-0.000128903
-0.000103728
-8.13157e-05
-6.23007e-05
-4.69671e-05
-3.51298e-05
-2.62373e-05
-1.96145e-05
-1.46827e-05
-1.10388e-05
-8.40983e-06
-6.5632e-06
-5.26405e-06
-4.29442e-06
-3.49524e-06
-2.78698e-06
-2.1546e-06
-1.61244e-06
-1.17422e-06
-8.39352e-07
-5.94045e-07
-4.18868e-07
-2.95142e-07
-2.07987e-07
-1.46456e-07
-1.02831e-07
-7.16448e-08
-4.91648e-08
-3.28009e-08
-2.0858e-08
-1.2129e-08
-5.82188e-09
-1.30167e-09
1.85225e-09
4.02394e-09
5.44822e-09
6.36536e-09
6.89135e-09
7.17244e-09
7.24948e-09
7.21467e-09
7.06885e-09
6.87831e-09
6.62472e-09
6.3625e-09
6.06326e-09
5.77527e-09
5.46408e-09
5.17467e-09
4.86889e-09
4.59021e-09
4.29826e-09
4.03598e-09
3.76174e-09
3.51807e-09
3.26249e-09
3.038e-09
2.80097e-09
2.59496e-09
2.3753e-09
2.18665e-09
1.98236e-09
1.8101e-09
1.61809e-09
1.46255e-09
1.27723e-09
1.14332e-09
9.48974e-10
8.608e-10
6.08248e-10
6.20631e-10
2.76603e-10
5.08765e-10
0.0525399
0.0511242
0.0463497
0.039305
0.0293463
0.016053
-0.000792655
-0.0213956
-0.0453543
-0.071858
-0.0994445
-0.126059
-0.150914
-0.173163
-0.192255
-0.207949
-0.220047
-0.228416
-0.232933
-0.233497
-0.230082
-0.222802
-0.211978
-0.198158
-0.182087
-0.164625
-0.146642
-0.128916
-0.112064
-0.0965166
-0.0825221
-0.0701785
-0.0594689
-0.0502991
-0.0425295
-0.0359995
-0.0305443
-0.0260059
-0.02224
-0.0191183
-0.0165299
-0.0143801
-0.0125894
-0.0110919
-0.00983314
-0.00876877
-0.00786264
-0.00708556
-0.006414
-0.0058291
-0.00531574
-0.00486184
-0.00445772
-0.00409562
-0.00376929
-0.00347366
-0.00320462
-0.00295877
-0.00273327
-0.00252578
-0.00233428
-0.00215707
-0.00199269
-0.00183988
-0.00169757
-0.00156482
-0.00144083
-0.0013249
-0.00121644
-0.00111493
-0.00101991
-0.00093102
-0.000847919
-0.000770322
-0.00069798
-0.000630672
-0.000568205
-0.000510403
-0.000457099
-0.000408114
-0.000363226
-0.000322135
-0.000284438
-0.00024963
-0.00021716
-0.00018655
-0.000157543
-0.000130235
-0.000105079
-8.27324e-05
-6.37753e-05
-4.8446e-05
-3.65366e-05
-2.75012e-05
-2.06909e-05
-1.55583e-05
-1.17252e-05
-8.93178e-06
-6.94989e-06
-5.54453e-06
-4.49587e-06
-3.64151e-06
-2.89676e-06
-2.24029e-06
-1.68083e-06
-1.22851e-06
-8.81349e-07
-6.25601e-07
-4.42168e-07
-3.12373e-07
-2.20942e-07
-1.56393e-07
-1.10541e-07
-7.76221e-08
-5.37404e-08
-3.62353e-08
-2.33769e-08
-1.39396e-08
-7.10363e-09
-2.20612e-09
1.21123e-09
3.5622e-09
5.11175e-09
6.11646e-09
6.70816e-09
7.03723e-09
7.1521e-09
7.14416e-09
7.01962e-09
6.84292e-09
6.6007e-09
6.345e-09
6.05196e-09
5.76686e-09
5.45937e-09
5.17104e-09
4.86766e-09
4.58908e-09
4.29882e-09
4.03605e-09
3.76294e-09
3.51874e-09
3.2643e-09
3.03892e-09
2.80294e-09
2.59593e-09
2.37728e-09
2.18758e-09
1.98432e-09
1.8109e-09
1.62009e-09
1.4631e-09
1.2797e-09
1.14303e-09
9.53774e-10
8.5676e-10
6.24115e-10
5.98035e-10
3.47656e-10
3.83083e-10
0.0513853
0.0499431
0.0450792
0.0379356
0.0278904
0.0145768
-0.00217252
-0.0224837
-0.045958
-0.071791
-0.0986825
-0.124828
-0.149349
-0.171399
-0.190397
-0.206045
-0.21812
-0.226469
-0.230971
-0.231545
-0.228187
-0.221038
-0.210429
-0.196903
-0.181178
-0.164082
-0.146445
-0.129015
-0.112394
-0.0970066
-0.0831063
-0.070802
-0.0600899
-0.0508887
-0.0430701
-0.0364819
-0.0309658
-0.0263682
-0.0225472
-0.0193762
-0.0167444
-0.0145574
-0.0127352
-0.0112113
-0.00993075
-0.00884847
-0.00792773
-0.00713879
-0.00645767
-0.00586508
-0.00534555
-0.00488671
-0.00447862
-0.00411332
-0.00378441
-0.00348668
-0.00321592
-0.00296864
-0.00274197
-0.00253347
-0.00234112
-0.00216319
-0.00199819
-0.00184485
-0.00170208
-0.00156893
-0.0014446
-0.00132838
-0.00121967
-0.00111793
-0.00102274
-0.000933692
-0.000850459
-0.00077275
-0.000700312
-0.000632922
-0.000570381
-0.000512508
-0.000459128
-0.00041005
-0.000365042
-0.000323798
-0.000285915
-0.000250901
-0.000218227
-0.000187443
-0.00015832
-0.000130967
-0.000105828
-8.35354e-05
-6.46314e-05
-4.93216e-05
-3.73814e-05
-2.82681e-05
-2.13498e-05
-1.61e-05
-1.2157e-05
-9.26865e-06
-7.20848e-06
-5.74043e-06
-4.64319e-06
-3.75276e-06
-2.98208e-06
-2.30678e-06
-1.73276e-06
-1.26825e-06
-9.10634e-07
-6.4625e-07
-4.56226e-07
-3.2184e-07
-2.27467e-07
-1.61139e-07
-1.14214e-07
-8.05931e-08
-5.61721e-08
-3.81949e-08
-2.49014e-08
-1.5076e-08
-7.91391e-09
-2.76466e-09
8.33983e-10
3.30518e-09
4.93239e-09
5.98545e-09
6.61046e-09
6.96278e-09
7.09697e-09
7.10338e-09
6.99121e-09
6.82265e-09
6.58737e-09
6.33538e-09
6.046e-09
5.7623e-09
5.45696e-09
5.16902e-09
4.86712e-09
4.58842e-09
4.29927e-09
4.03616e-09
3.76397e-09
3.51908e-09
3.26541e-09
3.03935e-09
2.80411e-09
2.59637e-09
2.37844e-09
2.18796e-09
1.98543e-09
1.81118e-09
1.62122e-09
1.46319e-09
1.28116e-09
1.1425e-09
9.56906e-10
8.53431e-10
6.35623e-10
5.80867e-10
4.02834e-10
2.84974e-10
0.0508052
0.0493506
0.0444428
0.0372521
0.0271664
0.0138459
-0.00285264
-0.023018
-0.0462534
-0.0717601
-0.0983125
-0.124223
-0.148576
-0.170525
-0.189472
-0.205096
-0.217158
-0.225497
-0.229995
-0.230576
-0.22725
-0.220167
-0.209666
-0.196285
-0.180731
-0.163813
-0.146346
-0.129064
-0.112557
-0.0972484
-0.0833954
-0.0711112
-0.0603984
-0.0511821
-0.0433394
-0.0367225
-0.0311763
-0.0265492
-0.0227009
-0.0195052
-0.0168519
-0.0146462
-0.0128083
-0.0112712
-0.00997971
-0.00888844
-0.00796037
-0.00716549
-0.00647957
-0.00588312
-0.0053605
-0.00489918
-0.0044891
-0.0041222
-0.00379199
-0.00349322
-0.0032216
-0.0029736
-0.00274633
-0.00253734
-0.00234456
-0.00216626
-0.00200095
-0.00184734
-0.00170434
-0.001571
-0.0014465
-0.00133013
-0.00122129
-0.00111946
-0.00102417
-0.000935048
-0.00085175
-0.000773987
-0.000701503
-0.000634074
-0.000571498
-0.000513592
-0.000460176
-0.000411055
-0.000365994
-0.000324685
-0.000286726
-0.000251628
-0.000218874
-0.000188021
-0.00015885
-0.000131471
-0.000106324
-8.40273e-05
-6.51105e-05
-4.97697e-05
-3.77798e-05
-2.86059e-05
-2.16281e-05
-1.63292e-05
-1.23509e-05
-9.43841e-06
-7.35939e-06
-5.87264e-06
-4.75442e-06
-3.841e-06
-3.04717e-06
-2.35062e-06
-1.7589e-06
-1.28113e-06
-9.14821e-07
-6.45811e-07
-4.5423e-07
-3.20162e-07
-2.2689e-07
-1.61673e-07
-1.15472e-07
-8.21062e-08
-5.75744e-08
-3.929e-08
-2.56426e-08
-1.55164e-08
-8.14428e-09
-2.87606e-09
7.77029e-10
3.26422e-09
4.89409e-09
5.94707e-09
6.57672e-09
6.93552e-09
7.07854e-09
7.09146e-09
6.9852e-09
6.81921e-09
6.58643e-09
6.33467e-09
6.04655e-09
5.76254e-09
5.45828e-09
5.1699e-09
4.86896e-09
4.58964e-09
4.30135e-09
4.03747e-09
3.76607e-09
3.52039e-09
3.26747e-09
3.0406e-09
2.80609e-09
2.59752e-09
2.38032e-09
2.18899e-09
1.98721e-09
1.81207e-09
1.62292e-09
1.46389e-09
1.28296e-09
1.14283e-09
9.59501e-10
8.52152e-10
6.42514e-10
5.71808e-10
4.33725e-10
2.30081e-10
-0.460859
-0.247833
-0.140773
-0.460859
-0.247833
-0.337023
-0.342466
-0.430747
-0.337023
-0.342466
0.126248
0.414194
0.308607
0.332759
0.126248
0.414194
0.308607
-0.111215
-0.331297
-0.331297
-0.315104
-0.31587
-0.314705
-0.322305
-0.315104
-0.31587
-0.314705
0.488677
0.430817
0.488677
-0.31301
-0.311465
-0.31301
-0.311465
0.430834
0.48868
0.430834
-0.311447
-0.312911
-0.311447
-0.312911
0.308666
0.332791
0.126326
0.414218
0.308666
0.332791
0.126326
-0.111099
-0.111099
-0.33115
-0.33115
-0.314569
-0.32215
-0.314945
-0.315721
-0.314569
-0.32215
-0.314945
-0.140664
-0.460672
-0.247701
-0.140665
-0.460672
-0.342314
-0.430556
-0.336881
-0.342314
-0.430555
-0.336881
-0.288875
-0.166786
-0.355667
-0.123194
-0.288875
-0.166786
-0.355668
-0.316065
-0.410709
-0.329556
-0.338146
-0.316066
-0.410707
-0.329557
0.104857
0.264837
0.109595
0.194489
0.104857
0.264837
0.109595
-0.414949
-0.431574
-0.403561
-0.453976
-0.404366
-0.45428
-0.414754
-0.312006
-0.323563
-0.318287
-0.319534
-0.312006
-0.323563
-0.318287
-0.104045
-0.317407
-0.322624
-0.316844
-0.324226
-0.316906
-0.324208
-0.317381
-0.310701
-0.313868
-0.313802
-0.310767
-0.309246
-0.308449
-0.308381
-0.309313
-0.316299
-0.314441
-0.313161
-0.320044
-0.313109
-0.321047
-0.316123
0.109671
0.194535
0.104926
0.264876
0.109671
0.194535
0.104926
-0.369985
-0.24541
-0.162047
-0.164339
-0.372986
-0.31812
-0.319396
-0.311838
-0.323406
-0.31812
-0.319396
-0.311838
-0.355511
-0.123095
-0.288731
-0.166674
-0.355511
-0.123095
-0.288731
-0.329405
-0.337978
-0.315906
-0.410523
-0.329405
-0.337978
-0.315906
-0.364041
-0.462414
-0.35361
-0.482072
-0.354591
-0.483276
-0.363204
-0.370149
-0.245541
-0.162167
-0.164459
-0.37315
-0.364043
-0.462414
-0.353612
-0.482072
-0.354593
-0.483276
-0.363205
-0.370148
-0.245541
-0.162167
-0.164459
-0.37315
-0.356504
-0.342479
-0.340258
-0.340425
-0.356714
-0.414949
-0.431574
-0.403561
-0.453976
-0.404365
-0.45428
-0.414753
-0.356504
-0.342479
-0.340258
-0.340425
-0.356714
0.327923
0.124854
0.262142
0.11053
0.261451
0.108664
0.329559
0.374833
0.327555
0.20274
0.43415
0.174144
0.438144
0.377426
0.327923
0.124854
0.262142
0.11053
0.261451
0.108665
0.329559
0.374833
0.327555
0.20274
0.43415
0.174144
0.438144
0.377426
-0.104045
-0.331299
-0.331299
-0.31645
-0.314584
-0.32021
-0.313282
-0.321218
-0.313231
-0.316273
-0.317407
-0.322624
-0.316844
-0.324226
-0.316906
-0.324208
-0.317381
-0.31645
-0.314584
-0.32021
-0.313282
-0.321218
-0.313231
-0.316273
0.529785
0.463098
0.466195
0.527765
0.567732
0.588119
0.589206
0.566339
0.529785
0.463098
0.466195
0.527765
0.567732
0.588119
0.589206
0.566339
-0.30931
-0.308471
-0.308403
-0.309377
-0.310701
-0.313868
-0.313802
-0.310767
-0.30931
-0.308471
-0.308403
-0.309377
0.567745
0.588124
0.58921
0.566353
0.529807
0.463131
0.466227
0.527788
0.567745
0.588124
0.58921
0.566353
0.529807
0.463131
0.466227
0.527788
-0.310605
-0.313736
-0.313671
-0.31067
-0.309246
-0.308449
-0.308381
-0.309313
-0.310605
-0.313736
-0.313671
-0.31067
0.374875
0.327612
0.434186
0.202809
0.438179
0.174217
0.377466
0.327969
0.124932
0.110609
0.262195
0.108745
0.261504
0.329604
0.374875
0.327612
0.434186
0.202809
0.438179
0.174218
0.377466
0.327969
0.124932
0.11061
0.262195
0.108745
0.261504
0.329604
-0.10393
-0.10393
-0.331151
-0.331151
-0.317255
-0.322467
-0.324055
-0.316699
-0.324037
-0.316761
-0.317228
-0.316299
-0.314441
-0.313161
-0.320044
-0.313109
-0.321047
-0.316123
-0.317255
-0.322467
-0.324055
-0.316699
-0.324037
-0.316761
-0.317228
-0.363873
-0.462227
-0.481878
-0.353447
-0.483082
-0.354428
-0.363035
-0.369985
-0.24541
-0.162047
-0.164339
-0.372985
-0.363874
-0.462226
-0.481878
-0.353449
-0.483082
-0.35443
-0.363037
-0.356347
-0.342327
-0.340111
-0.340278
-0.356557
-0.414771
-0.431382
-0.45378
-0.403388
-0.454084
-0.404192
-0.414576
-0.356347
-0.342327
-0.340111
-0.340278
-0.356557
-0.414772
-0.431381
-0.453779
-0.403389
-0.454083
-0.404192
-0.414576
-0.367741
-0.141651
-0.323208
-0.1588
-0.323088
-0.160865
-0.368578
0.327957
0.30318
0.370523
0.276049
0.327957
0.30318
0.370523
-0.318537
-0.318642
-0.324408
-0.320278
-0.318537
-0.318642
-0.324408
0.402925
0.331135
0.420038
0.320978
0.402925
0.331135
0.420037
0.530659
0.432056
0.504971
0.465884
0.506448
0.466966
0.529421
-0.318226
-0.314713
-0.319987
-0.315953
-0.318226
-0.314713
-0.319987
0.420041
0.320986
0.402934
0.331138
0.420041
0.320986
0.402934
0.552922
0.489768
0.562104
0.480267
0.563264
0.481387
0.551737
-0.319921
-0.315825
-0.318046
-0.31466
-0.319921
-0.315825
-0.318046
0.37054
0.276066
0.327979
0.303193
0.37054
0.276067
0.327979
-0.324098
-0.320004
-0.318143
-0.318418
-0.324098
-0.320004
-0.318143
-0.323574
-0.319169
-0.32456
-0.319213
-0.324724
-0.315142
-0.315055
-0.367741
-0.141651
-0.323208
-0.1588
-0.323088
-0.160864
-0.368578
-0.359319
-0.33732
-0.350317
-0.347457
-0.350773
-0.347619
-0.359353
-0.359319
-0.33732
-0.350317
-0.347457
-0.350773
-0.347619
-0.359353
0.552915
0.489765
0.48026
0.562101
0.48138
0.563261
0.55173
0.530659
0.432056
0.504971
0.465884
0.506448
0.466966
0.529421
0.552915
0.489765
0.48026
0.562101
0.48138
0.563261
0.55173
-0.310689
-0.312957
-0.311701
-0.312514
-0.311595
-0.312467
-0.310781
-0.309771
-0.311414
-0.311699
-0.309348
-0.311649
-0.309285
-0.309841
-0.310689
-0.312957
-0.311701
-0.312514
-0.311595
-0.312467
-0.310781
-0.309771
-0.311414
-0.311699
-0.309348
-0.311649
-0.309285
-0.309841
0.530671
0.432072
0.465896
0.504988
0.466976
0.506465
0.529433
0.552922
0.489768
0.562104
0.480267
0.563264
0.481387
0.551737
0.530671
0.432072
0.465896
0.504988
0.466977
0.506465
0.529434
-0.309719
-0.311395
-0.30933
-0.311652
-0.309266
-0.311601
-0.30979
-0.310608
-0.312858
-0.312436
-0.311591
-0.312389
-0.311486
-0.3107
-0.309719
-0.311395
-0.30933
-0.311652
-0.309266
-0.311601
-0.30979
-0.310608
-0.312858
-0.312436
-0.311591
-0.312389
-0.311486
-0.3107
-0.367579
-0.141542
-0.158685
-0.323061
-0.16075
-0.322941
-0.368415
-0.367578
-0.141542
-0.158685
-0.323061
-0.16075
-0.322941
-0.368415
-0.35916
-0.337177
-0.347308
-0.350162
-0.34747
-0.350617
-0.359195
-0.35916
-0.337177
-0.347308
-0.350162
-0.34747
-0.350617
-0.359195
0.104283
0.0933369
0.211479
0.0891159
0.210747
0.156722
0.157283
0.104283
0.093337
0.211479
0.089116
0.210747
0.156722
0.157283
-0.323732
-0.324709
-0.319315
-0.324875
-0.31936
-0.315277
-0.315189
-0.323732
-0.324709
-0.319315
-0.324875
-0.31936
-0.315277
-0.315189
0.104359
0.211537
0.0934142
0.210805
0.0891938
0.156786
0.157345
0.104359
0.211537
0.0934142
0.210805
0.0891939
0.156786
0.157345
-0.323574
-0.319169
-0.32456
-0.319213
-0.324724
-0.315142
-0.315055
0.0608441
0.15109
0.0781611
0.103545
0.0608441
0.15109
0.0781611
-0.292689
-0.310997
-0.330261
-0.301472
-0.292689
-0.310997
-0.330261
0.250991
0.251307
0.284496
0.2142
0.250991
0.251307
0.284496
-0.316916
-0.322755
-0.327941
-0.321385
-0.316916
-0.322755
-0.327941
0.284524
0.214225
0.251023
0.251329
0.284524
0.214225
0.251023
-0.327444
-0.321029
-0.316376
-0.322406
-0.327444
-0.321029
-0.316376
0.0782307
0.103597
0.0609143
0.151141
0.0782307
0.103597
0.0609143
-0.330059
-0.301292
-0.29245
-0.310855
-0.330059
-0.301292
-0.29245
)
;

boundaryField
{
    inlet
    {
        type            zeroGradient;
    }
    outlet
    {
        type            fixedValue;
        value           uniform 0;
    }
    top
    {
        type            symmetryPlane;
    }
    bottom
    {
        type            symmetryPlane;
    }
    front
    {
        type            symmetryPlane;
    }
    back
    {
        type            symmetryPlane;
    }
    cylinder
    {
        type            zeroGradient;
    }
}


// ************************************************************************* //
