/*--------------------------------*- C++ -*----------------------------------*\
  =========                 |
  \\      /  F ield         | OpenFOAM: The Open Source CFD Toolbox
   \\    /   O peration     | Website:  https://openfoam.org
    \\  /    A nd           | Version:  11
     \\/     M anipulation  |
\*---------------------------------------------------------------------------*/
FoamFile
{
    format      ascii;
    class       volScalarField;
    location    "8.731117";
    object      p;
}
// * * * * * * * * * * * * * * * * * * * * * * * * * * * * * * * * * * * * * //

dimensions      [0 2 -2 0 0 0 0];

internalField   nonuniform List<scalar> 
7132
(
0.0562187
0.0548481
0.0502184
0.0434522
0.0339849
0.0215311
0.00601118
-0.0125726
-0.0337228
-0.056515
-0.079622
-0.101254
-0.120477
-0.13646
-0.148693
-0.156938
-0.160995
-0.160687
-0.155887
-0.146668
-0.133508
-0.117359
-0.0995122
-0.0813463
-0.0641431
-0.0489938
-0.0367286
-0.0278109
-0.0221355
-0.0188392
-0.01638
-0.0131645
-0.00831475
-0.00192238
0.00533409
0.0127188
0.0197441
0.0262278
0.0321417
0.0373672
0.0413708
0.0429645
0.0404091
0.0323733
0.0195569
0.00553695
-0.00494023
-0.00925582
-0.00814426
-0.00418506
0.000311748
0.00411244
0.00684923
0.00859403
0.00953053
0.00977729
0.00931871
0.00803301
0.00582629
0.00279638
-0.000677716
-0.00401598
-0.00667212
-0.0083526
-0.00907707
-0.00907552
-0.00863522
-0.00799568
-0.00731303
-0.00666975
-0.00610022
-0.00561429
-0.00521265
-0.00489436
-0.0046588
-0.00450442
-0.00442582
-0.00441113
-0.00444142
-0.00449263
-0.00453961
-0.00456087
-0.00454204
-0.00447731
-0.00436855
-0.00422296
-0.00405045
-0.00386141
-0.00366531
-0.00346996
-0.00328132
-0.00310358
-0.00293927
-0.00278956
-0.00265443
-0.00253293
-0.00242343
-0.00232387
-0.00223204
-0.00214577
-0.00206318
-0.00198278
-0.00190352
-0.00182482
-0.00174646
-0.00166856
-0.00159142
-0.00151546
-0.00144112
-0.00136881
-0.00129889
-0.0012316
-0.00116712
-0.00110549
-0.0010467
-0.00099065
-0.000937215
-0.000886226
-0.000837506
-0.000790881
-0.000746193
-0.000703302
-0.000662094
-0.000622477
-0.000584384
-0.000547765
-0.000512586
-0.000478825
-0.000446467
-0.0004155
-0.000385919
-0.000357715
-0.000330881
-0.000305409
-0.000281288
-0.000258507
-0.000237053
-0.000216913
-0.000198068
-0.000180504
-0.000164195
-0.000149121
-0.000135234
-0.000122502
-0.000110807
-0.000100129
-9.01681e-05
-8.10742e-05
-7.2082e-05
-6.41535e-05
-5.5151e-05
-4.88486e-05
-3.87423e-05
-3.68735e-05
-2.39299e-05
-3.27176e-05
-1.49663e-05
-3.79599e-05
-3.37432e-05
-9.78909e-06
0.0567658
0.0554062
0.0508156
0.0440895
0.0346528
0.022193
0.0066061
-0.0121418
-0.0335505
-0.0566856
-0.0801435
-0.102011
-0.121392
-0.13746
-0.14973
-0.158001
-0.162087
-0.161804
-0.156993
-0.147681
-0.134321
-0.117874
-0.0996778
-0.081163
-0.063661
-0.0483057
-0.0359591
-0.0271066
-0.0216441
-0.0186667
-0.0165339
-0.0135466
-0.00877587
-0.00234024
0.00502567
0.0125417
0.0196971
0.0263024
0.0323285
0.0376556
0.041742
0.0433691
0.0407298
0.0324083
0.0190927
0.00451068
-0.00631862
-0.0106393
-0.00926058
-0.00495355
-0.000151682
0.00387968
0.00678219
0.00864392
0.00965985
0.00995374
0.00951068
0.00820446
0.00593932
0.00281914
-0.000759189
-0.0041892
-0.00690134
-0.00859446
-0.00929621
-0.00925282
-0.00876595
-0.00808372
-0.00736585
-0.00669541
-0.00610611
-0.00560673
-0.0051969
-0.00487463
-0.00463842
-0.00448598
-0.00441126
-0.00440176
-0.00443782
-0.0044946
-0.00454626
-0.00457079
-0.00455359
-0.00448892
-0.00437896
-0.00423134
-0.0040564
-0.00386487
-0.00366651
-0.00346928
-0.00327925
-0.00310057
-0.00293579
-0.00278598
-0.00265105
-0.00252995
-0.00242097
-0.00232198
-0.00223069
-0.0021449
-0.0020627
-0.00198258
-0.0019035
-0.00182486
-0.0017465
-0.00166854
-0.0015913
-0.00151521
-0.00144075
-0.00136835
-0.00129834
-0.00123101
-0.00116649
-0.00110486
-0.00104608
-0.000990069
-0.000936674
-0.000885729
-0.000837053
-0.00079047
-0.000745818
-0.000702958
-0.000661774
-0.000622175
-0.000584094
-0.000547483
-0.000512309
-0.000478549
-0.000446191
-0.000415224
-0.000385641
-0.000357435
-0.0003306
-0.000305127
-0.000281005
-0.000258224
-0.000236769
-0.000216627
-0.000197782
-0.000180217
-0.000163908
-0.000148836
-0.000134952
-0.000122227
-0.000110543
-9.98784e-05
-8.99361e-05
-8.086e-05
-7.18901e-05
-6.39718e-05
-5.49801e-05
-4.86673e-05
-3.85201e-05
-3.6659e-05
-2.34332e-05
-3.26117e-05
-1.33432e-05
-3.91691e-05
-2.76025e-05
-1.86241e-05
0.0578551
0.0565191
0.0520084
0.0453673
0.0359972
0.0235317
0.00781612
-0.0112606
-0.0331934
-0.0570334
-0.0812111
-0.103549
-0.123246
-0.139477
-0.151813
-0.160131
-0.164277
-0.164054
-0.159234
-0.149745
-0.135983
-0.118934
-0.100025
-0.0807993
-0.0626874
-0.0469093
-0.0343924
-0.0256702
-0.020645
-0.0183286
-0.0168743
-0.0143587
-0.00974531
-0.00321369
0.00438058
0.012164
0.0195793
0.0264242
0.0326717
0.0382007
0.0424544
0.04415
0.0413398
0.032427
0.0180714
0.00231763
-0.0092371
-0.0135424
-0.0115808
-0.00653649
-0.00110095
0.00340148
0.00663847
0.00873517
0.00991149
0.0103025
0.00989376
0.00854879
0.00616644
0.00286215
-0.000930187
-0.00454883
-0.00737546
-0.00909284
-0.00974584
-0.00961501
-0.00903196
-0.00826235
-0.00747288
-0.00674748
-0.00611826
-0.00559174
-0.00516533
-0.00483496
-0.00459731
-0.00444865
-0.00438169
-0.00438262
-0.00443036
-0.00449849
-0.00455971
-0.00459093
-0.00457708
-0.00451256
-0.00440019
-0.00424846
-0.00406857
-0.00387201
-0.00366904
-0.003468
-0.0032751
-0.00309455
-0.00292879
-0.00277877
-0.00264422
-0.00252393
-0.00241599
-0.00231813
-0.00222795
-0.00214314
-0.00206174
-0.00198219
-0.00190346
-0.00182498
-0.00174661
-0.00166852
-0.00159107
-0.00151475
-0.00144006
-0.00136744
-0.00129727
-0.00122982
-0.00116525
-0.00110361
-0.00104486
-0.000988909
-0.000935594
-0.000884738
-0.000836152
-0.000789654
-0.000745078
-0.00070228
-0.000661146
-0.000621584
-0.00058353
-0.000546936
-0.000511771
-0.000478016
-0.000445659
-0.000414691
-0.000385106
-0.000356899
-0.000330063
-0.000304589
-0.000280468
-0.000257686
-0.000236232
-0.000216092
-0.000197247
-0.000179684
-0.000163379
-0.000148314
-0.000134443
-0.000121738
-0.000110086
-9.94633e-05
-8.95774e-05
-8.05596e-05
-7.1659e-05
-6.37874e-05
-5.48389e-05
-4.85223e-05
-3.82981e-05
-3.64425e-05
-2.26407e-05
-3.25398e-05
-1.02494e-05
-4.1574e-05
-1.52365e-05
-3.65439e-05
0.0594776
0.058179
0.0537952
0.0472921
0.038036
0.0255774
0.00968151
-0.00989011
-0.032628
-0.0575764
-0.0828805
-0.105925
-0.126088
-0.142549
-0.15497
-0.163352
-0.167594
-0.167477
-0.162663
-0.152918
-0.138543
-0.120565
-0.100556
-0.080233
-0.0611784
-0.044746
-0.0319651
-0.0234484
-0.0191176
-0.0178583
-0.0174893
-0.0157133
-0.011326
-0.00461889
0.00334739
0.0115484
0.0193575
0.0265572
0.03313
0.0389547
0.0434541
0.0452457
0.0421566
0.032293
0.0162593
-0.001383
-0.0140689
-0.0182834
-0.0153006
-0.00902751
-0.00257472
0.0026601
0.00640608
0.00885774
0.0102781
0.0108202
0.0104679
0.0090659
0.0065017
0.00290797
-0.00122203
-0.00513651
-0.00813771
-0.00988379
-0.0104504
-0.0101757
-0.00943896
-0.00853261
-0.00763274
-0.00682351
-0.00613383
-0.00556649
-0.00511536
-0.00477315
-0.00453381
-0.00439139
-0.00433675
-0.00435412
-0.00442014
-0.00450592
-0.00458187
-0.00462323
-0.00461422
-0.00454954
-0.00443308
-0.0042747
-0.00408698
-0.00388253
-0.00367245
-0.00346557
-0.00326833
-0.00308498
-0.00291783
-0.0027676
-0.00263374
-0.00251475
-0.00240848
-0.00231241
-0.00222395
-0.00214065
-0.00206045
-0.00198177
-0.00190355
-0.00182527
-0.00174686
-0.00166853
-0.00159074
-0.00151404
-0.00143897
-0.00136603
-0.00129561
-0.001228
-0.00116334
-0.00110169
-0.001043
-0.000987147
-0.00093396
-0.000883245
-0.000834801
-0.000788434
-0.000743971
-0.000701268
-0.000660208
-0.0006207
-0.000582683
-0.000546111
-0.000510958
-0.000477208
-0.00044485
-0.000413879
-0.000384291
-0.00035608
-0.000329241
-0.000303765
-0.000279642
-0.000256861
-0.000235406
-0.000215264
-0.000196419
-0.000178856
-0.000162553
-0.000147493
-0.000133635
-0.000120953
-0.000109338
-9.87655e-05
-8.89489e-05
-8.00013e-05
-7.11874e-05
-6.33679e-05
-5.44743e-05
-4.8137e-05
-3.78122e-05
-3.59392e-05
-2.1359e-05
-3.22215e-05
-5.69277e-06
-4.47927e-05
2.95864e-06
-6.27562e-05
0.0616183
0.0603736
0.0561718
0.0498724
0.0407952
0.028377
0.0122666
-0.00796573
-0.0318125
-0.0583409
-0.085239
-0.109223
-0.129993
-0.146724
-0.159219
-0.167667
-0.17205
-0.172124
-0.167378
-0.157327
-0.142125
-0.122857
-0.101313
-0.0794618
-0.0590961
-0.0417502
-0.0285946
-0.0203648
-0.0170313
-0.0173107
-0.018526
-0.0178047
-0.0136991
-0.00669122
0.00183482
0.0106295
0.0189727
0.0266362
0.0336259
0.0398261
0.0446381
0.0465332
0.0430015
0.0317259
0.0132066
-0.0072345
-0.0215165
-0.0254075
-0.0207505
-0.0125864
-0.00464038
0.00162533
0.00606623
0.00899605
0.0107471
0.0114994
0.011232
0.0097564
0.00693871
0.00293331
-0.00167993
-0.00601497
-0.00925601
-0.0110269
-0.0114528
-0.0109604
-0.00999932
-0.00889847
-0.00784479
-0.00692057
-0.00614898
-0.00552692
-0.00504315
-0.00468584
-0.00444512
-0.00431217
-0.00427531
-0.0043161
-0.00440803
-0.00451868
-0.00461516
-0.00467037
-0.00466759
-0.00460204
-0.00447923
-0.00431105
-0.00411203
-0.00389638
-0.00367633
-0.00346137
-0.00325825
-0.00307118
-0.00290229
-0.00275194
-0.00261922
-0.00250219
-0.00239834
-0.00230483
-0.00221879
-0.0021376
-0.00205905
-0.00198151
-0.00190395
-0.0018259
-0.00174736
-0.00166866
-0.00159036
-0.00151309
-0.00143748
-0.00136408
-0.00129331
-0.00122547
-0.00116071
-0.00109907
-0.00104047
-0.000984765
-0.000931768
-0.000881257
-0.000833013
-0.000786829
-0.000742524
-0.000699949
-0.000658986
-0.000619548
-0.000581576
-0.00054503
-0.000509889
-0.00047614
-0.000443778
-0.000412801
-0.000383207
-0.000354991
-0.000328148
-0.000302671
-0.000278547
-0.000255765
-0.00023431
-0.000214167
-0.00019532
-0.000177755
-0.000161452
-0.000146396
-0.00013255
-0.000119891
-0.000108317
-9.77993e-05
-8.80635e-05
-7.91979e-05
-7.04913e-05
-6.27353e-05
-5.3922e-05
-4.75569e-05
-3.71435e-05
-3.52191e-05
-1.97585e-05
-3.16916e-05
-4.84924e-08
-4.85745e-05
2.61362e-05
-9.60485e-05
0.0642561
0.0630849
0.0591309
0.0531181
0.0443089
0.0319939
0.015661
-0.00539483
-0.0306861
-0.0593719
-0.088422
-0.113567
-0.135069
-0.152085
-0.164618
-0.173124
-0.177698
-0.178068
-0.173484
-0.163096
-0.14684
-0.125879
-0.102314
-0.0784532
-0.0563613
-0.037809
-0.0241533
-0.0163095
-0.0143494
-0.0167797
-0.0202113
-0.0209191
-0.0171199
-0.00961405
-0.000278333
0.00931891
0.018343
0.0265669
0.0340425
0.0406725
0.0458386
0.0477857
0.0435258
0.0301318
0.00800509
-0.0164148
-0.0327962
-0.0358179
-0.0284508
-0.0174432
-0.00738513
0.000258526
0.00559088
0.00912329
0.0112945
0.0123231
0.0121762
0.0106117
0.00745715
0.00289214
-0.00238252
-0.00728765
-0.0108371
-0.0126104
-0.0128123
-0.0120019
-0.0107272
-0.00936317
-0.00810676
-0.007034
-0.00615822
-0.00546759
-0.00494377
-0.00456887
-0.00432804
-0.00420884
-0.00419649
-0.00426914
-0.00439604
-0.00453997
-0.00466352
-0.00473648
-0.00474094
-0.00467304
-0.00454065
-0.00435855
-0.00414396
-0.00391318
-0.00367988
-0.00345439
-0.00324375
-0.00305212
-0.00288128
-0.00273113
-0.00260019
-0.002486
-0.00238552
-0.00229548
-0.0022127
-0.00213427
-0.00205786
-0.00198176
-0.00190497
-0.00182709
-0.00174827
-0.00166899
-0.00158993
-0.00151186
-0.00143551
-0.00136148
-0.00129026
-0.00122214
-0.00115727
-0.00109566
-0.0010372
-0.000981724
-0.000928995
-0.000878766
-0.000830793
-0.000784853
-0.000740754
-0.000698341
-0.000657497
-0.000618141
-0.000580216
-0.000543694
-0.000508559
-0.000474805
-0.000442432
-0.000411443
-0.000381837
-0.000353613
-0.000326765
-0.000301284
-0.000277159
-0.000254376
-0.000232919
-0.000212772
-0.000193919
-0.000176347
-0.000160036
-0.000144974
-0.00013113
-0.000118481
-0.000106935
-9.64579e-05
-8.67907e-05
-7.7993e-05
-6.93894e-05
-6.16841e-05
-5.29663e-05
-4.65528e-05
-3.60959e-05
-3.40628e-05
-1.77705e-05
-3.07067e-05
6.38848e-06
-5.23258e-05
5.30393e-05
-0.000134284
0.0673617
0.0662879
0.0626604
0.0570388
0.0486185
0.036511
0.0199871
-0.00204436
-0.0291561
-0.0607338
-0.0926226
-0.119124
-0.141449
-0.158698
-0.171166
-0.179693
-0.184545
-0.185416
-0.181204
-0.170512
-0.152952
-0.129817
-0.103651
-0.0772194
-0.0529271
-0.0328291
-0.0185144
-0.0111635
-0.0110449
-0.0164216
-0.0229018
-0.0255053
-0.021986
-0.0136657
-0.00316828
0.0074933
0.0173534
0.0262128
0.0342072
0.0412954
0.0467914
0.0486341
0.0433077
0.0270828
2.95149e-05
-0.029955
-0.0492857
-0.0507684
-0.039153
-0.0239228
-0.0109256
-0.0014921
0.00493841
0.00919608
0.0118777
0.0132565
0.0132771
0.0116112
0.00801932
0.00270904
-0.00345175
-0.0091091
-0.0130366
-0.0147612
-0.0146138
-0.0133465
-0.0116423
-0.00993151
-0.00841616
-0.0071582
-0.00615492
-0.00538188
-0.00481122
-0.00441717
-0.00417862
-0.00407882
-0.00409932
-0.00421409
-0.00438686
-0.00457402
-0.00473218
-0.00482701
-0.00483925
-0.00476648
-0.00462004
-0.00441868
-0.00418314
-0.00393248
-0.00368213
-0.00344335
-0.00322349
-0.00302652
-0.00285372
-0.00270432
-0.0025761
-0.00246587
-0.00236995
-0.00228452
-0.00220596
-0.00213106
-0.00205729
-0.0019829
-0.00190693
-0.00182912
-0.0017498
-0.00166963
-0.0015895
-0.00151033
-0.00143298
-0.00135815
-0.00128635
-0.00121789
-0.00115291
-0.00109138
-0.00103315
-0.000977997
-0.000925638
-0.000875788
-0.000828172
-0.000782544
-0.000738701
-0.000696485
-0.000655779
-0.00061651
-0.000578632
-0.000542125
-0.000506984
-0.000473213
-0.00044082
-0.00040981
-0.000380188
-0.000351952
-0.000325098
-0.000299614
-0.000275489
-0.000252704
-0.000231245
-0.000211092
-0.000192229
-0.000174642
-0.000158314
-0.000143235
-0.000129376
-0.000116719
-0.00010518
-9.47201e-05
-8.51001e-05
-7.63474e-05
-6.7837e-05
-6.01667e-05
-5.15696e-05
-4.50919e-05
-3.46851e-05
-3.24645e-05
-1.55563e-05
-2.92047e-05
1.30381e-05
-5.54566e-05
8.17785e-05
-0.000174496
0.0708967
0.0699485
0.0667409
0.0616408
0.0537697
0.0420294
0.0254014
0.00226607
-0.0270929
-0.0625327
-0.0981237
-0.126117
-0.149326
-0.166715
-0.178974
-0.187445
-0.192636
-0.194235
-0.190673
-0.179774
-0.160668
-0.134819
-0.105384
-0.0757412
-0.0486997
-0.0266628
-0.0115045
-0.00477956
-0.00710846
-0.0164962
-0.0271369
-0.0322007
-0.0288283
-0.019198
-0.00705115
0.00499872
0.0158519
0.0253876
0.0338968
0.0414055
0.0469984
0.0483791
0.0418316
0.0229686
-0.00908735
-0.0460169
-0.0704347
-0.0710534
-0.0537214
-0.032466
-0.015416
-0.00368942
0.00405271
0.00914907
0.0124293
0.0142414
0.0144897
0.0127052
0.00854169
0.00224106
-0.00509958
-0.0117367
-0.0160986
-0.017661
-0.0169701
-0.015051
-0.0127662
-0.010607
-0.00876867
-0.00728598
-0.0061312
-0.00526229
-0.00463898
-0.00422548
-0.00399295
-0.00391966
-0.00398328
-0.00415271
-0.00438463
-0.00462699
-0.00482847
-0.00494942
-0.0049691
-0.00488744
-0.00472071
-0.00449302
-0.0042298
-0.00395348
-0.00368161
-0.00342649
-0.00319567
-0.00299273
-0.00281823
-0.00267048
-0.00254628
-0.0024415
-0.00235162
-0.00227217
-0.00219899
-0.00212848
-0.00205791
-0.00198548
-0.00191032
-0.00183236
-0.00175217
-0.0016707
-0.00158907
-0.00150843
-0.00142977
-0.00135391
-0.0012814
-0.00121257
-0.0011475
-0.00108613
-0.00102824
-0.000973535
-0.000921676
-0.000872326
-0.000825169
-0.000779935
-0.000736406
-0.00069442
-0.000653869
-0.000614687
-0.000576844
-0.000540336
-0.000505171
-0.000471365
-0.000438935
-0.000407893
-0.000378247
-0.000349996
-0.000323134
-0.000297649
-0.000273524
-0.00025074
-0.000229276
-0.000209114
-0.000190234
-0.000172622
-0.000156264
-0.000141147
-0.000127251
-0.000114555
-0.000102988
-9.25051e-05
-8.28917e-05
-7.41415e-05
-6.56978e-05
-5.80319e-05
-4.95803e-05
-4.30193e-05
-3.28027e-05
-3.02921e-05
-1.31771e-05
-2.70015e-05
1.92979e-05
-5.71581e-05
0.000109875
-0.000212611
0.0748115
0.0740221
0.0713432
0.0669245
0.0598115
0.0486728
0.0321084
0.00779282
-0.0243002
-0.0649182
-0.105327
-0.134841
-0.158892
-0.176158
-0.187921
-0.19624
-0.201964
-0.204771
-0.202385
-0.191477
-0.17051
-0.141234
-0.107699
-0.0740879
-0.0436789
-0.0192524
-0.00300576
0.00296232
-0.00258756
-0.0174148
-0.0337289
-0.0419863
-0.0384671
-0.0267364
-0.012228
0.00163441
0.0136415
0.0238548
0.0328224
0.0404604
0.0454639
0.0456595
0.037632
0.0167996
-0.0186622
-0.0620646
-0.0934859
-0.0954499
-0.0722601
-0.0434114
-0.0210395
-0.00642265
0.00285217
0.0088833
0.0128394
0.0151791
0.0157199
0.0137922
0.00890383
0.00133017
-0.0075355
-0.0154296
-0.020295
-0.0215349
-0.0200298
-0.0171901
-0.0141258
-0.0113932
-0.00915871
-0.00740897
-0.00607825
-0.00510053
-0.00441984
-0.003988
-0.00376689
-0.00372923
-0.00384861
-0.00408803
-0.00439521
-0.00470707
-0.00496188
-0.00511319
-0.00513878
-0.00504217
-0.00484662
-0.00458344
-0.00428405
-0.00397509
-0.00367651
-0.00340167
-0.00315812
-0.00294883
-0.00277326
-0.00262849
-0.00251005
-0.00241262
-0.00233064
-0.00225882
-0.00219235
-0.0021272
-0.00206039
-0.0019901
-0.00191563
-0.00183718
-0.00175565
-0.00167232
-0.00158866
-0.00150606
-0.00142573
-0.00134859
-0.00127524
-0.001206
-0.00114091
-0.00107981
-0.00102241
-0.00096832
-0.000917124
-0.000868419
-0.00082184
-0.000777088
-0.000733931
-0.000692207
-0.000651817
-0.000612713
-0.000574885
-0.00053835
-0.000503134
-0.000469269
-0.000436783
-0.000405697
-0.000376019
-0.000347752
-0.000320884
-0.000295401
-0.000271281
-0.000248499
-0.000227033
-0.000206858
-0.000187955
-0.000170308
-0.000153901
-0.000138726
-0.000124763
-0.000111993
-0.000100357
-8.9804e-05
-8.01508e-05
-7.13553e-05
-6.29518e-05
-5.52619e-05
-4.69921e-05
-4.03389e-05
-3.05051e-05
-2.7582e-05
-1.08575e-05
-2.40524e-05
2.43607e-05
-5.6627e-05
0.000134158
-0.00024357
0.0790435
0.0784501
0.0764239
0.0728773
0.0667873
0.0565782
0.0403557
0.0148762
-0.0205123
-0.0681518
-0.114801
-0.14566
-0.170507
-0.18737
-0.198256
-0.206151
-0.21244
-0.216922
-0.216426
-0.205937
-0.182871
-0.149376
-0.110769
-0.0723181
-0.0378201
-0.0104865
0.00711621
0.0121254
0.00227892
-0.0199936
-0.0440981
-0.0563506
-0.0520097
-0.0369248
-0.0190438
-0.00283255
0.0104841
0.0213518
0.0305707
0.0375889
0.040812
0.0388853
0.0289509
0.00680249
-0.0307494
-0.0792859
-0.117581
-0.122045
-0.0938718
-0.0566659
-0.0278896
-0.00978639
0.00123067
0.00826592
0.0129554
0.0158979
0.0167579
0.0146729
0.00905528
0.000196083
-0.0103773
-0.019898
-0.0255844
-0.0265043
-0.0239226
-0.0198389
-0.0157471
-0.0122909
-0.00957861
-0.00751775
-0.00598691
-0.00488852
-0.00414743
-0.00370011
-0.00349744
-0.0035062
-0.00369642
-0.00402437
-0.00442635
-0.00482484
-0.00514445
-0.00533009
-0.00535825
-0.00523803
-0.00500224
-0.00469177
-0.0043457
-0.0039957
-0.00366443
-0.00336618
-0.00310826
-0.00289255
-0.00271703
-0.00257711
-0.00246671
-0.00237901
-0.00230718
-0.00224493
-0.00218671
-0.00212798
-0.00206552
-0.00199753
-0.00192351
-0.00184405
-0.0017605
-0.0016746
-0.00158824
-0.00150312
-0.00142069
-0.00134198
-0.00126766
-0.00119799
-0.00113296
-0.0010723
-0.00101558
-0.000962311
-0.000911976
-0.000864088
-0.000818226
-0.000774057
-0.000731334
-0.000689901
-0.000649674
-0.000610631
-0.000572788
-0.00053619
-0.000500887
-0.000466933
-0.000434368
-0.00040322
-0.000373504
-0.000345217
-0.000318347
-0.000292871
-0.000268762
-0.000245989
-0.000224522
-0.000204334
-0.000185401
-0.000167706
-0.000151233
-0.000135974
-0.000121912
-0.000109029
-9.72768e-05
-8.66009e-05
-7.68557e-05
-6.79642e-05
-5.95724e-05
-5.18351e-05
-4.37968e-05
-3.70496e-05
-2.78319e-05
-2.43563e-05
-8.79505e-06
-2.03042e-05
2.74029e-05
-5.29978e-05
0.000150913
-0.000261441
0.0835149
0.0831593
0.081922
0.0794713
0.0747326
0.0659071
0.0504649
0.0240182
-0.0153093
-0.0725838
-0.127433
-0.159081
-0.184277
-0.200021
-0.209474
-0.216822
-0.224124
-0.231349
-0.233892
-0.22434
-0.198722
-0.159872
-0.114958
-0.0706608
-0.0313275
-0.000545801
0.0188254
0.0225204
0.00670991
-0.0259269
-0.0607417
-0.0778067
-0.0712806
-0.0507684
-0.0279752
-0.00868584
0.00612656
0.0175983
0.0266028
0.0318729
0.0321571
0.0277564
0.0161433
-0.00679477
-0.0460397
-0.0984774
-0.142314
-0.149282
-0.117144
-0.0716843
-0.035906
-0.0138659
-0.000944821
0.00712533
0.012547
0.0160413
0.0171252
0.0149119
0.00896404
-0.000518632
-0.0123347
-0.0236898
-0.0309553
-0.0321829
-0.0286
-0.0230344
-0.017651
-0.0132987
-0.0100185
-0.00760189
-0.00584788
-0.00461833
-0.00381549
-0.00335735
-0.00318236
-0.00325089
-0.0035297
-0.00396748
-0.00448647
-0.00499092
-0.005388
-0.00561156
-0.00563726
-0.00548223
-0.00519189
-0.00481963
-0.00441421
-0.00401332
-0.00364261
-0.00331709
-0.00304335
-0.00282165
-0.0026479
-0.00251534
-0.00241581
-0.00234064
-0.00228155
-0.00223106
-0.00218276
-0.00213155
-0.00207398
-0.00200831
-0.00193438
-0.00185328
-0.00176691
-0.00167761
-0.00158776
-0.00149948
-0.00141446
-0.0013339
-0.00125848
-0.00118841
-0.00112357
-0.00106354
-0.00100775
-0.000955541
-0.000906286
-0.000859401
-0.000814399
-0.00077091
-0.000728678
-0.000687556
-0.000647484
-0.000608473
-0.000570576
-0.000533872
-0.000498444
-0.000464366
-0.000431698
-0.000400475
-0.000370713
-0.000342409
-0.000315543
-0.000290085
-0.000265997
-0.00024324
-0.000221778
-0.000201577
-0.000182611
-0.000164858
-0.000148304
-0.000132938
-0.000118747
-0.000105715
-9.38048e-05
-8.29606e-05
-7.30812e-05
-6.40561e-05
-5.56624e-05
-4.78759e-05
-4.01376e-05
-3.33085e-05
-2.49731e-05
-2.07916e-05
-7.28445e-06
-1.58281e-05
2.75784e-05
-4.55429e-05
0.000156121
-0.000259863
0.0881317
0.0880566
0.0877523
0.0866448
0.0836527
0.0768013
0.0627902
0.035858
-0.00818305
-0.0788976
-0.144231
-0.175704
-0.201222
-0.215178
-0.222174
-0.228112
-0.236291
-0.247263
-0.254645
-0.247283
-0.218917
-0.173406
-0.120687
-0.0693829
-0.0243402
0.0106535
0.0319368
0.0338348
0.0100127
-0.0369857
-0.0863396
-0.109406
-0.098581
-0.0694896
-0.0395494
-0.0162116
0.000340107
0.0122738
0.0203273
0.0226904
0.0197553
0.0132652
0.000827914
-0.0224791
-0.0627797
-0.117564
-0.165376
-0.174869
-0.14008
-0.087422
-0.0448011
-0.0186979
-0.00381187
0.00526663
0.0112673
0.0149733
0.0159195
0.0134778
0.00758399
-0.00155071
-0.013389
-0.025938
-0.0351543
-0.0375921
-0.0336142
-0.0266481
-0.0198115
-0.014404
-0.0104653
-0.0076502
-0.00565279
-0.00428449
-0.00342201
-0.00296109
-0.00282433
-0.00296598
-0.00335069
-0.00391907
-0.00457702
-0.0052073
-0.00569561
-0.00596162
-0.00598016
-0.00577864
-0.00541799
-0.00496763
-0.00448854
-0.00402582
-0.00360838
-0.00325172
-0.00296111
-0.00273445
-0.00256482
-0.00244265
-0.00235719
-0.00229765
-0.00225404
-0.00221754
-0.0021808
-0.00213818
-0.00208602
-0.00202271
-0.00194847
-0.001865
-0.00177494
-0.00168135
-0.0015872
-0.00149509
-0.00140701
-0.0013243
-0.00124767
-0.00117725
-0.00111274
-0.00105355
-0.000998916
-0.000948015
-0.000900062
-0.000854366
-0.000810367
-0.000767658
-0.000725973
-0.000685182
-0.000645257
-0.000606251
-0.000568261
-0.00053141
-0.000495816
-0.000461582
-0.000428786
-0.000397473
-0.000367661
-0.000339342
-0.000312488
-0.000287057
-0.000263002
-0.000240273
-0.000218824
-0.000198616
-0.000179615
-0.0001618
-0.000145154
-0.000129664
-0.000115324
-0.000102115
-9.00192e-05
-7.89776e-05
-6.89406e-05
-5.97657e-05
-5.13785e-05
-4.35556e-05
-3.62074e-05
-2.93285e-05
-2.21301e-05
-1.70773e-05
-6.5688e-06
-1.07359e-05
2.42126e-05
-3.37201e-05
0.000146061
-0.0002329
0.0927827
0.0930313
0.0938015
0.094308
0.0935195
0.0894338
0.0778074
0.0514536
0.00181767
-0.0881109
-0.167653
-0.195952
-0.220116
-0.231049
-0.235059
-0.239714
-0.249789
-0.266878
-0.281307
-0.277181
-0.245282
-0.191108
-0.128645
-0.0690486
-0.0174661
0.0224074
0.0455862
0.0456228
0.0151749
-0.0461727
-0.113936
-0.148861
-0.135043
-0.0944818
-0.0544748
-0.0257124
-0.0070676
0.00504456
0.0112389
0.00995112
0.00438124
-0.00323785
-0.0154567
-0.0385994
-0.0788435
-0.134199
-0.184381
-0.196283
-0.160434
-0.102502
-0.0540663
-0.0242354
-0.00748885
0.00244279
0.00861559
0.0118665
0.0119735
0.0089732
0.00339676
-0.0043499
-0.0148716
-0.0274331
-0.0380681
-0.0420169
-0.0383581
-0.0303853
-0.022126
-0.01557
-0.0108983
-0.00764839
-0.00539262
-0.0038831
-0.00296778
-0.00251657
-0.00243184
-0.00265902
-0.00315939
-0.00386672
-0.00467341
-0.00544294
-0.0060377
-0.00635809
-0.00637305
-0.00612007
-0.00567733
-0.0051342
-0.00456757
-0.00403204
-0.00356069
-0.00316939
-0.0028614
-0.00263137
-0.00246866
-0.00236005
-0.00229175
-0.00225063
-0.00222474
-0.00220396
-0.00218006
-0.00214689
-0.00210057
-0.00203965
-0.00196486
-0.00187858
-0.00178423
-0.00168566
-0.00158656
-0.00149007
-0.00139854
-0.00131346
-0.00123554
-0.0011648
-0.00110075
-0.00104258
-0.000989302
-0.00093989
-0.000893399
-0.00084902
-0.000806121
-0.000764254
-0.000723153
-0.000682706
-0.000642924
-0.000603906
-0.0005658
-0.000528776
-0.000492993
-0.000458585
-0.000425648
-0.000394239
-0.000364377
-0.000336048
-0.000309213
-0.000283821
-0.00025981
-0.00023712
-0.000215695
-0.000195486
-0.000176458
-0.000158583
-0.000141843
-0.000126228
-0.000111734
-9.83443e-05
-8.60591e-05
-7.48209e-05
-6.46351e-05
-5.53281e-05
-4.69843e-05
-3.91675e-05
-3.22952e-05
-2.54031e-05
-1.95851e-05
-1.34845e-05
-6.84478e-06
-5.19398e-06
1.69604e-05
-1.73428e-05
0.000117974
-0.000176303
0.0973389
0.0979467
0.099921
0.102294
0.104223
0.103808
0.0959189
0.0718592
0.0153576
-0.100838
-0.198473
-0.222647
-0.245861
-0.251468
-0.249582
-0.250599
-0.262158
-0.287462
-0.313717
-0.316005
-0.280132
-0.214592
-0.139736
-0.0702401
-0.0110558
0.0328509
0.0552383
0.0534435
0.0197487
-0.048816
-0.131124
-0.18371
-0.174817
-0.124574
-0.0729119
-0.0373928
-0.0162527
-0.00433607
-0.000854046
-0.00591074
-0.0133276
-0.0207644
-0.0317975
-0.0538642
-0.0925631
-0.146619
-0.197489
-0.211474
-0.176177
-0.115482
-0.0630413
-0.0303195
-0.012049
-0.00163991
0.00406986
0.0060895
0.00481549
0.001291
-0.00332472
-0.00892152
-0.0172239
-0.0285699
-0.0396009
-0.0449494
-0.0421927
-0.0338291
-0.0244128
-0.0167317
-0.0112902
-0.00758068
-0.00505948
-0.00341702
-0.0024692
-0.00205165
-0.00203238
-0.00234324
-0.0029435
-0.00376568
-0.00470074
-0.00560587
-0.0063243
-0.00672819
-0.00676574
-0.0064766
-0.00595499
-0.00531365
-0.00465053
-0.00403379
-0.00350276
-0.00307423
-0.00274898
-0.00251739
-0.00236407
-0.00227136
-0.00222202
-0.00220047
-0.00219304
-0.0021884
-0.00217766
-0.00215431
-0.00211437
-0.00205641
-0.00198143
-0.00189247
-0.00179382
-0.00169018
-0.00158598
-0.00148493
-0.00138978
-0.00130222
-0.00122294
-0.00115185
-0.00108826
-0.00103112
-0.000979201
-0.000931297
-0.000886292
-0.000843258
-0.000801488
-0.000760496
-0.00072001
-0.000679936
-0.000640321
-0.000601312
-0.000563106
-0.00052592
-0.000489955
-0.000455375
-0.0004223
-0.000390797
-0.000360885
-0.000332548
-0.000305737
-0.000280387
-0.000256427
-0.000233784
-0.000212391
-0.000192193
-0.000173148
-0.000155225
-0.000138408
-0.000122684
-0.000108054
-9.45077e-05
-8.20626e-05
-7.06644e-05
-6.03745e-05
-5.09878e-05
-4.27477e-05
-3.4994e-05
-2.8675e-05
-2.179e-05
-1.74981e-05
-1.01773e-05
-8.11571e-06
6.37844e-07
5.96365e-06
3.29735e-06
7.10465e-05
-8.89105e-05
0.101657
0.102652
0.105922
0.110408
0.115561
0.120047
0.117758
0.100017
0.0346952
-0.126422
-0.243286
-0.250005
-0.270539
-0.271192
-0.263836
-0.261777
-0.276253
-0.312389
-0.354318
-0.366315
-0.326099
-0.245816
-0.155321
-0.0740942
-0.00779679
0.0351246
0.0500494
0.043683
0.00740475
-0.0551255
-0.14065
-0.209058
-0.210897
-0.156144
-0.093809
-0.0510557
-0.027245
-0.0159617
-0.0158726
-0.024457
-0.0330634
-0.0390358
-0.0478033
-0.067414
-0.102863
-0.15374
-0.20354
-0.219089
-0.185793
-0.125095
-0.0710195
-0.0366939
-0.0175518
-0.00727689
-0.00276166
-0.00246824
-0.00478811
-0.00801131
-0.0108525
-0.0140003
-0.0197371
-0.0290854
-0.0395736
-0.0459824
-0.0445284
-0.0365115
-0.0264275
-0.0177964
-0.0116104
-0.00743494
-0.00465175
-0.00290063
-0.00195903
-0.00161267
-0.00168157
-0.00206733
-0.00271835
-0.00357978
-0.00456944
-0.00556819
-0.00641457
-0.00694526
-0.00706461
-0.0067878
-0.00621849
-0.00549366
-0.00473777
-0.00403857
-0.00344589
-0.00297936
-0.00263746
-0.00240552
-0.00226243
-0.00218558
-0.00215398
-0.00214979
-0.00215827
-0.00216763
-0.00216874
-0.00215489
-0.00212159
-0.00206733
-0.00199344
-0.0019033
-0.00180168
-0.00169397
-0.00158542
-0.00148034
-0.00138189
-0.00129197
-0.00121134
-0.0011398
-0.00107649
-0.00102015
-0.000969363
-0.000922719
-0.000878974
-0.000837101
-0.000796326
-0.000756132
-0.000716235
-0.000676551
-0.000637152
-0.000598218
-0.000559986
-0.00052271
-0.000486626
-0.000451926
-0.00041875
-0.000387176
-0.000357228
-0.000328887
-0.000302099
-0.00027679
-0.000252878
-0.000230281
-0.000208923
-0.000188745
-0.000169698
-0.000151749
-0.000134881
-0.000119083
-0.000104364
-9.07139e-05
-7.81721e-05
-6.6686e-05
-5.63694e-05
-4.69822e-05
-3.89185e-05
-3.12876e-05
-2.55637e-05
-1.86877e-05
-1.59695e-05
-7.2753e-06
-1.0205e-05
6.59991e-06
-8.02465e-06
2.7326e-05
7.22998e-06
2.59575e-05
0.10558
0.106967
0.111578
0.118285
0.127181
0.137442
0.143537
0.135196
0.0616833
-0.139365
-0.317402
-0.303052
-0.311534
-0.295711
-0.274706
-0.261935
-0.27452
-0.323661
-0.388694
-0.41871
-0.379786
-0.285179
-0.177084
-0.0827897
-0.01229
0.0207372
0.0204643
0.0021953
-0.0267997
-0.0725327
-0.148596
-0.224574
-0.238585
-0.185114
-0.115245
-0.0660502
-0.039888
-0.0297671
-0.033532
-0.0455632
-0.0548663
-0.0581731
-0.0632139
-0.0786599
-0.109149
-0.155079
-0.202099
-0.218551
-0.18845
-0.13045
-0.0773607
-0.0430545
-0.0239942
-0.0145684
-0.0117976
-0.0131393
-0.0155616
-0.0172054
-0.017648
-0.0184093
-0.0216666
-0.0287558
-0.0380993
-0.0450759
-0.0450823
-0.0380734
-0.0279343
-0.0186699
-0.0118404
-0.00722023
-0.00419586
-0.00238674
-0.00152956
-0.00132763
-0.00152331
-0.00197169
-0.00261882
-0.0034187
-0.00433841
-0.00532152
-0.00623836
-0.00690264
-0.00715972
-0.00696904
-0.00641486
-0.00565032
-0.00482709
-0.00405829
-0.00341001
-0.00290847
-0.00255126
-0.00231875
-0.00218376
-0.00211859
-0.002099
-0.00210563
-0.00212334
-0.00214087
-0.00214945
-0.00214243
-0.00211532
-0.00206613
-0.00199538
-0.00190638
-0.00180432
-0.00169507
-0.00158426
-0.00147671
-0.00137601
-0.00128434
-0.00120255
-0.00113044
-0.00106705
-0.001011
-0.000960744
-0.000914784
-0.000871782
-0.000830646
-0.000790555
-0.000750959
-0.000711558
-0.00067226
-0.000633139
-0.000594386
-0.000556253
-0.000519016
-0.000482931
-0.00044821
-0.000415006
-0.000383411
-0.000353455
-0.000325119
-0.00029835
-0.00027307
-0.000249192
-0.000226629
-0.000205302
-0.000185145
-0.000166109
-0.000148159
-0.000131278
-0.000115456
-0.000100708
-8.70298e-05
-7.4476e-05
-6.29947e-05
-5.27432e-05
-4.34426e-05
-3.56186e-05
-2.81534e-05
-2.30156e-05
-1.61198e-05
-1.48899e-05
-4.72579e-06
-1.26974e-05
1.25588e-05
-2.36445e-05
5.32258e-05
-6.8303e-05
0.000159695
0.10895
0.110717
0.116612
0.125602
0.138481
0.156008
0.174013
0.189432
0.102505
-0.128746
-0.354894
-0.319574
-0.331109
-0.310804
-0.283267
-0.266587
-0.274263
-0.321368
-0.395765
-0.448557
-0.423043
-0.324725
-0.20461
-0.101154
-0.0344651
-0.0194003
-0.0311968
-0.0566199
-0.070393
-0.0951645
-0.152914
-0.226553
-0.252496
-0.206524
-0.134369
-0.0811555
-0.0537023
-0.0454469
-0.0534587
-0.0692146
-0.0788094
-0.0781866
-0.0776488
-0.087155
-0.111206
-0.150733
-0.193461
-0.210097
-0.184055
-0.131134
-0.0815916
-0.0490972
-0.0312346
-0.0233849
-0.0226684
-0.0250951
-0.026565
-0.0255757
-0.0232975
-0.021747
-0.0226711
-0.0274756
-0.035335
-0.0423983
-0.0438536
-0.0383149
-0.0287508
-0.0192789
-0.011991
-0.00698947
-0.00377634
-0.00199847
-0.00133832
-0.00139228
-0.00182369
-0.00241607
-0.00303605
-0.00365185
-0.004299
-0.00504996
-0.00587171
-0.00658434
-0.0069765
-0.0069288
-0.0064703
-0.00573886
-0.00490261
-0.00409909
-0.00341551
-0.00288965
-0.0025214
-0.00228781
-0.00215659
-0.00209568
-0.00207842
-0.00208487
-0.00210058
-0.00211561
-0.00212323
-0.00211725
-0.00209263
-0.00204678
-0.00198026
-0.00189556
-0.00179675
-0.00168953
-0.00157983
-0.00147271
-0.001372
-0.00128006
-0.00119793
-0.00112549
-0.00106182
-0.00100554
-0.000955105
-0.000909003
-0.000865912
-0.000824754
-0.000784717
-0.000745249
-0.000706038
-0.000666974
-0.000628108
-0.00058961
-0.000551716
-0.000514689
-0.00047878
-0.0004442
-0.000411106
-0.000379593
-0.000349697
-0.000321404
-0.000294666
-0.000269408
-0.000245546
-0.000222996
-0.00020168
-0.000181533
-0.000162507
-0.000144569
-0.000127703
-0.000111902
-9.71867e-05
-8.35537e-05
-7.10712e-05
-5.96829e-05
-4.95782e-05
-4.04353e-05
-3.28862e-05
-2.56025e-05
-2.09881e-05
-1.40317e-05
-1.4094e-05
-2.46717e-06
-1.51217e-05
1.82788e-05
-3.91473e-05
7.88397e-05
-0.00014738
0.000298621
0.111613
0.113702
0.120743
0.131728
0.148681
0.17281
0.208154
0.214271
0.19345
-0.147735
-0.455184
-0.342746
-0.339181
-0.319726
-0.293056
-0.274562
-0.276275
-0.316239
-0.389261
-0.452543
-0.443673
-0.354081
-0.234101
-0.130954
-0.0767868
-0.075991
-0.0974577
-0.111713
-0.107758
-0.113389
-0.15231
-0.216827
-0.251467
-0.216993
-0.148374
-0.0948055
-0.0678397
-0.0623824
-0.0751706
-0.095169
-0.104631
-0.0986216
-0.0905172
-0.0925369
-0.109119
-0.141285
-0.178578
-0.194678
-0.173219
-0.127238
-0.0834676
-0.0545216
-0.0389778
-0.0334283
-0.0348975
-0.0379499
-0.0376914
-0.0334512
-0.0281252
-0.0241459
-0.0228059
-0.0253548
-0.0315417
-0.0382846
-0.0410003
-0.037198
-0.0287791
-0.0195873
-0.0121106
-0.00685574
-0.00356239
-0.00195722
-0.00165777
-0.00213833
-0.00294696
-0.00376923
-0.00432679
-0.00455945
-0.00466854
-0.00492495
-0.00542279
-0.0060207
-0.00647002
-0.00657925
-0.00628968
-0.00568155
-0.00491382
-0.00413801
-0.00346103
-0.00293631
-0.00257046
-0.00234059
-0.00221158
-0.0021486
-0.00212349
-0.00211663
-0.00211528
-0.00211251
-0.00210433
-0.00208643
-0.0020557
-0.00200951
-0.00194581
-0.00186553
-0.00177265
-0.00167178
-0.0015677
-0.00146511
-0.00136783
-0.00127829
-0.00119764
-0.00112587
-0.0010622
-0.00100541
-0.000954112
-0.000906979
-0.000862828
-0.000820696
-0.000779858
-0.000739816
-0.000700273
-0.000661106
-0.000622329
-0.000584061
-0.000546487
-0.000509821
-0.000474274
-0.000440026
-0.000407215
-0.000375927
-0.000346197
-0.000318015
-0.00029134
-0.000266109
-0.000242248
-0.000219685
-0.00019835
-0.000178187
-0.000159154
-0.000141222
-0.00012438
-0.000108624
-9.39773e-05
-8.04378e-05
-6.80801e-05
-5.68404e-05
-4.69267e-05
-3.79754e-05
-3.06953e-05
-2.35798e-05
-1.93841e-05
-1.2335e-05
-1.34096e-05
-4.74408e-07
-1.70585e-05
2.33858e-05
-5.26739e-05
0.000101566
-0.000219854
0.000425584
0.113431
0.115768
0.123648
0.136274
0.156301
0.187468
0.23579
0.276001
0.332676
-0.117812
-0.344265
-0.339076
-0.328677
-0.310637
-0.296009
-0.292182
-0.316298
-0.373102
-0.431636
-0.435183
-0.363091
-0.257014
-0.165622
-0.130552
-0.140387
-0.163432
-0.154991
-0.132724
-0.122138
-0.14475
-0.197489
-0.236547
-0.215055
-0.155168
-0.105385
-0.0811366
-0.079633
-0.0979249
-0.122653
-0.131418
-0.118477
-0.10107
-0.0945417
-0.103213
-0.127665
-0.158866
-0.17383
-0.157114
-0.119297
-0.0829735
-0.0590278
-0.0468349
-0.0442989
-0.0481304
-0.0516313
-0.0491633
-0.0412581
-0.0324752
-0.0258457
-0.0222869
-0.0226411
-0.0270201
-0.0330832
-0.0367276
-0.0347848
-0.0279867
-0.0195824
-0.0122635
-0.00696863
-0.00377948
-0.00254031
-0.00279006
-0.00386554
-0.00514247
-0.00609065
-0.00633972
-0.005936
-0.0053013
-0.00489247
-0.0049057
-0.00524153
-0.00564436
-0.00586796
-0.00577983
-0.00537972
-0.00477307
-0.00410875
-0.00350457
-0.00302805
-0.00269528
-0.00248696
-0.00236795
-0.00230216
-0.00226142
-0.0022278
-0.00219233
-0.00215348
-0.00211087
-0.00206458
-0.00201364
-0.00195589
-0.00188967
-0.00181403
-0.00172892
-0.00163716
-0.00154291
-0.00144963
-0.0013603
-0.00127695
-0.00120065
-0.0011315
-0.00106894
-0.00101201
-0.000959604
-0.000910716
-0.000864491
-0.000820257
-0.000777517
-0.000735926
-0.000695266
-0.000655426
-0.000616383
-0.000578184
-0.000540926
-0.00050473
-0.000469723
-0.000436017
-0.000403699
-0.000372823
-0.000343408
-0.000315443
-0.000288895
-0.000263716
-0.000239852
-0.000217247
-0.000195854
-0.000175631
-0.000156548
-0.000138588
-0.000121746
-0.00010602
-9.14363e-05
-7.79919e-05
-6.57625e-05
-5.4674e-05
-4.49423e-05
-3.61676e-05
-2.91073e-05
-2.21238e-05
-1.82193e-05
-1.10788e-05
-1.28425e-05
1.08389e-06
-1.83318e-05
2.73047e-05
-6.26346e-05
0.000118674
-0.000275392
0.000522809
0.114305
0.11677
0.125107
0.138598
0.160455
0.19555
0.252867
0.320774
0.431175
-0.336855
-0.338982
-0.33204
-0.32406
-0.315281
-0.318488
-0.345162
-0.384533
-0.391545
-0.341859
-0.259703
-0.192774
-0.181387
-0.208662
-0.220545
-0.18779
-0.145989
-0.121207
-0.130131
-0.171409
-0.210562
-0.201351
-0.153809
-0.111547
-0.0922764
-0.0959931
-0.120589
-0.150278
-0.157565
-0.136322
-0.108506
-0.0930564
-0.0940111
-0.111003
-0.135975
-0.149354
-0.137268
-0.108163
-0.0802762
-0.0623398
-0.0543982
-0.0555678
-0.0620877
-0.0659985
-0.0609864
-0.049048
-0.0364575
-0.0270295
-0.0213588
-0.0196695
-0.0221513
-0.0271849
-0.031317
-0.0311921
-0.0263651
-0.0192327
-0.0124681
-0.00742719
-0.00458736
-0.00391452
-0.0048479
-0.00653361
-0.00810204
-0.00883424
-0.00843255
-0.00719892
-0.0057922
-0.00475121
-0.00429081
-0.00432196
-0.00459846
-0.00486387
-0.00494352
-0.00477441
-0.00440239
-0.00393273
-0.00348003
-0.00311633
-0.00286417
-0.00270841
-0.00261547
-0.00255077
-0.00248858
-0.00241579
-0.00233086
-0.00223813
-0.00214439
-0.00205537
-0.00197294
-0.00189568
-0.00182045
-0.00174455
-0.00166693
-0.00158728
-0.00150632
-0.00142611
-0.00134855
-0.00127496
-0.00120598
-0.00114158
-0.00108137
-0.00102475
-0.000971123
-0.000919999
-0.000870987
-0.000823828
-0.000778343
-0.000734423
-0.000691983
-0.000650957
-0.000611294
-0.00057296
-0.000535941
-0.000500239
-0.000465868
-0.000432835
-0.000401156
-0.00037083
-0.000341844
-0.00031418
-0.00028781
-0.000262704
-0.000238831
-0.000216162
-0.000194673
-0.000174347
-0.00015517
-0.000137136
-0.000120249
-0.000104511
-8.99493e-05
-7.65573e-05
-6.44086e-05
-5.34202e-05
-4.38076e-05
-3.5149e-05
-2.82225e-05
-2.13204e-05
-1.75712e-05
-1.03788e-05
-1.24915e-05
1.96826e-06
-1.89275e-05
2.94609e-05
-6.78819e-05
0.000127882
-0.0003055
0.000575543
0.11418
0.116641
0.124968
0.138441
0.160271
0.195319
0.252572
0.330567
0.488792
-0.338886
-0.351695
-0.355722
-0.357212
-0.344605
-0.323474
-0.309661
-0.314323
-0.312058
-0.282034
-0.229637
-0.202061
-0.225258
-0.269322
-0.263876
-0.208113
-0.148667
-0.11244
-0.110059
-0.141252
-0.177233
-0.178267
-0.144632
-0.112469
-0.100015
-0.110116
-0.141669
-0.176113
-0.180953
-0.15053
-0.112125
-0.0881818
-0.0821987
-0.0924931
-0.111581
-0.123148
-0.115352
-0.0948536
-0.0756581
-0.0642474
-0.0612863
-0.0668011
-0.0763774
-0.0805965
-0.0727495
-0.0565031
-0.0399755
-0.0277978
-0.0202311
-0.0167657
-0.0173675
-0.0210287
-0.0251212
-0.0265285
-0.0238541
-0.0184041
-0.0125996
-0.00815535
-0.0059315
-0.00598165
-0.00760049
-0.00968411
-0.0111317
-0.0111996
-0.00991875
-0.0079004
-0.00590037
-0.00442146
-0.00362679
-0.00340986
-0.00353706
-0.00377326
-0.00394563
-0.00396835
-0.00383621
-0.00360658
-0.00336411
-0.00316921
-0.00304114
-0.00296517
-0.00291057
-0.00284698
-0.00275621
-0.00263469
-0.00249001
-0.00233579
-0.00218639
-0.00205138
-0.00193451
-0.00183487
-0.00174895
-0.00167221
-0.00160068
-0.00153191
-0.00146496
-0.00139961
-0.00133587
-0.00127379
-0.00121347
-0.00115485
-0.00109776
-0.00104194
-0.00098719
-0.000933609
-0.000881405
-0.000830828
-0.00078211
-0.000735415
-0.00069082
-0.000648313
-0.000607819
-0.000569219
-0.000532378
-0.000497164
-0.000463457
-0.000431162
-0.000400188
-0.000370475
-0.000341972
-0.000314646
-0.000288474
-0.000263443
-0.000239549
-0.000216791
-0.000195175
-0.000174705
-0.000155389
-0.000137234
-0.000120251
-0.000104445
-8.98423e-05
-7.64331e-05
-6.42857e-05
-5.33114e-05
-4.37205e-05
-3.50866e-05
-2.81841e-05
-2.13031e-05
-1.75699e-05
-1.03894e-05
-1.25069e-05
1.94837e-06
-1.89405e-05
2.94396e-05
-6.78748e-05
0.000127841
-0.000305427
0.000575376
0.113057
0.115384
0.123232
0.135805
0.155753
0.186787
0.234922
0.30206
0.412637
-0.340984
-0.345763
-0.365146
-0.380834
-0.389222
-0.370837
-0.324819
-0.268776
-0.229609
-0.207784
-0.188546
-0.173093
-0.195754
-0.260861
-0.310598
-0.287644
-0.213728
-0.142289
-0.098596
-0.087406
-0.109636
-0.140535
-0.14907
-0.129019
-0.107963
-0.103377
-0.120666
-0.159472
-0.197984
-0.199343
-0.159563
-0.111465
-0.0802732
-0.0685844
-0.0732731
-0.0872075
-0.096983
-0.092979
-0.0803935
-0.0694578
-0.0646335
-0.0671632
-0.0775435
-0.0904254
-0.0947214
-0.0837858
-0.0631318
-0.0428188
-0.0281767
-0.0190589
-0.0141845
-0.0130921
-0.0151158
-0.0185306
-0.0208913
-0.0202506
-0.0167608
-0.0123081
-0.00883024
-0.0074881
-0.00835839
-0.010537
-0.0126678
-0.0135629
-0.0127494
-0.0106405
-0.00806713
-0.00573998
-0.00404827
-0.0030769
-0.00269998
-0.00270025
-0.00287211
-0.0030679
-0.00320604
-0.00325905
-0.00324932
-0.00322077
-0.00320618
-0.00321047
-0.00321507
-0.00319189
-0.00311998
-0.00299345
-0.00281908
-0.00261648
-0.0024088
-0.00221355
-0.00204214
-0.00189893
-0.00178268
-0.00168881
-0.00161172
-0.0015461
-0.00148757
-0.00143293
-0.00138021
-0.00132824
-0.00127631
-0.00122377
-0.00117019
-0.00111539
-0.00105964
-0.00100346
-0.000947452
-0.00089229
-0.000838649
-0.000787088
-0.000737992
-0.000691556
-0.000647805
-0.000606627
-0.000567826
-0.000531158
-0.000496375
-0.000463244
-0.000431568
-0.000401184
-0.000371975
-0.000343862
-0.000316798
-0.000290767
-0.000265772
-0.000241831
-0.000218969
-0.000197215
-0.000176594
-0.000157129
-0.000138837
-0.000121734
-0.000105826
-9.11342e-05
-7.76462e-05
-6.54232e-05
-5.43756e-05
-4.47045e-05
-3.59983e-05
-2.9004e-05
-2.20784e-05
-1.82178e-05
-1.11095e-05
-1.28861e-05
1.02782e-06
-1.83677e-05
2.72442e-05
-6.26123e-05
0.000118555
-0.00027518
0.000522325
0.110993
0.113067
0.120055
0.130955
0.147783
0.171703
0.206762
0.249584
0.261385
-0.264193
-0.348192
-0.351216
-0.374775
-0.394192
-0.405741
-0.380317
-0.314569
-0.227665
-0.153823
-0.10896
-0.0954333
-0.118332
-0.18974
-0.284489
-0.328651
-0.289555
-0.20503
-0.129234
-0.0826904
-0.0651875
-0.0789339
-0.104275
-0.117224
-0.108947
-0.0984027
-0.101775
-0.126506
-0.172378
-0.213781
-0.210721
-0.162241
-0.106424
-0.0699397
-0.0540473
-0.0543207
-0.0640501
-0.0722712
-0.0714942
-0.0656774
-0.0620213
-0.0634689
-0.0717334
-0.0872864
-0.103499
-0.107543
-0.0933212
-0.0683911
-0.0447431
-0.0281393
-0.0179254
-0.0120722
-0.00963111
-0.00998458
-0.0121301
-0.0145261
-0.015356
-0.013862
-0.0111065
-0.00899185
-0.00881639
-0.0105778
-0.0131383
-0.0149973
-0.0151169
-0.0134739
-0.0107945
-0.00796148
-0.00555559
-0.00382773
-0.00279398
-0.00232562
-0.00223185
-0.00233655
-0.00251859
-0.00270997
-0.00287637
-0.0030187
-0.00314988
-0.00327147
-0.00337082
-0.00342388
-0.00340874
-0.00331541
-0.00314805
-0.00292814
-0.00268462
-0.002442
-0.00221922
-0.00202752
-0.00187056
-0.00174641
-0.00164991
-0.00157457
-0.00151404
-0.00146295
-0.00141712
-0.00137345
-0.00132965
-0.00128417
-0.00123611
-0.00118511
-0.00113129
-0.00107513
-0.00101747
-0.000959329
-0.000901793
-0.000845829
-0.000792201
-0.000741421
-0.000693739
-0.00064918
-0.000607593
-0.000568712
-0.000532215
-0.000497768
-0.000465059
-0.000433821
-0.00040384
-0.000374961
-0.000347087
-0.000320167
-0.000294192
-0.000269179
-0.000245165
-0.000222194
-0.00020031
-0.000179555
-0.000159958
-0.000141544
-0.000124327
-0.000108312
-9.3516e-05
-7.99204e-05
-6.75783e-05
-5.6403e-05
-4.65813e-05
-3.77318e-05
-3.05491e-05
-2.35183e-05
-1.93864e-05
-1.23841e-05
-1.34764e-05
-5.59745e-07
-1.71112e-05
2.32933e-05
-5.26353e-05
0.00010138
-0.00021952
0.000424832
0.108091
0.109838
0.115662
0.124538
0.137249
0.154518
0.172137
0.186965
0.146433
-0.180236
-0.438307
-0.33386
-0.352099
-0.380247
-0.40297
-0.40932
-0.371629
-0.291088
-0.188836
-0.100441
-0.047213
-0.0402489
-0.0891641
-0.189435
-0.290511
-0.321889
-0.271244
-0.185176
-0.112409
-0.0671394
-0.0456741
-0.0509078
-0.0707406
-0.0851993
-0.0862592
-0.084486
-0.0950197
-0.126844
-0.17905
-0.221749
-0.213609
-0.157979
-0.0973269
-0.0579877
-0.0394695
-0.0363989
-0.0428571
-0.0498748
-0.0517781
-0.0513522
-0.0536572
-0.060777
-0.0747214
-0.0954615
-0.114741
-0.118122
-0.100532
-0.0717807
-0.0455464
-0.027647
-0.0168428
-0.0104581
-0.00710325
-0.00606639
-0.00669884
-0.00827995
-0.0096341
-0.00973458
-0.00884307
-0.00844176
-0.00967451
-0.0123233
-0.0150552
-0.0164255
-0.0157959
-0.0135556
-0.0106247
-0.00779652
-0.00548945
-0.00383431
-0.00280394
-0.00228414
-0.00212002
-0.00216765
-0.00232511
-0.00252716
-0.00274446
-0.0029686
-0.00318432
-0.00337262
-0.00350882
-0.00356905
-0.00353751
-0.00341298
-0.00321363
-0.00296747
-0.00270339
-0.00244647
-0.00221447
-0.00201714
-0.0018571
-0.00173187
-0.00163598
-0.00156279
-0.00150573
-0.00145893
-0.00141762
-0.00137813
-0.00133783
-0.00129495
-0.00124844
-0.00119792
-0.00114365
-0.00108642
-0.00102736
-0.000967733
-0.000908765
-0.000851534
-0.00079687
-0.000745307
-0.000697091
-0.000652221
-0.00061051
-0.000571651
-0.000535274
-0.000501003
-0.000468488
-0.000437433
-0.000407602
-0.00037883
-0.000351013
-0.000324104
-0.000298099
-0.000273027
-0.000248934
-0.000225875
-0.000203901
-0.000183057
-0.000163379
-0.000144888
-0.000127599
-0.000111511
-9.6634e-05
-8.2946e-05
-7.04889e-05
-5.91802e-05
-4.91845e-05
-4.01605e-05
-3.27236e-05
-2.55373e-05
-2.09955e-05
-1.40928e-05
-1.41737e-05
-2.56962e-06
-1.51812e-05
1.81656e-05
-3.90907e-05
7.86044e-05
-0.000146948
0.000297671
0.104491
0.105853
0.110376
0.116946
0.12564
0.135596
0.141264
0.132233
0.057676
-0.145007
-0.324062
-0.313546
-0.338464
-0.362898
-0.380303
-0.377698
-0.337042
-0.260259
-0.164707
-0.0787845
-0.0258204
-0.0262203
-0.0891279
-0.193099
-0.2806
-0.295131
-0.239062
-0.159528
-0.0948164
-0.053381
-0.029913
-0.0269423
-0.0406691
-0.0542122
-0.0619155
-0.0668974
-0.0832984
-0.121413
-0.178711
-0.220782
-0.207315
-0.146957
-0.0849358
-0.045321
-0.0256547
-0.0200781
-0.0239269
-0.0300489
-0.0341162
-0.0377418
-0.0445949
-0.0565938
-0.0758658
-0.101468
-0.123242
-0.125489
-0.104672
-0.0729263
-0.0451237
-0.0266947
-0.0157822
-0.00926873
-0.00544077
-0.00347902
-0.00288132
-0.00339474
-0.00447555
-0.00545917
-0.00622858
-0.0075849
-0.0101877
-0.0135032
-0.016139
-0.0169224
-0.0157029
-0.0131809
-0.0102859
-0.00765106
-0.00554489
-0.00401757
-0.0030246
-0.00247485
-0.00225188
-0.00224279
-0.00236223
-0.00255443
-0.00278715
-0.00303452
-0.00327055
-0.00346692
-0.00359565
-0.00363506
-0.00357672
-0.00342966
-0.00321535
-0.00296161
-0.00269634
-0.00244202
-0.00221395
-0.00202024
-0.00186283
-0.00173923
-0.0016443
-0.00157174
-0.00151517
-0.00146887
-0.00142804
-0.00138889
-0.00134862
-0.00130539
-0.00125818
-0.00120679
-0.00115159
-0.00109348
-0.00103364
-0.000973362
-0.000913902
-0.000856328
-0.00080144
-0.000749742
-0.00070145
-0.00065654
-0.000614808
-0.000575934
-0.000539542
-0.00050525
-0.000472704
-0.000441606
-0.000411721
-0.000382884
-0.000354997
-0.000328015
-0.000301939
-0.000276801
-0.000252651
-0.000229543
-0.00020753
-0.000186658
-0.000166959
-0.000148452
-0.000131148
-0.000115043
-0.000100139
-8.64109e-05
-7.38873e-05
-6.24892e-05
-5.23493e-05
-4.3169e-05
-3.5458e-05
-2.80908e-05
-2.30253e-05
-1.61841e-05
-1.49711e-05
-4.83271e-06
-1.2754e-05
1.24363e-05
-2.35694e-05
5.29583e-05
-6.78012e-05
0.000158623
0.100347
0.101314
0.104482
0.108811
0.113736
0.117886
0.115129
0.0967075
0.0303657
-0.132426
-0.251228
-0.262313
-0.296446
-0.324336
-0.340343
-0.337023
-0.301546
-0.237086
-0.157973
-0.0857392
-0.041711
-0.0431068
-0.100185
-0.189779
-0.254281
-0.253487
-0.200308
-0.133312
-0.078777
-0.0419529
-0.0178914
-0.00806667
-0.0142365
-0.024939
-0.0359426
-0.0461192
-0.0671866
-0.110561
-0.171196
-0.210548
-0.192053
-0.130169
-0.0703767
-0.0328134
-0.013241
-0.00579326
-0.00728726
-0.0125937
-0.0182457
-0.0248249
-0.0349557
-0.0509455
-0.074933
-0.104737
-0.128161
-0.128847
-0.105212
-0.071661
-0.043501
-0.0253329
-0.0147251
-0.0083804
-0.0044431
-0.00205453
-0.000763868
-0.000461485
-0.00110406
-0.00248127
-0.0044286
-0.00713683
-0.0106352
-0.014124
-0.0163502
-0.0165734
-0.0150173
-0.0125146
-0.00986379
-0.00752591
-0.00566161
-0.00428189
-0.00334438
-0.00278165
-0.0025088
-0.00244293
-0.00251571
-0.00267558
-0.00288626
-0.0031169
-0.00333486
-0.00350838
-0.00361019
-0.00362377
-0.00354719
-0.00339176
-0.0031789
-0.00293421
-0.00268178
-0.00244075
-0.00222402
-0.00203843
-0.0018857
-0.00176381
-0.00166842
-0.00159406
-0.00153502
-0.00148602
-0.00144248
-0.00140077
-0.0013582
-0.00131299
-0.00126419
-0.00121158
-0.00115556
-0.00109702
-0.00103709
-0.00097698
-0.000917847
-0.000860661
-0.000806142
-0.000754736
-0.00070663
-0.000661793
-0.000620028
-0.000581036
-0.000544464
-0.000509953
-0.000477174
-0.000445845
-0.000415748
-0.000386727
-0.000358689
-0.000331592
-0.000305437
-0.000280252
-0.000256082
-0.000232978
-0.000210986
-0.000190147
-0.000170489
-0.000152029
-0.000134773
-0.000118715
-0.000103852
-9.01554e-05
-7.76397e-05
-6.62279e-05
-5.60113e-05
-4.67322e-05
-3.87703e-05
-3.12282e-05
-2.55698e-05
-1.8745e-05
-1.60406e-05
-7.37452e-06
-1.02499e-05
6.47865e-06
-7.93166e-06
2.70432e-05
7.77415e-06
2.48338e-05
0.095821
0.096397
0.0982585
0.10046
0.102139
0.101364
0.0929838
0.0682167
0.0107182
-0.1071
-0.206925
-0.235457
-0.268557
-0.292022
-0.303844
-0.299474
-0.270557
-0.219607
-0.157325
-0.100204
-0.064269
-0.0655989
-0.108139
-0.171235
-0.21249
-0.206131
-0.163386
-0.110682
-0.0656622
-0.0329395
-0.00921762
0.00535861
0.00739098
0.00126151
-0.00896431
-0.0229042
-0.0480088
-0.0955086
-0.157182
-0.191804
-0.169141
-0.109376
-0.0549899
-0.0211937
-0.00263478
0.00613978
0.00701261
0.00280237
-0.00366535
-0.0123184
-0.0247672
-0.043881
-0.0717835
-0.10484
-0.128876
-0.127665
-0.101964
-0.0680836
-0.0408402
-0.0236601
-0.0136846
-0.00769209
-0.00387689
-0.00139527
0.000135386
0.00071998
0.000209113
-0.00137557
-0.00393457
-0.00731643
-0.0110453
-0.0141954
-0.0158151
-0.0155903
-0.0139645
-0.0117001
-0.00940635
-0.00739984
-0.00578014
-0.00454945
-0.00367733
-0.00311676
-0.0028081
-0.00268962
-0.00270644
-0.00281571
-0.00298202
-0.00317197
-0.00335185
-0.00349068
-0.00356406
-0.00355869
-0.00347509
-0.00332434
-0.00312527
-0.00289958
-0.00266742
-0.00244476
-0.00224246
-0.00206652
-0.0019188
-0.00179803
-0.00170089
-0.00162293
-0.00155934
-0.0015055
-0.00145734
-0.00141152
-0.00136552
-0.00131762
-0.00126692
-0.00121319
-0.00115675
-0.00109835
-0.00103895
-0.000979614
-0.00092133
-0.000864945
-0.000811087
-0.000760149
-0.000712302
-0.000667523
-0.00062565
-0.000586421
-0.000549529
-0.000514659
-0.000481517
-0.000449849
-0.000419457
-0.000390198
-0.000361981
-0.000334766
-0.000308547
-0.000283345
-0.000259194
-0.000236137
-0.000214214
-0.000193456
-0.000173889
-0.000155524
-0.000138368
-0.000122412
-0.00010765
-9.40544e-05
-8.1623e-05
-7.02806e-05
-6.00698e-05
-5.07708e-05
-4.26143e-05
-3.49353e-05
-2.86715e-05
-2.18323e-05
-1.7551e-05
-1.02605e-05
-8.14361e-06
5.25161e-07
6.0721e-06
3.01307e-06
7.16091e-05
-9.00301e-05
0.0910699
0.0912841
0.0919332
0.092257
0.0912038
0.0867437
0.0746112
0.0475472
-0.00306255
-0.094524
-0.176276
-0.208497
-0.240019
-0.262486
-0.273352
-0.269911
-0.246802
-0.206373
-0.157254
-0.112308
-0.0832458
-0.080631
-0.107096
-0.148234
-0.174684
-0.167874
-0.134926
-0.0933783
-0.0556801
-0.0262031
-0.00337067
0.0136681
0.0225271
0.0225371
0.0159594
0.000451902
-0.0283208
-0.0784116
-0.138021
-0.166145
-0.140923
-0.0868217
-0.0400956
-0.0109679
0.00601367
0.0155685
0.018747
0.0162025
0.00988328
4.06816e-05
-0.0140848
-0.0355704
-0.0664556
-0.101565
-0.125055
-0.121816
-0.0951614
-0.0625702
-0.0374146
-0.0217981
-0.0126887
-0.00715952
-0.00359688
-0.00124039
0.000246055
0.000841537
0.000322819
-0.00139144
-0.00414087
-0.00756343
-0.010991
-0.0135563
-0.0146354
-0.0142079
-0.0127495
-0.0108502
-0.00894642
-0.00726064
-0.00586852
-0.00477926
-0.00397684
-0.00343046
-0.00309873
-0.00293594
-0.00289937
-0.00295294
-0.0030646
-0.0032033
-0.00333776
-0.00343969
-0.0034875
-0.00346994
-0.00338686
-0.00324756
-0.0030675
-0.00286434
-0.0026545
-0.00245121
-0.00226377
-0.00209761
-0.00195483
-0.00183493
-0.00173558
-0.0016534
-0.00158451
-0.00152506
-0.00147154
-0.00142099
-0.00137113
-0.00132038
-0.00126781
-0.00121313
-0.00115653
-0.00109855
-0.00103999
-0.000981704
-0.000924505
-0.000869103
-0.00081603
-0.000765631
-0.000718065
-0.000673332
-0.000631307
-0.000591784
-0.000554507
-0.000519213
-0.000485649
-0.000453594
-0.000422873
-0.000393355
-0.000364954
-0.000337626
-0.000311358
-0.000286159
-0.000262055
-0.000239075
-0.000217249
-0.000196603
-0.000177156
-0.000158919
-0.000141895
-0.000126079
-0.000111463
-9.80177e-05
-8.5729e-05
-7.45233e-05
-6.43911e-05
-5.51475e-05
-4.68662e-05
-3.91077e-05
-3.22788e-05
-2.54263e-05
-1.9616e-05
-1.35475e-05
-6.85364e-06
-5.29365e-06
1.70809e-05
-1.76187e-05
0.000118533
-0.000177381
0.0862384
0.0861271
0.0856955
0.0843977
0.081132
0.0738991
0.0593786
0.0317469
-0.0132338
-0.085354
-0.152701
-0.187458
-0.218227
-0.239341
-0.249082
-0.246074
-0.227308
-0.195116
-0.156213
-0.120239
-0.096253
-0.0915684
-0.107214
-0.132844
-0.148177
-0.14053
-0.114088
-0.0803504
-0.0482168
-0.0214729
0.000237054
0.017991
0.0308061
0.0365898
0.0342048
0.0195769
-0.0119106
-0.0623267
-0.115982
-0.136325
-0.110655
-0.064867
-0.0267592
-0.00240024
0.0127683
0.0225376
0.0275899
0.0271832
0.0220113
0.01204
-0.00325273
-0.0264975
-0.0593063
-0.0950293
-0.116796
-0.111687
-0.0854935
-0.055736
-0.0335629
-0.0198679
-0.011755
-0.00674784
-0.0034969
-0.00135279
-1.9164e-05
0.000489135
-1.70773e-05
-0.00163628
-0.00420541
-0.0072848
-0.0102022
-0.012259
-0.0130633
-0.0127021
-0.0115527
-0.0100484
-0.00850921
-0.0071088
-0.00591863
-0.00495882
-0.00422592
-0.00370171
-0.00335822
-0.00316153
-0.00307864
-0.00308021
-0.00313862
-0.00322638
-0.00331601
-0.00338279
-0.00340801
-0.00338116
-0.00330091
-0.00317427
-0.00301315
-0.00283146
-0.00264248
-0.00245718
-0.00228356
-0.0021266
-0.00198861
-0.0018697
-0.00176844
-0.00168235
-0.00160843
-0.00154357
-0.00148483
-0.00142968
-0.00137607
-0.00132255
-0.00126821
-0.00121267
-0.00115599
-0.00109852
-0.00104084
-0.000983621
-0.000927505
-0.000873068
-0.000820759
-0.000770878
-0.000723575
-0.000678873
-0.00063669
-0.000596868
-0.000559207
-0.000523492
-0.000489512
-0.00045708
-0.00042604
-0.000396273
-0.000367699
-0.000340269
-0.000313962
-0.000288778
-0.000264729
-0.000241835
-0.000220117
-0.000199593
-0.000180277
-0.000162178
-0.0001453
-0.000129638
-0.000115184
-0.000101913
-8.9796e-05
-7.87638e-05
-6.87554e-05
-5.96201e-05
-5.1275e-05
-4.34943e-05
-3.61784e-05
-2.93327e-05
-2.21394e-05
-1.71198e-05
-6.55971e-06
-1.08212e-05
2.43413e-05
-3.39814e-05
0.000146604
-0.000233913
0.081456
0.0810629
0.0796944
0.0770492
0.0720328
0.062826
0.0468816
0.0197619
-0.0204473
-0.0789729
-0.135545
-0.169758
-0.198497
-0.218293
-0.227735
-0.225973
-0.211342
-0.185825
-0.1548
-0.125787
-0.105604
-0.0993123
-0.107269
-0.121905
-0.129497
-0.121046
-0.0988523
-0.0706055
-0.0427582
-0.0184389
0.002076
0.019437
0.0335942
0.0425459
0.0431025
0.0302818
-0.00153675
-0.0492517
-0.093278
-0.105217
-0.081516
-0.0453636
-0.0155666
0.0044779
0.0178455
0.0272809
0.0334126
0.0351613
0.0318018
0.0226634
0.00681899
-0.0176078
-0.0511244
-0.0857879
-0.10476
-0.0982409
-0.0740337
-0.0483244
-0.0296245
-0.0179721
-0.0108914
-0.0064309
-0.00351789
-0.00161473
-0.000462406
-4.24608e-05
-0.000487886
-0.00187288
-0.00405242
-0.00663661
-0.00905987
-0.0107806
-0.0115135
-0.0113254
-0.0104941
-0.00934002
-0.00811004
-0.00695106
-0.00593487
-0.00509037
-0.00442358
-0.00392573
-0.00357865
-0.00335793
-0.00323841
-0.00319616
-0.00320792
-0.00325026
-0.00329971
-0.00333505
-0.00333996
-0.00330464
-0.00322665
-0.00311068
-0.00296559
-0.00280216
-0.00263102
-0.00246126
-0.00229976
-0.0021511
-0.00201766
-0.00190004
-0.00179748
-0.00170826
-0.00163011
-0.00156057
-0.00149724
-0.00143797
-0.00138097
-0.00132492
-0.00126893
-0.00121257
-0.00115575
-0.00109867
-0.00104174
-0.00098544
-0.000930272
-0.000876692
-0.000825069
-0.000775659
-0.000728605
-0.000683947
-0.000641635
-0.000601557
-0.00056356
-0.000527471
-0.000493119
-0.000460346
-0.000429016
-0.000399023
-0.000370289
-0.000342765
-0.000316422
-0.000291252
-0.000267255
-0.000244443
-0.000222827
-0.000202419
-0.000183229
-0.000165264
-0.000148527
-0.000133016
-0.000118721
-0.000105622
-9.36766e-05
-8.2822e-05
-7.29495e-05
-6.39433e-05
-5.55734e-05
-4.78149e-05
-4.00985e-05
-3.32967e-05
-2.4964e-05
-2.08158e-05
-7.26013e-06
-1.58993e-05
2.77109e-05
-4.5786e-05
0.000156639
-0.000260799
0.0768345
0.0762029
0.0740434
0.0703008
0.0639334
0.0533492
0.0366404
0.0105268
-0.0256685
-0.0743886
-0.122443
-0.155207
-0.182304
-0.201133
-0.210427
-0.209726
-0.198234
-0.177861
-0.152918
-0.129155
-0.111838
-0.104578
-0.107297
-0.114412
-0.116408
-0.107031
-0.0875964
-0.0632962
-0.0388127
-0.0166802
0.00257315
0.0191023
0.0330005
0.0427289
0.0446542
0.0334505
0.00487781
-0.035591
-0.0685162
-0.0745287
-0.0559112
-0.0293286
-0.00661658
0.00981308
0.0215155
0.0302269
0.0366266
0.0398131
0.0382595
0.0304686
0.0147883
-0.0101529
-0.0430627
-0.0748738
-0.0902659
-0.082983
-0.062074
-0.0410625
-0.0258799
-0.0161846
-0.0100969
-0.00617866
-0.00360508
-0.00193601
-0.000950662
-0.000608941
-0.000988006
-0.00212935
-0.00391363
-0.00602997
-0.0080334
-0.0095041
-0.0102132
-0.0101831
-0.00961131
-0.00873674
-0.00775532
-0.00679469
-0.00592541
-0.00518155
-0.00457554
-0.00410562
-0.00376087
-0.00352425
-0.00337679
-0.00329939
-0.00327277
-0.00327709
-0.00329245
-0.00330069
-0.00328756
-0.00324395
-0.00316666
-0.0030585
-0.00292582
-0.0027769
-0.00262021
-0.00246328
-0.00231204
-0.0021706
-0.00204139
-0.0019253
-0.00182207
-0.00173056
-0.00164911
-0.0015758
-0.00150868
-0.00144593
-0.00138602
-0.00132775
-0.00127026
-0.00121309
-0.00115605
-0.00109922
-0.00104283
-0.00098725
-0.000932838
-0.000879956
-0.000828901
-0.000779891
-0.000733058
-0.00068845
-0.000646045
-0.000605766
-0.000567495
-0.000531099
-0.000496437
-0.000463375
-0.000431798
-0.000401609
-0.000372736
-0.000345126
-0.000318748
-0.000293584
-0.000269629
-0.000246885
-0.000225356
-0.000205049
-0.00018597
-0.000168123
-0.00015151
-0.000136131
-0.000121975
-0.000109023
-9.72257e-05
-8.65246e-05
-7.67695e-05
-6.78803e-05
-5.94976e-05
-5.17764e-05
-4.37515e-05
-3.70261e-05
-2.78085e-05
-2.43659e-05
-8.75918e-06
-2.0363e-05
2.7536e-05
-5.32208e-05
0.000151397
-0.000262298
0.0724682
0.0716401
0.0688275
0.0642135
0.0568271
0.0453242
0.0282963
0.00339454
-0.0294177
-0.0709393
-0.112435
-0.143256
-0.168535
-0.1863
-0.195495
-0.195872
-0.187144
-0.170977
-0.150819
-0.131164
-0.116049
-0.108069
-0.106982
-0.10879
-0.106854
-0.0967656
-0.0792457
-0.0578513
-0.0360259
-0.0158224
0.00213716
0.0177315
0.0308213
0.0402669
0.0429091
0.034166
0.011531
-0.0194148
-0.0436142
-0.0482983
-0.0358875
-0.0170301
0.000317056
0.0138459
0.0240323
0.0318465
0.0378849
0.0415217
0.0411207
0.0345503
0.0196306
-0.00481493
-0.0357144
-0.0631253
-0.0746233
-0.0675307
-0.0508096
-0.0344999
-0.0225077
-0.0145487
-0.00937004
-0.00596937
-0.00372329
-0.00227407
-0.00143326
-0.00115127
-0.00147035
-0.0024081
-0.00386524
-0.00559802
-0.00726103
-0.00852512
-0.00920011
-0.00927822
-0.0088963
-0.00823325
-0.0074462
-0.00664567
-0.00589856
-0.00524104
-0.00468954
-0.00424719
-0.00390853
-0.00366224
-0.0034943
-0.00338964
-0.00333237
-0.00330581
-0.00329307
-0.00327854
-0.00324969
-0.00319808
-0.00312011
-0.0030171
-0.00289351
-0.00275566
-0.00261032
-0.00246369
-0.00232088
-0.0021856
-0.0020602
-0.00194576
-0.00184236
-0.00174932
-0.00166543
-0.0015892
-0.00151905
-0.00145348
-0.00139114
-0.00133096
-0.00127215
-0.0012142
-0.00115686
-0.00110011
-0.00104409
-0.000989016
-0.000935174
-0.000882833
-0.000832232
-0.000783553
-0.000736914
-0.000692367
-0.000649907
-0.000609482
-0.000571003
-0.000534366
-0.000499456
-0.000466161
-0.000434379
-0.000404024
-0.000375029
-0.000347341
-0.000320926
-0.000295761
-0.000271835
-0.000249142
-0.000227682
-0.000207457
-0.000188468
-0.000170717
-0.000154206
-0.000138934
-0.000124888
-0.000112052
-0.000100365
-8.97771e-05
-8.0102e-05
-7.12966e-05
-6.28908e-05
-5.52077e-05
-4.69441e-05
-4.03077e-05
-3.0472e-05
-2.75807e-05
-1.08136e-05
-2.41008e-05
2.44914e-05
-5.68318e-05
0.00013461
-0.000244354
0.0684346
0.0674478
0.0641072
0.0588144
0.0506762
0.038586
0.0215218
-0.00214672
-0.0321321
-0.0683033
-0.104688
-0.133487
-0.157168
-0.174096
-0.183307
-0.18463
-0.178076
-0.165142
-0.148647
-0.13211
-0.118667
-0.110238
-0.106559
-0.104671
-0.0999391
-0.0892578
-0.0730518
-0.0538097
-0.034092
-0.0155579
0.00115595
0.0157953
0.0280496
0.0369283
0.0399999
0.0339189
0.0171915
-0.00587201
-0.024365
-0.0292695
-0.0214032
-0.00783319
0.00564768
0.0168451
0.0256517
0.032546
0.0378943
0.0413164
0.0413358
0.0356373
0.0219074
-0.0005599
-0.0277578
-0.0501587
-0.0587357
-0.0533238
-0.0410925
-0.0289293
-0.0195838
-0.0130847
-0.0087101
-0.00578632
-0.00384403
-0.00259321
-0.00187535
-0.00164028
-0.00190895
-0.002685
-0.00388596
-0.00531866
-0.0067114
-0.00780177
-0.0084301
-0.00857338
-0.00832452
-0.00781822
-0.00718104
-0.00650814
-0.00586131
-0.00527676
-0.00477308
-0.00435679
-0.00402642
-0.00377496
-0.00359238
-0.00346697
-0.00338572
-0.00333458
-0.00329912
-0.00326581
-0.00322353
-0.00316449
-0.00308488
-0.00298496
-0.00286779
-0.00273818
-0.00260153
-0.00246303
-0.00232703
-0.00219689
-0.00207483
-0.00196202
-0.0018588
-0.0017648
-0.00167917
-0.00160075
-0.00152826
-0.00146045
-0.00139614
-0.00133438
-0.00127441
-0.00121573
-0.00115805
-0.00110128
-0.00104546
-0.000990733
-0.000937296
-0.000885356
-0.0008351
-0.000786682
-0.000740203
-0.000695717
-0.000653228
-0.0006127
-0.000574069
-0.00053725
-0.000502148
-0.000468668
-0.000436722
-0.000406232
-0.000377134
-0.000349377
-0.000322925
-0.000297751
-0.000273841
-0.000251184
-0.000229774
-0.000209609
-0.000190688
-0.000173012
-0.000156578
-0.000141385
-0.000127416
-0.000114657
-0.000103038
-9.25151e-05
-8.28723e-05
-7.41036e-05
-6.56497e-05
-5.79834e-05
-4.95323e-05
-4.2984e-05
-3.27635e-05
-3.02831e-05
-1.31282e-05
-2.70416e-05
1.9425e-05
-5.73461e-05
0.000110294
-0.000213334
0.0647966
0.0636844
0.0599255
0.054115
0.0454355
0.0329943
0.0160639
-0.00644649
-0.0340923
-0.0662404
-0.0986614
-0.125551
-0.147773
-0.163904
-0.173081
-0.175192
-0.17042
-0.160082
-0.146468
-0.13237
-0.120246
-0.11154
-0.106025
-0.10154
-0.0948329
-0.0837194
-0.0684581
-0.0508332
-0.0327856
-0.0156652
-8.45727e-05
0.0136344
0.0251199
0.0334428
0.0367304
0.0325561
0.020039
0.00264061
-0.011596
-0.0161727
-0.0110392
-0.000976957
0.00970577
0.0190342
0.0266132
0.032632
0.0372503
0.0401953
0.0402398
0.0353055
0.0232962
0.0039715
-0.0187405
-0.0370818
-0.0446241
-0.0417156
-0.0333591
-0.0244118
-0.0171135
-0.0118006
-0.00811902
-0.00562151
-0.00395301
-0.00287844
-0.00226495
-0.00206629
-0.00229245
-0.0029408
-0.00394278
-0.00514289
-0.00632337
-0.00727104
-0.00784989
-0.00802923
-0.0078718
-0.00748024
-0.00695738
-0.00638502
-0.00581941
-0.00529552
-0.00483291
-0.0044403
-0.00411911
-0.00386562
-0.00367291
-0.00353202
-0.00343228
-0.00336184
-0.00330825
-0.00325968
-0.00320616
-0.00314046
-0.00305871
-0.00296044
-0.00284766
-0.00272406
-0.00259399
-0.00246178
-0.00233121
-0.00220528
-0.00208606
-0.00197479
-0.00187195
-0.00177741
-0.00169056
-0.00161053
-0.00153627
-0.00146671
-0.00140084
-0.00133777
-0.00127683
-0.0012175
-0.00115947
-0.00110259
-0.00104686
-0.000992346
-0.000939185
-0.000887532
-0.000837535
-0.000789319
-0.000742971
-0.000698543
-0.000656043
-0.000615449
-0.000576709
-0.000539756
-0.000504509
-0.000470887
-0.000438811
-0.000408211
-0.000379027
-0.00035121
-0.000324721
-0.000299535
-0.00027563
-0.000252994
-0.000231619
-0.000211497
-0.000192626
-0.000175004
-0.000158624
-0.000143484
-0.000129565
-0.000116849
-0.000105259
-9.47568e-05
-8.5103e-05
-7.63265e-05
-6.78003e-05
-6.01245e-05
-5.15235e-05
-4.50551e-05
-3.46428e-05
-3.24505e-05
-1.55046e-05
-2.92384e-05
1.31601e-05
-5.56304e-05
8.21642e-05
-0.000175162
0.0616033
0.0603942
0.056311
0.0501136
0.0410539
0.0284219
0.0117122
-0.00977027
-0.0355091
-0.0646216
-0.0939814
-0.119183
-0.140163
-0.155644
-0.164827
-0.167607
-0.164246
-0.155899
-0.144471
-0.132216
-0.121092
-0.112222
-0.105444
-0.0991674
-0.0910828
-0.0796529
-0.0650685
-0.048657
-0.0319234
-0.0159756
-0.00138163
0.0115126
0.022315
0.0301745
0.0335762
0.0307339
0.0212058
0.0078569
-0.00322805
-0.00716579
-0.00362097
0.00411027
0.0127623
0.0206089
0.0271316
0.0323538
0.036323
0.03877
0.0386933
0.0343784
0.0241394
0.00792762
-0.0109971
-0.0265782
-0.0339433
-0.0330635
-0.0274682
-0.0208225
-0.015063
-0.0106991
-0.00760104
-0.00547266
-0.00404286
-0.00312024
-0.00259415
-0.00242452
-0.00261623
-0.00316487
-0.00401363
-0.00503507
-0.00605062
-0.00688322
-0.00741519
-0.00761237
-0.00751703
-0.00720877
-0.00677219
-0.006278
-0.00577714
-0.00530277
-0.00487463
-0.00450282
-0.00419079
-0.0039373
-0.00373782
-0.00358555
-0.0034718
-0.00338643
-0.00331862
-0.00325785
-0.0031951
-0.00312365
-0.00303962
-0.00294203
-0.00283218
-0.00271288
-0.0025877
-0.0024603
-0.00233397
-0.00221141
-0.00209456
-0.00198467
-0.00188231
-0.00178749
-0.00169984
-0.00161865
-0.00154306
-0.00147217
-0.00140507
-0.00134097
-0.00127921
-0.00121932
-0.00116095
-0.00110394
-0.00104822
-0.000993824
-0.000940841
-0.000889386
-0.000839573
-0.000791506
-0.000745261
-0.000700882
-0.000658382
-0.000617744
-0.000578929
-0.000541878
-0.000506524
-0.000472794
-0.000440618
-0.000409932
-0.000380677
-0.000352808
-0.000326286
-0.000301083
-0.000277177
-0.000254552
-0.000233197
-0.000213104
-0.000194265
-0.000176678
-0.000160333
-0.000145225
-0.000131329
-0.000118627
-0.000107032
-9.65128e-05
-8.68099e-05
-7.79852e-05
-6.93624e-05
-6.1648e-05
-5.29231e-05
-4.65161e-05
-3.60523e-05
-3.40457e-05
-1.77176e-05
-3.07356e-05
6.50539e-06
-5.24872e-05
5.3398e-05
-0.000134901
0.0588932
0.0576109
0.0532823
0.0468027
0.0374838
0.0247645
0.00830503
-0.0123063
-0.0365237
-0.0633556
-0.0903799
-0.11416
-0.134103
-0.149026
-0.158187
-0.161482
-0.159214
-0.152405
-0.142656
-0.131819
-0.121483
-0.112554
-0.104899
-0.0973794
-0.0883357
-0.0766853
-0.0625942
-0.04709
-0.0313745
-0.0163723
-0.00260079
0.00959537
0.0198258
0.0273181
0.030812
0.0289553
0.0215894
0.0111374
0.0023657
-0.000931672
0.00167406
0.00784058
0.0150242
0.0217202
0.0273684
0.0319017
0.0353098
0.0373318
0.0371086
0.0332183
0.0242932
0.0103813
-0.00577993
-0.0193261
-0.0264329
-0.026816
-0.023056
-0.0180229
-0.0134055
-0.00978453
-0.00716193
-0.00534149
-0.00411249
-0.00331705
-0.00286256
-0.00271571
-0.0028801
-0.00335213
-0.00408453
-0.0049706
-0.00586012
-0.00660228
-0.0070933
-0.00729763
-0.00724388
-0.00699528
-0.00662281
-0.00618829
-0.00573794
-0.005303
-0.00490295
-0.00454869
-0.00424511
-0.00399274
-0.00378889
-0.00362846
-0.00350426
-0.00340757
-0.00332881
-0.00325851
-0.0031884
-0.00311215
-0.00302595
-0.00292848
-0.00282052
-0.00270425
-0.00258264
-0.00245884
-0.00233576
-0.00221584
-0.00210092
-0.00199219
-0.00189031
-0.0017954
-0.00170722
-0.00162521
-0.00154866
-0.00147676
-0.00140872
-0.0013438
-0.0012814
-0.00122103
-0.00116237
-0.00110521
-0.00104946
-0.00099512
-0.000942248
-0.000890924
-0.000841241
-0.000793284
-0.000747116
-0.000702778
-0.000660284
-0.00061962
-0.000580753
-0.000543633
-0.000508201
-0.000474391
-0.000442139
-0.000411385
-0.000382075
-0.000354163
-0.000327612
-0.000302392
-0.00027848
-0.000255859
-0.000234515
-0.000214439
-0.000195622
-0.000178057
-0.000161732
-0.00014664
-0.000132751
-0.000120045
-0.000108425
-9.78662e-05
-8.80943e-05
-7.92002e-05
-7.04725e-05
-6.27047e-05
-5.38819e-05
-4.75211e-05
-3.70997e-05
-3.52003e-05
-1.97054e-05
-3.17169e-05
6.35949e-08
-4.87262e-05
2.64714e-05
-9.66258e-05
0.0566949
0.0553593
0.0508509
0.0441718
0.0346818
0.0219364
0.00571555
-0.0141946
-0.0372387
-0.0623906
-0.0876768
-0.110323
-0.129445
-0.143932
-0.153082
-0.156784
-0.155346
-0.14968
-0.141166
-0.131364
-0.121604
-0.112643
-0.104407
-0.0960478
-0.0863541
-0.074557
-0.0608215
-0.0459831
-0.031036
-0.0167689
-0.00365181
0.007985
0.0177639
0.0249791
0.0285534
0.0274261
0.0216072
0.0132022
0.00608518
0.00332846
0.00538905
0.0105186
0.01666
0.0224877
0.0274432
0.0314146
0.0343646
0.0360457
0.0356952
0.0320847
0.0240705
0.0117724
-0.0024323
-0.0144982
-0.0212717
-0.0223893
-0.0198231
-0.0159023
-0.0121142
-0.00905654
-0.00680617
-0.0052314
-0.00416362
-0.00346987
-0.00307181
-0.00294251
-0.00308624
-0.00350119
-0.00414758
-0.0049337
-0.00572944
-0.00640274
-0.00686006
-0.00706568
-0.00703921
-0.00683246
-0.00650648
-0.00611625
-0.0057041
-0.00529951
-0.00492149
-0.00458139
-0.00428506
-0.00403429
-0.00382776
-0.00366162
-0.00352988
-0.00342485
-0.00333791
-0.00326038
-0.00318458
-0.00310452
-0.00301641
-0.00291877
-0.00281197
-0.00269779
-0.00257872
-0.00245755
-0.00233688
-0.00221897
-0.00210553
-0.00199775
-0.0018963
-0.0018014
-0.00171289
-0.00163032
-0.00155308
-0.00148045
-0.00141171
-0.00134618
-0.00128328
-0.00122253
-0.00116362
-0.00110631
-0.00105052
-0.000996201
-0.000943391
-0.000892151
-0.000842556
-0.000794674
-0.000748563
-0.000704257
-0.000661769
-0.000621089
-0.000582188
-0.00054502
-0.000509532
-0.000475664
-0.000443356
-0.000412552
-0.000383198
-0.000355252
-0.000328676
-0.00030344
-0.00027952
-0.000256897
-0.000235558
-0.000215491
-0.000196685
-0.000179131
-0.000162816
-0.000147729
-0.000133834
-0.00012111
-0.000109452
-9.88397e-05
-8.89875e-05
-8.00088e-05
-7.1174e-05
-6.33418e-05
-5.44372e-05
-4.81025e-05
-3.77689e-05
-3.59194e-05
-2.13062e-05
-3.22441e-05
-5.58489e-06
-4.49363e-05
3.27438e-06
-6.33017e-05
0.0550296
0.053657
0.0490236
0.04221
0.0326124
0.0198715
0.00385026
-0.0155332
-0.0377223
-0.0616901
-0.0857434
-0.107544
-0.126054
-0.140211
-0.149342
-0.15333
-0.152482
-0.147628
-0.13999
-0.130926
-0.121587
-0.112627
-0.104019
-0.0951102
-0.0849894
-0.0730977
-0.0596085
-0.045237
-0.0308399
-0.0171106
-0.00447988
0.00674119
0.0161869
0.0232069
0.0268473
0.0262357
0.021479
0.0144658
0.00848741
0.00614718
0.00789842
0.0123583
0.017788
0.0229946
0.0274365
0.030983
0.0335874
0.0350147
0.0345698
0.0311499
0.0237614
0.0125677
-0.000302089
-0.0113376
-0.017819
-0.0193627
-0.0175585
-0.0143807
-0.0111681
-0.00851431
-0.0065374
-0.00514583
-0.004199
-0.00358133
-0.00322502
-0.0031084
-0.0032372
-0.00361161
-0.0041974
-0.00491321
-0.00564263
-0.00626645
-0.0066983
-0.00690272
-0.0068936
-0.00671507
-0.00642131
-0.00606235
-0.00567758
-0.005295
-0.00493321
-0.00460373
-0.00431305
-0.00406384
-0.00385572
-0.00368576
-0.00354879
-0.00343791
-0.00334516
-0.00326246
-0.00318253
-0.00309963
-0.00301004
-0.00291212
-0.00280603
-0.00269322
-0.00257589
-0.00245654
-0.00233758
-0.0022211
-0.00210875
-0.00200168
-0.00190058
-0.00180573
-0.00171701
-0.00163407
-0.00155636
-0.00148323
-0.001414
-0.00134802
-0.00128475
-0.00122373
-0.00116462
-0.0011072
-0.00105136
-0.000997039
-0.000944264
-0.000893076
-0.000843536
-0.000795706
-0.000749633
-0.000705351
-0.00066287
-0.000622181
-0.000583257
-0.000546057
-0.000510532
-0.000476624
-0.000444277
-0.000413436
-0.000384052
-0.000356081
-0.000329486
-0.000304237
-0.000280309
-0.000257685
-0.000236348
-0.000216286
-0.000197486
-0.000179939
-0.000163628
-0.000148541
-0.000134638
-0.000121895
-0.000110203
-9.9542e-05
-8.96213e-05
-8.05724e-05
-7.165e-05
-6.37647e-05
-5.48042e-05
-4.8489e-05
-3.82554e-05
-3.64222e-05
-2.25883e-05
-3.25605e-05
-1.01448e-05
-4.1712e-05
-1.49351e-05
-3.70668e-05
0.0539119
0.052516
0.047804
0.0409079
0.0312482
0.0185211
0.00264195
-0.0163908
-0.038022
-0.0612341
-0.0844977
-0.105739
-0.123845
-0.137784
-0.146904
-0.151081
-0.150616
-0.146282
-0.139202
-0.130605
-0.121531
-0.112577
-0.103743
-0.0945041
-0.0841264
-0.0721804
-0.0588482
-0.0447748
-0.0307335
-0.0173569
-0.00504812
0.00589679
0.0151247
0.0220199
0.0257067
0.0254246
0.0213335
0.0151857
0.00992135
0.00786291
0.00945159
0.0135123
0.0184977
0.0233024
0.0274039
0.0306661
0.0330405
0.0343005
0.0337942
0.030496
0.0235029
0.0130009
0.000964567
-0.00942056
-0.0156958
-0.0174718
-0.0161179
-0.0133958
-0.0105472
-0.00815502
-0.00635828
-0.00508845
-0.00422208
-0.0036548
-0.00332585
-0.00321739
-0.00333651
-0.00368495
-0.00423205
-0.004903
-0.0055899
-0.00618156
-0.00659621
-0.00679879
-0.0067998
-0.00663869
-0.00636527
-0.00602634
-0.00565929
-0.00529111
-0.00494002
-0.00461765
-0.00433086
-0.00408286
-0.00387389
-0.00370158
-0.00356132
-0.00344671
-0.00335024
-0.00326418
-0.00318155
-0.00309675
-0.00300612
-0.00290796
-0.00280225
-0.00269027
-0.00257402
-0.00245583
-0.00233796
-0.00222241
-0.00211077
-0.00200418
-0.00190334
-0.00180853
-0.0017197
-0.00163654
-0.00155853
-0.00148508
-0.00141553
-0.00134927
-0.00128576
-0.00122455
-0.00116531
-0.00110781
-0.00105193
-0.000997604
-0.000944845
-0.000893687
-0.000844181
-0.000796382
-0.000750334
-0.000706067
-0.000663591
-0.000622896
-0.000583959
-0.00054674
-0.00051119
-0.000477257
-0.000444885
-0.00041402
-0.000384615
-0.000356627
-0.000330018
-0.000304759
-0.000280826
-0.000258199
-0.000236861
-0.0002168
-0.000198002
-0.000180457
-0.000164147
-0.000149056
-0.000135143
-0.000122383
-0.000110661
-9.99594e-05
-8.99836e-05
-8.08817e-05
-7.18863e-05
-6.39513e-05
-5.49469e-05
-4.8635e-05
-3.84779e-05
-3.66385e-05
-2.33811e-05
-3.26313e-05
-1.32408e-05
-3.93032e-05
-2.73106e-05
-1.91313e-05
0.0533506
0.0519439
0.0471936
0.0402587
0.0305707
0.0178538
0.00204844
-0.016809
-0.0381646
-0.0610084
-0.0838865
-0.104849
-0.122754
-0.136584
-0.145696
-0.149965
-0.149685
-0.145605
-0.138797
-0.130429
-0.121487
-0.11254
-0.103603
-0.0942085
-0.0837104
-0.0717398
-0.0584841
-0.0445564
-0.0306904
-0.017489
-0.00534077
0.00546775
0.0145887
0.0214249
0.0251373
0.0250179
0.021249
0.0155171
0.0105965
0.00867809
0.0101951
0.0140676
0.0188382
0.0234451
0.0273766
0.0304959
0.0327557
0.0339337
0.0333991
0.0301622
0.0233624
0.0131949
0.00155995
-0.00851062
-0.0146807
-0.0165606
-0.0154177
-0.0129132
-0.010241
-0.00797736
-0.00626989
-0.0050607
-0.00423441
-0.00369209
-0.00337647
-0.00327168
-0.00338567
-0.00372107
-0.00424906
-0.00489802
-0.00556416
-0.00614011
-0.00654633
-0.00674794
-0.00675385
-0.00660122
-0.00633776
-0.00600866
-0.00565034
-0.00528925
-0.00494344
-0.00462457
-0.00433969
-0.00409228
-0.00388286
-0.00370939
-0.0035675
-0.00345104
-0.00335272
-0.00326502
-0.00318106
-0.00309534
-0.00300421
-0.00290592
-0.00280041
-0.00268884
-0.00257313
-0.00245551
-0.00233818
-0.00222309
-0.0021118
-0.00200544
-0.00190471
-0.00180992
-0.00172104
-0.00163776
-0.00155961
-0.001486
-0.00141629
-0.0013499
-0.00128627
-0.00122496
-0.00116566
-0.00110812
-0.00105222
-0.000997895
-0.000945145
-0.000894001
-0.000844512
-0.000796728
-0.000750692
-0.000706432
-0.000663958
-0.000623261
-0.000584317
-0.000547088
-0.000511527
-0.000477581
-0.000445197
-0.000414321
-0.000384907
-0.00035691
-0.000330296
-0.000305034
-0.000281098
-0.000258471
-0.000237134
-0.000217075
-0.00019828
-0.000180738
-0.000164429
-0.000149339
-0.000135424
-0.000122658
-0.000110926
-0.000100212
-9.02173e-05
-8.10973e-05
-7.20793e-05
-6.41341e-05
-5.51187e-05
-4.88166e-05
-3.87002e-05
-3.68528e-05
-2.3878e-05
-3.27367e-05
-1.48651e-05
-3.80922e-05
-3.34557e-05
-1.02889e-05
-0.482418
-0.256293
-0.147735
-0.482417
-0.256293
-0.360069
-0.365598
-0.455183
-0.360069
-0.365598
0.123808
0.414625
0.308743
0.332676
0.123808
0.414625
0.308743
-0.117812
-0.354256
-0.354256
-0.33666
-0.33721
-0.336357
-0.344265
-0.33666
-0.33721
-0.336357
0.489009
0.431175
0.489009
-0.335111
-0.3343
-0.335111
-0.3343
0.429698
0.488792
0.429698
-0.334972
-0.337024
-0.334972
-0.337024
0.303711
0.330069
0.118263
0.412637
0.303711
0.330069
0.118263
-0.125113
-0.125113
-0.3562
-0.3562
-0.339327
-0.347068
-0.339218
-0.340984
-0.339327
-0.347068
-0.339218
-0.153788
-0.488417
-0.264193
-0.153788
-0.488417
-0.367647
-0.459952
-0.361543
-0.367647
-0.45995
-0.361543
-0.301739
-0.174454
-0.371486
-0.128746
-0.301739
-0.174453
-0.371487
-0.33542
-0.433575
-0.352749
-0.354894
-0.335421
-0.433574
-0.35275
0.102056
0.264326
0.107232
0.19345
0.102056
0.264326
0.107232
-0.439761
-0.456022
-0.427573
-0.479452
-0.428392
-0.479741
-0.439578
-0.33426
-0.345721
-0.340699
-0.342746
-0.33426
-0.345721
-0.340699
-0.110521
-0.338869
-0.344539
-0.338739
-0.345634
-0.338781
-0.345622
-0.338866
-0.332252
-0.334819
-0.334754
-0.332311
-0.333633
-0.332083
-0.332013
-0.333706
-0.341737
-0.339541
-0.338053
-0.345532
-0.337999
-0.346681
-0.341513
0.101841
0.19022
0.0976513
0.261385
0.101841
0.19022
0.0976513
-0.39195
-0.261852
-0.176793
-0.179125
-0.39508
-0.341951
-0.343469
-0.334573
-0.348192
-0.341951
-0.343469
-0.334573
-0.377364
-0.134108
-0.307573
-0.180236
-0.377364
-0.134108
-0.307573
-0.354871
-0.360339
-0.339016
-0.438306
-0.354872
-0.360339
-0.339017
-0.381014
-0.484021
-0.369708
-0.504662
-0.37071
-0.505873
-0.380209
-0.384081
-0.253956
-0.169987
-0.172278
-0.387198
-0.381015
-0.484021
-0.36971
-0.504662
-0.370711
-0.505872
-0.380211
-0.38408
-0.253956
-0.169988
-0.172278
-0.387198
-0.379928
-0.365605
-0.363475
-0.363626
-0.380146
-0.439761
-0.456021
-0.427573
-0.479452
-0.428392
-0.479741
-0.439577
-0.379928
-0.365605
-0.363475
-0.363626
-0.380145
0.327985
0.12242
0.261293
0.108471
0.2606
0.106623
0.329622
0.375428
0.327793
0.201792
0.435089
0.172968
0.439116
0.378022
0.327985
0.12242
0.261293
0.108471
0.2606
0.106624
0.329621
0.375428
0.327793
0.201792
0.435088
0.172968
0.439116
0.378022
-0.110522
-0.354234
-0.354234
-0.337493
-0.336056
-0.341432
-0.334876
-0.342315
-0.334824
-0.337365
-0.338868
-0.344539
-0.338739
-0.345634
-0.338781
-0.345621
-0.338866
-0.337493
-0.336055
-0.341432
-0.334876
-0.342315
-0.334823
-0.337365
0.531406
0.464368
0.467489
0.529372
0.569369
0.589542
0.590639
0.567966
0.531406
0.464368
0.467489
0.529372
0.569369
0.589542
0.590639
0.567966
-0.331387
-0.331295
-0.331227
-0.331453
-0.332252
-0.334819
-0.334754
-0.332311
-0.331387
-0.331295
-0.331227
-0.331452
0.568016
0.589081
0.590181
0.566601
0.529266
0.461357
0.464514
0.527208
0.568016
0.589081
0.590181
0.566601
0.529267
0.461357
0.464514
0.527208
-0.335511
-0.339259
-0.339186
-0.335587
-0.333633
-0.332083
-0.332013
-0.333706
-0.335511
-0.339259
-0.339186
-0.335587
0.371937
0.322962
0.431962
0.196205
0.436035
0.167026
0.374571
0.324329
0.116889
0.102385
0.257388
0.100516
0.256677
0.326
0.371937
0.322962
0.431962
0.196206
0.436035
0.167026
0.37457
0.324329
0.116889
0.102385
0.257388
0.100516
0.256677
0.326
-0.117761
-0.117761
-0.356212
-0.356212
-0.342384
-0.347435
-0.349497
-0.341188
-0.349467
-0.341267
-0.342341
-0.341737
-0.339541
-0.338053
-0.345532
-0.337999
-0.34668
-0.341513
-0.342384
-0.347435
-0.349497
-0.341188
-0.349467
-0.341267
-0.342341
-0.387457
-0.490048
-0.510832
-0.376081
-0.51207
-0.377099
-0.386627
-0.39195
-0.261852
-0.176793
-0.179125
-0.39508
-0.387459
-0.490048
-0.510832
-0.376083
-0.51207
-0.377101
-0.386629
-0.382385
-0.367659
-0.365254
-0.365433
-0.382586
-0.443253
-0.460815
-0.484167
-0.431026
-0.48448
-0.431872
-0.443051
-0.382385
-0.367659
-0.365254
-0.365433
-0.382585
-0.443253
-0.460814
-0.484166
-0.431027
-0.484479
-0.431872
-0.443051
-0.382145
-0.14863
-0.335486
-0.16616
-0.335367
-0.168264
-0.383036
0.327975
0.303071
0.370659
0.276001
0.327975
0.303071
0.370659
-0.332526
-0.337833
-0.342413
-0.339076
-0.332526
-0.337833
-0.342413
0.40306
0.330781
0.420055
0.320774
0.40306
0.330781
0.420055
0.531874
0.432424
0.506141
0.466404
0.507634
0.467496
0.530625
-0.33785
-0.336852
-0.342135
-0.336855
-0.33785
-0.336852
-0.342135
0.419776
0.320128
0.402268
0.330567
0.419776
0.320128
0.402268
0.553412
0.489893
0.56292
0.480058
0.564093
0.481192
0.552214
-0.345081
-0.341263
-0.345145
-0.338886
-0.345081
-0.341263
-0.345145
0.369358
0.274586
0.326245
0.30206
0.369358
0.274586
0.326245
-0.355026
-0.347577
-0.349341
-0.345763
-0.355026
-0.347578
-0.349341
-0.348382
-0.343583
-0.349094
-0.343641
-0.349292
-0.338733
-0.338622
-0.382144
-0.14863
-0.335486
-0.16616
-0.335367
-0.168264
-0.383036
-0.382791
-0.360355
-0.373254
-0.371341
-0.373708
-0.371473
-0.38281
-0.382791
-0.360355
-0.373255
-0.371342
-0.373708
-0.371473
-0.38281
0.554135
0.490108
0.480722
0.563167
0.481853
0.564339
0.552937
0.531874
0.432424
0.506141
0.466404
0.507634
0.467496
0.530625
0.554135
0.490108
0.480722
0.563167
0.481853
0.564339
0.552937
-0.332577
-0.335059
-0.333058
-0.334614
-0.332959
-0.334569
-0.332663
-0.332069
-0.33425
-0.334249
-0.332203
-0.334198
-0.33214
-0.332138
-0.332577
-0.335059
-0.333058
-0.334614
-0.332959
-0.334569
-0.332663
-0.332069
-0.334249
-0.334249
-0.332203
-0.334198
-0.33214
-0.332138
0.530699
0.430954
0.465362
0.504583
0.466457
0.506077
0.529449
0.553412
0.489892
0.56292
0.480058
0.564093
0.481192
0.552214
0.5307
0.430954
0.465362
0.504583
0.466457
0.506077
0.529449
-0.333772
-0.334919
-0.332833
-0.335421
-0.332768
-0.335369
-0.333847
-0.335064
-0.336971
-0.336692
-0.336523
-0.336642
-0.336409
-0.335162
-0.333772
-0.334918
-0.332833
-0.335421
-0.332768
-0.335369
-0.333847
-0.335064
-0.336971
-0.336692
-0.336523
-0.336642
-0.336409
-0.335162
-0.389606
-0.1547
-0.172679
-0.342491
-0.174813
-0.342377
-0.390493
-0.389606
-0.1547
-0.172679
-0.342491
-0.174813
-0.342377
-0.390493
-0.385358
-0.36185
-0.372996
-0.375759
-0.373148
-0.376239
-0.385365
-0.385358
-0.36185
-0.372996
-0.375759
-0.373149
-0.376239
-0.385365
0.101867
0.0904515
0.21002
0.0862033
0.209286
0.154596
0.155158
0.101867
0.0904515
0.21002
0.0862033
0.209286
0.154596
0.155158
-0.345872
-0.347192
-0.341637
-0.347328
-0.341662
-0.337814
-0.337747
-0.345872
-0.347192
-0.341637
-0.347327
-0.341662
-0.337814
-0.337747
0.0964266
0.205933
0.0852901
0.205184
0.0809925
0.150381
0.150955
0.0964266
0.205934
0.0852902
0.205184
0.0809926
0.150381
0.150955
-0.348382
-0.343583
-0.349094
-0.343641
-0.349292
-0.338733
-0.338622
0.0581341
0.149878
0.0752381
0.102505
0.0581341
0.149878
0.075238
-0.310048
-0.332709
-0.353434
-0.319573
-0.310048
-0.332709
-0.353434
0.2508
0.2513
0.28438
0.214271
0.2508
0.2513
0.28438
-0.326691
-0.340483
-0.343196
-0.339181
-0.326691
-0.340483
-0.343196
0.282326
0.21224
0.248472
0.249584
0.282326
0.21224
0.248472
-0.362139
-0.349162
-0.349926
-0.351216
-0.362139
-0.349162
-0.349926
0.0710123
0.098874
0.0538981
0.146433
0.0710123
0.0988741
0.0538981
-0.355171
-0.323914
-0.315297
-0.33386
-0.355172
-0.323914
-0.315297
)
;

boundaryField
{
    inlet
    {
        type            zeroGradient;
    }
    outlet
    {
        type            fixedValue;
        value           uniform 0;
    }
    top
    {
        type            symmetryPlane;
    }
    bottom
    {
        type            symmetryPlane;
    }
    front
    {
        type            symmetryPlane;
    }
    back
    {
        type            symmetryPlane;
    }
    cylinder
    {
        type            zeroGradient;
    }
}


// ************************************************************************* //
