/*--------------------------------*- C++ -*----------------------------------*\
  =========                 |
  \\      /  F ield         | OpenFOAM: The Open Source CFD Toolbox
   \\    /   O peration     | Website:  https://openfoam.org
    \\  /    A nd           | Version:  11
     \\/     M anipulation  |
\*---------------------------------------------------------------------------*/
FoamFile
{
    format      ascii;
    class       volScalarField;
    location    "16.497324";
    object      p;
}
// * * * * * * * * * * * * * * * * * * * * * * * * * * * * * * * * * * * * * //

dimensions      [0 2 -2 0 0 0 0];

internalField   nonuniform List<scalar> 
7132
(
0.085421
0.0841303
0.0796947
0.07334
0.0645747
0.0533464
0.0398109
0.0244007
0.00800916
-0.00781926
-0.0214234
-0.0306636
-0.0348471
-0.0338181
-0.0281066
-0.0192604
-0.0089842
0.00117165
0.0100464
0.0170243
0.0221483
0.0260882
0.0296939
0.0334691
0.0374216
0.0413072
0.0448914
0.0480893
0.0509602
0.0535754
0.0558782
0.0575019
0.0578545
0.0566003
0.0541966
0.051811
0.0504664
0.0504128
0.0511795
0.0521389
0.0528933
0.0533748
0.0537534
0.0542561
0.0549218
0.0553229
0.0546651
0.0524579
0.0492262
0.0463666
0.0450518
0.0454269
0.0467245
0.0480324
0.0488266
0.049059
0.0489928
0.0489719
0.0491197
0.0490685
0.0480794
0.0457039
0.0424638
0.0397243
0.0386679
0.0394447
0.0412136
0.0429153
0.0439202
0.0441654
0.0439504
0.0436548
0.0434136
0.0429174
0.0415898
0.0391677
0.0361979
0.0338554
0.0331208
0.0341064
0.0360549
0.0379483
0.0391176
0.0394474
0.0392124
0.0387712
0.0382394
0.0373672
0.03577
0.0334086
0.0308758
0.029128
0.0288496
0.0300213
0.0319777
0.0338624
0.0350801
0.0354846
0.0352838
0.0347792
0.0340797
0.0330221
0.0313912
0.0292876
0.0272735
0.0260916
0.0261869
0.0274428
0.0292803
0.0310094
0.0321467
0.0325499
0.0323613
0.0318156
0.0310186
0.0298853
0.0283164
0.0264734
0.0248608
0.024074
0.0244272
0.0257674
0.0275797
0.0292748
0.0304341
0.0309083
0.0307749
0.030198
0.0292612
0.027917
0.0261203
0.0240526
0.0222005
0.0211535
0.0212642
0.0224475
0.0242368
0.0260358
0.027365
0.0279762
0.0278364
0.0270263
0.0256091
0.0235524
0.020787
0.0173625
0.0136234
0.010131
0.00751183
0.00604927
0.00577422
0.00616898
0.0069406
0.00732233
0.00748369
0.00679237
0.00578367
0.00454998
0.00194271
0.00266293
0.0859424
0.0846572
0.0802413
0.0738978
0.0651215
0.053832
0.0401593
0.0245063
0.00777188
-0.00846329
-0.0224532
-0.0318874
-0.0361035
-0.0349301
-0.0288918
-0.0196464
-0.00899506
0.00143955
0.0104552
0.0174252
0.0224193
0.026184
0.0296515
0.0333616
0.0373082
0.0412202
0.0448446
0.0480878
0.0510067
0.0536685
0.0560149
0.0576647
0.0579941
0.0566436
0.0540901
0.0515704
0.0501622
0.0501223
0.0509425
0.0519617
0.0527681
0.053292
0.0537048
0.0542347
0.0549243
0.0553343
0.0546419
0.0523372
0.0489683
0.0459976
0.0446506
0.0450754
0.0464635
0.0478604
0.0487226
0.0489998
0.0489589
0.0489488
0.0490961
0.0490238
0.0479758
0.0454981
0.042137
0.0393079
0.0382344
0.0390709
0.0409443
0.0427538
0.0438429
0.0441402
0.0439491
0.0436577
0.0434036
0.042867
0.0414601
0.038928
0.035851
0.0334458
0.0327149
0.0337652
0.035814
0.037813
0.0390696
0.039456
0.0392462
0.0388053
0.0382504
0.0373238
0.0356374
0.0331688
0.030546
0.02876
0.028505
0.0297483
0.0317984
0.033775
0.0350677
0.0355222
0.0353435
0.0348347
0.0341038
0.0329838
0.0312641
0.0290654
0.0269811
0.0257791
0.0259085
0.027237
0.0291609
0.030969
0.0321673
0.0326095
0.0324364
0.0318818
0.0310482
0.0298492
0.0281939
0.0262651
0.0245946
0.0237979
0.0241901
0.0256037
0.0275005
0.0292713
0.0304871
0.030996
0.0308756
0.0302879
0.0293116
0.0278972
0.0260081
0.0238478
0.0219303
0.020866
0.0210117
0.0222709
0.0241551
0.0260457
0.0274479
0.0281076
0.027991
0.0271783
0.0257284
0.0236044
0.02074
0.0172018
0.013362
0.00980957
0.00718689
0.00577487
0.00558942
0.00608601
0.00695435
0.00739899
0.0076038
0.00690089
0.00588576
0.00460175
0.00190083
0.00281458
0.0869827
0.08571
0.0813358
0.07502
0.0662273
0.0548216
0.0408791
0.0247381
0.00730704
-0.00976487
-0.0245495
-0.0343725
-0.038647
-0.0371678
-0.0304454
-0.0203745
-0.00895568
0.00204245
0.0113341
0.018271
0.022979
0.0263674
0.0295424
0.033118
0.0370551
0.0410233
0.0447304
0.048065
0.0510802
0.053837
0.056275
0.0579824
0.0582676
0.0567183
0.0538522
0.0510523
0.0495152
0.0495091
0.0504446
0.0515881
0.0524991
0.0531053
0.0535835
0.0541668
0.0549054
0.0553342
0.0545708
0.0520637
0.0484081
0.0452049
0.0437947
0.0443301
0.0459119
0.0474945
0.0484948
0.0488591
0.0488648
0.0488749
0.0490229
0.0489101
0.0477415
0.0450505
0.0414374
0.038424
0.037318
0.0382816
0.040374
0.0424067
0.0436666
0.0440658
0.0439184
0.0436337
0.0433559
0.0427418
0.0411783
0.0384259
0.0351331
0.0326024
0.0318805
0.0330633
0.0353157
0.0375269
0.0389564
0.0394526
0.0392906
0.0388506
0.0382516
0.0372176
0.0353524
0.0326673
0.0298634
0.0280016
0.0277972
0.029189
0.0314303
0.0335918
0.0350329
0.0355845
0.0354489
0.0349329
0.0341399
0.032894
0.0309925
0.0285981
0.0263698
0.0251278
0.0253292
0.0268093
0.0289111
0.0308806
0.0322016
0.0327216
0.0325803
0.0320096
0.0311028
0.0297686
0.0279327
0.0258235
0.0240315
0.0232137
0.0236882
0.0252555
0.0273278
0.0292545
0.0305859
0.0311661
0.0310737
0.0304666
0.0294109
0.0278506
0.025767
0.0234099
0.0213529
0.0202509
0.0204702
0.0218889
0.0239712
0.0260517
0.0276046
0.0283638
0.0282955
0.0274796
0.0259647
0.023702
0.0206312
0.0168546
0.0128038
0.00912566
0.0064968
0.00519239
0.00519634
0.00590636
0.0069757
0.00755032
0.007845
0.00711763
0.00609506
0.00469658
0.00183834
0.00305947
0.0885373
0.0872856
0.0829818
0.0767185
0.0679158
0.0563507
0.0420136
0.0251328
0.00662682
-0.0117665
-0.027813
-0.0382404
-0.0426223
-0.0406861
-0.0328943
-0.0215287
-0.00890753
0.00297285
0.0126968
0.0195758
0.0238189
0.0266009
0.0293165
0.0326956
0.0366338
0.0406976
0.0445327
0.0480032
0.0511609
0.0540595
0.0566372
0.0584353
0.0586489
0.0567762
0.0534027
0.0501534
0.0484281
0.0485021
0.04964
0.0509868
0.0520591
0.052786
0.0533571
0.0540159
0.0548232
0.0552724
0.0543842
0.0515403
0.0474158
0.0438419
0.0423518
0.0430938
0.0450087
0.0468972
0.0481135
0.0486047
0.0486701
0.0486988
0.04884
0.0486624
0.0473084
0.0442889
0.0402844
0.0369828
0.0358277
0.036999
0.0394455
0.0418339
0.0433587
0.0439083
0.0438191
0.0435397
0.0432263
0.0424948
0.0406884
0.0375916
0.0339634
0.0312437
0.0305484
0.0319508
0.0345263
0.0370647
0.0387541
0.039412
0.03932
0.0388832
0.0382185
0.0370161
0.0348647
0.0318332
0.028743
0.0267689
0.026658
0.0282976
0.0308462
0.0332955
0.0349608
0.0356568
0.0355868
0.0350629
0.0341747
0.0327269
0.03053
0.0278191
0.0253613
0.0240617
0.0243878
0.026118
0.0285064
0.0307297
0.0322397
0.0328781
0.0327874
0.0321949
0.0311732
0.0296197
0.0274879
0.0250838
0.0230959
0.0222488
0.0228623
0.0246817
0.0270364
0.0292101
0.030722
0.031413
0.0313658
0.0307306
0.0295488
0.0277517
0.0253496
0.022671
0.020388
0.0192286
0.0195719
0.0212521
0.023654
0.0260363
0.0278254
0.0287392
0.028746
0.0279252
0.0263065
0.023821
0.0204176
0.016259
0.0118743
0.00800382
0.00537538
0.00425312
0.00456577
0.00561831
0.00700548
0.00778368
0.00821721
0.00744805
0.00642384
0.00481587
0.0018003
0.0032689
0.0905981
0.0893788
0.085183
0.0790111
0.0702231
0.058476
0.0436347
0.0257565
0.00576396
-0.0145164
-0.032368
-0.0436056
-0.0481106
-0.0455076
-0.0361649
-0.0229558
-0.00865072
0.00443854
0.0147224
0.0214559
0.0249674
0.0268293
0.0288727
0.0319894
0.0359564
0.040174
0.044195
0.0478518
0.0512002
0.0542887
0.0570587
0.0589872
0.0590967
0.0567429
0.0526133
0.0487084
0.0467362
0.046973
0.0484431
0.0500988
0.051398
0.0522813
0.0529629
0.0537047
0.0545845
0.0550467
0.0539742
0.0506417
0.0458307
0.0417121
0.04012
0.0412022
0.0436431
0.0459975
0.0475236
0.0481756
0.0482949
0.0483199
0.0484386
0.0481736
0.046573
0.0431096
0.038572
0.0348767
0.0336586
0.0351263
0.0380774
0.04097
0.0428622
0.0436084
0.0435865
0.043312
0.0429567
0.0420656
0.0399094
0.0363115
0.0322026
0.0292292
0.0286024
0.0303449
0.033389
0.0363833
0.0384232
0.0392941
0.0392965
0.0388716
0.0381205
0.0366747
0.034102
0.0305629
0.0270606
0.0249369
0.0249808
0.0269963
0.0299955
0.0328528
0.0348252
0.0357159
0.0357382
0.0352106
0.0341902
0.0324468
0.0298134
0.0266383
0.0238504
0.0224767
0.0229951
0.025096
0.0279016
0.0304877
0.0322625
0.0330663
0.0330499
0.032432
0.0312468
0.0293704
0.0268009
0.0239638
0.0216929
0.0208095
0.0216314
0.0238192
0.0265822
0.029109
0.0308768
0.0317253
0.0317454
0.031074
0.0297108
0.0275665
0.0246973
0.0215505
0.0189429
0.0177059
0.0182334
0.0202928
0.023153
0.0259646
0.0280868
0.0292179
0.0293313
0.028505
0.0267376
0.0239295
0.0200475
0.0153467
0.0104992
0.00637418
0.00376579
0.00291607
0.00367224
0.00520903
0.00704009
0.00810077
0.00872551
0.00789367
0.0068843
0.00493538
0.0018508
0.00326388
0.0931525
0.0919807
0.0879429
0.0819198
0.0731967
0.0612738
0.0458414
0.0267009
0.00475834
-0.0181133
-0.038456
-0.050759
-0.0554788
-0.0520325
-0.0405705
-0.0248447
-0.00826639
0.0064423
0.0174648
0.0239602
0.0264024
0.0269431
0.0280635
0.0308747
0.0349404
0.0393979
0.0436707
0.0475592
0.0511363
0.0544532
0.0574663
0.0595638
0.0595164
0.0564649
0.0512425
0.0464215
0.0441722
0.04473
0.0467332
0.0488431
0.0504472
0.0515149
0.0522977
0.0530791
0.053986
0.0544391
0.0531591
0.0492487
0.0435574
0.0386763
0.0369005
0.0384576
0.0416676
0.044697
0.046647
0.0474832
0.0476257
0.0476106
0.0476951
0.0473248
0.0453951
0.0413259
0.036079
0.0318968
0.0306509
0.0325508
0.0361839
0.0397423
0.0421071
0.0430936
0.0431486
0.0428884
0.0424898
0.0413814
0.0387308
0.034431
0.0296669
0.026375
0.0258871
0.0281347
0.0318314
0.0354305
0.0379167
0.0390536
0.0391813
0.0387846
0.0379214
0.0361338
0.0329707
0.0287345
0.0246812
0.022374
0.0226513
0.0251973
0.0288175
0.0322216
0.0345928
0.035733
0.0358803
0.0353559
0.0341568
0.0320009
0.0287622
0.0249555
0.021731
0.0202727
0.0210652
0.023676
0.0270485
0.0301207
0.0322448
0.0332663
0.0333522
0.0327042
0.0312942
0.0289695
0.0257975
0.0223749
0.0197321
0.0188127
0.0199247
0.0226117
0.0259224
0.0289194
0.0310257
0.0320836
0.0321953
0.0314757
0.0298623
0.0272402
0.0237365
0.0199656
0.0169364
0.0156101
0.0163923
0.0189588
0.0224261
0.0258022
0.0283605
0.0297761
0.03003
0.0291953
0.0272228
0.0239751
0.0194536
0.0140489
0.0086231
0.00420457
0.00165849
0.00118575
0.0025281
0.00469246
0.00709111
0.0085102
0.00937552
0.00845461
0.0074833
0.00502388
0.00205657
0.00282855
0.0961822
0.0950774
0.0912625
0.0854697
0.0768963
0.0648463
0.0487732
0.0281075
0.00369446
-0.0226528
-0.0463278
-0.0598854
-0.0648167
-0.0602482
-0.0459402
-0.0269108
-0.00740276
0.00933507
0.0212157
0.0272615
0.0281261
0.0267906
0.0266628
0.0291393
0.0334212
0.0382434
0.0428532
0.0470211
0.0508562
0.0544323
0.0577324
0.0600277
0.0597243
0.0556565
0.0488751
0.0427947
0.0403035
0.0414745
0.0443319
0.0471068
0.0491111
0.0503722
0.0511903
0.0518841
0.0527188
0.0531365
0.0516592
0.047138
0.040431
0.0345984
0.0325467
0.0346856
0.03892
0.0428677
0.0453734
0.0464081
0.0465288
0.0464483
0.0465085
0.0460117
0.0436223
0.0387152
0.0325359
0.0277791
0.026594
0.0291299
0.0336668
0.0380679
0.0410102
0.04228
0.0424309
0.0422079
0.0417638
0.0403582
0.037039
0.0318192
0.0262237
0.0225527
0.0222832
0.02522
0.0297776
0.0341459
0.0371783
0.0386375
0.0389295
0.0385825
0.0375728
0.0353247
0.0313856
0.0262605
0.0215262
0.0190098
0.0196032
0.0228391
0.0272585
0.0313555
0.0342217
0.0356704
0.0359802
0.0354655
0.0340304
0.0313288
0.0273057
0.0227025
0.0189452
0.0174008
0.018553
0.0218148
0.0259063
0.0295913
0.0321533
0.033449
0.0336676
0.0329805
0.0312724
0.0283597
0.0244141
0.0202592
0.0171677
0.0162214
0.0177088
0.0210247
0.025021
0.0286051
0.0311349
0.0324567
0.0326859
0.0319
0.0299557
0.0267144
0.0224082
0.017869
0.014338
0.0129226
0.0140325
0.0172285
0.0214434
0.025513
0.0286077
0.0303755
0.0308052
0.0299558
0.0277123
0.0238987
0.0185812
0.0123352
0.00625394
0.00153986
-0.000879771
-0.000866818
0.00119097
0.00410762
0.00717762
0.00901684
0.0101621
0.00912075
0.00821253
0.00504574
0.00246909
0.00175489
0.0996612
0.098648
0.0951383
0.0896858
0.0813896
0.069318
0.0526072
0.0301616
0.00267313
-0.0283391
-0.0564778
-0.0715834
-0.0769383
-0.0710341
-0.0528951
-0.029468
-0.00615924
0.0131704
0.0261141
0.0314625
0.0300605
0.0260594
0.0242853
0.0264795
0.0312126
0.0365953
0.0416437
0.0461216
0.0502097
0.0540324
0.0575872
0.0600522
0.0593868
0.0539469
0.0450279
0.0372215
0.0345309
0.0367807
0.0409936
0.0447437
0.0472673
0.0486947
0.0494061
0.0498297
0.0505028
0.0508962
0.0492026
0.0439153
0.0359887
0.0291015
0.0268315
0.0297321
0.0352586
0.0403761
0.043573
0.0448176
0.0448795
0.0447356
0.0447943
0.0441261
0.0411083
0.0351172
0.027791
0.0223772
0.0213469
0.0247465
0.0304377
0.0358679
0.0394887
0.0410858
0.0413635
0.0412095
0.0407091
0.0389107
0.0347502
0.0284211
0.0218551
0.0177602
0.0177778
0.021568
0.0271823
0.0324772
0.036152
0.0379896
0.0384885
0.0382116
0.0370124
0.0341806
0.0292937
0.0231209
0.0176106
0.014875
0.0158582
0.0199207
0.0252957
0.0302168
0.0336668
0.0354813
0.0359904
0.0354867
0.0337509
0.0303708
0.0254027
0.0198702
0.0155145
0.0138948
0.0154849
0.0195186
0.0244599
0.0288691
0.0319493
0.0335723
0.0339519
0.0332092
0.0311224
0.0274851
0.0226161
0.017615
0.0140265
0.0130733
0.0150136
0.0190682
0.0238653
0.0281354
0.0311626
0.0327978
0.0331668
0.0322887
0.0299274
0.0259332
0.0206837
0.0152713
0.0111938
0.00970519
0.0112088
0.0151327
0.0202052
0.0250704
0.0287836
0.0309621
0.031598
0.0307217
0.0281357
0.0236374
0.0174002
0.0102323
0.00348131
-0.00148325
-0.00369329
-0.00309725
-0.000228048
0.00352453
0.00733044
0.00962398
0.0110675
0.00986763
0.009036
0.00496005
0.00309572
-9.66192e-05
0.103553
0.102662
0.0995592
0.0945917
0.0867547
0.0748466
0.0575847
0.0331479
0.00190099
-0.0353514
-0.069372
-0.0860257
-0.0917718
-0.0842453
-0.0611386
-0.0321213
-0.00406892
0.0183881
0.0325089
0.0367253
0.0320601
0.0243611
0.0204427
0.0224984
0.0280377
0.0342507
0.0398629
0.0446687
0.0489593
0.0528715
0.0564016
0.0588786
0.057956
0.0512833
0.039922
0.029657
0.0263636
0.0301223
0.0363821
0.0415633
0.0447623
0.0462864
0.0466927
0.0466933
0.0471972
0.0476033
0.0455858
0.039237
0.0298101
0.0218026
0.0194848
0.023444
0.0305686
0.0371002
0.0411126
0.0425831
0.042575
0.0423934
0.0424707
0.0415707
0.0377702
0.0305158
0.0219058
0.0157772
0.0149592
0.0193968
0.0264593
0.033084
0.0374693
0.0394347
0.0398756
0.0398212
0.0392474
0.0369706
0.0318417
0.0242877
0.0166812
0.0121467
0.0124968
0.017248
0.0240564
0.0303948
0.0347853
0.0370478
0.0377913
0.0375982
0.0361664
0.0326504
0.026697
0.0193863
0.0130611
0.0101169
0.0115432
0.0165194
0.0229511
0.0287846
0.0328815
0.0351059
0.0358437
0.0353453
0.0332479
0.0290844
0.0230639
0.0165315
0.0115579
0.00988567
0.0119708
0.0168537
0.0227275
0.0279331
0.0315871
0.033578
0.0341392
0.0333177
0.0307782
0.0263102
0.0204207
0.0145178
0.0104255
0.00949421
0.0119426
0.0168031
0.022469
0.0274847
0.0310571
0.0330406
0.0335633
0.032562
0.0297081
0.024863
0.0185879
0.0122614
0.00763913
0.00610738
0.00805027
0.0127562
0.0187429
0.0244571
0.0288355
0.0314621
0.0323241
0.031402
0.028409
0.0231412
0.0159275
0.00784208
0.000483289
-0.00464163
-0.00655583
-0.00530946
-0.00158459
0.00302826
0.0075787
0.0103217
0.0120514
0.0106483
0.00988203
0.00472314
0.00387902
-0.00271444
0.107811
0.107078
0.104502
0.1002
0.0930679
0.0816079
0.0639925
0.0374281
0.00160629
-0.0441323
-0.0860132
-0.104508
-0.111185
-0.101749
-0.0717735
-0.0352841
-0.00117914
0.0251776
0.0406756
0.0431883
0.0338667
0.0208926
0.0142003
0.0164931
0.0235131
0.0309996
0.0373375
0.0424584
0.0467816
0.0502861
0.0531467
0.0552997
0.0543061
0.0471063
0.0337053
0.0204941
0.0158922
0.0211927
0.0301555
0.0373315
0.0414115
0.0429467
0.0428561
0.042359
0.0427447
0.0431744
0.0406819
0.0330341
0.0219238
0.0127432
0.0104962
0.0157845
0.0248014
0.0329587
0.0378847
0.0396011
0.0395362
0.0393508
0.0394585
0.0382803
0.0336173
0.0250431
0.0151276
0.00827497
0.00768489
0.0132332
0.0217845
0.0297025
0.0349022
0.0372613
0.0378941
0.0379605
0.0372993
0.0344985
0.0283587
0.019569
0.0109391
0.00598714
0.00668964
0.012432
0.0204794
0.0279035
0.0330371
0.0357454
0.0367552
0.0366505
0.0349575
0.0307097
0.0236578
0.0152131
0.00810382
0.00498437
0.00687796
0.0127869
0.020295
0.0270596
0.0318197
0.0344707
0.0354508
0.0349471
0.0324491
0.0274548
0.0203584
0.0128391
0.00728288
0.00559158
0.00819726
0.0139448
0.0207622
0.0267748
0.0310153
0.0333884
0.0341382
0.033214
0.0301742
0.0248293
0.0179039
0.0111203
0.00656387
0.00568978
0.00866618
0.0143397
0.0208742
0.026635
0.0307569
0.0330962
0.033772
0.0326203
0.0292297
0.0235004
0.0162026
0.00900036
0.00388549
0.00234836
0.00474897
0.0102326
0.0171185
0.0236669
0.0287043
0.0317823
0.0328716
0.0318812
0.0284416
0.0223826
0.0142294
0.00533021
-0.0024995
-0.00766049
-0.00920029
-0.00727947
-0.00272128
0.00270402
0.00794071
0.0110813
0.0130468
0.0113914
0.0106455
0.00429574
0.00469544
-0.00588068
0.112372
0.111839
0.109928
0.106514
0.100407
0.0898206
0.0722265
0.0435788
0.00228614
-0.0550623
-0.107278
-0.126725
-0.134368
-0.123165
-0.0845197
-0.0386612
0.00286804
0.0337792
0.0508024
0.0507597
0.0347706
0.0145105
0.00444336
0.00769799
0.0171877
0.0265449
0.0338174
0.0392122
0.0432007
0.0454807
0.0469328
0.048562
0.0477617
0.0403337
0.0251053
0.00908457
0.00314893
0.00998603
0.0221278
0.0318362
0.0370242
0.0385076
0.0377922
0.0367954
0.0371319
0.037584
0.0345277
0.0255361
0.0127659
0.00241988
0.000256493
0.00696715
0.018037
0.0279435
0.033832
0.0358064
0.0357044
0.0355421
0.0356909
0.0342375
0.0287488
0.0189456
0.00783007
0.000307169
-7.00379e-05
0.00654852
0.0165672
0.0257691
0.0317693
0.0345132
0.0353436
0.0355387
0.0347942
0.0314918
0.0244096
0.0144946
0.00495253
-0.000354507
0.000695024
0.00737439
0.0165942
0.025046
0.03088
0.034012
0.0352832
0.0352654
0.0333154
0.0283672
0.0202948
0.0108271
0.00303757
-0.0002026
0.00214944
0.00893258
0.0174394
0.0250639
0.030437
0.0334895
0.0347032
0.0341859
0.0312906
0.0255016
0.01741
0.00900977
0.00296262
0.00129482
0.00440616
0.0109601
0.0186454
0.0253961
0.0301759
0.0329076
0.0338349
0.032795
0.0292565
0.0230737
0.0151956
0.00763532
0.0027004
0.00191915
0.00540161
0.0118236
0.0191442
0.0255737
0.0301908
0.0328564
0.0336679
0.0323545
0.0284375
0.0218786
0.0136597
0.00570271
0.000194016
-0.00130487
0.0015351
0.00772613
0.0154138
0.0227006
0.0283245
0.0318119
0.0331072
0.0320306
0.0281503
0.0213647
0.0124162
0.00290269
-0.00519987
-0.0102544
-0.0113641
-0.00879645
-0.00349818
0.00261574
0.00840957
0.0118464
0.0139574
0.012
0.0112051
0.00366047
0.00538974
-0.00918755
0.117157
0.116868
0.115774
0.113502
0.108823
0.0996844
0.0827078
0.0522956
0.00437007
-0.0691352
-0.135266
-0.155982
-0.165822
-0.152292
-0.101108
-0.0426555
0.00815394
0.0446434
0.063119
0.0590957
0.0336616
0.0027846
-0.0113294
-0.00551154
0.00832974
0.0205753
0.029097
0.0346475
0.0376881
0.0378857
0.0376547
0.0389855
0.0386134
0.0306046
0.0133271
-0.00514912
-0.0119762
-0.00334359
0.0123161
0.0249609
0.0314525
0.0328639
0.0314751
0.030018
0.0303756
0.030885
0.0273233
0.0171693
0.00297331
-0.00842538
-0.01056
-0.00254126
0.0105211
0.022148
0.0289681
0.0311808
0.0310439
0.0309155
0.0311294
0.0294789
0.0233344
0.0125422
0.000453636
-0.00762053
-0.00781591
-0.000269115
0.0110486
0.0213932
0.0280912
0.0311565
0.0321546
0.032474
0.0316825
0.0279864
0.0201518
0.00934353
-0.000909908
-0.00647108
-0.00510231
0.00237922
0.01259
0.0218989
0.028304
0.031779
0.0332736
0.0333407
0.0311863
0.0256649
0.0167678
0.00649443
-0.00180339
-0.00509173
-0.00232359
0.00519718
0.0145229
0.0228363
0.0286929
0.0320686
0.0334828
0.0329556
0.0297257
0.0232769
0.0143808
0.00529574
-0.00110008
-0.00269659
0.000864463
0.00809064
0.0164754
0.0238062
0.0290072
0.0320278
0.0331024
0.0319581
0.0279899
0.0211072
0.0124623
0.00430781
-0.000882049
-0.00153866
0.00238539
0.00941793
0.0173543
0.0242918
0.0292826
0.0322011
0.0331171
0.0316589
0.0272964
0.020061
0.0111212
0.00260482
-0.00315991
-0.00457475
-0.00135032
0.00541154
0.0137196
0.0215626
0.0276267
0.0314303
0.0328871
0.0317226
0.02747
0.0201193
0.0106214
0.000771338
-0.00736488
-0.0121669
-0.0128215
-0.00968841
-0.00381418
0.00279073
0.00894593
0.0125336
0.014669
0.0123657
0.0114535
0.00284445
0.00583219
-0.0121508
0.122068
0.122071
0.121951
0.121112
0.118342
0.111465
0.0960554
0.0648243
0.00910713
-0.087615
-0.171645
-0.189214
-0.202495
-0.188879
-0.122039
-0.0477245
0.0142551
0.0571559
0.0768582
0.0662219
0.0264977
-0.0185501
-0.036308
-0.0248469
-0.00381297
0.012744
0.0229315
0.0284382
0.0298291
0.0273886
0.025616
0.0270726
0.0272736
0.0185242
-0.000670747
-0.0212251
-0.0287222
-0.0182208
0.00102913
0.0167676
0.0246578
0.0260013
0.023945
0.0220754
0.0225288
0.0232095
0.0193793
0.00845194
-0.00676
-0.0189864
-0.0211633
-0.012114
0.00264593
0.0157752
0.0233848
0.0257578
0.0255497
0.025448
0.0257779
0.024096
0.0175949
0.00618639
-0.00654286
-0.0149903
-0.0150405
-0.00678795
0.00552765
0.0167383
0.023928
0.0271812
0.0282746
0.028706
0.0279465
0.0240554
0.0157742
0.00441352
-0.00627302
-0.011955
-0.0103137
-0.00223482
0.00868061
0.0185643
0.0253174
0.0289882
0.0306333
0.0307905
0.0285424
0.0226736
0.013259
0.00249084
-0.0060858
-0.0093358
-0.00622497
0.00182609
0.0116954
0.0204275
0.0265547
0.0301181
0.0316761
0.0311643
0.0277319
0.0208584
0.0114502
0.00195419
-0.00460697
-0.00608336
-0.00216612
0.00552794
0.0143553
0.0220193
0.0274501
0.0306417
0.0318203
0.0306164
0.0263637
0.0190179
0.00988411
0.00138318
-0.00390638
-0.0044125
-0.000152951
0.00728357
0.0155818
0.0227835
0.0279582
0.0310132
0.0319953
0.0304468
0.0257967
0.0181323
0.00875711
-6.29243e-05
-0.00591669
-0.00720358
-0.0036823
0.00345388
0.0121231
0.0202578
0.0265437
0.0305197
0.0320745
0.0308495
0.0263628
0.0186997
0.00898044
-0.000874746
-0.00878441
-0.0131973
-0.0134055
-0.00984291
-0.00362356
0.00320957
0.0094768
0.0130412
0.0150671
0.0124058
0.0113313
0.00193129
0.00596576
-0.0143615
0.126991
0.127325
0.128332
0.129207
0.128911
0.125235
0.112778
0.0822968
0.0167603
-0.111613
-0.221758
-0.236998
-0.254912
-0.239999
-0.149684
-0.0542723
0.0214057
0.0709415
0.090286
0.0742416
0.0188022
-0.0454421
-0.0724799
-0.0533456
-0.0205936
0.0027265
0.0152163
0.0204106
0.0195153
0.0142476
0.0112282
0.013309
0.0143248
0.00520187
-0.0152258
-0.0373256
-0.0454909
-0.0335363
-0.0110904
0.00754705
0.0167636
0.0180188
0.0153073
0.0130607
0.0137001
0.0147659
0.0110707
-7.73663e-05
-0.015764
-0.0284983
-0.0307699
-0.0210689
-0.00510087
0.00912302
0.0172511
0.0196262
0.0192602
0.0191626
0.0196951
0.0182312
0.0117806
0.000231385
-0.0127263
-0.021323
-0.0212637
-0.012583
0.000325253
0.0120055
0.0193779
0.0226108
0.0236842
0.0242132
0.0236095
0.0198046
0.0114787
-8.77511e-06
-0.0107923
-0.0164383
-0.0145857
-0.00616788
0.00508092
0.0151605
0.0219507
0.0256054
0.027297
0.027562
0.0253888
0.0194863
0.00995265
-0.00092716
-0.00951133
-0.0126282
-0.00927356
-0.000956486
0.00910153
0.0178963
0.0240048
0.0275673
0.0291932
0.028751
0.0253154
0.0183399
0.0087936
-0.00078071
-0.00729503
-0.00860415
-0.00445572
0.00344411
0.0123822
0.020055
0.025458
0.0286606
0.0298939
0.0287125
0.0243927
0.0169048
0.00763285
-0.000918422
-0.00613388
-0.00647095
-0.00201481
0.00556291
0.0138983
0.021049
0.026158
0.0291977
0.0302071
0.0286629
0.0239533
0.0161853
0.00672552
-0.00209964
-0.00785644
-0.00897585
-0.00527244
0.00199303
0.0106998
0.0187922
0.0250199
0.0289826
0.030562
0.0293374
0.0248202
0.0171695
0.00761125
-0.00189062
-0.00931138
-0.0132176
-0.0130238
-0.00922028
-0.00294421
0.00380694
0.00990733
0.0132696
0.0150603
0.0120839
0.010844
0.00104446
0.00581218
-0.0155848
0.13179
0.132493
0.134746
0.137632
0.140386
0.141274
0.133752
0.108247
0.0306604
-0.151358
-0.284038
-0.282552
-0.315498
-0.307846
-0.187654
-0.0648159
0.026917
0.0779567
0.0935406
0.0756289
0.0153745
-0.0614536
-0.106527
-0.0875862
-0.0422685
-0.00984863
0.00582537
0.0105313
0.00690825
-0.00115429
-0.00503066
-0.00175846
0.00058574
-0.00810002
-0.0287327
-0.0516402
-0.0605117
-0.0478661
-0.023121
-0.00218308
0.00807027
0.00913438
0.00573881
0.00313021
0.00407264
0.00583513
0.00280436
-0.0079086
-0.023452
-0.03631
-0.0386947
-0.0287623
-0.0122041
0.00255155
0.0108013
0.0129321
0.0122695
0.0121447
0.0130025
0.0120725
0.00615281
-0.00499832
-0.0177258
-0.0262196
-0.0260815
-0.017279
-0.00425029
0.00741394
0.0145732
0.0175105
0.0184129
0.0190275
0.0187427
0.0153673
0.00746326
-0.00367273
-0.0141836
-0.0196245
-0.0176311
-0.0091667
0.00198712
0.0118126
0.0182598
0.0216341
0.0232457
0.0236507
0.021769
0.0162112
0.00701789
-0.00354566
-0.0118425
-0.0147289
-0.0112478
-0.0029677
0.00686898
0.0153074
0.0210503
0.0243831
0.0259899
0.0256986
0.0225134
0.0158217
0.0065653
-0.00271937
-0.00895948
-0.0100583
-0.00582672
0.0019762
0.0106401
0.0179406
0.0230091
0.0260333
0.0272728
0.0262298
0.0221168
0.0148671
0.00585428
-0.00242335
-0.00738017
-0.0075375
-0.00304938
0.00436664
0.0123649
0.0190986
0.0238507
0.0267002
0.0277036
0.0262934
0.021805
0.0143114
0.00515783
-0.00334982
-0.00881513
-0.00973358
-0.00598325
0.00113209
0.00950767
0.0171757
0.0230226
0.0267592
0.0282895
0.027157
0.0228619
0.0155928
0.00660154
-0.00218744
-0.00887247
-0.012183
-0.0116697
-0.00785916
-0.00185434
0.00448556
0.0101432
0.0131466
0.0146061
0.0114177
0.0100499
0.000308272
0.00544076
-0.0157603
0.136317
0.137401
0.140982
0.146038
0.152474
0.158889
0.159386
0.141517
0.051075
-0.181485
-0.39353
-0.362076
-0.404374
-0.405231
-0.238765
-0.0789706
0.0270231
0.0671986
0.074888
0.0492897
0.003349
-0.0719325
-0.132085
-0.120805
-0.0663988
-0.0244081
-0.00505571
-0.000982968
-0.00759603
-0.0183789
-0.0226524
-0.0174967
-0.0130183
-0.0202165
-0.0399168
-0.0627764
-0.0723113
-0.0598319
-0.034026
-0.011741
-0.000969152
-0.000323103
-0.00450242
-0.00747825
-0.00608084
-0.00323457
-0.0050046
-0.0145945
-0.0293618
-0.0419343
-0.0444148
-0.0346625
-0.0181851
-0.00355843
0.0043163
0.00587881
0.00473873
0.00455307
0.00588744
0.00584641
0.000968026
-0.00923029
-0.0212604
-0.0293915
-0.0291985
-0.0205841
-0.00793238
0.00318187
0.00967544
0.0119952
0.0125527
0.013246
0.013469
0.0108984
0.00390833
-0.00638298
-0.0162457
-0.0213118
-0.0192524
-0.0110455
-0.000439027
0.00864648
0.0143307
0.0171294
0.0185232
0.0191128
0.0177674
0.0129649
0.00459583
-0.00521048
-0.0129223
-0.0154844
-0.0120042
-0.00408066
0.00509983
0.0127324
0.0177324
0.0205863
0.022085
0.0220447
0.0193947
0.0134028
0.00488512
-0.00373221
-0.00947047
-0.0103224
-0.00616833
0.00121587
0.00919565
0.0157158
0.0201195
0.022763
0.0239649
0.0231989
0.0195981
0.012995
0.00465601
-0.00301744
-0.00753366
-0.00750833
-0.00316596
0.00376662
0.0110312
0.0169601
0.0210464
0.0235235
0.0244956
0.0233705
0.0194113
0.0125923
0.00414891
-0.0037144
-0.00869636
-0.00938796
-0.00573827
0.000930542
0.00858607
0.0154276
0.0205541
0.0238425
0.0252553
0.0243268
0.0205317
0.014027
0.0060017
-0.00173878
-0.00747471
-0.0101378
-0.00942481
-0.00587122
-0.000475129
0.00514201
0.0101158
0.0126438
0.01372
0.0104683
0.00902981
-0.000189272
0.00492577
-0.0149507
0.140415
0.14188
0.146769
0.154134
0.164597
0.178375
0.190666
0.197239
0.0941852
-0.173793
-0.457422
-0.407175
-0.519449
-0.54433
-0.316856
-0.10175
0.0111924
0.0308297
0.0253926
0.00704815
-0.0196158
-0.0845847
-0.15041
-0.148707
-0.0902055
-0.0399177
-0.0169974
-0.0137105
-0.0234467
-0.0368763
-0.0410054
-0.0331273
-0.0255312
-0.0301727
-0.0478885
-0.0698534
-0.0798937
-0.068351
-0.0428364
-0.0203808
-0.00980092
-0.00993315
-0.0150703
-0.0184285
-0.0163933
-0.0120385
-0.0119531
-0.0197748
-0.033182
-0.0450766
-0.0476068
-0.0383979
-0.0226539
-0.00884568
-0.00189697
-0.00127668
-0.00309885
-0.00337539
-0.00139826
-0.000191278
-0.00353634
-0.0122602
-0.0231566
-0.0306798
-0.0304485
-0.0223108
-0.0105174
-0.000488789
0.00486996
0.00623278
0.00626591
0.00703606
0.00796225
0.00656824
0.000966935
-0.00801148
-0.0168729
-0.021407
-0.0193548
-0.0116986
-0.00208017
0.00578403
0.0102824
0.0122063
0.0132455
0.0140701
0.0135097
0.00986726
0.00279083
-0.0058374
-0.0126842
-0.0148385
-0.0114868
-0.00423238
0.0038666
0.010251
0.0141342
0.0162624
0.0175688
0.0178856
0.0160575
0.0111752
0.00383089
-0.0037587
-0.00878245
-0.00935924
-0.00544436
0.00120431
0.00809819
0.0134379
0.0168523
0.0189177
0.0200448
0.0197005
0.016919
0.0113637
0.00409971
-0.0026548
-0.00656195
-0.00635861
-0.0023407
0.00379202
0.00993656
0.0146847
0.0178066
0.0197372
0.0206592
0.0199745
0.0168501
0.0110961
0.00375146
-0.00315735
-0.00747849
-0.00792633
-0.00452769
0.0014016
0.0079575
0.013583
0.0176607
0.0202872
0.021521
0.0209131
0.0178937
0.0125185
0.00582297
-0.000580805
-0.00520425
-0.00721135
-0.00644749
-0.00341856
0.00106003
0.00569462
0.00979798
0.0117795
0.0124566
0.00931144
0.00785722
-0.000413239
0.00431939
-0.0132868
0.143927
0.145726
0.151827
0.161271
0.176033
0.196598
0.227364
0.225427
0.186101
-0.214173
-0.616476
-0.446644
-0.529707
-0.668718
-0.400898
-0.144277
-0.0395092
-0.0209499
-0.0386339
-0.0325481
-0.0414081
-0.0921485
-0.155909
-0.164191
-0.108928
-0.0542694
-0.0290065
-0.0269189
-0.0399211
-0.0559185
-0.059273
-0.0477244
-0.0360362
-0.037245
-0.0521738
-0.0725252
-0.0828214
-0.0727813
-0.0488042
-0.0274023
-0.017835
-0.0192086
-0.0255305
-0.029286
-0.0264077
-0.0201317
-0.0176692
-0.0231906
-0.0347612
-0.0456419
-0.0481578
-0.0397807
-0.025343
-0.0130012
-0.00752686
-0.00823205
-0.0109404
-0.0113299
-0.00854722
-0.00576695
-0.00715281
-0.0139609
-0.0233549
-0.0300593
-0.0297997
-0.0223859
-0.0118773
-0.00342432
0.000358672
0.000442663
-0.000216094
0.000633
0.00244222
0.00255607
-0.00124191
-0.00850288
-0.01606
-0.0199286
-0.0179507
-0.011105
-0.00286815
0.00333984
0.00626622
0.00704129
0.00760171
0.00870921
0.00915844
0.00703699
0.00166646
-0.00541562
-0.0111562
-0.0128346
-0.00973
-0.00342541
0.00321171
0.00795211
0.0103831
0.0115642
0.0126039
0.0133747
0.0126273
0.00922054
0.00343497
-0.00281038
-0.00693703
-0.00722057
-0.00369478
0.00193232
0.0073812
0.0111846
0.0133214
0.014633
0.0156538
0.0158637
0.0141786
0.0100309
0.00419874
-0.00136028
-0.00451443
-0.00414445
-0.000616871
0.00443087
0.0091128
0.01235
0.0142463
0.0154781
0.0163353
0.0162308
0.014215
0.00987425
0.00397364
-0.00170828
-0.00521731
-0.00541435
-0.00240896
0.00251398
0.00763155
0.0116978
0.0144375
0.0162109
0.0172096
0.0170264
0.0150285
0.0111014
0.00603948
0.00119381
-0.0022159
-0.00360064
-0.00294528
-0.00067862
0.00263751
0.0061006
0.00920339
0.0106038
0.0108874
0.00801287
0.00658283
-0.000379053
0.00364388
-0.0109377
0.146711
0.14878
0.155814
0.167062
0.185182
0.213362
0.258117
0.291564
0.33409
-0.199294
-0.459038
-0.550147
-0.686564
-0.452735
-0.196557
-0.106069
-0.0953764
-0.0987675
-0.0650565
-0.0566635
-0.0933579
-0.15051
-0.166014
-0.119201
-0.0651579
-0.0396789
-0.0395555
-0.0560659
-0.0744957
-0.0763647
-0.0602257
-0.0437122
-0.0409809
-0.0526785
-0.0709162
-0.0811734
-0.0729579
-0.0514943
-0.0322439
-0.0245082
-0.0276246
-0.0353703
-0.0395207
-0.0355955
-0.0270528
-0.0218312
-0.0246929
-0.0341037
-0.0437221
-0.0461539
-0.0388067
-0.0261222
-0.015791
-0.0122767
-0.0146534
-0.0184253
-0.0189389
-0.0152115
-0.0106031
-0.00971305
-0.0142843
-0.0219061
-0.0276328
-0.0273492
-0.0208486
-0.0119633
-0.00548721
-0.00364876
-0.00511358
-0.00660227
-0.0056715
-0.00283645
-0.000958099
-0.00263645
-0.00787318
-0.0138966
-0.0170011
-0.0151531
-0.00932516
-0.00278395
0.00141842
0.00246081
0.00186529
0.00184545
0.00327215
0.00490647
0.00458775
0.00124529
-0.00400485
-0.00845482
-0.00961029
-0.00685247
-0.00172376
0.00314928
0.00593299
0.00664702
0.00670448
0.00741646
0.00871522
0.0092509
0.007608
0.00368543
-0.000967652
-0.00405823
-0.0040414
-0.00103035
0.00334472
0.0070649
0.00905405
0.00968788
0.0101067
0.0109935
0.0118597
0.0114896
0.0090355
0.00491937
0.000773369
-0.0015199
-0.00099963
0.00189976
0.00563456
0.00858693
0.0100601
0.0105302
0.0109437
0.011722
0.0123051
0.0116124
0.00896167
0.00478035
0.00054005
-0.00204266
-0.00199181
0.00049834
0.00419763
0.00760941
0.00984984
0.0110252
0.0117903
0.0125009
0.0128173
0.0120313
0.00979896
0.00659481
0.00344951
0.00128961
0.000461611
0.000864063
0.00219177
0.0041833
0.00635626
0.00837284
0.00917666
0.00907929
0.00661498
0.00523276
-0.000139468
0.00289664
-0.00809099
0.148655
0.150883
0.158498
0.170816
0.191142
0.223947
0.279091
0.342643
0.445691
-0.53391
-0.649313
-0.452245
-0.237417
-0.172691
-0.187722
-0.149685
-0.0878969
-0.0629825
-0.0862733
-0.135107
-0.155008
-0.119346
-0.0706232
-0.0474509
-0.050323
-0.0706726
-0.0912804
-0.0909317
-0.069521
-0.0479135
-0.0412138
-0.0496295
-0.0655094
-0.0754415
-0.069139
-0.0508053
-0.0345406
-0.0293367
-0.0346518
-0.0440209
-0.0485375
-0.0433876
-0.0323556
-0.0241883
-0.024244
-0.0313519
-0.0395661
-0.0418501
-0.0356361
-0.0249971
-0.0170679
-0.0158823
-0.0201945
-0.0251555
-0.0257929
-0.0210244
-0.014435
-0.0110953
-0.0132583
-0.0189582
-0.0236125
-0.0233055
-0.0178386
-0.0108029
-0.00658102
-0.00694602
-0.0101478
-0.0125602
-0.0115479
-0.00759988
-0.00380262
-0.00317308
-0.00620272
-0.0105554
-0.0128391
-0.011162
-0.00649087
-0.00185408
0.000110799
-0.000937649
-0.00305164
-0.00372245
-0.00195983
0.000965236
0.00262411
0.00151221
-0.00172615
-0.00477271
-0.00538309
-0.00304469
0.000756306
0.00366845
0.00429553
0.00312358
0.00194173
0.00228022
0.00414668
0.00608962
0.0063939
0.00453102
0.00162961
-0.000340547
-2.75126e-05
0.00237879
0.00534836
0.00715841
0.00715954
0.00614871
0.00558223
0.00631045
0.00789131
0.00897344
0.00839931
0.0061868
0.00359498
0.00222722
0.00287823
0.00505224
0.0073252
0.00838223
0.00793845
0.00686018
0.00637749
0.00706107
0.00839266
0.00915765
0.0083775
0.0060983
0.0034399
0.00185195
0.0021387
0.00402364
0.00635251
0.00788743
0.00813561
0.00760145
0.0072484
0.00762123
0.00847073
0.00901051
0.00862694
0.00741145
0.00602593
0.00509394
0.00474258
0.00478616
0.00507632
0.00566413
0.00648477
0.00735719
0.00755174
0.00708322
0.00513479
0.0038139
0.000230774
0.0020602
-0.00492817
0.14969
0.151952
0.159695
0.172235
0.192935
0.226442
0.282739
0.359303
0.520272
-0.46164
-0.508558
-0.356767
-0.238029
-0.239054
-0.261003
-0.182383
-0.0974447
-0.060308
-0.0722829
-0.11234
-0.133712
-0.109531
-0.0694893
-0.0509065
-0.0578281
-0.0823104
-0.104672
-0.101472
-0.0745929
-0.0482562
-0.0380644
-0.0435008
-0.0570184
-0.0663932
-0.0619
-0.0469361
-0.0341442
-0.031953
-0.0397918
-0.0508935
-0.0557114
-0.0492195
-0.035648
-0.0245817
-0.0219142
-0.026761
-0.0335414
-0.0356278
-0.0305609
-0.0220945
-0.0167748
-0.0181276
-0.0245201
-0.0307246
-0.0314742
-0.0256279
-0.0170299
-0.0112307
-0.0109786
-0.0147371
-0.0182945
-0.0179629
-0.0135768
-0.00849092
-0.00665303
-0.00934349
-0.0143669
-0.0177443
-0.0166557
-0.0115753
-0.00582478
-0.00284536
-0.00362436
-0.00627185
-0.00772495
-0.0062436
-0.0027903
-0.000144251
-0.000509723
-0.00373005
-0.0074222
-0.00877962
-0.00668841
-0.00244959
0.00123724
0.00242038
0.00125238
-0.000358849
-0.000429087
0.00145013
0.00385895
0.004737
0.00313928
2.41031e-05
-0.00244269
-0.00250624
-7.33063e-05
0.00330905
0.00562133
0.00588974
0.00479707
0.00396995
0.00456411
0.00631987
0.00782237
0.00766074
0.00562071
0.00291961
0.00132926
0.00187669
0.00417868
0.00675468
0.00812951
0.00789504
0.00691024
0.00648332
0.00724496
0.00864769
0.00940432
0.00851753
0.00611817
0.00345707
0.00204691
0.00261804
0.00470603
0.00696943
0.00812775
0.00782491
0.00680243
0.00622637
0.0067298
0.0079614
0.00885892
0.00845855
0.00666227
0.00436546
0.00283801
0.00282891
0.00419717
0.00608726
0.00759918
0.00840231
0.00875672
0.00898542
0.00903364
0.00866575
0.00789953
0.0070756
0.00652179
0.00620708
0.00577133
0.00493274
0.00356861
0.00232071
0.000648546
0.00111432
-0.00160411
0.1498
0.151969
0.159379
0.171268
0.190433
0.220619
0.268637
0.336082
0.456363
-0.36288
-0.3764
-0.310743
-0.215086
-0.213527
-0.296683
-0.297463
-0.190097
-0.0939334
-0.0507901
-0.053819
-0.0852348
-0.105771
-0.0916933
-0.0617244
-0.049137
-0.0608276
-0.0894966
-0.113004
-0.106565
-0.074708
-0.0447041
-0.0319304
-0.0349376
-0.046266
-0.0549232
-0.0520036
-0.0403152
-0.0311136
-0.0321296
-0.0426165
-0.0554287
-0.0604483
-0.0525873
-0.036635
-0.0229642
-0.017875
-0.0206693
-0.0260887
-0.0279478
-0.0239648
-0.0176385
-0.014941
-0.0188588
-0.0273328
-0.0347517
-0.0355931
-0.0287035
-0.0182074
-0.0101085
-0.00759736
-0.00952193
-0.0120277
-0.0116709
-0.00834155
-0.00517637
-0.00569511
-0.0106821
-0.0174973
-0.0218223
-0.0206706
-0.0145131
-0.00690195
-0.00168184
-0.000308706
-0.00132096
-0.00198171
-0.00070398
0.0015509
0.0022483
-0.000392787
-0.0057316
-0.0109675
-0.01301
-0.0106236
-0.0051349
0.000500026
0.00389883
0.00473365
0.00450577
0.00494316
0.00635886
0.00740371
0.00630474
0.0025524
-0.00244634
-0.00617019
-0.00664619
-0.00369051
0.00106748
0.00532014
0.00765972
0.00832518
0.00859956
0.00944967
0.0105574
0.0106293
0.00856039
0.00455149
0.000214003
-0.00238251
-0.00203473
0.000941654
0.00495319
0.00822208
0.0099197
0.0105015
0.0109802
0.0118336
0.0124753
0.0117615
0.00900446
0.00472783
0.000539886
-0.00177998
-0.00134011
0.00145789
0.00516305
0.00820832
0.00984011
0.010416
0.0108162
0.0115121
0.0120899
0.0115879
0.00931161
0.00553623
0.0015193
-0.0011802
-0.00160544
0.000220982
0.00339263
0.00673348
0.00948212
0.0114839
0.0127752
0.0131617
0.0123846
0.0106133
0.00842709
0.00650696
0.00497265
0.00387217
0.00265167
0.00190049
0.000741528
0.00103142
4.73173e-05
0.00176021
0.149026
0.150985
0.157688
0.168145
0.184561
0.208141
0.243754
0.287642
0.307468
-0.21169
-0.366774
-0.314276
-0.160139
-0.105498
-0.197214
-0.313374
-0.28929
-0.17353
-0.080737
-0.0377022
-0.0339392
-0.056803
-0.0748451
-0.0684948
-0.0482365
-0.0419108
-0.0584569
-0.0909283
-0.114801
-0.105155
-0.0696136
-0.0376247
-0.0234543
-0.0246847
-0.0340851
-0.0419308
-0.0402795
-0.0315181
-0.0256844
-0.0297918
-0.0428093
-0.0571552
-0.0622484
-0.0531111
-0.0351629
-0.019416
-0.012388
-0.0134661
-0.0176791
-0.0193022
-0.0162815
-0.0119234
-0.0116741
-0.0179954
-0.0284007
-0.0369178
-0.037825
-0.0300042
-0.0178587
-0.00777916
-0.00331064
-0.00361979
-0.00518128
-0.00480121
-0.00244175
-0.00104793
-0.00374363
-0.0108487
-0.0193107
-0.0245062
-0.0233144
-0.01621
-0.00695334
0.000256597
0.00355225
0.00400898
0.0040575
0.00513835
0.00628976
0.00520308
0.000483507
-0.00679
-0.0134437
-0.0161333
-0.0135098
-0.0069179
0.000461664
0.00586056
0.00851118
0.00953536
0.0104216
0.0114032
0.0112007
0.00830632
0.00260152
-0.00410957
-0.0089919
-0.00987248
-0.00647685
-0.000497106
0.00550641
0.00973091
0.0120004
0.0132734
0.014345
0.0148539
0.0136259
0.00983386
0.00404689
-0.00177868
-0.00530939
-0.00517521
-0.00161967
0.00367541
0.00866494
0.0121322
0.0141496
0.0154507
0.0163792
0.0163248
0.0142825
0.00984357
0.0038775
-0.00169646
-0.00486103
-0.00457012
-0.00115716
0.00384205
0.00860819
0.0120197
0.0140673
0.0153578
0.0162189
0.0161901
0.0144101
0.0104289
0.00485035
-0.000752529
-0.00456251
-0.0054229
-0.0032369
0.00106209
0.00605622
0.0105775
0.0140686
0.016301
0.0169827
0.0158479
0.0131809
0.00973084
0.00648279
0.00371141
0.00189976
0.000269254
0.000114543
-0.000934553
0.0013017
-0.00113547
0.0050677
0.147453
0.149129
0.154813
0.163486
0.176078
0.193467
0.211846
0.228933
0.191815
-0.138781
-0.447327
-0.348547
-0.224241
-0.103463
-0.0832027
-0.210173
-0.304178
-0.254514
-0.144466
-0.0637552
-0.0243286
-0.0152974
-0.029686
-0.0441249
-0.0427644
-0.0306199
-0.029762
-0.0504921
-0.0858632
-0.109242
-0.0969136
-0.059696
-0.0277826
-0.0134577
-0.013518
-0.0212477
-0.0282325
-0.0275267
-0.0211881
-0.0182309
-0.0250232
-0.0402063
-0.0557547
-0.0607815
-0.0505984
-0.0312558
-0.0141517
-0.00578949
-0.00556195
-0.00877403
-0.010172
-0.00795514
-0.00528514
-0.00714946
-0.0155397
-0.0275829
-0.0370015
-0.0379477
-0.029384
-0.0159634
-0.00435608
0.00165543
0.00265993
0.00188694
0.00228356
0.00380889
0.00368135
-0.000878248
-0.00978833
-0.0196476
-0.0255877
-0.0243856
-0.0165301
-0.00594952
0.00287982
0.00776073
0.00944153
0.010079
0.0109801
0.0111855
0.00858425
0.00210748
-0.00680204
-0.0146661
-0.0179312
-0.0151497
-0.00767287
0.00114217
0.00820982
0.0123879
0.0144652
0.0157195
0.0163232
0.015065
0.0106635
0.00332226
-0.00483306
-0.0107128
-0.0119727
-0.0082518
-0.00127999
0.00618097
0.0119958
0.0156257
0.017741
0.0189909
0.0189899
0.0166726
0.0114438
0.00417113
-0.00291253
-0.00725704
-0.00734408
-0.00334353
0.00300472
0.00943993
0.0144128
0.0176557
0.0196534
0.0206414
0.0200026
0.0168553
0.0110204
0.00364576
-0.00310007
-0.0070021
-0.00687457
-0.00298049
0.00308907
0.00931125
0.014248
0.0175613
0.019612
0.0206085
0.0200625
0.0172033
0.0117836
0.00467245
-0.00230182
-0.0071057
-0.00840101
-0.00597911
-0.000774751
0.00560331
0.0116347
0.0163973
0.0194299
0.0203765
0.0189721
0.0155649
0.0109964
0.00649755
0.00249927
-7.30685e-05
-0.00215849
-0.0017862
-0.00270707
0.00138729
-0.0024036
0.00821385
0.145201
0.146535
0.151064
0.157646
0.16652
0.176929
0.18366
0.176789
0.104657
-0.101111
-0.293403
-0.259263
-0.203064
-0.105805
-0.0958221
-0.200291
-0.25402
-0.198341
-0.110078
-0.0465752
-0.012343
0.000570324
-0.00552762
-0.0156732
-0.0166993
-0.0106986
-0.0139089
-0.0375173
-0.0744086
-0.0965023
-0.0824557
-0.0460054
-0.0162442
-0.00283935
-0.00217977
-0.00842259
-0.0145135
-0.0144495
-0.00997167
-0.00922766
-0.018066
-0.034833
-0.0511238
-0.0559567
-0.0450976
-0.0251379
-0.0075143
0.00153092
0.00263917
0.000205976
-0.00099265
0.000593311
0.00192475
-0.00159804
-0.0115827
-0.0248509
-0.0349087
-0.0358716
-0.0268214
-0.0126007
-1.26778e-05
0.00705828
0.00902722
0.00885701
0.00925754
0.0101151
0.00878829
0.00278034
-0.00751444
-0.0184367
-0.0249514
-0.0237776
-0.0154215
-0.00392047
0.00607165
0.0121269
0.0147336
0.0158127
0.0165566
0.016017
0.0122479
0.00443014
-0.00572689
-0.0145286
-0.0182703
-0.0154252
-0.00733516
0.00252739
0.0108476
0.0161916
0.0190738
0.0205956
0.0208973
0.0188283
0.0132871
0.00471169
-0.00454478
-0.0112113
-0.0128097
-0.00890008
-0.00122118
0.00732714
0.0143572
0.0190373
0.0217982
0.0231748
0.0227796
0.0196412
0.0133378
0.00494822
-0.00310044
-0.00809943
-0.00840771
-0.00412255
0.00299217
0.010523
0.0166611
0.0208582
0.0233936
0.0244245
0.0233454
0.0193756
0.0125026
0.0040701
-0.00357708
-0.00807528
-0.00812025
-0.00390478
0.00295684
0.0102965
0.0164275
0.0207386
0.0233847
0.024484
0.0235402
0.0198579
0.0133371
0.00503643
-0.00303118
-0.00866636
-0.0103759
-0.00785226
-0.00200787
0.00541632
0.0126239
0.0183889
0.0220589
0.0232428
0.0216779
0.017722
0.0122287
0.00660717
0.00143755
-0.00193166
-0.00452479
-0.00375414
-0.0045458
0.00122678
-0.00369278
0.0110405
0.142409
0.14339
0.146702
0.151253
0.156626
0.161575
0.160183
0.143905
0.0804861
-0.0812806
-0.200384
-0.188554
-0.159796
-0.109114
-0.103282
-0.161577
-0.187332
-0.145183
-0.0817883
-0.0327474
-0.00274509
0.0128544
0.0143866
0.00919089
0.00806502
0.00983043
0.00385941
-0.0210592
-0.057829
-0.0779717
-0.0634345
-0.030136
-0.00420176
0.00755226
0.00868166
0.00384254
-0.00131448
-0.00162466
0.00152675
0.00078375
-0.00931659
-0.0269317
-0.0434243
-0.0479743
-0.0369289
-0.0172312
4.91462e-05
0.00915716
0.0107629
0.00890358
0.00787075
0.00899245
0.0093618
0.00470593
-0.00630498
-0.0203023
-0.0306941
-0.0316611
-0.022434
-0.00795235
0.00502455
0.0126521
0.0152284
0.0154666
0.0158522
0.0162184
0.0140522
0.00707425
-0.00411401
-0.0157079
-0.0225981
-0.0214977
-0.012927
-0.00095856
0.0096937
0.0164788
0.0196907
0.0210507
0.0216593
0.0205959
0.0160485
0.00736365
-0.00359442
-0.0130173
-0.0171164
-0.0143098
-0.00591076
0.00456536
0.0136751
0.0197852
0.0231983
0.0248782
0.024957
0.0223486
0.0160792
0.00672403
-0.00324254
-0.0104513
-0.0123347
-0.00838374
-0.000313958
0.00890799
0.0167331
0.0221156
0.0253017
0.026746
0.026083
0.0224209
0.0154475
0.00635648
-0.00232338
-0.00779038
-0.00831179
-0.00391478
0.00364894
0.0118824
0.0188007
0.0236451
0.0265382
0.0275912
0.0262296
0.0217503
0.0142381
0.00514108
-0.00310033
-0.00802955
-0.00824955
-0.00388466
0.00346072
0.0115364
0.0184845
0.0234873
0.0265409
0.0277058
0.0264984
0.0222803
0.0150387
0.00593739
-0.00290264
-0.00917257
-0.0112572
-0.00876295
-0.00256131
0.00553401
0.013538
0.0199981
0.0241205
0.0255043
0.0238927
0.0196031
0.0134265
0.00687145
0.000648583
-0.00351804
-0.00666216
-0.00567573
-0.0063666
0.000784069
-0.00489736
0.0132918
0.139221
0.139851
0.141988
0.144603
0.146989
0.14732
0.140661
0.118426
0.0643984
-0.0492778
-0.145468
-0.152725
-0.13936
-0.103677
-0.0933498
-0.126231
-0.139793
-0.108556
-0.0613843
-0.0220114
0.00468569
0.0215604
0.0291282
0.0294188
0.0299617
0.0294381
0.0213458
-0.00365559
-0.0386072
-0.0561181
-0.0422212
-0.0138848
0.00726162
0.0170486
0.0185631
0.0151195
0.0109554
0.0104993
0.0127699
0.0112224
0.000685584
-0.0169726
-0.0331089
-0.0373475
-0.0266796
-0.00812246
0.00802998
0.0166799
0.018483
0.0170366
0.0161365
0.0169379
0.016707
0.0114587
2.80891e-05
-0.0141647
-0.0245697
-0.0255426
-0.0164788
-0.00229442
0.0104892
0.0182009
0.0210571
0.0215217
0.0218685
0.0219102
0.0192655
0.0118141
0.000252077
-0.0115963
-0.0186507
-0.0176716
-0.00918665
0.00278259
0.0135902
0.0206692
0.0241749
0.0256569
0.0261465
0.0247758
0.0198443
0.0107828
-0.000507612
-0.010215
-0.0145417
-0.0118757
-0.00348018
0.00716512
0.0165952
0.0230707
0.0267412
0.0284653
0.0283955
0.0255159
0.0189358
0.00926996
-0.000997241
-0.00848725
-0.0105929
-0.00674762
0.0013908
0.010864
0.0190564
0.024789
0.028176
0.0296232
0.0288126
0.0249225
0.0176904
0.00832712
-0.000633673
-0.00636799
-0.00708634
-0.00274903
0.00494155
0.0134763
0.0207805
0.0259575
0.0290218
0.030069
0.028577
0.0239006
0.0161556
0.00680106
-0.00171218
-0.00689436
-0.0072847
-0.00294146
0.00457412
0.0129941
0.0203696
0.0257468
0.0290121
0.0301993
0.0288595
0.0243966
0.0168256
0.00733039
-0.00194023
-0.00862799
-0.0110333
-0.00868651
-0.00240468
0.00598154
0.0143871
0.0212171
0.0255893
0.0271172
0.0255591
0.0211585
0.0145792
0.00734271
0.000255866
-0.00465342
-0.00836032
-0.00737066
-0.00801709
7.2726e-05
-0.00587236
0.0146212
0.135778
0.136085
0.137132
0.138053
0.137946
0.134906
0.124849
0.100776
0.0542809
-0.0315254
-0.105396
-0.117233
-0.112417
-0.0926681
-0.0859406
-0.103249
-0.107084
-0.0821996
-0.0459486
-0.0137088
0.0101722
0.0271478
0.0383262
0.0440376
0.0473421
0.046412
0.0361961
0.0114349
-0.0199993
-0.0339623
-0.0213398
0.00113469
0.017364
0.025244
0.027134
0.0250872
0.0219931
0.0215863
0.0233017
0.0214957
0.0112793
-0.00564361
-0.020916
-0.0248833
-0.0151572
0.00150304
0.0159166
0.0237327
0.0255359
0.0244003
0.0236095
0.0242015
0.0236815
0.0183417
0.00707804
-0.00678714
-0.0168983
-0.0178962
-0.009339
0.00402207
0.0160944
0.0234906
0.0263585
0.0268983
0.0271808
0.0270386
0.0242423
0.0167876
0.00535627
-0.00633651
-0.0133469
-0.0125376
-0.00443094
0.00709634
0.0175949
0.0245784
0.0281044
0.0295664
0.029945
0.0284564
0.0235031
0.0145301
0.00336179
-0.00629806
-0.0107207
-0.00828961
-0.000195451
0.0101991
0.0195133
0.025988
0.0296675
0.0313297
0.0311682
0.0282555
0.0217507
0.0122203
0.00205038
-0.00546174
-0.00772161
-0.00411754
0.00378542
0.0131127
0.0212734
0.0270304
0.0304104
0.0317936
0.0309353
0.0270813
0.0199728
0.0107474
0.00184804
-0.0039519
-0.00484356
-0.000723786
0.00679124
0.01525
0.0225707
0.0277862
0.0308449
0.031851
0.030357
0.0257652
0.0181676
0.00894661
0.000478106
-0.0047769
-0.00532554
-0.00116249
0.00622729
0.0146205
0.0220544
0.0275056
0.030795
0.0319556
0.030596
0.0261543
0.0186254
0.0091327
-0.000227486
-0.00710923
-0.0097681
-0.00766808
-0.00155953
0.00676053
0.0151888
0.0220703
0.0264849
0.0280811
0.0266479
0.0223441
0.015663
0.00804925
0.000354358
-0.00518029
-0.00941564
-0.00862898
-0.00929767
-0.000823
-0.00646341
0.0147135
0.13221
0.132226
0.132307
0.131773
0.129678
0.124147
0.112047
0.0878417
0.0475731
-0.0176652
-0.0756634
-0.0921529
-0.0942331
-0.0829899
-0.0768301
-0.0847392
-0.0835739
-0.0632333
-0.034411
-0.00746032
0.0139886
0.0303933
0.0429652
0.0521625
0.0580396
0.0578274
0.0461112
0.021931
-0.00416123
-0.0134632
-0.00267441
0.0138761
0.0257402
0.0320094
0.0342372
0.0335179
0.0315667
0.0313801
0.0327486
0.0310289
0.0217181
0.0061863
-0.00782536
-0.0116107
-0.00329176
0.0109554
0.0232597
0.0300269
0.0317297
0.0308623
0.0301754
0.0306329
0.0300571
0.025038
0.0144525
0.00138025
-0.00817166
-0.00922983
-0.0014929
0.0106032
0.021558
0.0283414
0.0310295
0.0315363
0.0317316
0.0315094
0.028826
0.0217708
0.010918
-0.000248302
-0.00702551
-0.00643133
0.00103531
0.0117376
0.0215402
0.0281155
0.0314477
0.0327765
0.0330437
0.0315837
0.0269074
0.0184247
0.00778405
-0.00152429
-0.0059167
-0.00380133
0.0037296
0.0135095
0.0223381
0.0285092
0.0319952
0.0335054
0.0332881
0.0305289
0.0244208
0.015414
0.00569925
-0.00159492
-0.00393944
-0.000691521
0.00671178
0.0155501
0.0233397
0.0288487
0.0320481
0.033305
0.0324686
0.0288596
0.0221956
0.0134683
0.00494133
-0.000734333
-0.00176915
0.00199981
0.00907771
0.017135
0.0241564
0.0291616
0.0320634
0.0329886
0.0315845
0.0273026
0.0201757
0.0114354
0.0033022
-0.00185468
-0.00254239
0.00130529
0.00831078
0.0163534
0.0235257
0.0287923
0.0319423
0.0330254
0.0317279
0.0275249
0.0203599
0.0112287
0.00209855
-0.00475893
-0.00759513
-0.00581815
-9.97145e-05
0.00784272
0.0159587
0.0226057
0.0268689
0.0284446
0.0271698
0.0231324
0.0166396
0.00897967
0.000981756
-0.00500437
-0.00968418
-0.00927018
-0.0100243
-0.00175014
-0.00657157
0.0134875
0.128633
0.128401
0.127648
0.125922
0.12228
0.115038
0.101832
0.0785287
0.0435227
-0.00755845
-0.0539732
-0.0713756
-0.0765585
-0.0712849
-0.067205
-0.0702262
-0.0661891
-0.0490321
-0.0255581
-0.00274806
0.0164696
0.0319599
0.0445012
0.0547162
0.0617248
0.0620257
0.0510737
0.0301969
0.0106199
0.00502712
0.0127311
0.0239458
0.03239
0.0374131
0.039861
0.0402794
0.0395002
0.0396852
0.0408315
0.0393183
0.0312358
0.0175343
0.00502726
0.00134483
0.00800441
0.0196446
0.0297279
0.0353781
0.0369508
0.0363523
0.0357837
0.0361537
0.0356648
0.0312516
0.0217321
0.00981975
0.00102821
-0.000136767
0.00653221
0.0170543
0.0266304
0.0326182
0.0350142
0.0354273
0.0355213
0.0352828
0.0328955
0.026543
0.0166246
0.00628825
-0.00010021
0.00024089
0.00685875
0.016444
0.0252689
0.0312177
0.034212
0.0353321
0.0354828
0.0341461
0.0299603
0.0222759
0.0124898
0.00378733
-0.000464396
0.00127533
0.00803692
0.0169202
0.0249843
0.0306307
0.0337796
0.0350721
0.0348147
0.0323319
0.0268534
0.0186715
0.00970427
0.00283293
0.000469205
0.00327622
0.00997371
0.0180574
0.0252181
0.0302775
0.0331702
0.0342498
0.0334725
0.0302471
0.0242629
0.016317
0.00842076
0.00303552
0.00189285
0.0052111
0.011648
0.0190514
0.025532
0.0301404
0.0327717
0.0335776
0.0323147
0.0284947
0.0220793
0.0140977
0.00654522
0.00163905
0.000838234
0.00426675
0.0106828
0.0181192
0.0247799
0.0296629
0.0325479
0.0335067
0.0323182
0.0285056
0.0219522
0.0134789
0.00485718
-0.00177568
-0.00470805
-0.00330452
0.00185357
0.00916867
0.0167018
0.022882
0.0268328
0.0283003
0.0271803
0.0235216
0.0174607
0.0100756
0.00210036
-0.00412153
-0.00912228
-0.00919632
-0.0100878
-0.00252717
-0.00620251
0.0112183
0.125146
0.124705
0.123255
0.120569
0.11576
0.107371
0.093679
0.0717016
0.0410717
0.000122163
-0.0376084
-0.0552081
-0.0627665
-0.0614392
-0.0586145
-0.0587101
-0.0532073
-0.0384266
-0.0188171
0.000770963
0.0179773
0.0323903
0.044327
0.0541913
0.0611498
0.0620326
0.0538341
0.0383618
0.0242316
0.0197668
0.0241484
0.0314441
0.0375288
0.0416191
0.0441149
0.0453585
0.045665
0.0463429
0.047367
0.0460054
0.039151
0.0274124
0.0165077
0.0129525
0.0180104
0.0271689
0.0351398
0.0397178
0.0411652
0.0408504
0.040432
0.0407459
0.0403997
0.0367285
0.0285039
0.0179884
0.0100785
0.0087626
0.0142194
0.0230271
0.0311218
0.0362393
0.0382982
0.0386004
0.0385928
0.0383665
0.0363702
0.0309037
0.0221573
0.0128652
0.006977
0.00703905
0.0126714
0.0209618
0.0286484
0.0338508
0.0364321
0.0373074
0.0373374
0.0361688
0.032592
0.0258999
0.0171938
0.00928442
0.00526063
0.00659079
0.0124475
0.0202518
0.0273776
0.032367
0.0350973
0.0361352
0.0358389
0.0336914
0.0289746
0.0218118
0.0137988
0.00750632
0.00518111
0.00749823
0.0133547
0.02051
0.0268775
0.0313639
0.0338764
0.0347487
0.0340368
0.0312608
0.0260922
0.0191147
0.0120366
0.00707319
0.0058613
0.00866863
0.01433
0.0209129
0.0266967
0.0307916
0.0330834
0.0337402
0.0326327
0.0293483
0.0237874
0.0167535
0.00996469
0.00543298
0.0045507
0.00749493
0.0131819
0.0198373
0.0258187
0.0301884
0.0327283
0.0335277
0.0324621
0.0291199
0.0233346
0.015732
0.00783755
0.00159979
-0.00134758
-0.000339852
0.00414161
0.0106523
0.0174104
0.0229595
0.0264831
0.0277714
0.0267763
0.0235442
0.0180807
0.0112375
0.00359349
-0.00262744
-0.00779859
-0.00840852
-0.00948185
-0.00300605
-0.0054535
0.00841666
0.121831
0.121221
0.119202
0.115768
0.110101
0.100996
0.0872207
0.0667089
0.0397141
0.00606633
-0.0252398
-0.0422393
-0.0508084
-0.0518782
-0.0502106
-0.0489852
-0.0430053
-0.0301808
-0.0135483
0.00343351
0.0188356
0.032102
0.0432621
0.0524153
0.0589078
0.0604773
0.0551332
0.0442408
0.0338997
0.0298392
0.032107
0.0369473
0.0414562
0.0448212
0.0472043
0.0488979
0.0500472
0.0512606
0.0522765
0.0509679
0.0450552
0.0350918
0.0258191
0.0225903
0.0263601
0.0333529
0.0394624
0.0430863
0.0444149
0.0443792
0.0441467
0.0444359
0.0442228
0.0412829
0.034405
0.0253723
0.0183812
0.0168954
0.0211314
0.028265
0.0349202
0.0391787
0.0409024
0.0411079
0.0410144
0.040805
0.039214
0.0346919
0.027223
0.0190861
0.0137594
0.013534
0.0181303
0.0250748
0.0315831
0.0360077
0.0381593
0.0387892
0.0387009
0.0377045
0.0347644
0.029139
0.0216245
0.0146169
0.0108815
0.011796
0.0166906
0.0233411
0.0294609
0.0337446
0.0360314
0.036807
0.036467
0.0346586
0.0307376
0.0246736
0.0177233
0.0121068
0.00986725
0.0116833
0.0166407
0.0227907
0.0282949
0.0321597
0.034268
0.0349241
0.0342663
0.0319417
0.0276259
0.0216982
0.0155424
0.0110884
0.00984627
0.0121248
0.0169507
0.0226361
0.0276528
0.0311859
0.033113
0.0336061
0.0326406
0.029895
0.025232
0.019234
0.0133165
0.00924572
0.00831704
0.0107533
0.0156427
0.0214286
0.0266473
0.0304431
0.0326042
0.033227
0.0322739
0.0294156
0.02446
0.0178434
0.0108194
0.00510502
0.00221794
0.00283573
0.00658248
0.0121902
0.0180647
0.0228916
0.0259262
0.0269926
0.0260821
0.0232667
0.0184733
0.012348
0.00528363
-0.000708561
-0.00588609
-0.00701183
-0.00830032
-0.00311653
-0.00446679
0.00559586
0.118757
0.118012
0.115539
0.111532
0.105253
0.0957312
0.0821136
0.0630257
0.0390145
0.0106978
-0.0157931
-0.0319827
-0.0411764
-0.043939
-0.0433118
-0.0413821
-0.0352885
-0.0239311
-0.00950917
0.00542078
0.0192726
0.0314459
0.041803
0.0502682
0.0562884
0.0582735
0.0548993
0.047299
0.0398207
0.0364448
0.0376194
0.04096
0.0444057
0.047206
0.0493839
0.0512012
0.0528175
0.0544359
0.0555253
0.0542696
0.0490086
0.0405455
0.0329166
0.0302466
0.0330258
0.0382059
0.042779
0.0456059
0.0468059
0.0470011
0.0469734
0.0472763
0.0471577
0.0448263
0.0391757
0.0315541
0.0254461
0.0238248
0.0269794
0.0326332
0.0379962
0.0414634
0.0428779
0.043015
0.0428647
0.0426676
0.0414359
0.0378035
0.0315863
0.0246082
0.0198525
0.0193553
0.0229595
0.0286296
0.0340246
0.0377084
0.0394537
0.0398638
0.0396702
0.0388245
0.0364746
0.0318794
0.0255544
0.019474
0.0160566
0.0165782
0.0205342
0.0260599
0.0312012
0.0347997
0.0366616
0.0371924
0.0368053
0.0353016
0.0321282
0.027135
0.0212558
0.0163488
0.0142286
0.0155688
0.0196442
0.024804
0.0294589
0.0327164
0.0344362
0.0348865
0.0342653
0.0323487
0.028839
0.0239415
0.018725
0.0148181
0.0135812
0.0153539
0.0193567
0.0241512
0.0284071
0.031388
0.0329624
0.0332941
0.0324428
0.0301864
0.0263777
0.0214053
0.016385
0.0128177
0.0118778
0.0138224
0.0179159
0.0228262
0.0272762
0.0304981
0.0322863
0.0327341
0.0318702
0.0294587
0.0253085
0.0196942
0.0135984
0.00848302
0.00571896
0.00597872
0.00899107
0.0136754
0.0186397
0.0227236
0.0252574
0.0260871
0.0252261
0.0227794
0.0186426
0.0133023
0.00697024
0.0013892
-0.0036388
-0.00520266
-0.00671714
-0.00287339
-0.00339395
0.00313323
0.115977
0.115127
0.112299
0.107866
0.101164
0.0914336
0.0781048
0.0603145
0.0387306
0.0143461
-0.00853474
-0.0238115
-0.0331674
-0.0369028
-0.0369493
-0.0348565
-0.0290034
-0.0189278
-0.00629017
0.00695288
0.0194665
0.0306395
0.0402384
0.0481056
0.0537425
0.0560096
0.0540463
0.0487839
0.0433912
0.0407689
0.0414398
0.0438728
0.0465932
0.0489512
0.050894
0.0526336
0.0543476
0.0561029
0.0572224
0.0561134
0.0515419
0.044503
0.0383877
0.0362171
0.0381264
0.0418507
0.0452423
0.0474384
0.0484864
0.0488215
0.0489794
0.049333
0.0492814
0.0473926
0.0427267
0.0363116
0.0310091
0.0293523
0.0316728
0.0361203
0.0403888
0.0431627
0.044301
0.0443939
0.0442208
0.0440352
0.0430869
0.0402076
0.0351033
0.029188
0.0249683
0.0242449
0.0269875
0.031553
0.0359728
0.0389952
0.0403792
0.0406086
0.0403329
0.039607
0.0377533
0.0340659
0.0288289
0.0236236
0.0205236
0.0207018
0.0238139
0.0283308
0.0325941
0.0355754
0.0370582
0.0373783
0.0369477
0.0356956
0.0331658
0.0291296
0.0242413
0.0200154
0.0180329
0.0189527
0.0222279
0.0264881
0.0303732
0.0330825
0.0344563
0.0347256
0.0341265
0.0325505
0.0297415
0.0257729
0.0214334
0.0180615
0.0168559
0.0181804
0.0214329
0.0254118
0.028973
0.0314539
0.0327133
0.0329006
0.0321332
0.0302874
0.0272271
0.0231876
0.0190138
0.0159455
0.0150222
0.0165269
0.0198866
0.0239841
0.0277216
0.0304162
0.0318666
0.0321558
0.0313568
0.0293254
0.0258929
0.0212106
0.0160164
0.0115165
0.00891803
0.00887135
0.0112017
0.0150126
0.0191121
0.0224917
0.0245544
0.0251591
0.0243235
0.0221802
0.0186256
0.0140382
0.00848094
0.00341736
-0.00134065
-0.00323088
-0.00495374
-0.00235788
-0.00237735
0.00124308
0.113533
0.112603
0.109504
0.10476
0.0977763
0.0879703
0.0749824
0.0583169
0.0386772
0.0172004
-0.00298085
-0.0174061
-0.0267866
-0.031205
-0.0318523
-0.029818
-0.0242658
-0.0151577
-0.00385017
0.00808455
0.0195049
0.0298225
0.0387605
0.0461208
0.0514651
0.0539488
0.0530112
0.0494301
0.0455751
0.0436225
0.0440834
0.0459659
0.0481915
0.0502066
0.0519231
0.0535051
0.055118
0.0567901
0.0578586
0.0569759
0.053222
0.0475217
0.0425778
0.0406482
0.0418226
0.0444833
0.0470312
0.0487468
0.049622
0.0499932
0.0502724
0.0506883
0.0507023
0.0491237
0.0451766
0.0397127
0.0351286
0.0335588
0.0352975
0.0388027
0.0421819
0.0443739
0.0452681
0.0453251
0.0451555
0.0449892
0.0442497
0.0419501
0.0377452
0.0327211
0.0289727
0.0280971
0.0301686
0.0338522
0.0374688
0.0399275
0.0410019
0.0410912
0.0407616
0.0401277
0.0386586
0.035706
0.0313845
0.0269393
0.0241307
0.0240358
0.0264519
0.0301338
0.0336631
0.0361204
0.037282
0.0374321
0.036969
0.0359131
0.0338969
0.0306502
0.0266071
0.0229833
0.0211407
0.0217166
0.0243199
0.0278228
0.0310583
0.0333038
0.0343869
0.0345079
0.0339231
0.0326149
0.0303726
0.0271785
0.0235944
0.0207022
0.0195449
0.0204997
0.0231168
0.0264022
0.0293728
0.0314307
0.0324263
0.0324933
0.0317861
0.0302642
0.0278139
0.0245599
0.0211225
0.0185073
0.0176196
0.0187582
0.0214889
0.0248857
0.0280091
0.0302519
0.0314164
0.0315717
0.0308182
0.0290899
0.0262515
0.0223698
0.0179803
0.0140565
0.0116418
0.0113511
0.0130916
0.0161345
0.0194701
0.0222284
0.0238779
0.0242852
0.023462
0.021556
0.0184796
0.0145442
0.00970791
0.00518152
0.000757673
-0.00134213
-0.0032349
-0.00170024
-0.00153161
1.17836e-06
0.111457
0.110468
0.107167
0.102203
0.0950388
0.0852365
0.0725896
0.0568606
0.0387489
0.0194184
0.00124598
-0.0124189
-0.0216889
-0.026483
-0.0275245
-0.0256253
-0.0204277
-0.0121408
-0.00190732
0.00896745
0.0194848
0.0290823
0.0374639
0.0444138
0.0495402
0.0521973
0.0520086
0.0496318
0.0468969
0.0454928
0.0458994
0.047455
0.049344
0.0510954
0.0526117
0.0540259
0.0554854
0.0569991
0.057982
0.0573168
0.0542754
0.0496204
0.0455033
0.0437067
0.044385
0.0463405
0.0483105
0.0496659
0.0503667
0.0506965
0.0510125
0.0514615
0.0515401
0.0502053
0.0467999
0.0420832
0.0381154
0.036686
0.0380088
0.0407889
0.0434753
0.0452028
0.0458847
0.0458988
0.0457416
0.0456056
0.0450224
0.043142
0.0396053
0.0352693
0.0319149
0.0309715
0.0325713
0.0355927
0.0385761
0.0405719
0.0413875
0.0413698
0.0410118
0.0404512
0.0392645
0.0368644
0.0332536
0.0294171
0.0268573
0.0265691
0.0284598
0.0315003
0.0344519
0.0364842
0.0373836
0.0374033
0.036922
0.0360151
0.034384
0.0317428
0.0283666
0.0252333
0.0235187
0.0238357
0.0259165
0.0288262
0.0315478
0.0334217
0.034272
0.0342788
0.033707
0.0326011
0.0307893
0.0281959
0.0252133
0.0227167
0.021613
0.022284
0.0244002
0.0271354
0.0296359
0.0313567
0.0321438
0.0321179
0.0314552
0.0301772
0.0281939
0.0255547
0.022709
0.0204707
0.019626
0.02048
0.0227085
0.0255418
0.0281705
0.0300502
0.0309869
0.0310368
0.0303162
0.0288179
0.026441
0.0231986
0.0194714
0.0160402
0.0138017
0.0133293
0.0145942
0.0170081
0.0197145
0.0219604
0.0232704
0.0235159
0.0226999
0.0209739
0.0182679
0.0148531
0.0106222
0.00658033
0.00249311
0.000279521
-0.00173866
-0.00102468
-0.000921413
-0.000636058
0.109771
0.108741
0.105294
0.10018
0.0929051
0.0831455
0.0708034
0.055817
0.0388674
0.0210908
0.00437785
-0.00867108
-0.0178189
-0.0228707
-0.0242425
-0.0225252
-0.0176416
-0.00995815
-0.000500043
0.00959207
0.0194216
0.0284566
0.0364004
0.0430339
0.0480042
0.0507947
0.0511417
0.0496147
0.0476809
0.046704
0.0471273
0.0484922
0.050156
0.0517113
0.053063
0.0543285
0.0556476
0.0570137
0.0579094
0.0573844
0.0548381
0.0509156
0.0473877
0.0457272
0.0461189
0.047627
0.0492073
0.0502979
0.0508444
0.0510992
0.0513903
0.0518325
0.0519574
0.0508286
0.0478664
0.0437462
0.0402607
0.038939
0.0399475
0.042193
0.0443721
0.0457502
0.0462545
0.0462151
0.0460623
0.0459583
0.0454969
0.0439157
0.040853
0.0370206
0.0339825
0.0330335
0.0343212
0.0368626
0.0393649
0.0409961
0.0416023
0.041501
0.0411311
0.0406312
0.0396467
0.0376387
0.034541
0.0311556
0.0287951
0.0283886
0.0299152
0.0324939
0.035013
0.0367148
0.0374067
0.0373294
0.0368425
0.0360472
0.034691
0.0324841
0.0295961
0.0268321
0.0252248
0.0253637
0.0270686
0.0295446
0.031883
0.0334732
0.0341444
0.0340674
0.0335099
0.0325525
0.0310499
0.0288915
0.0263525
0.0241559
0.0231025
0.0235718
0.0253209
0.0276485
0.0297974
0.0312637
0.0318938
0.0318005
0.0311723
0.0300712
0.0284248
0.0262342
0.0238279
0.021877
0.0210734
0.0217218
0.0235774
0.0259885
0.0282441
0.0298487
0.0306133
0.0305852
0.029889
0.028558
0.0265189
0.0237516
0.0205276
0.0174815
0.0153923
0.0147938
0.015703
0.017639
0.0198635
0.0217147
0.0227625
0.0228832
0.0220717
0.0204773
0.0180435
0.0150161
0.0112504
0.00759778
0.00380217
0.00153869
-0.000565317
-0.0004283
-0.0005514
-0.000803797
0.108494
0.107436
0.103889
0.098676
0.0913381
0.0816324
0.0695356
0.0551011
0.0389895
0.0222946
0.00660091
-0.00597541
-0.0149923
-0.0201749
-0.0217487
-0.0201759
-0.0155499
-0.00832776
0.000549471
0.0100559
0.0193683
0.0279793
0.0355956
0.0419983
0.046861
0.0497491
0.0504649
0.0495145
0.0481298
0.0474649
0.0479299
0.0491873
0.0507046
0.0521204
0.0533468
0.054495
0.0557038
0.0569567
0.0577827
0.0573431
0.055121
0.0516845
0.0485584
0.0470192
0.0472539
0.0484857
0.04981
0.0507141
0.0511395
0.0513213
0.0515697
0.0519875
0.0521406
0.0511701
0.0485432
0.0448579
0.0417077
0.0404508
0.0412412
0.0431267
0.0449625
0.0460952
0.046462
0.0463677
0.0462074
0.0461273
0.0457586
0.0443917
0.0416628
0.0381887
0.0353864
0.0344525
0.0355337
0.0377387
0.0398953
0.0412577
0.0417042
0.0415379
0.0411628
0.0407118
0.0398704
0.0381307
0.0353833
0.0323111
0.0300991
0.0296282
0.0309183
0.0331817
0.0353933
0.0368513
0.0373873
0.0372398
0.0367544
0.036041
0.0348733
0.0329606
0.0304057
0.0278983
0.0263726
0.026399
0.0278529
0.0300322
0.0321017
0.0334872
0.0340278
0.0338926
0.0333497
0.0324977
0.0312058
0.0293416
0.0271049
0.0251166
0.0241032
0.0244394
0.0259389
0.0279856
0.0298888
0.031175
0.0316941
0.0315558
0.0309553
0.0299772
0.0285597
0.0266726
0.0245658
0.0228136
0.0220418
0.0225518
0.0241513
0.0262695
0.0282639
0.0296746
0.0303181
0.0302367
0.0295599
0.0283456
0.0265385
0.0240983
0.021224
0.0184498
0.0164708
0.0157898
0.0164541
0.0180559
0.0199402
0.0215106
0.0223707
0.0224023
0.0215945
0.0200928
0.0178486
0.0150902
0.0116523
0.00827998
0.00470421
0.00242367
0.000262019
3.11728e-05
-0.000377354
-0.000681553
0.107637
0.106561
0.102952
0.0976802
0.0903092
0.0806491
0.0687228
0.0546527
0.0390834
0.0230712
0.00802101
-0.00424221
-0.0131672
-0.018432
-0.0201499
-0.0186945
-0.0142478
-0.00731724
0.00119873
0.0103367
0.0193178
0.0276529
0.0350551
0.0413086
0.046105
0.0490571
0.0500041
0.0494119
0.0483709
0.0479095
0.0484143
0.0496151
0.0510442
0.0523701
0.0535122
0.0545799
0.0557129
0.0568898
0.057668
0.0572776
0.0552524
0.0521138
0.0492396
0.0477886
0.0479423
0.0490143
0.0501823
0.0509662
0.0513088
0.0514368
0.0516511
0.0520472
0.0522138
0.0513404
0.0489217
0.0455074
0.0425684
0.0413584
0.0420241
0.0436951
0.0453206
0.046297
0.04657
0.0464323
0.0462606
0.046194
0.0458862
0.0446594
0.0421476
0.0389064
0.0362588
0.0353388
0.0362927
0.0382856
0.0402199
0.0414056
0.0417438
0.0415315
0.0411526
0.0407351
0.0399866
0.0384168
0.0358904
0.0330175
0.0309048
0.030402
0.0315508
0.033617
0.0356298
0.0369255
0.0373557
0.0371613
0.0366789
0.0360196
0.0349704
0.03324
0.0308918
0.0285461
0.0270764
0.0270392
0.0283417
0.0303368
0.0322345
0.0334859
0.0339395
0.0337667
0.0332354
0.0324513
0.0312901
0.0296061
0.0275552
0.0256971
0.024712
0.0249703
0.0263179
0.0281901
0.0299377
0.031108
0.0315553
0.0313891
0.0308081
0.0299079
0.028631
0.0269288
0.0250045
0.0233749
0.0226249
0.0230527
0.0244959
0.0264324
0.0282624
0.0295494
0.0301152
0.0300002
0.0293368
0.0281961
0.0265326
0.0242938
0.0216352
0.0190303
0.0171225
0.0163941
0.0169097
0.0183047
0.0199757
0.0213677
0.0221071
0.0220806
0.0212749
0.0198314
0.0177059
0.0151148
0.011882
0.00868655
0.00525366
0.00297015
0.00077322
0.000335984
-0.000323144
-0.000469249
0.107207
0.106122
0.102483
0.0971845
0.0897994
0.080165
0.0683261
0.0544375
0.0391347
0.0234538
0.008716
-0.00338879
-0.0122614
-0.0175563
-0.0193356
-0.0179357
-0.0135804
-0.00679932
0.00153146
0.010481
0.0192931
0.0274883
0.0347834
0.0409637
0.0457291
0.0487141
0.0497736
0.0493537
0.048478
0.0481163
0.048643
0.0498185
0.0512051
0.0524861
0.0535851
0.0546115
0.0557065
0.0568465
0.0576029
0.0572374
0.0553071
0.0523109
0.0495573
0.0481502
0.048268
0.0492654
0.0503583
0.0510825
0.0513824
0.0514819
0.0516787
0.0520644
0.052238
0.051411
0.0490915
0.0458066
0.0429691
0.0417838
0.0423924
0.0439627
0.0454878
0.0463875
0.0466123
0.0464507
0.0462724
0.0462135
0.0459378
0.0447812
0.0423761
0.0392489
0.0366773
0.0357647
0.0366572
0.0385466
0.0403717
0.0414693
0.0417521
0.041515
0.0411337
0.0407341
0.0400334
0.0385492
0.0361332
0.0333598
0.0312971
0.0307797
0.0318599
0.0338291
0.0357426
0.036956
0.0373317
0.0371128
0.0366322
0.0360008
0.0350109
0.0333703
0.0311238
0.0288576
0.0274159
0.0273489
0.0285789
0.0304841
0.0322971
0.033481
0.0338905
0.0336988
0.033174
0.0324241
0.0313269
0.0297301
0.0277687
0.0259732
0.0250021
0.0252234
0.0264983
0.0282862
0.0299581
0.0310713
0.0314831
0.0313038
0.0307336
0.029872
0.0286631
0.0270487
0.0252104
0.0236384
0.0228985
0.0232872
0.0246559
0.0265052
0.0282557
0.0294826
0.0300107
0.0298801
0.0292246
0.0281205
0.0265265
0.0243836
0.0218269
0.0193018
0.0174272
0.0166763
0.0171216
0.0184179
0.0199863
0.021292
0.0219726
0.0219182
0.0211142
0.0196998
0.0176325
0.0151224
0.0119881
0.00887723
0.00551276
0.00322891
0.00101325
0.000485355
-0.000317942
-0.000321089
-0.638551
-0.353485
-0.214173
-0.638551
-0.353483
-0.476089
-0.485474
-0.616476
-0.476089
-0.485472
0.0814166
0.424308
0.282471
0.33409
0.0814181
0.424308
0.282472
-0.199292
-0.469436
-0.469435
-0.462925
-0.461182
-0.469548
-0.459036
-0.462925
-0.46118
-0.469548
0.516773
0.445691
0.516773
-0.474868
-0.454611
-0.474868
-0.454611
0.469381
0.520272
0.469381
-0.435207
-0.397795
-0.435207
-0.397795
0.367433
0.375836
0.177092
0.456362
0.367434
0.375837
0.177093
-0.0694166
-0.0694146
-0.381615
-0.381615
-0.370161
-0.365611
-0.359042
-0.36288
-0.37016
-0.365612
-0.359041
-0.108186
-0.486686
-0.211688
-0.108187
-0.486687
-0.391489
-0.473345
-0.385648
-0.391489
-0.473344
-0.385648
-0.394505
-0.240132
-0.487285
-0.173793
-0.394506
-0.240132
-0.487286
-0.443539
-0.578755
-0.480417
-0.457422
-0.443541
-0.578754
-0.48042
0.0722819
0.261352
0.0671759
0.186101
0.0722823
0.261352
0.0671771
-0.591831
-0.617809
-0.573398
-0.647468
-0.574802
-0.647996
-0.591318
-0.444495
-0.458294
-0.450075
-0.446644
-0.444495
-0.458294
-0.450075
-0.190794
-0.455006
-0.460077
-0.443628
-0.467907
-0.44393
-0.467609
-0.454845
-0.456403
-0.46356
-0.463103
-0.456884
-0.399342
-0.417829
-0.417504
-0.399642
-0.363899
-0.364159
-0.374126
-0.35989
-0.373849
-0.35904
-0.364364
0.159715
0.235408
0.146649
0.307468
0.159716
0.235409
0.14665
-0.356506
-0.209227
-0.127791
-0.129869
-0.359929
-0.354871
-0.372398
-0.339996
-0.366774
-0.35487
-0.372398
-0.339996
-0.358023
-0.0907062
-0.280941
-0.138781
-0.358023
-0.090706
-0.280941
-0.374392
-0.347095
-0.337339
-0.447326
-0.374392
-0.347095
-0.337339
-0.512121
-0.640842
-0.493504
-0.669438
-0.494832
-0.671022
-0.511267
-0.51112
-0.350909
-0.251725
-0.25446
-0.515011
-0.512124
-0.640843
-0.493507
-0.669438
-0.494836
-0.671022
-0.51127
-0.511119
-0.350908
-0.251724
-0.254459
-0.51501
-0.507469
-0.485578
-0.481202
-0.481636
-0.507444
-0.591831
-0.617809
-0.573399
-0.647469
-0.574802
-0.647997
-0.591319
-0.507468
-0.485577
-0.481201
-0.481634
-0.507444
0.317614
0.0802058
0.244312
0.0614533
0.243399
0.0595821
0.319632
0.368824
0.304205
0.16505
0.433752
0.131162
0.438423
0.371884
0.317614
0.0802068
0.244313
0.0614548
0.2434
0.0595833
0.319632
0.368824
0.304206
0.165051
0.433752
0.131163
0.438424
0.371885
-0.190793
-0.469678
-0.469677
-0.460367
-0.457126
-0.465224
-0.448315
-0.468397
-0.447928
-0.459568
-0.455004
-0.460074
-0.443627
-0.467905
-0.443927
-0.467607
-0.454844
-0.460365
-0.457124
-0.465222
-0.448313
-0.468394
-0.447926
-0.459566
0.543189
0.465137
0.468761
0.540818
0.589606
0.618625
0.61981
0.588012
0.543189
0.465137
0.468762
0.540818
0.589606
0.618625
0.61981
0.588012
-0.449075
-0.435589
-0.435251
-0.449468
-0.456402
-0.463559
-0.463102
-0.456883
-0.449074
-0.435587
-0.43525
-0.449466
0.612102
0.626289
0.62741
0.61073
0.578779
0.515396
0.518401
0.576838
0.612102
0.62629
0.62741
0.61073
0.57878
0.515396
0.518401
0.576838
-0.38217
-0.367181
-0.366815
-0.382405
-0.399341
-0.417827
-0.417503
-0.39964
-0.38217
-0.36718
-0.366815
-0.382404
0.427061
0.385794
0.486037
0.259835
0.489941
0.231999
0.429448
0.378698
0.17561
0.165409
0.309883
0.163867
0.309282
0.380133
0.427061
0.385795
0.486037
0.259836
0.489942
0.232
0.429448
0.378699
0.175611
0.16541
0.309884
0.163869
0.309283
0.380133
-0.0620424
-0.0620408
-0.381376
-0.381376
-0.365445
-0.365277
-0.361493
-0.365014
-0.361517
-0.364845
-0.365712
-0.363899
-0.364159
-0.374126
-0.35989
-0.373848
-0.35904
-0.364363
-0.365445
-0.365277
-0.361493
-0.365014
-0.361517
-0.364845
-0.365712
-0.368625
-0.488365
-0.511694
-0.354982
-0.512842
-0.35599
-0.368006
-0.356504
-0.209225
-0.127789
-0.129867
-0.359927
-0.368626
-0.488364
-0.511694
-0.354984
-0.512841
-0.355992
-0.368008
-0.404523
-0.391401
-0.390814
-0.390715
-0.404873
-0.46587
-0.474153
-0.50139
-0.450441
-0.501561
-0.451241
-0.465736
-0.404523
-0.391401
-0.390814
-0.390715
-0.404873
-0.46587
-0.474151
-0.50139
-0.450442
-0.50156
-0.451241
-0.465737
-0.508196
-0.215362
-0.443231
-0.241866
-0.443212
-0.244533
-0.509342
0.340026
0.322064
0.387257
0.291565
0.340026
0.322064
0.387257
-0.65105
-0.552896
-0.676632
-0.550148
-0.65105
-0.552898
-0.676632
0.424666
0.356242
0.446425
0.342643
0.424666
0.356242
0.446425
0.553025
0.447055
0.523217
0.486188
0.524795
0.487366
0.551717
-0.628256
-0.50944
-0.610097
-0.533911
-0.628256
-0.509441
-0.610097
0.450707
0.351734
0.43673
0.359303
0.450707
0.351734
0.43673
0.591927
0.521415
0.597645
0.514886
0.598865
0.516049
0.590682
-0.527969
-0.419646
-0.470865
-0.46164
-0.527969
-0.419646
-0.470865
0.406972
0.310954
0.365913
0.336083
0.406972
0.310954
0.365913
-0.39651
-0.346013
-0.326931
-0.3764
-0.396509
-0.346013
-0.326931
-0.366721
-0.36873
-0.370681
-0.368606
-0.370487
-0.365204
-0.365285
-0.508196
-0.215363
-0.44323
-0.241866
-0.443213
-0.244533
-0.509341
-0.51189
-0.476537
-0.499016
-0.49707
-0.499845
-0.497235
-0.511623
-0.511889
-0.476537
-0.499017
-0.497071
-0.499844
-0.497234
-0.511623
0.580108
0.51793
0.504158
0.593604
0.505369
0.594825
0.578855
0.553026
0.447055
0.523217
0.486188
0.524796
0.487366
0.551717
0.580108
0.51793
0.504158
0.593604
0.505369
0.594825
0.578855
-0.452921
-0.474576
-0.456242
-0.473074
-0.455867
-0.472811
-0.453241
-0.444969
-0.454358
-0.460843
-0.43364
-0.460598
-0.433453
-0.445209
-0.452921
-0.474575
-0.456242
-0.473074
-0.455867
-0.472811
-0.45324
-0.444969
-0.454358
-0.460843
-0.433638
-0.460598
-0.433453
-0.445208
0.572227
0.47065
0.503017
0.54874
0.504126
0.550283
0.570941
0.591927
0.521415
0.597644
0.514886
0.598865
0.516049
0.590683
0.572227
0.47065
0.503017
0.54874
0.504127
0.550284
0.570941
-0.403009
-0.435014
-0.418148
-0.422136
-0.418013
-0.421971
-0.403107
-0.388558
-0.397744
-0.406328
-0.374506
-0.406244
-0.37474
-0.388556
-0.403009
-0.435014
-0.418146
-0.422136
-0.418013
-0.421971
-0.403106
-0.388557
-0.397742
-0.406327
-0.374507
-0.406243
-0.374739
-0.388555
-0.358169
-0.109043
-0.124855
-0.307218
-0.126927
-0.30707
-0.359235
-0.358168
-0.109042
-0.124855
-0.307217
-0.126926
-0.307069
-0.359234
-0.406945
-0.38587
-0.40174
-0.395476
-0.401646
-0.395834
-0.407026
-0.406945
-0.38587
-0.40174
-0.395476
-0.401646
-0.395834
-0.407026
0.0609984
0.0507005
0.188746
0.0457982
0.187814
0.12944
0.130162
0.0609993
0.0507011
0.188747
0.0457991
0.187814
0.129441
0.130162
-0.458859
-0.456842
-0.44324
-0.457622
-0.443584
-0.431114
-0.430489
-0.458856
-0.456841
-0.443239
-0.457619
-0.44358
-0.43111
-0.430489
0.154416
0.257446
0.139989
0.256793
0.135923
0.200018
0.200522
0.154417
0.257446
0.139989
0.256794
0.135925
0.200019
0.200523
-0.366721
-0.36873
-0.370681
-0.368606
-0.370487
-0.365205
-0.365285
0.0344365
0.140972
0.0486232
0.0941852
0.0344367
0.140972
0.0486234
-0.427641
-0.431302
-0.470965
-0.407175
-0.427641
-0.431302
-0.470966
0.257082
0.264603
0.293091
0.225427
0.257082
0.264603
0.293091
-0.624847
-0.540422
-0.655357
-0.529708
-0.624847
-0.540423
-0.655357
0.323077
0.251783
0.290353
0.287642
0.323077
0.251783
0.290353
-0.293303
-0.298457
-0.230652
-0.314275
-0.293302
-0.298458
-0.230652
0.117617
0.14454
0.10024
0.191815
0.117618
0.14454
0.10024
-0.347898
-0.312035
-0.27489
-0.348547
-0.347898
-0.312035
-0.27489
)
;

boundaryField
{
    inlet
    {
        type            zeroGradient;
    }
    outlet
    {
        type            fixedValue;
        value           uniform 0;
    }
    top
    {
        type            symmetryPlane;
    }
    bottom
    {
        type            symmetryPlane;
    }
    front
    {
        type            symmetryPlane;
    }
    back
    {
        type            symmetryPlane;
    }
    cylinder
    {
        type            zeroGradient;
    }
}


// ************************************************************************* //
