/*--------------------------------*- C++ -*----------------------------------*\
  =========                 |
  \\      /  F ield         | OpenFOAM: The Open Source CFD Toolbox
   \\    /   O peration     | Website:  https://openfoam.org
    \\  /    A nd           | Version:  11
     \\/     M anipulation  |
\*---------------------------------------------------------------------------*/
FoamFile
{
    format      ascii;
    class       volScalarField;
    location    "16.339352";
    object      p;
}
// * * * * * * * * * * * * * * * * * * * * * * * * * * * * * * * * * * * * * //

dimensions      [0 2 -2 0 0 0 0];

internalField   nonuniform List<scalar> 
7132
(
0.0791599
0.0778018
0.0731976
0.0666143
0.0576184
0.046214
0.0326456
0.0174555
0.0016023
-0.0132615
-0.0255828
-0.0332245
-0.0359625
-0.0338726
-0.0281365
-0.0205039
-0.0123886
-0.00480822
0.00203488
0.00850745
0.0150097
0.0216035
0.0280519
0.0340616
0.0394503
0.0442063
0.0483821
0.051971
0.0547414
0.0562202
0.0560259
0.0543842
0.052285
0.0508391
0.0505583
0.0511966
0.0521966
0.0531189
0.0538104
0.0543742
0.0550078
0.0558058
0.0564684
0.0562672
0.0545588
0.0515557
0.048481
0.046656
0.0465309
0.047556
0.0488344
0.049742
0.0501144
0.0501411
0.0501521
0.0503545
0.0505106
0.0499168
0.0479402
0.0448015
0.0417362
0.0401105
0.040389
0.0419348
0.0436747
0.0448475
0.0452591
0.045138
0.0448686
0.044684
0.0443881
0.0434034
0.0412761
0.0382997
0.0355773
0.0342834
0.0348197
0.0366038
0.0385899
0.0399684
0.0404905
0.040365
0.0399698
0.039516
0.0388342
0.0375012
0.0353002
0.0326429
0.0304811
0.0296899
0.030489
0.0323416
0.0343541
0.0358014
0.036414
0.0363408
0.0359071
0.0353013
0.0344092
0.0329598
0.0309069
0.0286985
0.0271149
0.0267728
0.0277403
0.0295243
0.0313939
0.0327569
0.0333671
0.0333152
0.0328556
0.0321557
0.0311606
0.0297128
0.0278544
0.0260139
0.0248412
0.0248044
0.0259038
0.0276887
0.0295303
0.0309162
0.0316079
0.0316366
0.0311789
0.0303673
0.0291775
0.0275113
0.0254401
0.0233739
0.0219422
0.0216403
0.0225409
0.024261
0.0261855
0.0277532
0.0286282
0.0287219
0.0281095
0.0268883
0.0250605
0.0225346
0.0192799
0.0155249
0.0118104
0.00879022
0.00694458
0.00632753
0.0066613
0.00735567
0.00803625
0.00812658
0.00792885
0.00667813
0.00592519
0.00337299
0.00352237
-0.000678928
0.00287897
-0.00498661
0.0797027
0.0783481
0.0737582
0.0671774
0.0581575
0.0466747
0.0329476
0.0174932
0.00127827
-0.0139901
-0.0266734
-0.0344305
-0.0371034
-0.0347456
-0.028637
-0.0206666
-0.0123242
-0.00467845
0.00210741
0.00848516
0.0149278
0.0215158
0.027996
0.0340551
0.0394979
0.0443086
0.0485363
0.0521711
0.0549722
0.0564398
0.0561641
0.0543754
0.052121
0.0505784
0.0502806
0.0509549
0.0520077
0.0529812
0.053717
0.0543195
0.0549855
0.0558138
0.0564972
0.056281
0.0544939
0.0513574
0.0481538
0.0462692
0.0461698
0.047274
0.0486394
0.0496176
0.0500393
0.0500969
0.0501239
0.0503328
0.0504794
0.0498436
0.0477781
0.0445169
0.0413433
0.0396753
0.0399933
0.0416355
0.0434843
0.0447465
0.045217
0.0451263
0.0448661
0.0446754
0.0443503
0.0433001
0.0410701
0.0379794
0.0351742
0.0338612
0.0344454
0.0363245
0.0384197
0.0398936
0.0404814
0.0403888
0.0400004
0.039532
0.0388071
0.0373948
0.0350872
0.0323278
0.0301071
0.0293199
0.0301782
0.0321219
0.0342311
0.0357619
0.036434
0.0363917
0.0359616
0.0353337
0.0343894
0.0328571
0.0307057
0.0284131
0.0267907
0.0264665
0.0274979
0.0293678
0.031322
0.0327538
0.0334115
0.0333834
0.0329231
0.0321962
0.0311437
0.0296127
0.0276628
0.0257503
0.0245501
0.0245383
0.025704
0.0275743
0.0294973
0.0309475
0.0316819
0.0317315
0.0312716
0.0304306
0.0291792
0.027424
0.0252548
0.0231092
0.0216421
0.0213594
0.022326
0.0241396
0.0261607
0.0278097
0.0287423
0.0288682
0.0282628
0.0270204
0.0251366
0.022519
0.0191496
0.0152832
0.0114909
0.00844806
0.00663903
0.00610462
0.0065438
0.0073402
0.00810011
0.00823364
0.00804708
0.00676923
0.00598616
0.00335857
0.00350963
-0.000821788
0.00288492
-0.00523829
0.0807863
0.0794407
0.0748815
0.0683112
0.0592492
0.0476157
0.0335747
0.0175879
0.000635831
-0.0154678
-0.0289021
-0.0368896
-0.0394218
-0.0364962
-0.0296033
-0.0209309
-0.0121275
-0.00436603
0.0022724
0.00843216
0.0147409
0.0213156
0.0278625
0.0340231
0.0395756
0.0444963
0.0488295
0.0525597
0.0554279
0.056877
0.0564348
0.0543402
0.0517624
0.050021
0.0496936
0.0504472
0.0516108
0.0526874
0.0535102
0.054187
0.0549168
0.0558064
0.0565338
0.056288
0.0543382
0.0509234
0.0474506
0.045444
0.0454043
0.0466788
0.0482268
0.0493491
0.0498678
0.0499833
0.0500408
0.0502631
0.0503928
0.0496706
0.0474184
0.0439009
0.0405027
0.0387498
0.0391546
0.0410008
0.043077
0.0445228
0.0451101
0.0450756
0.044831
0.0446292
0.0442493
0.0430703
0.0406343
0.0373129
0.0343405
0.0329901
0.0336729
0.0357456
0.0380616
0.039726
0.0404422
0.0404124
0.0400363
0.0395405
0.0387319
0.0371617
0.0346401
0.0316755
0.0293374
0.0285607
0.0295421
0.0316721
0.0339759
0.0356724
0.0364603
0.0364775
0.0360553
0.0353847
0.0343357
0.0326348
0.0302816
0.0278171
0.0261159
0.0258306
0.0269957
0.0290433
0.0311698
0.0327403
0.0334921
0.0335117
0.0330518
0.0322712
0.0311019
0.0293979
0.0272564
0.025193
0.0239353
0.0239761
0.0252813
0.0273291
0.0294204
0.0310021
0.0318236
0.0319168
0.0314552
0.0305557
0.0291776
0.0272353
0.0248579
0.022543
0.0209999
0.0207575
0.0218636
0.0238728
0.0260946
0.0279116
0.0289626
0.0291553
0.0285663
0.0272825
0.0252842
0.022476
0.0188661
0.0147652
0.0108097
0.00772015
0.00598956
0.00563031
0.00629143
0.00730051
0.00822489
0.0084476
0.00828476
0.00695241
0.00610993
0.0033288
0.00348572
-0.00111573
0.00292252
-0.00579935
0.0824076
0.0810778
0.076573
0.07003
0.0609196
0.049075
0.0345719
0.0177761
-0.000317007
-0.0177443
-0.032378
-0.0407186
-0.0430375
-0.039221
-0.0310961
-0.021324
-0.0117985
-0.00386782
0.00252065
0.00832253
0.0144193
0.0209783
0.0276327
0.0339498
0.039667
0.0447517
0.0492436
0.0531205
0.056096
0.0575185
0.0568098
0.0542206
0.0511227
0.0490745
0.048722
0.0496233
0.0509725
0.052211
0.0531631
0.0539471
0.0547683
0.0557461
0.0565347
0.0562324
0.0540111
0.0501392
0.0462313
0.0440453
0.0441311
0.0457044
0.0475565
0.048907
0.0495699
0.0497639
0.0498564
0.0500891
0.0501872
0.0493297
0.0467865
0.0428671
0.0391147
0.0372296
0.0377803
0.0399628
0.0424073
0.0441427
0.0449051
0.0449473
0.0447182
0.0444974
0.0440351
0.0426583
0.0399027
0.0362236
0.0329962
0.0315969
0.0324452
0.0348267
0.0374856
0.0394393
0.040346
0.0404072
0.04005
0.0395146
0.0385769
0.0367562
0.033893
0.0306032
0.0280852
0.0273377
0.0285286
0.0309601
0.0335688
0.0355166
0.0364762
0.0365823
0.0361748
0.0354403
0.0342253
0.0322516
0.0295717
0.0268318
0.0250102
0.0247965
0.0261854
0.028521
0.0309203
0.0327046
0.0335995
0.0336927
0.0332367
0.0323736
0.0310158
0.0290286
0.0265732
0.0242652
0.0229187
0.0230511
0.0245872
0.0269224
0.0292817
0.0310694
0.032026
0.0321879
0.0317263
0.0307352
0.0291521
0.0269036
0.0241851
0.0215947
0.0199311
0.0197582
0.0210956
0.0234219
0.0259644
0.0280462
0.0292816
0.0295781
0.0290152
0.0276659
0.025484
0.0223682
0.0183712
0.0138972
0.00968746
0.00653344
0.00493867
0.00486723
0.00588609
0.00723371
0.00841645
0.00877791
0.00864995
0.00723368
0.00629444
0.00327907
0.0034347
-0.00157855
0.00300028
-0.00674648
0.0845603
0.0832563
0.0788391
0.0723549
0.0632089
0.051113
0.0360134
0.0181224
-0.00155703
-0.0208868
-0.0372567
-0.0460613
-0.0480473
-0.0428947
-0.0329551
-0.0216132
-0.0111069
-0.00303261
0.00288047
0.00808698
0.0138563
0.0204064
0.0272326
0.0337797
0.0397265
0.045033
0.0497396
0.0538191
0.056951
0.0583406
0.0572414
0.0539184
0.0500548
0.0475814
0.0472366
0.0483934
0.0500307
0.0515014
0.0526253
0.0535425
0.0544748
0.0555572
0.0564157
0.0560159
0.0533826
0.0488281
0.0442785
0.0418526
0.042171
0.0442295
0.046552
0.0482357
0.0490892
0.0493661
0.0494732
0.049696
0.0497444
0.0487097
0.0457826
0.0413221
0.0370814
0.0350067
0.0357594
0.0384247
0.0414
0.0435456
0.0445426
0.0446738
0.0444555
0.0442121
0.0436426
0.041987
0.0387698
0.0345775
0.0309989
0.029558
0.0306717
0.0335037
0.0366434
0.0389903
0.0401487
0.0403294
0.0400028
0.0394199
0.0383001
0.0361124
0.0327477
0.0289865
0.0262188
0.0255338
0.0270498
0.0299276
0.0329716
0.035265
0.0364551
0.0366827
0.0363026
0.035483
0.0340272
0.0316502
0.0284897
0.0253511
0.0233632
0.0232657
0.0249902
0.0277482
0.0305397
0.0326247
0.0337177
0.0339155
0.0334711
0.032493
0.0308592
0.0284524
0.0255344
0.022871
0.0214014
0.0216741
0.02355
0.0263025
0.0290466
0.031127
0.0322748
0.0325365
0.0320794
0.0309583
0.029075
0.0263763
0.0231593
0.020171
0.0183382
0.0182714
0.0199457
0.0227285
0.0257285
0.0281851
0.0296801
0.0301235
0.0295998
0.0281574
0.0257097
0.0221493
0.0175993
0.0126027
0.00804894
0.00482335
0.00343723
0.00378254
0.00530918
0.00713258
0.00867496
0.00922877
0.00914731
0.00761713
0.00653765
0.00320274
0.0033366
-0.00223204
0.00312502
-0.0081554
0.0872343
0.08597
0.0816865
0.0753121
0.0661699
0.053812
0.038003
0.0187194
-0.00305162
-0.0250082
-0.043801
-0.0532024
-0.0547724
-0.0478118
-0.0353915
-0.0219024
-0.0100593
-0.00183747
0.00334636
0.00767814
0.0129872
0.0195418
0.0266153
0.03347
0.0397075
0.0452864
0.0502574
0.0545942
0.0579393
0.0592885
0.057638
0.0532664
0.0483199
0.0452905
0.045036
0.0466253
0.0486994
0.0504901
0.0518264
0.0528869
0.0539153
0.0550715
0.0559799
0.0554565
0.0523094
0.0468514
0.0414008
0.038617
0.0392856
0.0420833
0.0451063
0.0472585
0.048344
0.0486803
0.0487524
0.0489356
0.0489214
0.047663
0.0442312
0.0390622
0.0342044
0.0319202
0.0329711
0.0362887
0.0399729
0.0426571
0.043946
0.0441747
0.0439681
0.0437079
0.0430015
0.0409543
0.0370853
0.0321844
0.0281485
0.0266992
0.0282256
0.0316935
0.0354768
0.0383278
0.0397997
0.0401328
0.039858
0.0392202
0.0378473
0.0351429
0.0310833
0.0266847
0.0235955
0.0230207
0.025004
0.0285038
0.0321362
0.0348804
0.0363641
0.0367513
0.0364169
0.0354862
0.033695
0.0307556
0.0269362
0.0232646
0.0210673
0.0211427
0.0233331
0.0266688
0.0299888
0.0324714
0.0338238
0.0341624
0.033739
0.0326048
0.030587
0.0275994
0.024052
0.0209168
0.0192946
0.0197673
0.0221063
0.0254208
0.0286788
0.0311472
0.0325483
0.0329445
0.0324952
0.0311948
0.028897
0.0255836
0.0216978
0.0181877
0.0161439
0.0162295
0.0183566
0.0217455
0.0253487
0.0282968
0.0301318
0.0307688
0.030297
0.0287255
0.0259134
0.0217544
0.0164791
0.0108197
0.00585329
0.00257286
0.00148758
0.00238687
0.0045733
0.00700875
0.00900943
0.00980695
0.00977975
0.00810248
0.00682743
0.00308153
0.00314819
-0.0031082
0.00326331
-0.0100547
0.0904142
0.0892083
0.0851208
0.0789327
0.0698692
0.0572822
0.0406869
0.0197093
-0.00472979
-0.0302395
-0.052324
-0.0623912
-0.0633179
-0.053765
-0.0379242
-0.0216257
-0.00816565
-1.38265e-05
0.00389439
0.00686352
0.011533
0.0181623
0.0256287
0.0329115
0.039516
0.0454151
0.0506923
0.0553406
0.0589612
0.0602466
0.057817
0.0519537
0.0454983
0.0417975
0.0418206
0.0441306
0.0468577
0.0490804
0.0506634
0.0518399
0.0528659
0.0539746
0.0548729
0.0542373
0.0505926
0.0441271
0.0375275
0.0341872
0.0352531
0.0390633
0.0430734
0.0458639
0.0472181
0.0475637
0.0475435
0.0476783
0.0476035
0.0460444
0.0419102
0.0357953
0.0301837
0.0277287
0.0292551
0.0334445
0.0380346
0.0413875
0.0430237
0.0433631
0.043184
0.0429206
0.042032
0.039448
0.0347091
0.0288933
0.0242948
0.0228799
0.0249882
0.0293084
0.0339187
0.0373911
0.0392401
0.0397656
0.0395726
0.0388691
0.0371534
0.0337615
0.0288054
0.0236091
0.0201355
0.0197235
0.0223211
0.0266283
0.0310117
0.0343177
0.0361619
0.036752
0.0364842
0.0354092
0.0331715
0.0294967
0.0248387
0.0205086
0.0180686
0.0183788
0.0211673
0.0252387
0.0292275
0.0322089
0.0338862
0.0344052
0.0340109
0.0326694
0.0301447
0.0264061
0.0220651
0.018353
0.0165597
0.0172969
0.0202211
0.0242404
0.028141
0.0310943
0.0328136
0.0333808
0.0329395
0.0314001
0.0285612
0.0244646
0.0197493
0.015611
0.0133292
0.0136183
0.0163094
0.0204451
0.0247893
0.0283416
0.030597
0.0314757
0.0310679
0.029323
0.0260373
0.0211244
0.0149697
0.00854332
0.00313481
-0.00015591
-0.000841438
0.000741908
0.00372202
0.00688601
0.00942756
0.0105106
0.0105388
0.00867774
0.00713822
0.0028846
0.00280929
-0.00423802
0.00334141
-0.0123792
0.094077
0.0929538
0.0891433
0.0832485
0.074384
0.0616592
0.0442533
0.0212849
-0.00649632
-0.0368044
-0.0633664
-0.0742309
-0.0744772
-0.0615629
-0.0411423
-0.0210556
-0.00541862
0.00253012
0.00455406
0.00556513
0.00936845
0.0161553
0.0241824
0.0320178
0.0390495
0.0452895
0.0508843
0.0558824
0.059825
0.0609705
0.057399
0.0494222
0.0408861
0.0364425
0.0371237
0.0406371
0.0443465
0.047151
0.0489985
0.0501919
0.051009
0.0518833
0.0527172
0.0520014
0.0478527
0.0402695
0.0323637
0.0283787
0.029913
0.0349965
0.0402974
0.0439152
0.0455717
0.04587
0.0457211
0.0458288
0.0456895
0.0437063
0.0386273
0.0313132
0.0248127
0.0222434
0.0244617
0.0297878
0.0354989
0.0396474
0.0416837
0.0421581
0.0420372
0.0417819
0.0406483
0.0373724
0.0315641
0.0246634
0.0194201
0.0180766
0.0209176
0.0262966
0.0319138
0.036121
0.0384096
0.0391718
0.0390931
0.0383059
0.0361489
0.0319052
0.0258796
0.0197627
0.0158644
0.0156645
0.0190028
0.02428
0.0295612
0.0335311
0.0358001
0.036637
0.0364538
0.035193
0.0323943
0.0278241
0.0221778
0.0170975
0.0144006
0.0150045
0.0185047
0.0234472
0.0282274
0.0317989
0.0338624
0.0345994
0.0342363
0.0326283
0.0294734
0.02483
0.0195633
0.0152022
0.0132369
0.0143001
0.0179129
0.0227556
0.0274066
0.0309285
0.0330241
0.0337951
0.0333549
0.0315099
0.0280067
0.0229812
0.0173143
0.0124811
0.00995772
0.010501
0.0138463
0.0188387
0.0240319
0.0282793
0.0310232
0.0321864
0.0318487
0.0298794
0.0260124
0.020215
0.0130783
0.00584476
1.96724e-05
-0.00320937
-0.00340444
-0.00103168
0.00283742
0.00680609
0.00993872
0.011329
0.0114007
0.00931384
0.00742332
0.00256316
0.00224353
-0.00564354
0.00324646
-0.0149459
0.0981903
0.0971807
0.0937485
0.0882911
0.0798036
0.0671151
0.0489594
0.0237398
-0.00815471
-0.0449362
-0.0775024
-0.0890306
-0.08811
-0.0704769
-0.0438799
-0.019048
-0.000958456
0.00615613
0.00506005
0.00313442
0.00584061
0.0130624
0.0219964
0.0305972
0.0381316
0.0447045
0.0505796
0.0558593
0.0600437
0.0609772
0.0559638
0.045182
0.0337836
0.0283903
0.0302953
0.0357713
0.0409631
0.0445524
0.0466508
0.0476751
0.0480266
0.0485373
0.0493335
0.0485447
0.0436899
0.0346993
0.0253644
0.0208404
0.0230902
0.0297483
0.0366377
0.0412657
0.0432589
0.0434725
0.0431922
0.0433082
0.043083
0.0405403
0.0343162
0.0256257
0.0181396
0.015487
0.0185659
0.0252701
0.0323026
0.0373585
0.0398422
0.0404835
0.0404576
0.0402144
0.038772
0.0346812
0.0276727
0.019594
0.0136673
0.0124207
0.0160927
0.0226768
0.0294366
0.0344668
0.0372458
0.0382851
0.0383476
0.0374547
0.0347716
0.0295561
0.0223555
0.0152594
0.0109299
0.0109819
0.0151422
0.0214945
0.0277724
0.0324784
0.0352212
0.0363399
0.0362517
0.0347634
0.0313093
0.025731
0.0190099
0.0131425
0.0101993
0.0111435
0.0154283
0.0213272
0.0269778
0.0312012
0.0336963
0.0346796
0.0343425
0.0324104
0.0285252
0.0228723
0.0166086
0.0115763
0.00945851
0.010895
0.0152606
0.0209962
0.0264618
0.0306048
0.0331165
0.0341132
0.0336604
0.0314482
0.0271856
0.0211402
0.0144665
0.0089273
0.00618421
0.00702234
0.0110731
0.0169781
0.0230754
0.0280675
0.0313419
0.0328181
0.0325488
0.0303051
0.0257732
0.0190181
0.0108791
0.00288111
-0.00327798
-0.00635506
-0.00598181
-0.0027691
0.00202281
0.00681392
0.0105416
0.012231
0.0123158
0.00995114
0.00761443
0.00206063
0.00138519
-0.00730821
0.00286515
-0.0174623
0.102709
0.10185
0.0989193
0.0940826
0.086218
0.0738446
0.055116
0.0274594
-0.00946748
-0.0550927
-0.0958355
-0.10813
-0.106263
-0.0822876
-0.0473716
-0.0160386
0.00539094
0.0111428
0.00545771
-0.00064438
0.000654608
0.00865506
0.0189094
0.0284952
0.0365662
0.0433967
0.0493611
0.0544792
0.0584859
0.0592502
0.0532654
0.0398503
0.0247401
0.0173823
0.0206684
0.0290395
0.0364433
0.0411086
0.0434157
0.0440315
0.0437057
0.0438417
0.0446669
0.0437372
0.0379043
0.0272238
0.0163546
0.0114183
0.0146825
0.0232479
0.031999
0.0377904
0.0401542
0.0402755
0.0398872
0.0400433
0.0397075
0.0365174
0.0290615
0.0189487
0.0104546
0.0077228
0.0117333
0.0199534
0.0284371
0.0344716
0.0374325
0.0382685
0.0383673
0.0381353
0.036345
0.0313883
0.0231542
0.0139046
0.00731282
0.00618005
0.0107119
0.0185516
0.0265076
0.0323963
0.0356883
0.0370278
0.0372463
0.0362307
0.0329767
0.0267486
0.0183649
0.010313
0.0055848
0.00591449
0.0109174
0.0183675
0.0256648
0.0311252
0.0343586
0.0357762
0.0357835
0.0340378
0.0298806
0.0232612
0.0154675
0.00884356
0.00569011
0.00700167
0.0120879
0.0189556
0.0254882
0.0303758
0.0333166
0.0345567
0.0342338
0.031938
0.0272734
0.0205851
0.0133361
0.00767013
0.0054381
0.00727231
0.0123997
0.0190288
0.0253078
0.0300742
0.0330089
0.0342352
0.0337514
0.0311323
0.0260714
0.0189979
0.0113481
0.00515526
0.00223879
0.00339487
0.0081502
0.0149528
0.0219368
0.0276635
0.0314691
0.0332628
0.0330499
0.0304962
0.0252664
0.017567
0.00850741
-0.000125885
-0.00648706
-0.00931701
-0.00833347
-0.00428811
0.00138672
0.0069478
0.0112183
0.0131619
0.0132078
0.0105052
0.00763092
0.00133461
0.000215189
-0.00914595
0.00213406
-0.0195875
0.107575
0.106909
0.104623
0.100635
0.0937206
0.0820897
0.0631506
0.0330506
-0.00992351
-0.067733
-0.119429
-0.131583
-0.128107
-0.0955953
-0.0496321
-0.0102804
0.0148309
0.0178012
0.00493417
-0.00730369
-0.00761587
0.00203651
0.0144429
0.0254087
0.0340767
0.0410161
0.0465213
0.0504429
0.0535134
0.0540108
0.0480235
0.03319
0.0143892
0.00408143
0.00818988
0.0200774
0.0304958
0.0366138
0.0390952
0.0390848
0.0379712
0.0377918
0.038702
0.0375474
0.0306036
0.0181799
0.00576966
0.000457994
0.00487065
0.0155678
0.0263694
0.0334194
0.036176
0.0362162
0.0357493
0.035969
0.0355235
0.0316958
0.023073
0.0116396
0.00220545
-0.000609196
0.00429838
0.0140243
0.0239677
0.0309791
0.0344102
0.0354464
0.0356827
0.0354657
0.0333394
0.027568
0.0182086
0.00790422
0.000726835
-0.000280767
0.00506665
0.0140995
0.0231964
0.0299006
0.0336794
0.0353122
0.0356868
0.0345499
0.0307456
0.023569
0.0141076
0.00521165
0.000157662
0.000773742
0.00657143
0.0150444
0.0232875
0.0294462
0.0331381
0.0348423
0.0349385
0.032935
0.0280996
0.0205084
0.0117455
0.00446708
0.00116392
0.0028444
0.00868276
0.0164446
0.0237856
0.0292824
0.0326379
0.034121
0.0337998
0.0311372
0.025721
0.0180708
0.00994084
0.00373838
0.00144489
0.00367222
0.00950624
0.0169468
0.0239566
0.0292831
0.0326033
0.0340398
0.0335096
0.0304854
0.0246675
0.0166577
0.00815454
0.00142097
-0.00160382
-0.00012915
0.005272
0.0128771
0.0206456
0.0270227
0.0313065
0.0333906
0.0332158
0.030348
0.0244622
0.0159363
0.00614182
-0.00292206
-0.00931949
-0.0118155
-0.010223
-0.00541994
0.00101905
0.00722251
0.0119236
0.0140373
0.0139746
0.010877
0.00740537
0.000392564
-0.00119896
-0.0109813
0.00108881
-0.0210208
0.11271
0.112285
0.110802
0.107929
0.102379
0.0920787
0.0735295
0.0412673
-0.00903206
-0.0838052
-0.150585
-0.162757
-0.158162
-0.113486
-0.0521352
-0.00196652
0.028145
0.0266894
0.00308506
-0.0178129
-0.0198352
-0.00728907
0.00832785
0.0211104
0.030404
0.0371166
0.0411738
0.0426397
0.0442678
0.0447282
0.0392475
0.0233458
0.00139784
-0.0116159
-0.00685514
0.00884836
0.0229325
0.0308807
0.0335374
0.0327618
0.0308428
0.0304353
0.03149
0.0301141
0.0221571
0.00820445
-0.00559575
-0.0112987
-0.00582102
0.00698946
0.0198589
0.028166
0.0313037
0.0312674
0.0307387
0.0310423
0.0305406
0.0262091
0.0166427
0.00413268
-0.0060823
-0.00897466
-0.00329317
0.00777468
0.0190388
0.0269238
0.0307583
0.0319616
0.0323263
0.0321442
0.0297634
0.0233443
0.0130884
0.00195137
-0.00567377
-0.00654785
-0.000496887
0.00955351
0.0196158
0.026996
0.0311697
0.0330479
0.0335657
0.0323408
0.0280894
0.0201444
0.009826
0.000282034
-0.00498914
-0.00409531
0.00238199
0.011703
0.0207129
0.0274257
0.0314823
0.033426
0.0336027
0.0313858
0.0259865
0.0176039
0.00807639
0.000311288
-0.00306106
-0.00103689
0.00543708
0.0139273
0.0219091
0.0278813
0.0315659
0.0332505
0.0329266
0.0299479
0.0239003
0.0154677
0.00665065
6.26868e-05
-0.00222995
0.000355661
0.00677503
0.0148586
0.022428
0.0281759
0.0317914
0.0333947
0.0328154
0.0294458
0.0230054
0.014254
0.0051052
-0.0020035
-0.00505688
-0.00328699
0.00264336
0.010875
0.0192374
0.0261004
0.0307485
0.0330609
0.0329065
0.0297686
0.0233571
0.0142276
0.00397441
-0.00525886
-0.0115091
-0.0136029
-0.0114501
-0.00603265
0.00097406
0.00761988
0.0125834
0.0147498
0.0144977
0.0109786
0.00691467
-0.000683592
-0.00269722
-0.0125759
-0.000131837
-0.0215699
0.11802
0.117886
0.117373
0.115921
0.112241
0.10411
0.0869267
0.0534273
-0.00545959
-0.104733
-0.191294
-0.19967
-0.19398
-0.134293
-0.0530984
0.0108619
0.0460883
0.0372855
-0.00213151
-0.0357664
-0.0391328
-0.0210695
-0.000191419
0.0152377
0.025256
0.031176
0.0325586
0.030953
0.0313608
0.0324047
0.0272922
0.00998382
-0.014605
-0.0296703
-0.023977
-0.00435286
0.0137617
0.0238101
0.0266722
0.0250835
0.0223914
0.0218494
0.0231495
0.0217125
0.0130768
-0.00196731
-0.0168495
-0.0229477
-0.0166495
-0.00201385
0.0127137
0.0221419
0.0255854
0.025442
0.0248443
0.0252597
0.0248248
0.0202499
0.0101071
-0.00311179
-0.0138676
-0.016815
-0.0105478
0.00156382
0.0138602
0.0223992
0.0264921
0.0277789
0.0282418
0.0281404
0.0256646
0.0188781
0.0080717
-0.00358396
-0.0114693
-0.0122032
-0.00561768
0.0051736
0.015909
0.0237233
0.0281246
0.0301543
0.0307943
0.0295565
0.0250497
0.0166283
0.00577723
-0.00414658
-0.00949687
-0.00835056
-0.00136954
0.00853252
0.0180278
0.0250596
0.0293198
0.0314203
0.0316746
0.0293433
0.0235884
0.0147006
0.00470164
-0.0033275
-0.00667411
-0.00435688
0.00257472
0.0115417
0.0199047
0.0261377
0.030008
0.0318273
0.0315133
0.0283325
0.0218687
0.0129317
0.00369856
-0.00308116
-0.00530337
-0.0024253
0.00439731
0.0128739
0.0207454
0.0267006
0.0304679
0.0321734
0.0315651
0.0279759
0.0211398
0.0119334
0.00241776
-0.00486042
-0.00785494
-0.00583508
0.00045704
0.00906612
0.0177481
0.0248542
0.0296922
0.0321398
0.0319986
0.0286911
0.021973
0.0125532
0.0021846
-0.00692227
-0.0128391
-0.0144881
-0.0118724
-0.00604968
0.00125737
0.00808414
0.0131001
0.0151855
0.0146713
0.0107609
0.00619908
-0.00174607
-0.00406547
-0.0136843
-0.00133264
-0.0211682
0.123388
0.12359
0.124212
0.124482
0.123267
0.118293
0.103923
0.0708025
0.00129152
-0.13126
-0.247599
-0.252755
-0.245698
-0.16229
-0.0529749
0.0292146
0.071684
0.0484847
-0.0160864
-0.0662961
-0.0683383
-0.0404832
-0.0115208
0.00759711
0.0183724
0.0227432
0.0204335
0.015794
0.0155993
0.0178856
0.013167
-0.00525772
-0.031775
-0.0484807
-0.0419744
-0.0187688
0.00329033
0.0154823
0.0185566
0.0161603
0.0127371
0.0121569
0.0138748
0.0127083
0.00392546
-0.0116098
-0.0271394
-0.0335871
-0.0268006
-0.0108476
0.00529902
0.0155557
0.0191394
0.0188016
0.0181003
0.018673
0.0185011
0.0140528
0.00381391
-0.0096525
-0.0206466
-0.023607
-0.0169827
-0.00422666
0.00868502
0.0175431
0.0216646
0.0228974
0.0234118
0.0234671
0.0211294
0.0143522
0.00343363
-0.00835695
-0.0162781
-0.0168662
-0.00995784
0.00121788
0.0122351
0.0201469
0.0245341
0.026578
0.0273161
0.026185
0.0216957
0.0131837
0.00220585
-0.00777591
-0.0130469
-0.0116877
-0.00442709
0.00571369
0.0153253
0.0223586
0.0265987
0.0287421
0.0290828
0.0267921
0.0209739
0.0119538
0.00184529
-0.00618551
-0.00940258
-0.00686478
0.000296025
0.00941635
0.0178213
0.024028
0.0278887
0.0297564
0.029488
0.0262817
0.0197007
0.0106166
0.0012961
-0.00545132
-0.00753109
-0.00445197
0.00254123
0.0110927
0.018935
0.0248172
0.028547
0.0302751
0.0296869
0.0260664
0.0191403
0.00983717
0.000284744
-0.00692949
-0.00977372
-0.00756844
-0.00112384
0.00755308
0.0162107
0.0232503
0.0280528
0.0305198
0.0304021
0.0270818
0.0203502
0.0110185
0.000917907
-0.00775319
-0.0131602
-0.0143537
-0.01142
-0.00545982
0.00182348
0.00852975
0.0133707
0.0152472
0.0144346
0.0102308
0.00535176
-0.00262641
-0.00509984
-0.0141175
-0.00232682
-0.0198595
0.128679
0.129259
0.131149
0.133464
0.135332
0.134939
0.125472
0.097023
0.0147523
-0.174238
-0.317927
-0.310499
-0.310264
-0.199188
-0.0527002
0.0530114
0.0981727
0.063932
-0.0321584
-0.109143
-0.112447
-0.0689451
-0.0267812
-0.00202537
0.00963501
0.0116773
0.00511001
-0.00228541
-0.00224624
0.00199223
-0.00179589
-0.0203639
-0.0477786
-0.0657732
-0.0590553
-0.0332265
-0.00786344
0.00620318
0.00940361
0.00619205
0.00205893
0.00154405
0.00393837
0.00352127
-0.00474382
-0.0200737
-0.0357352
-0.0424268
-0.0355092
-0.0188851
-0.0019441
0.00869617
0.012151
0.0114661
0.0106025
0.011401
0.0117513
0.00787796
-0.0019057
-0.0151034
-0.0259954
-0.0289105
-0.0221749
-0.00923512
0.00378187
0.0125286
0.0163711
0.0173641
0.0178731
0.0181903
0.0162817
0.00995711
-0.000576856
-0.0120775
-0.0197894
-0.0202272
-0.0132336
-0.00208187
0.00875507
0.0163536
0.0204239
0.0223105
0.0231248
0.0222582
0.0181213
0.00996901
-0.000678335
-0.0103648
-0.0153883
-0.0138669
-0.00658305
0.00340275
0.0126986
0.0193538
0.023302
0.0253531
0.0258031
0.0237539
0.0182273
0.00950689
-0.000306884
-0.00805465
-0.0110357
-0.00836657
-0.00124023
0.00765962
0.0157095
0.0215491
0.0251669
0.0269856
0.0268223
0.0238181
0.0174796
0.00865804
-0.00038591
-0.006861
-0.00872688
-0.00555831
0.00133704
0.00959749
0.0170271
0.0225091
0.0259808
0.0276459
0.0271539
0.0237395
0.0170835
0.0080874
-0.00114165
-0.00804485
-0.0106482
-0.00833733
-0.00197896
0.00641432
0.014655
0.0212725
0.0257795
0.0281384
0.0280742
0.0249425
0.0185409
0.00971054
0.000273279
-0.00765955
-0.0124023
-0.013164
-0.0101026
-0.00431874
0.00258464
0.00886007
0.0133102
0.0148771
0.0137808
0.00944388
0.00448321
-0.00318867
-0.00565818
-0.0137776
-0.00297273
-0.017773
0.133741
0.134717
0.137973
0.142521
0.148149
0.1534
0.152058
0.131412
0.0358138
-0.207069
-0.440446
-0.40143
-0.40343
-0.247821
-0.0505151
0.0781985
0.134455
0.0833892
-0.031606
-0.135076
-0.157078
-0.103657
-0.0460433
-0.0137438
-0.000954441
-0.00186399
-0.0129163
-0.0226691
-0.021419
-0.0143103
-0.0161584
-0.0335841
-0.060694
-0.0795415
-0.0733509
-0.0463385
-0.0188373
-0.00350538
-0.000418953
-0.00452672
-0.00938347
-0.00971361
-0.00630425
-0.00539742
-0.012426
-0.0268339
-0.0420852
-0.0488654
-0.0421513
-0.0255521
-0.00855475
0.00190429
0.00486625
0.00362149
0.00252096
0.00363658
0.00480981
0.00199646
-0.00675994
-0.0191622
-0.0296028
-0.0324034
-0.0257987
-0.0131553
-0.000590473
0.00755238
0.0107524
0.0112865
0.0117293
0.0124351
0.011279
0.005879
-0.00375562
-0.0145331
-0.0217881
-0.0220724
-0.0152389
-0.00453963
0.00562039
0.0124527
0.0158661
0.0174043
0.0182775
0.0178581
0.0144406
0.00712592
-0.00271683
-0.0117486
-0.0163581
-0.014732
-0.0076951
0.00171981
0.0102379
0.0161028
0.0194617
0.0212739
0.0218699
0.0202916
0.0154431
0.00747863
-0.00162256
-0.00879934
-0.0114421
-0.00874091
-0.00192936
0.0063529
0.0136234
0.0187286
0.021852
0.023521
0.0235411
0.0209965
0.0152904
0.00716213
-0.00123146
-0.00719331
-0.00877975
-0.00564477
0.000867143
0.00844921
0.01506
0.0197948
0.0227759
0.0242944
0.0239921
0.0210478
0.0150468
0.00677776
-0.00176076
-0.00810626
-0.0103838
-0.00805771
-0.00203926
0.00569998
0.0131111
0.0189316
0.0228702
0.0249922
0.0250265
0.02231
0.0166022
0.00868942
0.0002957
-0.00662381
-0.0105824
-0.0109703
-0.00800836
-0.00273749
0.00343296
0.00899276
0.0128724
0.0140695
0.0127505
0.00847728
0.00368328
-0.00336193
-0.00568153
-0.0126658
-0.00319348
-0.0150998
0.138413
0.139789
0.144408
0.151354
0.161138
0.173955
0.184746
0.188908
0.0831512
-0.194749
-0.511843
-0.470904
-0.534632
-0.323663
-0.0705111
0.05267
0.0945242
0.0439237
-0.0352457
-0.1426
-0.188285
-0.136792
-0.0668176
-0.0268464
-0.0130317
-0.017364
-0.0330133
-0.0446559
-0.0410709
-0.0299243
-0.0286236
-0.0436477
-0.0692914
-0.0884358
-0.0834127
-0.0568056
-0.0286698
-0.0129714
-0.0104161
-0.0156045
-0.0212323
-0.0212361
-0.0164179
-0.013586
-0.0186904
-0.0315168
-0.0458467
-0.0525342
-0.046301
-0.0303926
-0.014106
-0.0044583
-0.00241938
-0.00447639
-0.00589403
-0.00435373
-0.00204455
-0.00332367
-0.0105129
-0.0216289
-0.0312898
-0.0339036
-0.0276497
-0.0157613
-0.00420426
0.00282428
0.00499514
0.0048391
0.00515731
0.00638659
0.00630728
0.00229001
-0.00595557
-0.0156019
-0.0221687
-0.022298
-0.0158596
-0.00602771
0.00296523
0.00857523
0.0109852
0.0119825
0.012902
0.0131177
0.0107845
0.00477173
-0.00381261
-0.0118503
-0.0158921
-0.0142219
-0.00769557
0.000742581
0.00802885
0.0126949
0.0151697
0.0166065
0.0173859
0.0165092
0.0127213
0.00595635
-0.0020318
-0.00836617
-0.0105787
-0.00794781
-0.00172734
0.00554808
0.0116231
0.0156327
0.0180146
0.0194383
0.0197273
0.0179033
0.0132147
0.00619823
-0.00118724
-0.00640996
-0.0076612
-0.00468544
0.00116145
0.00768686
0.0130843
0.0167357
0.0190023
0.0202982
0.0202841
0.0180738
0.0131047
0.00596821
-0.00152964
-0.00708661
-0.00896412
-0.00671768
-0.00129084
0.005432
0.0116131
0.0162746
0.0193807
0.0211434
0.0213272
0.0192533
0.0145919
0.0079856
0.00097422
-0.00470436
-0.00780344
-0.00790886
-0.00529074
-0.000857241
0.00426855
0.00888008
0.0120563
0.0128632
0.0114107
0.00740113
0.00300016
-0.00314533
-0.00519017
-0.0108682
-0.00298265
-0.0120631
0.142531
0.144265
0.150164
0.159304
0.173561
0.193472
0.22321
0.220101
0.178874
-0.228454
-0.690808
-0.548262
-0.628773
-0.418194
-0.157822
-0.051905
-0.0302206
-0.0260079
-0.0606419
-0.144589
-0.202543
-0.162554
-0.0862808
-0.040213
-0.0259306
-0.0340351
-0.0543546
-0.0672886
-0.0600972
-0.043658
-0.0381224
-0.0497721
-0.0730119
-0.0918505
-0.0884123
-0.063648
-0.036462
-0.0214668
-0.0200089
-0.0265561
-0.0330206
-0.0325331
-0.0258991
-0.0205922
-0.0231993
-0.0339127
-0.0468948
-0.0533071
-0.0477571
-0.0331101
-0.0182484
-0.0100402
-0.00937424
-0.0125058
-0.0143144
-0.0122368
-0.00850042
-0.00783018
-0.0129956
-0.0224133
-0.0310147
-0.0333739
-0.027654
-0.016922
-0.00687775
-0.00144366
-0.000672454
-0.00173802
-0.00159539
0.000284815
0.00157424
-0.000659082
-0.00709291
-0.0152582
-0.0209392
-0.0209143
-0.0150782
-0.00648259
0.000901255
0.0048719
0.00595948
0.0062395
0.00719597
0.00821806
0.00729529
0.0029946
-0.00393408
-0.0106837
-0.0140285
-0.0123724
-0.00659384
0.000504654
0.00615241
0.00925181
0.0105776
0.0115175
0.0125165
0.0125486
0.0101636
0.00499215
-0.00153027
-0.00678684
-0.00849406
-0.00603065
-0.000651639
0.0052682
0.00977703
0.0123694
0.0137898
0.0148836
0.0155207
0.0146534
0.0113279
0.00579596
-0.000265653
-0.00455401
-0.00542753
-0.00272936
0.00219752
0.00732944
0.0111662
0.0134396
0.0147959
0.0158035
0.0161668
0.0149267
0.0113258
0.00568256
-0.000465645
-0.00503437
-0.00645249
-0.00437886
0.000225617
0.00560705
0.0102042
0.013388
0.0154277
0.0167202
0.0170984
0.0158702
0.0125663
0.00759971
0.00224512
-0.0020289
-0.00424317
-0.00418153
-0.00213909
0.00118343
0.00502284
0.00851562
0.0108985
0.0113208
0.00982997
0.00626155
0.00243876
-0.00259477
-0.00426812
-0.00853595
-0.00240029
-0.00887549
0.145945
0.147976
0.154887
0.165962
0.183779
0.211614
0.255823
0.288624
0.332226
-0.202329
-0.544613
-0.638443
-0.467038
-0.26986
-0.18509
-0.162625
-0.0966096
-0.0822669
-0.134413
-0.193226
-0.172111
-0.0995984
-0.0516737
-0.0383623
-0.050715
-0.0757517
-0.0891991
-0.0770859
-0.054321
-0.043897
-0.0516708
-0.0719203
-0.0899025
-0.0881929
-0.0663417
-0.0415165
-0.028304
-0.0285835
-0.0368156
-0.044174
-0.0430157
-0.0342001
-0.0259981
-0.0257206
-0.0339733
-0.0453056
-0.0512838
-0.046537
-0.0335825
-0.0207373
-0.0145261
-0.0156481
-0.0200914
-0.0223477
-0.0196289
-0.0142302
-0.011299
-0.0141109
-0.0215334
-0.0288675
-0.030916
-0.0258656
-0.0166044
-0.00848427
-0.00504749
-0.00599035
-0.00814878
-0.0082217
-0.00558707
-0.00270107
-0.00284447
-0.00714765
-0.0135682
-0.0182151
-0.0180396
-0.0129703
-0.00590464
-0.000485259
0.00150776
0.0010135
0.000432776
0.00141725
0.00337952
0.00412177
0.00185197
-0.00311313
-0.00834877
-0.0109011
-0.00931086
-0.00447176
0.000997826
0.00468469
0.00592702
0.00589103
0.00622771
0.00747732
0.00858488
0.0078712
0.00460305
-0.000176711
-0.00417383
-0.00532302
-0.00311089
0.0012234
0.00551044
0.008162
0.00908587
0.00937113
0.0100664
0.0111114
0.0113859
0.00969703
0.00594619
0.00145801
-0.00174572
-0.00221482
0.000104749
0.00390563
0.00737932
0.00938747
0.0100571
0.0103509
0.0110168
0.0118244
0.0117388
0.00977199
0.00590936
0.00135581
-0.00207035
-0.00298946
-0.0011714
0.00242043
0.00620146
0.00893887
0.0103974
0.0111845
0.011913
0.0125119
0.0122839
0.0105795
0.00750633
0.00400121
0.00122227
-0.000128973
-2.14411e-05
0.00125788
0.00327517
0.00566715
0.00792652
0.0094546
0.0095062
0.0080621
0.00507709
0.00197065
-0.00180319
-0.00304253
-0.00585674
-0.00155586
-0.00569661
0.148532
0.150752
0.15833
0.170617
0.190863
0.223645
0.278691
0.342008
0.446554
-0.560028
-0.438808
-0.35652
-0.33264
-0.249922
-0.141674
-0.0919867
-0.119609
-0.169344
-0.164463
-0.103717
-0.0589483
-0.0485839
-0.0658384
-0.0955339
-0.108547
-0.0903921
-0.0608593
-0.0455501
-0.0494822
-0.066544
-0.0832436
-0.0831692
-0.0648394
-0.0434214
-0.0329165
-0.0355391
-0.0457606
-0.0540329
-0.0520264
-0.0407654
-0.0294488
-0.0261377
-0.0317976
-0.0413259
-0.0467513
-0.0428503
-0.0318558
-0.0214455
-0.0176568
-0.0208924
-0.0268246
-0.0295596
-0.026119
-0.0189104
-0.0135466
-0.0138342
-0.0191042
-0.0250511
-0.0267509
-0.0224514
-0.0148678
-0.00895544
-0.00780167
-0.0106818
-0.0140597
-0.0143749
-0.0109208
-0.00630049
-0.00417351
-0.00615907
-0.010679
-0.0142042
-0.013885
-0.00969266
-0.00435252
-0.001135
-0.00134598
-0.00359571
-0.00513492
-0.00413377
-0.00115187
0.00141185
0.00137123
-0.00143772
-0.00501968
-0.00672559
-0.00524238
-0.00147319
0.00217717
0.00369487
0.00289352
0.00135757
0.00101617
0.00253104
0.00481355
0.00594001
0.00477407
0.00191528
-0.000708923
-0.00127361
0.000624056
0.00377583
0.00625021
0.00686091
0.00595872
0.00499657
0.00524325
0.0067267
0.00825687
0.00838054
0.00660541
0.00385393
0.00182834
0.0017729
0.0036399
0.00617744
0.00782558
0.00784185
0.00677072
0.00590562
0.00619044
0.00747755
0.00865923
0.00849773
0.00660569
0.00380855
0.00162185
0.00121928
0.0027169
0.00516459
0.00717667
0.00788137
0.00745878
0.00686811
0.00695808
0.00777988
0.00863995
0.00868517
0.00766077
0.00610607
0.0048397
0.00429391
0.00434286
0.00474014
0.00534863
0.006207
0.00715892
0.00778344
0.00747278
0.00613986
0.00384314
0.00154687
-0.000879943
-0.00165847
-0.0030188
-0.000583394
-0.00261039
0.150214
0.152498
0.160291
0.17294
0.193769
0.227565
0.284143
0.360473
0.521526
-0.420831
-0.38814
-0.413247
-0.446562
-0.306355
-0.161418
-0.0875845
-0.0965694
-0.135371
-0.141336
-0.0972183
-0.0600931
-0.0547046
-0.0775715
-0.111648
-0.123176
-0.0983824
-0.0625416
-0.0430926
-0.0436957
-0.0577049
-0.0728511
-0.0741538
-0.0594999
-0.0420706
-0.0349099
-0.0403344
-0.0527509
-0.0618938
-0.0588893
-0.045082
-0.0306857
-0.0244546
-0.0276098
-0.0353299
-0.0401345
-0.0370543
-0.0281203
-0.0203619
-0.0192434
-0.0247838
-0.0322929
-0.035504
-0.0313
-0.0222464
-0.0144419
-0.0122109
-0.0153213
-0.0198552
-0.0211897
-0.0176682
-0.0118508
-0.00828071
-0.00954973
-0.0144728
-0.0191253
-0.0196952
-0.0154062
-0.00902156
-0.00458817
-0.00421744
-0.00680035
-0.00918394
-0.00873181
-0.00546584
-0.00193382
-0.00101665
-0.00352361
-0.00759887
-0.0101403
-0.00913797
-0.00512241
-0.000695668
0.00155214
0.000959995
-0.000926305
-0.00177772
-0.000429532
0.00221117
0.00396788
0.00324197
0.000332889
-0.00275382
-0.00380575
-0.002038
0.00143965
0.00445819
0.00546404
0.00459042
0.00337482
0.00339222
0.00493882
0.00684886
0.00744545
0.00595663
0.00317894
0.000927391
0.000696493
0.00261451
0.00543004
0.00742744
0.0077034
0.00675159
0.00593326
0.00628281
0.0076579
0.00887739
0.00864658
0.00662747
0.00377917
0.00172175
0.00160164
0.00336637
0.00584512
0.00754966
0.00770401
0.00672797
0.00581251
0.00592041
0.00705794
0.00830245
0.00848402
0.00710126
0.00474601
0.00272242
0.0021239
0.00314227
0.00510153
0.00693939
0.00800846
0.00841047
0.00860904
0.00879079
0.00871155
0.00818653
0.00736909
0.00666911
0.00626664
0.00594034
0.00526056
0.00407752
0.00253897
0.00110922
6.65513e-05
-0.000259342
-0.000184657
0.000382832
0.000370736
0.150964
0.153185
0.160731
0.172867
0.192408
0.223167
0.271971
0.339579
0.459231
-0.307165
-0.319664
-0.355335
-0.461456
-0.48843
-0.31684
-0.156703
-0.073391
-0.0686848
-0.0979425
-0.108338
-0.0810949
-0.0541444
-0.055134
-0.0840418
-0.121879
-0.130956
-0.0997718
-0.0591402
-0.0369552
-0.0350598
-0.0463612
-0.0598271
-0.0621643
-0.0509694
-0.0376362
-0.0340876
-0.0425303
-0.0571806
-0.0670684
-0.0629772
-0.0467375
-0.0295806
-0.0207989
-0.0217326
-0.027773
-0.0319403
-0.0296045
-0.0226776
-0.0175804
-0.0191768
-0.027048
-0.0361135
-0.0397634
-0.0348036
-0.0239982
-0.0139181
-0.00934944
-0.0104386
-0.013627
-0.0146034
-0.0118348
-0.00775402
-0.00650338
-0.0101748
-0.0171149
-0.0230176
-0.0238408
-0.0187569
-0.0106936
-0.0040678
-0.00145304
-0.00218369
-0.00347395
-0.00290423
-0.000551893
0.00120682
-0.000127719
-0.00487864
-0.0107383
-0.0142678
-0.013285
-0.00829132
-0.00208053
0.00237019
0.00391859
0.00366884
0.00363264
0.00483238
0.00636201
0.00627289
0.00336983
-0.0015824
-0.00617983
-0.00793951
-0.00595207
-0.00133914
0.00350131
0.00661285
0.00766866
0.00781609
0.00838377
0.00957225
0.0102655
0.00904024
0.00552381
0.00093341
-0.00257626
-0.00329147
-0.000978031
0.00306532
0.00687709
0.00915308
0.00995767
0.0103084
0.0110371
0.0119196
0.011855
0.00981127
0.00583671
0.00127776
-0.00194035
-0.00247221
-0.000268669
0.00345133
0.00696635
0.00912127
0.00992768
0.0102467
0.010836
0.0116039
0.0116656
0.0100682
0.00666531
0.00243296
-0.00100405
-0.00231242
-0.00114807
0.00184216
0.0054031
0.008495
0.0107677
0.0123294
0.0131541
0.0129204
0.0115087
0.00932287
0.00709026
0.00530811
0.00398187
0.00290477
0.00187998
0.00113551
0.000598338
0.000939771
0.00103887
0.00252098
0.00122423
0.00328129
0.150813
0.152849
0.159766
0.170592
0.187564
0.212009
0.248817
0.293505
0.314184
-0.203645
-0.290037
-0.26383
-0.329367
-0.454561
-0.461964
-0.288263
-0.136555
-0.0553971
-0.0402291
-0.0607229
-0.071127
-0.05787
-0.0414189
-0.0491018
-0.0838836
-0.124446
-0.130349
-0.0940119
-0.0510595
-0.0279492
-0.0244849
-0.0334827
-0.045241
-0.0482507
-0.0400474
-0.0305098
-0.0304541
-0.041832
-0.0585443
-0.0689679
-0.0637951
-0.0454846
-0.0261649
-0.0154178
-0.0145585
-0.0191455
-0.0227048
-0.0210035
-0.0159024
-0.0132834
-0.0174338
-0.0274852
-0.0379707
-0.041993
-0.0363384
-0.024007
-0.0119826
-0.00541457
-0.00474601
-0.00673523
-0.00738341
-0.00530053
-0.00281966
-0.00371526
-0.00960959
-0.018408
-0.0254569
-0.0265193
-0.020737
-0.0111936
-0.00263138
0.00197594
0.00290225
0.0025938
0.00326053
0.0047692
0.00490058
0.00150465
-0.00529809
-0.0127924
-0.0172394
-0.0163019
-0.0104522
-0.00265111
0.00378004
0.00726364
0.00849587
0.00919079
0.0102421
0.0107505
0.00898026
0.00410128
-0.00270656
-0.00868751
-0.0111156
-0.00896201
-0.00334932
0.00312735
0.00814913
0.0109637
0.0123508
0.013409
0.014261
0.0138432
0.0109678
0.00561946
-0.000614522
-0.00528096
-0.00646474
-0.00382655
0.00130575
0.00675804
0.0108612
0.013276
0.014693
0.0157588
0.0161863
0.014957
0.0112795
0.00554523
-0.000561198
-0.00484604
-0.00577881
-0.00320805
0.00161805
0.00677726
0.0107688
0.013218
0.0146689
0.0156897
0.016109
0.015086
0.0118689
0.00662839
0.000676015
-0.00408157
-0.00608745
-0.00484705
-0.000964925
0.00414298
0.00907556
0.0130466
0.0158246
0.0172083
0.0168354
0.0146372
0.0112038
0.00751138
0.00435069
0.00197835
0.000452679
-0.000440828
-0.000394217
-4.04871e-05
0.00165742
0.00213818
0.00500685
0.00184467
0.00617131
0.149836
0.151611
0.157577
0.166722
0.180051
0.19855
0.21864
0.238418
0.203544
-0.115372
-0.377624
-0.260819
-0.225809
-0.330701
-0.439772
-0.404908
-0.241215
-0.110969
-0.038604
-0.0154821
-0.0264373
-0.0343315
-0.0306004
-0.0233101
-0.0368685
-0.0765569
-0.118333
-0.120774
-0.0815389
-0.0393349
-0.0171522
-0.0129374
-0.0199651
-0.0300334
-0.0333751
-0.0275723
-0.0212369
-0.0242073
-0.0381277
-0.05651
-0.0671966
-0.0610677
-0.0412966
-0.0206483
-0.00866661
-0.00651993
-0.00993301
-0.0129461
-0.0117542
-0.00820596
-0.00772261
-0.0140788
-0.0259922
-0.0376506
-0.0419458
-0.0357245
-0.0222183
-0.00872342
-0.000616916
0.00145422
0.000456954
8.69928e-05
0.00158343
0.00268882
-4.97948e-05
-0.00784491
-0.0182219
-0.0262404
-0.0275175
-0.0211858
-0.010461
-0.000338896
0.00589544
0.00819412
0.00870413
0.00944145
0.0102228
0.00896704
0.00382321
-0.00471569
-0.0135984
-0.0188418
-0.017979
-0.0114531
-0.00235403
0.00571857
0.010823
0.0133019
0.0146056
0.0155187
0.0151566
0.0119699
0.00543255
-0.00293654
-0.0100973
-0.0131214
-0.0108712
-0.00445788
0.00337114
0.00999701
0.0143007
0.0167367
0.0182018
0.018762
0.0174077
0.0131528
0.00627422
-0.00134249
-0.00700271
-0.00861801
-0.00575049
0.000264343
0.00708591
0.012738
0.0165266
0.0188502
0.020197
0.0202394
0.0180373
0.0130015
0.00580185
-0.00160599
-0.00680916
-0.00811474
-0.0052735
0.00045806
0.00700071
0.0125618
0.0164243
0.0188462
0.0202302
0.0203494
0.0184071
0.0138225
0.00702496
-0.000402523
-0.006322
-0.00898094
-0.00774288
-0.00316165
0.00322822
0.00972135
0.0151409
0.01895
0.0208092
0.0203435
0.0175095
0.0130041
0.00797592
0.00347738
2.92283e-05
-0.00201316
-0.00284269
-0.00205816
-0.000849654
0.0021514
0.0029661
0.00720286
0.00217175
0.00908097
0.148146
0.149597
0.154458
0.161592
0.171315
0.183008
0.191695
0.187887
0.121109
-0.073629
-0.247359
-0.221854
-0.227652
-0.28977
-0.349578
-0.306285
-0.183704
-0.08515
-0.0245659
0.00371856
0.00334017
-0.00080219
-0.00174794
-0.00187076
-0.0199718
-0.0629168
-0.104
-0.103092
-0.0639211
-0.0254908
-0.00573115
-0.00132663
-0.00657715
-0.0149694
-0.0183398
-0.0143338
-0.0104533
-0.0157235
-0.0315236
-0.0509911
-0.0616352
-0.0548138
-0.0344071
-0.0134165
-0.000986439
0.00193901
-0.000583559
-0.00312921
-0.00232286
-2.79498e-06
-0.00119875
-0.00926407
-0.0225805
-0.035074
-0.0395302
-0.0329239
-0.0186982
-0.00431045
0.00479807
0.0078672
0.00762199
0.00746524
0.00849098
0.00850518
0.00432489
-0.00493563
-0.0165132
-0.0252659
-0.0267259
-0.0200371
-0.00850815
0.00270867
0.0101262
0.0134537
0.0145834
0.0153587
0.0155601
0.0132255
0.00674078
-0.00312227
-0.0130705
-0.0189478
-0.018191
-0.0112129
-0.00118234
0.00810704
0.0144396
0.0178719
0.019633
0.0204236
0.0193844
0.0151193
0.007329
-0.0022248
-0.0103014
-0.0138215
-0.0115548
-0.00458623
0.00423879
0.0120807
0.0175307
0.0207745
0.0225427
0.0228714
0.020804
0.0155128
0.00748558
-0.00118271
-0.00762506
-0.00961618
-0.00663059
1.22018e-05
0.00786025
0.0147041
0.0195617
0.0225884
0.0241474
0.0238963
0.0209657
0.0149179
0.00662086
-0.00177892
-0.00770869
-0.00934341
-0.00634455
4.52329e-05
0.00764065
0.0144254
0.0194023
0.0225883
0.0242525
0.0241394
0.0214928
0.015862
0.0078626
-0.000726808
-0.00759604
-0.0108336
-0.00967617
-0.00462137
0.00272315
0.0104216
0.016977
0.0215972
0.0238431
0.0233475
0.0200627
0.01471
0.00852821
0.00278873
-0.00172795
-0.00435541
-0.00522698
-0.00382086
-0.00184465
0.00237
0.00346944
0.00904679
0.00215804
0.0120252
0.145874
0.146985
0.150666
0.155817
0.16211
0.168414
0.169065
0.155869
0.0972487
-0.0573486
-0.167664
-0.165121
-0.181027
-0.225671
-0.264785
-0.231421
-0.143354
-0.0667273
-0.0145292
0.0165285
0.0265775
0.0273795
0.0264399
0.0206345
-0.00120947
-0.0453401
-0.0832501
-0.0794853
-0.0435446
-0.0111966
0.00527793
0.00960174
0.00605921
-0.00064227
-0.0037746
-0.00102636
0.00116173
-0.00554143
-0.0223693
-0.0422067
-0.0525169
-0.0453985
-0.0253142
-0.00500319
0.00713169
0.0103911
0.00851494
0.00635886
0.00688948
0.00831649
0.00595671
-0.0032247
-0.0173881
-0.030317
-0.0348179
-0.0280585
-0.0136397
0.00101055
0.0105639
0.014223
0.014485
0.0144684
0.0151415
0.0143769
0.00921397
-0.00100282
-0.0133362
-0.0225475
-0.0241548
-0.0173319
-0.00542594
0.00637152
0.0144929
0.0184822
0.0200173
0.0207927
0.0205735
0.0175047
0.0101417
-0.000571932
-0.0112116
-0.0175317
-0.016912
-0.00973213
0.000819045
0.0108525
0.0179795
0.0220425
0.0240938
0.0247769
0.023274
0.0183087
0.00972289
-0.000587191
-0.00927526
-0.0131712
-0.010972
-0.00372002
0.0057031
0.0143269
0.0205397
0.0243219
0.0262773
0.0264383
0.0239048
0.0179607
0.00921391
-0.000130287
-0.00711025
-0.00940689
-0.00642065
0.000569561
0.00906081
0.0166935
0.0222755
0.0257751
0.0274671
0.0270226
0.0236337
0.0169599
0.00797766
-0.00106424
-0.00749953
-0.00940688
-0.00636973
0.000405751
0.00868295
0.0162984
0.0220481
0.0257623
0.0276124
0.0273426
0.0242334
0.0179181
0.00911856
-0.00027463
-0.0078437
-0.0115609
-0.0105549
-0.0052635
0.00267681
0.0111803
0.0185161
0.0236998
0.0262312
0.0257678
0.0222345
0.0162998
0.00920855
0.00239446
-0.00312568
-0.00638372
-0.00742521
-0.00557926
-0.00299167
0.00228909
0.00361301
0.010477
0.00178788
0.0149774
0.143162
0.143928
0.146455
0.149693
0.153019
0.154696
0.149997
0.130479
0.0803828
-0.029014
-0.120564
-0.138361
-0.157332
-0.188472
-0.206675
-0.177558
-0.11202
-0.0516335
-0.00690976
0.0237518
0.0410044
0.0485904
0.0505101
0.0411877
0.015288
-0.0277863
-0.0597419
-0.0534628
-0.0231962
0.00207065
0.0151346
0.0193318
0.017466
0.0124999
0.00984467
0.0117705
0.0129248
0.00566059
-0.0112648
-0.0307157
-0.0404643
-0.033536
-0.0147418
0.00396764
0.0151939
0.0184524
0.0170477
0.0152195
0.0155631
0.0164057
0.0133994
0.00372979
-0.0106802
-0.02362
-0.0280592
-0.0214136
-0.00735498
0.00693327
0.0164084
0.0202889
0.0208356
0.0208864
0.0213133
0.0200771
0.0144041
0.00376865
-0.00884614
-0.0182223
-0.0199413
-0.013222
-0.00138281
0.0104763
0.018831
0.0231282
0.0248606
0.025594
0.0251075
0.0216498
0.0138852
0.00281685
-0.00811781
-0.0146748
-0.014221
-0.00709777
0.00355183
0.0138493
0.0213362
0.025709
0.0278818
0.0284669
0.0267092
0.0214248
0.012514
0.00189455
-0.00708278
-0.0112231
-0.00917236
-0.00191373
0.00770089
0.0166644
0.0232517
0.0272996
0.0293217
0.029372
0.026616
0.0204069
0.011382
0.00175412
-0.00550342
-0.00802565
-0.00515276
0.00190098
0.0106444
0.0186539
0.0246075
0.0283434
0.0300819
0.029538
0.0259586
0.0190502
0.00980767
0.000489201
-0.00621608
-0.00833008
-0.0053715
0.00151317
0.0100918
0.0181325
0.0243013
0.0282986
0.0302341
0.0298788
0.0265497
0.0199208
0.0107391
0.00092053
-0.00707775
-0.011158
-0.0103616
-0.00506365
0.00311206
0.0120087
0.0197533
0.0252368
0.0279362
0.0275513
0.0239683
0.0177435
0.0100436
0.00239374
-0.00399516
-0.00788528
-0.00921769
-0.00715931
-0.00418825
0.00193164
0.00339449
0.0114364
0.00109494
0.0178297
0.140148
0.140593
0.142035
0.143577
0.144392
0.142624
0.13436
0.112572
0.0691487
-0.0140955
-0.0866852
-0.108509
-0.127266
-0.149027
-0.160278
-0.138065
-0.0889466
-0.0405469
-0.00185484
0.0269158
0.0470711
0.0598487
0.064543
0.0545304
0.0256559
-0.0134079
-0.036563
-0.028308
-0.00505924
0.0134151
0.0234951
0.0275948
0.0272967
0.0241087
0.0221465
0.0235831
0.0241779
0.0170937
0.000951235
-0.0174132
-0.0264685
-0.0202316
-0.00355094
0.012863
0.0227569
0.0258066
0.0247777
0.023243
0.0234661
0.0239776
0.020789
0.0112298
-0.00283977
-0.0153807
-0.0196746
-0.0134235
-0.00025337
0.0131156
0.0220722
0.0258775
0.0265311
0.0265857
0.0268504
0.0254148
0.0196736
0.00913838
-0.00329262
-0.0125452
-0.0143439
-0.00796276
0.0033847
0.0148253
0.0229926
0.027289
0.0290361
0.0296852
0.0290619
0.0255287
0.017811
0.00686619
-0.00397446
-0.0105629
-0.0102988
-0.00347934
0.00686776
0.0169812
0.0244301
0.0288227
0.0309623
0.0314501
0.0296199
0.0243652
0.0155736
0.00507648
-0.00387268
-0.00812321
-0.00629312
0.000710966
0.0101334
0.019023
0.0256258
0.0296881
0.0316621
0.0316436
0.0288799
0.0227627
0.0138784
0.00434737
-0.00292965
-0.00559291
-0.00293559
0.00391552
0.012543
0.0205428
0.0265387
0.0302889
0.0319873
0.0314188
0.0278868
0.0211066
0.0120092
0.00277075
-0.00396947
-0.00621865
-0.00344486
0.00328827
0.0118077
0.0198891
0.0261423
0.0301897
0.0321108
0.0317252
0.0283953
0.0218015
0.0126416
0.00277196
-0.00538099
-0.00969735
-0.00915321
-0.00405727
0.00401735
0.0129154
0.0207099
0.0262325
0.02897
0.0286821
0.0252236
0.0190032
0.0110349
0.00285039
-0.00420534
-0.00867256
-0.0103861
-0.00835312
-0.00526947
0.00138151
0.00286611
0.0118845
0.000184349
0.0203278
0.136961
0.137114
0.137582
0.137649
0.136426
0.132056
0.121523
0.0991434
0.0611071
-0.00295539
-0.0612986
-0.0866513
-0.106198
-0.123204
-0.128337
-0.109128
-0.0708313
-0.0316411
0.00164067
0.027815
0.0476511
0.0619144
0.0675996
0.0585965
0.0326551
0.00181235
-0.0130517
-0.00608951
0.00969125
0.0225471
0.0303222
0.034312
0.0353318
0.0339085
0.0328306
0.0340355
0.0343288
0.0279142
0.013256
-0.00347103
-0.0117938
-0.00664997
0.00739161
0.0211307
0.029479
0.0322251
0.0315431
0.0302989
0.0304514
0.0308117
0.027805
0.0188656
0.00565493
-0.00613058
-0.0102276
-0.00463711
0.00719765
0.019213
0.027328
0.030851
0.0314899
0.0315023
0.0316622
0.0302407
0.024803
0.0148245
0.00299561
-0.00587295
-0.00772528
-0.00189558
0.00858941
0.0192095
0.0268514
0.0309069
0.0325271
0.0330539
0.0323909
0.0290361
0.0217478
0.0113498
0.000955951
-0.00547301
-0.00541579
0.000882334
0.0105776
0.0201251
0.0272061
0.0313828
0.0333619
0.0337451
0.0319817
0.0270426
0.0187522
0.00876164
0.000131564
-0.00409994
-0.00254903
0.00397289
0.0128705
0.021333
0.0276499
0.0315178
0.0333443
0.0332801
0.0306749
0.0249449
0.0165644
0.00747241
0.000415297
-0.0023047
5.37409e-05
0.00647219
0.0146655
0.0223238
0.0280829
0.0316599
0.0332395
0.0326931
0.0293945
0.023046
0.0144497
0.00561527
-0.000939673
-0.00325165
-0.000750556
0.00560354
0.0137483
0.0215359
0.0275843
0.0314806
0.0332957
0.0329134
0.0297577
0.0234965
0.0147196
0.00514537
-0.00289958
-0.00732223
-0.00705547
-0.00233813
0.00534281
0.0138975
0.0214229
0.0267487
0.0293939
0.0291909
0.0259863
0.0200366
0.0121492
0.00377111
-0.00369698
-0.00863298
-0.0107754
-0.00897776
-0.00605097
0.000773153
0.00213983
0.0118201
-0.000762827
0.0220546
0.133717
0.133616
0.133236
0.132074
0.129235
0.12302
0.111137
0.0892366
0.055767
0.00504118
-0.0425899
-0.0674332
-0.0853394
-0.0983287
-0.101226
-0.0862469
-0.0566758
-0.0248122
0.0037455
0.0272541
0.0455611
0.0591622
0.0651706
0.0589235
0.0400612
0.0180255
0.00726707
0.0107119
0.0206171
0.0296025
0.0357461
0.0395495
0.0415095
0.0416926
0.0416402
0.0428333
0.0429075
0.0373132
0.0245198
0.00975879
0.00219779
0.00608318
0.0173589
0.0283734
0.0351544
0.0375814
0.0372521
0.0363206
0.0364452
0.036759
0.0341656
0.0262144
0.014264
0.00350556
-0.000377665
0.00433526
0.0145243
0.0249161
0.031999
0.0351222
0.035683
0.0356294
0.0357171
0.0344511
0.0295891
0.0205237
0.00963581
0.00136403
-0.000524033
0.00458129
0.0139191
0.0234264
0.0303078
0.0339619
0.0353628
0.0357394
0.0350966
0.0320967
0.0255255
0.0160103
0.00635465
0.000248014
8.97144e-05
0.00569483
0.014466
0.0231585
0.0296299
0.0334236
0.0351524
0.0354186
0.0338105
0.0293892
0.0218909
0.0127162
0.00464964
0.000552175
0.0017841
0.00764614
0.0157599
0.0235253
0.0293319
0.0328536
0.0344581
0.0343537
0.032014
0.0268824
0.0192863
0.0109128
0.0042808
0.00158377
0.00358427
0.00939088
0.0169018
0.023964
0.029276
0.0325403
0.0339386
0.0334326
0.0304883
0.0247925
0.0169769
0.00881605
0.00263827
0.000332527
0.00249773
0.00829264
0.015812
0.0230428
0.028663
0.0322541
0.0338887
0.0335212
0.0306574
0.0249519
0.0168505
0.00786859
0.000167464
-0.00423552
-0.00425311
-5.09219e-05
0.00700192
0.0149355
0.0219344
0.0268718
0.0293104
0.029156
0.0262787
0.0208062
0.0133181
0.00509393
-0.00250115
-0.00775552
-0.0103257
-0.00892687
-0.00638779
0.000253037
0.00136826
0.0112958
-0.00154407
0.0225754
0.130518
0.130201
0.129101
0.126935
0.122846
0.115344
0.102732
0.0817823
0.0521139
0.0109269
-0.0284882
-0.0523346
-0.0694473
-0.0805872
-0.081977
-0.0693684
-0.0456211
-0.0193173
0.00516609
0.0260262
0.0426215
0.0549694
0.0610213
0.0577394
0.0450172
0.0294858
0.021008
0.0222002
0.028523
0.0350041
0.0399592
0.0434797
0.0459519
0.0473696
0.0483752
0.0497531
0.0496391
0.0446893
0.033706
0.0210152
0.01436
0.0171658
0.0258909
0.0343876
0.0397246
0.0418543
0.0418761
0.0412879
0.0414297
0.0417391
0.0396452
0.0328742
0.0224307
0.0128633
0.00918449
0.0128927
0.0213064
0.0299874
0.0359734
0.0386536
0.0391207
0.0390031
0.0390331
0.0379902
0.0338591
0.0259367
0.0162237
0.0086983
0.00678504
0.0110507
0.0190686
0.0272994
0.0332941
0.036464
0.0376023
0.0378159
0.0372197
0.0346681
0.0289889
0.0205822
0.0118744
0.00621419
0.0058415
0.0106407
0.0183113
0.0259684
0.031685
0.0350006
0.0364304
0.0365688
0.0351553
0.0313617
0.0248368
0.016691
0.00936913
0.00549896
0.0063942
0.0114802
0.0186399
0.0255351
0.0306927
0.0337784
0.0351169
0.0349661
0.0329397
0.0285234
0.0218906
0.0144329
0.00838327
0.00577918
0.00739119
0.0124685
0.0191325
0.0254324
0.0301644
0.0330311
0.0342077
0.0337384
0.0312026
0.0262852
0.0194343
0.0121429
0.00649366
0.00425713
0.00605128
0.0111647
0.0178863
0.0243821
0.0294264
0.0326133
0.0340172
0.0336591
0.0311448
0.0261301
0.0189072
0.0107447
0.00358204
-0.00068624
-0.000976976
0.00261932
0.00887798
0.0159928
0.0222833
0.0266984
0.0288466
0.0286945
0.0261619
0.0212909
0.0144481
0.00669047
-0.000743313
-0.00613635
-0.00908699
-0.00819502
-0.00621471
-6.48595e-05
0.000696898
0.0104153
-0.00202493
0.0217162
0.127449
0.126954
0.125257
0.122293
0.117261
0.108902
0.0959824
0.0761833
0.0497091
0.0154775
-0.0176456
-0.0397117
-0.0553038
-0.0646292
-0.0654818
-0.0554483
-0.0365818
-0.0148806
0.00608578
0.0244933
0.039453
0.0506323
0.0565536
0.0552072
0.0467649
0.0360439
0.0297142
0.0299899
0.0342132
0.0390623
0.0431462
0.0463435
0.0489591
0.0510879
0.0529514
0.0546289
0.0544283
0.0498381
0.0403152
0.0296963
0.0242172
0.0262961
0.0328159
0.0391511
0.043259
0.0451171
0.0454454
0.0452135
0.0454239
0.0457352
0.0440993
0.0385109
0.0296406
0.0213093
0.017824
0.020529
0.0272364
0.0342854
0.03921
0.0414543
0.0418417
0.0416825
0.0416633
0.0408486
0.0374858
0.030797
0.0223723
0.0156705
0.0137383
0.0171219
0.0237741
0.0306965
0.0357777
0.0384452
0.0393189
0.0393749
0.0388278
0.0367413
0.032013
0.0248191
0.0171744
0.0120384
0.011463
0.0154103
0.0219092
0.0284627
0.0333721
0.0361791
0.0372997
0.0373064
0.0360879
0.0329449
0.0274606
0.0204482
0.0139777
0.0104011
0.0109647
0.0152262
0.0213567
0.0273077
0.0317604
0.0343788
0.0354382
0.0352317
0.0335168
0.029842
0.0242431
0.0178042
0.0124355
0.00997998
0.0112025
0.0154997
0.0212405
0.0267024
0.0307978
0.0332344
0.0341735
0.0337257
0.0315956
0.0274879
0.0216807
0.0153679
0.0103469
0.00823263
0.00964995
0.0140232
0.019859
0.0255296
0.0299267
0.0326658
0.0338167
0.0334541
0.0312941
0.0270163
0.020774
0.0135724
0.00708795
0.00305026
0.00251402
0.0054632
0.0108358
0.01702
0.0225007
0.0263223
0.0281344
0.0279441
0.0257304
0.0214976
0.0154442
0.00838798
0.00137095
-0.00397083
-0.00721366
-0.00687563
-0.00555664
-0.000126198
0.000217334
0.00932474
-0.00219548
0.019718
0.124582
0.123942
0.121761
0.118174
0.112444
0.103538
0.090575
0.0719402
0.0481104
0.0189882
-0.00934353
-0.0296959
-0.0442072
-0.0526362
-0.053332
-0.0450396
-0.0295627
-0.0113329
0.00674962
0.0230013
0.0364622
0.0466454
0.0524058
0.0524394
0.0470536
0.0397507
0.0352322
0.0352761
0.0383003
0.0420784
0.0455105
0.0483844
0.0509133
0.0532646
0.0555376
0.0574038
0.05724
0.0530404
0.0448763
0.0363055
0.0320524
0.033518
0.0381701
0.0427773
0.0459101
0.0475103
0.0480475
0.048139
0.0484655
0.0487816
0.0474876
0.0429184
0.0355006
0.0283412
0.0250735
0.0269238
0.0321587
0.0377703
0.0417341
0.0435758
0.0439053
0.0437373
0.043681
0.0430601
0.0404021
0.0349015
0.0277543
0.0218788
0.0199366
0.0224787
0.027847
0.0335446
0.0377631
0.0399543
0.0405897
0.0405102
0.0400029
0.0383397
0.0345177
0.0285214
0.0219569
0.0173727
0.0166174
0.0197364
0.0250965
0.0305808
0.034708
0.0370257
0.0378571
0.0377397
0.0366921
0.0341528
0.0296718
0.0237898
0.018198
0.01495
0.0152086
0.0186642
0.0237825
0.0288056
0.0325682
0.0347348
0.0355288
0.035261
0.0338227
0.0308411
0.0262468
0.0208334
0.0161797
0.0139108
0.01477
0.0183008
0.0231259
0.0277562
0.0312236
0.033242
0.0339508
0.0335073
0.0317397
0.028394
0.0236099
0.0182931
0.0139418
0.0119889
0.0130514
0.0166882
0.0216317
0.026469
0.030216
0.0325113
0.0334129
0.0330318
0.0311928
0.0276212
0.0223627
0.0161695
0.0104371
0.00669976
0.00595913
0.0082688
0.0127378
0.0179636
0.022611
0.0258264
0.0272944
0.0270405
0.0250961
0.0214649
0.0162347
0.0100065
0.00359141
-0.00152639
-0.00494653
-0.00514481
-0.00451816
6.1225e-05
-4.32435e-05
0.00818016
-0.00214885
0.0171073
0.121973
0.121218
0.118653
0.11459
0.108358
0.0991256
0.0862786
0.0687338
0.0470835
0.0217776
-0.00286029
-0.0215102
-0.0348393
-0.0423863
-0.0430923
-0.0363832
-0.0237178
-0.00836965
0.00727351
0.0216573
0.0338077
0.0431589
0.048788
0.0498319
0.0466495
0.0418434
0.0387759
0.0388711
0.0412113
0.0442864
0.0472316
0.0498078
0.0521517
0.0544234
0.0567034
0.05854
0.0584713
0.0549507
0.0483148
0.0415584
0.0381468
0.0389313
0.0421154
0.0454558
0.0478584
0.0492058
0.0498256
0.0501509
0.050613
0.0509539
0.0498894
0.0460857
0.0398576
0.0337384
0.0307637
0.0320088
0.0360712
0.0404847
0.0436218
0.0451042
0.0453876
0.0452389
0.045167
0.044693
0.0426111
0.038142
0.0321476
0.0270352
0.0251042
0.026926
0.0311951
0.0358324
0.0392866
0.0410514
0.0414875
0.0413063
0.0408293
0.0395137
0.0364767
0.031562
0.0260047
0.0219523
0.0210503
0.0234282
0.0277709
0.0323006
0.0357249
0.0376039
0.0381847
0.0379618
0.0370521
0.0350255
0.0314306
0.026583
0.0218229
0.0189064
0.0189044
0.0216311
0.0258312
0.0300141
0.0331531
0.0349151
0.0354757
0.0351489
0.0339375
0.0315519
0.027854
0.0233882
0.0194209
0.0173547
0.0178985
0.020732
0.0247189
0.0285891
0.0314862
0.0331293
0.0336322
0.0331813
0.0317133
0.0290281
0.0251657
0.0207791
0.0170793
0.0153079
0.0160596
0.0190183
0.0231328
0.0271962
0.0303433
0.0322344
0.0329107
0.032503
0.0309316
0.0279814
0.0236269
0.0184002
0.0134233
0.0100216
0.0091271
0.0108457
0.0144615
0.0187765
0.0226333
0.0252787
0.0264249
0.0261
0.024369
0.0212568
0.0167916
0.011404
0.00567969
0.000910933
-0.00256755
-0.00323104
-0.00325686
0.000436934
-0.000111175
0.00710355
-0.00200773
0.0144197
0.119668
0.118824
0.115961
0.111542
0.104955
0.0955449
0.0828949
0.066312
0.0464244
0.0239655
0.00212669
-0.0150782
-0.0275082
-0.0345616
-0.0354212
-0.0298829
-0.0192364
-0.0060476
0.00767261
0.0205238
0.0315798
0.0402448
0.0457731
0.0475632
0.0459705
0.0429632
0.0410226
0.0413019
0.0432728
0.0458884
0.048468
0.0507811
0.0529172
0.0550055
0.0571089
0.0587946
0.05885
0.05609
0.0508423
0.0454478
0.0425144
0.0427474
0.0449269
0.0474027
0.0492717
0.0503767
0.0509682
0.051403
0.0519646
0.0523494
0.0514582
0.0482021
0.0428891
0.0376662
0.0350534
0.0359162
0.0390694
0.0425214
0.0449805
0.0461503
0.0463821
0.0462638
0.0462002
0.0458366
0.0441844
0.0405259
0.035478
0.0310193
0.029139
0.0304184
0.0338255
0.0376006
0.040409
0.0418056
0.042081
0.0418349
0.0413834
0.0403322
0.0379191
0.0339013
0.0292077
0.0256277
0.0246212
0.0263937
0.0299008
0.0336383
0.0364682
0.0379728
0.0383484
0.0380459
0.0372436
0.0356211
0.0327484
0.0287736
0.024739
0.0221286
0.0219211
0.0240385
0.027468
0.030944
0.0335558
0.0349761
0.0353441
0.0349685
0.0339336
0.0320252
0.0290677
0.02541
0.022049
0.0201795
0.0204692
0.0227138
0.0259885
0.029213
0.0316268
0.0329542
0.0332859
0.0328231
0.0315882
0.0294366
0.0263436
0.022759
0.0196417
0.0180508
0.0185497
0.0209283
0.0243278
0.0277234
0.0303551
0.0319025
0.032389
0.0319534
0.0305916
0.0281502
0.0245644
0.0201906
0.0159082
0.0128412
0.0118375
0.0130522
0.0159188
0.019429
0.022588
0.0247334
0.0255998
0.0252092
0.0236408
0.0209465
0.0171302
0.0125032
0.00746022
0.0030977
-0.000341425
-0.00136786
-0.00195745
0.000911007
-4.27872e-05
0.0061741
-0.0018624
0.0120325
0.117701
0.116791
0.113701
0.109022
0.102193
0.0927014
0.0802766
0.0645058
0.0460193
0.0256855
0.00597235
-0.00999488
-0.0216112
-0.028208
-0.0291972
-0.0246103
-0.0155728
-0.00412203
0.00803312
0.0196269
0.0297818
0.0379015
0.0433467
0.0456784
0.0452263
0.0435162
0.0424347
0.0429309
0.0447124
0.0470313
0.0493417
0.0514344
0.0533749
0.0552761
0.0571804
0.058698
0.0588335
0.0566481
0.0524201
0.0480027
0.0454351
0.0453555
0.0469021
0.0488
0.0502803
0.0511691
0.0516706
0.0521059
0.0526917
0.0531068
0.0523722
0.0495628
0.0449913
0.0405195
0.0382397
0.0388258
0.0412768
0.0439917
0.0459249
0.0468314
0.0469961
0.046897
0.0468571
0.0465859
0.0452429
0.042174
0.0378415
0.0339112
0.0321254
0.0330451
0.0358159
0.0389185
0.0412014
0.0422893
0.0424348
0.0421473
0.0417282
0.0408712
0.0389209
0.0355895
0.0315778
0.0283871
0.0273224
0.028646
0.0315188
0.0346385
0.036989
0.0381855
0.0383993
0.0380439
0.0373259
0.0360046
0.03368
0.030387
0.0269364
0.0245859
0.0242309
0.0258781
0.0287074
0.0316273
0.0338177
0.0349627
0.0351799
0.03477
0.0338691
0.0323211
0.0299332
0.0269135
0.024046
0.0223494
0.022449
0.0242311
0.0269424
0.029654
0.0316826
0.0327593
0.0329574
0.032485
0.0314248
0.0296789
0.0271841
0.0242393
0.0216005
0.0201703
0.0204771
0.0223936
0.0252188
0.0280765
0.0302936
0.0315663
0.031903
0.0314441
0.0302397
0.0281904
0.0252132
0.021535
0.0178384
0.0150711
0.013998
0.0148104
0.0170643
0.019912
0.0224958
0.0242305
0.024869
0.0244243
0.0229778
0.0206035
0.0172989
0.0132982
0.00885148
0.00488377
0.00154194
0.000257968
-0.000773488
0.001391
9.46486e-05
0.00542686
-0.00176584
0.0101401
0.1161
0.115141
0.111885
0.107022
0.100032
0.0905155
0.0783059
0.0631856
0.0457731
0.0269907
0.00883671
-0.00616811
-0.0171818
-0.0235037
-0.024652
-0.0207704
-0.0128799
-0.00268996
0.00829786
0.0189317
0.0283912
0.036093
0.0414757
0.0441948
0.0445464
0.0437543
0.0433071
0.0440075
0.0457012
0.0478305
0.0499464
0.0518636
0.0536379
0.0553778
0.0571139
0.0584905
0.0586622
0.0568601
0.0533328
0.0496027
0.0473373
0.047109
0.0482677
0.049783
0.0509839
0.0516951
0.0520922
0.0524723
0.0530262
0.0534445
0.0528467
0.050424
0.0464602
0.0425678
0.0405213
0.0408848
0.0428246
0.0450126
0.0465617
0.0472565
0.0473434
0.0472415
0.0472217
0.047029
0.0459126
0.0432635
0.039451
0.0359312
0.0342593
0.0349546
0.0372676
0.0398632
0.041737
0.0425762
0.0426157
0.0423068
0.0419172
0.041203
0.0395805
0.03674
0.0332272
0.0303361
0.0292542
0.0302758
0.032698
0.0353596
0.037339
0.0382907
0.0383798
0.0379928
0.0373419
0.0362364
0.0343029
0.031505
0.0284892
0.0263427
0.0258932
0.0272065
0.0296008
0.032109
0.0339789
0.0349108
0.0350145
0.0345844
0.0337839
0.0324948
0.0305171
0.0279646
0.0254675
0.0239095
0.023878
0.0253236
0.0276197
0.0299493
0.0316877
0.0325747
0.0326741
0.0321972
0.0312643
0.0298105
0.0277498
0.0252773
0.0230001
0.021699
0.0218702
0.0234452
0.0258412
0.0282944
0.0301979
0.0312629
0.0314877
0.0310122
0.0299222
0.0281585
0.0256311
0.0224775
0.0192339
0.016709
0.0155969
0.016111
0.0179003
0.0202413
0.022383
0.0238011
0.0242643
0.023778
0.0224208
0.0202805
0.0173541
0.0138284
0.00985257
0.00621866
0.00299126
0.00153946
0.000190135
0.00180577
0.000246666
0.00486789
-0.00173178
0.00879216
0.114884
0.113891
0.110519
0.105532
0.098441
0.0889275
0.076898
0.0622652
0.0456332
0.0279394
0.0108886
-0.00339271
-0.0139373
-0.0200328
-0.0212858
-0.0179138
-0.0108581
-0.00159675
0.00852538
0.0184457
0.0273889
0.0347836
0.0401182
0.043101
0.0439972
0.0438274
0.0438266
0.044694
0.0463533
0.0483656
0.0503473
0.0521344
0.0537801
0.0553945
0.0570033
0.0582753
0.0584653
0.0569156
0.053853
0.0505874
0.0485486
0.0482542
0.0491786
0.050446
0.0514533
0.0520304
0.0523373
0.0526568
0.0531655
0.053574
0.0530774
0.0509426
0.0474161
0.0439243
0.0420309
0.042244
0.0438485
0.0456874
0.0469731
0.047509
0.0475224
0.0474001
0.0473904
0.0472575
0.046308
0.0439604
0.0405211
0.0373027
0.0357259
0.0362743
0.0382671
0.0405014
0.0420777
0.0427298
0.0426849
0.0423587
0.0419972
0.0413881
0.0399923
0.0374872
0.0343189
0.0316437
0.0305675
0.0313989
0.0335163
0.0358543
0.0375615
0.0383286
0.038325
0.0379197
0.0373213
0.036366
0.0346978
0.0322366
0.0295211
0.0275219
0.0270182
0.0281119
0.0302112
0.0324324
0.0340719
0.0348474
0.0348696
0.0344298
0.0337027
0.0325911
0.0308906
0.0286554
0.0264138
0.0249563
0.024841
0.0260599
0.0280714
0.0301354
0.0316689
0.0324209
0.0324522
0.031976
0.0311332
0.0298782
0.0281109
0.025959
0.0239305
0.0227216
0.0228032
0.024145
0.0262444
0.0284153
0.0300984
0.0310169
0.0311642
0.0306797
0.0296703
0.0281032
0.0258844
0.0230937
0.0201677
0.0178175
0.0166842
0.0169941
0.0184595
0.020444
0.0222721
0.0234643
0.0238023
0.0232871
0.0219935
0.0200162
0.0173521
0.0141584
0.0105188
0.00713265
0.00400446
0.00244984
0.000889596
0.00211624
0.000374193
0.00447933
-0.00175217
0.00793373
0.114067
0.113052
0.109607
0.104543
0.0973939
0.0878926
0.0759911
0.0616819
0.0455574
0.0285542
0.0122035
-0.00160685
-0.0118543
-0.0178243
-0.0191641
-0.016121
-0.00958698
-0.000908233
0.00866368
0.0181245
0.0267324
0.0339299
0.0392343
0.0423822
0.0436163
0.0438335
0.0441175
0.0451013
0.0467505
0.0486949
0.0505917
0.0522924
0.053851
0.0553804
0.0569039
0.0581074
0.0583067
0.0569108
0.0541331
0.0511555
0.0492663
0.0489463
0.0497387
0.0508569
0.051741
0.0522278
0.0524706
0.0527451
0.053219
0.053616
0.0531776
0.0512173
0.0479597
0.0447181
0.0429277
0.0430615
0.0444705
0.0460989
0.0472191
0.0476489
0.047607
0.0474645
0.0474556
0.047361
0.0465208
0.0443701
0.0411738
0.0381511
0.0366376
0.0370956
0.0388881
0.040893
0.0422767
0.0428034
0.042699
0.0423596
0.0420168
0.0414772
0.0402267
0.0379343
0.0349852
0.0324512
0.0313866
0.0321065
0.0340345
0.0361645
0.0376915
0.0383337
0.0382671
0.0378512
0.0372885
0.0364289
0.034926
0.0326741
0.0301469
0.028244
0.0277133
0.0286768
0.0305942
0.0326333
0.034122
0.0347932
0.0347616
0.0343175
0.0336388
0.0326382
0.0311078
0.0290674
0.0269844
0.0255925
0.0254301
0.0265125
0.0283483
0.0302451
0.031647
0.0323114
0.0322991
0.0318255
0.0310406
0.0299086
0.0283198
0.0263629
0.024487
0.0233368
0.0233665
0.0245672
0.0264836
0.0284778
0.0300207
0.0308453
0.0309433
0.0304544
0.0294965
0.0280514
0.0260225
0.0234548
0.0207256
0.0184857
0.0173431
0.01753
0.018796
0.020558
0.0221877
0.0232352
0.0234924
0.0229582
0.021705
0.0198298
0.0173289
0.014342
0.0109137
0.00768667
0.00462824
0.0030166
0.0013329
0.002317
0.000463456
0.00424088
-0.00179078
0.00745809
0.113656
0.112631
0.10915
0.104051
0.0968746
0.0873823
0.0755475
0.0613999
0.045526
0.0288592
0.0128506
-0.000723457
-0.0108183
-0.0167193
-0.018097
-0.015215
-0.00894071
-0.000554564
0.00874041
0.0179707
0.0264118
0.0335113
0.0388006
0.0420284
0.0434248
0.0438284
0.0442495
0.0452913
0.046938
0.0488505
0.0507054
0.0523622
0.0538763
0.0553631
0.056845
0.0580165
0.0582216
0.0569003
0.0542589
0.0514194
0.0496033
0.0492736
0.050005
0.0510519
0.0518753
0.052316
0.0525251
0.0527766
0.0532331
0.0536246
0.0532145
0.0513377
0.0482086
0.0450866
0.0433467
0.0434457
0.0447638
0.0462922
0.0473318
0.0477079
0.0476361
0.0474817
0.0474741
0.0474003
0.0466151
0.0445605
0.0414821
0.0385548
0.0370729
0.0374879
0.0391837
0.0410769
0.0423656
0.0428289
0.0426927
0.0423456
0.0420129
0.0415097
0.0403329
0.038147
0.0353074
0.0328441
0.0317861
0.0324522
0.0342871
0.0363135
0.0377495
0.0383276
0.0382281
0.0378068
0.0372627
0.0364516
0.0350307
0.0328822
0.0304481
0.0285932
0.0280503
0.0289516
0.0307805
0.0327297
0.0341428
0.0347607
0.0347017
0.034256
0.033602
0.0326563
0.0312086
0.0292623
0.0272561
0.0258961
0.0257115
0.026729
0.02848
0.0302954
0.0316325
0.0322534
0.03222
0.0317488
0.030993
0.0299207
0.0284171
0.0265525
0.0247484
0.0236258
0.0236306
0.0247644
0.0265932
0.0285022
0.0299771
0.0307559
0.0308304
0.0303408
0.029409
0.0280233
0.026085
0.0236229
0.0209862
0.0187982
0.017651
0.0177798
0.0189509
0.0206062
0.0221401
0.0231174
0.0233353
0.0227926
0.0215599
0.0197351
0.0173134
0.0144257
0.0110985
0.0079476
0.00492289
0.00328504
0.00154314
0.0024124
0.000504242
0.00412858
-0.00182704
0.00725914
-0.695094
-0.357938
-0.228455
-0.695094
-0.357941
-0.564204
-0.574098
-0.690808
-0.564204
-0.574099
0.081993
0.423962
0.291534
0.332226
0.0819917
0.423962
0.291533
-0.202333
-0.55884
-0.558841
-0.573959
-0.531816
-0.55284
-0.544613
-0.573959
-0.531816
-0.55284
0.51806
0.446554
0.51806
-0.532526
-0.443382
-0.532527
-0.443384
0.47129
0.521526
0.47129
-0.412162
-0.330907
-0.412164
-0.330907
0.362302
0.380094
0.179231
0.459231
0.362302
0.380094
0.17923
-0.0633752
-0.0633779
-0.299337
-0.299339
-0.309407
-0.294507
-0.281095
-0.307166
-0.309408
-0.294509
-0.281096
-0.0909261
-0.429582
-0.203648
-0.0909269
-0.429582
-0.30788
-0.400598
-0.298702
-0.307881
-0.400596
-0.298702
-0.431472
-0.260883
-0.528755
-0.194748
-0.431472
-0.260883
-0.528756
-0.51066
-0.647931
-0.562505
-0.511843
-0.510661
-0.64793
-0.562506
0.0629005
0.256744
0.0665419
0.178874
0.0629003
0.256743
0.0665409
-0.677449
-0.692013
-0.656193
-0.725647
-0.657502
-0.72597
-0.67699
-0.586071
-0.548792
-0.580644
-0.548262
-0.586071
-0.548793
-0.580645
-0.193809
-0.534043
-0.545554
-0.532356
-0.551796
-0.532372
-0.551737
-0.533981
-0.478907
-0.504501
-0.504072
-0.479309
-0.367265
-0.392693
-0.39266
-0.367149
-0.313445
-0.306942
-0.325641
-0.301849
-0.325543
-0.301452
-0.313596
0.163252
0.244828
0.158232
0.314184
0.163251
0.244828
0.158232
-0.331667
-0.201286
-0.114422
-0.116739
-0.334872
-0.261529
-0.278121
-0.235401
-0.290039
-0.26153
-0.278121
-0.235402
-0.31443
-0.0672234
-0.241452
-0.115372
-0.314431
-0.0672235
-0.241452
-0.2921
-0.291694
-0.269247
-0.377623
-0.2921
-0.291694
-0.269248
-0.55381
-0.697322
-0.532425
-0.728167
-0.533692
-0.729567
-0.553233
-0.533829
-0.355242
-0.262777
-0.265257
-0.537943
-0.553812
-0.697323
-0.532428
-0.728167
-0.533695
-0.729567
-0.553236
-0.533831
-0.355244
-0.26278
-0.265259
-0.537944
-0.592461
-0.57422
-0.569078
-0.56944
-0.592585
-0.677449
-0.692014
-0.656192
-0.725647
-0.657503
-0.725971
-0.676989
-0.592462
-0.574221
-0.569079
-0.569441
-0.592585
0.319283
0.0807791
0.243507
0.0677469
0.242697
0.0657998
0.321126
0.372792
0.312534
0.172948
0.43793
0.140498
0.442463
0.375613
0.319282
0.0807781
0.243506
0.067746
0.242696
0.0657992
0.321126
0.372791
0.312534
0.172947
0.437929
0.140497
0.442462
0.375613
-0.193811
-0.558994
-0.558995
-0.525188
-0.527579
-0.543176
-0.507557
-0.54672
-0.507178
-0.524486
-0.534044
-0.545554
-0.532356
-0.551796
-0.532373
-0.551738
-0.533982
-0.525188
-0.527579
-0.543176
-0.507557
-0.546721
-0.507179
-0.524486
0.548495
0.471839
0.475343
0.546212
0.593917
0.621214
0.622383
0.59237
0.548494
0.471839
0.475343
0.546211
0.593916
0.621214
0.622383
0.59237
-0.452394
-0.422571
-0.42243
-0.452663
-0.478907
-0.504501
-0.504072
-0.479309
-0.452394
-0.422572
-0.42243
-0.452664
0.611325
0.627108
0.628238
0.609914
0.57691
0.512312
0.515429
0.574889
0.611325
0.627108
0.628238
0.609914
0.57691
0.512312
0.515429
0.574889
-0.346773
-0.331447
-0.331855
-0.346492
-0.367266
-0.392694
-0.392661
-0.367151
-0.346774
-0.331448
-0.331857
-0.346494
0.426245
0.381291
0.484883
0.255588
0.488914
0.226577
0.428837
0.379974
0.177779
0.16267
0.313677
0.161052
0.312989
0.381577
0.426245
0.381291
0.484883
0.255588
0.488914
0.226576
0.428836
0.379974
0.177778
0.162669
0.313677
0.161052
0.312988
0.381577
-0.0560081
-0.0560102
-0.299262
-0.299264
-0.30447
-0.294456
-0.298014
-0.293561
-0.297609
-0.293615
-0.304558
-0.313447
-0.306944
-0.325642
-0.30185
-0.325545
-0.301454
-0.313598
-0.304473
-0.294458
-0.298016
-0.293562
-0.297611
-0.293618
-0.304559
-0.326252
-0.431327
-0.453152
-0.314554
-0.454467
-0.31562
-0.325386
-0.331668
-0.201287
-0.114424
-0.116741
-0.334874
-0.326254
-0.431327
-0.453152
-0.314556
-0.454467
-0.315622
-0.325388
-0.322108
-0.307808
-0.305916
-0.306027
-0.322292
-0.383739
-0.401546
-0.425722
-0.370342
-0.426086
-0.371267
-0.383507
-0.322109
-0.30781
-0.305918
-0.30603
-0.322292
-0.38374
-0.401546
-0.425721
-0.370343
-0.426086
-0.371268
-0.383508
-0.534587
-0.229574
-0.467167
-0.253186
-0.467128
-0.255773
-0.535896
0.336891
0.320138
0.385501
0.288624
0.33689
0.320138
0.385501
-0.634899
-0.613806
-0.654043
-0.638443
-0.634899
-0.613807
-0.654043
0.424138
0.356604
0.44688
0.342008
0.424137
0.356604
0.446879
0.554532
0.447905
0.524204
0.487253
0.525801
0.488422
0.553213
-0.579307
-0.49226
-0.517647
-0.560029
-0.579307
-0.49226
-0.517647
0.451948
0.354135
0.439129
0.360473
0.451948
0.354135
0.439129
0.593041
0.522671
0.598867
0.516257
0.600086
0.517425
0.591803
-0.440311
-0.361627
-0.359432
-0.420831
-0.440311
-0.361628
-0.359432
0.410429
0.315463
0.370678
0.339579
0.410429
0.315463
0.370678
-0.329265
-0.287552
-0.272494
-0.319665
-0.329265
-0.287552
-0.272494
-0.29005
-0.289083
-0.288854
-0.289131
-0.289038
-0.276725
-0.276522
-0.534587
-0.229575
-0.467167
-0.253188
-0.467129
-0.255774
-0.535897
-0.596202
-0.565018
-0.58192
-0.589772
-0.582356
-0.589646
-0.595947
-0.596203
-0.565019
-0.581921
-0.589773
-0.582358
-0.589647
-0.595948
0.581683
0.519215
0.505557
0.595024
0.50676
0.596249
0.580422
0.554532
0.447904
0.524204
0.487253
0.525801
0.488422
0.553213
0.581683
0.519215
0.505557
0.595024
0.506759
0.596249
0.580422
-0.479664
-0.532141
-0.49903
-0.503825
-0.498426
-0.503562
-0.480068
-0.451582
-0.443214
-0.471962
-0.425211
-0.471735
-0.425026
-0.451861
-0.479665
-0.532141
-0.499031
-0.503826
-0.498426
-0.503562
-0.480069
-0.451583
-0.443214
-0.471963
-0.425212
-0.471735
-0.425026
-0.451862
0.573418
0.472568
0.504602
0.550235
0.505721
0.551757
0.572139
0.593041
0.52267
0.598867
0.516257
0.600086
0.517425
0.591803
0.573418
0.472568
0.504603
0.550235
0.505721
0.551758
0.572139
-0.37454
-0.412059
-0.397898
-0.382812
-0.397799
-0.382712
-0.374575
-0.352978
-0.330966
-0.359558
-0.338205
-0.359507
-0.338404
-0.352917
-0.37454
-0.412059
-0.397899
-0.382812
-0.397799
-0.382712
-0.374576
-0.352978
-0.330967
-0.359559
-0.338206
-0.359507
-0.338404
-0.352919
-0.329654
-0.0918483
-0.110352
-0.280715
-0.112502
-0.280596
-0.330568
-0.329655
-0.0918493
-0.110354
-0.280716
-0.112503
-0.280596
-0.330569
-0.324922
-0.298965
-0.312453
-0.314116
-0.312526
-0.314653
-0.324907
-0.324923
-0.298968
-0.312454
-0.314116
-0.312528
-0.314655
-0.324907
0.0605538
0.0459165
0.185698
0.0412111
0.18487
0.124208
0.124844
0.0605528
0.0459163
0.185697
0.0412103
0.184869
0.124207
0.124843
-0.549231
-0.54723
-0.540214
-0.54765
-0.540206
-0.532578
-0.532508
-0.549232
-0.547231
-0.540215
-0.547651
-0.540207
-0.532579
-0.532509
0.157797
0.263237
0.147341
0.262499
0.143074
0.207866
0.208436
0.157796
0.263236
0.14734
0.262498
0.143073
0.207865
0.208436
-0.290053
-0.289084
-0.288855
-0.289134
-0.289041
-0.276729
-0.276523
0.0188994
0.131029
0.0353059
0.0831512
0.0188994
0.131029
0.0353057
-0.509754
-0.521694
-0.57533
-0.470904
-0.509754
-0.521695
-0.57533
0.250192
0.260139
0.288165
0.220101
0.250192
0.260139
0.288165
-0.599976
-0.640624
-0.656157
-0.628773
-0.599975
-0.640625
-0.656156
0.329554
0.258526
0.298559
0.293505
0.329554
0.258526
0.298559
-0.273304
-0.245746
-0.22878
-0.263831
-0.273304
-0.245747
-0.228781
0.132834
0.15737
0.117415
0.203544
0.132833
0.15737
0.117414
-0.25201
-0.245158
-0.207412
-0.26082
-0.252011
-0.245158
-0.207413
)
;

boundaryField
{
    inlet
    {
        type            zeroGradient;
    }
    outlet
    {
        type            fixedValue;
        value           uniform 0;
    }
    top
    {
        type            symmetryPlane;
    }
    bottom
    {
        type            symmetryPlane;
    }
    front
    {
        type            symmetryPlane;
    }
    back
    {
        type            symmetryPlane;
    }
    cylinder
    {
        type            zeroGradient;
    }
}


// ************************************************************************* //
