/*--------------------------------*- C++ -*----------------------------------*\
  =========                 |
  \\      /  F ield         | OpenFOAM: The Open Source CFD Toolbox
   \\    /   O peration     | Website:  https://openfoam.org
    \\  /    A nd           | Version:  11
     \\/     M anipulation  |
\*---------------------------------------------------------------------------*/
FoamFile
{
    format      ascii;
    class       volScalarField;
    location    "16.392315";
    object      p;
}
// * * * * * * * * * * * * * * * * * * * * * * * * * * * * * * * * * * * * * //

dimensions      [0 2 -2 0 0 0 0];

internalField   nonuniform List<scalar> 
7132
(
0.0794158
0.0780515
0.0733982
0.0667535
0.0576559
0.046113
0.0323521
0.0169244
0.000785882
-0.0143771
-0.0269675
-0.0347961
-0.0375105
-0.0351489
-0.0287309
-0.0200792
-0.0108311
-0.00227651
0.00498181
0.0111074
0.0167095
0.0222907
0.0279332
0.033423
0.0385041
0.0430392
0.0470509
0.0506039
0.0536807
0.0560079
0.0570688
0.0564844
0.0545456
0.0523038
0.0508517
0.0506213
0.0512898
0.0522705
0.0531323
0.0537475
0.0542413
0.0548223
0.0555726
0.0561527
0.0558079
0.0539348
0.0508422
0.0478175
0.0461455
0.0461824
0.047303
0.048599
0.0494741
0.0498006
0.0497924
0.0497871
0.0499747
0.0500706
0.0493549
0.0472467
0.0440624
0.0410877
0.039639
0.0400824
0.04171
0.0434471
0.0445712
0.0449303
0.0447773
0.0444981
0.0442973
0.0439418
0.042849
0.0406212
0.0376346
0.0350234
0.0339061
0.0345923
0.0364383
0.0384023
0.0397176
0.0401785
0.0400165
0.0396061
0.0391293
0.0383892
0.0369703
0.0347102
0.0320819
0.0300456
0.0294191
0.0303442
0.0322382
0.0342155
0.0355917
0.0361376
0.0360227
0.0355667
0.034933
0.0339895
0.0324798
0.0304038
0.0282498
0.0267913
0.0265919
0.0276585
0.0294665
0.0312953
0.0325872
0.0331304
0.0330336
0.0325467
0.031817
0.0307778
0.0292881
0.0274282
0.0256545
0.0246038
0.0246956
0.025879
0.0276792
0.0294778
0.0307924
0.031414
0.0313904
0.0308955
0.0300457
0.0288074
0.027097
0.0250215
0.0230185
0.0217089
0.0215439
0.0225437
0.0242952
0.0261869
0.0276832
0.0284775
0.0285004
0.0278307
0.0265547
0.0246625
0.0220674
0.0187634
0.0150186
0.0113824
0.00850799
0.00680181
0.00633416
0.00669496
0.00749885
0.00802163
0.00837162
0.00768755
0.00726402
0.00512046
0.00487578
0.00127107
0.00282998
-0.00257844
0.0799635
0.078603
0.0739643
0.0673227
0.058202
0.0465816
0.0326623
0.0169699
0.000466442
-0.0151089
-0.0280748
-0.0360426
-0.0387151
-0.0361085
-0.0293073
-0.0202666
-0.0107214
-0.00202164
0.00522183
0.0112314
0.0167087
0.022218
0.0278476
0.0333624
0.0384861
0.0430697
0.0471323
0.0507343
0.053856
0.0562128
0.0572595
0.0565895
0.0545027
0.0521124
0.0505744
0.0503375
0.0510482
0.0520845
0.0529981
0.0536572
0.0541883
0.0548
0.0555786
0.0561759
0.0558101
0.053852
0.0506242
0.0474758
0.0457528
0.0458234
0.0470272
0.0484111
0.0493563
0.0497309
0.0497518
0.0497595
0.0499527
0.0500356
0.0492723
0.0470706
0.0437638
0.0406863
0.0392033
0.0396929
0.0414199
0.0432658
0.0444779
0.0448939
0.0447691
0.0444974
0.0442886
0.0439005
0.0427377
0.0404044
0.0373052
0.0346173
0.0334884
0.0342282
0.0361711
0.0382434
0.0396516
0.0401752
0.0400438
0.0396381
0.0391441
0.0383574
0.0368559
0.0344886
0.0317616
0.0296729
0.0290568
0.0300454
0.0320315
0.0341042
0.0355612
0.0361636
0.0360767
0.0356219
0.0349632
0.0339642
0.0323695
0.0301957
0.0279618
0.0264704
0.0262943
0.0274278
0.0293221
0.0312339
0.0325921
0.03318
0.0331044
0.0326142
0.0318544
0.0307552
0.0291809
0.027231
0.0253898
0.0243171
0.0244386
0.0256909
0.0275764
0.0294547
0.030831
0.0314927
0.0314875
0.0309877
0.0301053
0.0288026
0.0270019
0.0248296
0.0227515
0.0214124
0.0212718
0.0223409
0.0241867
0.0261734
0.0277485
0.0285973
0.0286496
0.0279838
0.026683
0.024731
0.0220416
0.0186228
0.0147697
0.0110611
0.00817022
0.00650529
0.00612256
0.00658778
0.00749189
0.00808859
0.00848276
0.00779972
0.0073669
0.00516074
0.00491169
0.00119052
0.00281377
-0.0026972
0.081057
0.0797058
0.0750987
0.0684689
0.0593076
0.0475384
0.0333062
0.0170805
-0.000165673
-0.0165915
-0.0303348
-0.0385802
-0.0411582
-0.0380276
-0.0304117
-0.0205702
-0.0104225
-0.00144296
0.00574326
0.0114863
0.0166872
0.0220422
0.0276475
0.0332168
0.0384295
0.0431118
0.0472769
0.0509792
0.0541943
0.0566159
0.0576376
0.056792
0.0543969
0.051696
0.0499822
0.0497378
0.0505411
0.0516935
0.0527113
0.0534562
0.054059
0.0547308
0.0555673
0.0562009
0.0557926
0.0536585
0.0501483
0.046741
0.0449147
0.0450621
0.0464448
0.0480132
0.049101
0.0495698
0.0496454
0.0496763
0.0498829
0.0499412
0.0490804
0.0466826
0.0431195
0.0398295
0.0382784
0.0388683
0.0408049
0.0428775
0.0442696
0.0447978
0.0447253
0.0444661
0.0442426
0.0437928
0.0424922
0.0399475
0.0366212
0.0337789
0.0326276
0.0334775
0.0356178
0.0379085
0.0395018
0.040148
0.0400745
0.0396777
0.0391513
0.0382735
0.0366069
0.0340239
0.0310986
0.0289055
0.028313
0.0294336
0.0316081
0.0338727
0.0354899
0.036202
0.0361694
0.0357178
0.0350104
0.0338999
0.0321318
0.0297575
0.02736
0.0258022
0.0256759
0.0269495
0.029022
0.0311028
0.0325947
0.0332714
0.0332385
0.0327435
0.0319239
0.0307017
0.0289515
0.0268129
0.0248297
0.0237113
0.0238953
0.0252921
0.0273549
0.0293977
0.0309005
0.0316443
0.0316777
0.0311706
0.0302231
0.0287873
0.0267966
0.0244192
0.0221808
0.0207779
0.0206883
0.0219041
0.0239467
0.026131
0.0278685
0.0288298
0.0289429
0.0282873
0.0269374
0.024863
0.0219773
0.0183177
0.0142369
0.0103768
0.00745207
0.0058753
0.00567246
0.0063572
0.0074701
0.00821979
0.00870522
0.0080247
0.00757427
0.00524152
0.0049875
0.00102073
0.00281051
-0.00300408
0.0826929
0.0813582
0.0768066
0.0702061
0.0609988
0.0490213
0.0343289
0.0172933
-0.00110166
-0.0188737
-0.0338571
-0.0425332
-0.0449793
-0.0410457
-0.0321623
-0.0210579
-0.00995863
-0.000537777
0.00654979
0.0118597
0.0166197
0.0217372
0.0273125
0.032971
0.0383199
0.0431493
0.0474663
0.051319
0.0546775
0.0572023
0.0581858
0.0570572
0.0541628
0.0509638
0.0489816
0.0487481
0.0497192
0.0510646
0.0522451
0.0531171
0.0538228
0.0545804
0.0554995
0.056182
0.0556956
0.0532681
0.0492944
0.0454706
0.0434965
0.043797
0.0454913
0.0473656
0.0486787
0.0492869
0.0494367
0.0495109
0.0497083
0.0497233
0.0487109
0.0460091
0.0420457
0.0384214
0.0367645
0.037521
0.0398007
0.0422384
0.0439129
0.0446087
0.0446068
0.0443599
0.0441126
0.0435699
0.0420569
0.0391833
0.0355047
0.0324275
0.0312518
0.0322857
0.0347404
0.0373694
0.0392428
0.0400704
0.0400811
0.0396984
0.0391248
0.0381056
0.0361765
0.0332488
0.0300093
0.0276573
0.0271151
0.0284586
0.0309376
0.033502
0.0353619
0.0362369
0.0362858
0.0358421
0.0350612
0.0337731
0.031724
0.0290249
0.0263658
0.0247075
0.0246705
0.0261773
0.0285381
0.030886
0.0325838
0.0333957
0.033429
0.03293
0.0320177
0.0305969
0.0285584
0.0261109
0.023898
0.0227099
0.0230013
0.0246367
0.026986
0.0292904
0.030991
0.0318621
0.0319567
0.0314409
0.030391
0.0287395
0.0264377
0.0237244
0.0212257
0.0197223
0.0197203
0.0211779
0.023539
0.0260384
0.0280318
0.0291678
0.0293755
0.0287362
0.0273086
0.0250375
0.0218351
0.0177887
0.0133462
0.00925109
0.00628276
0.0048573
0.00494924
0.00598736
0.00743176
0.00842189
0.00904776
0.00837105
0.00788995
0.00536224
0.00509837
0.000742844
0.00284685
-0.00361273
0.0848648
0.0835566
0.0790943
0.0725551
0.0633155
0.0510907
0.0358047
0.0176738
-0.00231563
-0.0220182
-0.0387895
-0.0480352
-0.0502609
-0.0451293
-0.0343796
-0.0214729
-0.00906022
0.000909533
0.00775058
0.0123374
0.0164068
0.0211798
0.0267368
0.0325457
0.038098
0.0431332
0.0476557
0.0517118
0.0552681
0.0579428
0.058875
0.0573295
0.0536926
0.049761
0.0474115
0.047239
0.0484942
0.0501369
0.0515492
0.0525887
0.053421
0.0542819
0.0552948
0.0560288
0.0554166
0.05255
0.0478888
0.0434518
0.0412825
0.0418529
0.0440485
0.0463938
0.048034
0.0488239
0.0490473
0.0491259
0.0493126
0.0492665
0.0480552
0.0449493
0.0404452
0.0363609
0.0345549
0.0355451
0.0383159
0.041277
0.0433487
0.044267
0.044347
0.0441088
0.043834
0.0431688
0.041354
0.0380039
0.0338195
0.0304206
0.0292391
0.0305644
0.033477
0.0365797
0.0388328
0.0398995
0.0400217
0.0396643
0.0390317
0.0378112
0.0354966
0.0320632
0.028369
0.0257988
0.0253494
0.027036
0.0299639
0.0329556
0.0351489
0.0362428
0.036404
0.0359784
0.0350978
0.0335513
0.031087
0.0279105
0.0248732
0.0230781
0.0231825
0.0250376
0.0278203
0.0305514
0.0325384
0.0335378
0.0336662
0.0331675
0.0321249
0.0304126
0.0279473
0.025045
0.0224989
0.0212157
0.0216701
0.0236558
0.0264204
0.0290999
0.0310814
0.0321328
0.032317
0.0317931
0.0305968
0.0286296
0.0258708
0.0226671
0.0197928
0.0181496
0.0182795
0.0200887
0.0229081
0.0258565
0.0282113
0.0295934
0.029935
0.0293209
0.0277824
0.0252266
0.0215671
0.0169692
0.0120216
0.00761043
0.00460004
0.00340495
0.00392249
0.00546158
0.00737076
0.0086957
0.00951398
0.00884354
0.00831584
0.00552232
0.00523793
0.000334313
0.00295644
-0.00465314
0.0875626
0.0862949
0.0819682
0.075542
0.06631
0.0538284
0.0378373
0.0183149
-0.00377377
-0.0261373
-0.0453977
-0.0553891
-0.0573772
-0.0506399
-0.0373336
-0.0219822
-0.00778181
0.00292048
0.00936877
0.0128949
0.0159836
0.0203003
0.0258658
0.0318987
0.0377232
0.0430167
0.0477889
0.0520937
0.0559001
0.0587775
0.0596377
0.0574967
0.0527952
0.0478303
0.0450147
0.0450117
0.0467371
0.0488258
0.0505551
0.0517992
0.0527625
0.0537026
0.0547711
0.0555346
0.0547718
0.0513708
0.0458119
0.0405154
0.0380425
0.0390047
0.0419527
0.0449934
0.0470897
0.048097
0.0483669
0.048405
0.0485564
0.048437
0.04697
0.0433249
0.0381071
0.0334442
0.0314876
0.0328222
0.0362571
0.0399144
0.042504
0.0436975
0.0438678
0.0436426
0.0433447
0.0425189
0.040279
0.0362573
0.0313772
0.0275636
0.0264218
0.0281919
0.0317482
0.0354832
0.0382219
0.0395865
0.0398524
0.0395405
0.0388363
0.0373348
0.0344781
0.0303458
0.026039
0.0231907
0.0228922
0.0250685
0.0286199
0.0321875
0.034815
0.0361882
0.036498
0.0361056
0.0350933
0.0331863
0.0301438
0.0263146
0.0227732
0.0208086
0.0211197
0.0234567
0.026815
0.0300616
0.0324307
0.033676
0.0339331
0.0334399
0.0322197
0.0301019
0.0270469
0.023527
0.0205398
0.0191416
0.0198263
0.0222883
0.0256116
0.0287914
0.031145
0.0324356
0.0327407
0.0322074
0.0308093
0.0284064
0.0250246
0.0211644
0.0177991
0.0159838
0.0163
0.018581
0.0220082
0.0255483
0.028377
0.0300811
0.0305993
0.0300182
0.0283262
0.025381
0.0211075
0.0157885
0.0102031
0.00541674
0.00238916
0.00152048
0.00260323
0.00479306
0.00729871
0.00905044
0.0101093
0.00944554
0.00884687
0.00571311
0.00538182
-0.000236625
0.00314166
-0.00624423
0.0907704
0.089562
0.0854336
0.0791971
0.0700486
0.0573441
0.0405731
0.0193602
-0.00540053
-0.0313524
-0.0539767
-0.0648199
-0.0663991
-0.0574332
-0.0406452
-0.0220481
-0.00558811
0.0058932
0.0115694
0.0134359
0.0150887
0.0188152
0.0244773
0.030875
0.0370811
0.0426992
0.0477625
0.0523533
0.0564624
0.059596
0.0603396
0.0573468
0.0511238
0.0447216
0.0413731
0.0417652
0.0442631
0.0470133
0.0491668
0.0506425
0.0516971
0.0526031
0.0536099
0.0543532
0.0534545
0.0495257
0.0429584
0.0365729
0.0336304
0.0350496
0.0390162
0.0430246
0.0457349
0.0469882
0.0472549
0.0472064
0.0473213
0.0471256
0.0453086
0.0409128
0.0347458
0.0293825
0.0273307
0.0291969
0.0335177
0.0380623
0.0412913
0.0428107
0.0430865
0.0428937
0.042582
0.0415393
0.0387187
0.0338063
0.0280332
0.0237138
0.0226666
0.0250562
0.0294702
0.034015
0.0373509
0.0390745
0.0395239
0.0392854
0.0384917
0.03661
0.0330348
0.0280043
0.022934
0.0197567
0.0196716
0.0224891
0.0268475
0.0311484
0.0343161
0.0360329
0.0365331
0.0361907
0.0350058
0.0326198
0.0288235
0.0241659
0.0200041
0.0178471
0.0184346
0.0213889
0.0254792
0.0293773
0.0322256
0.0337795
0.0342021
0.0337174
0.0322611
0.0296093
0.0257934
0.021497
0.0179725
0.01645
0.0174361
0.0204994
0.0245228
0.028328
0.0311467
0.0327379
0.0331973
0.0326492
0.0309829
0.0280126
0.0238389
0.0191661
0.0152116
0.0132062
0.0137669
0.016635
0.0208109
0.0250777
0.0284891
0.0305916
0.0313305
0.0307887
0.0288921
0.0254422
0.0203984
0.0142089
0.00788991
0.00270786
-0.000285756
-0.000727505
0.00105195
0.00402409
0.00723785
0.00949307
0.0108298
0.0101692
0.00946604
0.00591445
0.00548671
-0.00100348
0.00336629
-0.00841174
0.0944651
0.0933404
0.0894915
0.083552
0.074608
0.0617726
0.0441993
0.0210016
-0.0071006
-0.0378883
-0.0650726
-0.0769541
-0.0781759
-0.0663155
-0.0448672
-0.0219972
-0.00253405
0.00992685
0.0144184
0.0138871
0.0135441
0.0165515
0.0224508
0.0293888
0.0360881
0.0420766
0.0474411
0.0523221
0.0567579
0.0601708
0.0606928
0.0564578
0.0480928
0.0397263
0.0358339
0.0370423
0.0408068
0.0445439
0.0472631
0.0489746
0.0500047
0.0506708
0.0514596
0.0521558
0.0511452
0.0466317
0.0389052
0.0312878
0.0278405
0.0298293
0.0350781
0.0403401
0.043835
0.0453598
0.045572
0.0454144
0.0455172
0.0452294
0.0429227
0.0375304
0.0301728
0.023991
0.021913
0.0245315
0.0299991
0.035637
0.0396236
0.0415184
0.0419261
0.0417981
0.0414772
0.0401441
0.0365811
0.0305811
0.0237547
0.0188593
0.0179541
0.0211188
0.026594
0.0321211
0.0361617
0.0383045
0.0389815
0.0388457
0.0379368
0.0355682
0.031107
0.0250092
0.0190609
0.0155241
0.01571
0.019299
0.0246252
0.0298011
0.0336068
0.0357291
0.0364614
0.0361821
0.0347758
0.0317901
0.0270791
0.0214484
0.0165828
0.0142274
0.0151567
0.0188445
0.0238011
0.0284697
0.0318846
0.0338057
0.0344287
0.033949
0.0321907
0.0288767
0.0241469
0.018947
0.0148209
0.0131805
0.0145348
0.0183048
0.0231461
0.0276817
0.0310461
0.0329932
0.0336362
0.0330608
0.0310534
0.0273887
0.0222784
0.0166763
0.0120728
0.00987991
0.010741
0.0142892
0.0193242
0.024424
0.028506
0.031072
0.0320705
0.0315685
0.0294095
0.0253429
0.0193996
0.0122435
0.00515926
-0.000386376
-0.00326995
-0.00318785
-0.000612874
0.00323292
0.00722636
0.0100311
0.0116619
0.0109912
0.0101379
0.00608687
0.00548344
-0.00199994
0.00354145
-0.0110643
0.0986139
0.0976037
0.0941359
0.0886376
0.0800764
0.067285
0.0489723
0.0235334
-0.00867198
-0.0459642
-0.0792314
-0.0920616
-0.0926749
-0.0768946
-0.0492429
-0.0208173
0.00224512
0.0155993
0.0180762
0.0139289
0.0107522
0.0129227
0.0193648
0.0271681
0.0345462
0.0409618
0.0466081
0.0517177
0.0563449
0.0599106
0.0601912
0.0545567
0.043483
0.032379
0.0276676
0.0302244
0.0360059
0.0412207
0.0446949
0.0466089
0.0474179
0.0476176
0.0481077
0.0487983
0.0476468
0.0423035
0.0331196
0.0241639
0.0203441
0.0231729
0.0300106
0.0368062
0.0412481
0.043071
0.0431998
0.042942
0.0430649
0.0426509
0.0397115
0.0331285
0.0244166
0.0173329
0.0152683
0.0188096
0.0256574
0.0325775
0.0374243
0.0397391
0.0403125
0.0402847
0.0399524
0.0382576
0.0338273
0.0266133
0.0186481
0.0131459
0.0124149
0.0164562
0.023136
0.0297748
0.0346032
0.0372145
0.0381587
0.0381487
0.0370959
0.0341501
0.0286828
0.0214169
0.0145384
0.0106413
0.0111424
0.0155862
0.0219842
0.0281306
0.0326432
0.0352185
0.0362166
0.036006
0.0343303
0.0306465
0.0249094
0.0182239
0.0126234
0.0100846
0.0114055
0.0159014
0.0218086
0.0273244
0.031366
0.0336979
0.034547
0.0340618
0.0319387
0.0278601
0.0221135
0.0159439
0.0111989
0.00946309
0.0112356
0.0157777
0.0215061
0.0268348
0.0307958
0.0331371
0.0339831
0.0333613
0.0309467
0.0264911
0.0203557
0.0137735
0.00851417
0.00615841
0.00736229
0.0116426
0.0175929
0.0235802
0.0283818
0.0314518
0.0327359
0.0322668
0.0297903
0.0250224
0.0181107
0.00997572
0.00217525
-0.00364853
-0.00633256
-0.00565374
-0.00223305
0.00251709
0.00730405
0.0106605
0.0125714
0.0118624
0.0107958
0.00616958
0.00528915
-0.00324007
0.0035491
-0.01396
0.103172
0.102313
0.0993493
0.0944753
0.0865427
0.0740743
0.0551999
0.027337
-0.00988179
-0.0560426
-0.0975466
-0.111506
-0.111772
-0.0908378
-0.054718
-0.0190245
0.0088562
0.0232378
0.0226428
0.0132092
0.00614652
0.00746863
0.0149583
0.0240587
0.0323073
0.0391603
0.044993
0.0500498
0.0543072
0.0575987
0.0577192
0.0513142
0.0379049
0.0233441
0.016821
0.0207838
0.0294125
0.036786
0.0412824
0.04334
0.0436984
0.0432685
0.0434789
0.0442171
0.0428225
0.036382
0.0254926
0.0151129
0.0110443
0.0150023
0.0237514
0.0323335
0.0378553
0.0400043
0.0400494
0.0397199
0.0398891
0.0393162
0.0356577
0.0278076
0.0177046
0.00970141
0.00765835
0.0121938
0.0205528
0.0288738
0.0346444
0.0374071
0.0381742
0.0382737
0.0379252
0.0358272
0.030481
0.0220326
0.0129391
0.00684979
0.0063111
0.0112584
0.0191914
0.0269918
0.0326404
0.0357419
0.0369764
0.0371038
0.0358864
0.0323173
0.0258056
0.0173672
0.00958454
0.0053599
0.00620162
0.0115206
0.0190122
0.0261503
0.0313873
0.0344322
0.035712
0.0355674
0.0335895
0.0291596
0.022366
0.0146315
0.00832852
0.00564229
0.00738109
0.012701
0.0195709
0.0259453
0.0306257
0.0333827
0.0344674
0.0339612
0.0314309
0.0265392
0.0197531
0.0126284
0.00730273
0.00550818
0.00772256
0.0130454
0.0196612
0.0257821
0.0303427
0.0330856
0.0341377
0.0334478
0.0305844
0.0253005
0.0181352
0.0106063
0.00474368
0.00226959
0.00383708
0.00884742
0.0156977
0.0225561
0.0280681
0.0316438
0.0332171
0.0327657
0.0299345
0.024435
0.0165757
0.00755062
-0.000833786
-0.00680571
-0.0092004
-0.00788868
-0.00363452
0.00197762
0.00750286
0.0113597
0.0134997
0.0127077
0.011349
0.0060899
0.00483159
-0.00469258
0.00328549
-0.0167359
0.108079
0.107415
0.105098
0.101077
0.0940997
0.0823804
0.0633074
0.033017
-0.0102166
-0.0685683
-0.121048
-0.135215
-0.134865
-0.107352
-0.0602979
-0.0152838
0.0182742
0.0334309
0.0281176
0.0109992
-0.00151434
-0.000982226
0.00845974
0.0196148
0.0290661
0.036392
0.0422085
0.0465352
0.0493912
0.0518048
0.051814
0.0454911
0.0306241
0.012675
0.00372826
0.00872472
0.0207446
0.0309795
0.0368237
0.0389777
0.0386958
0.0375696
0.0375686
0.0383901
0.0366599
0.0290189
0.0164024
0.00460037
0.000310544
0.00551558
0.0163776
0.026912
0.0335917
0.0360844
0.0360606
0.0356895
0.0359232
0.0351917
0.0308326
0.0217897
0.0103997
0.00154115
-0.000487634
0.00500545
0.0148613
0.0245854
0.0312732
0.0344756
0.035442
0.0356795
0.0353188
0.0328324
0.0266271
0.0170483
0.00694181
0.000339782
-5.67416e-07
0.00580502
0.0149274
0.0238327
0.0302583
0.0338251
0.0353435
0.035608
0.0342279
0.0300592
0.0225718
0.0130686
0.00449139
6.71208e-06
0.00119201
0.0073346
0.0158437
0.0239004
0.0298073
0.0332919
0.0348423
0.0347566
0.0324771
0.0273294
0.0195524
0.0108734
0.00396714
0.00118824
0.00334133
0.00943291
0.0171902
0.0243508
0.0296175
0.0327713
0.034079
0.0335387
0.0305994
0.0249257
0.0171769
0.00920176
0.00338889
0.00158118
0.0042287
0.0102744
0.0176952
0.0245275
0.0296272
0.0327371
0.0339779
0.0332045
0.0298965
0.0238296
0.0157296
0.00737629
0.00101935
-0.00151463
0.000410924
0.0060883
0.0137425
0.0213714
0.0275134
0.0315454
0.0333824
0.0329307
0.0297436
0.0235613
0.0148805
0.00515605
-0.00360896
-0.00957014
-0.0115984
-0.00966377
-0.00465755
0.00169589
0.00783049
0.0120797
0.0143593
0.0134254
0.0116956
0.00578897
0.0040885
-0.00625099
0.00271605
-0.0190066
0.113259
0.112836
0.111326
0.108421
0.102814
0.0924291
0.0737546
0.041317
-0.00920898
-0.0845164
-0.152025
-0.166684
-0.16642
-0.12958
-0.0670657
-0.00986459
0.0312088
0.0469254
0.0343084
0.00574641
-0.0141178
-0.0136665
-0.00067349
0.0135968
0.0246277
0.0324107
0.0377692
0.0403273
0.0408532
0.0422175
0.0424899
0.036374
0.0200129
-0.000880546
-0.0118444
-0.00575245
0.00998611
0.0236416
0.0311435
0.0333846
0.0323563
0.030542
0.0304138
0.031366
0.029318
0.0206056
0.00648816
-0.00659556
-0.0111354
-0.00477918
0.00816078
0.0206473
0.0284716
0.031293
0.0312046
0.0308073
0.0311248
0.030295
0.0253811
0.0153756
0.00293833
-0.00662893
-0.00864991
-0.00232874
0.00885826
0.019845
0.0273463
0.0309223
0.0320555
0.032423
0.0320747
0.0292899
0.0224003
0.0119217
0.00101819
-0.00597023
-0.00611551
0.00042882
0.0105628
0.0203987
0.0274646
0.0314082
0.0331656
0.0335577
0.032054
0.0273966
0.0191191
0.0087713
-0.000411427
-0.00505845
-0.00354935
0.00329416
0.0126439
0.0214423
0.0278794
0.0317145
0.0334924
0.0334613
0.0309304
0.025186
0.0166099
0.00718883
-0.000160815
-0.00296289
-0.000430252
0.0063106
0.0147883
0.0225704
0.0282947
0.0317648
0.0332591
0.0326839
0.0293917
0.0230619
0.0145324
0.00589764
-0.000259666
-0.00202773
0.00100779
0.00764935
0.0157058
0.0230813
0.0285869
0.0319791
0.0333696
0.0325157
0.0288293
0.02212
0.0132821
0.0043089
-0.00238546
-0.00491131
-0.00266067
0.00356058
0.0118405
0.0200518
0.0266649
0.0310456
0.03309
0.0326254
0.0291338
0.0224088
0.0131373
0.00299104
-0.00589965
-0.0116782
-0.0132853
-0.0107875
-0.00518008
0.00171731
0.00826191
0.0127429
0.0150412
0.0138989
0.0117472
0.00525335
0.0031156
-0.00773343
0.00190334
-0.0204642
0.118616
0.118484
0.117947
0.116464
0.11273
0.104517
0.0872121
0.0535473
-0.00552713
-0.105306
-0.192335
-0.203428
-0.204432
-0.156922
-0.0747404
-0.00180562
0.0481422
0.0634748
0.040084
-0.0047808
-0.0347313
-0.0331334
-0.0139002
0.00533156
0.0186455
0.0268975
0.0311447
0.0308804
0.0288529
0.0295365
0.0305473
0.0243742
0.00631977
-0.017054
-0.0295328
-0.0221251
-0.00255721
0.0148046
0.0241643
0.02651
0.0247103
0.0222494
0.0220811
0.0232648
0.0210838
0.0116565
-0.0035302
-0.0176134
-0.0224281
-0.0151786
-0.000452947
0.0137715
0.0226009
0.0256742
0.0254886
0.0250583
0.0254923
0.0247
0.0195048
0.00890704
-0.00422016
-0.0142756
-0.0162854
-0.00933584
0.00288286
0.0148473
0.0229463
0.0267542
0.0279737
0.0284462
0.0281659
0.0252548
0.0179703
0.00693732
-0.00445995
-0.0116642
-0.011625
-0.00452293
0.00634224
0.0168193
0.0242894
0.0284487
0.0303578
0.0308641
0.0293231
0.0243798
0.0156099
0.00473867
-0.00479304
-0.00948085
-0.00768873
-0.000330751
0.0095892
0.0188512
0.0255901
0.0296225
0.0315531
0.0315826
0.02891
0.0227861
0.0136998
0.00382447
-0.00375823
-0.00650418
-0.00365588
0.00354767
0.012492
0.0206396
0.0266139
0.0302656
0.0318881
0.0312996
0.0277782
0.0210151
0.0119836
0.00295347
-0.00336653
-0.00503767
-0.0016945
0.00535208
0.0137922
0.0214574
0.0271622
0.0307017
0.0321844
0.0312824
0.0273536
0.0202361
0.0109474
0.00162611
-0.00521217
-0.0076571
-0.00513985
0.00144832
0.0101011
0.0186229
0.0254718
0.0300366
0.0322048
0.0317307
0.0280473
0.0210097
0.0114663
0.00123874
-0.00749251
-0.0129178
-0.0140785
-0.0111276
-0.00513573
0.00203897
0.00873556
0.0132499
0.0154324
0.0140295
0.0114577
0.00453385
0.00204155
-0.00892106
0.000986658
-0.0209396
0.124033
0.124237
0.124838
0.125079
0.123812
0.118749
0.10425
0.0709497
0.00121806
-0.131791
-0.248146
-0.256313
-0.258378
-0.194183
-0.0839149
0.00914025
0.0706196
0.0833707
0.0421704
-0.0270366
-0.0694566
-0.0627229
-0.0323561
-0.00544409
0.0110117
0.0196255
0.0219879
0.0182059
0.0137969
0.0144303
0.0166314
0.0105159
-0.00874637
-0.033932
-0.0476795
-0.0392056
-0.016163
0.00477421
0.0159844
0.0184292
0.0158691
0.012802
0.0126856
0.0142837
0.0123257
0.00272508
-0.0129477
-0.0276332
-0.0327078
-0.0249153
-0.00890628
0.00662681
0.0161753
0.0193368
0.0189664
0.0184703
0.0190789
0.0185366
0.0134429
0.00273307
-0.0106375
-0.0209036
-0.0228854
-0.0155524
-0.00270371
0.00982787
0.0181979
0.0220145
0.0231891
0.0237294
0.0236081
0.0208194
0.0135257
0.00237384
-0.00914779
-0.0163649
-0.0161572
-0.00872465
0.0025099
0.0132403
0.0207858
0.0249282
0.0268618
0.0274712
0.0260281
0.0210856
0.0122142
0.0012192
-0.00835492
-0.0129452
-0.0109289
-0.00329423
0.00684883
0.0162087
0.0229407
0.0269577
0.0289392
0.0290517
0.0264069
0.0202064
0.0109842
0.00100792
-0.0065613
-0.00916602
-0.00609127
0.00133549
0.0104198
0.0185976
0.024544
0.028193
0.0298686
0.0293179
0.0257572
0.0188675
0.00969023
0.000583737
-0.00569022
-0.00720879
-0.00366567
0.00354258
0.0120454
0.0196734
0.0253064
0.0288155
0.0303229
0.0294374
0.025468
0.0182549
0.00887215
-0.000476536
-0.00724042
-0.00953039
-0.00682679
-9.264e-05
0.00861819
0.017109
0.0238931
0.0284293
0.0306197
0.0301616
0.0264582
0.0194122
0.00997771
4.51005e-05
-0.00823174
-0.013146
-0.0138686
-0.010624
-0.00452294
0.00260842
0.00916252
0.0134984
0.0154388
0.0137639
0.01084
0.00373247
0.00102514
-0.0096204
0.000127164
-0.020401
0.129376
0.129957
0.131829
0.134114
0.135931
0.135442
0.125821
0.0971713
0.014578
-0.174865
-0.317291
-0.312116
-0.326059
-0.244271
-0.0971729
0.0229176
0.0947441
0.104982
0.0507808
-0.0451807
-0.11079
-0.1043
-0.0585819
-0.019704
0.00150193
0.0104833
0.0102647
0.00268741
-0.00374079
-0.00241746
0.00154357
-0.00386875
-0.0233081
-0.0493682
-0.0642098
-0.0553237
-0.029746
-0.00586509
0.0069115
0.00936085
0.00602586
0.00236981
0.00241044
0.00469677
0.00345862
-0.0056515
-0.0211388
-0.0359541
-0.0412236
-0.0332681
-0.0166121
-0.0003739
0.0094649
0.0124531
0.0117486
0.0111384
0.0120036
0.0119884
0.0074558
-0.00281779
-0.015933
-0.0260974
-0.0280219
-0.0205718
-0.00755785
0.00503862
0.0132603
0.0167881
0.0177427
0.0183073
0.0184684
0.0161101
0.00925924
-0.00151937
-0.0127573
-0.0197662
-0.0194097
-0.0119026
-0.000714212
0.00981062
0.0170303
0.0208648
0.0226653
0.0233726
0.0222042
0.0176119
0.00909375
-0.0015759
-0.0108571
-0.015204
-0.0130359
-0.00539664
0.0045697
0.013599
0.0199542
0.0236975
0.0256107
0.0258468
0.0234475
0.0175363
0.00861006
-0.00107363
-0.00836269
-0.0107402
-0.00754727
-0.000174037
0.00867191
0.0164874
0.0220753
0.0255018
0.0271471
0.0267133
0.0233563
0.0167075
0.00779133
-0.00103961
-0.00704502
-0.00835924
-0.00474479
0.00234492
0.0105409
0.0177529
0.0229981
0.0262705
0.0277335
0.0269576
0.0231996
0.0162579
0.00718166
-0.00184561
-0.00830456
-0.0103674
-0.00757517
-0.000947318
0.00746375
0.0155334
0.0219069
0.0261697
0.0282723
0.0278795
0.0243742
0.0176727
0.00875916
-0.000493646
-0.00803091
-0.0123009
-0.0126279
-0.00929556
-0.00340523
0.00333403
0.00944639
0.0134069
0.0150076
0.0131032
0.00995534
0.00296414
0.000202717
-0.00971238
-0.000538348
-0.0189192
0.134492
0.135468
0.138709
0.143226
0.148804
0.153936
0.152411
0.131345
0.0351292
-0.207931
-0.438352
-0.400601
-0.421715
-0.313343
-0.114389
0.0333933
0.104561
0.119723
0.0504931
-0.0479228
-0.135131
-0.144278
-0.0890239
-0.0369738
-0.00980484
-0.000434287
-0.00375108
-0.0151916
-0.0232159
-0.0203284
-0.0137644
-0.0174328
-0.0358006
-0.0616484
-0.0773002
-0.0687874
-0.0420478
-0.0163161
-0.00255419
-0.000337378
-0.00453684
-0.00879599
-0.00847126
-0.00514275
-0.00507868
-0.0129892
-0.0276015
-0.0420486
-0.0474058
-0.0396467
-0.0230303
-0.00679799
0.00278995
0.00525374
0.00401166
0.00321963
0.00445649
0.00528705
0.00180927
-0.00746059
-0.0198121
-0.029554
-0.0313823
-0.0240797
-0.0113868
0.000724522
0.00831829
0.0112067
0.011736
0.0122808
0.0128706
0.0112833
0.005355
-0.00454121
-0.0150797
-0.0216574
-0.0211741
-0.0138574
-0.00315214
0.00667331
0.0131242
0.0163247
0.0178174
0.0186246
0.0179337
0.0140737
0.00638992
-0.00348964
-0.0121375
-0.0160977
-0.013858
-0.00650071
0.00286599
0.0111057
0.0166826
0.0198704
0.0215892
0.0220033
0.0200962
0.0148715
0.00669647
-0.00228867
-0.00902846
-0.011097
-0.00790561
-0.000880344
0.00732514
0.0143583
0.0192317
0.0221991
0.0237305
0.0235122
0.0206328
0.0146218
0.00639347
-0.00180118
-0.00731561
-0.00838022
-0.00483526
0.00183804
0.00933587
0.0157309
0.0202529
0.0230718
0.0244252
0.0238711
0.0206032
0.0143239
0.00597007
-0.00238084
-0.00830535
-0.0100741
-0.00730293
-0.00104956
0.00668444
0.0139226
0.0195213
0.0232536
0.0251588
0.0248978
0.0218344
0.0158487
0.00786828
-0.000338055
-0.00688012
-0.010408
-0.0104175
-0.00723852
-0.0018978
0.00410853
0.00950896
0.0129348
0.0141401
0.0120942
0.00888563
0.00231761
-0.000345415
-0.00916682
-0.000927741
-0.016636
0.139219
0.140594
0.145201
0.152117
0.161852
0.174541
0.185077
0.188792
0.0817001
-0.197094
-0.508929
-0.463323
-0.557395
-0.415932
-0.145557
0.0179631
0.0691723
0.056443
0.0188136
-0.0558483
-0.148369
-0.175291
-0.118792
-0.0555844
-0.0223658
-0.0127537
-0.0195057
-0.0348382
-0.0439508
-0.0384815
-0.0282335
-0.0289942
-0.0451018
-0.0696831
-0.0857315
-0.0782872
-0.0518955
-0.0256979
-0.011782
-0.0101955
-0.0154438
-0.0203459
-0.0195839
-0.0148096
-0.0128445
-0.0188823
-0.031985
-0.0455924
-0.0509041
-0.0436454
-0.027729
-0.0122421
-0.00350745
-0.00197943
-0.00399638
-0.00503069
-0.00330023
-0.00129642
-0.00323897
-0.0109703
-0.0220839
-0.0311013
-0.0327899
-0.0258777
-0.0139727
-0.00289571
0.00357308
0.00545061
0.00533959
0.00582378
0.00699628
0.00652012
0.00197874
-0.00655108
-0.0159989
-0.0219375
-0.02135
-0.0144779
-0.0046798
0.00395822
0.00919442
0.011429
0.0124388
0.013353
0.0133471
0.0105981
0.00421572
-0.0044293
-0.0121229
-0.0155652
-0.0133358
-0.00654049
0.00181356
0.00881252
0.0132131
0.0155648
0.0169666
0.0176203
0.0164555
0.0123095
0.00532768
-0.00257032
-0.00850767
-0.0101951
-0.00712741
-0.000740342
0.0064304
0.0122694
0.0160782
0.018355
0.0196951
0.0197968
0.0176715
0.01269
0.00556354
-0.00165011
-0.00646572
-0.00724444
-0.0039119
0.00205153
0.00846941
0.0136581
0.0171321
0.0192892
0.0204754
0.0202595
0.0177599
0.0125253
0.00529501
-0.00204155
-0.0072174
-0.00863512
-0.00599876
-0.000385711
0.0063023
0.0123111
0.0167828
0.0197362
0.0213405
0.0212838
0.0189064
0.0139949
0.00732972
0.000493101
-0.00484665
-0.00757901
-0.00738187
-0.00461032
-0.000140272
0.00483738
0.00930908
0.0120872
0.0128818
0.0108069
0.00770383
0.00183519
-0.000601465
-0.00803192
-0.00102311
-0.0137453
0.143394
0.145127
0.151017
0.160129
0.174347
0.194108
0.223624
0.219751
0.176629
-0.234768
-0.687227
-0.529278
-0.627218
-0.525108
-0.216546
-0.0688197
-0.0131144
-0.0334334
-0.0294988
-0.0715989
-0.150854
-0.190603
-0.142107
-0.0729728
-0.0351301
-0.0257844
-0.0362195
-0.0554705
-0.0650383
-0.0558404
-0.0407681
-0.037613
-0.0505507
-0.0729998
-0.0889523
-0.0830638
-0.0583984
-0.0331867
-0.0200941
-0.0196678
-0.0262285
-0.0318233
-0.0304479
-0.0238194
-0.019414
-0.0230207
-0.0341006
-0.0464714
-0.0515976
-0.045068
-0.0304222
-0.0163714
-0.00909049
-0.00892582
-0.0119613
-0.0132967
-0.0109424
-0.00746311
-0.00745165
-0.0131922
-0.022669
-0.0307037
-0.0322101
-0.0258929
-0.0151856
-0.00564352
-0.000767244
-0.000255526
-0.00120964
-0.000820415
0.0010789
0.0020187
-0.000729286
-0.00747475
-0.0154961
-0.0206182
-0.0199487
-0.0137459
-0.00523249
0.00177766
0.00539149
0.0063551
0.00672209
0.00775198
0.00861972
0.00731988
0.00265123
-0.00437029
-0.0108318
-0.0136467
-0.0115051
-0.00552347
0.0014486
0.0068029
0.00966942
0.0109334
0.0119085
0.0128589
0.0126622
0.00994564
0.00454931
-0.00191957
-0.00683541
-0.00808416
-0.00525518
0.000230959
0.00601394
0.010292
0.0127248
0.0141047
0.015186
0.0157037
0.0145826
0.0109817
0.0053258
-0.000603036
-0.00454086
-0.00500847
-0.00202219
0.00296608
0.00796448
0.0116043
0.013746
0.0150592
0.0160285
0.0162565
0.014774
0.0109253
0.00517515
-0.000849167
-0.00509174
-0.00611548
-0.00372322
0.00100638
0.00631803
0.0107461
0.013781
0.0157348
0.0169445
0.0171562
0.0156825
0.0121604
0.00713577
0.00192685
-0.00206708
-0.00399822
-0.00372582
-0.00159749
0.00173623
0.00546032
0.00884717
0.0109054
0.0112983
0.00930909
0.00645779
0.00151304
-0.00060044
-0.00641912
-0.000862313
-0.0104644
0.146865
0.148895
0.155802
0.166854
0.184644
0.212357
0.256383
0.288403
0.329484
-0.213687
-0.532204
-0.643157
-0.573853
-0.288744
-0.172177
-0.141512
-0.110279
-0.07056
-0.0812476
-0.141268
-0.186276
-0.152509
-0.0854056
-0.0462577
-0.0383265
-0.0528068
-0.0759606
-0.085207
-0.0711246
-0.0503161
-0.042649
-0.0519391
-0.071696
-0.0870877
-0.0829675
-0.0610703
-0.0381383
-0.0268499
-0.028174
-0.0363448
-0.0426701
-0.0404944
-0.0316535
-0.0244022
-0.0252012
-0.0339184
-0.0447674
-0.0495796
-0.0439241
-0.0309854
-0.0189459
-0.0136513
-0.0152417
-0.0195131
-0.0211926
-0.0180982
-0.0129018
-0.0106232
-0.0140456
-0.0215967
-0.028456
-0.0297435
-0.0241745
-0.0149878
-0.00738911
-0.00449722
-0.00565137
-0.00761763
-0.0073497
-0.0046073
-0.00201424
-0.00265898
-0.00730423
-0.0136456
-0.0178184
-0.0170872
-0.0117324
-0.00480466
0.000223545
0.00188477
0.00132979
0.000923608
0.00207447
0.0039633
0.00437656
0.00174245
-0.0033538
-0.0083702
-0.0104778
-0.00849109
-0.00352619
0.00176981
0.00515955
0.00620926
0.00618483
0.00664407
0.00793439
0.00888213
0.00787066
0.00436887
-0.000402441
-0.00412829
-0.00489977
-0.00240741
0.00196503
0.00608016
0.00850987
0.00932337
0.00964371
0.0104105
0.0114172
0.0114967
0.00955497
0.005663
0.00125886
-0.00166421
-0.0018079
0.000718945
0.00451843
0.00783124
0.00965855
0.0102501
0.0105773
0.0112888
0.0120405
0.0117697
0.00957696
0.00559128
0.00111508
-0.00205245
-0.00265603
-0.000603597
0.00304299
0.00671578
0.00928958
0.0106466
0.0114238
0.0121567
0.0126797
0.0122771
0.0103895
0.00725094
0.00384662
0.00127115
0.000104257
0.000321395
0.00162085
0.00363389
0.00595734
0.00815519
0.00944679
0.00945493
0.00765091
0.00516748
0.00131291
-0.000413657
-0.00447806
-0.000525773
-0.00699538
0.149511
0.151729
0.159308
0.171581
0.191821
0.224529
0.279506
0.342259
0.444893
-0.586604
-0.514178
-0.33621
-0.271545
-0.261914
-0.169805
-0.0962541
-0.0822846
-0.125222
-0.167839
-0.148816
-0.0903679
-0.0537943
-0.0488189
-0.0678445
-0.0947629
-0.102798
-0.0828952
-0.0559819
-0.0437936
-0.0494391
-0.0662868
-0.0807501
-0.0783656
-0.0598445
-0.040159
-0.031515
-0.0351413
-0.0451901
-0.0522471
-0.0490953
-0.0377938
-0.0274899
-0.0253339
-0.0315522
-0.0407277
-0.0451251
-0.0404059
-0.029451
-0.0198321
-0.0169298
-0.0205803
-0.0262475
-0.0282917
-0.024371
-0.0173085
-0.0125905
-0.0135237
-0.0189934
-0.0245646
-0.0256073
-0.0208811
-0.0134287
-0.00805536
-0.00742491
-0.0104567
-0.0135505
-0.0134221
-0.00976481
-0.00537544
-0.00373367
-0.00609246
-0.0106032
-0.0137487
-0.0129737
-0.00858684
-0.00344498
-0.000634769
-0.00114641
-0.00338544
-0.00465391
-0.00338464
-0.000386792
0.00190229
0.00150295
-0.00147885
-0.00491864
-0.00627529
-0.00449463
-0.000684139
0.00274288
0.00396215
0.00301413
0.00157104
0.00145137
0.00310196
0.00530054
0.00616788
0.00475946
0.0018586
-0.000572754
-0.000850191
0.00123335
0.00434872
0.00661513
0.00701578
0.0060574
0.005212
0.00562229
0.00715739
0.00855903
0.00845626
0.00652133
0.00379853
0.00197455
0.00215474
0.00414047
0.00660968
0.00806965
0.00792435
0.00683333
0.00608405
0.00650561
0.00782447
0.00888533
0.00852338
0.00649049
0.00371772
0.00171322
0.00153763
0.00317725
0.00560395
0.00746805
0.00801653
0.00754304
0.00702306
0.00721263
0.00805828
0.00882389
0.00872339
0.00761959
0.00610772
0.00495476
0.00448601
0.00454145
0.00489886
0.00549582
0.00634059
0.00728123
0.0077687
0.00740381
0.00586029
0.00383007
0.0011766
-0.000130415
-0.00236851
-0.000116849
-0.00349158
0.15125
0.153533
0.161334
0.173982
0.194824
0.228618
0.285268
0.361536
0.522509
-0.454577
-0.383127
-0.335834
-0.370946
-0.338593
-0.204682
-0.104805
-0.0730206
-0.101621
-0.138568
-0.131641
-0.0863975
-0.0559714
-0.0555517
-0.0796548
-0.109986
-0.115908
-0.0897629
-0.0571729
-0.0411004
-0.0435351
-0.057556
-0.0708157
-0.0699755
-0.0550229
-0.0391292
-0.0337073
-0.0400459
-0.0521429
-0.0598772
-0.0556125
-0.0417691
-0.0284529
-0.0234454
-0.0272363
-0.0347237
-0.0386422
-0.0348481
-0.0259877
-0.0190038
-0.0187288
-0.0246144
-0.0317538
-0.0341577
-0.0293697
-0.0204087
-0.013243
-0.0116883
-0.0150647
-0.0193219
-0.020108
-0.0162583
-0.0106329
-0.00761817
-0.00938313
-0.0143909
-0.0186628
-0.018684
-0.0140951
-0.00787816
-0.00391197
-0.00394375
-0.0065877
-0.00868884
-0.00788526
-0.00451971
-0.0012479
-0.000752548
-0.00352546
-0.00751503
-0.00968628
-0.00831199
-0.00418855
2.07601e-05
0.00191737
0.00111045
-0.000713671
-0.00131557
0.000227323
0.00282268
0.00430646
0.00328283
0.000275429
-0.00263545
-0.00336761
-0.00136377
0.00211004
0.00491104
0.00566654
0.00469844
0.00359328
0.0038034
0.00543825
0.00723629
0.00758983
0.00590461
0.00312625
0.0010743
0.00110108
0.00316377
0.00592106
0.00772119
0.00781876
0.00683738
0.00613723
0.00662883
0.00803174
0.0091158
0.00867103
0.00651128
0.00370212
0.00184352
0.00195313
0.00384022
0.00626602
0.00779811
0.00779371
0.00678598
0.0059716
0.00621346
0.00739781
0.00854473
0.00853943
0.00700881
0.00465289
0.00278004
0.00237722
0.00352359
0.00547262
0.00720425
0.00817597
0.00855449
0.00876923
0.00891986
0.00874867
0.00813091
0.00729838
0.00664076
0.00627833
0.00592244
0.0051822
0.00394598
0.00242707
0.00103823
0.000158394
-0.000235821
0.000258909
-4.26681e-05
0.15206
0.154277
0.161838
0.173979
0.193552
0.224366
0.273325
0.341192
0.462665
-0.316943
-0.331559
-0.284884
-0.337235
-0.436706
-0.367368
-0.209365
-0.0988118
-0.0573687
-0.0739928
-0.104002
-0.104988
-0.0740079
-0.0518145
-0.0570594
-0.0865152
-0.11961
-0.122676
-0.0906576
-0.0537357
-0.0349853
-0.0349317
-0.0464103
-0.0583223
-0.0587259
-0.04717
-0.0351793
-0.0332208
-0.0424547
-0.0566142
-0.0649052
-0.0594618
-0.0432081
-0.0271908
-0.0196773
-0.021298
-0.0272054
-0.0306237
-0.027682
-0.0208705
-0.0165331
-0.0189244
-0.0270626
-0.0356497
-0.0383817
-0.0327424
-0.0219819
-0.0125321
-0.00866237
-0.0100733
-0.0130757
-0.0136094
-0.0106118
-0.00678444
-0.00610428
-0.0102414
-0.0171973
-0.0226241
-0.0227981
-0.0173231
-0.00936702
-0.00318909
-0.00100162
-0.0018584
-0.00296001
-0.00214088
0.000218068
0.00165689
-0.000111905
-0.0050932
-0.0107938
-0.0138581
-0.0124033
-0.00721265
-0.0011627
0.00294621
0.00424084
0.0039758
0.00409167
0.00538603
0.0067869
0.00637828
0.00317972
-0.00182359
-0.00616594
-0.00751172
-0.00519168
-0.000503991
0.00416109
0.00701632
0.00792703
0.0081038
0.00877166
0.00995357
0.010463
0.00896253
0.00526386
0.000725824
-0.00250571
-0.00287318
-0.000324667
0.00373024
0.00737522
0.00945598
0.0101738
0.0105602
0.0113394
0.0121622
0.0118989
0.00961803
0.00552367
0.00105978
-0.00188088
-0.00209399
0.000319853
0.00405429
0.00742603
0.00940574
0.0101249
0.0104642
0.0110957
0.011818
0.0117091
0.00988872
0.00634621
0.00215966
-0.00105196
-0.00207108
-0.000679932
0.00238359
0.0058788
0.00885492
0.0110356
0.0125164
0.0132081
0.0127938
0.0112428
0.00903668
0.00689655
0.0052025
0.00395827
0.00282058
0.00190631
0.000931797
0.000832507
0.000371135
0.00180156
0.000509398
0.00331837
0.151964
0.153999
0.160934
0.171778
0.188795
0.213333
0.250365
0.295495
0.318196
-0.190866
-0.298379
-0.258679
-0.232726
-0.3293
-0.434277
-0.344803
-0.188516
-0.0837619
-0.039325
-0.045276
-0.0680406
-0.0730642
-0.0549408
-0.0413522
-0.0524888
-0.0870373
-0.121929
-0.121739
-0.0851479
-0.0460597
-0.0261932
-0.0244748
-0.0337674
-0.0442871
-0.0455896
-0.0370039
-0.0286449
-0.0300327
-0.0420661
-0.0581105
-0.0667728
-0.060188
-0.0418961
-0.0237513
-0.0142804
-0.014127
-0.0186556
-0.0215879
-0.0193864
-0.0144471
-0.0125775
-0.0174742
-0.0277138
-0.0376178
-0.0406223
-0.0342116
-0.0218857
-0.0104793
-0.0046205
-0.00431429
-0.0061954
-0.00649742
-0.00427831
-0.0021084
-0.00358743
-0.00991701
-0.0186661
-0.0251525
-0.0254768
-0.0192231
-0.00973225
-0.00159734
0.0025648
0.00330932
0.00310501
0.00392771
0.00535792
0.00511585
0.00127588
-0.00572365
-0.0129925
-0.0168895
-0.0153903
-0.00926298
-0.00156979
0.00453075
0.00772732
0.00887429
0.009632
0.010687
0.0109917
0.00886122
0.00368993
-0.00312633
-0.00878182
-0.010712
-0.00813887
-0.00237902
0.00396273
0.00872487
0.0113489
0.0126905
0.0137642
0.0145236
0.0138584
0.0106803
0.00516302
-0.00097169
-0.00529069
-0.0060463
-0.00309075
0.00211824
0.00743393
0.0113282
0.0136037
0.01498
0.0160127
0.0163016
0.0148178
0.0108836
0.00504851
-0.000913646
-0.0048516
-0.00538581
-0.00252457
0.00237889
0.00742368
0.0112263
0.0135366
0.0149323
0.0159106
0.0162
0.0149412
0.0114694
0.00609609
0.000229197
-0.00423845
-0.00587229
-0.00431534
-0.000281711
0.00480056
0.00960164
0.0134164
0.0160239
0.0171855
0.0165562
0.0141769
0.0107116
0.00715036
0.00411833
0.00193893
0.000359235
-0.000255897
-0.000681343
0.000499796
0.000440893
0.00365323
0.000563621
0.00659398
0.151043
0.152816
0.158803
0.167972
0.181351
0.199957
0.220256
0.240488
0.20691
-0.109772
-0.379878
-0.271193
-0.194723
-0.227856
-0.339979
-0.403147
-0.297374
-0.156565
-0.0661775
-0.0228586
-0.0190881
-0.0342764
-0.0399783
-0.0317048
-0.0256412
-0.0419165
-0.080602
-0.115994
-0.112613
-0.0736484
-0.0350692
-0.0157018
-0.0130571
-0.0204739
-0.0295954
-0.0314652
-0.0252918
-0.0200096
-0.0243002
-0.0387499
-0.0563045
-0.0651063
-0.0575442
-0.0378242
-0.0183449
-0.00760188
-0.00614698
-0.0095507
-0.0120423
-0.0104447
-0.0071036
-0.00736273
-0.0144217
-0.026452
-0.0374415
-0.0406448
-0.0336088
-0.0200764
-0.00718036
0.000222086
0.00190779
0.000957934
0.000851594
0.0024029
0.00314797
-0.000183565
-0.00838577
-0.0186571
-0.0260419
-0.0265097
-0.019642
-0.00892301
0.000793787
0.00657389
0.00864776
0.00919102
0.0100046
0.0106357
0.00896275
0.00336839
-0.00533819
-0.0139406
-0.0185646
-0.0170665
-0.0101954
-0.00115749
0.0065975
0.0113896
0.0137248
0.0150149
0.0158554
0.015228
0.0116485
0.00482253
-0.00351995
-0.0102983
-0.0127556
-0.0100136
-0.00339081
0.00434003
0.010706
0.0147817
0.017108
0.0185158
0.0189122
0.0172593
0.01268
0.0056438
-0.00183595
-0.00709278
-0.00821396
-0.00495943
0.00118898
0.00790223
0.0133358
0.0169408
0.0191579
0.0204008
0.020239
0.0177374
0.0124296
0.00514443
-0.00207964
-0.00687946
-0.00772031
-0.00452059
0.0013433
0.0077984
0.0131603
0.0168398
0.0191403
0.0204094
0.0203273
0.0180952
0.0132296
0.0063038
-0.00100759
-0.00658602
-0.00880464
-0.00717476
-0.00237387
0.00402799
0.0103787
0.0155876
0.0191503
0.0207157
0.0199326
0.0168796
0.0123219
0.00744808
0.00310708
-4.43436e-05
-0.00212887
-0.00251086
-0.002422
-8.47932e-06
0.000315678
0.00524877
0.000374857
0.00979595
0.149406
0.150855
0.155741
0.162901
0.172679
0.18448
0.193342
0.189957
0.123729
-0.0706737
-0.246915
-0.216817
-0.198943
-0.216395
-0.292994
-0.317258
-0.227363
-0.120319
-0.0491438
-0.00932513
0.0026716
-0.00433368
-0.00840351
-0.00654427
-0.00643577
-0.0264449
-0.0676639
-0.102059
-0.096039
-0.0575143
-0.0221057
-0.00457829
-0.00152821
-0.00726088
-0.014984
-0.0171198
-0.0127725
-0.00985154
-0.0163512
-0.0325828
-0.0511029
-0.0597985
-0.05156
-0.0312217
-0.0113409
-6.32207e-05
0.00221359
-0.000328503
-0.00243968
-0.00130792
0.000766514
-0.00116627
-0.00989811
-0.0232747
-0.0350357
-0.0383545
-0.0309008
-0.0166242
-0.00280575
0.00562163
0.0083004
0.00805922
0.00810031
0.00911556
0.00873236
0.00395481
-0.00568856
-0.0171173
-0.0251856
-0.0257878
-0.0185176
-0.0069569
0.00387874
0.0108433
0.0139172
0.0150255
0.0158147
0.0158112
0.0130287
0.00609092
-0.00391707
-0.0135454
-0.0187542
-0.0173088
-0.00993368
7.46606e-05
0.00906137
0.0150658
0.0183101
0.0199981
0.0206578
0.0193083
0.0146284
0.00655325
-0.0029487
-0.0106026
-0.013506
-0.0106934
-0.0034664
0.00529199
0.0128773
0.0180715
0.0211551
0.0228087
0.022921
0.020519
0.014889
0.00671241
-0.00179266
-0.00779213
-0.00924122
-0.00581485
0.00100745
0.00877222
0.0153925
0.0200326
0.022901
0.0243017
0.0237979
0.0205355
0.0142051
0.0058334
-0.002355
-0.00784091
-0.00896169
-0.00555162
0.00101489
0.00854628
0.0151257
0.0198848
0.0228965
0.0243893
0.0240199
0.0210432
0.0151114
0.00698553
-0.00146773
-0.00796048
-0.0107077
-0.00910054
-0.00377112
0.00361831
0.0111691
0.0174726
0.0217889
0.0236894
0.022832
0.0192946
0.0138601
0.00783856
0.00227045
-0.00186032
-0.00451698
-0.00477615
-0.00426097
-0.000718174
-3.99966e-05
0.00650711
-7.55881e-05
0.0129166
0.147186
0.148294
0.152001
0.157184
0.16353
0.169937
0.17073
0.157779
0.0994222
-0.0548348
-0.166021
-0.160022
-0.162156
-0.181862
-0.22708
-0.2368
-0.172531
-0.0936995
-0.0362165
0.000493241
0.0185786
0.0203786
0.0194312
0.0186536
0.0140234
-0.00845781
-0.0502333
-0.0819007
-0.0740643
-0.0388292
-0.00865488
0.00620653
0.00939577
0.00527614
-0.00102603
-0.00316303
-0.000109406
0.00119889
-0.00667259
-0.0238743
-0.042704
-0.0510752
-0.0425851
-0.0225585
-0.00324115
0.00787192
0.010547
0.00863433
0.00683951
0.00763204
0.00878772
0.00569974
-0.0041199
-0.0183055
-0.0304686
-0.0338203
-0.0262072
-0.0117173
0.00240595
0.0113193
0.0145996
0.0148381
0.0149706
0.0155861
0.0144025
0.00864504
-0.00193503
-0.0140928
-0.0225933
-0.0233202
-0.0158914
-0.00392506
0.00751857
0.0151991
0.0189206
0.0203963
0.0211419
0.0206831
0.0171505
0.009337
-0.00150626
-0.011804
-0.0174292
-0.0160906
-0.0084799
0.00207976
0.0118278
0.018621
0.022467
0.0244036
0.0249179
0.0230785
0.017688
0.00882156
-0.00142243
-0.00966646
-0.0129175
-0.0101386
-0.00259371
0.00678846
0.0151624
0.0211027
0.0246891
0.0264896
0.0264027
0.0235155
0.0172263
0.00833516
-0.000832131
-0.00734788
-0.00907459
-0.00561179
0.00159124
0.0100202
0.0174292
0.0227712
0.0260763
0.0275742
0.0268469
0.0231085
0.0161468
0.00709581
-0.00172013
-0.00768867
-0.0090519
-0.00556792
0.00141657
0.00964895
0.0170571
0.022565
0.0260669
0.027707
0.0271447
0.0236809
0.0170516
0.00812432
-0.00112378
-0.0082976
-0.0114932
-0.00999916
-0.00439384
0.00361754
0.0119732
0.0190307
0.0238729
0.0260287
0.0251772
0.0213637
0.0153114
0.00836896
0.00172318
-0.00334302
-0.00662108
-0.00689974
-0.00610498
-0.00161208
-0.000630236
0.0074051
-0.000762625
0.015887
0.144522
0.145287
0.14784
0.151112
0.154493
0.156268
0.151697
0.132409
0.0825259
-0.0262931
-0.11773
-0.131748
-0.140814
-0.154213
-0.180124
-0.181038
-0.132925
-0.0729902
-0.0257348
0.00743868
0.0284573
0.0381503
0.0417869
0.0417146
0.0333004
0.00867059
-0.0315405
-0.0586339
-0.0496961
-0.0199564
0.00396476
0.0159356
0.0191963
0.0166751
0.0118452
0.00994099
0.0121319
0.0124935
0.00410789
-0.0131756
-0.0316263
-0.0395214
-0.0312878
-0.0125081
0.00537236
0.0157397
0.0184898
0.0170347
0.0155029
0.0160603
0.0166226
0.0129046
0.00261879
-0.0117964
-0.0239703
-0.0272837
-0.0198033
-0.00565534
0.00816251
0.0170556
0.020582
0.02109
0.0212562
0.0215972
0.0199379
0.0136819
0.00269817
-0.00973144
-0.0183965
-0.0192396
-0.0119107
9.32254e-06
0.011546
0.0194828
0.0235112
0.0251615
0.0258394
0.0250987
0.021178
0.012971
0.00178098
-0.00880793
-0.0146678
-0.0134884
-0.00591865
0.00476208
0.014794
0.0219517
0.026093
0.028127
0.0285252
0.0264243
0.0207172
0.0115308
0.000980764
-0.0075504
-0.0110396
-0.00839674
-0.00082588
0.0087676
0.0174919
0.0238008
0.0276325
0.029477
0.0292681
0.0261565
0.0196045
0.0104376
0.000987745
-0.00580273
-0.00774718
-0.00438101
0.00290569
0.0116034
0.019394
0.0250967
0.0286176
0.030145
0.0293065
0.0253752
0.0181796
0.00886935
-0.000221731
-0.00645543
-0.00801496
-0.0045915
0.00252193
0.0110703
0.018906
0.02482
0.0285821
0.0302862
0.0296225
0.0259304
0.0189825
0.00966921
-6.38218e-06
-0.00760703
-0.0111539
-0.00985062
-0.00421562
0.00404951
0.0128023
0.0202563
0.0253804
0.0276945
0.0269133
0.0230322
0.0166516
0.00907443
0.00157307
-0.00431906
-0.00822774
-0.00867261
-0.00778809
-0.00261054
-0.00141618
0.00787668
-0.00160624
0.018515
0.141554
0.141998
0.143468
0.145046
0.145917
0.144246
0.136102
0.114528
0.0712859
-0.0114213
-0.0834888
-0.10225
-0.114892
-0.127135
-0.142838
-0.139924
-0.103647
-0.0573137
-0.0179347
0.0119324
0.0333957
0.0478411
0.0563344
0.0584315
0.0478209
0.0209176
-0.0154207
-0.0357521
-0.0260829
-0.00292553
0.0148738
0.0242333
0.0275757
0.0265946
0.023298
0.0218366
0.0234855
0.023396
0.0152478
-0.00126836
-0.0187055
-0.0260595
-0.0186016
-0.00186759
0.01391
0.0231234
0.0257436
0.0246469
0.023346
0.0237461
0.0239863
0.0201155
0.00995947
-0.00411797
-0.0159259
-0.0191509
-0.0121052
0.0011728
0.014141
0.022587
0.0260717
0.0266788
0.0268259
0.0269943
0.0251496
0.0188469
0.00797516
-0.00427787
-0.0128444
-0.0137976
-0.00682279
0.00461973
0.015774
0.0235562
0.0275937
0.0292484
0.0298317
0.0289582
0.024979
0.0168337
0.00576886
-0.00473954
-0.0106516
-0.00967827
-0.00241377
0.00798017
0.0178509
0.024985
0.0291443
0.0311359
0.0314365
0.0292744
0.0236125
0.0145523
0.00411795
-0.00440112
-0.00801562
-0.0056014
0.00171994
0.0111359
0.019801
0.0261297
0.0299692
0.0317581
0.0314875
0.0283821
0.0219333
0.0129078
0.00354462
-0.00327994
-0.00537632
-0.00222776
0.00486376
0.0134583
0.0212485
0.0269934
0.0305222
0.0320083
0.031151
0.0272793
0.0202192
0.0110517
0.00202999
-0.00425108
-0.00595466
-0.00271482
0.00425481
0.0127544
0.0206372
0.026633
0.0304362
0.0321194
0.0314293
0.0277439
0.0208342
0.0115376
0.00179891
-0.00596958
-0.00976122
-0.00870884
-0.00326734
0.00490728
0.0136683
0.0211721
0.0263345
0.0286949
0.0280202
0.0242576
0.0178467
0.00996487
0.00189443
-0.00464809
-0.00914246
-0.00987658
-0.00910225
-0.00357119
-0.0022963
0.00790842
-0.00246145
0.0204486
0.13841
0.138563
0.139061
0.139165
0.138
0.133728
0.123317
0.101154
0.0633349
-0.000140257
-0.0577591
-0.0805308
-0.0959174
-0.106913
-0.116027
-0.110446
-0.0817115
-0.0449675
-0.0119404
0.0147325
0.0352048
0.0509073
0.061833
0.0651214
0.0546716
0.028842
-0.000611162
-0.0135988
-0.00510813
0.0111702
0.023762
0.0310367
0.0344297
0.0348062
0.0330716
0.0322406
0.0335782
0.033318
0.0259377
0.0108827
-0.00504022
-0.0118579
-0.00560395
0.00855969
0.0218556
0.0296984
0.0320911
0.0313186
0.0302434
0.0305416
0.0306562
0.0270135
0.0174989
0.00426174
-0.00685284
-0.00996639
-0.00363765
0.00832504
0.0200181
0.027702
0.0309425
0.0315304
0.0316179
0.0316861
0.0298861
0.0239196
0.0136148
0.0019424
-0.00628771
-0.0073483
-0.000956736
0.00963301
0.0200074
0.0273048
0.0311193
0.0326453
0.0331074
0.0322138
0.0284447
0.020751
0.01023
0.000140087
-0.00565403
-0.00492434
0.00180266
0.0115551
0.0208861
0.0276747
0.0316265
0.0334598
0.0336688
0.0316003
0.0262815
0.0177325
0.00779081
-0.000441031
-0.00407138
-0.00196209
0.00487007
0.013772
0.0220283
0.0280844
0.0317345
0.0333812
0.0330853
0.0301658
0.0241244
0.0156037
0.00666017
2.57331e-05
-0.00215285
0.000675816
0.00733099
0.0155009
0.0229636
0.0284808
0.031841
0.0332181
0.0324045
0.0287916
0.0221778
0.0135071
0.00486872
-0.00125475
-0.00304658
-9.40656e-05
0.00649338
0.0146252
0.0222246
0.0280223
0.0316774
0.0332608
0.0325936
0.0291036
0.0225384
0.0136198
0.00415661
-0.00353073
-0.00745238
-0.00669361
-0.00163651
0.00614797
0.0145745
0.0218194
0.0267976
0.0290874
0.0285217
0.0250208
0.0188549
0.0110136
0.00270416
-0.00425946
-0.00924057
-0.0103494
-0.00985801
-0.00432355
-0.00311705
0.0075337
-0.00314729
0.0212594
0.135207
0.135106
0.134757
0.133634
0.130855
0.12474
0.112984
0.0913036
0.0580731
0.00790283
-0.0390282
-0.0619109
-0.0772758
-0.087084
-0.0928413
-0.0870372
-0.0645882
-0.0352841
-0.00749387
0.0161523
0.0351166
0.0501299
0.0611866
0.0649258
0.0566699
0.0366474
0.0152353
0.00636685
0.0114309
0.021877
0.030694
0.0364518
0.0397973
0.0412133
0.0409667
0.0409197
0.042129
0.0417771
0.0353806
0.0222018
0.00809817
0.00180915
0.00665495
0.0180938
0.0288339
0.0352647
0.037408
0.0369644
0.0361341
0.0363725
0.036477
0.0333122
0.0248162
0.0128111
0.00263935
-0.000366467
0.0050178
0.0153547
0.025505
0.032238
0.0351179
0.0356231
0.0356286
0.0356394
0.0340387
0.0286914
0.0193109
0.00854758
0.000848763
-0.000319275
0.005304
0.0147534
0.0240587
0.0306413
0.0340772
0.0353871
0.0357068
0.0348637
0.0314934
0.0245462
0.0149031
0.00551195
-1.79088e-05
0.00044296
0.00644922
0.0152841
0.0237892
0.0299968
0.0335812
0.0351735
0.0352875
0.0334121
0.0286488
0.0209061
0.0117618
0.00404949
0.000502299
0.00225243
0.00840811
0.0165341
0.0241152
0.0296815
0.0329986
0.0344372
0.0341303
0.0315136
0.0260991
0.0183652
0.0101147
0.00386334
0.00166632
0.00410429
0.0101357
0.017631
0.0245151
0.0296016
0.032662
0.0338746
0.0331342
0.029911
0.0239714
0.0160774
0.00808487
0.00229879
0.000476533
0.00306285
0.00907906
0.0165901
0.0236468
0.0290306
0.0323929
0.0338116
0.0331892
0.030023
0.0240336
0.0157876
0.00689174
-0.000489702
-0.00442961
-0.00398572
0.000539488
0.00769392
0.0155099
0.0222461
0.0268585
0.0289721
0.0284895
0.0253361
0.0196344
0.0121544
0.00394795
-0.00317323
-0.00849915
-0.0100202
-0.00993831
-0.00472269
-0.00371982
0.00683997
-0.00350945
0.0206781
0.132045
0.131729
0.130661
0.128536
0.124511
0.117111
0.104632
0.0839046
0.0544965
0.0138376
-0.0249125
-0.047262
-0.062683
-0.0720368
-0.0759284
-0.0700015
-0.0516313
-0.0276402
-0.00406118
0.0167784
0.0340591
0.04787
0.0580996
0.0622225
0.0571285
0.0432671
0.0279656
0.0207244
0.0229908
0.0296693
0.0360187
0.0406679
0.0438348
0.0458854
0.0468669
0.0476829
0.0489348
0.0484728
0.0429381
0.0316611
0.0194863
0.0138248
0.017392
0.0262913
0.0346472
0.0397587
0.0416664
0.0415569
0.0410037
0.0412224
0.0413616
0.0387773
0.0315062
0.0209789
0.0119007
0.00898213
0.0132887
0.0218658
0.0303797
0.0360926
0.0385675
0.0389735
0.0388967
0.0388692
0.0375443
0.0329808
0.024758
0.0151322
0.00810244
0.00682575
0.0115583
0.0196928
0.0277657
0.0335089
0.0364856
0.0375382
0.0377051
0.0369445
0.0340741
0.0280549
0.0195163
0.0110269
0.00587412
0.00605586
0.0112208
0.0189594
0.0264597
0.0319452
0.0350713
0.0363776
0.0363892
0.0347523
0.0306615
0.0239112
0.0157757
0.0087569
0.00537535
0.00673814
0.0120945
0.0192727
0.026008
0.0309504
0.0338501
0.0350409
0.0347206
0.0324601
0.0277955
0.0210305
0.0136678
0.00794854
0.00579188
0.00779981
0.0130846
0.0197397
0.025882
0.0304102
0.0330911
0.0341029
0.033437
0.0306636
0.0255295
0.0185982
0.011444
0.00613806
0.00433734
0.00651327
0.0118301
0.018547
0.0248857
0.0297135
0.0326905
0.0339003
0.0333221
0.0305443
0.0252728
0.017906
0.00980241
0.00291419
-0.000940115
-0.000810397
0.00308385
0.00943825
0.0164473
0.0224983
0.0266177
0.0284757
0.0280346
0.0252553
0.0201557
0.0132911
0.00550076
-0.00150588
-0.00700406
-0.0089246
-0.00932768
-0.00468984
-0.00399707
0.00596831
-0.00350733
0.0188161
0.12901
0.128517
0.126853
0.123932
0.118966
0.110712
0.0979308
0.078354
0.0521458
0.0183912
-0.0141675
-0.0351443
-0.0497536
-0.0581548
-0.0610658
-0.0558306
-0.0410673
-0.021435
-0.00140314
0.0169031
0.0324949
0.0451043
0.0544273
0.0587119
0.0558938
0.0464673
0.035689
0.0299977
0.0309048
0.0353289
0.0400491
0.0438684
0.0467729
0.0490705
0.0508437
0.052435
0.0538698
0.0533245
0.048335
0.0386543
0.0284208
0.0236382
0.0262737
0.0329763
0.0392677
0.0432385
0.0449276
0.0451221
0.0448693
0.0451144
0.0452876
0.0432511
0.0372253
0.0282507
0.02031
0.0174652
0.0206915
0.0275673
0.0345103
0.0392295
0.0413041
0.0416253
0.0414874
0.0414274
0.0403855
0.0366501
0.029681
0.0213062
0.0150179
0.0136342
0.0174309
0.0242028
0.0310084
0.0358834
0.0383828
0.0391766
0.0391949
0.0385196
0.0361693
0.0311421
0.0238148
0.0163408
0.0116374
0.0115461
0.01582
0.0223899
0.0288172
0.0335289
0.0361678
0.037179
0.0370842
0.0356869
0.0322949
0.0266079
0.0195877
0.0133666
0.0102114
0.0111863
0.0156913
0.0218459
0.0276624
0.0319272
0.0343802
0.0353114
0.034968
0.0330631
0.0291779
0.023456
0.0170847
0.0119927
0.00992603
0.011498
0.0159828
0.021721
0.0270474
0.030963
0.0332349
0.0340318
0.0334244
0.0310993
0.0268058
0.0209195
0.0147124
0.00998231
0.00824935
0.0100041
0.0145599
0.0203942
0.0259267
0.0301309
0.0326821
0.0336631
0.0331158
0.0307335
0.0262308
0.0198498
0.0126809
0.00642237
0.00274359
0.00257975
0.0057959
0.0112559
0.0173469
0.0226149
0.0261732
0.0277311
0.0272909
0.0248644
0.0204148
0.0143206
0.00718765
0.000542315
-0.00494259
-0.00720233
-0.00811449
-0.00422864
-0.0039217
0.00506918
-0.00322911
0.0161422
0.126174
0.125536
0.123389
0.119847
0.114187
0.105387
0.0925668
0.0741514
0.0505869
0.0218915
-0.00596286
-0.0255344
-0.039472
-0.0476939
-0.050073
-0.0453635
-0.0330374
-0.0165585
0.000671425
0.0168046
0.0308374
0.0423319
0.050876
0.0552018
0.0539608
0.047688
0.0401694
0.0359262
0.0363002
0.0394096
0.0430553
0.0462498
0.0488645
0.0511377
0.0532264
0.0552571
0.0568559
0.0563362
0.0517885
0.043501
0.0351893
0.0314206
0.0333217
0.0381748
0.0427966
0.0458461
0.0473205
0.0477375
0.0477726
0.048092
0.0482882
0.0466782
0.0417483
0.0342242
0.0273675
0.0246237
0.0269147
0.0323093
0.0378596
0.0416738
0.0433784
0.0436393
0.0434736
0.043387
0.042589
0.0396204
0.0338664
0.0267369
0.0211955
0.0197161
0.0226187
0.0281062
0.0337217
0.0377742
0.0398212
0.0403824
0.0402717
0.0396684
0.0377943
0.0337167
0.0275899
0.0211513
0.0169258
0.0165844
0.019991
0.0254236
0.03081
0.0347712
0.036942
0.0376774
0.0374804
0.0362951
0.0335541
0.0288961
0.0229918
0.0175979
0.0147042
0.0153174
0.018989
0.0241361
0.0290493
0.0326511
0.0346729
0.0353571
0.0349815
0.0333945
0.0302406
0.0255353
0.0201655
0.0157363
0.0137966
0.0149581
0.0186559
0.0234845
0.0280014
0.0313135
0.0331883
0.0337765
0.0332067
0.0312846
0.0277849
0.022926
0.0176862
0.0135738
0.0119455
0.0133
0.0170981
0.0220435
0.0267625
0.030341
0.0324712
0.0332262
0.0326932
0.0306718
0.026909
0.0215209
0.0153377
0.00978358
0.0063478
0.00592864
0.008472
0.0130192
0.018165
0.0226272
0.0256124
0.0268604
0.0263925
0.0242687
0.0204395
0.0151602
0.00882137
0.00272163
-0.00257796
-0.00508093
-0.00647125
-0.00341712
-0.00353925
0.00426035
-0.00280771
0.0132262
0.123592
0.122841
0.12031
0.116294
0.110133
0.101009
0.0883074
0.0709768
0.0495828
0.02465
0.000393806
-0.0177265
-0.0307929
-0.0383911
-0.0405787
-0.0365907
-0.026384
-0.0125219
0.00235589
0.016614
0.0292603
0.0397668
0.0476766
0.0520257
0.051935
0.0479221
0.042784
0.0397711
0.0400044
0.0423411
0.045268
0.0479877
0.0503234
0.0524415
0.0545092
0.0566
0.0581984
0.057791
0.0539109
0.0471033
0.040513
0.037488
0.0386502
0.0420333
0.0454092
0.0477562
0.04901
0.0495328
0.0497915
0.0502152
0.0504407
0.0491244
0.0450372
0.03872
0.032834
0.0302744
0.031879
0.0360849
0.0404686
0.0434991
0.0448727
0.0450896
0.0449284
0.0448295
0.0442182
0.0418842
0.037194
0.0311947
0.0263463
0.0248006
0.0269336
0.0313166
0.0358977
0.0392193
0.0408619
0.0412298
0.041021
0.0404736
0.0389938
0.0357436
0.0307056
0.025236
0.0214748
0.0209219
0.0235511
0.0279664
0.0324217
0.0357079
0.0374595
0.0379564
0.0376715
0.0366589
0.0344732
0.0307275
0.0258478
0.0212403
0.0186162
0.0189156
0.0218326
0.0260654
0.0301602
0.0331629
0.0347991
0.035266
0.0348556
0.0335312
0.0310083
0.027213
0.0227716
0.018982
0.0171893
0.0179912
0.0209724
0.0249682
0.0287453
0.0315099
0.0330288
0.0334304
0.0328809
0.0312937
0.0284844
0.0245538
0.0202204
0.0167118
0.0152112
0.016212
0.0193119
0.0234317
0.0273957
0.0303975
0.0321449
0.0326954
0.0321637
0.0304456
0.0273364
0.0228642
0.0176295
0.0127876
0.00963274
0.0090076
0.0109298
0.0146145
0.018862
0.0225602
0.0250065
0.0259637
0.0254551
0.0235749
0.0202856
0.0157709
0.0102497
0.00478964
-0.000196222
-0.00283232
-0.00462491
-0.00238515
-0.00294658
0.00360683
-0.00236412
0.010518
0.12131
0.120471
0.117642
0.113272
0.106758
0.0974576
0.0849544
0.0685791
0.0489364
0.0268022
0.00526794
-0.011589
-0.0239532
-0.0313184
-0.0334455
-0.0300427
-0.0213489
-0.00940245
0.00365885
0.0163959
0.0278758
0.0375468
0.0449449
0.0493195
0.0500803
0.0477014
0.0442889
0.0422489
0.042527
0.044427
0.0468788
0.0492388
0.0513226
0.0532475
0.0551553
0.0570996
0.0585822
0.0583348
0.0552391
0.0498102
0.0445245
0.0418991
0.0424434
0.0447945
0.0473076
0.0491352
0.0501681
0.0506854
0.0510626
0.0515742
0.0518461
0.0507419
0.0472589
0.0418756
0.0368339
0.0345466
0.0356997
0.0389827
0.0424264
0.0448093
0.0458928
0.0460646
0.0459253
0.0458342
0.0453609
0.0435053
0.0396592
0.0345947
0.0303445
0.0287834
0.030329
0.0338404
0.0375767
0.040279
0.041573
0.0417868
0.0415138
0.0410115
0.0398335
0.037245
0.0331142
0.0284792
0.0251337
0.024421
0.0264127
0.0299902
0.0336708
0.0363852
0.0377799
0.0380826
0.0377314
0.0368531
0.0351068
0.0321076
0.0280957
0.0241768
0.0218058
0.0218538
0.0241389
0.0276033
0.031009
0.033505
0.0348161
0.035104
0.0346637
0.0335443
0.0315282
0.0284869
0.0248396
0.0216175
0.0199736
0.0204828
0.0228581
0.0261461
0.0292946
0.0315952
0.0328152
0.0330615
0.0325221
0.0311968
0.0289469
0.0257933
0.0222434
0.0192772
0.01791
0.0186203
0.0211224
0.0245301
0.0278428
0.0303497
0.031772
0.0321502
0.031613
0.030134
0.0275619
0.023871
0.0194762
0.0152926
0.0124241
0.0116467
0.0130335
0.0159605
0.0194144
0.0224382
0.024412
0.0251158
0.0245658
0.0228733
0.0200216
0.0161597
0.0113852
0.00656424
0.00195578
-0.000715146
-0.00280964
-0.00130079
-0.00226319
0.00312557
-0.00198556
0.00828841
0.119363
0.118458
0.115403
0.110775
0.10402
0.0946383
0.0823605
0.0667903
0.0485353
0.0284831
0.00900559
-0.00675455
-0.0184509
-0.0254765
-0.0275905
-0.0247128
-0.0172521
-0.0068507
0.00473215
0.0162174
0.0267301
0.0357148
0.0427095
0.0471053
0.0484869
0.0472798
0.0451168
0.0438358
0.0442366
0.0458953
0.0480332
0.0501241
0.0519937
0.0537312
0.0554581
0.0572188
0.0585582
0.058436
0.0559647
0.0515706
0.0472174
0.0448803
0.0450472
0.0467369
0.048669
0.0501152
0.0509443
0.0513872
0.0517787
0.0523197
0.0526321
0.0517103
0.0487037
0.0440659
0.0397349
0.0377196
0.0385495
0.0411211
0.0438405
0.0457158
0.0465522
0.0466658
0.0465445
0.0464769
0.0461134
0.0446018
0.041374
0.037021
0.0332589
0.0317395
0.0328865
0.0357508
0.038826
0.0410227
0.0420244
0.042116
0.0418069
0.0413459
0.0403891
0.0382934
0.0348603
0.0308872
0.0278873
0.0270721
0.028588
0.0315269
0.0346015
0.0368539
0.0379555
0.0381063
0.0377121
0.0369375
0.0355193
0.0330886
0.0297567
0.0263942
0.0242411
0.0241047
0.0259008
0.0287658
0.0316282
0.0337188
0.0347683
0.034917
0.0344565
0.0334923
0.0318597
0.0294
0.0263814
0.0236229
0.0221136
0.0224013
0.0243001
0.0270276
0.0296764
0.0316073
0.0325901
0.0327155
0.0321831
0.0310544
0.0292307
0.0266827
0.0237591
0.02124
0.0199955
0.0204828
0.0225083
0.0253438
0.0281319
0.0302407
0.0314033
0.0316457
0.0311024
0.0298037
0.0276466
0.0245758
0.0208681
0.0172418
0.0146337
0.0137499
0.0147085
0.0170157
0.0198161
0.0222842
0.0238697
0.0243669
0.0237822
0.0222309
0.0197153
0.0163701
0.0122147
0.00795732
0.00372257
0.00108271
-0.0012144
-0.000301591
-0.00160139
0.00279755
-0.00172201
0.00664512
0.117778
0.116824
0.113604
0.108792
0.101879
0.0924717
0.0804084
0.0654823
0.0482887
0.0297526
0.0117822
-0.00311488
-0.0142996
-0.0211222
-0.0232942
-0.0208423
-0.0142658
-0.0049718
0.00552192
0.0160584
0.025822
0.0342733
0.0409643
0.0453793
0.0472074
0.0468274
0.0455486
0.0448346
0.0453754
0.0469094
0.0488438
0.0507384
0.0524356
0.054012
0.0555857
0.057183
0.0583967
0.058342
0.0562903
0.0526112
0.0489177
0.0468301
0.046801
0.0480806
0.0496257
0.0507961
0.0514544
0.0518021
0.0521486
0.0526664
0.0529959
0.0522327
0.0496316
0.0455998
0.0418189
0.0399973
0.0405742
0.0426252
0.0448222
0.0463234
0.0469586
0.0470025
0.046881
0.0468369
0.0465643
0.0453022
0.0425133
0.0386782
0.0352983
0.0338542
0.0347467
0.0371445
0.0397202
0.0415217
0.0422875
0.0422803
0.0419514
0.0415296
0.0407337
0.0389872
0.0360545
0.0325677
0.0298363
0.0289708
0.030163
0.0326462
0.0352701
0.0371643
0.0380331
0.0380681
0.0376499
0.0369558
0.0357723
0.0337478
0.0309109
0.027964
0.0259842
0.0257257
0.027173
0.0296022
0.0320614
0.0338432
0.0346908
0.0347353
0.0342651
0.0334162
0.032059
0.0300188
0.0274616
0.0250522
0.0236532
0.0237862
0.0253373
0.0276511
0.0299272
0.0315793
0.0323829
0.0324195
0.0318946
0.0309088
0.0293922
0.0272843
0.024824
0.0226437
0.0215
0.0218282
0.0235008
0.0259084
0.0283016
0.0301091
0.0310754
0.0312166
0.0306693
0.0295016
0.0276472
0.0250356
0.0218472
0.0186532
0.0162579
0.0153062
0.0159468
0.0177835
0.0200841
0.0221246
0.0234107
0.0237489
0.0231372
0.0216892
0.0194197
0.0164573
0.0127734
0.00896305
0.00504836
0.00246886
5.04189e-05
0.000516475
-0.00104106
0.00259004
-0.0015806
0.00557173
0.116574
0.115587
0.112251
0.107316
0.100301
0.090898
0.0790139
0.0645697
0.0481461
0.0306716
0.0137644
-0.000478983
-0.0112568
-0.0178914
-0.0200932
-0.0179558
-0.0120289
-0.00355294
0.00612991
0.0159571
0.025161
0.033217
0.0396873
0.0441154
0.0462498
0.0464313
0.0457563
0.0454454
0.0461095
0.0475824
0.0493884
0.0511463
0.0527146
0.0541657
0.0556191
0.0570931
0.0582122
0.0581959
0.0564199
0.0532143
0.0499674
0.0480731
0.0479472
0.0489772
0.0502705
0.0512488
0.0517767
0.0520395
0.052331
0.0528104
0.0531422
0.0524985
0.0502017
0.0466085
0.043209
0.0415121
0.0419158
0.0436219
0.0454705
0.0467132
0.047196
0.0471723
0.0470354
0.0470048
0.0468022
0.045722
0.0432461
0.0397812
0.0366828
0.0353081
0.0360335
0.0381051
0.0403238
0.0418367
0.0424239
0.0423387
0.0419964
0.0416085
0.0409291
0.0394231
0.0368321
0.0336814
0.0311452
0.0302626
0.0312485
0.0334225
0.0357274
0.0373583
0.0380518
0.0380012
0.0375707
0.036938
0.0359169
0.0341677
0.0316678
0.0290084
0.0271553
0.0268233
0.0280398
0.0301727
0.0323503
0.0339099
0.0346093
0.0345798
0.0341072
0.0333418
0.032173
0.0304163
0.0281728
0.0260046
0.0246867
0.0247195
0.0260356
0.0280652
0.0300817
0.0315369
0.0322132
0.032189
0.0316731
0.0307879
0.0294801
0.0276697
0.0255244
0.0235774
0.0225064
0.0227288
0.0241599
0.0262714
0.0283887
0.0299842
0.0308122
0.0308836
0.030336
0.0292603
0.027614
0.0253178
0.022489
0.0195988
0.0173576
0.0163644
0.0167869
0.0182953
0.0202438
0.0219808
0.0230529
0.0232776
0.0226475
0.0212727
0.0191746
0.0164777
0.0131243
0.00963389
0.00595889
0.00343876
0.000953408
0.00111128
-0.000625174
0.00246945
-0.0015396
0.00496252
0.115765
0.114756
0.111348
0.106337
0.0992638
0.0898724
0.0781157
0.063991
0.0480675
0.0312654
0.0150326
0.00121684
-0.00929947
-0.0158291
-0.0180713
-0.0161482
-0.0106301
-0.0026641
0.00650772
0.0158811
0.0247223
0.0325214
0.0388507
0.0432886
0.0456153
0.0461455
0.0458461
0.0457937
0.0465481
0.0479944
0.0497248
0.0513956
0.0528779
0.0542437
0.0556152
0.0570064
0.0580629
0.0580678
0.0564595
0.0535442
0.0505753
0.048811
0.0486408
0.0495287
0.0506697
0.0515253
0.051965
0.052167
0.0524173
0.0528657
0.0531936
0.0526207
0.0505098
0.0471875
0.0440268
0.0424152
0.0427241
0.0442278
0.0458653
0.0469449
0.0473252
0.0472499
0.0470955
0.0470698
0.0469124
0.0459516
0.0436799
0.0404559
0.0375407
0.0362134
0.0368361
0.0387029
0.040694
0.0420191
0.0424862
0.0423458
0.0419931
0.0416284
0.0410258
0.0396731
0.0372984
0.0343616
0.0319536
0.0310683
0.0319326
0.033914
0.0360136
0.0374699
0.0380446
0.0379361
0.0374992
0.0369077
0.0359896
0.0344117
0.0321211
0.0296422
0.0278726
0.0275015
0.0285805
0.0305301
0.0325286
0.0339428
0.0345434
0.0344653
0.0339934
0.0332825
0.0322311
0.0306483
0.0285974
0.0265793
0.0253149
0.0252904
0.0264645
0.0283185
0.0301713
0.0314997
0.0320935
0.0320307
0.0315228
0.0307017
0.0295227
0.0278935
0.0259399
0.0241362
0.023112
0.0232724
0.0245571
0.0264856
0.0284299
0.0298904
0.0306296
0.0306567
0.0301103
0.029093
0.0275758
0.0254735
0.0228662
0.0201644
0.0180211
0.017006
0.0172967
0.0186027
0.020331
0.0218757
0.0228107
0.0229619
0.0223195
0.0209909
0.0190001
0.0164686
0.0133213
0.0100321
0.00651221
0.00403586
0.00151822
0.00148782
-0.000356984
0.00240504
-0.00154933
0.00467345
0.115357
0.114339
0.110895
0.105849
0.0987492
0.0893667
0.0776762
0.0637111
0.0480342
0.0315593
0.0156557
0.00205532
-0.00832541
-0.0147943
-0.0170508
-0.0152319
-0.00991775
-0.00220888
0.00670399
0.0158478
0.0245065
0.0321777
0.038438
0.0428812
0.0453014
0.0459993
0.0458802
0.0459534
0.0467536
0.0481892
0.0498839
0.0515115
0.0529501
0.0542723
0.0556028
0.0569537
0.057981
0.0579975
0.0564703
0.0536939
0.0508579
0.0491575
0.0489689
0.0497909
0.0508591
0.051654
0.0520486
0.0522183
0.0524475
0.0528807
0.0532071
0.0526681
0.050646
0.0474531
0.0444067
0.0428375
0.0431042
0.0445134
0.0460504
0.0470504
0.0473786
0.0472754
0.047111
0.0470884
0.0469552
0.0460542
0.0438825
0.0407757
0.0379502
0.0366466
0.0372201
0.0389878
0.0408677
0.0420998
0.0425059
0.042336
0.0419772
0.0416251
0.0410624
0.0397873
0.0375208
0.0346907
0.032347
0.0314615
0.0322668
0.0341536
0.0361508
0.0375188
0.0380325
0.0378937
0.0374537
0.0368837
0.0360175
0.0345244
0.0323369
0.0299471
0.0282192
0.0278302
0.0288433
0.0307037
0.0326139
0.033955
0.0345053
0.0344025
0.0339316
0.0332483
0.0322548
0.0307564
0.0287984
0.0268527
0.0256146
0.025563
0.0266694
0.0284385
0.0302116
0.0314777
0.0320306
0.0319492
0.0314463
0.0306575
0.0295409
0.027998
0.0261348
0.0243986
0.0233964
0.0235272
0.0247423
0.026583
0.0284439
0.0298389
0.030535
0.030541
0.0299965
0.0290086
0.0275542
0.0255444
0.0230418
0.0204287
0.0183312
0.0173057
0.0175341
0.0187437
0.0203664
0.0218181
0.0226865
0.0228021
0.0221544
0.0208492
0.0189113
0.0164598
0.0134116
0.0102187
0.00677296
0.00431822
0.00178592
0.00166708
-0.000230887
0.00237748
-0.00157288
0.00457134
-0.69658
-0.370316
-0.234768
-0.69658
-0.370318
-0.550678
-0.561094
-0.687227
-0.550679
-0.561095
0.0733459
0.421813
0.281795
0.329484
0.0733454
0.421814
0.281795
-0.213688
-0.545121
-0.545122
-0.557185
-0.52744
-0.548267
-0.532203
-0.557185
-0.527439
-0.548267
0.518345
0.444893
0.518345
-0.539282
-0.467792
-0.539282
-0.467793
0.474065
0.522509
0.474065
-0.435299
-0.353573
-0.4353
-0.353574
0.37259
0.384183
0.189096
0.462665
0.37259
0.384183
0.189096
-0.0511657
-0.0511668
-0.309391
-0.309392
-0.322854
-0.302942
-0.292196
-0.316943
-0.322854
-0.302942
-0.292196
-0.0835517
-0.427165
-0.190867
-0.0835524
-0.427165
-0.316883
-0.402568
-0.308724
-0.316884
-0.402567
-0.308725
-0.433121
-0.265176
-0.531032
-0.197094
-0.433121
-0.265176
-0.531033
-0.504045
-0.644224
-0.553085
-0.508929
-0.504046
-0.644223
-0.553087
0.0587306
0.254254
0.0584626
0.176629
0.0587306
0.254254
0.0584622
-0.669387
-0.688521
-0.648482
-0.721496
-0.6499
-0.721905
-0.668873
-0.56014
-0.534421
-0.554992
-0.529279
-0.56014
-0.534421
-0.554992
-0.205058
-0.524216
-0.533294
-0.517512
-0.540942
-0.517654
-0.540773
-0.524081
-0.491343
-0.51123
-0.510733
-0.491827
-0.384039
-0.412249
-0.4121
-0.384092
-0.322006
-0.318306
-0.337343
-0.308569
-0.337345
-0.307863
-0.322172
0.172457
0.248496
0.163921
0.318196
0.172457
0.248496
0.163921
-0.321405
-0.188496
-0.104342
-0.106543
-0.324617
-0.273522
-0.290691
-0.244641
-0.298379
-0.273522
-0.290692
-0.244642
-0.310752
-0.063351
-0.238262
-0.109772
-0.310752
-0.063351
-0.238262
-0.299875
-0.292414
-0.273268
-0.379878
-0.299876
-0.292414
-0.273269
-0.557604
-0.698892
-0.536302
-0.729788
-0.537615
-0.731276
-0.556941
-0.543228
-0.367638
-0.271563
-0.274168
-0.547343
-0.557606
-0.698893
-0.536305
-0.729788
-0.537618
-0.731277
-0.556943
-0.543229
-0.367639
-0.271565
-0.274169
-0.547344
-0.581928
-0.561278
-0.556033
-0.556461
-0.581977
-0.669387
-0.688522
-0.648483
-0.721496
-0.649901
-0.721906
-0.668873
-0.581928
-0.561278
-0.556034
-0.556461
-0.581978
0.313779
0.0721528
0.238089
0.0567945
0.237223
0.0548669
0.31572
0.367004
0.30332
0.162538
0.432701
0.129101
0.437345
0.369953
0.313778
0.0721524
0.238089
0.0567943
0.237223
0.0548669
0.315719
0.367003
0.30332
0.162538
0.432701
0.129101
0.437345
0.369952
-0.205059
-0.545383
-0.545383
-0.521739
-0.522905
-0.535069
-0.505279
-0.538784
-0.504862
-0.520884
-0.524215
-0.533294
-0.517512
-0.540941
-0.517653
-0.540773
-0.52408
-0.521738
-0.522904
-0.535068
-0.505278
-0.538783
-0.504861
-0.520883
0.544569
0.466105
0.4697
0.542221
0.591483
0.620659
0.621839
0.589902
0.544569
0.466105
0.4697
0.542221
0.591483
0.620659
0.621839
0.589901
-0.470103
-0.44265
-0.442419
-0.470452
-0.491343
-0.51123
-0.510733
-0.491827
-0.470103
-0.44265
-0.442419
-0.470452
0.614505
0.628475
0.629598
0.613123
0.581659
0.518746
0.521778
0.579697
0.614505
0.628475
0.629598
0.613124
0.581659
0.518746
0.521778
0.579697
-0.360246
-0.341634
-0.341628
-0.360216
-0.384039
-0.41225
-0.4121
-0.384093
-0.360246
-0.341635
-0.341627
-0.360217
0.433035
0.391123
0.491187
0.266672
0.495117
0.238472
0.43552
0.386605
0.187603
0.174308
0.320142
0.172773
0.319502
0.388111
0.433035
0.391123
0.491187
0.266672
0.495117
0.238472
0.43552
0.386605
0.187603
0.174308
0.320142
0.172773
0.319502
0.388111
-0.0439073
-0.0439081
-0.309234
-0.309235
-0.314159
-0.302667
-0.303951
-0.303648
-0.303877
-0.303756
-0.314174
-0.322005
-0.318305
-0.337344
-0.308569
-0.337345
-0.307863
-0.322173
-0.314159
-0.302667
-0.303952
-0.303649
-0.303876
-0.303755
-0.314175
-0.321013
-0.428842
-0.450527
-0.309308
-0.451765
-0.310329
-0.320227
-0.321405
-0.188496
-0.104344
-0.106543
-0.324618
-0.321015
-0.428841
-0.450527
-0.30931
-0.451765
-0.310331
-0.320229
-0.330243
-0.316782
-0.31569
-0.315697
-0.330487
-0.389496
-0.40344
-0.428106
-0.375982
-0.428395
-0.376831
-0.38932
-0.330243
-0.316782
-0.315691
-0.315697
-0.330487
-0.389497
-0.403439
-0.428106
-0.375983
-0.428395
-0.376832
-0.38932
-0.542708
-0.235937
-0.474379
-0.261363
-0.474356
-0.264028
-0.54399
0.336123
0.320224
0.385016
0.288403
0.336123
0.320224
0.385016
-0.680737
-0.629597
-0.700992
-0.643157
-0.680737
-0.629597
-0.700992
0.424113
0.357247
0.447415
0.342259
0.424113
0.357247
0.447415
0.553218
0.446258
0.522435
0.486262
0.524032
0.48744
0.5519
-0.632071
-0.528467
-0.585353
-0.586605
-0.632071
-0.528468
-0.585353
0.45315
0.355489
0.440813
0.361536
0.45315
0.355489
0.440813
0.594877
0.523653
0.599916
0.517896
0.601135
0.51906
0.593638
-0.488473
-0.387668
-0.39919
-0.454577
-0.488473
-0.387669
-0.39919
0.412639
0.317367
0.373209
0.341192
0.412639
0.317367
0.373209
-0.33468
-0.290943
-0.259898
-0.33156
-0.33468
-0.290943
-0.259899
-0.298195
-0.300863
-0.298786
-0.300629
-0.298778
-0.289675
-0.289559
-0.542709
-0.235937
-0.474379
-0.261364
-0.474356
-0.264028
-0.54399
-0.585968
-0.551195
-0.572084
-0.576445
-0.572804
-0.576545
-0.585707
-0.585968
-0.551195
-0.572085
-0.576445
-0.572805
-0.576545
-0.585707
0.581083
0.519503
0.50507
0.595231
0.50628
0.596455
0.579824
0.553218
0.446258
0.522435
0.486262
0.524032
0.48744
0.5519
0.581083
0.519503
0.50507
0.595231
0.50628
0.596455
0.579824
-0.491497
-0.538873
-0.505613
-0.518349
-0.505011
-0.518051
-0.491926
-0.468563
-0.467559
-0.491325
-0.444532
-0.491058
-0.444308
-0.468875
-0.491497
-0.538872
-0.505614
-0.51835
-0.505011
-0.518051
-0.491927
-0.468564
-0.467559
-0.491326
-0.444533
-0.491058
-0.444308
-0.468876
0.575961
0.475334
0.506812
0.553378
0.507923
0.554902
0.574683
0.594877
0.523653
0.599916
0.517896
0.601135
0.51906
0.593639
0.575961
0.475334
0.506813
0.553378
0.507923
0.554903
0.574683
-0.392047
-0.435133
-0.417238
-0.407837
-0.417098
-0.407726
-0.392118
-0.368647
-0.353613
-0.381091
-0.350849
-0.381039
-0.351057
-0.368623
-0.392047
-0.435133
-0.417239
-0.407838
-0.417098
-0.407726
-0.39212
-0.368647
-0.353613
-0.381093
-0.350851
-0.381039
-0.351057
-0.368624
-0.320705
-0.0844264
-0.101355
-0.272622
-0.103429
-0.272482
-0.321646
-0.320705
-0.0844268
-0.101356
-0.272622
-0.10343
-0.272483
-0.321646
-0.332745
-0.308938
-0.322114
-0.321865
-0.322139
-0.322325
-0.332771
-0.332745
-0.308939
-0.322115
-0.321865
-0.32214
-0.322326
-0.332772
0.0523351
0.039173
0.180522
0.0343403
0.179641
0.119355
0.120034
0.0523347
0.039173
0.180522
0.03434
0.179641
0.119355
0.120034
-0.53496
-0.532572
-0.521688
-0.533185
-0.521837
-0.512058
-0.511784
-0.53496
-0.532572
-0.521688
-0.533184
-0.521836
-0.512057
-0.511785
0.167117
0.269588
0.155421
0.268895
0.151284
0.213939
0.214475
0.167117
0.269588
0.155421
0.268895
0.151283
0.213939
0.214475
-0.298195
-0.300863
-0.298787
-0.300629
-0.298778
-0.289675
-0.289561
0.0171091
0.129327
0.0326397
0.0817001
0.0171091
0.129327
0.0326396
-0.502877
-0.507638
-0.559663
-0.463323
-0.502877
-0.507638
-0.559663
0.249603
0.259939
0.287408
0.219751
0.249603
0.259939
0.287408
-0.65054
-0.639291
-0.696331
-0.627219
-0.65054
-0.639291
-0.696331
0.332103
0.260621
0.301086
0.295495
0.332103
0.260621
0.301086
-0.244535
-0.236259
-0.192648
-0.25868
-0.244535
-0.236261
-0.192648
0.137228
0.160382
0.121112
0.20691
0.137228
0.160382
0.121112
-0.259617
-0.249171
-0.205399
-0.271194
-0.259618
-0.249172
-0.2054
)
;

boundaryField
{
    inlet
    {
        type            zeroGradient;
    }
    outlet
    {
        type            fixedValue;
        value           uniform 0;
    }
    top
    {
        type            symmetryPlane;
    }
    bottom
    {
        type            symmetryPlane;
    }
    front
    {
        type            symmetryPlane;
    }
    back
    {
        type            symmetryPlane;
    }
    cylinder
    {
        type            zeroGradient;
    }
}


// ************************************************************************* //
