/*--------------------------------*- C++ -*----------------------------------*\
  =========                 |
  \\      /  F ield         | OpenFOAM: The Open Source CFD Toolbox
   \\    /   O peration     | Website:  https://openfoam.org
    \\  /    A nd           | Version:  11
     \\/     M anipulation  |
\*---------------------------------------------------------------------------*/
FoamFile
{
    format      ascii;
    class       volScalarField;
    location    "6.987697";
    object      p;
}
// * * * * * * * * * * * * * * * * * * * * * * * * * * * * * * * * * * * * * //

dimensions      [0 2 -2 0 0 0 0];

internalField   nonuniform List<scalar> 
7132
(
0.0512304
0.0497836
0.0449016
0.0377516
0.0277272
0.0144964
-0.0020751
-0.0220628
-0.0450564
-0.0702408
-0.0963824
-0.121794
-0.145589
-0.166985
-0.185507
-0.201018
-0.213537
-0.223197
-0.230153
-0.234499
-0.236228
-0.235242
-0.231417
-0.22472
-0.215315
-0.203614
-0.190236
-0.175909
-0.161338
-0.147112
-0.13363
-0.121097
-0.109541
-0.0988778
-0.0889762
-0.0797249
-0.071066
-0.0629975
-0.0555541
-0.0487804
-0.0427092
-0.0373496
-0.0326855
-0.0286792
-0.0252781
-0.0224204
-0.02004
-0.0180689
-0.0164399
-0.0150878
-0.0139522
-0.0129792
-0.0121242
-0.0113523
-0.0106393
-0.00996992
-0.00933607
-0.00873491
-0.00816656
-0.00763254
-0.00713454
-0.00667374
-0.00625039
-0.00586374
-0.00551201
-0.00519262
-0.00490236
-0.00463764
-0.00439475
-0.0041701
-0.00396044
-0.00376297
-0.00357547
-0.00339626
-0.00322422
-0.00305866
-0.00289926
-0.00274592
-0.00259869
-0.00245767
-0.00232294
-0.00219453
-0.0020724
-0.00195643
-0.00184641
-0.00174206
-0.00164308
-0.00154913
-0.00145985
-0.00137492
-0.00129403
-0.00121689
-0.00114326
-0.00107293
-0.00100573
-0.000941505
-0.000880143
-0.000821541
-0.000765614
-0.00071229
-0.000661503
-0.000613193
-0.000567304
-0.000523782
-0.000482575
-0.000443634
-0.00040691
-0.000372359
-0.000339937
-0.000309601
-0.00028131
-0.00025502
-0.000230678
-0.000208216
-0.000187537
-0.000168505
-0.00015093
-0.000134573
-0.000119158
-0.000104417
-9.01505e-05
-7.62992e-05
-6.29905e-05
-5.05323e-05
-3.93345e-05
-2.97749e-05
-2.20638e-05
-1.61701e-05
-1.18467e-05
-8.73626e-06
-6.4961e-06
-4.87646e-06
-3.72511e-06
-2.94272e-06
-2.43469e-06
-2.09523e-06
-1.82452e-06
-1.55516e-06
-1.265e-06
-9.67889e-07
-6.92612e-07
-4.6322e-07
-2.90008e-07
-1.7003e-07
-9.3063e-08
-4.69257e-08
-2.11545e-08
-7.60658e-09
-1.04703e-09
2.29711e-09
3.62823e-09
4.47628e-09
4.01347e-09
2.78342e-09
1.65507e-10
-6.14371e-09
-1.03459e-08
-2.68837e-08
-3.54237e-08
-4.25317e-08
0.0518074
0.0503729
0.045534
0.0384301
0.0284448
0.015219
-0.00140562
-0.0215416
-0.0447764
-0.0702879
-0.0967666
-0.122405
-0.146352
-0.167822
-0.18635
-0.201829
-0.214295
-0.223904
-0.230825
-0.235163
-0.236909
-0.235949
-0.232135
-0.225409
-0.215921
-0.204085
-0.190541
-0.176042
-0.161323
-0.146987
-0.133444
-0.120894
-0.109353
-0.0987202
-0.0888491
-0.079619
-0.0709684
-0.0628973
-0.0554446
-0.0486596
-0.0425786
-0.0372131
-0.032548
-0.0285456
-0.0251526
-0.0223066
-0.0199402
-0.0179844
-0.0163709
-0.0150336
-0.0139113
-0.0129496
-0.0121033
-0.0113379
-0.0106291
-0.00996204
-0.00932919
-0.00872811
-0.00815936
-0.00762476
-0.00712625
-0.00666515
-0.00624178
-0.00585539
-0.00550419
-0.00518552
-0.00489611
-0.00463229
-0.00439029
-0.00416646
-0.00395751
-0.00376062
-0.00357355
-0.00339465
-0.00322279
-0.00305733
-0.00289796
-0.00274461
-0.00259735
-0.00245629
-0.00232153
-0.00219312
-0.00207101
-0.00195507
-0.0018451
-0.00174083
-0.00164193
-0.00154806
-0.00145887
-0.00137401
-0.00129319
-0.00121611
-0.00114254
-0.00107225
-0.00100508
-0.000940889
-0.000879549
-0.000820966
-0.000765054
-0.000711743
-0.000660967
-0.000612668
-0.000566788
-0.000523275
-0.000482076
-0.000443141
-0.000406424
-0.000371878
-0.00033946
-0.000309128
-0.000280841
-0.000254555
-0.00023022
-0.00020777
-0.000187109
-0.000168101
-0.000150559
-0.00013424
-0.000118866
-0.000104165
-8.99317e-05
-7.61035e-05
-6.28068e-05
-5.03522e-05
-3.91549e-05
-2.95994e-05
-2.1901e-05
-1.60299e-05
-1.17358e-05
-8.65506e-06
-6.4387e-06
-4.83303e-06
-3.6856e-06
-2.90035e-06
-2.38738e-06
-2.04508e-06
-1.77601e-06
-1.51314e-06
-1.23315e-06
-9.4794e-07
-6.84174e-07
-4.64177e-07
-2.97207e-07
-1.80093e-07
-1.03112e-07
-5.50487e-08
-2.65277e-08
-1.03095e-08
-1.72853e-09
2.76813e-09
4.62887e-09
5.4883e-09
4.82455e-09
3.24618e-09
6.86062e-10
-6.15042e-09
-8.95889e-09
-2.82679e-08
-2.99803e-08
-5.23759e-08
0.052956
0.0515475
0.0467967
0.0397897
0.029888
0.0166786
-4.69884e-05
-0.0204799
-0.0442036
-0.0703879
-0.0975581
-0.123652
-0.147901
-0.169513
-0.18805
-0.203457
-0.215813
-0.225314
-0.232166
-0.236492
-0.238278
-0.237378
-0.233593
-0.226811
-0.217155
-0.205045
-0.19116
-0.176311
-0.161285
-0.146727
-0.133062
-0.12048
-0.108973
-0.0984036
-0.0885964
-0.0794098
-0.0707762
-0.0626993
-0.0552272
-0.0484186
-0.0423174
-0.0369397
-0.0322722
-0.0282774
-0.0249009
-0.0220782
-0.0197399
-0.0178149
-0.0162326
-0.0149251
-0.0138296
-0.0128905
-0.012062
-0.0113095
-0.010609
-0.00994665
-0.00931572
-0.00871475
-0.00814511
-0.00760929
-0.00710971
-0.00664797
-0.00622453
-0.00583866
-0.0054885
-0.00517129
-0.00488358
-0.00462157
-0.00438135
-0.00415917
-0.00395165
-0.00375592
-0.00356973
-0.00339144
-0.00321996
-0.00305469
-0.00289538
-0.00274199
-0.00259466
-0.00245353
-0.00231872
-0.0021903
-0.00206822
-0.00195237
-0.00184251
-0.00173838
-0.00163964
-0.00154593
-0.00145691
-0.00137221
-0.00129153
-0.00121457
-0.0011411
-0.00107091
-0.00100381
-0.000939674
-0.000878381
-0.000819835
-0.000763955
-0.000710671
-0.000659919
-0.000611641
-0.000565782
-0.000522288
-0.000481107
-0.000442189
-0.000405486
-0.000370953
-0.000338546
-0.000308225
-0.000279949
-0.000253677
-0.000229362
-0.000206942
-0.000186327
-0.000167385
-0.000149928
-0.000133711
-0.00011845
-0.000103859
-8.97183e-05
-7.59522e-05
-6.26797e-05
-5.02133e-05
-3.89791e-05
-2.93787e-05
-2.1645e-05
-1.57603e-05
-1.14775e-05
-8.4277e-06
-6.2521e-06
-4.68749e-06
-3.57495e-06
-2.81626e-06
-2.32233e-06
-1.99346e-06
-1.73401e-06
-1.47834e-06
-1.20425e-06
-9.24628e-07
-6.66592e-07
-4.52398e-07
-2.90776e-07
-1.77914e-07
-1.03688e-07
-5.68872e-08
-2.84806e-08
-1.17199e-08
-2.3767e-09
2.79037e-09
5.15031e-09
6.24211e-09
5.74862e-09
4.03484e-09
1.95039e-09
-5.75621e-09
-5.81688e-09
-3.06479e-08
-1.86504e-08
-7.19563e-08
0.0546663
0.0532989
0.0486869
0.0418359
0.0320733
0.0189043
0.00204013
-0.018839
-0.0433141
-0.0705569
-0.0988097
-0.125587
-0.150286
-0.172102
-0.190637
-0.205925
-0.218101
-0.227429
-0.23417
-0.238476
-0.240327
-0.239528
-0.235798
-0.228943
-0.219034
-0.206503
-0.192092
-0.1767
-0.161204
-0.146307
-0.132458
-0.119836
-0.108388
-0.0979261
-0.0882222
-0.0791047
-0.0704967
-0.0624091
-0.0549049
-0.0480582
-0.0419246
-0.0365273
-0.0318558
-0.0278723
-0.0245207
-0.0217335
-0.0194381
-0.0175599
-0.0160253
-0.0147632
-0.0137085
-0.0128036
-0.0120019
-0.0112685
-0.0105804
-0.00992465
-0.00929622
-0.00869504
-0.00812378
-0.00758593
-0.0070846
-0.00662184
-0.00619829
-0.00581323
-0.00546469
-0.00514972
-0.00486465
-0.00460545
-0.00436798
-0.00414833
-0.00394298
-0.00374901
-0.00356414
-0.00338675
-0.00321582
-0.0030508
-0.00289154
-0.00273808
-0.00259063
-0.00244937
-0.00231448
-0.00218603
-0.002064
-0.00194826
-0.00183858
-0.00173467
-0.00163618
-0.00154273
-0.00145396
-0.0013695
-0.00128903
-0.00121227
-0.00113895
-0.00106889
-0.0010019
-0.000937846
-0.000876621
-0.00081813
-0.000762295
-0.000709049
-0.000658332
-0.000610085
-0.000564255
-0.000520789
-0.000479633
-0.000440738
-0.000404056
-0.000369541
-0.000337149
-0.00030684
-0.000278577
-0.00025232
-0.000228029
-0.000205646
-0.000185088
-0.000166228
-0.000148881
-0.000132798
-0.000117683
-0.000103235
-8.92155e-05
-7.553e-05
-6.22888e-05
-4.98073e-05
-3.85275e-05
-2.88748e-05
-2.11064e-05
-1.52212e-05
-1.09758e-05
-7.99343e-06
-5.90042e-06
-4.41882e-06
-3.37928e-06
-2.67906e-06
-2.22862e-06
-1.92998e-06
-1.68999e-06
-1.44578e-06
-1.17822e-06
-9.02944e-07
-6.48968e-07
-4.39257e-07
-2.82215e-07
-1.73254e-07
-1.01659e-07
-5.61194e-08
-2.79361e-08
-1.08678e-08
-1.10909e-09
4.33583e-09
6.76033e-09
7.71204e-09
7.17655e-09
5.14493e-09
3.71304e-09
-5.1729e-09
-1.21011e-09
-3.38888e-08
-1.56795e-09
-1.00635e-07
0.0569218
0.0556131
0.0511989
0.0445752
0.035025
0.0219407
0.00491826
-0.0165554
-0.0420654
-0.0708187
-0.100604
-0.128291
-0.153581
-0.175644
-0.194145
-0.209244
-0.221156
-0.230239
-0.236827
-0.241117
-0.243081
-0.242451
-0.238826
-0.231885
-0.221631
-0.208511
-0.193359
-0.177206
-0.161053
-0.145691
-0.131599
-0.118936
-0.107589
-0.0972886
-0.0877365
-0.0787173
-0.0701429
-0.0620363
-0.0544832
-0.0475801
-0.041399
-0.0359727
-0.0312942
-0.0273255
-0.0240074
-0.0212686
-0.0190319
-0.0172178
-0.0157483
-0.0145484
-0.0135492
-0.0126907
-0.011925
-0.0112171
-0.010545
-0.00989749
-0.00927168
-0.00866956
-0.00809555
-0.00755454
-0.00705059
-0.0065863
-0.00616256
-0.00577863
-0.00543239
-0.00512057
-0.00483918
-0.00458387
-0.0043502
-0.00413402
-0.00393164
-0.00374004
-0.00355693
-0.00338071
-0.00321045
-0.00304573
-0.00288648
-0.00273288
-0.00258521
-0.00244376
-0.00230874
-0.00218025
-0.00205829
-0.00194272
-0.0018333
-0.0017297
-0.00163155
-0.00153846
-0.00145003
-0.0013659
-0.00128573
-0.00120921
-0.00113611
-0.00106622
-0.000999366
-0.000935425
-0.000874287
-0.000815866
-0.000760089
-0.000706893
-0.00065622
-0.000608015
-0.000562225
-0.000518795
-0.000477674
-0.000438811
-0.000402157
-0.000367664
-0.000335291
-0.000304998
-0.000276749
-0.000250509
-0.000226243
-0.000203901
-0.000183408
-0.000164644
-0.000147427
-0.000131505
-0.00011657
-0.000102303
-8.84401e-05
-7.48663e-05
-6.16789e-05
-4.91948e-05
-3.78735e-05
-2.81686e-05
-2.03667e-05
-1.44876e-05
-1.02941e-05
-7.40128e-06
-5.4193e-06
-4.05258e-06
-3.11819e-06
-2.50554e-06
-2.12181e-06
-1.86883e-06
-1.65551e-06
-1.42297e-06
-1.15774e-06
-8.81048e-07
-6.26144e-07
-4.17937e-07
-2.64654e-07
-1.60396e-07
-9.31068e-08
-5.07364e-08
-2.45007e-08
-8.4593e-09
8.31288e-10
6.05687e-09
8.39332e-09
9.22303e-09
8.78144e-09
6.52268e-09
6.00438e-09
-4.22234e-09
4.80091e-09
-3.75595e-08
2.10262e-08
-1.37193e-07
0.0596995
0.0584704
0.0543233
0.0480154
0.0387744
0.0258489
0.00867483
-0.0135378
-0.040396
-0.0712146
-0.103068
-0.131882
-0.157893
-0.18023
-0.198646
-0.213467
-0.225006
-0.233742
-0.240113
-0.24438
-0.246506
-0.246132
-0.242687
-0.235672
-0.224986
-0.211095
-0.194963
-0.177804
-0.160787
-0.144822
-0.13043
-0.117739
-0.106552
-0.0964881
-0.0871505
-0.0782655
-0.0697325
-0.0615944
-0.0539699
-0.0469866
-0.0407391
-0.035272
-0.0305827
-0.026632
-0.0233568
-0.0206802
-0.018519
-0.0167877
-0.0154023
-0.0142824
-0.0133545
-0.0125553
-0.0118349
-0.0111585
-0.0105054
-0.00986707
-0.00924328
-0.00863881
-0.00806043
-0.00751476
-0.00700707
-0.00654064
-0.00611662
-0.00573423
-0.00539105
-0.00508343
-0.00480695
-0.00455678
-0.0043281
-0.00411643
-0.00391787
-0.00372929
-0.00354836
-0.00337357
-0.00320407
-0.00303961
-0.00288028
-0.00272641
-0.00257841
-0.00243665
-0.00230143
-0.00217289
-0.00205101
-0.00193567
-0.00182658
-0.00172339
-0.0016257
-0.00153309
-0.00144512
-0.00136142
-0.00128162
-0.00120542
-0.00113259
-0.00106291
-0.000996222
-0.000932411
-0.000871374
-0.000813033
-0.000757322
-0.000704184
-0.000653564
-0.00060541
-0.000559668
-0.000516284
-0.000475207
-0.000436382
-0.00039976
-0.000365295
-0.000332941
-0.000302662
-0.000274422
-0.000248193
-0.000223944
-0.000201633
-0.000181194
-0.000162516
-0.00014542
-0.000129654
-0.000114898
-0.000100817
-8.71249e-05
-7.3684e-05
-6.05784e-05
-4.81262e-05
-3.68026e-05
-2.7088e-05
-1.92972e-05
-1.34696e-05
-9.37351e-06
-6.61529e-06
-4.78797e-06
-3.57719e-06
-2.78591e-06
-2.2936e-06
-2.00202e-06
-1.81137e-06
-1.63252e-06
-1.4123e-06
-1.14588e-06
-8.63007e-07
-6.03272e-07
-3.94355e-07
-2.4409e-07
-1.4462e-07
-8.19799e-08
-4.31101e-08
-1.91047e-08
-4.37324e-09
4.14335e-09
8.8304e-09
1.07967e-08
1.12696e-08
1.07819e-08
8.20313e-09
8.66814e-09
-2.95364e-09
1.1851e-08
-4.12094e-08
4.84468e-08
-1.79576e-07
0.062968
0.0618432
0.0580452
0.0521628
0.0433597
0.030708
0.0134285
-0.0096554
-0.0382127
-0.0718043
-0.106386
-0.136517
-0.163356
-0.185952
-0.204181
-0.218597
-0.229629
-0.237912
-0.244012
-0.248279
-0.250671
-0.250689
-0.247536
-0.240467
-0.22924
-0.214351
-0.196943
-0.178477
-0.160353
-0.14363
-0.128885
-0.1162
-0.105259
-0.0955324
-0.0864881
-0.0777785
-0.0692917
-0.0611019
-0.0533747
-0.0462803
-0.0399417
-0.0344188
-0.0297131
-0.0257834
-0.0225609
-0.0199617
-0.017895
-0.0162671
-0.0149868
-0.0139667
-0.0131272
-0.012401
-0.0117357
-0.0110966
-0.0104651
-0.00983594
-0.00921269
-0.00860364
-0.00801853
-0.00746617
-0.0069533
-0.00648396
-0.00605957
-0.00567921
-0.00534005
-0.00503791
-0.00476774
-0.00452415
-0.00430179
-0.00409579
-0.00390198
-0.00371707
-0.00353875
-0.00336556
-0.00319685
-0.00303254
-0.00287297
-0.00271864
-0.00257013
-0.00242795
-0.00229245
-0.00216383
-0.00204207
-0.00192703
-0.00181838
-0.00171574
-0.00161865
-0.00152664
-0.00143925
-0.00135608
-0.00127674
-0.00120093
-0.00112841
-0.00105898
-0.000992487
-0.000928821
-0.000867896
-0.000809642
-0.000754005
-0.000700931
-0.000650372
-0.000602277
-0.000556594
-0.000513267
-0.000472242
-0.000433465
-0.000396882
-0.000362446
-0.000330113
-0.000299844
-0.000271609
-0.00024538
-0.000221134
-0.000198837
-0.000178432
-0.000159817
-0.000142819
-0.000127187
-0.000112597
-9.86988e-05
-8.51897e-05
-7.19116e-05
-5.89343e-05
-4.65726e-05
-3.53125e-05
-2.56546e-05
-1.79365e-05
-1.22141e-05
-8.26031e-06
-5.67481e-06
-4.03723e-06
-3.01631e-06
-2.40209e-06
-2.06157e-06
-1.88731e-06
-1.77461e-06
-1.63526e-06
-1.42369e-06
-1.14777e-06
-8.49775e-07
-5.78528e-07
-3.65422e-07
-2.17345e-07
-1.23341e-07
-6.65526e-08
-3.23725e-08
-1.15927e-08
1.04883e-09
8.22256e-09
1.19967e-08
1.34006e-08
1.34636e-08
1.29284e-08
1.00902e-08
1.15911e-08
-1.26903e-09
1.9581e-08
-4.41641e-08
7.95053e-08
-2.24633e-07
0.066686
0.0656947
0.0623423
0.0570203
0.0488223
0.0366144
0.0193313
-0.0047311
-0.0353858
-0.072687
-0.110823
-0.142403
-0.170151
-0.192967
-0.210884
-0.224732
-0.235068
-0.242726
-0.248445
-0.252703
-0.255451
-0.256056
-0.253378
-0.246333
-0.234475
-0.218339
-0.199312
-0.179188
-0.15967
-0.142017
-0.126869
-0.114247
-0.103676
-0.0944224
-0.0857758
-0.0772932
-0.0688547
-0.0605833
-0.0527111
-0.0454651
-0.0390047
-0.0334073
-0.0286783
-0.0247725
-0.0216134
-0.0191083
-0.0171567
-0.0156551
-0.0145029
-0.0136045
-0.0128724
-0.0122337
-0.0116333
-0.0110367
-0.0104283
-0.00980711
-0.00918163
-0.00856469
-0.00796966
-0.00740803
-0.00688819
-0.00641504
-0.00599021
-0.00561251
-0.00527854
-0.0049834
-0.00472125
-0.00448594
-0.00427147
-0.00407246
-0.0038844
-0.00370386
-0.00352852
-0.00335708
-0.00318909
-0.00302477
-0.00286469
-0.00270963
-0.00256037
-0.00241757
-0.00228168
-0.00215293
-0.00203133
-0.00191667
-0.00180859
-0.00170665
-0.00161032
-0.00151907
-0.00143242
-0.00134989
-0.00127112
-0.00119577
-0.00112362
-0.00105447
-0.000988183
-0.00092467
-0.000863858
-0.000805693
-0.000750129
-0.000697123
-0.000646631
-0.000598604
-0.000552988
-0.000509729
-0.000468767
-0.000430045
-0.000393508
-0.000359104
-0.000326789
-0.000296525
-0.000268281
-0.000242036
-0.00021777
-0.000195456
-0.000175048
-0.00015645
-0.0001395
-0.000123954
-0.000109486
-9.57442e-05
-8.24171e-05
-6.93318e-05
-5.6545e-05
-4.43641e-05
-3.32745e-05
-2.37829e-05
-1.62363e-05
-1.06987e-05
-6.94708e-06
-4.57903e-06
-3.16795e-06
-2.37245e-06
-1.97143e-06
-1.81723e-06
-1.78813e-06
-1.76999e-06
-1.67418e-06
-1.46525e-06
-1.16897e-06
-8.45169e-07
-5.55079e-07
-3.34386e-07
-1.87861e-07
-9.98464e-08
-4.95087e-08
-2.03356e-08
-2.90705e-09
7.53557e-09
1.32016e-08
1.58555e-08
1.65025e-08
1.59958e-08
1.53045e-08
1.21958e-08
1.46056e-08
8.37981e-10
2.73961e-08
-4.56927e-08
1.1221e-07
-2.67871e-07
0.0708009
0.069977
0.0671815
0.0625839
0.0552061
0.043686
0.0265813
0.00148589
-0.0317209
-0.0740049
-0.116759
-0.149816
-0.178481
-0.201369
-0.218754
-0.231829
-0.241271
-0.248151
-0.253417
-0.257715
-0.26101
-0.262457
-0.260493
-0.253557
-0.240934
-0.223215
-0.202123
-0.1799
-0.158642
-0.13986
-0.124272
-0.11181
-0.101782
-0.0931834
-0.0850647
-0.0768664
-0.0684693
-0.0600705
-0.0519949
-0.0445441
-0.0379225
-0.0322271
-0.0274654
-0.0235862
-0.0205028
-0.0181109
-0.0162982
-0.014949
-0.0139515
-0.0131994
-0.0125955
-0.0120602
-0.0115348
-0.0109854
-0.0104003
-0.00978444
-0.00915249
-0.00852298
-0.00791375
-0.00733946
-0.0068104
-0.00633237
-0.00590708
-0.00553289
-0.00520562
-0.00491936
-0.00466727
-0.00444221
-0.00423741
-0.00404686
-0.00386566
-0.0036902
-0.00351819
-0.00334853
-0.00318107
-0.00301638
-0.00285542
-0.00269926
-0.00254895
-0.00240531
-0.00226892
-0.00214003
-0.00201864
-0.0019045
-0.00179717
-0.00169611
-0.00160073
-0.00151044
-0.00142467
-0.00134293
-0.00126481
-0.00119
-0.00111825
-0.0010494
-0.000983337
-0.000919977
-0.000859275
-0.000801193
-0.000745702
-0.000692766
-0.000642347
-0.000594397
-0.000548863
-0.000505685
-0.000464799
-0.000426144
-0.00038966
-0.000355292
-0.000322993
-0.000292725
-0.00026446
-0.000238177
-0.00021386
-0.000191492
-0.00017103
-0.000152392
-0.000135427
-0.000119902
-0.000105504
-9.18854e-05
-7.87407e-05
-6.58942e-05
-5.33866e-05
-4.15076e-05
-3.07262e-05
-2.15351e-05
-1.42736e-05
-9.00418e-06
-5.50625e-06
-3.38585e-06
-2.22142e-06
-1.67585e-06
-1.51868e-06
-1.58405e-06
-1.72795e-06
-1.81965e-06
-1.76753e-06
-1.54951e-06
-1.21604e-06
-8.51135e-07
-5.32281e-07
-2.99785e-07
-1.54373e-07
-7.33767e-08
-3.05188e-08
-6.95263e-09
6.81077e-09
1.48093e-08
1.87162e-08
2.00239e-08
1.97597e-08
1.86157e-08
1.7714e-08
1.44139e-08
1.75177e-08
3.40717e-09
3.46011e-08
-4.49455e-08
1.43603e-07
-3.03363e-07
0.0752465
0.0746281
0.0725154
0.0688363
0.0625486
0.0520526
0.0354179
0.00932886
-0.0269549
-0.076009
-0.124732
-0.159073
-0.188648
-0.211475
-0.228076
-0.24007
-0.24827
-0.254066
-0.25868
-0.263009
-0.267068
-0.269745
-0.268889
-0.262273
-0.24879
-0.229111
-0.20542
-0.180561
-0.157143
-0.137
-0.12094
-0.108777
-0.0995322
-0.0918334
-0.0844148
-0.0765702
-0.0681974
-0.0596052
-0.0512476
-0.0435234
-0.0366918
-0.0308701
-0.0260655
-0.0222161
-0.0192217
-0.0169636
-0.015316
-0.0141482
-0.013335
-0.0127567
-0.0123048
-0.01189
-0.0114497
-0.010951
-0.0103876
-0.00977213
-0.00912741
-0.008479
-0.0078501
-0.007259
-0.00671808
-0.00623399
-0.00580834
-0.0054388
-0.00512008
-0.00484501
-0.00460546
-0.00439308
-0.00420008
-0.00401968
-0.00384652
-0.00367684
-0.00350843
-0.00334047
-0.00317323
-0.00300773
-0.00284537
-0.00268762
-0.00253584
-0.00239107
-0.002254
-0.00212492
-0.0020038
-0.00189032
-0.00178394
-0.00168401
-0.00158982
-0.0015007
-0.00141601
-0.00133521
-0.00125787
-0.00118367
-0.00111238
-0.00104385
-0.000977993
-0.000914774
-0.000854165
-0.000796154
-0.000740725
-0.000687857
-0.000637514
-0.000589652
-0.000544213
-0.000501132
-0.00046034
-0.000421766
-0.000385345
-0.000351017
-0.000318733
-0.000288452
-0.000260148
-0.0002338
-0.000209398
-0.000186926
-0.000166352
-0.000147603
-0.000130544
-0.000114962
-0.000100569
-8.70376e-05
-7.40813e-05
-6.15315e-05
-4.94147e-05
-3.7994e-05
-2.76963e-05
-1.89714e-05
-1.21249e-05
-7.20402e-06
-3.99968e-06
-2.13875e-06
-1.22675e-06
-9.45953e-07
-1.05993e-06
-1.37881e-06
-1.72499e-06
-1.94132e-06
-1.92989e-06
-1.68635e-06
-1.29417e-06
-8.69841e-07
-5.11276e-07
-2.63075e-07
-1.18991e-07
-4.63266e-08
-1.17214e-08
6.23217e-09
1.6651e-08
2.24609e-08
2.4651e-08
2.45287e-08
2.32402e-08
2.13832e-08
2.01581e-08
1.67221e-08
2.01345e-08
6.429e-09
4.0334e-08
-4.1104e-08
1.69584e-07
-3.23713e-07
0.0799418
0.0795709
0.0782786
0.075744
0.0708784
0.0618666
0.0461511
0.0192869
-0.0206782
-0.0790363
-0.135578
-0.170663
-0.200825
-0.223166
-0.238639
-0.249307
-0.256015
-0.260514
-0.264354
-0.268782
-0.273906
-0.278303
-0.279028
-0.272948
-0.258434
-0.23627
-0.209276
-0.181096
-0.155004
-0.133235
-0.116704
-0.105051
-0.096916
-0.0904385
-0.0839318
-0.0765127
-0.0681236
-0.0592392
-0.0504917
-0.0424052
-0.0353027
-0.0293204
-0.0244595
-0.0206432
-0.0177537
-0.0156549
-0.0142039
-0.0132516
-0.0126569
-0.0122846
-0.0120104
-0.0117348
-0.0113896
-0.0109435
-0.010398
-0.00977568
-0.0091095
-0.00843375
-0.00777808
-0.00716496
-0.00660899
-0.00611752
-0.00569183
-0.00532849
-0.00502075
-0.00475975
-0.0045357
-0.00433876
-0.00415995
-0.0039916
-0.00382783
-0.00366466
-0.00350003
-0.00333351
-0.00316592
-0.0029989
-0.00283443
-0.00267447
-0.00252074
-0.00237453
-0.00223663
-0.00210738
-0.00198667
-0.00187406
-0.0017689
-0.00167038
-0.00157767
-0.00148997
-0.00140656
-0.00132686
-0.0012504
-0.00117687
-0.00110605
-0.00103784
-0.000972186
-0.000909085
-0.000848547
-0.000790587
-0.000735212
-0.00068241
-0.000632153
-0.000584393
-0.000539068
-0.000496106
-0.000455427
-0.000416953
-0.000380609
-0.000346329
-0.00031406
-0.000283758
-0.000255397
-0.000228958
-0.000204432
-0.000181808
-0.000161061
-0.000142129
-0.0001249
-0.000109189
-9.47461e-05
-8.12864e-05
-6.85425e-05
-5.63716e-05
-4.4792e-05
-3.40046e-05
-2.43729e-05
-1.62736e-05
-9.95489e-06
-5.44481e-06
-2.54145e-06
-9.17743e-07
-2.39659e-07
-2.20561e-07
-6.23671e-07
-1.22618e-06
-1.80162e-06
-2.15383e-06
-2.17466e-06
-1.88311e-06
-1.40516e-06
-8.99774e-07
-4.89617e-07
-2.22406e-07
-8.09114e-08
-1.86686e-08
6.59422e-09
1.8907e-08
2.63568e-08
3.02507e-08
3.07537e-08
2.91155e-08
2.67137e-08
2.41144e-08
2.24845e-08
1.9018e-08
2.22469e-08
9.87188e-09
4.36838e-08
-3.34353e-08
1.85113e-07
-3.20758e-07
0.0847888
0.0847083
0.0843811
0.0832396
0.0801931
0.0732602
0.0591223
0.0319847
-0.0123925
-0.0837647
-0.150238
-0.185009
-0.215763
-0.237307
-0.251076
-0.259797
-0.264384
-0.267058
-0.26979
-0.274342
-0.280982
-0.287899
-0.291033
-0.285949
-0.270278
-0.244991
-0.213799
-0.18143
-0.152019
-0.128298
-0.111306
-0.10046
-0.0938917
-0.0890733
-0.0837556
-0.0768412
-0.0683635
-0.0590449
-0.0497619
-0.041198
-0.0337494
-0.0275666
-0.0226362
-0.018858
-0.0160907
-0.0141772
-0.0129566
-0.012258
-0.0119217
-0.0117925
-0.0117264
-0.01161
-0.0113694
-0.0109757
-0.0104409
-0.00980055
-0.00910101
-0.00838716
-0.00769609
-0.00705482
-0.00648023
-0.00598013
-0.00555503
-0.00519996
-0.00490618
-0.00466276
-0.00445785
-0.00427978
-0.00411801
-0.0039638
-0.00381069
-0.0036546
-0.00349375
-0.00332827
-0.00315968
-0.00299033
-0.00282291
-0.00265997
-0.00250367
-0.00235559
-0.00221666
-0.0020872
-0.00196701
-0.00185553
-0.00175189
-0.00165511
-0.0015642
-0.00147821
-0.00139634
-0.00131791
-0.00124246
-0.00116967
-0.00109936
-0.00103146
-0.00096598
-0.000902961
-0.00084246
-0.000784525
-0.000729186
-0.000676444
-0.000626277
-0.000578633
-0.000533443
-0.000490624
-0.000450084
-0.000411733
-0.000375484
-0.000341265
-0.000309014
-0.000278688
-0.000250256
-0.000223702
-0.000199019
-0.000176199
-0.000155224
-0.00013605
-0.000118588
-0.000102696
-8.81737e-05
-7.47893e-05
-6.23258e-05
-5.06379e-05
-3.97319e-05
-2.97663e-05
-2.09851e-05
-1.36567e-05
-7.95147e-06
-3.859e-06
-1.21649e-06
2.18788e-07
7.05956e-07
4.80833e-07
-2.22153e-07
-1.13481e-06
-1.96372e-06
-2.45963e-06
-2.50048e-06
-2.13527e-06
-1.54278e-06
-9.35158e-07
-4.63474e-07
-1.76275e-07
-4.0414e-08
8.45815e-09
2.31994e-08
3.01466e-08
3.53694e-08
3.78659e-08
3.68724e-08
3.37181e-08
3.01547e-08
2.67986e-08
2.46651e-08
2.12604e-08
2.36948e-08
1.36613e-08
4.37685e-08
-2.14763e-08
1.84513e-07
-2.86511e-07
0.0896722
0.0899254
0.0907048
0.0912267
0.0904558
0.0863923
0.0747869
0.0484507
-0.0011822
-0.0911552
-0.171108
-0.202666
-0.23263
-0.252813
-0.26483
-0.271552
-0.273758
-0.274279
-0.275633
-0.280342
-0.288968
-0.299267
-0.305719
-0.302109
-0.285022
-0.255701
-0.219101
-0.181414
-0.147886
-0.121857
-0.104495
-0.0948778
-0.0904823
-0.0878875
-0.0840945
-0.0777544
-0.0690636
-0.0591039
-0.0490874
-0.0398989
-0.0320125
-0.0255817
-0.0205651
-0.0168309
-0.0142095
-0.0125179
-0.0115719
-0.0111723
-0.0111387
-0.0112939
-0.0114687
-0.0115325
-0.0114045
-0.0110602
-0.0105256
-0.0098533
-0.00910542
-0.00833998
-0.00760294
-0.00692634
-0.00632918
-0.00581931
-0.00539591
-0.00505185
-0.00477579
-0.00455407
-0.00437224
-0.00421648
-0.0040746
-0.00393675
-0.00379579
-0.0036475
-0.00349039
-0.00332531
-0.00315469
-0.00298193
-0.00281054
-0.00264381
-0.00248437
-0.00233409
-0.002194
-0.00206441
-0.00194497
-0.00183491
-0.00173313
-0.00163844
-0.00154964
-0.00146564
-0.0013855
-0.0013085
-0.00123415
-0.00116214
-0.00109233
-0.00102473
-0.000959391
-0.000896421
-0.000835928
-0.000777997
-0.000722684
-0.000670005
-0.000619938
-0.00057243
-0.0005274
-0.000484751
-0.000444378
-0.000406175
-0.000370043
-0.0003359
-0.000303677
-0.000273326
-0.000244818
-0.000218136
-0.000193276
-0.000170234
-0.000149002
-0.000129556
-0.000111839
-9.57571e-05
-8.11715e-05
-6.79124e-05
-5.58106e-05
-4.47439e-05
-3.46735e-05
-2.56573e-05
-1.78344e-05
-1.13437e-05
-6.25327e-06
-2.53941e-06
-9.50962e-08
1.23056e-06
1.58898e-06
1.14846e-06
1.43439e-07
-1.09809e-06
-2.19743e-06
-2.83933e-06
-2.88502e-06
-2.42013e-06
-1.68763e-06
-9.6147e-07
-4.233e-07
-1.19147e-07
5.40912e-09
3.65243e-08
3.88682e-08
4.03647e-08
4.38905e-08
4.5331e-08
4.29231e-08
3.82087e-08
3.34354e-08
2.93277e-08
2.66105e-08
2.33692e-08
2.43566e-08
1.76817e-08
3.99268e-08
-5.15759e-09
1.62598e-07
-2.1488e-07
0.0944595
0.0950817
0.0970961
0.0995329
0.101548
0.101257
0.0935292
0.0697156
0.0136023
-0.10187
-0.198592
-0.225712
-0.255264
-0.272609
-0.28131
-0.284774
-0.283425
-0.280839
-0.280218
-0.285195
-0.296677
-0.311794
-0.323117
-0.321936
-0.303328
-0.268936
-0.225456
-0.181058
-0.142418
-0.113631
-0.0959863
-0.0881293
-0.0866314
-0.0869244
-0.0850645
-0.0793907
-0.0703432
-0.0594993
-0.0485124
-0.0385207
-0.0300875
-0.0233572
-0.0182423
-0.0145638
-0.0121131
-0.010678
-0.0100477
-0.0099954
-0.0103162
-0.010801
-0.01125
-0.0115128
-0.0115034
-0.0112044
-0.0106574
-0.00993598
-0.00912319
-0.00829198
-0.00749806
-0.00677886
-0.00615542
-0.0056351
-0.00521501
-0.00488503
-0.0046305
-0.0044345
-0.00427974
-0.00414987
-0.00403063
-0.00391088
-0.00378292
-0.00364262
-0.00348911
-0.00332406
-0.0031509
-0.00297402
-0.00279792
-0.00262668
-0.00246352
-0.00231064
-0.00216921
-0.00203946
-0.00192087
-0.00181242
-0.00171276
-0.00162042
-0.00153399
-0.0014522
-0.00137398
-0.00129855
-0.00122539
-0.00115422
-0.00108495
-0.00101765
-0.000952443
-0.000889507
-0.000829003
-0.000771061
-0.000715766
-0.000663147
-0.000613187
-0.000565825
-0.000520971
-0.000478513
-0.000438328
-0.000400295
-0.000364303
-0.000330254
-0.000298076
-0.000267715
-0.000239141
-0.000212339
-0.000187308
-0.000164052
-0.000142575
-0.000122875
-0.000104935
-8.87127e-05
-7.41317e-05
-6.10854e-05
-4.94473e-05
-3.90958e-05
-2.99465e-05
-2.1959e-05
-1.51254e-05
-9.44865e-06
-4.91612e-06
-1.49271e-06
8.60614e-07
2.16734e-06
2.4562e-06
1.82572e-06
5.17791e-07
-1.06539e-06
-2.44533e-06
-3.23248e-06
-3.27113e-06
-2.68946e-06
-1.80441e-06
-9.55965e-07
-3.56073e-07
-4.41343e-08
6.02012e-08
6.76256e-08
5.48871e-08
5.03007e-08
5.2273e-08
5.27771e-08
4.89384e-08
4.25979e-08
3.65676e-08
3.17098e-08
2.83247e-08
2.53148e-08
2.42127e-08
2.17848e-08
3.19005e-08
1.5046e-08
1.15939e-07
-1.037e-07
0.0990031
0.100022
0.103361
0.107955
0.113259
0.117955
0.115951
0.0986469
0.0340951
-0.125144
-0.239982
-0.249341
-0.277601
-0.293873
-0.300137
-0.300102
-0.294462
-0.287884
-0.284316
-0.288745
-0.302883
-0.323525
-0.341017
-0.343712
-0.324348
-0.28459
-0.233167
-0.180835
-0.13617
-0.104172
-0.0861993
-0.0802465
-0.0820925
-0.0857365
-0.0861978
-0.0814049
-0.0720119
-0.060146
-0.048008
-0.0370616
-0.0279831
-0.0209019
-0.015674
-0.0120668
-0.00982834
-0.00870332
-0.00843368
-0.0087644
-0.0094679
-0.010305
-0.0110469
-0.0115222
-0.0116379
-0.0113846
-0.0108214
-0.0100431
-0.00915414
-0.00824605
-0.00738663
-0.00661924
-0.00596694
-0.00543607
-0.0050208
-0.0047073
-0.00447692
-0.00430891
-0.00418261
-0.00407932
-0.00398332
-0.00388255
-0.00376864
-0.00363724
-0.00348779
-0.00332278
-0.00314683
-0.00296559
-0.00278462
-0.00260879
-0.00244189
-0.00228645
-0.00214374
-0.00201389
-0.00189622
-0.00178943
-0.0016919
-0.0016019
-0.0015178
-0.00143819
-0.00136187
-0.00128799
-0.00121602
-0.00114571
-0.001077
-0.00101004
-0.000945006
-0.000882145
-0.00082167
-0.000763751
-0.000708499
-0.00065596
-0.00060612
-0.000558915
-0.000514245
-0.000471984
-0.000431995
-0.000394142
-0.000358299
-0.00032436
-0.000292243
-0.000261894
-0.000233282
-0.000206394
-0.000181234
-0.000157815
-0.000136158
-0.000116287
-9.82204e-05
-8.19665e-05
-6.75055e-05
-5.478e-05
-4.3692e-05
-3.41102e-05
-2.58853e-05
-1.88673e-05
-1.29212e-05
-7.93136e-06
-3.8167e-06
-5.54785e-07
1.80413e-06
3.15445e-06
3.40519e-06
2.59313e-06
9.78949e-07
-9.50887e-07
-2.61266e-06
-3.5421e-06
-3.5705e-06
-2.87282e-06
-1.84401e-06
-8.88389e-07
-2.44577e-07
5.8709e-08
1.30446e-07
1.06464e-07
7.46106e-08
6.20783e-08
6.16019e-08
6.0679e-08
5.50876e-08
4.69359e-08
3.95608e-08
3.39332e-08
2.9803e-08
2.70589e-08
2.33361e-08
2.57932e-08
2.00266e-08
3.8069e-08
4.45746e-08
4.33013e-08
0.103144
0.104563
0.10927
0.116127
0.125227
0.135776
0.142246
0.134491
0.0622076
-0.135339
-0.307922
-0.295986
-0.31127
-0.3168
-0.316662
-0.311578
-0.301191
-0.290658
-0.28388
-0.287101
-0.3027
-0.32832
-0.352751
-0.361188
-0.343699
-0.300858
-0.242734
-0.182748
-0.131773
-0.0960614
-0.0770678
-0.0721031
-0.0762915
-0.0828225
-0.085691
-0.0822814
-0.0731044
-0.0606039
-0.0474704
-0.0355817
-0.0258306
-0.0183845
-0.0130567
-0.00954982
-0.0075496
-0.00674648
-0.00684934
-0.00754401
-0.00860057
-0.00975587
-0.0107684
-0.0114514
-0.0117049
-0.0115227
-0.0109632
-0.0101414
-0.00918628
-0.00820685
-0.00728401
-0.00646921
-0.0057886
-0.00524764
-0.00483731
-0.00453939
-0.00433086
-0.00418747
-0.00408624
-0.00400663
-0.00393119
-0.00384702
-0.00374562
-0.00362286
-0.00347854
-0.00331562
-0.00313924
-0.0029557
-0.0027714
-0.00259202
-0.00242204
-0.00226434
-0.00212037
-0.00199025
-0.00187316
-0.00176759
-0.00167171
-0.00158358
-0.00150139
-0.00142363
-0.00134898
-0.00127652
-0.0012057
-0.00113626
-0.00106821
-0.00100169
-0.000936954
-0.000874286
-0.000813941
-0.000756123
-0.000700968
-0.000648538
-0.000598827
-0.000551774
-0.000507272
-0.000465189
-0.000425378
-0.00038769
-0.000351991
-0.000318167
-0.000286131
-0.000255826
-0.000227221
-0.000200309
-0.000175098
-0.000151614
-0.000129893
-0.000109983
-9.19356e-05
-7.57966e-05
-6.15843e-05
-4.92705e-05
-3.87639e-05
-2.99075e-05
-2.24907e-05
-1.62713e-05
-1.10081e-05
-6.5017e-06
-2.63839e-06
5.72577e-07
2.99035e-06
4.39116e-06
4.58529e-06
3.56934e-06
1.63608e-06
-6.41527e-07
-2.58142e-06
-3.65366e-06
-3.68463e-06
-2.8977e-06
-1.76097e-06
-7.34699e-07
-7.76508e-08
1.94953e-07
2.20136e-07
1.56576e-07
1.00867e-07
7.75354e-08
7.2801e-08
6.94242e-08
6.1533e-08
5.13198e-08
4.24897e-08
3.60442e-08
3.10955e-08
2.85967e-08
2.19187e-08
2.95204e-08
5.34231e-09
6.22521e-08
-4.66556e-08
2.1529e-07
0.106719
0.108525
0.114541
0.123716
0.136847
0.154709
0.17314
0.189067
0.102965
-0.124621
-0.341226
-0.30481
-0.324626
-0.328642
-0.324574
-0.318069
-0.306387
-0.294692
-0.286057
-0.286934
-0.300464
-0.325795
-0.353358
-0.367529
-0.35491
-0.313632
-0.253284
-0.188922
-0.133511
-0.0943756
-0.0729926
-0.0667243
-0.070105
-0.077147
-0.0814809
-0.0798076
-0.0719168
-0.0598408
-0.0464892
-0.0341118
-0.0239021
-0.0161752
-0.0107835
-0.00741063
-0.00568809
-0.00522807
-0.00563176
-0.00655745
-0.00777782
-0.00908497
-0.0102537
-0.0111077
-0.0115216
-0.0114531
-0.010965
-0.0101666
-0.00919272
-0.00817602
-0.00721369
-0.0063663
-0.0056655
-0.00511716
-0.00470957
-0.00442092
-0.00422501
-0.00409487
-0.00400556
-0.00393639
-0.00387098
-0.00379713
-0.00370568
-0.00359161
-0.00345405
-0.00329557
-0.00312165
-0.00293924
-0.0027552
-0.00257547
-0.00240489
-0.00224667
-0.00210241
-0.00197231
-0.00185553
-0.00175051
-0.00165534
-0.00156801
-0.00148666
-0.00140982
-0.00133604
-0.00126442
-0.00119437
-0.00112565
-0.00105823
-0.00099227
-0.000928015
-0.000865749
-0.000805741
-0.000748205
-0.000693291
-0.00064107
-0.000591546
-0.000544663
-0.000500319
-0.000458383
-0.000418706
-0.00038114
-0.000345548
-0.000311816
-0.000279856
-0.000249612
-0.000221057
-0.000194187
-0.000169017
-0.000145583
-0.000123935
-0.000104138
-8.62653e-05
-7.03808e-05
-5.65189e-05
-4.46558e-05
-3.46892e-05
-2.64301e-05
-1.96152e-05
-1.39377e-05
-9.09634e-06
-4.85273e-06
-1.09268e-06
2.12957e-06
4.5939e-06
5.98973e-06
6.06507e-06
4.80363e-06
2.53993e-06
-7.49281e-08
-2.27972e-06
-3.49585e-06
-3.55487e-06
-2.72621e-06
-1.53719e-06
-4.90431e-07
1.4312e-07
3.62506e-07
3.28882e-07
2.1901e-07
1.35033e-07
9.76175e-08
8.62886e-08
7.90896e-08
6.82456e-08
5.57236e-08
4.53447e-08
3.80309e-08
3.22238e-08
2.99096e-08
2.02314e-08
3.27802e-08
-1.04451e-08
8.55161e-08
-1.47669e-07
3.94592e-07
0.109571
0.111706
0.11889
0.130093
0.147332
0.171845
0.207571
0.213973
0.19394
-0.142493
-0.43486
-0.323175
-0.325746
-0.328045
-0.32335
-0.318161
-0.308286
-0.297797
-0.289263
-0.288486
-0.298822
-0.320851
-0.346915
-0.362941
-0.355312
-0.319535
-0.262973
-0.200093
-0.144436
-0.104173
-0.080527
-0.070238
-0.0687048
-0.0712327
-0.0738791
-0.0731232
-0.0672318
-0.0569815
-0.0446658
-0.0326844
-0.0225577
-0.0148668
-0.00960473
-0.00646423
-0.00500874
-0.00477195
-0.00534017
-0.00629523
-0.00740517
-0.0085536
-0.0096042
-0.0104288
-0.010925
-0.0110177
-0.0106739
-0.00998253
-0.00909026
-0.00811833
-0.00717582
-0.00633656
-0.0056404
-0.00509639
-0.00469302
-0.00440678
-0.0042092
-0.00407309
-0.00397561
-0.00389838
-0.00382475
-0.00374414
-0.00364928
-0.00353592
-0.00340276
-0.00325134
-0.00308537
-0.00291017
-0.0027321
-0.00255704
-0.00239001
-0.00223432
-0.00209172
-0.00196258
-0.00184618
-0.00174111
-0.00164559
-0.00155775
-0.0014758
-0.00139857
-0.00132451
-0.00125279
-0.00118284
-0.00111442
-0.00104745
-0.000982033
-0.000918375
-0.000856712
-0.000797273
-0.000740249
-0.000685774
-0.000633916
-0.000584679
-0.000538016
-0.000493835
-0.000452015
-0.00041242
-0.000374914
-0.000339369
-0.00030568
-0.000273766
-0.000243578
-0.000215091
-0.000188308
-0.000163249
-0.000139957
-0.00011849
-9.8922e-05
-8.13308e-05
-6.57831e-05
-5.23071e-05
-4.08653e-05
-3.13327e-05
-2.34911e-05
-1.70447e-05
-1.16573e-05
-7.00778e-06
-2.85732e-06
8.84545e-07
4.1186e-06
6.56871e-06
7.87453e-06
7.75918e-06
6.21737e-06
3.62792e-06
7.03408e-07
-1.74137e-06
-3.09954e-06
-3.21555e-06
-2.39764e-06
-1.21359e-06
-1.93144e-07
3.87734e-07
5.40543e-07
4.44025e-07
2.86839e-07
1.73468e-07
1.20297e-07
1.00849e-07
8.89075e-08
7.4767e-08
5.9896e-08
4.79948e-08
3.98179e-08
3.31845e-08
3.09732e-08
1.8592e-08
3.54029e-08
-2.51709e-08
1.056e-07
-2.44183e-07
5.58835e-07
0.111562
0.11395
0.121991
0.134863
0.15521
0.186794
0.235504
0.275878
0.33241
-0.113022
-0.32587
-0.324128
-0.327043
-0.324231
-0.320326
-0.312686
-0.304684
-0.297337
-0.294901
-0.299996
-0.314331
-0.333559
-0.347081
-0.342485
-0.314193
-0.266847
-0.212937
-0.165103
-0.129982
-0.106407
-0.0903128
-0.0784037
-0.0703434
-0.0659111
-0.0630425
-0.0586393
-0.0510214
-0.0411254
-0.0308892
-0.0218333
-0.0147906
-0.0100042
-0.00730908
-0.00628246
-0.00636507
-0.00696725
-0.007642
-0.00830058
-0.00879598
-0.00924363
-0.00965828
-0.0099709
-0.0100799
-0.00991874
-0.00944781
-0.00873161
-0.00791509
-0.00709268
-0.00633982
-0.00570599
-0.00520487
-0.00482603
-0.00454667
-0.0043406
-0.00418249
-0.00405104
-0.00393285
-0.00381992
-0.00370858
-0.00359256
-0.00346734
-0.00333053
-0.00318128
-0.00302194
-0.00285711
-0.00269115
-0.0025278
-0.00237116
-0.00222391
-0.00208756
-0.00196249
-0.00184819
-0.00174354
-0.00164715
-0.00155752
-0.00147319
-0.00139376
-0.00131757
-0.00124412
-0.00117298
-0.00110391
-0.0010368
-0.000971655
-0.000908569
-0.000847659
-0.00078905
-0.000732838
-0.000679101
-0.000627864
-0.000579114
-0.000532801
-0.000488844
-0.000447143
-0.000407587
-0.000370068
-0.000334482
-0.000300748
-0.000268802
-0.000238608
-0.000210151
-0.000183438
-0.000158494
-0.000135364
-0.000114106
-9.47933e-05
-7.74984e-05
-6.22762e-05
-4.91385e-05
-3.80264e-05
-2.87919e-05
-2.11964e-05
-1.49297e-05
-9.65073e-06
-5.04636e-06
-8.97857e-07
2.8551e-06
6.0782e-06
8.46375e-06
9.63267e-06
9.30909e-06
7.50958e-06
4.64983e-06
1.48229e-06
-1.14927e-06
-2.62732e-06
-2.81014e-06
-2.03282e-06
-8.86382e-07
8.53139e-08
6.05817e-07
6.95655e-07
5.44366e-07
3.47022e-07
2.08329e-07
1.40912e-07
1.13721e-07
9.72393e-08
8.01335e-08
6.32747e-08
5.01136e-08
4.12143e-08
3.39098e-08
3.17358e-08
1.73005e-08
3.72439e-08
-3.65896e-08
1.2039e-07
-3.20353e-07
6.8483e-07
0.112588
0.115109
0.123623
0.137384
0.15959
0.195147
0.252869
0.320884
0.430679
-0.319075
-0.324346
-0.322323
-0.320706
-0.316496
-0.312555
-0.307931
-0.304552
-0.303367
-0.306672
-0.313574
-0.319019
-0.314298
-0.294198
-0.261534
-0.22557
-0.194426
-0.169637
-0.146304
-0.122387
-0.096646
-0.0745662
-0.0592655
-0.0506241
-0.0458252
-0.0412074
-0.0348555
-0.0276631
-0.0208503
-0.0154474
-0.0119641
-0.0103266
-0.0100375
-0.01038
-0.0107407
-0.0108123
-0.0104078
-0.00983165
-0.00932207
-0.00899609
-0.00884715
-0.00877167
-0.00864102
-0.00838173
-0.00795974
-0.00741382
-0.00682955
-0.00627407
-0.00579391
-0.00540336
-0.00509442
-0.00484646
-0.00463391
-0.00443793
-0.00424953
-0.00406978
-0.00389284
-0.00371985
-0.0035532
-0.00339295
-0.00323736
-0.0030849
-0.00293382
-0.00278293
-0.00263365
-0.00248741
-0.00234702
-0.00221367
-0.00208813
-0.00197052
-0.00186044
-0.00175716
-0.00165988
-0.00156778
-0.00147967
-0.00139683
-0.00131703
-0.00124045
-0.00116692
-0.00109625
-0.00102831
-0.000963023
-0.000900314
-0.000840138
-0.000782464
-0.000727243
-0.000674446
-0.000624022
-0.000575913
-0.000530054
-0.000486373
-0.000444796
-0.000405245
-0.000367649
-0.000331944
-0.000298078
-0.000266014
-0.000235733
-0.000207231
-0.000180521
-0.000155629
-0.000132597
-0.000111481
-9.23457e-05
-7.52543e-05
-6.02487e-05
-4.73247e-05
-3.64066e-05
-2.73317e-05
-1.98511e-05
-1.36511e-05
-8.39575e-06
-3.78434e-06
3.83235e-07
4.14603e-06
7.35048e-06
9.67579e-06
1.07395e-05
1.02736e-05
8.31148e-06
5.29055e-06
1.98292e-06
-7.55824e-07
-2.30706e-06
-2.53769e-06
-1.79575e-06
-6.82818e-07
2.51957e-07
7.32958e-07
7.85101e-07
6.02457e-07
3.82392e-07
2.29176e-07
1.53328e-07
1.21423e-07
1.02146e-07
8.32477e-08
6.5216e-08
5.1319e-08
4.19961e-08
3.4307e-08
3.2138e-08
1.65885e-08
3.81963e-08
-4.28381e-08
1.28247e-07
-3.62459e-07
7.53344e-07
0.112593
0.115115
0.12363
0.137393
0.159605
0.195169
0.252904
0.331108
0.488738
-0.317122
-0.323217
-0.321731
-0.322047
-0.321323
-0.321607
-0.320162
-0.316066
-0.308018
-0.298355
-0.289445
-0.282204
-0.274119
-0.262641
-0.248834
-0.236533
-0.225346
-0.210156
-0.184702
-0.148616
-0.11054
-0.076873
-0.0521658
-0.0372834
-0.0299461
-0.0266238
-0.0241486
-0.0212174
-0.0180481
-0.0155927
-0.0143914
-0.0143708
-0.014925
-0.0153337
-0.015061
-0.0139835
-0.0123878
-0.010749
-0.00935296
-0.00833828
-0.00770588
-0.0073655
-0.00718609
-0.00704355
-0.00686839
-0.0066456
-0.00637902
-0.0061058
-0.00585713
-0.00563791
-0.00543511
-0.00523038
-0.00501248
-0.00477684
-0.0045228
-0.00425582
-0.00399582
-0.00375183
-0.00352941
-0.00332966
-0.00315045
-0.00298801
-0.00283854
-0.00269908
-0.00256713
-0.00244193
-0.00232159
-0.00220585
-0.0020943
-0.00198653
-0.00188219
-0.00178099
-0.00168285
-0.00158785
-0.00149667
-0.00140777
-0.00132315
-0.00124245
-0.00116567
-0.00109272
-0.00102346
-0.000957699
-0.000895187
-0.000835686
-0.00077896
-0.000724814
-0.000673051
-0.000623526
-0.000576125
-0.000530759
-0.000487364
-0.000445889
-0.000406298
-0.000368563
-0.000332661
-0.000298578
-0.000266306
-0.000235846
-0.000207205
-0.000180399
-0.000155453
-0.000132402
-0.000111294
-9.21849e-05
-7.51297e-05
-6.01633e-05
-4.7276e-05
-3.6389e-05
-2.73375e-05
-1.98719e-05
-1.36793e-05
-8.42495e-06
-3.81019e-06
3.63036e-07
4.13193e-06
7.34159e-06
9.67052e-06
1.07363e-05
1.0271e-05
8.30896e-06
5.28785e-06
1.9802e-06
-7.58293e-07
-2.30904e-06
-2.53908e-06
-1.7966e-06
-6.83255e-07
2.51772e-07
7.32897e-07
7.85085e-07
6.02453e-07
3.82393e-07
2.29182e-07
1.53339e-07
1.21436e-07
1.02158e-07
8.32574e-08
6.52237e-08
5.13242e-08
4.20006e-08
3.43078e-08
3.21412e-08
1.65828e-08
3.82037e-08
-4.28586e-08
1.28278e-07
-3.62524e-07
7.53462e-07
0.111577
0.113967
0.122012
0.134891
0.15525
0.186858
0.235607
0.303196
0.414317
-0.317772
-0.320199
-0.323565
-0.322323
-0.324175
-0.326438
-0.330387
-0.331372
-0.325892
-0.311138
-0.289638
-0.266493
-0.247631
-0.235986
-0.232896
-0.237861
-0.247151
-0.251076
-0.238777
-0.207566
-0.162983
-0.116305
-0.0757023
-0.0454133
-0.0261374
-0.0162435
-0.0126789
-0.012375
-0.0130324
-0.0138241
-0.0150245
-0.016651
-0.0183097
-0.019377
-0.0193085
-0.0179696
-0.0158093
-0.0133623
-0.0110524
-0.00914163
-0.00773264
-0.00681318
-0.00629469
-0.00605702
-0.00598492
-0.00598217
-0.00599022
-0.00599546
-0.00598413
-0.00595071
-0.0058829
-0.00576647
-0.00559365
-0.00535643
-0.00506013
-0.00473295
-0.00439817
-0.00407458
-0.00377556
-0.00350974
-0.00327969
-0.00308328
-0.00291568
-0.00277072
-0.00264219
-0.00252507
-0.00241579
-0.00231115
-0.00220912
-0.00210826
-0.00200771
-0.00190718
-0.00180683
-0.00170723
-0.00160919
-0.00151374
-0.00142099
-0.00133236
-0.00124821
-0.00116872
-0.00109389
-0.00102354
-0.000957361
-0.00089498
-0.000835988
-0.000779991
-0.000726642
-0.000675643
-0.000626771
-0.000579863
-0.000534816
-0.00049157
-0.000450102
-0.000410406
-0.000372489
-0.000336364
-0.000302044
-0.000269542
-0.000238874
-0.000210051
-0.00018309
-0.000158009
-0.000134834
-0.000113603
-9.43637e-05
-7.71675e-05
-6.20511e-05
-4.90124e-05
-3.79832e-05
-2.8811e-05
-2.12553e-05
-1.50078e-05
-9.73112e-06
-5.11721e-06
-9.52984e-07
2.81681e-06
6.05421e-06
8.44965e-06
9.62396e-06
9.30228e-06
7.50277e-06
4.64249e-06
1.47484e-06
-1.15609e-06
-2.63284e-06
-2.81405e-06
-2.0352e-06
-8.87609e-07
8.48033e-08
6.05656e-07
6.95621e-07
5.44365e-07
3.47033e-07
2.08353e-07
1.40947e-07
1.13761e-07
9.72756e-08
8.01627e-08
6.32979e-08
5.01293e-08
4.12278e-08
3.39124e-08
3.17454e-08
1.72834e-08
3.72658e-08
-3.66509e-08
1.20481e-07
-3.20548e-07
6.85182e-07
0.109596
0.111734
0.118924
0.130138
0.147397
0.171946
0.20773
0.251346
0.264879
-0.248561
-0.325338
-0.323667
-0.322938
-0.320821
-0.324342
-0.32913
-0.335776
-0.338123
-0.331186
-0.311079
-0.281136
-0.248749
-0.222967
-0.210741
-0.215696
-0.235042
-0.257951
-0.268833
-0.255832
-0.219079
-0.168689
-0.117561
-0.0743113
-0.0424632
-0.0218168
-0.0104591
-0.00608461
-0.00630805
-0.00864996
-0.0122034
-0.0160352
-0.0194046
-0.0217237
-0.022461
-0.0215378
-0.0193913
-0.0166106
-0.0137303
-0.0111396
-0.00903893
-0.007486
-0.00644994
-0.00584888
-0.00557742
-0.00552936
-0.00561388
-0.00575506
-0.00590516
-0.00603777
-0.00611919
-0.00612486
-0.0060348
-0.00583959
-0.00555882
-0.0052205
-0.00484913
-0.00447144
-0.00411126
-0.00378424
-0.00349853
-0.00325577
-0.0030529
-0.00288416
-0.00274257
-0.00262113
-0.00251347
-0.00241424
-0.00231902
-0.00222472
-0.00212937
-0.00203199
-0.00193245
-0.00183131
-0.00172962
-0.00162869
-0.00152991
-0.00143416
-0.00134273
-0.00125624
-0.00117496
-0.00109891
-0.00102786
-0.000961427
-0.00089912
-0.000840427
-0.000784851
-0.000731953
-0.000681365
-0.000632814
-0.000586114
-0.000541157
-0.000497893
-0.00045632
-0.000416457
-0.000378336
-0.00034199
-0.000307451
-0.000274742
-0.000243883
-0.000214888
-0.000187765
-0.000162525
-0.000139183
-0.000117764
-9.83087e-05
-8.08636e-05
-6.54696e-05
-5.2136e-05
-4.08127e-05
-3.13682e-05
-2.35825e-05
-1.71624e-05
-1.17769e-05
-7.11226e-06
-2.93796e-06
8.29164e-07
4.08454e-06
6.54933e-06
7.863e-06
7.75029e-06
6.20823e-06
3.61776e-06
6.92868e-07
-1.75112e-06
-3.10748e-06
-3.22122e-06
-2.40113e-06
-1.21539e-06
-1.93891e-07
3.87512e-07
5.40515e-07
4.44047e-07
2.86877e-07
1.73521e-07
1.20362e-07
1.00917e-07
8.89689e-08
7.48162e-08
5.99349e-08
4.80209e-08
3.98405e-08
3.31888e-08
3.0989e-08
1.85636e-08
3.54391e-08
-2.5273e-08
1.0575e-07
-2.44508e-07
5.59418e-07
0.106753
0.108561
0.114587
0.123776
0.136932
0.154838
0.173344
0.189408
0.151067
-0.167388
-0.412713
-0.312629
-0.319886
-0.322889
-0.322795
-0.32708
-0.332695
-0.33983
-0.341533
-0.331585
-0.30694
-0.272127
-0.236153
-0.209694
-0.200288
-0.210994
-0.237265
-0.265177
-0.276544
-0.26055
-0.220566
-0.168577
-0.117487
-0.0750452
-0.0438226
-0.0233202
-0.0117915
-0.00712324
-0.00700532
-0.00977401
-0.0140379
-0.0185469
-0.0221318
-0.0240337
-0.0240669
-0.0225229
-0.019934
-0.0169241
-0.0139703
-0.0113702
-0.00926725
-0.00769476
-0.00662053
-0.00597334
-0.00566338
-0.00559673
-0.00568514
-0.00585108
-0.00603969
-0.00620504
-0.00630093
-0.00629525
-0.0061784
-0.00595884
-0.00565237
-0.00528654
-0.00489365
-0.00450191
-0.00413257
-0.00379947
-0.00350984
-0.00326493
-0.00306157
-0.00289382
-0.0027543
-0.0026355
-0.00253056
-0.00243373
-0.00234035
-0.0022471
-0.00215193
-0.0020539
-0.00195306
-0.0018502
-0.0017466
-0.00164375
-0.00154314
-0.00144592
-0.00135324
-0.00126575
-0.00118374
-0.00110718
-0.0010358
-0.000969185
-0.000906794
-0.000848075
-0.000792496
-0.000739587
-0.000688965
-0.000640345
-0.000593538
-0.000548439
-0.000505009
-0.000463254
-0.000423205
-0.000384904
-0.00034839
-0.000313698
-0.000280854
-0.000249874
-0.000220768
-0.000193537
-0.000168182
-0.000144706
-0.000123123
-0.000103459
-8.57527e-05
-7.00411e-05
-5.63379e-05
-4.46062e-05
-3.47367e-05
-2.6539e-05
-1.97522e-05
-1.40756e-05
-9.21618e-06
-4.94457e-06
-1.15502e-06
2.09202e-06
4.5733e-06
5.97805e-06
6.05618e-06
4.79414e-06
2.52897e-06
-8.659e-08
-2.29069e-06
-3.50489e-06
-3.56139e-06
-2.73025e-06
-1.53926e-06
-4.91261e-07
1.42915e-07
3.62533e-07
3.28963e-07
2.191e-07
1.3513e-07
9.77208e-08
8.63887e-08
7.91773e-08
6.83151e-08
5.57785e-08
4.53816e-08
3.80625e-08
3.22298e-08
2.99314e-08
2.01917e-08
3.28299e-08
-1.05876e-08
8.57229e-08
-1.48123e-07
3.95398e-07
0.103186
0.104608
0.109325
0.116199
0.125327
0.135924
0.142473
0.134863
0.062832
-0.13428
-0.306332
-0.293866
-0.307733
-0.312901
-0.317037
-0.323092
-0.3299
-0.336554
-0.336456
-0.324607
-0.298963
-0.264418
-0.22983
-0.205546
-0.199231
-0.213347
-0.241261
-0.267257
-0.274431
-0.255058
-0.214453
-0.164747
-0.117204
-0.0779954
-0.0488635
-0.0291495
-0.0173772
-0.011974
-0.0111899
-0.0133629
-0.0171064
-0.0209608
-0.0237851
-0.024982
-0.0244908
-0.0226526
-0.0200116
-0.0170939
-0.0142836
-0.0118148
-0.00979601
-0.00825073
-0.00715351
-0.00645032
-0.00607011
-0.00593403
-0.0059624
-0.00608095
-0.00623039
-0.0063555
-0.00641125
-0.00637235
-0.00622836
-0.00598549
-0.0056658
-0.00529787
-0.00490905
-0.00452383
-0.00416142
-0.00383433
-0.00354876
-0.00330564
-0.00310201
-0.00293247
-0.00279033
-0.00266863
-0.0025608
-0.00246116
-0.00236509
-0.00226928
-0.00217174
-0.00207159
-0.00196894
-0.00186462
-0.00175988
-0.0016562
-0.00155499
-0.0014574
-0.00136444
-0.00127671
-0.00119446
-0.00111763
-0.00104596
-0.000979008
-0.000916263
-0.000857178
-0.000801232
-0.000747965
-0.000697001
-0.000648063
-0.000600966
-0.000555608
-0.000511951
-0.000470002
-0.000429792
-0.00039136
-0.000354744
-0.000319975
-0.000287074
-0.000256053
-0.000226915
-0.000199658
-0.000174273
-0.000150754
-0.0001291
-0.000109322
-9.14389e-05
-7.54688e-05
-6.14111e-05
-4.92251e-05
-3.88132e-05
-3.00166e-05
-2.26274e-05
-1.64087e-05
-1.11273e-05
-6.59255e-06
-2.69932e-06
5.36843e-07
2.97179e-06
4.38148e-06
4.57813e-06
3.56121e-06
1.62607e-06
-6.52598e-07
-2.59208e-06
-3.6626e-06
-3.69115e-06
-2.90175e-06
-1.76304e-06
-7.35493e-07
-7.77879e-08
1.95062e-07
2.20298e-07
1.56735e-07
1.0102e-07
7.76829e-08
7.29355e-08
6.95388e-08
6.16232e-08
5.13908e-08
4.25373e-08
3.60847e-08
3.11032e-08
2.86243e-08
2.18681e-08
2.95828e-08
5.15984e-09
6.25125e-08
-4.72386e-08
2.1631e-07
0.0990521
0.100074
0.103424
0.108036
0.113369
0.118113
0.116186
0.0990056
0.0346547
-0.124283
-0.238821
-0.247947
-0.275718
-0.292773
-0.303563
-0.313036
-0.320679
-0.325971
-0.324217
-0.312071
-0.288782
-0.258725
-0.229563
-0.209713
-0.20521
-0.217678
-0.240614
-0.259841
-0.261654
-0.240962
-0.203337
-0.159064
-0.117016
-0.0819519
-0.0552609
-0.0365452
-0.0247244
-0.0185439
-0.0165871
-0.0174508
-0.0198828
-0.0225741
-0.0244841
-0.0250683
-0.0242793
-0.0224203
-0.0199322
-0.0172401
-0.0146535
-0.0123591
-0.0104478
-0.00894423
-0.00783289
-0.00707331
-0.00660959
-0.00637708
-0.00630817
-0.00633668
-0.00640377
-0.00645875
-0.00645883
-0.00637841
-0.00620959
-0.0059595
-0.00564502
-0.00528944
-0.00491707
-0.00454917
-0.00420189
-0.00388587
-0.00360671
-0.00336565
-0.00316056
-0.002987
-0.00283923
-0.00271105
-0.00259657
-0.00249061
-0.00238895
-0.0022885
-0.00218734
-0.00208461
-0.00198033
-0.00187516
-0.0017702
-0.00166669
-0.00156586
-0.00146875
-0.00137617
-0.00128866
-0.00120642
-0.00112941
-0.00105737
-0.000989917
-0.000926572
-0.000866841
-0.000810247
-0.000756364
-0.000704846
-0.000655429
-0.000607936
-0.000562264
-0.00051837
-0.00047625
-0.000435925
-0.000397424
-0.000360775
-0.000326001
-0.000293117
-0.000262132
-0.000233043
-0.000205844
-0.000180524
-0.000157068
-0.000135465
-0.000115706
-9.77805e-05
-8.16731e-05
-6.7347e-05
-5.47341e-05
-4.37304e-05
-3.4203e-05
-2.60041e-05
-1.8988e-05
-1.30263e-05
-8.01139e-06
-3.86975e-06
-5.84977e-07
1.78951e-06
3.14776e-06
3.4005e-06
2.58717e-06
9.70875e-07
-9.60299e-07
-2.62199e-06
-3.55008e-06
-3.57639e-06
-2.8765e-06
-1.84587e-06
-8.89045e-07
-2.446e-07
5.8925e-08
1.30707e-07
1.06707e-07
7.4829e-08
6.22742e-08
6.17724e-08
6.08208e-08
5.51984e-08
4.70229e-08
3.9619e-08
3.39824e-08
2.98123e-08
2.70919e-08
2.32746e-08
2.58672e-08
1.98046e-08
3.83783e-08
4.38643e-08
4.45246e-08
0.0945141
0.0951394
0.0971646
0.099619
0.101662
0.101416
0.0937578
0.0700501
0.0140918
-0.101177
-0.197698
-0.224766
-0.254322
-0.272736
-0.285168
-0.295814
-0.303981
-0.309121
-0.307966
-0.298095
-0.279266
-0.255068
-0.231476
-0.21509
-0.210751
-0.219143
-0.234594
-0.246245
-0.243844
-0.224022
-0.191234
-0.153279
-0.116893
-0.0858824
-0.061572
-0.0438586
-0.0320106
-0.0250784
-0.0219431
-0.0214643
-0.0224926
-0.0239333
-0.024916
-0.0249533
-0.0239632
-0.0221561
-0.019864
-0.0174109
-0.0150416
-0.0129118
-0.0111025
-0.00964068
-0.00851883
-0.00770748
-0.00716283
-0.00683281
-0.00666004
-0.00658649
-0.00656066
-0.00653721
-0.0064782
-0.00635941
-0.00617159
-0.00591844
-0.00561369
-0.00527617
-0.00492501
-0.00457738
-0.00424692
-0.00394299
-0.00367074
-0.00343167
-0.00322443
-0.00304563
-0.00289068
-0.00275448
-0.00263198
-0.00251863
-0.00241063
-0.00230513
-0.00220029
-0.00209516
-0.00198961
-0.00188408
-0.00177939
-0.00167653
-0.00157649
-0.00148013
-0.00138814
-0.00130096
-0.00121876
-0.00114151
-0.00106901
-0.00100093
-0.000936845
-0.000876331
-0.000818966
-0.000764368
-0.000712221
-0.000662279
-0.00061437
-0.000568387
-0.000524276
-0.000482018
-0.000441618
-0.000403092
-0.000366457
-0.000331727
-0.00029891
-0.000268011
-0.000239026
-0.000211949
-0.000186766
-0.000163462
-0.000142015
-0.000122397
-0.000104565
-8.84586e-05
-7.39867e-05
-6.10333e-05
-4.94666e-05
-3.91628e-05
-3.00378e-05
-2.20545e-05
-1.52098e-05
-9.5132e-06
-4.95857e-06
-1.51602e-06
8.50429e-07
2.16373e-06
2.45403e-06
1.82212e-06
5.1201e-07
-1.07267e-06
-2.45284e-06
-3.23906e-06
-3.27604e-06
-2.69254e-06
-1.80594e-06
-9.56435e-07
-3.5597e-07
-4.38112e-08
6.05593e-08
6.79518e-08
5.51712e-08
5.05453e-08
5.2479e-08
5.29456e-08
4.90693e-08
4.27003e-08
3.66362e-08
3.17673e-08
2.83355e-08
2.53528e-08
2.41406e-08
2.18693e-08
3.164e-08
1.54015e-08
1.15104e-07
-1.02285e-07
0.0897311
0.0899873
0.090777
0.0913154
0.0905706
0.086547
0.0750007
0.0487484
-0.000772998
-0.0906218
-0.170489
-0.202143
-0.232408
-0.253804
-0.268954
-0.28103
-0.289695
-0.294652
-0.293942
-0.286027
-0.270986
-0.251763
-0.232937
-0.219415
-0.214466
-0.218394
-0.227044
-0.232443
-0.227216
-0.208948
-0.180771
-0.148353
-0.116806
-0.0892649
-0.0670422
-0.0502864
-0.0385378
-0.0310604
-0.0269468
-0.0252432
-0.0249974
-0.0253103
-0.0254526
-0.0249865
-0.0238029
-0.0220237
-0.0198797
-0.0176134
-0.0154181
-0.0134225
-0.0116983
-0.0102732
-0.00914505
-0.00829184
-0.00767834
-0.00726156
-0.00699357
-0.00682555
-0.00671243
-0.006615
-0.00649956
-0.00634339
-0.00613723
-0.00588223
-0.00558731
-0.00526625
-0.00493417
-0.00460508
-0.00429023
-0.0039976
-0.00373188
-0.00349481
-0.00328573
-0.00310217
-0.00294052
-0.00279663
-0.00266628
-0.00254558
-0.00243122
-0.00232066
-0.00221213
-0.00210466
-0.00199792
-0.00189213
-0.00178782
-0.00168571
-0.00158655
-0.00149103
-0.00139967
-0.00131285
-0.00123072
-0.00115327
-0.00108031
-0.00101159
-0.000946765
-0.000885458
-0.000827309
-0.000771985
-0.000719201
-0.000668732
-0.000620411
-0.000574126
-0.000529813
-0.000487436
-0.000446984
-0.000408458
-0.000371863
-0.000337202
-0.000304479
-0.000273694
-0.000244843
-0.000217921
-0.000192917
-0.000169815
-0.000148586
-0.000129187
-0.000111543
-9.5544e-05
-8.10398e-05
-6.78528e-05
-5.58086e-05
-4.47825e-05
-3.47347e-05
-2.5725e-05
-1.78961e-05
-1.13914e-05
-6.28429e-06
-2.55575e-06
-1.01189e-07
1.22955e-06
1.58888e-06
1.14692e-06
1.39814e-07
-1.10324e-06
-2.20304e-06
-2.8444e-06
-2.88886e-06
-2.42254e-06
-1.68879e-06
-9.61734e-07
-4.23069e-07
-1.18723e-07
5.85765e-09
3.69286e-08
3.92146e-08
4.06559e-08
4.41306e-08
4.5525e-08
4.30733e-08
3.8326e-08
3.3514e-08
2.9393e-08
2.66229e-08
2.34117e-08
2.42743e-08
1.77752e-08
3.96289e-08
-4.75994e-09
1.61643e-07
-2.13286e-07
0.0848507
0.084773
0.0844552
0.0833285
0.0803048
0.0734055
0.059315
0.0322397
-0.0120629
-0.0833725
-0.149838
-0.184787
-0.215973
-0.238681
-0.254955
-0.267578
-0.276485
-0.281529
-0.28148
-0.27543
-0.263636
-0.248379
-0.233142
-0.221577
-0.216113
-0.216802
-0.220417
-0.22124
-0.214044
-0.197065
-0.172472
-0.144388
-0.116721
-0.0920644
-0.0716572
-0.0557868
-0.0441849
-0.0362966
-0.0313963
-0.0286958
-0.0274004
-0.0267569
-0.0261609
-0.0252319
-0.0238386
-0.0220365
-0.0199795
-0.0178435
-0.015777
-0.0138845
-0.0122273
-0.0108317
-0.00969834
-0.00881041
-0.00813942
-0.00764954
-0.00730066
-0.00705101
-0.00686158
-0.00669836
-0.00653197
-0.00634182
-0.00611774
-0.00585839
-0.00556949
-0.00526104
-0.00494445
-0.00463067
-0.00432892
-0.00404599
-0.0037861
-0.00355105
-0.00334064
-0.00315312
-0.00298573
-0.00283516
-0.00269794
-0.00257077
-0.00245078
-0.00233569
-0.00222382
-0.00211418
-0.00200629
-0.00190017
-0.0017961
-0.00169457
-0.00159614
-0.0015013
-0.00141047
-0.00132395
-0.00124186
-0.00116419
-0.00109082
-0.00102152
-0.000956014
-0.000893985
-0.000835123
-0.000779135
-0.000725769
-0.000674815
-0.000626115
-0.000579553
-0.000535053
-0.000492568
-0.000452071
-0.00041355
-0.000376997
-0.000342409
-0.000309783
-0.000279116
-0.000250405
-0.000223644
-0.000198824
-0.000175932
-0.000154937
-0.00013578
-0.00011836
-0.000102521
-8.80552e-05
-7.47238e-05
-6.23051e-05
-5.06508e-05
-3.97658e-05
-2.98088e-05
-2.1026e-05
-1.36893e-05
-7.97263e-06
-3.86942e-06
-1.21928e-06
2.19695e-07
7.07376e-07
4.809e-07
-2.23964e-07
-1.13808e-06
-1.9676e-06
-2.46328e-06
-2.5033e-06
-2.13703e-06
-1.54356e-06
-9.35226e-07
-4.63129e-07
-1.75766e-07
-3.98907e-08
8.92849e-09
2.36001e-08
3.04795e-08
3.5641e-08
3.80837e-08
3.70408e-08
3.38493e-08
3.02426e-08
2.68711e-08
2.46787e-08
2.1307e-08
2.36027e-08
1.37626e-08
4.34343e-08
-2.10425e-08
1.83444e-07
-2.84752e-07
0.0800057
0.0796371
0.078353
0.0758311
0.0709843
0.0619991
0.046319
0.0194969
-0.0204256
-0.0787679
-0.135361
-0.170677
-0.201327
-0.224731
-0.242189
-0.255676
-0.26517
-0.270615
-0.27129
-0.266734
-0.257385
-0.245103
-0.232581
-0.222552
-0.216704
-0.214953
-0.214901
-0.212443
-0.203854
-0.187852
-0.165966
-0.141226
-0.116646
-0.0943604
-0.0755021
-0.0604323
-0.0490179
-0.0408427
-0.0353258
-0.0318155
-0.0296521
-0.0282113
-0.0269853
-0.0256389
-0.0240306
-0.0221686
-0.0201483
-0.0180935
-0.016116
-0.0142985
-0.0126915
-0.0113181
-0.0101799
-0.00926362
-0.00854544
-0.00799511
-0.00757844
-0.00725996
-0.00700596
-0.00678632
-0.00657521
-0.00635391
-0.00611211
-0.00584681
-0.00556086
-0.00526102
-0.00495582
-0.00465386
-0.00436257
-0.00408764
-0.00383274
-0.00359965
-0.00338847
-0.00319799
-0.00302609
-0.00287009
-0.00272713
-0.00259445
-0.00246956
-0.00235042
-0.0022355
-0.00212378
-0.0020147
-0.00190809
-0.00180407
-0.00170291
-0.001605
-0.00151068
-0.00142027
-0.00133399
-0.00125194
-0.0011741
-0.00110039
-0.00103061
-0.000964522
-0.000901874
-0.000842393
-0.000785825
-0.000731943
-0.000680556
-0.000631511
-0.000584692
-0.000540016
-0.000497425
-0.00045688
-0.000418358
-0.000381841
-0.000347317
-0.00031478
-0.000284222
-0.000255638
-0.000229023
-0.000204371
-0.000181669
-0.000160884
-0.000141946
-0.000124732
-0.000109049
-9.46422e-05
-8.1219e-05
-6.85084e-05
-5.63646e-05
-4.48038e-05
-3.40263e-05
-2.43965e-05
-1.62933e-05
-9.96763e-06
-5.45051e-06
-2.54189e-06
-9.15574e-07
-2.37267e-07
-2.19359e-07
-6.24092e-07
-1.22794e-06
-1.80406e-06
-2.15627e-06
-2.17659e-06
-1.8843e-06
-1.40561e-06
-8.99665e-07
-4.89173e-07
-2.21827e-07
-8.03273e-08
-1.8144e-08
7.04121e-09
1.92766e-08
2.66569e-08
3.04904e-08
3.0939e-08
2.92597e-08
2.68104e-08
2.41936e-08
2.24993e-08
1.90682e-08
2.21454e-08
9.9796e-09
4.33148e-08
-3.29704e-08
1.83925e-07
-3.1885e-07
0.0753114
0.0746949
0.0725889
0.06892
0.0626469
0.0521703
0.0355595
0.00949444
-0.0267732
-0.075846
-0.124657
-0.159249
-0.189301
-0.213035
-0.231149
-0.245098
-0.254965
-0.260783
-0.262174
-0.258974
-0.25168
-0.241781
-0.231352
-0.222451
-0.216331
-0.212869
-0.210245
-0.205485
-0.195934
-0.180684
-0.160849
-0.138699
-0.116581
-0.0962496
-0.0787129
-0.0643575
-0.053142
-0.0447623
-0.0387583
-0.0345955
-0.0317248
-0.0296239
-0.0278624
-0.0261448
-0.0243254
-0.0223802
-0.0203616
-0.0183526
-0.0164345
-0.0146701
-0.0130997
-0.0117421
-0.0105986
-0.0096581
-0.00890057
-0.00830005
-0.00782717
-0.00745124
-0.00714276
-0.00687511
-0.00662539
-0.00637642
-0.00611774
-0.00584509
-0.00555934
-0.00526487
-0.00496783
-0.00467477
-0.00439162
-0.00412307
-0.00387232
-0.003641
-0.0034294
-0.00323669
-0.00306123
-0.00290089
-0.00275329
-0.00261609
-0.00248712
-0.00236456
-0.00224699
-0.00213339
-0.00202314
-0.00191595
-0.0018118
-0.00171081
-0.0016132
-0.00151923
-0.0014291
-0.00134297
-0.00126092
-0.00118294
-0.00110893
-0.00103875
-0.000972186
-0.000909025
-0.000849029
-0.000791973
-0.000737653
-0.000685893
-0.000636546
-0.000589497
-0.000544658
-0.000501963
-0.000461366
-0.000422832
-0.000386337
-0.000351863
-0.000319396
-0.000288926
-0.000260447
-0.000233952
-0.000209436
-0.000186884
-0.000166261
-0.000147489
-0.000130426
-0.000114854
-0.00010048
-8.69717e-05
-7.40392e-05
-6.15106e-05
-4.94104e-05
-3.80001e-05
-2.77068e-05
-1.89813e-05
-1.21313e-05
-7.20617e-06
-3.99851e-06
-2.13587e-06
-1.2238e-06
-9.44001e-07
-1.05933e-06
-1.3794e-06
-1.72628e-06
-1.94278e-06
-1.93109e-06
-1.68706e-06
-1.29434e-06
-8.69582e-07
-5.1075e-07
-2.62443e-07
-1.18361e-07
-4.57601e-08
-1.12373e-08
6.63253e-09
1.69761e-08
2.27202e-08
2.48518e-08
2.46849e-08
2.3345e-08
2.14685e-08
2.01739e-08
1.67754e-08
2.0024e-08
6.54222e-09
3.9933e-08
-4.06121e-08
1.683e-07
-3.21674e-07
0.0708659
0.0700435
0.0672532
0.0626631
0.0552956
0.043788
0.0266965
0.00160959
-0.0316022
-0.0739296
-0.116795
-0.150102
-0.179206
-0.20284
-0.221348
-0.235726
-0.246043
-0.252353
-0.254486
-0.252458
-0.246791
-0.238726
-0.229895
-0.221871
-0.215565
-0.21084
-0.206343
-0.199929
-0.189711
-0.175054
-0.156801
-0.136677
-0.116528
-0.0977983
-0.0813751
-0.067646
-0.0566319
-0.0481152
-0.0417327
-0.0370465
-0.0335996
-0.0309535
-0.0287406
-0.0266979
-0.0246804
-0.0226418
-0.0206022
-0.0186131
-0.0167309
-0.0150019
-0.0134566
-0.012109
-0.0109598
-0.00999892
-0.00920877
-0.00856677
-0.00804733
-0.00762361
-0.00726961
-0.0069615
-0.00667868
-0.00640526
-0.0061309
-0.00585048
-0.00556328
-0.00527176
-0.00498024
-0.00469365
-0.00441667
-0.00415314
-0.00390575
-0.003676
-0.00346425
-0.00326993
-0.00309176
-0.00292801
-0.00277668
-0.00263577
-0.00250339
-0.00237792
-0.00225801
-0.00214269
-0.00203131
-0.00192348
-0.00181907
-0.00171808
-0.00162063
-0.00152686
-0.00143691
-0.00135088
-0.00126883
-0.00119072
-0.00111648
-0.00104597
-0.000979027
-0.000915447
-0.000855027
-0.000797565
-0.000742875
-0.000690795
-0.000641185
-0.00059393
-0.00054894
-0.000506144
-0.000465489
-0.000426933
-0.000390447
-0.000356005
-0.00032359
-0.000293188
-0.000264789
-0.000238384
-0.000213967
-0.000191521
-0.000171004
-0.000152332
-0.00013535
-0.000119821
-0.00010543
-9.1824e-05
-7.86953e-05
-6.5865e-05
-5.33713e-05
-4.15026e-05
-3.0727e-05
-2.15377e-05
-1.42753e-05
-9.00383e-06
-5.50401e-06
-3.38259e-06
-2.2182e-06
-1.67345e-06
-1.5174e-06
-1.58378e-06
-1.72838e-06
-1.82036e-06
-1.76815e-06
-1.54983e-06
-1.21598e-06
-8.50751e-07
-5.31688e-07
-2.9911e-07
-1.53708e-07
-7.27774e-08
-3.00044e-08
-6.52624e-09
7.15779e-09
1.50867e-08
1.89316e-08
2.01911e-08
1.9872e-08
1.87053e-08
1.77308e-08
1.44699e-08
1.73991e-08
3.52463e-09
3.41696e-08
-4.4431e-08
1.42215e-07
-3.01206e-07
0.0667505
0.0657603
0.0624115
0.0570944
0.0489025
0.0367008
0.0194215
-0.00464541
-0.0353215
-0.0726827
-0.110941
-0.142756
-0.170887
-0.194291
-0.213003
-0.22765
-0.238292
-0.245009
-0.247774
-0.246725
-0.242388
-0.235783
-0.228201
-0.220852
-0.214428
-0.208815
-0.203006
-0.195447
-0.184794
-0.170626
-0.153602
-0.135065
-0.116486
-0.0990642
-0.0835733
-0.0703867
-0.0595659
-0.05096
-0.044284
-0.0391801
-0.0352666
-0.032173
-0.0295823
-0.0272589
-0.0250605
-0.0229259
-0.0208518
-0.0188652
-0.0170027
-0.0152961
-0.0137671
-0.0124255
-0.0112701
-0.0102916
-0.00947423
-0.00879793
-0.00824005
-0.00777678
-0.00738489
-0.00704286
-0.00673193
-0.00643729
-0.00614871
-0.00586047
-0.00557069
-0.00528043
-0.00499252
-0.00471057
-0.00443821
-0.00417855
-0.00393384
-0.00370539
-0.0034936
-0.00329809
-0.00311783
-0.0029514
-0.0027971
-0.00265321
-0.00251806
-0.00239017
-0.00226829
-0.00215148
-0.00203905
-0.00193058
-0.00182584
-0.00172475
-0.00162733
-0.00153365
-0.00144379
-0.0013578
-0.00127571
-0.00119749
-0.00112305
-0.00105228
-0.000985028
-0.000921109
-0.000860343
-0.000802549
-0.000747554
-0.000695206
-0.000645371
-0.000597936
-0.00055281
-0.000509919
-0.000469204
-0.000430619
-0.000394128
-0.000359703
-0.000327321
-0.000296964
-0.000268619
-0.000242275
-0.000217921
-0.000195534
-0.000175068
-0.00015643
-0.000139456
-0.000123896
-0.000109426
-9.56888e-05
-8.23714e-05
-6.9298e-05
-5.65228e-05
-4.43516e-05
-3.32686e-05
-2.37805e-05
-1.62348e-05
-1.06966e-05
-6.9442e-06
-4.57567e-06
-3.16468e-06
-2.3698e-06
-1.96968e-06
-1.81636e-06
-1.78791e-06
-1.77013e-06
-1.67436e-06
-1.46526e-06
-1.16872e-06
-8.44685e-07
-5.54434e-07
-3.33679e-07
-1.8717e-07
-9.92229e-08
-4.89707e-08
-1.98881e-08
-2.54136e-09
7.82826e-09
1.34299e-08
1.60326e-08
1.66217e-08
1.60888e-08
1.53222e-08
1.22542e-08
1.44794e-08
9.5862e-10
2.69369e-08
-4.51566e-08
1.10741e-07
-2.65588e-07
0.0630316
0.0619074
0.0581116
0.0522317
0.0434308
0.0307794
0.0134958
-0.0096031
-0.0381942
-0.0718561
-0.106562
-0.136908
-0.164068
-0.18711
-0.205871
-0.220708
-0.23165
-0.238773
-0.242128
-0.241921
-0.238652
-0.233184
-0.226562
-0.219739
-0.213246
-0.206995
-0.200242
-0.191867
-0.180926
-0.16715
-0.151081
-0.133786
-0.116455
-0.10009
-0.0853685
-0.072643
-0.0620006
-0.053341
-0.0464411
-0.0410076
-0.0367202
-0.0332631
-0.03036
-0.0277983
-0.0254396
-0.0232131
-0.0210979
-0.0191026
-0.0172477
-0.0155536
-0.0140341
-0.0126948
-0.0115332
-0.0105397
-0.00969982
-0.00899542
-0.00840608
-0.00791038
-0.00748728
-0.00711713
-0.00678263
-0.00646983
-0.00616869
-0.00587306
-0.00558022
-0.00529009
-0.00500436
-0.00472561
-0.00445663
-0.00419989
-0.00395727
-0.0037299
-0.00351817
-0.00332179
-0.00313996
-0.00297144
-0.0028148
-0.00266851
-0.0025311
-0.00240119
-0.00227764
-0.00215952
-0.00204614
-0.00193705
-0.00183194
-0.00173068
-0.00163322
-0.00153956
-0.00144973
-0.00136376
-0.00128163
-0.00120331
-0.00112871
-0.00105773
-0.000990226
-0.000926036
-0.000864992
-0.000806926
-0.00075168
-0.000699109
-0.000649083
-0.000601492
-0.000556245
-0.000513265
-0.00047249
-0.00043387
-0.000397366
-0.000362946
-0.000330582
-0.000300253
-0.000271942
-0.000245633
-0.00022131
-0.000198946
-0.000178486
-0.000159827
-0.000142799
-0.000127148
-0.000112549
-9.865e-05
-8.51457e-05
-7.18758e-05
-5.89081e-05
-4.65553e-05
-3.53021e-05
-2.56486e-05
-1.79327e-05
-1.22109e-05
-8.25708e-06
-5.67145e-06
-4.03401e-06
-3.01356e-06
-2.40005e-06
-2.06028e-06
-1.88664e-06
-1.77432e-06
-1.6351e-06
-1.42347e-06
-1.14738e-06
-8.49211e-07
-5.7784e-07
-3.6469e-07
-2.16634e-07
-1.22698e-07
-6.59952e-08
-3.19071e-08
-1.12108e-08
1.35478e-09
8.46217e-09
1.21826e-08
1.35265e-08
1.35597e-08
1.29473e-08
1.01507e-08
1.14583e-08
-1.14606e-09
1.90973e-08
-4.36096e-08
7.79611e-08
-2.22256e-07
0.059762
0.0585331
0.0543867
0.048079
0.038837
0.0259069
0.00872192
-0.0135139
-0.0404147
-0.0713096
-0.103286
-0.132289
-0.15856
-0.18122
-0.199957
-0.214916
-0.226086
-0.233539
-0.237376
-0.237841
-0.235415
-0.230835
-0.224958
-0.218545
-0.212021
-0.205329
-0.197924
-0.188996
-0.177883
-0.164434
-0.149109
-0.13278
-0.116432
-0.100912
-0.0868177
-0.0744772
-0.0639939
-0.055305
-0.0482359
-0.042545
-0.0379611
-0.034212
-0.031054
-0.0282935
-0.0257965
-0.0234857
-0.0213279
-0.0193177
-0.0174631
-0.0157746
-0.01426
-0.0129209
-0.0117531
-0.0107469
-0.00988857
-0.00916134
-0.00854652
-0.00802454
-0.00757605
-0.00718289
-0.00682892
-0.00650087
-0.0061889
-0.00588656
-0.00559049
-0.00529979
-0.00501528
-0.00473869
-0.00447214
-0.00421757
-0.00397655
-0.00375003
-0.00353837
-0.00334136
-0.00315831
-0.00298819
-0.00282972
-0.00268155
-0.00254232
-0.00241079
-0.00228587
-0.00216666
-0.00205247
-0.0019428
-0.00183734
-0.00173588
-0.00163833
-0.00154464
-0.0014548
-0.0013688
-0.00128662
-0.00120821
-0.00113348
-0.00106233
-0.000994628
-0.000930221
-0.000868955
-0.000810672
-0.000755224
-0.000702469
-0.000652285
-0.000604563
-0.000559211
-0.000516151
-0.000475319
-0.000436663
-0.000400139
-0.000365713
-0.000333354
-0.000303038
-0.000274743
-0.000248449
-0.000224134
-0.000201761
-0.00018127
-0.000162548
-0.000145419
-0.00012963
-0.000114861
-0.000100775
-8.70835e-05
-7.3648e-05
-6.05501e-05
-4.81059e-05
-3.67892e-05
-2.70797e-05
-1.92919e-05
-1.34657e-05
-9.3701e-06
-6.61201e-06
-4.78484e-06
-3.57442e-06
-2.78369e-06
-2.29202e-06
-2.00102e-06
-1.81079e-06
-1.63212e-06
-1.41191e-06
-1.14539e-06
-8.62384e-07
-6.02552e-07
-3.93605e-07
-2.43365e-07
-1.43963e-07
-8.14077e-08
-4.26307e-08
-1.87096e-08
-4.05552e-09
4.39322e-09
9.02422e-09
1.09291e-08
1.13794e-08
1.08028e-08
8.26537e-09
8.52931e-09
-2.82921e-09
1.13458e-08
-4.064e-08
4.68394e-08
-1.77117e-07
0.0569831
0.0556742
0.0512595
0.0446341
0.0350799
0.021987
0.00494826
-0.0165548
-0.0421137
-0.070946
-0.100848
-0.128701
-0.154197
-0.176481
-0.19514
-0.210168
-0.221522
-0.229259
-0.233506
-0.234524
-0.232764
-0.22887
-0.223561
-0.217466
-0.210933
-0.203934
-0.19607
-0.186759
-0.17554
-0.162348
-0.147592
-0.132004
-0.116416
-0.101559
-0.087963
-0.0759352
-0.0655877
-0.0568854
-0.0496909
-0.0438028
-0.0389886
-0.03501
-0.0316491
-0.0287273
-0.0261151
-0.0237312
-0.0215333
-0.0195057
-0.0176466
-0.0159595
-0.0144464
-0.013106
-0.0119324
-0.0109157
-0.0100425
-0.0092971
-0.00866207
-0.00811923
-0.00765054
-0.00723898
-0.0068693
-0.00652881
-0.00620781
-0.00589966
-0.00560055
-0.00530895
-0.00502499
-0.0047498
-0.00448493
-0.00423194
-0.0039921
-0.00376624
-0.00355467
-0.00335721
-0.00317326
-0.00300192
-0.00284204
-0.0026924
-0.00255175
-0.00241892
-0.00229288
-0.00217277
-0.00205788
-0.00194772
-0.00184193
-0.00174027
-0.00164261
-0.00154886
-0.00145899
-0.00137296
-0.00129073
-0.00121224
-0.00113741
-0.00106613
-0.000998268
-0.000933692
-0.000872252
-0.000813798
-0.000758187
-0.000705286
-0.000654974
-0.000607144
-0.000561703
-0.000518574
-0.000477691
-0.000438999
-0.000402454
-0.000368017
-0.000335656
-0.000305344
-0.000277053
-0.000250761
-0.000226438
-0.00020404
-0.000183497
-0.00016469
-0.000147439
-0.000131493
-0.000116542
-0.000102266
-8.84017e-05
-7.48311e-05
-6.16497e-05
-4.91729e-05
-3.78583e-05
-2.81587e-05
-2.03604e-05
-1.44832e-05
-1.02906e-05
-7.39811e-06
-5.41629e-06
-4.04984e-06
-3.11588e-06
-2.5038e-06
-2.1206e-06
-1.86804e-06
-1.65494e-06
-1.42246e-06
-1.15717e-06
-8.80381e-07
-6.254e-07
-4.17173e-07
-2.63917e-07
-1.59728e-07
-9.25223e-08
-5.02453e-08
-2.40944e-08
-8.1327e-09
1.08972e-09
6.25779e-09
8.52965e-09
9.33195e-09
8.80328e-09
6.58611e-09
5.8603e-09
-4.09722e-09
4.27772e-09
-3.69783e-08
1.93659e-08
-1.34668e-07
0.0547264
0.0533584
0.0487451
0.0418907
0.0321218
0.0189409
0.00205635
-0.0188568
-0.0433848
-0.0707075
-0.0990709
-0.125992
-0.150852
-0.172807
-0.191376
-0.206445
-0.217935
-0.225892
-0.230454
-0.23189
-0.23063
-0.227246
-0.22236
-0.216503
-0.209975
-0.202772
-0.194602
-0.18504
-0.173767
-0.16078
-0.146452
-0.13142
-0.116405
-0.102052
-0.0888408
-0.0770579
-0.0668212
-0.0581152
-0.0508301
-0.0447951
-0.0398069
-0.0356532
-0.0321357
-0.0290876
-0.0263831
-0.0239387
-0.0217059
-0.0196613
-0.0177961
-0.0161078
-0.0145944
-0.0132521
-0.0120735
-0.0110484
-0.0101636
-0.00940421
-0.00875364
-0.00819473
-0.00771047
-0.00728466
-0.00690275
-0.00655246
-0.00622422
-0.00591128
-0.0056095
-0.0053169
-0.00503312
-0.0047588
-0.00449507
-0.0042432
-0.00400422
-0.00377885
-0.00356734
-0.00336955
-0.00318495
-0.0030127
-0.00285178
-0.00270103
-0.0025593
-0.00242548
-0.00229858
-0.00217775
-0.00206232
-0.00195175
-0.00184567
-0.00174383
-0.00164606
-0.00155225
-0.00146233
-0.00137627
-0.00129399
-0.00121543
-0.00114052
-0.00106913
-0.00100115
-0.000936446
-0.000874873
-0.000816289
-0.000760554
-0.00070754
-0.000657127
-0.00060921
-0.000563697
-0.000520511
-0.000479584
-0.000440861
-0.000404294
-0.000369844
-0.000337475
-0.000307159
-0.000278865
-0.000252566
-0.000228224
-0.000205791
-0.000185185
-0.000166284
-0.000148903
-0.000132794
-0.000117662
-0.000103203
-8.91798e-05
-7.54958e-05
-6.22594e-05
-4.97844e-05
-3.85111e-05
-2.88639e-05
-2.10995e-05
-1.52166e-05
-1.09724e-05
-7.99038e-06
-5.89751e-06
-4.41612e-06
-3.37693e-06
-2.6772e-06
-2.22727e-06
-1.92906e-06
-1.68931e-06
-1.44519e-06
-1.1776e-06
-9.0225e-07
-6.4821e-07
-4.38486e-07
-2.81471e-07
-1.72579e-07
-1.01066e-07
-5.562e-08
-2.75216e-08
-1.05341e-08
-8.42381e-10
4.54413e-09
6.89681e-09
7.81983e-09
7.19885e-09
5.20878e-09
3.56409e-09
-5.04801e-09
-1.74842e-09
-3.32989e-08
-3.26983e-09
-9.80577e-08
0.0530151
0.0516058
0.0468528
0.0398414
0.0299315
0.0167078
-4.11343e-05
-0.0205112
-0.0442905
-0.0705544
-0.0978294
-0.124049
-0.148424
-0.170116
-0.188599
-0.203685
-0.215272
-0.223394
-0.228194
-0.229941
-0.229045
-0.226028
-0.221443
-0.215759
-0.209242
-0.201906
-0.193533
-0.183806
-0.172503
-0.159666
-0.145642
-0.131004
-0.116398
-0.102409
-0.0894769
-0.0778744
-0.0677214
-0.0590163
-0.0516687
-0.0455296
-0.0404169
-0.036137
-0.0325056
-0.0293646
-0.0265913
-0.0241007
-0.0218402
-0.0197812
-0.0179099
-0.0162194
-0.014705
-0.0133605
-0.012178
-0.0111465
-0.0102533
-0.00948361
-0.00882172
-0.00825114
-0.00775552
-0.00731931
-0.00692842
-0.00657088
-0.00623724
-0.00592065
-0.00561676
-0.00532327
-0.00503947
-0.00476565
-0.00450267
-0.00425154
-0.00401315
-0.00378812
-0.00357667
-0.00337865
-0.00319359
-0.00302071
-0.00285903
-0.00270749
-0.00256498
-0.00243044
-0.0023029
-0.00218155
-0.00206569
-0.00195481
-0.00184851
-0.00174652
-0.00164865
-0.00155479
-0.00146483
-0.00137873
-0.00129642
-0.00121781
-0.00114283
-0.00107137
-0.00100331
-0.000938509
-0.00087684
-0.000818161
-0.000762336
-0.000709239
-0.000658752
-0.000610771
-0.000565205
-0.000521976
-0.000481015
-0.000442266
-0.000405682
-0.00037122
-0.000338844
-0.000308523
-0.000280224
-0.000253916
-0.000229556
-0.000207089
-0.000186429
-0.000167447
-0.000149956
-0.000133714
-0.000118434
-0.000103831
-8.96849e-05
-7.59189e-05
-6.26504e-05
-5.01899e-05
-3.8962e-05
-2.93672e-05
-2.16376e-05
-1.57555e-05
-1.1474e-05
-8.42475e-06
-6.24933e-06
-4.68487e-06
-3.57261e-06
-2.81436e-06
-2.32092e-06
-1.99247e-06
-1.73327e-06
-1.4777e-06
-1.2036e-06
-9.23917e-07
-6.65825e-07
-4.51621e-07
-2.90027e-07
-1.77233e-07
-1.03088e-07
-5.63813e-08
-2.80602e-08
-1.13819e-08
-2.10537e-09
3.0188e-09
5.27755e-09
6.34624e-09
5.77138e-09
4.09853e-09
1.79695e-09
-5.63226e-09
-6.36706e-09
-3.00518e-08
-2.03826e-08
-6.93417e-08
0.0518658
0.0504304
0.0455887
0.0384795
0.0284849
0.0152432
-0.00140668
-0.0215819
-0.0448736
-0.0704643
-0.0970432
-0.122796
-0.146845
-0.168354
-0.186774
-0.201867
-0.213516
-0.221745
-0.226699
-0.228647
-0.227982
-0.2252
-0.220808
-0.215234
-0.208727
-0.201313
-0.19282
-0.182998
-0.171684
-0.158946
-0.145119
-0.130735
-0.116394
-0.102641
-0.089891
-0.0784073
-0.0683108
-0.059608
-0.0522213
-0.0460157
-0.0408227
-0.0364607
-0.0327549
-0.0295526
-0.0267334
-0.0242115
-0.0219319
-0.0198626
-0.0179864
-0.016294
-0.0147785
-0.0134324
-0.0122471
-0.0112114
-0.0103125
-0.0095362
-0.00886691
-0.00828869
-0.00778565
-0.00734262
-0.00694582
-0.00658349
-0.00624623
-0.00592718
-0.00562182
-0.00532767
-0.00504378
-0.00477024
-0.0045077
-0.00425704
-0.00401902
-0.0037942
-0.00358279
-0.00338464
-0.00319928
-0.00302599
-0.00286383
-0.00271178
-0.00256876
-0.00243375
-0.0023058
-0.00218409
-0.00206796
-0.00195687
-0.00185042
-0.00174833
-0.00165039
-0.00155648
-0.00146649
-0.00138037
-0.00129802
-0.00121938
-0.00114436
-0.00107285
-0.00100473
-0.000939873
-0.000878142
-0.000819401
-0.000763517
-0.000710364
-0.000659828
-0.000611804
-0.000566202
-0.000522943
-0.000481958
-0.000443191
-0.000406593
-0.000372121
-0.000339738
-0.000309411
-0.000281107
-0.000254788
-0.000230413
-0.000207918
-0.000187214
-0.000168167
-0.000150592
-0.000134246
-0.000118853
-0.000104139
-8.98999e-05
-7.60711e-05
-6.27776e-05
-5.03285e-05
-3.91374e-05
-2.95875e-05
-2.18934e-05
-1.6025e-05
-1.17323e-05
-8.65218e-06
-6.43597e-06
-4.83043e-06
-3.68327e-06
-2.89844e-06
-2.38594e-06
-2.04405e-06
-1.77525e-06
-1.51249e-06
-1.23249e-06
-9.4723e-07
-6.83409e-07
-4.63402e-07
-2.96457e-07
-1.7941e-07
-1.02508e-07
-5.45391e-08
-2.61038e-08
-9.97082e-09
-1.4609e-09
2.98846e-09
4.77333e-09
5.59998e-09
4.84852e-09
3.30855e-09
5.28406e-10
-6.02878e-09
-9.51813e-09
-2.76688e-08
-3.1732e-08
-4.97372e-08
0.0512884
0.0498407
0.0449556
0.0377999
0.0277656
0.0145181
-0.00207961
-0.0221075
-0.0451586
-0.0704219
-0.0966614
-0.122181
-0.146066
-0.167482
-0.185867
-0.200962
-0.212641
-0.220924
-0.225956
-0.228003
-0.227455
-0.224788
-0.220491
-0.214972
-0.208471
-0.201019
-0.192469
-0.182602
-0.171284
-0.158595
-0.144864
-0.130604
-0.116393
-0.102756
-0.0900956
-0.0786707
-0.0686024
-0.0599011
-0.0524953
-0.0462571
-0.0410246
-0.0366223
-0.0328797
-0.0296471
-0.0268051
-0.0242676
-0.0219783
-0.0199037
-0.018025
-0.0163315
-0.0148153
-0.0134684
-0.0122816
-0.0112438
-0.0103421
-0.00956241
-0.00888943
-0.00830742
-0.00780069
-0.00735427
-0.00695454
-0.00658983
-0.00625078
-0.0059305
-0.0056244
-0.00532992
-0.00504598
-0.00477257
-0.00451024
-0.0042598
-0.00402197
-0.00379725
-0.00358585
-0.00338763
-0.00320213
-0.00302863
-0.00286624
-0.00271393
-0.00257066
-0.00243541
-0.00230725
-0.00218537
-0.0020691
-0.00195791
-0.00185138
-0.00174923
-0.00165126
-0.00155733
-0.00146733
-0.00138119
-0.00129883
-0.00122018
-0.00114514
-0.0010736
-0.00100545
-0.000940563
-0.000878801
-0.000820029
-0.000764116
-0.000710937
-0.000660377
-0.000612333
-0.000566713
-0.00052344
-0.000482445
-0.00044367
-0.000407066
-0.000372591
-0.000340206
-0.000309878
-0.000281572
-0.000255251
-0.00023087
-0.000208365
-0.000187644
-0.000168572
-0.000150964
-0.00013458
-0.000119146
-0.000104392
-9.01193e-05
-7.6267e-05
-6.29612e-05
-5.05084e-05
-3.93167e-05
-2.97628e-05
-2.2056e-05
-1.61651e-05
-1.18433e-05
-8.73344e-06
-6.49346e-06
-4.87394e-06
-3.72284e-06
-2.94085e-06
-2.43328e-06
-2.09422e-06
-1.82377e-06
-1.55452e-06
-1.26434e-06
-9.67177e-07
-6.91842e-07
-4.62438e-07
-2.8925e-07
-1.69339e-07
-9.24526e-08
-4.64108e-08
-2.0727e-08
-7.26413e-09
-7.90922e-10
2.46569e-09
3.78998e-09
4.61671e-09
4.03733e-09
2.84417e-09
5.09503e-12
-6.02329e-09
-1.09109e-08
-2.62822e-08
-3.71858e-08
-3.98791e-08
-0.464671
-0.249957
-0.142493
-0.464671
-0.249957
-0.340671
-0.346177
-0.43486
-0.340671
-0.346177
0.125206
0.413992
0.307981
0.33241
0.125206
0.413992
0.307982
-0.113022
-0.334946
-0.334946
-0.318677
-0.319287
-0.318081
-0.32587
-0.318677
-0.319287
-0.318081
0.488704
0.430679
0.488704
-0.316249
-0.314244
-0.316249
-0.314244
0.430911
0.488738
0.430911
-0.314087
-0.31511
-0.314087
-0.31511
0.308749
0.332838
0.126139
0.414317
0.308749
0.332838
0.126139
-0.111748
-0.111748
-0.333179
-0.333179
-0.316599
-0.324111
-0.31676
-0.317772
-0.316599
-0.324111
-0.31676
-0.141322
-0.462798
-0.248561
-0.141322
-0.462798
-0.344355
-0.432912
-0.338883
-0.344355
-0.432911
-0.338883
-0.291428
-0.168579
-0.358657
-0.124621
-0.291428
-0.168579
-0.358658
-0.319428
-0.414597
-0.333296
-0.341225
-0.319429
-0.414595
-0.333297
0.103901
0.26439
0.108579
0.19394
0.103901
0.26439
0.108579
-0.418997
-0.43569
-0.407498
-0.45823
-0.408307
-0.458533
-0.418802
-0.315839
-0.327172
-0.32207
-0.323175
-0.315839
-0.327172
-0.32207
-0.105828
-0.32087
-0.326193
-0.320334
-0.327807
-0.320396
-0.32779
-0.320843
-0.31381
-0.317108
-0.317041
-0.313876
-0.311752
-0.311113
-0.311046
-0.311818
-0.318375
-0.31651
-0.31535
-0.322022
-0.315301
-0.32301
-0.318203
0.109499
0.19448
0.10471
0.264879
0.109499
0.19448
0.10471
-0.371411
-0.246265
-0.16281
-0.165102
-0.374424
-0.319819
-0.321349
-0.313357
-0.325338
-0.319819
-0.321349
-0.313357
-0.357045
-0.123587
-0.289964
-0.167388
-0.357045
-0.123587
-0.289964
-0.331468
-0.339555
-0.317607
-0.412712
-0.331469
-0.339555
-0.317607
-0.36724
-0.466235
-0.356679
-0.486042
-0.357665
-0.487249
-0.366405
-0.373042
-0.247659
-0.164097
-0.166393
-0.376061
-0.367242
-0.466235
-0.356681
-0.486041
-0.357666
-0.487248
-0.366407
-0.373041
-0.247659
-0.164097
-0.166393
-0.37606
-0.360278
-0.346189
-0.343942
-0.34411
-0.360486
-0.418997
-0.43569
-0.407498
-0.458229
-0.408307
-0.458533
-0.418801
-0.360278
-0.346189
-0.343942
-0.34411
-0.360486
0.327451
0.123815
0.261518
0.109484
0.260824
0.107618
0.329091
0.374456
0.326967
0.201903
0.433864
0.173237
0.437868
0.377053
0.327451
0.123815
0.261518
0.109484
0.260825
0.107618
0.329091
0.374456
0.326967
0.201904
0.433864
0.173238
0.437868
0.377053
-0.105828
-0.334947
-0.334947
-0.319836
-0.317981
-0.32372
-0.316554
-0.324745
-0.316502
-0.319657
-0.32087
-0.326193
-0.320334
-0.327807
-0.320396
-0.32779
-0.320843
-0.319836
-0.317981
-0.32372
-0.316554
-0.324745
-0.316502
-0.319657
0.52972
0.462877
0.465981
0.527695
0.567772
0.58825
0.589338
0.566377
0.52972
0.462877
0.465981
0.527695
0.567772
0.58825
0.589338
0.566377
-0.312286
-0.311296
-0.311228
-0.312354
-0.31381
-0.317108
-0.317041
-0.313876
-0.312286
-0.311296
-0.311228
-0.312354
0.567972
0.588318
0.589405
0.566579
0.53004
0.46333
0.466429
0.528019
0.567972
0.588318
0.589405
0.566579
0.53004
0.46333
0.466429
0.528019
-0.312967
-0.315957
-0.315893
-0.31303
-0.311752
-0.311113
-0.311046
-0.311818
-0.312967
-0.315957
-0.315893
-0.31303
0.375009
0.327708
0.434355
0.202773
0.438353
0.174153
0.377602
0.32805
0.124746
0.110452
0.262177
0.10859
0.261486
0.329686
0.375009
0.327708
0.434355
0.202773
0.438353
0.174153
0.377602
0.32805
0.124746
0.110452
0.262177
0.10859
0.261486
0.329686
-0.104564
-0.104564
-0.333177
-0.333177
-0.319271
-0.324424
-0.325991
-0.31868
-0.325972
-0.318741
-0.319245
-0.318375
-0.31651
-0.31535
-0.322022
-0.315301
-0.32301
-0.318203
-0.319271
-0.324424
-0.325991
-0.31868
-0.325972
-0.318741
-0.319245
-0.365553
-0.464358
-0.484121
-0.355038
-0.485326
-0.356022
-0.364718
-0.37141
-0.246265
-0.16281
-0.165102
-0.374423
-0.365554
-0.464358
-0.484121
-0.35504
-0.485326
-0.356023
-0.364719
-0.358457
-0.344366
-0.342158
-0.342324
-0.358668
-0.41708
-0.43374
-0.45624
-0.405612
-0.456543
-0.406418
-0.416886
-0.358457
-0.344366
-0.342158
-0.342324
-0.358667
-0.41708
-0.433739
-0.456239
-0.405613
-0.456542
-0.406419
-0.416887
-0.370661
-0.143375
-0.325784
-0.160632
-0.325665
-0.162705
-0.371506
0.327743
0.303051
0.37038
0.275878
0.327743
0.303051
0.37038
-0.322651
-0.322168
-0.327944
-0.324128
-0.322651
-0.322168
-0.327944
0.40285
0.331077
0.420016
0.320884
0.402849
0.331077
0.420016
0.530664
0.431919
0.504917
0.465823
0.506397
0.466906
0.529425
-0.321491
-0.317546
-0.322595
-0.319075
-0.321491
-0.317546
-0.322595
0.420059
0.320976
0.402973
0.331108
0.420059
0.320976
0.402973
0.553096
0.489827
0.562253
0.480346
0.563415
0.481468
0.551909
-0.322142
-0.317946
-0.319985
-0.317122
-0.322142
-0.317946
-0.319985
0.370584
0.276078
0.328013
0.303196
0.370584
0.276078
0.328013
-0.325512
-0.32152
-0.319361
-0.320199
-0.325512
-0.32152
-0.319361
-0.325505
-0.321123
-0.326501
-0.321166
-0.326664
-0.317055
-0.316968
-0.370661
-0.143375
-0.325784
-0.160632
-0.325665
-0.162705
-0.371505
-0.363112
-0.340968
-0.354029
-0.35124
-0.354487
-0.351399
-0.363142
-0.363112
-0.340968
-0.354029
-0.35124
-0.354488
-0.351399
-0.363142
0.552982
0.489793
0.480243
0.562214
0.481365
0.563375
0.551795
0.530664
0.431919
0.504917
0.465823
0.506397
0.466906
0.529425
0.552982
0.489793
0.480243
0.562214
0.481365
0.563375
0.551795
-0.313745
-0.316194
-0.314851
-0.315565
-0.314742
-0.315518
-0.313838
-0.312696
-0.314192
-0.314637
-0.312145
-0.314586
-0.312082
-0.312768
-0.313745
-0.316194
-0.314851
-0.315565
-0.314742
-0.315518
-0.313838
-0.312696
-0.314192
-0.314637
-0.312145
-0.314586
-0.312082
-0.312768
0.530851
0.432151
0.465988
0.505169
0.46707
0.506648
0.529612
0.553096
0.489827
0.562253
0.480346
0.563414
0.481468
0.55191
0.530851
0.432151
0.465988
0.50517
0.46707
0.506649
0.529612
-0.312241
-0.314036
-0.311987
-0.314139
-0.311924
-0.314089
-0.31231
-0.312989
-0.315058
-0.314781
-0.313856
-0.314735
-0.313753
-0.31308
-0.312241
-0.314036
-0.311987
-0.314139
-0.311924
-0.314089
-0.312311
-0.31299
-0.315058
-0.314781
-0.313856
-0.314735
-0.313753
-0.31308
-0.369043
-0.142202
-0.159391
-0.324285
-0.16146
-0.324165
-0.369886
-0.369043
-0.142202
-0.159391
-0.324285
-0.16146
-0.324165
-0.369885
-0.361286
-0.339179
-0.349406
-0.352224
-0.349565
-0.35268
-0.361318
-0.361286
-0.339179
-0.349406
-0.352223
-0.349565
-0.35268
-0.361318
0.103254
0.0922725
0.21075
0.0880423
0.210015
0.15589
0.156453
0.103254
0.0922725
0.21075
0.0880424
0.210015
0.15589
0.156453
-0.327342
-0.328322
-0.322887
-0.328489
-0.322931
-0.318819
-0.318731
-0.327342
-0.328322
-0.322887
-0.328489
-0.322931
-0.318819
-0.318731
0.104181
0.211455
0.0931929
0.210723
0.0889689
0.156628
0.157188
0.104181
0.211455
0.0931929
0.210723
0.088969
0.156628
0.157188
-0.325505
-0.321123
-0.326501
-0.321167
-0.326664
-0.317055
-0.316968
0.0599337
0.150496
0.0772136
0.102965
0.0599337
0.150496
0.0772135
-0.296381
-0.314521
-0.334447
-0.304809
-0.296381
-0.31452
-0.334447
0.250678
0.251104
0.284226
0.213973
0.250678
0.251104
0.284226
-0.321539
-0.327026
-0.332645
-0.325746
-0.321539
-0.327026
-0.332645
0.284544
0.214248
0.251034
0.251346
0.284544
0.214248
0.251035
-0.328472
-0.322137
-0.317019
-0.323667
-0.328472
-0.322137
-0.317019
0.0780008
0.103533
0.0607019
0.151067
0.0780008
0.103533
0.0607019
-0.331713
-0.302804
-0.293548
-0.312629
-0.331713
-0.302804
-0.293548
)
;

boundaryField
{
    inlet
    {
        type            zeroGradient;
    }
    outlet
    {
        type            fixedValue;
        value           uniform 0;
    }
    top
    {
        type            symmetryPlane;
    }
    bottom
    {
        type            symmetryPlane;
    }
    front
    {
        type            symmetryPlane;
    }
    back
    {
        type            symmetryPlane;
    }
    cylinder
    {
        type            zeroGradient;
    }
}


// ************************************************************************* //
