/*--------------------------------*- C++ -*----------------------------------*\
  =========                 |
  \\      /  F ield         | OpenFOAM: The Open Source CFD Toolbox
   \\    /   O peration     | Website:  https://openfoam.org
    \\  /    A nd           | Version:  11
     \\/     M anipulation  |
\*---------------------------------------------------------------------------*/
FoamFile
{
    format      ascii;
    class       volScalarField;
    location    "9.400586";
    object      p;
}
// * * * * * * * * * * * * * * * * * * * * * * * * * * * * * * * * * * * * * //

dimensions      [0 2 -2 0 0 0 0];

internalField   nonuniform List<scalar> 
7132
(
0.0593168
0.0579831
0.0534652
0.0468658
0.037629
0.0254786
0.010349
-0.00773762
-0.0282428
-0.0501854
-0.0721338
-0.092161
-0.109113
-0.121906
-0.129737
-0.132181
-0.129143
-0.12105
-0.108912
-0.094189
-0.0784906
-0.0633275
-0.0499151
-0.0390406
-0.0309207
-0.0250953
-0.0204834
-0.0158429
-0.010394
-0.00408069
0.00267577
0.0093769
0.0157005
0.0215698
0.0270602
0.0322094
0.0367992
0.040165
0.0412645
0.0393198
0.0347533
0.02956
0.0261959
0.0258783
0.0280675
0.0313426
0.0345056
0.0369952
0.0388036
0.0402346
0.0416309
0.0430825
0.0439638
0.0426121
0.0366696
0.024694
0.0083046
-0.00721789
-0.0158123
-0.0151178
-0.00783204
0.00113028
0.00835184
0.0128739
0.0151523
0.0159435
0.0157894
0.0149141
0.0132632
0.0106709
0.00709908
0.0028621
-0.00135153
-0.00474681
-0.00681865
-0.00754846
-0.00730437
-0.00656446
-0.0057041
-0.00493067
-0.00431602
-0.00385658
-0.00352197
-0.0032821
-0.00311692
-0.00301676
-0.00297838
-0.00299957
-0.00307387
-0.00318758
-0.00331987
-0.00344627
-0.00354387
-0.00359623
-0.00359588
-0.0035442
-0.00344892
-0.00332099
-0.0031719
-0.00301194
-0.00284951
-0.00269098
-0.00254086
-0.00240204
-0.00227605
-0.00216325
-0.00206301
-0.00197397
-0.00189427
-0.0018218
-0.00175444
-0.00169027
-0.00162771
-0.00156563
-0.00150338
-0.00144068
-0.0013776
-0.00131443
-0.00125162
-0.00118963
-0.00112892
-0.00106989
-0.00101287
-0.000958051
-0.000905567
-0.000855448
-0.000807652
-0.000762084
-0.000718613
-0.000677087
-0.000637352
-0.000599262
-0.000562689
-0.000527525
-0.000493684
-0.000461102
-0.000429736
-0.000399555
-0.000370541
-0.000342683
-0.000315977
-0.000290417
-0.000266001
-0.000242717
-0.000220567
-0.000199516
-0.000179578
-0.000160674
-0.000142855
-0.000125944
-0.0001101
-9.49249e-05
-8.08615e-05
-6.69571e-05
-5.46131e-05
-4.07405e-05
-3.16541e-05
-1.22774e-05
-1.86447e-05
3.69601e-05
0.0598504
0.0585276
0.054048
0.0474877
0.0382801
0.0261217
0.0109221
-0.00733376
-0.0281062
-0.0504077
-0.0727336
-0.0930387
-0.110207
-0.123152
-0.131067
-0.133521
-0.130387
-0.12207
-0.109596
-0.0944812
-0.0784008
-0.062929
-0.0493289
-0.038416
-0.0304099
-0.0248164
-0.0204724
-0.0160396
-0.0106872
-0.00437164
0.00244412
0.00922586
0.015632
0.0215791
0.0271429
0.0323604
0.0370113
0.0404126
0.0414795
0.0393857
0.0345526
0.0290629
0.025513
0.0251816
0.0274854
0.0309133
0.0342141
0.0368153
0.0387117
0.0402074
0.0416355
0.0430767
0.043883
0.0423626
0.0361319
0.0237447
0.0068567
-0.00912575
-0.0179166
-0.0170244
-0.00923063
0.000292793
0.00794631
0.0127428
0.0151837
0.0160696
0.0159649
0.0151028
0.0134291
0.0107758
0.00710627
0.00274785
-0.00158322
-0.00505698
-0.00715184
-0.00785067
-0.00754529
-0.00673829
-0.00581945
-0.00500086
-0.00435354
-0.00387142
-0.00352172
-0.00327258
-0.00310261
-0.00300101
-0.0029637
-0.00298787
-0.00306655
-0.00318543
-0.00332303
-0.00345413
-0.00355521
-0.00360945
-0.00360933
-0.00355651
-0.00345914
-0.00332863
-0.00317684
-0.00301439
-0.00284985
-0.0026897
-0.00253846
-0.00239902
-0.00227281
-0.00216012
-0.00206021
-0.00197165
-0.0018925
-0.00182057
-0.0017537
-0.00168992
-0.00162766
-0.00156578
-0.00150361
-0.00144091
-0.00137777
-0.00131451
-0.00125157
-0.00118945
-0.00112863
-0.00106951
-0.00101241
-0.000957553
-0.000905052
-0.000854935
-0.000807159
-0.000761623
-0.000718189
-0.000676703
-0.000637006
-0.000598951
-0.000562408
-0.000527267
-0.000493443
-0.000460873
-0.000429514
-0.000399336
-0.000370323
-0.000342465
-0.000315758
-0.000290196
-0.000265779
-0.000242494
-0.000220343
-0.000199295
-0.000179358
-0.000160461
-0.000142643
-0.000125753
-0.000109893
-9.47876e-05
-8.06259e-05
-6.69778e-05
-5.41614e-05
-4.13137e-05
-3.01611e-05
-1.49845e-05
-1.27687e-05
2.5525e-05
0.0609128
0.0596131
0.0552121
0.0487348
0.0395911
0.0274231
0.0120892
-0.00650539
-0.0278187
-0.0508566
-0.0739549
-0.0948167
-0.112417
-0.125663
-0.133746
-0.13622
-0.132892
-0.124121
-0.110966
-0.0950553
-0.0781986
-0.062099
-0.0481171
-0.0371279
-0.0293594
-0.0242495
-0.0204636
-0.016461
-0.011304
-0.00497933
0.0019604
0.00890583
0.0154762
0.0215759
0.0272841
0.0326383
0.0374142
0.0408905
0.0418928
0.039491
0.0341029
0.0279963
0.024063
0.0237131
0.0262677
0.0300193
0.0336038
0.0364284
0.038496
0.0401156
0.0416032
0.0430175
0.0436626
0.0417829
0.0349277
0.0216357
0.00367648
-0.0132545
-0.0224227
-0.0210702
-0.012181
-0.00146141
0.00709967
0.0124612
0.0152309
0.0163073
0.0163036
0.0154718
0.0137559
0.0109816
0.00711404
0.00250663
-0.00206668
-0.00570512
-0.00784322
-0.00847426
-0.00803997
-0.00709352
-0.00605438
-0.00514363
-0.00443006
-0.00390205
-0.00352183
-0.00325386
-0.00307403
-0.00296933
-0.002934
-0.00296405
-0.00305146
-0.00318081
-0.00332921
-0.00346993
-0.00357815
-0.00363628
-0.0036367
-0.0035816
-0.00348001
-0.00334425
-0.00318701
-0.00301949
-0.00285066
-0.0026872
-0.00253369
-0.00239294
-0.00226627
-0.00215377
-0.00205454
-0.00196694
-0.00188888
-0.00181804
-0.00175216
-0.00168921
-0.00162756
-0.00156607
-0.0015041
-0.00144142
-0.00137817
-0.0013147
-0.00125151
-0.00118914
-0.00112808
-0.00106876
-0.00101152
-0.000956568
-0.000904026
-0.000853914
-0.000806177
-0.000760702
-0.000717345
-0.000675939
-0.000636321
-0.000598337
-0.000561854
-0.000526761
-0.000492974
-0.000460429
-0.000429086
-0.000398917
-0.000369907
-0.000342049
-0.000315339
-0.000289775
-0.000265356
-0.000242071
-0.000219921
-0.000198879
-0.000178947
-0.000160067
-0.000142251
-0.000125406
-0.00010952
-9.45514e-05
-8.02085e-05
-6.70574e-05
-5.33459e-05
-4.24766e-05
-2.73688e-05
-2.02901e-05
-1.6404e-06
3.54376e-06
0.0624952
0.0612323
0.0569561
0.0506137
0.0415801
0.0294134
0.0138911
-0.00521225
-0.0273546
-0.0515465
-0.0758497
-0.0975499
-0.115801
-0.129503
-0.137854
-0.140383
-0.136777
-0.127313
-0.113098
-0.0959438
-0.0778755
-0.060798
-0.0462224
-0.0351186
-0.0277343
-0.0234048
-0.0205178
-0.017198
-0.0123349
-0.00597425
0.00117581
0.00838242
0.0152047
0.0215323
0.0274539
0.0330101
0.0379728
0.0415614
0.0424572
0.0395567
0.033268
0.0261625
0.0216308
0.0212963
0.0243
0.0285929
0.0326288
0.0357928
0.0381125
0.0399114
0.0414819
0.042837
0.0432088
0.0407503
0.0329115
0.018205
-0.00144525
-0.0199103
-0.0297389
-0.0276849
-0.0169956
-0.00430099
0.00573671
0.0119914
0.0152653
0.0166313
0.0167852
0.0160058
0.0142305
0.0112714
0.0070942
0.00209384
-0.00286254
-0.00675721
-0.00895384
-0.00946267
-0.00881366
-0.0076417
-0.00641245
-0.00535881
-0.00454393
-0.00394635
-0.00352007
-0.00322384
-0.00302939
-0.00292035
-0.00288845
-0.00292787
-0.00302907
-0.00317484
-0.00334011
-0.00349575
-0.00361489
-0.00367875
-0.00367959
-0.00362056
-0.00351208
-0.00336797
-0.00320215
-0.00302676
-0.00285134
-0.00268285
-0.00252593
-0.0023833
-0.00225605
-0.00214397
-0.00204587
-0.00195983
-0.00188349
-0.00181437
-0.00175002
-0.00168832
-0.00162759
-0.00156668
-0.00150496
-0.00144227
-0.00137881
-0.001315
-0.00125141
-0.00118863
-0.0011272
-0.00106758
-0.00101012
-0.000955038
-0.000902444
-0.000852347
-0.000804677
-0.000759305
-0.00071607
-0.000674792
-0.000635296
-0.000597421
-0.000561029
-0.000526008
-0.000492274
-0.000459765
-0.000428443
-0.000398284
-0.000369276
-0.000341414
-0.0003147
-0.00028913
-0.000264706
-0.00024142
-0.000219271
-0.000198236
-0.00017831
-0.000159453
-0.000141641
-0.000124857
-0.000108937
-9.41582e-05
-7.95653e-05
-6.71063e-05
-5.21463e-05
-4.40494e-05
-2.33641e-05
-2.77449e-05
1.42973e-05
-2.77974e-05
0.0645829
0.063373
0.0592759
0.0531332
0.0442733
0.0321399
0.0163934
-0.00338741
-0.0266678
-0.0524975
-0.0784969
-0.101315
-0.120429
-0.134732
-0.14344
-0.146057
-0.142089
-0.131678
-0.115996
-0.0971115
-0.0773583
-0.058922
-0.0435249
-0.032275
-0.0254605
-0.0222808
-0.0207126
-0.0183743
-0.0139026
-0.0074514
2.38752e-05
0.00760596
0.0147722
0.0213986
0.0275947
0.0334113
0.0386192
0.0423554
0.0430849
0.0394435
0.0318155
0.0232344
0.0178592
0.0176278
0.0213784
0.026512
0.0312078
0.0348382
0.0374875
0.0395115
0.0411626
0.0423782
0.0423229
0.039051
0.0298965
0.0134
-0.00833516
-0.028806
-0.039732
-0.0370381
-0.0239642
-0.00845035
0.00373745
0.0112726
0.015245
0.0170041
0.0173766
0.0166791
0.0148316
0.0116183
0.00700177
0.00143634
-0.00407023
-0.00832464
-0.0105835
-0.0108924
-0.00991319
-0.00840611
-0.00690244
-0.00564774
-0.0046932
-0.00400109
-0.0035128
-0.00317893
-0.00296545
-0.00285136
-0.00282496
-0.00287806
-0.00299904
-0.00316827
-0.0033575
-0.00353416
-0.00366841
-0.00373985
-0.00374064
-0.00367539
-0.00355666
-0.00340042
-0.00322236
-0.00303587
-0.00285128
-0.00267591
-0.00251444
-0.0023694
-0.00224155
-0.00213026
-0.0020339
-0.00195015
-0.00187632
-0.00180962
-0.00174743
-0.00168746
-0.00162798
-0.00156782
-0.00150639
-0.00144363
-0.00137981
-0.00131548
-0.0012513
-0.00118792
-0.00112597
-0.00106592
-0.00100816
-0.000952906
-0.000900253
-0.000850194
-0.000802634
-0.00075742
-0.000714365
-0.000673272
-0.00063395
-0.000596228
-0.000559961
-0.000525037
-0.00049137
-0.000458905
-0.000427607
-0.000397456
-0.000368446
-0.000340577
-0.000313852
-0.000288273
-0.000263842
-0.000240555
-0.000218407
-0.000197381
-0.000177464
-0.000158637
-0.000140833
-0.000124125
-0.000108168
-9.36188e-05
-7.87381e-05
-6.71074e-05
-5.06668e-05
-4.5907e-05
-1.84686e-05
-3.68412e-05
3.40797e-05
-6.68292e-05
0.0671549
0.0660176
0.0621646
0.0563035
0.0477053
0.0356668
0.0196872
-0.000935714
-0.0256928
-0.0537472
-0.0820234
-0.106231
-0.126421
-0.141487
-0.15069
-0.153494
-0.149113
-0.137473
-0.119829
-0.0986276
-0.0766256
-0.056381
-0.039896
-0.0284668
-0.0224599
-0.0209081
-0.0212041
-0.0202206
-0.0162307
-0.0095806
-0.0016102
0.00649576
0.0141095
0.0211009
0.0276201
0.0337394
0.0392408
0.0431389
0.0435863
0.0388588
0.0292935
0.018593
0.0121158
0.0122274
0.0172081
0.023612
0.0292344
0.0334724
0.0365251
0.0387947
0.0404539
0.0413781
0.0407206
0.0364111
0.025612
0.00688856
-0.0173571
-0.0400924
-0.0522509
-0.0489044
-0.0330752
-0.0140267
0.000987932
0.0102225
0.0151029
0.0173629
0.0180207
0.0174435
0.0155134
0.0119648
0.00675107
0.000408458
-0.00585543
-0.0105864
-0.0128878
-0.012875
-0.0114031
-0.00941615
-0.00753378
-0.00601066
-0.00487466
-0.00406201
-0.00349568
-0.00311517
-0.00287892
-0.00275982
-0.0027419
-0.002814
-0.00296203
-0.00316312
-0.00338474
-0.00358947
-0.00374343
-0.00382402
-0.00382348
-0.00374867
-0.00361523
-0.00344209
-0.00324735
-0.00304603
-0.0028494
-0.00266518
-0.00249806
-0.00235024
-0.00222199
-0.0021121
-0.00201834
-0.00193783
-0.00186745
-0.00180404
-0.0017447
-0.00168699
-0.00162908
-0.0015698
-0.00150866
-0.00144568
-0.00138129
-0.00131619
-0.00125115
-0.00118695
-0.00112428
-0.00106368
-0.00100553
-0.000950069
-0.000897369
-0.00084739
-0.000800003
-0.00075502
-0.000712221
-0.000671384
-0.000632297
-0.000594777
-0.000558671
-0.000523865
-0.000490279
-0.000457861
-0.000426583
-0.000396433
-0.000367412
-0.000339526
-0.000312783
-0.000287188
-0.000262746
-0.000239454
-0.000217307
-0.000196293
-0.000176386
-0.000157592
-0.0001398
-0.000123175
-0.000107186
-9.28829e-05
-7.77079e-05
-6.69629e-05
-4.89504e-05
-4.7796e-05
-1.29784e-05
-4.68067e-05
5.6603e-05
-0.000111261
0.0701826
0.0691414
0.0656104
0.0601344
0.0519177
0.0400776
0.023896
0.00227919
-0.0243303
-0.0553492
-0.0866061
-0.112446
-0.133894
-0.14984
-0.159648
-0.162748
-0.157933
-0.144781
-0.124637
-0.100461
-0.0755737
-0.0530144
-0.0351393
-0.0235026
-0.0186163
-0.0193269
-0.0221887
-0.0230356
-0.0195957
-0.0125588
-0.00385422
0.00495896
0.0131282
0.0205347
0.0273981
0.0338385
0.0396517
0.0436719
0.043625
0.0372656
0.0249229
0.0112703
0.0034188
0.00434846
0.0113395
0.0196568
0.0265659
0.0315776
0.0350958
0.0375733
0.0390845
0.0395534
0.0381997
0.0326954
0.0198567
-0.00179988
-0.0292758
-0.0545439
-0.0676723
-0.0631703
-0.0441511
-0.0210059
-0.00258349
0.00875027
0.0147495
0.0176193
0.0186329
0.0182141
0.0161906
0.0122251
0.006252
-0.0010987
-0.0083639
-0.0137265
-0.016049
-0.0155551
-0.0133717
-0.010713
-0.00831988
-0.00644838
-0.00508448
-0.00412386
-0.00346318
-0.0030273
-0.00276525
-0.00264221
-0.00263695
-0.0027348
-0.00291882
-0.00316205
-0.00342622
-0.00366737
-0.00384616
-0.00393717
-0.00393302
-0.00384393
-0.00368984
-0.00349376
-0.0032769
-0.00305631
-0.00284437
-0.0026492
-0.00247536
-0.00232458
-0.0021964
-0.00208882
-0.00199878
-0.00192275
-0.00185698
-0.00179788
-0.00174223
-0.00168735
-0.00163133
-0.00157304
-0.00151209
-0.00144866
-0.0013834
-0.00131718
-0.00125096
-0.00118564
-0.00112203
-0.00106071
-0.0010021
-0.000946417
-0.000893699
-0.000843867
-0.000796743
-0.00075209
-0.000709645
-0.000669152
-0.000630372
-0.000593108
-0.0005572
-0.000522536
-0.000489037
-0.000456663
-0.000425396
-0.000395234
-0.000366188
-0.000338272
-0.000311499
-0.000285881
-0.000261423
-0.000238124
-0.000215978
-0.000194977
-0.000175085
-0.000156328
-0.000138554
-0.000122015
-0.000106005
-9.19445e-05
-7.65096e-05
-6.6621e-05
-4.71224e-05
-4.9492e-05
-7.36787e-06
-5.67789e-05
8.02791e-05
-0.000158169
0.0736281
0.0727109
0.0695944
0.0646325
0.0569566
0.0454737
0.0291775
0.0064405
-0.0224443
-0.0573987
-0.0925128
-0.120171
-0.143053
-0.160042
-0.170672
-0.174308
-0.169087
-0.154063
-0.130712
-0.10272
-0.0741634
-0.048674
-0.0290455
-0.0171698
-0.0138165
-0.0176465
-0.0240765
-0.0273316
-0.024458
-0.0167129
-0.00691492
0.00285435
0.0117012
0.0195526
0.0267465
0.0334899
0.0395089
0.043464
0.0427674
0.0345593
0.0187545
0.000997626
-0.00907011
-0.00695788
0.0031568
0.014338
0.0230335
0.0290175
0.0330311
0.0356037
0.0367863
0.0367452
0.0347141
0.0278481
0.0124629
-0.0128383
-0.0441561
-0.0721892
-0.0859792
-0.0796971
-0.056917
-0.0292254
-0.00698311
0.00676331
0.0140684
0.0176499
0.019077
0.0188262
0.0166912
0.0122928
0.00555477
-0.00287944
-0.0113646
-0.0176363
-0.0201234
-0.0190447
-0.0159086
-0.0123419
-0.00927459
-0.0069606
-0.00531799
-0.00418122
-0.0034101
-0.00291084
-0.00262103
-0.00249623
-0.00250887
-0.00264059
-0.00287141
-0.0031693
-0.00348838
-0.00377586
-0.00398512
-0.00408716
-0.00407555
-0.00396545
-0.00378281
-0.00355606
-0.00331038
-0.00306528
-0.00283433
-0.00262599
-0.00244452
-0.00229087
-0.00216361
-0.00205964
-0.00197488
-0.00190487
-0.00184516
-0.0017916
-0.00174057
-0.00168914
-0.00163532
-0.00157805
-0.00151709
-0.00145288
-0.00138631
-0.00131851
-0.00125068
-0.0011839
-0.00111907
-0.00105687
-0.000997716
-0.000941799
-0.000889122
-0.000839537
-0.000792799
-0.000748605
-0.000706638
-0.000666594
-0.000628209
-0.000591263
-0.000555593
-0.000521087
-0.000487679
-0.000455339
-0.000424064
-0.000393868
-0.000364775
-0.00033681
-0.000309993
-0.00028434
-0.000259859
-0.000236552
-0.000214407
-0.000193421
-0.000173548
-0.00015483
-0.00013708
-0.000120623
-0.000104613
-9.07663e-05
-7.51461e-05
-6.59888e-05
-4.52795e-05
-5.06992e-05
-2.14404e-06
-6.56845e-05
0.000103137
-0.000203739
0.0774424
0.0766819
0.0740877
0.0697986
0.0628709
0.0519791
0.0357374
0.0118077
-0.0198308
-0.06003
-0.100118
-0.129657
-0.15403
-0.17208
-0.183697
-0.188207
-0.18276
-0.165561
-0.13822
-0.105444
-0.0723087
-0.043173
-0.0213639
-0.00921385
-0.00793232
-0.0160537
-0.0274208
-0.0338229
-0.0314065
-0.0224181
-0.0110098
3.19308e-05
0.00967683
0.0179653
0.0254303
0.0323119
0.038092
0.0414907
0.0400933
0.0306626
0.0121684
-0.0102901
-0.0244105
-0.0220685
-0.0079891
0.00724442
0.0184232
0.0256318
0.0301249
0.0326219
0.0333612
0.0329001
0.0302367
0.0218007
0.00344992
-0.0258286
-0.0611365
-0.0919591
-0.106241
-0.0978193
-0.0708682
-0.0383812
-0.0121418
0.00418091
0.0129222
0.0172867
0.0191212
0.0189779
0.016705
0.0119924
0.00477421
-0.00444739
-0.0141176
-0.0216455
-0.0247493
-0.0232543
-0.0190398
-0.0143369
-0.0104111
-0.00754661
-0.00557005
-0.00422829
-0.00333071
-0.00276049
-0.00244192
-0.00231902
-0.00235648
-0.00253217
-0.00282293
-0.00319064
-0.0035795
-0.00392499
-0.00417084
-0.00428356
-0.00425868
-0.00411839
-0.00389686
-0.00362966
-0.00334697
-0.00307114
-0.00281703
-0.00259324
-0.00240341
-0.00224738
-0.00212236
-0.0020238
-0.00194627
-0.00188422
-0.00183231
-0.00178572
-0.00174036
-0.00169305
-0.00164171
-0.0015854
-0.00152412
-0.00145863
-0.00139017
-0.00132022
-0.00125025
-0.00118158
-0.00111523
-0.00105196
-0.000992185
-0.000936063
-0.000883521
-0.000834324
-0.000788135
-0.000744565
-0.000703225
-0.000663759
-0.000625864
-0.000589304
-0.000553909
-0.000519575
-0.000486249
-0.000453923
-0.000422613
-0.000392354
-0.000363186
-0.000335147
-0.000308267
-0.000282569
-0.00025806
-0.000234742
-0.000212602
-0.000191636
-0.000171788
-0.000153111
-0.000135396
-0.000119012
-0.00010303
-8.93465e-05
-7.36576e-05
-6.50153e-05
-4.35724e-05
-5.11613e-05
2.04897e-06
-7.23849e-05
0.000122633
-0.000243241
0.0815636
0.0809968
0.0790476
0.0756203
0.0697041
0.0597305
0.0438228
0.0187224
-0.0162188
-0.0634926
-0.109969
-0.141237
-0.167179
-0.186435
-0.199388
-0.205291
-0.199854
-0.180027
-0.147628
-0.10881
-0.0699745
-0.0363331
-0.0118309
0.000632184
-0.000882125
-0.0148761
-0.0329901
-0.0435452
-0.041369
-0.0302764
-0.0164771
-0.00372456
0.00685427
0.0155484
0.0231354
0.0296157
0.0341873
0.0361984
0.0337682
0.0238758
0.00430617
-0.0219813
-0.0410959
-0.0401194
-0.0221817
-0.00194239
0.0125018
0.0212344
0.0261602
0.0284084
0.0286932
0.027964
0.0247006
0.0145429
-0.00687437
-0.039945
-0.0789088
-0.112277
-0.126942
-0.116316
-0.0851864
-0.0480172
-0.0179137
0.000947747
0.0111573
0.0162928
0.0184077
0.018216
0.0157434
0.0108532
0.00354644
-0.0059098
-0.0163581
-0.0251722
-0.029296
-0.0278108
-0.0226328
-0.0166733
-0.0117265
-0.00820182
-0.00583499
-0.00426049
-0.00322169
-0.0025743
-0.00222767
-0.00211142
-0.00218128
-0.00241198
-0.00277759
-0.00323262
-0.00370855
-0.00412556
-0.00441461
-0.00453658
-0.00449055
-0.00430814
-0.00403461
-0.00371488
-0.00338533
-0.00307158
-0.00278971
-0.00254819
-0.00234962
-0.00219222
-0.00207135
-0.00198056
-0.00191274
-0.00186098
-0.00181889
-0.00178088
-0.00174234
-0.00169982
-0.00165119
-0.00159568
-0.00153362
-0.00146621
-0.00139514
-0.00132233
-0.0012496
-0.00117853
-0.00111032
-0.00104578
-0.000985329
-0.000929054
-0.00087678
-0.000828152
-0.00078271
-0.000739961
-0.000699426
-0.000660682
-0.000623387
-0.000587283
-0.0005522
-0.000518045
-0.000484789
-0.000452448
-0.000421067
-0.000390707
-0.000361428
-0.000333286
-0.000306323
-0.000280565
-0.000256022
-0.000232694
-0.000210562
-0.000189621
-0.000169807
-0.000151174
-0.000133505
-0.000117181
-0.000101262
-8.76735e-05
-7.20691e-05
-6.36422e-05
-4.21341e-05
-5.06173e-05
4.53726e-06
-7.56555e-05
0.000135709
-0.000270924
0.085915
0.085583
0.0844136
0.08207
0.0774915
0.0688887
0.0537546
0.0276877
-0.0111821
-0.0681224
-0.122916
-0.155329
-0.182448
-0.202672
-0.217371
-0.225647
-0.220914
-0.198134
-0.159425
-0.113061
-0.0672099
-0.0280831
-0.000285468
0.0125633
0.00724698
-0.0148698
-0.0424031
-0.0582983
-0.0556478
-0.0409909
-0.0236535
-0.00862552
0.00302814
0.0120702
0.0194239
0.0245215
0.026698
0.0267978
0.0233887
0.0134532
-0.00686812
-0.03607
-0.0595213
-0.0602541
-0.0389936
-0.01328
0.0050905
0.0156343
0.0209367
0.0228018
0.0226918
0.0218221
0.0179944
0.00614376
-0.0180154
-0.054207
-0.0960939
-0.131503
-0.146402
-0.133732
-0.0988516
-0.0575616
-0.0240886
-0.00295906
0.00859937
0.0143557
0.0165258
0.0160797
0.0133455
0.00841734
0.0013906
-0.00780192
-0.0185165
-0.028264
-0.0334363
-0.0322946
-0.0264285
-0.0192488
-0.0131886
-0.00891301
-0.00610444
-0.00427217
-0.00307924
-0.00235004
-0.00197717
-0.00187506
-0.00198663
-0.00228398
-0.00273902
-0.00329854
-0.00387928
-0.00438261
-0.00472264
-0.0048527
-0.00477703
-0.00453889
-0.00419807
-0.00381168
-0.00342385
-0.00306405
-0.00274951
-0.00248814
-0.00228092
-0.0021238
-0.00200962
-0.00192949
-0.00187425
-0.00183539
-0.00180532
-0.0017776
-0.00174706
-0.00170997
-0.00166421
-0.00160926
-0.00154587
-0.00147578
-0.00140128
-0.00132481
-0.00124863
-0.00117462
-0.00110419
-0.0010382
-0.000977035
-0.000920693
-0.000868856
-0.00082101
-0.000776545
-0.000734833
-0.00069529
-0.000657419
-0.00062083
-0.000585248
-0.000550507
-0.000516532
-0.000483323
-0.000450932
-0.000419438
-0.000388935
-0.000359509
-0.000331235
-0.000304168
-0.000278338
-0.000253758
-0.000230423
-0.000208307
-0.000187399
-0.000167628
-0.000149044
-0.000131435
-0.000115157
-9.9341e-05
-8.57682e-05
-7.04315e-05
-6.18598e-05
-4.11208e-05
-4.88894e-05
4.60302e-06
-7.43648e-05
0.000138847
-0.000280278
0.0904037
0.0903487
0.0901013
0.0890863
0.0862378
0.0795939
0.0658839
0.0393392
-0.00421467
-0.0745935
-0.139934
-0.172456
-0.200744
-0.22187
-0.238698
-0.250447
-0.247283
-0.221091
-0.174398
-0.118558
-0.0641129
-0.0183469
0.0135449
0.0265861
0.015772
-0.0178391
-0.0583476
-0.0808562
-0.0763117
-0.0557115
-0.0330626
-0.0149497
-0.00201085
0.00727166
0.0137736
0.0163591
0.0155947
0.0140936
0.0103908
0.00036311
-0.021086
-0.0525974
-0.079343
-0.0815593
-0.0575895
-0.02649
-0.00385976
0.00867418
0.0142917
0.0156853
0.0152313
0.014295
0.00999956
-0.00324043
-0.0293976
-0.0676404
-0.111388
-0.148089
-0.162992
-0.148613
-0.110795
-0.0663943
-0.030412
-0.00753417
0.00506002
0.0111622
0.0131764
0.0124086
0.00952153
0.00480431
-0.00166
-0.0102573
-0.020748
-0.0309047
-0.0369282
-0.0362988
-0.0300882
-0.0218833
-0.0147269
-0.00965469
-0.00636743
-0.00425822
-0.00290269
-0.00209216
-0.00170087
-0.00162154
-0.0017817
-0.0021512
-0.0027022
-0.00337541
-0.00407376
-0.00467835
-0.00508158
-0.00522449
-0.00511527
-0.00481002
-0.00438697
-0.00391914
-0.00346081
-0.00304633
-0.00269415
-0.00241117
-0.00219599
-0.00204143
-0.00193699
-0.00187076
-0.00183114
-0.00180776
-0.00179176
-0.00177588
-0.00175437
-0.00172327
-0.00168055
-0.00162594
-0.00156072
-0.00148726
-0.00140853
-0.00132763
-0.00124732
-0.00116987
-0.00109687
-0.00102925
-0.000967363
-0.000911046
-0.000859811
-0.000812951
-0.000769676
-0.000729202
-0.000690824
-0.000653963
-0.000618181
-0.000583184
-0.000548814
-0.00051502
-0.000481841
-0.000449368
-0.000417725
-0.00038704
-0.000357433
-0.000329001
-0.00030181
-0.0002759
-0.000251279
-0.000227939
-0.000205846
-0.000184979
-0.000165264
-0.000146733
-0.0001292
-0.000112954
-9.72863e-05
-8.36464e-05
-6.87788e-05
-5.96725e-05
-4.06495e-05
-4.58692e-05
1.62518e-06
-6.7575e-05
0.000128429
-0.000264582
0.0949196
0.0951841
0.0959984
0.0965797
0.0959145
0.0920174
0.0806832
0.0547324
0.00563345
-0.0839372
-0.163461
-0.192886
-0.22054
-0.242165
-0.262647
-0.280449
-0.28062
-0.250582
-0.193695
-0.125963
-0.0611106
-0.00739389
0.0293404
0.0425652
0.0243682
-0.0250822
-0.083411
-0.114658
-0.106045
-0.0757893
-0.0452028
-0.0229032
-0.00841496
0.00086913
0.00568544
0.00485957
0.00150666
-0.000796372
-0.0040089
-0.0141709
-0.0366204
-0.0696789
-0.0988005
-0.102499
-0.0766788
-0.0409115
-0.014192
0.000292525
0.00612606
0.00696678
0.00614321
0.00517077
0.000626676
-0.0133904
-0.0404485
-0.0793676
-0.123644
-0.160675
-0.175276
-0.159657
-0.120039
-0.0739261
-0.0366142
-0.0127515
0.00039254
0.00653692
0.00832026
0.00744226
0.00472174
0.000511863
-0.00520654
-0.0129682
-0.022797
-0.0328409
-0.0394192
-0.0394111
-0.0332396
-0.0243412
-0.0162332
-0.0103862
-0.00660817
-0.00421064
-0.0026889
-0.00180381
-0.00140895
-0.00136616
-0.00158003
-0.00201448
-0.0026457
-0.0034178
-0.00423027
-0.00494824
-0.00543709
-0.00561453
-0.00548297
-0.00511045
-0.00459663
-0.00403549
-0.00349555
-0.00301819
-0.0026238
-0.00231798
-0.00209609
-0.00194679
-0.0018552
-0.00180579
-0.00178418
-0.00177808
-0.00177749
-0.00177441
-0.00176262
-0.00173803
-0.00169863
-0.00164439
-0.00157714
-0.00149995
-0.00141654
-0.00133069
-0.0012458
-0.00116453
-0.00108871
-0.00101935
-0.000956707
-0.000900477
-0.000849957
-0.000804222
-0.000762275
-0.000723164
-0.000686057
-0.000650287
-0.000615369
-0.000580994
-0.000547014
-0.000513408
-0.000480253
-0.000447686
-0.000415876
-0.000384993
-0.00035519
-0.000326587
-0.000299265
-0.00027327
-0.000248609
-0.000225269
-0.000203206
-0.000182387
-0.000162737
-0.000144263
-0.000126821
-0.000110598
-9.51232e-05
-8.13419e-05
-6.71475e-05
-5.71282e-05
-4.08037e-05
-4.15803e-05
-4.82952e-06
-5.47809e-05
0.000101326
-0.000218077
0.0993356
0.0999543
0.101958
0.104384
0.106411
0.106159
0.098547
0.0749061
0.0190032
-0.0967493
-0.194177
-0.219129
-0.246008
-0.266346
-0.290317
-0.316953
-0.323258
-0.289055
-0.218974
-0.136145
-0.0586195
0.00479745
0.0465094
0.0586868
0.0357491
-0.0273045
-0.105968
-0.15353
-0.144696
-0.102514
-0.0608226
-0.032742
-0.0163059
-0.00736101
-0.0050866
-0.00969237
-0.0150121
-0.0170682
-0.0191056
-0.0290556
-0.0517872
-0.0854288
-0.116108
-0.12132
-0.094742
-0.0556
-0.0255247
-0.009424
-0.00356762
-0.00342076
-0.00474621
-0.00573872
-0.0101462
-0.0240388
-0.0506441
-0.0886683
-0.131962
-0.168206
-0.182137
-0.16586
-0.125822
-0.0796737
-0.0424423
-0.0185444
-0.00541642
0.000535539
0.00220052
0.0015942
-0.000543042
-0.0039897
-0.00884315
-0.0155783
-0.0243938
-0.0338851
-0.0406909
-0.0413441
-0.0355644
-0.0263817
-0.0175795
-0.011057
-0.00681003
-0.0041249
-0.00244258
-0.00150369
-0.00113571
-0.00114798
-0.00140843
-0.00187658
-0.00253949
-0.00335844
-0.00425091
-0.00508176
-0.00568832
-0.00594617
-0.00583016
-0.00541251
-0.00481489
-0.00415769
-0.00352972
-0.00298364
-0.00254372
-0.00221453
-0.00198744
-0.00184577
-0.00176921
-0.00173803
-0.00173507
-0.00174618
-0.00176061
-0.00177007
-0.00176805
-0.00175026
-0.00171471
-0.00166155
-0.00159288
-0.00151238
-0.00142453
-0.00133386
-0.00124439
-0.00115925
-0.00108056
-0.00100939
-0.000945946
-0.000889756
-0.000839904
-0.000795245
-0.000754581
-0.000716796
-0.000680933
-0.000646242
-0.00061219
-0.000578453
-0.000544886
-0.000511495
-0.000478393
-0.000445759
-0.000413807
-0.000382744
-0.000352758
-0.000323993
-0.000296545
-0.000270468
-0.000245769
-0.000222427
-0.000200395
-0.000179625
-0.000160044
-0.000141628
-0.00012429
-0.000108082
-9.28445e-05
-7.88657e-05
-6.55319e-05
-5.42782e-05
-4.15649e-05
-3.61559e-05
-1.48065e-05
-3.6077e-05
5.5865e-05
-0.000137619
0.10351
0.10451
0.107791
0.112305
0.117525
0.122142
0.120102
0.102801
0.0381353
-0.122498
-0.238882
-0.245522
-0.269674
-0.291637
-0.324015
-0.364212
-0.379777
-0.340516
-0.252739
-0.150528
-0.0576996
0.0149396
0.0567604
0.0668018
0.0409267
-0.0265761
-0.115075
-0.182049
-0.183055
-0.133103
-0.0795468
-0.044469
-0.0257203
-0.017499
-0.0185147
-0.0268646
-0.0335828
-0.0343468
-0.0344547
-0.0433215
-0.0652369
-0.0983691
-0.129757
-0.136455
-0.110284
-0.0694658
-0.0372749
-0.0202144
-0.0146824
-0.0154937
-0.0175603
-0.018539
-0.0222444
-0.0348815
-0.0595368
-0.0950259
-0.135763
-0.170039
-0.182921
-0.166632
-0.127691
-0.0833176
-0.0476835
-0.0247771
-0.0122321
-0.00663475
-0.00487361
-0.00482154
-0.00600274
-0.00848685
-0.0123428
-0.0178655
-0.0253933
-0.0339844
-0.0407076
-0.0419829
-0.0368556
-0.0278064
-0.0186424
-0.0116149
-0.00695824
-0.00400107
-0.00217618
-0.00122132
-0.000923837
-0.00102247
-0.00133663
-0.00180695
-0.00243154
-0.00320731
-0.00409982
-0.00500283
-0.00573685
-0.00612428
-0.00608536
-0.0056714
-0.00502029
-0.00428094
-0.00356873
-0.00295358
-0.00246748
-0.00211528
-0.00188407
-0.00175085
-0.00168923
-0.00167469
-0.00168749
-0.00171244
-0.00173896
-0.00175872
-0.00176528
-0.00175429
-0.00172344
-0.00167258
-0.00160404
-0.00152186
-0.00143099
-0.00133661
-0.00124337
-0.0011549
-0.00107362
-0.00100074
-0.00093643
-0.000880109
-0.000830683
-0.000786818
-0.000747145
-0.000710409
-0.000675552
-0.000641756
-0.000608449
-0.000575287
-0.000542127
-0.000508984
-0.000475996
-0.000443371
-0.000411354
-0.000380185
-0.000350078
-0.000321199
-0.00029366
-0.000267521
-0.000242793
-0.000219453
-0.000197447
-0.00017672
-0.000157204
-0.000138841
-0.000121611
-0.000105414
-9.04449e-05
-7.62364e-05
-6.39083e-05
-5.1198e-05
-4.28143e-05
-2.98686e-05
-2.78394e-05
-1.23648e-05
-7.11058e-06
-2.46837e-05
0.107289
0.108674
0.113276
0.119982
0.128904
0.139247
0.145552
0.137644
0.0648228
-0.135545
-0.312344
-0.296083
-0.305237
-0.31466
-0.352085
-0.412736
-0.446648
-0.406076
-0.297763
-0.171557
-0.0610996
0.0160146
0.0463482
0.04634
0.0149567
-0.0381648
-0.120097
-0.199372
-0.214348
-0.163128
-0.0997646
-0.0576172
-0.0365212
-0.0294545
-0.0343133
-0.0463627
-0.0539876
-0.0524255
-0.049553
-0.0561154
-0.0759885
-0.107489
-0.138678
-0.146738
-0.12206
-0.0814395
-0.0487272
-0.0316536
-0.0269852
-0.0291762
-0.032309
-0.0331973
-0.0354748
-0.0455825
-0.0667702
-0.0981564
-0.134849
-0.166024
-0.177505
-0.161878
-0.125559
-0.0847317
-0.0521689
-0.0312452
-0.0198349
-0.0147495
-0.0127481
-0.0117602
-0.0116952
-0.0129842
-0.0156302
-0.0197416
-0.025766
-0.0331911
-0.0395547
-0.0413519
-0.0370349
-0.0284925
-0.0193284
-0.0120207
-0.00705258
-0.00386376
-0.00194022
-0.00103795
-0.000886275
-0.00113433
-0.00153344
-0.00200381
-0.00253617
-0.00315312
-0.00390223
-0.00476008
-0.005564
-0.00608661
-0.00617368
-0.0058283
-0.00517845
-0.00439405
-0.00361837
-0.00294431
-0.00241671
-0.00204361
-0.00180859
-0.00168219
-0.00163172
-0.00162842
-0.0016505
-0.00168244
-0.00171419
-0.00173898
-0.00175087
-0.00174501
-0.00171877
-0.00167188
-0.00160586
-0.00152455
-0.00143323
-0.00133749
-0.00124237
-0.00115195
-0.00106896
-0.000994808
-0.000929713
-0.000873043
-0.000823616
-0.00078
-0.000740737
-0.000704498
-0.000670171
-0.000636894
-0.000604066
-0.000571323
-0.000538507
-0.000505631
-0.000472831
-0.000440324
-0.000408366
-0.000377213
-0.000347093
-0.000318189
-0.000290624
-0.000264465
-0.000239729
-0.000216394
-0.000194409
-0.000173711
-0.000154246
-0.000135922
-0.000118793
-0.0001026
-8.79154e-05
-7.34706e-05
-6.2224e-05
-4.79675e-05
-4.43071e-05
-2.30959e-05
-4.28386e-05
1.45917e-05
-8.33159e-05
0.000113029
0.110515
0.112272
0.118137
0.127091
0.13995
0.157501
0.175647
0.191493
0.105037
-0.125653
-0.350555
-0.311964
-0.313101
-0.320404
-0.358361
-0.435287
-0.494512
-0.466675
-0.348057
-0.201666
-0.0781954
-0.00936279
0.0034109
-0.0122256
-0.0361393
-0.0651097
-0.126534
-0.204691
-0.233212
-0.18767
-0.11897
-0.0712142
-0.0483236
-0.0429281
-0.0520276
-0.067872
-0.0758866
-0.0708891
-0.0637178
-0.0666713
-0.0833629
-0.112193
-0.142273
-0.151454
-0.129195
-0.0906077
-0.0591211
-0.0431888
-0.0401119
-0.044252
-0.0488259
-0.0494942
-0.0495111
-0.0557773
-0.0720849
-0.0980156
-0.129409
-0.156521
-0.166316
-0.152004
-0.119699
-0.0839776
-0.0557672
-0.0377128
-0.0279988
-0.0236795
-0.0214691
-0.0193926
-0.017809
-0.0175581
-0.0186899
-0.0211859
-0.025541
-0.0316021
-0.0373712
-0.0395514
-0.0361302
-0.0283995
-0.0195881
-0.012258
-0.00711374
-0.00376811
-0.00182573
-0.0010737
-0.00116931
-0.00167507
-0.00227704
-0.00279188
-0.00315311
-0.00344023
-0.00384079
-0.00446583
-0.00520621
-0.00580321
-0.00603067
-0.00581403
-0.00523788
-0.0044704
-0.00367478
-0.0029683
-0.00241366
-0.00202619
-0.00178845
-0.00166586
-0.00162045
-0.00161994
-0.00164149
-0.00167034
-0.00169746
-0.00171784
-0.00172729
-0.00172195
-0.00169844
-0.00165491
-0.00159282
-0.00151544
-0.00142712
-0.00133335
-0.00123938
-0.00114948
-0.00106659
-0.000992285
-0.000926929
-0.000869956
-0.000820222
-0.000776302
-0.000736746
-0.000700247
-0.000665716
-0.000632312
-0.000599447
-0.000566752
-0.000534058
-0.000501356
-0.000468759
-0.000436461
-0.000404701
-0.000373724
-0.000343751
-0.000314964
-0.000287487
-0.000261393
-0.000236703
-0.0002134
-0.000191441
-0.000170762
-0.000151327
-0.00013302
-0.000115969
-9.97665e-05
-8.53472e-05
-7.06768e-05
-6.04881e-05
-4.4742e-05
-4.57601e-05
-1.63576e-05
-5.81926e-05
4.21828e-05
-0.000164832
0.000261123
0.113037
0.115109
0.122096
0.133005
0.149885
0.173954
0.209365
0.215783
0.195548
-0.145679
-0.451456
-0.336201
-0.32349
-0.324755
-0.350874
-0.424716
-0.498554
-0.494277
-0.386691
-0.237935
-0.115946
-0.0662795
-0.0646077
-0.0873046
-0.0894955
-0.0932304
-0.1301
-0.196599
-0.235288
-0.201491
-0.133882
-0.0837225
-0.060365
-0.0573321
-0.0710366
-0.0908355
-0.0986161
-0.0889476
-0.076114
-0.0743465
-0.0869972
-0.112339
-0.140475
-0.150429
-0.131269
-0.096317
-0.0677429
-0.0541914
-0.0535688
-0.0603235
-0.066717
-0.0669901
-0.0638878
-0.0650796
-0.0753196
-0.0947828
-0.119987
-0.142357
-0.150294
-0.137867
-0.110693
-0.081266
-0.058383
-0.0439586
-0.0365413
-0.0333999
-0.0311843
-0.0279462
-0.024512
-0.0222549
-0.0215048
-0.0221979
-0.0247775
-0.0293441
-0.0343336
-0.0367403
-0.0342525
-0.027562
-0.019421
-0.0123378
-0.00718899
-0.0038105
-0.00197942
-0.00151652
-0.00200062
-0.00288601
-0.00374719
-0.00426968
-0.00432219
-0.00409004
-0.00395014
-0.00415978
-0.0046813
-0.00525455
-0.00559614
-0.00554971
-0.00512634
-0.00445568
-0.00370694
-0.00301569
-0.00246406
-0.00207882
-0.00184532
-0.00172679
-0.00168198
-0.00167645
-0.00168681
-0.00169961
-0.00170832
-0.00171098
-0.0017058
-0.00169045
-0.00166247
-0.00162005
-0.00156199
-0.00148977
-0.00140753
-0.00131972
-0.00123082
-0.00114494
-0.001065
-0.000992665
-0.0009284
-0.000871763
-0.000821754
-0.000777118
-0.000736577
-0.000698983
-0.000663381
-0.000629033
-0.000595421
-0.000562213
-0.000529243
-0.000496477
-0.000463986
-0.000431916
-0.000400456
-0.000369804
-0.00034015
-0.000311646
-0.000284406
-0.000258494
-0.000233933
-0.000210711
-0.000188798
-0.000168135
-0.000148709
-0.000130391
-0.00011338
-9.71457e-05
-8.29383e-05
-6.80652e-05
-5.87956e-05
-4.17611e-05
-4.69088e-05
-1.02807e-05
-7.19733e-05
6.72303e-05
-0.000240929
0.000400001
0.114723
0.117034
0.124834
0.137344
0.157235
0.188255
0.23653
0.277003
0.334321
-0.11681
-0.340591
-0.332739
-0.33544
-0.353684
-0.413075
-0.480711
-0.488408
-0.402241
-0.269213
-0.165547
-0.135241
-0.146274
-0.150896
-0.128483
-0.111261
-0.127658
-0.179356
-0.222257
-0.202368
-0.141908
-0.0934521
-0.0715446
-0.0717558
-0.0904615
-0.114272
-0.121027
-0.105437
-0.0858461
-0.0786679
-0.0868273
-0.108179
-0.133692
-0.144006
-0.128331
-0.0982313
-0.0740023
-0.0640124
-0.0667431
-0.0767864
-0.0853327
-0.0850097
-0.0780048
-0.0730924
-0.0764061
-0.0888207
-0.107407
-0.124717
-0.130769
-0.120647
-0.099323
-0.0768998
-0.0599623
-0.0498017
-0.04532
-0.0438981
-0.0419775
-0.0375276
-0.0318472
-0.0270573
-0.0240405
-0.0227773
-0.0235444
-0.0265567
-0.0306352
-0.0331188
-0.0315615
-0.0260687
-0.0188658
-0.0122883
-0.00733251
-0.0040906
-0.00253821
-0.00251621
-0.00350741
-0.0048319
-0.00587739
-0.00619696
-0.00572583
-0.00483459
-0.00406914
-0.00378532
-0.00399708
-0.00445952
-0.00486166
-0.00498763
-0.00476808
-0.00427489
-0.00365227
-0.00304274
-0.00254306
-0.00219245
-0.00198224
-0.00187675
-0.00183372
-0.00181796
-0.00180685
-0.00178967
-0.00176429
-0.00173273
-0.0016975
-0.00165953
-0.0016173
-0.00156838
-0.00151128
-0.00144539
-0.00137155
-0.00129292
-0.00121316
-0.00113541
-0.00106205
-0.000994572
-0.000933475
-0.000878486
-0.000828846
-0.000783558
-0.000741621
-0.000702195
-0.000664602
-0.000628352
-0.000593101
-0.000558623
-0.000524792
-0.000491563
-0.000458956
-0.000427042
-0.000395926
-0.000365727
-0.00033656
-0.000308525
-0.000281695
-0.000256114
-0.000231796
-0.000208733
-0.000186905
-0.000166267
-0.000146833
-0.000128473
-0.000111449
-9.51482e-05
-8.10587e-05
-6.60074e-05
-5.73999e-05
-3.94026e-05
-4.76349e-05
-5.5992e-06
-8.23417e-05
8.64022e-05
-0.000300057
0.000508344
0.115474
0.117905
0.126136
0.139468
0.161122
0.195963
0.253089
0.321158
0.432203
-0.342005
-0.349875
-0.353281
-0.384466
-0.428925
-0.437909
-0.376805
-0.273228
-0.207867
-0.204373
-0.224033
-0.200208
-0.152369
-0.117077
-0.116926
-0.155119
-0.196821
-0.190194
-0.141541
-0.0988844
-0.0805611
-0.0850173
-0.10912
-0.13675
-0.141517
-0.118972
-0.0920958
-0.079398
-0.083078
-0.10029
-0.122724
-0.132966
-0.120856
-0.0963402
-0.0774864
-0.0720352
-0.0789275
-0.0928352
-0.103768
-0.102656
-0.0911492
-0.0794249
-0.0753611
-0.0806198
-0.0926486
-0.104977
-0.109258
-0.10167
-0.0864459
-0.0712197
-0.0604976
-0.0550996
-0.0541863
-0.055064
-0.0537592
-0.0480334
-0.0397046
-0.0318829
-0.0262512
-0.0229269
-0.0219182
-0.0233872
-0.0264741
-0.0288996
-0.0282323
-0.024035
-0.0179775
-0.0121309
-0.0075729
-0.00466371
-0.00356735
-0.00410919
-0.00563278
-0.00726485
-0.00821762
-0.00804255
-0.00688484
-0.00533128
-0.00401053
-0.0032933
-0.00320327
-0.00351091
-0.00391054
-0.0041606
-0.00414584
-0.00387608
-0.00344749
-0.00299043
-0.00260397
-0.00233427
-0.00217828
-0.00210296
-0.00206732
-0.00203801
-0.00199582
-0.00193547
-0.00186137
-0.00178136
-0.00170364
-0.00163242
-0.00156781
-0.00150724
-0.00144723
-0.00138538
-0.001321
-0.0012544
-0.00118683
-0.00112049
-0.00105694
-0.000997153
-0.000941429
-0.000889536
-0.000840964
-0.000795125
-0.000751504
-0.000709712
-0.00066947
-0.000630609
-0.000593032
-0.000556675
-0.000521492
-0.000487439
-0.000454486
-0.000422615
-0.000391827
-0.000362133
-0.000333555
-0.000306111
-0.000279815
-0.000254675
-0.000230687
-0.00020784
-0.000186128
-0.000165522
-0.000146063
-0.000127634
-0.000110543
-9.41433e-05
-8.00588e-05
-6.48641e-05
-5.65749e-05
-3.80392e-05
-4.79157e-05
-2.9682e-06
-8.78508e-05
9.69034e-05
-0.000332396
0.000567935
0.115238
0.117658
0.125855
0.139128
0.160687
0.195364
0.252252
0.33018
0.48891
-0.355994
-0.36968
-0.357846
-0.351599
-0.353672
-0.344144
-0.300969
-0.24282
-0.231821
-0.269873
-0.284645
-0.233796
-0.162524
-0.112766
-0.0997311
-0.126686
-0.163463
-0.167415
-0.132832
-0.0990457
-0.0861538
-0.0957902
-0.12557
-0.156487
-0.158222
-0.128166
-0.0942671
-0.0765831
-0.0762234
-0.0894711
-0.108616
-0.118394
-0.109645
-0.0909287
-0.0779854
-0.0777232
-0.0893634
-0.107506
-0.120914
-0.118862
-0.102538
-0.0837161
-0.0722773
-0.0707334
-0.0767231
-0.0845115
-0.0872597
-0.082216
-0.0728736
-0.0645648
-0.0600233
-0.0597296
-0.0629321
-0.0666209
-0.0661803
-0.0591273
-0.047825
-0.0365863
-0.0280874
-0.0226629
-0.0199847
-0.0199888
-0.0220405
-0.0242752
-0.0244127
-0.0215576
-0.0167868
-0.0118435
-0.00787179
-0.00548761
-0.00499611
-0.00614642
-0.00809058
-0.00975467
-0.0102678
-0.00938919
-0.00754171
-0.00546054
-0.00375604
-0.00274349
-0.00242429
-0.00257923
-0.00292371
-0.00322767
-0.00336393
-0.00330253
-0.00309655
-0.00284001
-0.00261782
-0.00247175
-0.00239886
-0.00236826
-0.00234282
-0.00229472
-0.0022128
-0.00210043
-0.00196975
-0.00183666
-0.00171367
-0.00160734
-0.00151856
-0.00144439
-0.00138036
-0.00132204
-0.00126622
-0.00121135
-0.00115727
-0.00110396
-0.00105171
-0.00100084
-0.000951423
-0.000903306
-0.000856302
-0.0008102
-0.000764875
-0.000720474
-0.000677224
-0.000635362
-0.000595088
-0.00055653
-0.000519729
-0.000484655
-0.000451222
-0.000419322
-0.00038884
-0.000359668
-0.000331719
-0.000304919
-0.000279214
-0.000254563
-0.000230943
-0.000208337
-0.00018675
-0.00016617
-0.000146665
-0.000128141
-0.00011093
-9.44055e-05
-8.02061e-05
-6.49119e-05
-5.65523e-05
-3.79586e-05
-4.78205e-05
-2.83383e-06
-8.77635e-05
9.70768e-05
-0.000332347
0.000568213
0.114021
0.1163
0.123997
0.136333
0.155944
0.18649
0.23404
0.300769
0.410749
-0.370041
-0.376336
-0.390332
-0.36141
-0.315213
-0.268707
-0.232105
-0.200195
-0.196471
-0.246203
-0.317482
-0.319418
-0.246854
-0.160102
-0.101601
-0.0793986
-0.0963687
-0.126892
-0.137729
-0.117142
-0.0936855
-0.0873548
-0.102818
-0.138307
-0.171603
-0.169316
-0.131891
-0.0921174
-0.0705721
-0.0669323
-0.0766254
-0.092507
-0.101513
-0.0956991
-0.0825128
-0.0754951
-0.0806597
-0.097304
-0.119761
-0.135556
-0.132488
-0.111385
-0.0856653
-0.067314
-0.0597183
-0.0605443
-0.0645151
-0.0660508
-0.0633562
-0.0592871
-0.0572489
-0.0586028
-0.0635659
-0.0712665
-0.0781267
-0.0787035
-0.0702934
-0.0558285
-0.040966
-0.0294988
-0.022025
-0.0178458
-0.0165269
-0.0175252
-0.0194087
-0.0201913
-0.0186559
-0.0152457
-0.0113265
-0.00810314
-0.00641196
-0.00662359
-0.00834317
-0.0105061
-0.0119015
-0.0117507
-0.0101409
-0.00775051
-0.0053491
-0.00345395
-0.0022883
-0.00182269
-0.00185111
-0.00211599
-0.00241274
-0.0026254
-0.00271574
-0.00270522
-0.0026499
-0.00260523
-0.00259596
-0.00261252
-0.00262517
-0.00260284
-0.00252868
-0.00240188
-0.00223614
-0.00205388
-0.0018754
-0.00171546
-0.00158146
-0.0014742
-0.00139003
-0.00132332
-0.00126837
-0.00122053
-0.0011764
-0.00113385
-0.00109178
-0.00104964
-0.00100693
-0.000963245
-0.000918401
-0.000872387
-0.000825519
-0.000778347
-0.000731438
-0.00068542
-0.000640862
-0.000598208
-0.000557735
-0.000519549
-0.000483615
-0.000449797
-0.000417897
-0.000387699
-0.000358992
-0.000331591
-0.000305345
-0.000280141
-0.000255901
-0.000232581
-0.000210162
-0.000188657
-0.000168075
-0.000148498
-0.000129866
-0.000112507
-9.58562e-05
-8.14493e-05
-6.61244e-05
-5.73259e-05
-3.91698e-05
-4.73675e-05
-5.22035e-06
-8.21048e-05
8.6896e-05
-0.000299943
0.000509158
0.111882
0.113902
0.120724
0.131357
0.147795
0.171123
0.205409
0.247387
0.257294
-0.280068
-0.382163
-0.395418
-0.407358
-0.356903
-0.281988
-0.199813
-0.139103
-0.119464
-0.163244
-0.259868
-0.339694
-0.325607
-0.239535
-0.147821
-0.0873619
-0.0596649
-0.0670382
-0.0912308
-0.105042
-0.0966109
-0.0832161
-0.0836234
-0.105095
-0.14596
-0.180345
-0.17331
-0.12951
-0.0858415
-0.0619885
-0.0559917
-0.0626567
-0.07548
-0.0835184
-0.0800803
-0.0717597
-0.0701987
-0.0805815
-0.10209
-0.128606
-0.146519
-0.14245
-0.116983
-0.0850665
-0.0606924
-0.0480919
-0.0448462
-0.0458784
-0.0465558
-0.045865
-0.0462008
-0.0495481
-0.0563104
-0.0664641
-0.078809
-0.089006
-0.0906923
-0.0809092
-0.0632426
-0.0447753
-0.0304318
-0.0210755
-0.0156205
-0.0131792
-0.0131439
-0.0144689
-0.0156069
-0.0152332
-0.0131866
-0.0103874
-0.00806334
-0.00721037
-0.00818068
-0.0103835
-0.0125586
-0.0134752
-0.0126263
-0.0104179
-0.00769933
-0.00518681
-0.00326387
-0.00205527
-0.0015075
-0.00143828
-0.00162201
-0.00188013
-0.00211705
-0.00229402
-0.00241796
-0.00251825
-0.00261687
-0.00271649
-0.00279819
-0.00283324
-0.00280039
-0.00269348
-0.00252353
-0.00231576
-0.00209694
-0.00188901
-0.00170694
-0.00155749
-0.00144063
-0.00135204
-0.00128539
-0.00123412
-0.00119255
-0.00115635
-0.00112242
-0.00108856
-0.00105328
-0.0010157
-0.000975339
-0.000932132
-0.000886368
-0.000838646
-0.000789809
-0.000740815
-0.000692618
-0.000646028
-0.000601643
-0.000559822
-0.000520698
-0.000484214
-0.000450184
-0.000418341
-0.000388391
-0.000360048
-0.000333058
-0.000307213
-0.000282359
-0.000258393
-0.00023526
-0.000212942
-0.000191459
-0.000170838
-0.000151171
-0.000132429
-0.00011491
-9.81533e-05
-8.34779e-05
-6.8204e-05
-5.86604e-05
-4.13951e-05
-4.65046e-05
-9.70531e-06
-7.16352e-05
6.79892e-05
-0.000240826
0.000401305
0.108925
0.110615
0.116262
0.124855
0.137136
0.153756
0.170387
0.183667
0.14069
-0.195604
-0.473606
-0.369003
-0.4016
-0.400037
-0.341638
-0.249872
-0.154299
-0.0916014
-0.0865128
-0.154088
-0.264857
-0.334103
-0.305326
-0.216352
-0.129694
-0.072985
-0.0429328
-0.0410325
-0.0586423
-0.0722871
-0.0732608
-0.0684452
-0.0749156
-0.102107
-0.14762
-0.181482
-0.169362
-0.121066
-0.0760848
-0.0516529
-0.0442202
-0.0483816
-0.0584574
-0.0654365
-0.0637825
-0.0594025
-0.0624348
-0.0774019
-0.10323
-0.133222
-0.152823
-0.147866
-0.118802
-0.0818441
-0.0526932
-0.0363115
-0.0301502
-0.029151
-0.0293143
-0.0302083
-0.0339665
-0.0416946
-0.0532166
-0.0682584
-0.0851242
-0.0985931
-0.101376
-0.0902661
-0.0695615
-0.0477514
-0.0308291
-0.0198839
-0.0134357
-0.0101217
-0.00914792
-0.00972366
-0.0107943
-0.0112166
-0.0104154
-0.00881441
-0.00755047
-0.0076749
-0.00943626
-0.0120227
-0.0140472
-0.0144023
-0.0129463
-0.0103557
-0.00753378
-0.00508217
-0.00324599
-0.0020667
-0.00147874
-0.00133297
-0.00144374
-0.00165872
-0.00188986
-0.00210356
-0.00230412
-0.00249648
-0.00267811
-0.00283435
-0.00293994
-0.00297098
-0.00291434
-0.00277494
-0.00257483
-0.00234273
-0.002106
-0.0018861
-0.00169646
-0.00154255
-0.00142359
-0.00133481
-0.00126963
-0.00122128
-0.00118374
-0.00115211
-0.0011227
-0.00109289
-0.0010609
-0.00102558
-0.000986401
-0.000943362
-0.000896963
-0.000848094
-0.000797878
-0.000747475
-0.000697969
-0.000650259
-0.000604988
-0.000562528
-0.000522999
-0.000486315
-0.00045225
-0.000420495
-0.000390711
-0.000362571
-0.000335789
-0.000310131
-0.000285424
-0.000261559
-0.000238475
-0.000216163
-0.000194645
-0.000173963
-0.000154205
-0.000135374
-0.000117713
-0.000100894
-8.59299e-05
-7.07959e-05
-6.02994e-05
-4.42865e-05
-4.52813e-05
-1.56615e-05
-5.78254e-05
4.31269e-05
-0.00016484
0.000262855
0.105291
0.106596
0.11094
0.117222
0.125478
0.134757
0.139408
0.128653
0.0509237
-0.158518
-0.347376
-0.337526
-0.363389
-0.355882
-0.302896
-0.222837
-0.136226
-0.0782265
-0.0836259
-0.162025
-0.262773
-0.308374
-0.267954
-0.185453
-0.11023
-0.0601927
-0.0300133
-0.0201145
-0.0297642
-0.0410697
-0.0480154
-0.0501054
-0.0616151
-0.0939405
-0.142933
-0.174514
-0.15743
-0.107345
-0.0638633
-0.040465
-0.0323787
-0.0344769
-0.0421417
-0.0480621
-0.0476395
-0.0461641
-0.0526589
-0.0712228
-0.100469
-0.13308
-0.15383
-0.148183
-0.116567
-0.0760813
-0.0436555
-0.0247748
-0.0167812
-0.0145756
-0.0145286
-0.0165901
-0.0227984
-0.0338737
-0.0493778
-0.068771
-0.0897548
-0.106198
-0.109951
-0.0976587
-0.0742941
-0.0496479
-0.0306377
-0.0185092
-0.0114012
-0.00749973
-0.00578312
-0.00554913
-0.00615719
-0.00685856
-0.00699947
-0.00660025
-0.00653624
-0.00774204
-0.0102731
-0.013112
-0.0148596
-0.014682
-0.0127923
-0.0100562
-0.00732311
-0.00505073
-0.0033672
-0.0022576
-0.00165552
-0.00144736
-0.00148953
-0.00165577
-0.00186704
-0.0020947
-0.00232661
-0.00255434
-0.00276238
-0.00292714
-0.00302329
-0.00303183
-0.00294901
-0.00278853
-0.00257489
-0.00233645
-0.00209884
-0.00188094
-0.00169412
-0.00154265
-0.00142537
-0.00133771
-0.00127342
-0.00122596
-0.00118941
-0.00115885
-0.00113044
-0.00110134
-0.00106963
-0.00103414
-0.000994443
-0.000950674
-0.000903471
-0.000853813
-0.000802882
-0.000751885
-0.000701926
-0.000653898
-0.000608424
-0.000565847
-0.000526263
-0.000489568
-0.000455516
-0.000423786
-0.00039403
-0.000365912
-0.00033914
-0.000313478
-0.000288753
-0.000264853
-0.000241724
-0.000219357
-0.000197779
-0.000177037
-0.000157207
-0.000138323
-0.000120556
-0.000103724
-8.84823e-05
-7.35638e-05
-6.2013e-05
-4.74799e-05
-4.38205e-05
-2.23546e-05
-4.25088e-05
1.56445e-05
-8.35244e-05
0.000115124
0.101135
0.102047
0.105042
0.109095
0.113596
0.117107
0.11339
0.0934703
0.0247244
-0.14227
-0.265523
-0.275231
-0.303697
-0.30499
-0.269284
-0.208607
-0.142669
-0.100903
-0.106682
-0.166159
-0.237865
-0.260781
-0.221056
-0.15386
-0.0927102
-0.0496593
-0.0206122
-0.00496674
-0.00536688
-0.0126639
-0.0211092
-0.0287208
-0.0447026
-0.0815041
-0.13232
-0.159871
-0.138507
-0.0898503
-0.0504078
-0.0292705
-0.0210949
-0.0214595
-0.0270076
-0.0319146
-0.0322679
-0.0326961
-0.0414037
-0.0623347
-0.0938337
-0.128026
-0.149334
-0.143265
-0.110319
-0.0680366
-0.0339695
-0.0138305
-0.00491549
-0.00216569
-0.00215165
-0.0050189
-0.0128037
-0.0262244
-0.0448365
-0.0678363
-0.092284
-0.111202
-0.115741
-0.102481
-0.0770319
-0.0502744
-0.0298262
-0.0169919
-0.00957983
-0.00539075
-0.00319426
-0.00229495
-0.00231061
-0.0028559
-0.00352014
-0.00417156
-0.00531329
-0.00756177
-0.0107059
-0.0135994
-0.014971
-0.0143579
-0.0122556
-0.00959138
-0.00708676
-0.00505911
-0.00355577
-0.00253465
-0.00193676
-0.00167851
-0.00165548
-0.0017694
-0.0019515
-0.0021667
-0.00239611
-0.00262159
-0.00282033
-0.00296677
-0.00303838
-0.00302313
-0.00292398
-0.00275682
-0.00254554
-0.0023157
-0.0020893
-0.00188228
-0.00170405
-0.00155813
-0.00144355
-0.00135637
-0.00129113
-0.00124201
-0.00120353
-0.00117101
-0.00114072
-0.00110987
-0.00107659
-0.00103974
-0.000998899
-0.000954258
-0.000906468
-0.000856515
-0.000805547
-0.000754708
-0.000705021
-0.000657302
-0.000612112
-0.000569756
-0.000530309
-0.000493664
-0.000459586
-0.000427767
-0.00039788
-0.000369606
-0.000342669
-0.000316845
-0.000291971
-0.000267944
-0.000244709
-0.000222262
-0.000200623
-0.000179843
-0.000159979
-0.000141087
-0.000123258
-0.000106463
-9.09774e-05
-7.63253e-05
-6.37222e-05
-5.07419e-05
-4.23851e-05
-2.9152e-05
-2.76023e-05
-1.12707e-05
-7.58173e-06
-2.22887e-05
0.0966188
0.0971435
0.098846
0.100794
0.102089
0.100744
0.0915332
0.0655472
0.00627084
-0.113972
-0.216589
-0.242444
-0.268622
-0.269938
-0.242528
-0.197339
-0.147766
-0.114954
-0.117289
-0.155833
-0.200777
-0.211856
-0.180043
-0.128397
-0.0791347
-0.0416454
-0.0142224
0.0046035
0.0125513
0.0112636
0.00547618
-0.00561662
-0.0262164
-0.0667
-0.11681
-0.138627
-0.114555
-0.0705446
-0.0369372
-0.0187413
-0.0108143
-0.00969725
-0.0133414
-0.017279
-0.0180561
-0.0195384
-0.0292419
-0.0512039
-0.0836506
-0.118318
-0.139603
-0.133428
-0.100433
-0.058139
-0.0240598
-0.00378465
0.00536267
0.00820587
0.00802031
0.00462921
-0.00400768
-0.0188445
-0.039631
-0.0653334
-0.0923994
-0.113142
-0.118237
-0.104302
-0.0775079
-0.0495314
-0.0284018
-0.0153657
-0.00798216
-0.00378321
-0.00138923
-0.000107787
0.00035888
9.69639e-05
-0.000804328
-0.00223668
-0.00437278
-0.00739467
-0.010819
-0.0135044
-0.0144496
-0.013543
-0.0114496
-0.00902406
-0.0068291
-0.00506911
-0.00374909
-0.00282313
-0.00224402
-0.00195248
-0.00187299
-0.00192985
-0.00206716
-0.00225006
-0.00245362
-0.00265417
-0.00282648
-0.00294599
-0.00299421
-0.00296406
-0.00286092
-0.00270025
-0.00250312
-0.00229114
-0.00208265
-0.00189086
-0.00172368
-0.0015843
-0.00147223
-0.00138449
-0.00131667
-0.00126386
-0.00122129
-0.00118476
-0.00115083
-0.00111685
-0.00108102
-0.00104224
-0.00100012
-0.000954807
-0.000906889
-0.000857232
-0.000806845
-0.000756733
-0.000707799
-0.000660756
-0.000616103
-0.000574108
-0.000534842
-0.000498215
-0.000464023
-0.000431997
-0.000401845
-0.000373283
-0.000346064
-0.000319984
-0.000294893
-0.000270694
-0.000247335
-0.000224809
-0.000203128
-0.000182338
-0.000162475
-0.000143613
-0.000125764
-0.000109039
-9.33553e-05
-7.89841e-05
-6.5415e-05
-5.39038e-05
-4.12385e-05
-3.55118e-05
-1.46933e-05
-3.49898e-05
5.5112e-05
-0.000134987
0.0918963
0.0920653
0.0925755
0.0926809
0.0913007
0.0863719
0.0735811
0.0456372
-0.00611259
-0.0987285
-0.181092
-0.209449
-0.232956
-0.236912
-0.218782
-0.186387
-0.150422
-0.125667
-0.123712
-0.145785
-0.172377
-0.176111
-0.150344
-0.109649
-0.0690432
-0.0359057
-0.0101965
0.00962591
0.0228783
0.0284037
0.0268856
0.0152227
-0.00986878
-0.0523707
-0.0980287
-0.112907
-0.0884756
-0.0515323
-0.0244629
-0.00931421
-0.00179472
0.00056746
-0.00130522
-0.00426842
-0.00519341
-0.00709904
-0.0167558
-0.0384515
-0.0705337
-0.104602
-0.125355
-0.11941
-0.0875919
-0.0469614
-0.0143559
0.00510546
0.0140158
0.0167245
0.0162659
0.0125589
0.00362623
-0.0118024
-0.0338144
-0.0612227
-0.089953
-0.111796
-0.117201
-0.10294
-0.0756451
-0.0474343
-0.0264192
-0.0136697
-0.00658737
-0.00258832
-0.000225216
0.00118053
0.00184532
0.00169963
0.000664458
-0.00124649
-0.00399648
-0.00736786
-0.010673
-0.0129153
-0.0134483
-0.0124117
-0.0105008
-0.00841347
-0.00655599
-0.00505751
-0.00391102
-0.00308026
-0.00253074
-0.00222078
-0.00209587
-0.00209964
-0.00218686
-0.00232497
-0.0024883
-0.00265208
-0.00279151
-0.00288429
-0.00291498
-0.00287868
-0.00278067
-0.00263431
-0.00245713
-0.00226687
-0.00207853
-0.00190312
-0.00174748
-0.00161473
-0.00150496
-0.00141615
-0.00134499
-0.00128756
-0.00123989
-0.00119838
-0.00115995
-0.00112222
-0.00108348
-0.00104269
-0.000999402
-0.000953666
-0.000905931
-0.000856905
-0.000807425
-0.000758334
-0.000710389
-0.000664199
-0.000620193
-0.000578613
-0.000539534
-0.000502894
-0.000468533
-0.000436228
-0.000405738
-0.000376819
-0.000349257
-0.000322873
-0.000297533
-0.000273146
-0.000249661
-0.000227064
-0.000205358
-0.000184581
-0.000164745
-0.000145938
-0.000128098
-0.000111461
-9.56252e-05
-8.15126e-05
-6.71263e-05
-5.68649e-05
-4.06041e-05
-4.10365e-05
-4.85126e-06
-5.37335e-05
0.00010031
-0.000215272
0.0871103
0.0869614
0.0864162
0.0849428
0.08142
0.073835
0.0588471
0.0306672
-0.01491
-0.0872231
-0.154028
-0.184621
-0.207615
-0.213533
-0.20117
-0.177225
-0.14998
-0.130137
-0.126034
-0.137809
-0.152088
-0.150739
-0.128901
-0.095741
-0.0615712
-0.0320906
-0.00806948
0.0114196
0.0267666
0.0365374
0.0383949
0.0279927
0.00042049
-0.0412092
-0.0783578
-0.0855746
-0.0633
-0.0344998
-0.0136095
-0.00118138
0.00586667
0.00919917
0.00899477
0.0070934
0.00626665
0.00434832
-0.00450773
-0.0248227
-0.0553483
-0.0878727
-0.107686
-0.102296
-0.0727245
-0.0351709
-0.00525306
0.0126542
0.0210345
0.0235708
0.0228719
0.0190108
0.0101772
-0.00515471
-0.0274806
-0.0555797
-0.084999
-0.107214
-0.112699
-0.0984983
-0.0715795
-0.0441231
-0.0239822
-0.0119531
-0.00537838
-0.0017112
0.000470189
0.00180097
0.00244065
0.0022664
0.00111267
-0.00102182
-0.00396075
-0.00725888
-0.0101629
-0.0118916
-0.0121198
-0.0111331
-0.00952305
-0.00780955
-0.00627785
-0.00501834
-0.0040299
-0.00329057
-0.00277746
-0.00246174
-0.00230386
-0.00226196
-0.0023005
-0.00239134
-0.00251035
-0.00263413
-0.00274
-0.00280836
-0.00282591
-0.0027881
-0.00269896
-0.0025692
-0.0024128
-0.002244
-0.00207506
-0.00191526
-0.00177062
-0.00164423
-0.00153674
-0.00144698
-0.00137261
-0.00131062
-0.00125784
-0.00121128
-0.0011683
-0.00112677
-0.00108513
-0.00104236
-0.000997985
-0.00095194
-0.000904517
-0.000856243
-0.000807766
-0.000759759
-0.00071284
-0.000667517
-0.000624158
-0.000582983
-0.000544076
-0.000507407
-0.000472858
-0.000440261
-0.000409419
-0.000380133
-0.000352224
-0.000325535
-0.000299948
-0.000275379
-0.000251775
-0.000229116
-0.000207395
-0.00018664
-0.000166843
-0.000148097
-0.000130284
-0.000113729
-9.77857e-05
-8.38759e-05
-6.88579e-05
-5.95255e-05
-4.05773e-05
-4.54326e-05
1.47638e-06
-6.65853e-05
0.000127199
-0.000261676
0.0823872
0.0819653
0.0805121
0.0777394
0.0725433
0.0631092
0.0468933
0.0195385
-0.0207892
-0.0788306
-0.13398
-0.16373
-0.184918
-0.191974
-0.184522
-0.167643
-0.147618
-0.132184
-0.126949
-0.131807
-0.137794
-0.132799
-0.113375
-0.0854257
-0.056099
-0.0297549
-0.00742201
0.0111436
0.0264342
0.037449
0.0408286
0.0316042
0.00603031
-0.0295899
-0.0563939
-0.0584142
-0.0411817
-0.0203393
-0.00458129
0.00564618
0.0121862
0.0161691
0.0174735
0.0167909
0.0163195
0.0146399
0.00698569
-0.0111534
-0.0391643
-0.069393
-0.0879788
-0.0834107
-0.0568999
-0.0234593
0.00292563
0.0187761
0.0264496
0.0288855
0.0280797
0.0242182
0.0157468
0.0010344
-0.0207943
-0.0486233
-0.0778117
-0.0997339
-0.105111
-0.0913611
-0.0656548
-0.0398529
-0.0212354
-0.0102678
-0.00433957
-0.00107015
0.000855018
0.00200833
0.00252643
0.00228267
0.00110245
-0.00100939
-0.00379757
-0.00674566
-0.00917109
-0.0105163
-0.0106516
-0.00986513
-0.00860504
-0.0072487
-0.0060067
-0.00495601
-0.00410765
-0.00345317
-0.00297918
-0.00266633
-0.0024864
-0.00240877
-0.00240557
-0.00245314
-0.00253025
-0.00261613
-0.00269081
-0.00273727
-0.00274376
-0.00270554
-0.00262514
-0.00251057
-0.0023727
-0.00222283
-0.00207101
-0.00192506
-0.00179034
-0.00166991
-0.0015648
-0.00147454
-0.00139757
-0.00133168
-0.0012744
-0.00122329
-0.00117614
-0.0011311
-0.00108677
-0.00104218
-0.000996784
-0.000950438
-0.000903282
-0.000855676
-0.000808099
-0.000761072
-0.000715086
-0.000670556
-0.000627794
-0.000586999
-0.000548259
-0.000511572
-0.000476861
-0.000444001
-0.00041284
-0.00038322
-0.000354991
-0.000328022
-0.000302207
-0.000277469
-0.000253754
-0.000231038
-0.000209302
-0.000188568
-0.000168808
-0.000150117
-0.000132336
-0.000115844
-9.98317e-05
-8.60462e-05
-7.05978e-05
-6.18172e-05
-4.11617e-05
-4.85537e-05
4.34571e-06
-7.34417e-05
0.000137467
-0.000277339
0.0778353
0.0771843
0.074971
0.0711515
0.0646844
0.0539972
0.0372048
0.0111355
-0.024782
-0.0725209
-0.118609
-0.146953
-0.167133
-0.175431
-0.171656
-0.159753
-0.144603
-0.131981
-0.125931
-0.126233
-0.126774
-0.119441
-0.101791
-0.0776671
-0.0520999
-0.0284541
-0.00781614
0.00967952
0.0241384
0.0349041
0.0389677
0.0319372
0.0119664
-0.014682
-0.0336171
-0.0352203
-0.0238772
-0.00930025
0.00270274
0.0112508
0.0172596
0.0215684
0.0240918
0.0247576
0.024932
0.0236839
0.0172974
0.0016864
-0.023202
-0.0506304
-0.0678013
-0.0641938
-0.0412061
-0.0124654
0.00995879
0.0235039
0.0303614
0.0327747
0.0320552
0.0283654
0.0204313
0.00667716
-0.0140164
-0.0407415
-0.0688911
-0.0899555
-0.0950902
-0.0821579
-0.0583862
-0.0349668
-0.0183502
-0.0086648
-0.00345733
-0.000607955
0.00103927
0.00198163
0.0023534
0.00205857
0.000957877
-0.000937508
-0.0033788
-0.00589469
-0.00792846
-0.00907498
-0.00927025
-0.00873535
-0.00780176
-0.00675125
-0.00575222
-0.00487839
-0.0041516
-0.00357369
-0.00313871
-0.00283441
-0.00264123
-0.00253688
-0.00249992
-0.00251102
-0.00255199
-0.0026048
-0.00265217
-0.00267932
-0.00267578
-0.00263664
-0.00256302
-0.00246069
-0.00233791
-0.00220364
-0.00206608
-0.00193187
-0.00180579
-0.00169077
-0.00158812
-0.00149787
-0.00141906
-0.00135012
-0.00128918
-0.00123428
-0.00118359
-0.00113552
-0.00108881
-0.00104255
-0.000996193
-0.000949502
-0.0009025
-0.000855404
-0.000808553
-0.000762331
-0.000717123
-0.000673263
-0.000631013
-0.000590551
-0.000551969
-0.000515282
-0.000480447
-0.000447374
-0.00041595
-0.000386049
-0.000357549
-0.000330339
-0.000304326
-0.000279438
-0.000255623
-0.000232852
-0.0002111
-0.000190376
-0.000170646
-0.000151993
-0.00013424
-0.000117782
-0.000101734
-8.79828e-05
-7.23004e-05
-6.36823e-05
-4.2265e-05
-5.03675e-05
4.19608e-06
-7.48002e-05
0.000134243
-0.000268013
0.0735453
0.0727074
0.0698724
0.0652322
0.0578249
0.0463382
0.0294005
0.00478595
-0.0274233
-0.0676066
-0.106785
-0.133274
-0.152197
-0.161091
-0.160001
-0.151979
-0.140764
-0.130591
-0.124302
-0.121699
-0.118626
-0.109684
-0.0932392
-0.0718914
-0.0492319
-0.027864
-0.00883079
0.00754472
0.0210902
0.0312125
0.0356608
0.0313589
0.0172879
-0.00193475
-0.0161063
-0.0185189
-0.011302
-0.000873899
0.00850922
0.0157601
0.021238
0.0255943
0.0289225
0.0309038
0.0319928
0.0313701
0.0261186
0.0128835
-0.00877494
-0.0331957
-0.0487528
-0.0460201
-0.0265989
-0.00269882
0.0157402
0.026981
0.0329591
0.03535
0.0348928
0.0315586
0.024295
0.0116664
-0.00750058
-0.032505
-0.0589776
-0.0787418
-0.0835265
-0.0717002
-0.0503982
-0.0298524
-0.0155032
-0.00718819
-0.00271396
-0.000277379
0.00109889
0.00183851
0.00207311
0.00174461
0.000759238
-0.000867454
-0.00293032
-0.005048
-0.0067837
-0.00782499
-0.00811143
-0.00779761
-0.00712885
-0.00632269
-0.00552026
-0.00479302
-0.00416977
-0.00365937
-0.00326134
-0.00296882
-0.00276887
-0.00264557
-0.00258264
-0.00256448
-0.00257574
-0.00260099
-0.0026253
-0.00263577
-0.00262299
-0.00258206
-0.00251299
-0.00241976
-0.00230861
-0.00218664
-0.00206055
-0.00193599
-0.00181721
-0.00170698
-0.00160677
-0.00151693
-0.00143697
-0.00136582
-0.00130206
-0.00124415
-0.00119057
-0.00113998
-0.00109125
-0.00104354
-0.000996286
-0.000949206
-0.000902231
-0.000855469
-0.000809143
-0.000763534
-0.000718935
-0.000675613
-0.000633787
-0.000593611
-0.000555176
-0.000518511
-0.000483593
-0.000450364
-0.000418736
-0.000388613
-0.000359893
-0.000332484
-0.000306304
-0.000281288
-0.000257384
-0.000234559
-0.000212785
-0.000192061
-0.000172348
-0.000153715
-0.000135983
-0.000119529
-0.000103471
-8.96676e-05
-7.39299e-05
-6.51143e-05
-4.37688e-05
-5.09803e-05
1.64878e-06
-7.15947e-05
0.000121139
-0.000240409
0.069591
0.0686037
0.0652713
0.0600011
0.0519169
0.0399524
0.0231334
-4.27709e-05
-0.0291662
-0.0637462
-0.0976089
-0.122246
-0.140173
-0.14962
-0.150625
-0.145482
-0.137065
-0.12857
-0.122106
-0.117557
-0.112129
-0.102224
-0.0867566
-0.0675302
-0.0471699
-0.0277201
-0.0101463
0.00513296
0.0178263
0.027307
0.0319402
0.0295901
0.0197193
0.00588799
-0.00464456
-0.00705344
-0.00222981
0.00552779
0.0130665
0.0193055
0.0242938
0.0285136
0.0322246
0.0352195
0.0373284
0.037521
0.0332772
0.0218865
0.00298127
-0.0185109
-0.0321042
-0.0298356
-0.0137463
0.00551798
0.0202797
0.0294231
0.0345063
0.0367836
0.0366469
0.033824
0.0273437
0.0158885
-0.00163716
-0.0246247
-0.0490266
-0.0671539
-0.0714568
-0.0608681
-0.042339
-0.0248889
-0.0128525
-0.00587191
-0.00209256
-4.2456e-05
0.00108306
0.00164395
0.0017637
0.00141424
0.000535988
-0.000854173
-0.00259448
-0.00438581
-0.00588605
-0.00684532
-0.00719834
-0.00704872
-0.00657896
-0.00596064
-0.00531379
-0.00470607
-0.00416961
-0.00371759
-0.00335341
-0.00307425
-0.00287205
-0.00273579
-0.0026534
-0.00261243
-0.00260002
-0.00260296
-0.00260828
-0.00260466
-0.00258358
-0.00254019
-0.00247379
-0.00238698
-0.00228448
-0.00217192
-0.00205484
-0.00193805
-0.0018253
-0.00171921
-0.00162129
-0.00153213
-0.00145156
-0.00137889
-0.00131305
-0.00125283
-0.00119699
-0.00114436
-0.00109396
-0.001045
-0.000996934
-0.000949445
-0.0009024
-0.000855824
-0.000809852
-0.000764684
-0.00072054
-0.000677631
-0.000636139
-0.000596199
-0.000557895
-0.000521263
-0.000486297
-0.000452958
-0.000421181
-0.000390888
-0.000361998
-0.000334432
-0.000308117
-0.000282992
-0.00025901
-0.000236134
-0.000214333
-0.000193599
-0.000173891
-0.00015526
-0.000137542
-0.000121062
-0.000105018
-9.10836e-05
-7.54384e-05
-6.61251e-05
-4.55188e-05
-5.05696e-05
-2.58081e-06
-6.49537e-05
0.00010166
-0.00020102
0.0660314
0.0649275
0.0612056
0.0554631
0.046906
0.0346883
0.0181376
-0.00371067
-0.0302914
-0.060671
-0.0904573
-0.113368
-0.130352
-0.140065
-0.142548
-0.139555
-0.13331
-0.126222
-0.119848
-0.114128
-0.107195
-0.0966832
-0.081938
-0.064294
-0.045725
-0.0278551
-0.0115516
0.00273348
0.0146546
0.0236095
0.0283374
0.0273561
0.0204842
0.0105226
0.00276234
0.000810476
0.00430894
0.0103579
0.0165956
0.0220408
0.0265923
0.0305908
0.0343642
0.0378988
0.0408234
0.0418712
0.0385993
0.0285459
0.0117196
-0.00696826
-0.0182053
-0.0159753
-0.00301733
0.0120643
0.0236877
0.0310629
0.0352946
0.0373305
0.0374249
0.0351624
0.0295421
0.0192592
0.003286
-0.0177318
-0.0399438
-0.0561603
-0.0597865
-0.0504416
-0.0347904
-0.0203937
-0.0105145
-0.0047354
-0.00157677
0.000126071
0.00102843
0.00143745
0.0014661
0.00110486
0.000314477
-0.000889006
-0.00237728
-0.00391377
-0.0052256
-0.00610898
-0.00649822
-0.00646162
-0.0061363
-0.0056596
-0.00513408
-0.00462238
-0.00415749
-0.00375498
-0.00342086
-0.00315525
-0.00295377
-0.00280915
-0.00271258
-0.00265422
-0.00262334
-0.00260856
-0.00259857
-0.00258326
-0.0025549
-0.00250878
-0.00244368
-0.00236123
-0.002265
-0.0021595
-0.00204936
-0.00193869
-0.00183085
-0.00172824
-0.0016324
-0.00154404
-0.00146324
-0.00138957
-0.00132225
-0.00126031
-0.00120272
-0.00114849
-0.00109673
-0.00104673
-0.000997956
-0.000950065
-0.000902884
-0.000856382
-0.000810629
-0.000765761
-0.000721943
-0.000679342
-0.000638108
-0.000598356
-0.000560165
-0.000523574
-0.000488586
-0.000455174
-0.000423291
-0.000392875
-0.000363856
-0.000336168
-0.000309745
-0.000284532
-0.000260483
-0.000237559
-0.00021573
-0.000194977
-0.000175266
-0.000156622
-0.000138911
-0.000122382
-0.000106369
-9.22471e-05
-7.68063e-05
-6.67773e-05
-4.73864e-05
-4.93992e-05
-7.82321e-06
-5.61004e-05
7.8848e-05
-0.000155581
0.0629124
0.0617195
0.0576993
0.0516104
0.0427337
0.0304098
0.0141929
-0.00649027
-0.0310084
-0.0582314
-0.0849051
-0.106313
-0.122512
-0.13242
-0.136028
-0.134648
-0.129999
-0.123928
-0.117638
-0.111153
-0.103258
-0.0924172
-0.0782737
-0.0618583
-0.0447026
-0.0281247
-0.0128983
0.00052464
0.0117833
0.0203189
0.025132
0.0251752
0.0204844
0.0133152
0.00765435
0.0062535
0.00902189
0.0139667
0.0192859
0.0241129
0.0282816
0.0320397
0.0357031
0.0393849
0.0427281
0.044391
0.0419743
0.0331694
0.0183346
0.00247537
-0.00652144
-0.00456421
0.00541746
0.0170073
0.0261475
0.0321103
0.0355852
0.037289
0.0374574
0.0356624
0.0308721
0.0217306
0.007198
-0.0120119
-0.0320463
-0.0461838
-0.0490298
-0.0410274
-0.028211
-0.0165822
-0.00855363
-0.00378464
-0.0011539
0.000247949
0.000957858
0.00124085
0.00119932
0.000832818
0.000112778
-0.000947143
-0.0022434
-0.00358465
-0.00474831
-0.00556394
-0.00596854
-0.00600723
-0.00578497
-0.00541358
-0.00498134
-0.00454556
-0.00413864
-0.00377725
-0.00346906
-0.00321632
-0.00301731
-0.00286759
-0.00276091
-0.00268955
-0.00264451
-0.00261594
-0.0025938
-0.00256903
-0.00253448
-0.00248564
-0.00242093
-0.00234133
-0.00224955
-0.00214927
-0.00204438
-0.00193847
-0.00183452
-0.00173478
-0.00164075
-0.00155322
-0.00147243
-0.00139814
-0.00132978
-0.00126659
-0.00120769
-0.00115222
-0.00109939
-0.00104854
-0.00099916
-0.000950896
-0.000903551
-0.00085705
-0.000811419
-0.000766745
-0.000723152
-0.000680772
-0.000639729
-0.000600124
-0.000562026
-0.000525476
-0.000490481
-0.000457024
-0.000425068
-0.000394563
-0.00036545
-0.000337668
-0.000311162
-0.000285878
-0.000261772
-0.000238805
-0.000216947
-0.000196172
-0.00017645
-0.000157783
-0.000140074
-0.000123482
-0.000107509
-9.31649e-05
-7.79986e-05
-6.7127e-05
-4.92257e-05
-4.7728e-05
-1.34391e-05
-4.61729e-05
5.52338e-05
-0.000108808
0.0602691
0.05901
0.0547671
0.0484309
0.0393463
0.0270058
0.0111315
-0.00857261
-0.0314525
-0.0563141
-0.0806367
-0.100791
-0.116324
-0.126313
-0.130706
-0.130498
-0.127042
-0.121779
-0.115655
-0.108747
-0.100272
-0.0892599
-0.0755777
-0.0600812
-0.0440081
-0.0284533
-0.0141042
-0.00139229
0.00932656
0.0175399
0.0224362
0.0232553
0.0201548
0.0149979
0.0108865
0.00999654
0.0123845
0.0166252
0.021302
0.0256539
0.0294946
0.0330213
0.0365248
0.0401588
0.0436176
0.0456225
0.0439057
0.0364365
0.023764
0.0104482
0.00291776
0.00410064
0.0115824
0.020562
0.0278698
0.0327411
0.0355795
0.0369381
0.0370624
0.0355842
0.0314925
0.0233991
0.0102637
-0.00714307
-0.025003
-0.0372279
-0.0396084
-0.0331476
-0.0229006
-0.01355
-0.00698394
-0.00301419
-0.000813038
0.000337626
0.000887376
0.00106872
0.000973807
0.000605628
-5.93451e-05
-0.00101058
-0.00216278
-0.00335687
-0.00440616
-0.00516472
-0.00557304
-0.00566104
-0.00551138
-0.00521719
-0.00485543
-0.00447844
-0.00411735
-0.00378918
-0.0035026
-0.00326131
-0.00306554
-0.00291297
-0.00279929
-0.00271842
-0.00266276
-0.00262366
-0.00259212
-0.00255985
-0.00252023
-0.0024689
-0.00240408
-0.00232627
-0.00223759
-0.00214109
-0.00204011
-0.00193781
-0.00183689
-0.00173945
-0.00164692
-0.00156016
-0.0014795
-0.00140486
-0.0013358
-0.0012717
-0.00121184
-0.00115544
-0.00110179
-0.00105026
-0.00100039
-0.000951797
-0.000904283
-0.000857743
-0.000812168
-0.000767613
-0.000724169
-0.000681944
-0.000641041
-0.000601545
-0.000563522
-0.000527009
-0.000492016
-0.000458533
-0.000426529
-0.000395962
-0.000366781
-0.000338931
-0.000312361
-0.000287021
-0.000262869
-0.000239865
-0.00021798
-0.000197181
-0.000177446
-0.000158752
-0.000141043
-0.000124381
-0.000108455
-9.38785e-05
-7.90174e-05
-6.72716e-05
-5.09447e-05
-4.58549e-05
-1.89265e-05
-3.62441e-05
3.27768e-05
-6.45045e-05
0.0581278
0.056821
0.052417
0.0459098
0.0366958
0.0243854
0.00882215
-0.0100988
-0.0317206
-0.0548501
-0.0774386
-0.0966
-0.111608
-0.12164
-0.126601
-0.127245
-0.124653
-0.119974
-0.113986
-0.106816
-0.097984
-0.0869007
-0.0735858
-0.0587825
-0.0435306
-0.0287661
-0.0151064
-0.00295691
0.0073404
0.0153147
0.0202851
0.0216775
0.019714
0.0159846
0.0129996
0.0125416
0.0147431
0.0185381
0.0227722
0.0267693
0.030343
0.0336643
0.0370111
0.0405456
0.0439868
0.0461538
0.0449772
0.0386743
0.0277917
0.0163212
0.00962552
0.010089
0.0158386
0.023041
0.0290517
0.0330973
0.0354228
0.036483
0.0365224
0.0352407
0.0316888
0.0244986
0.0126687
-0.00300622
-0.0189371
-0.0297897
-0.0321876
-0.0271841
-0.01895
-0.0112802
-0.005784
-0.00241381
-0.000547438
0.000402589
0.00082478
0.00092723
0.000792834
0.000424941
-0.000198123
-0.00106898
-0.00211555
-0.00320142
-0.00416503
-0.00487812
-0.0052844
-0.005404
-0.00530445
-0.00506556
-0.00475564
-0.00442282
-0.0040968
-0.00379451
-0.00352518
-0.0032935
-0.00310107
-0.00294709
-0.0028287
-0.00274106
-0.00267767
-0.00263077
-0.00259217
-0.00255417
-0.00251055
-0.0024571
-0.00239192
-0.0023152
-0.00222861
-0.00213477
-0.00203662
-0.00193699
-0.00183836
-0.00174267
-0.00165135
-0.00156525
-0.00148479
-0.00140995
-0.00134044
-0.00127572
-0.00121516
-0.00115808
-0.00110381
-0.00105178
-0.0010015
-0.000952646
-0.000904978
-0.000858381
-0.000812823
-0.000768336
-0.000724988
-0.000682868
-0.000642061
-0.000602646
-0.00056468
-0.000528197
-0.000493211
-0.000459713
-0.000427678
-0.000397069
-0.000367839
-0.00033994
-0.000313323
-0.00028794
-0.000263752
-0.000240717
-0.000218808
-0.000197985
-0.000178237
-0.000159515
-0.000141803
-0.000125073
-0.000109193
-9.43971e-05
-7.98315e-05
-6.72666e-05
-5.24219e-05
-4.4007e-05
-2.38147e-05
-2.7177e-05
1.30564e-05
-2.55842e-05
0.0565072
0.0551677
0.050653
0.044033
0.0347429
0.0224791
0.00716868
-0.0111667
-0.031875
-0.0537879
-0.0751553
-0.0935808
-0.108195
-0.118233
-0.123569
-0.124794
-0.1228
-0.118544
-0.112688
-0.105389
-0.0963619
-0.0852607
-0.0722118
-0.057896
-0.0432278
-0.0290351
-0.015881
-0.00414557
0.00584512
0.013653
0.0186846
0.0204825
0.019301
0.0165443
0.0143389
0.0142124
0.0163333
0.0198551
0.0237944
0.027539
0.0309095
0.0340651
0.0372788
0.0407176
0.0441079
0.0463406
0.0454944
0.0399525
0.0302624
0.0200361
0.0139269
0.0139865
0.0186565
0.0247062
0.0298321
0.0332811
0.0352191
0.0360493
0.0360122
0.0348516
0.031677
0.0251635
0.014353
9.98522e-06
-0.0145349
-0.0245215
-0.0270655
-0.0231034
-0.0162252
-0.00968126
-0.00491686
-0.00197189
-0.000351607
0.000448227
0.000775323
0.00082015
0.000658039
0.000291263
-0.000301533
-0.00111573
-0.00208841
-0.00309847
-0.00400137
-0.00468075
-0.00508302
-0.00522229
-0.00515614
-0.00495522
-0.00468165
-0.00438032
-0.00407964
-0.00379628
-0.00353979
-0.00331549
-0.00312593
-0.00297136
-0.00284991
-0.00275768
-0.00268891
-0.00263653
-0.00259289
-0.00255077
-0.00250421
-0.00244912
-0.00238355
-0.00230745
-0.00222224
-0.00213021
-0.00203401
-0.00193626
-0.00183925
-0.00174484
-0.00165441
-0.00156883
-0.00148854
-0.00141361
-0.00134381
-0.00127868
-0.00121765
-0.00116009
-0.00110538
-0.00105298
-0.00100242
-0.000953355
-0.000905564
-0.000858912
-0.000813353
-0.000768902
-0.000725613
-0.00068356
-0.000642819
-0.000603459
-0.000565532
-0.000529073
-0.000494094
-0.000460588
-0.000428534
-0.000397898
-0.000368636
-0.000340703
-0.000314054
-0.00028864
-0.000264426
-0.000241367
-0.00021944
-0.000198599
-0.000178839
-0.000160092
-0.000142379
-0.000125593
-0.000109753
-9.47734e-05
-8.0463e-05
-6.72127e-05
-5.36175e-05
-4.24396e-05
-2.78115e-05
-1.97436e-05
-2.82997e-06
5.67005e-06
0.0554202
0.0540605
0.0494768
0.0427889
0.0334579
0.0212357
0.00610226
-0.0118446
-0.0319581
-0.0530971
-0.0736865
-0.0916271
-0.10598
-0.116017
-0.121588
-0.12318
-0.121564
-0.117575
-0.111806
-0.104437
-0.0953008
-0.0842014
-0.0713301
-0.0573309
-0.0430421
-0.0292238
-0.016403
-0.0049408
0.0048491
0.0125512
0.0176252
0.0196819
0.0189904
0.0168402
0.0151275
0.015225
0.0173166
0.0206817
0.0244402
0.0280216
0.0312551
0.0342953
0.0374135
0.0407793
0.044121
0.0463707
0.0457025
0.04061
0.0316484
0.0221898
0.0164653
0.0163296
0.0203783
0.0257353
0.0303065
0.0333654
0.035043
0.0357172
0.0356263
0.0345361
0.0315919
0.025496
0.0153124
0.00178775
-0.0118983
-0.021338
-0.0239406
-0.0205889
-0.0145196
-0.00866081
-0.00435406
-0.00168306
-0.000224911
0.000475274
0.000739788
0.000747389
0.000567992
0.000202483
-0.000370611
-0.00114861
-0.00207433
-0.00303608
-0.00389986
-0.0045568
-0.00495524
-0.0051058
-0.00506005
-0.00488292
-0.00463253
-0.00435153
-0.00406736
-0.00379647
-0.00354852
-0.00332925
-0.00314178
-0.00298702
-0.00286376
-0.00276866
-0.0026965
-0.00264061
-0.00259373
-0.00254891
-0.0025004
-0.00244418
-0.00237827
-0.00230251
-0.00221812
-0.00212721
-0.00203225
-0.00193569
-0.00183973
-0.00174616
-0.00165633
-0.0015711
-0.00149096
-0.00141599
-0.00134601
-0.00128063
-0.0012193
-0.00116144
-0.00110645
-0.00105381
-0.00100305
-0.000953855
-0.000905976
-0.000859281
-0.000813715
-0.000769282
-0.000726026
-0.000684013
-0.000643313
-0.000603988
-0.000566088
-0.000529644
-0.000494671
-0.000461161
-0.000429096
-0.000398442
-0.000369161
-0.000341206
-0.000314535
-0.000289102
-0.000264869
-0.000241794
-0.000219853
-0.000198998
-0.000179229
-0.000160465
-0.000142749
-0.000125921
-0.00011011
-9.49975e-05
-8.08716e-05
-6.71288e-05
-5.44293e-05
-4.12798e-05
-3.05973e-05
-1.44525e-05
-1.39227e-05
2.75903e-05
0.0548746
0.0535055
0.0488884
0.0421691
0.0328203
0.0206222
0.00557986
-0.0121731
-0.0319935
-0.0527558
-0.0729668
-0.0906667
-0.104889
-0.114922
-0.120603
-0.12237
-0.120936
-0.117078
-0.111357
-0.103963
-0.0947831
-0.0836905
-0.0709075
-0.0570628
-0.0429598
-0.0293261
-0.0166704
-0.00534307
0.00434911
0.0120016
0.0170992
0.0192837
0.0188297
0.0169711
0.0154959
0.0157048
0.0177872
0.02108
0.0247513
0.0282516
0.0314152
0.0343949
0.0374632
0.0407903
0.0441053
0.0463584
0.0457714
0.040895
0.0322834
0.0231918
0.0176544
0.0174361
0.0211972
0.0262261
0.0305285
0.0333939
0.0349399
0.0355347
0.0354161
0.0343588
0.0315221
0.0256227
0.0157382
0.00260817
-0.0106651
-0.0198429
-0.022461
-0.0193902
-0.0136987
-0.0081642
-0.0040779
-0.00154117
-0.000163516
0.000487005
0.000720515
0.000709989
0.000522593
0.000158232
-0.000404721
-0.00116471
-0.00206737
-0.00300556
-0.00385031
-0.00449631
-0.00489283
-0.00504882
-0.00501298
-0.00484749
-0.00460847
-0.00433746
-0.00406142
-0.00379665
-0.0035529
-0.00333609
-0.00314962
-0.00299474
-0.00287057
-0.00277406
-0.0027002
-0.00264258
-0.00259411
-0.00254797
-0.0024985
-0.00244174
-0.00237568
-0.0023001
-0.00221612
-0.00212576
-0.00203141
-0.00193544
-0.00184
-0.00174684
-0.00165729
-0.00157224
-0.00149216
-0.00141717
-0.00134711
-0.0012816
-0.00122012
-0.00116211
-0.00110699
-0.00105422
-0.00100337
-0.000954109
-0.000906188
-0.000859473
-0.000813904
-0.00076948
-0.000726242
-0.000684249
-0.000643568
-0.00060426
-0.000566373
-0.000529937
-0.000494966
-0.000461454
-0.000429383
-0.000398721
-0.00036943
-0.000341465
-0.000314784
-0.000289341
-0.0002651
-0.000242018
-0.000220072
-0.000199211
-0.000179439
-0.000160666
-0.000142951
-0.000126102
-0.000110309
-9.51294e-05
-8.11033e-05
-6.71063e-05
-5.48794e-05
-4.07079e-05
-3.20873e-05
-1.1752e-05
-1.97812e-05
3.89956e-05
-0.479678
-0.255662
-0.145679
-0.479678
-0.255662
-0.354455
-0.36053
-0.451455
-0.354455
-0.36053
0.12545
0.41609
0.310146
0.334321
0.12545
0.41609
0.310146
-0.11681
-0.349709
-0.349709
-0.331458
-0.337214
-0.336301
-0.340591
-0.331458
-0.337214
-0.336301
0.489421
0.432203
0.489421
-0.337899
-0.346926
-0.337899
-0.346926
0.428462
0.48891
0.428462
-0.350251
-0.362437
-0.350251
-0.362437
0.299648
0.326981
0.110431
0.410749
0.299648
0.326981
0.110432
-0.138643
-0.138642
-0.390462
-0.390462
-0.36858
-0.379865
-0.373543
-0.370041
-0.36858
-0.379865
-0.373542
-0.167903
-0.522007
-0.280067
-0.167903
-0.522007
-0.402745
-0.497452
-0.396611
-0.402745
-0.49745
-0.396611
-0.298368
-0.171819
-0.3685
-0.125652
-0.298368
-0.171819
-0.3685
-0.329343
-0.429726
-0.347181
-0.350554
-0.329344
-0.429725
-0.347182
0.104451
0.266244
0.109037
0.195548
0.104451
0.266244
0.109037
-0.435396
-0.452309
-0.423123
-0.475763
-0.423956
-0.476064
-0.435208
-0.32054
-0.3409
-0.330869
-0.336201
-0.32054
-0.3409
-0.330869
-0.109487
-0.337805
-0.340835
-0.335911
-0.342384
-0.335975
-0.342331
-0.337787
-0.339253
-0.339484
-0.339444
-0.339296
-0.351994
-0.347472
-0.347397
-0.352082
-0.369568
-0.368298
-0.363809
-0.376471
-0.36372
-0.377846
-0.369331
0.0940724
0.185123
0.0893528
0.257294
0.0940727
0.185123
0.089353
-0.415329
-0.277671
-0.192079
-0.194413
-0.418604
-0.381258
-0.379138
-0.376831
-0.382162
-0.381258
-0.379138
-0.376831
-0.403571
-0.146899
-0.330238
-0.195604
-0.403572
-0.146898
-0.330238
-0.390685
-0.388402
-0.371168
-0.473605
-0.390685
-0.388402
-0.371168
-0.378576
-0.481303
-0.367239
-0.502106
-0.368252
-0.503335
-0.377752
-0.38294
-0.253323
-0.16844
-0.170754
-0.386068
-0.378578
-0.481302
-0.367241
-0.502105
-0.368254
-0.503334
-0.377754
-0.382939
-0.253323
-0.16844
-0.170754
-0.386067
-0.375105
-0.36053
-0.358499
-0.358648
-0.375322
-0.435396
-0.452308
-0.423122
-0.475763
-0.423955
-0.476063
-0.435208
-0.375105
-0.36053
-0.358499
-0.358648
-0.375322
0.329824
0.124061
0.263158
0.109627
0.262457
0.107799
0.331472
0.377127
0.329277
0.203039
0.436782
0.174031
0.44083
0.37974
0.329824
0.124061
0.263158
0.109627
0.262457
0.107799
0.331472
0.377127
0.329277
0.203039
0.436782
0.174031
0.44083
0.37974
-0.109487
-0.349687
-0.349687
-0.338547
-0.336288
-0.339717
-0.337878
-0.340444
-0.337852
-0.338422
-0.337805
-0.340835
-0.335911
-0.342384
-0.335975
-0.342331
-0.337787
-0.338547
-0.336288
-0.339717
-0.337879
-0.340444
-0.337851
-0.338422
0.532887
0.465823
0.468959
0.530844
0.570689
0.590621
0.591725
0.569279
0.532887
0.465823
0.468959
0.530844
0.570689
0.590621
0.591725
0.569279
-0.340997
-0.343702
-0.343636
-0.341052
-0.339253
-0.339485
-0.339443
-0.339296
-0.340997
-0.343702
-0.343636
-0.341052
0.568191
0.589779
0.590888
0.566762
0.528771
0.459914
0.463107
0.52669
0.568191
0.589779
0.590888
0.566762
0.528771
0.459914
0.463107
0.52669
-0.356753
-0.363252
-0.363147
-0.356853
-0.351994
-0.347472
-0.347397
-0.352082
-0.356753
-0.363252
-0.363147
-0.356853
0.369129
0.319072
0.4298
0.190602
0.433922
0.161097
0.371771
0.320621
0.109078
0.0951734
0.252361
0.0932908
0.251643
0.322303
0.36913
0.319072
0.4298
0.190602
0.433922
0.161097
0.371771
0.320621
0.109078
0.0951738
0.252361
0.0932913
0.251644
0.322303
-0.131134
-0.131133
-0.390469
-0.390469
-0.372499
-0.380278
-0.382067
-0.372768
-0.382068
-0.372821
-0.372475
-0.369568
-0.368297
-0.363809
-0.376471
-0.36372
-0.377845
-0.369331
-0.372499
-0.380277
-0.382066
-0.372767
-0.382068
-0.372821
-0.372475
-0.415119
-0.523704
-0.545744
-0.402538
-0.546994
-0.403586
-0.414333
-0.415328
-0.27767
-0.192078
-0.194412
-0.418603
-0.41512
-0.523704
-0.545744
-0.40254
-0.546994
-0.403587
-0.414334
-0.417832
-0.402762
-0.400104
-0.400286
-0.418031
-0.481053
-0.49834
-0.522977
-0.467735
-0.523279
-0.468613
-0.480843
-0.417832
-0.402762
-0.400104
-0.400286
-0.418031
-0.481053
-0.498338
-0.522976
-0.467736
-0.523278
-0.468613
-0.480844
-0.380733
-0.146583
-0.333714
-0.16446
-0.333594
-0.166581
-0.381623
0.329302
0.303782
0.371708
0.277003
0.329302
0.303782
0.371708
-0.325838
-0.337507
-0.341485
-0.332739
-0.325838
-0.337507
-0.341485
0.403764
0.330769
0.420329
0.321158
0.403763
0.330769
0.420329
0.533214
0.433459
0.507679
0.467316
0.509177
0.468413
0.531959
-0.341453
-0.347727
-0.353533
-0.342005
-0.341453
-0.347727
-0.353533
0.419564
0.319286
0.401473
0.33018
0.419564
0.319286
0.401473
0.553613
0.490018
0.563486
0.479807
0.564667
0.48095
0.552406
-0.362689
-0.364584
-0.368744
-0.355994
-0.362689
-0.364584
-0.368744
0.367886
0.272831
0.324085
0.30077
0.367886
0.272831
0.324085
-0.390969
-0.384965
-0.388418
-0.376336
-0.390969
-0.384965
-0.388417
-0.382369
-0.37699
-0.383511
-0.377024
-0.383713
-0.372729
-0.37266
-0.380732
-0.146583
-0.333713
-0.16446
-0.333594
-0.166581
-0.381623
-0.378013
-0.354744
-0.368307
-0.365923
-0.368774
-0.366057
-0.378031
-0.378013
-0.354744
-0.368307
-0.365923
-0.368773
-0.366057
-0.378031
0.555282
0.490528
0.481403
0.564048
0.482541
0.565227
0.554079
0.533214
0.433459
0.507679
0.467316
0.509177
0.468413
0.531959
0.555282
0.490528
0.481403
0.564048
0.482541
0.565227
0.554079
-0.339934
-0.337876
-0.33852
-0.341389
-0.338463
-0.341353
-0.340003
-0.342122
-0.346874
-0.343517
-0.344775
-0.343476
-0.344713
-0.342181
-0.339934
-0.337876
-0.33852
-0.341389
-0.338463
-0.341353
-0.340003
-0.342122
-0.346874
-0.343517
-0.344775
-0.343476
-0.344713
-0.342181
0.530423
0.429729
0.464717
0.503816
0.465821
0.505325
0.529163
0.553613
0.490018
0.563486
0.479807
0.564667
0.48095
0.552406
0.530423
0.429729
0.464718
0.503816
0.465821
0.505326
0.529163
-0.351677
-0.350194
-0.348086
-0.354107
-0.348015
-0.354042
-0.351765
-0.355926
-0.36235
-0.358198
-0.359616
-0.358133
-0.359453
-0.356048
-0.351677
-0.350194
-0.348086
-0.354107
-0.348015
-0.354042
-0.351765
-0.355926
-0.362349
-0.358197
-0.359616
-0.358132
-0.359453
-0.356048
-0.413602
-0.168838
-0.187287
-0.363759
-0.189476
-0.363651
-0.414556
-0.413602
-0.168838
-0.187287
-0.363758
-0.189475
-0.363651
-0.414555
-0.420842
-0.396918
-0.409259
-0.410731
-0.40939
-0.411213
-0.420832
-0.420842
-0.396918
-0.409259
-0.41073
-0.40939
-0.411212
-0.420832
0.103639
0.0925532
0.211978
0.0882797
0.211236
0.156573
0.157143
0.103639
0.0925533
0.211978
0.0882798
0.211236
0.156573
0.157143
-0.341044
-0.341873
-0.337234
-0.342026
-0.337279
-0.332148
-0.332049
-0.341044
-0.341873
-0.337234
-0.342026
-0.337278
-0.332147
-0.332049
0.0885935
0.199934
0.0767152
0.19918
0.0723764
0.14344
0.144017
0.0885939
0.199934
0.0767153
0.199181
0.0723768
0.143441
0.144018
-0.382369
-0.37699
-0.383511
-0.377023
-0.383712
-0.372729
-0.37266
0.0611695
0.152275
0.0779925
0.105037
0.0611695
0.152275
0.0779925
-0.29529
-0.324988
-0.339007
-0.311963
-0.29529
-0.324987
-0.339007
0.252685
0.252604
0.285973
0.215783
0.252685
0.252604
0.285973
-0.312745
-0.328682
-0.330588
-0.32349
-0.312745
-0.328682
-0.330588
0.279528
0.209733
0.245115
0.247387
0.279528
0.209733
0.245115
-0.413019
-0.396575
-0.395189
-0.395418
-0.413019
-0.396575
-0.395189
0.062333
0.0931022
0.0452124
0.14069
0.0623331
0.0931023
0.0452124
-0.40014
-0.356013
-0.355985
-0.369003
-0.40014
-0.356013
-0.355985
)
;

boundaryField
{
    inlet
    {
        type            zeroGradient;
    }
    outlet
    {
        type            fixedValue;
        value           uniform 0;
    }
    top
    {
        type            symmetryPlane;
    }
    bottom
    {
        type            symmetryPlane;
    }
    front
    {
        type            symmetryPlane;
    }
    back
    {
        type            symmetryPlane;
    }
    cylinder
    {
        type            zeroGradient;
    }
}


// ************************************************************************* //
