/*--------------------------------*- C++ -*----------------------------------*\
  =========                 |
  \\      /  F ield         | OpenFOAM: The Open Source CFD Toolbox
   \\    /   O peration     | Website:  https://openfoam.org
    \\  /    A nd           | Version:  11
     \\/     M anipulation  |
\*---------------------------------------------------------------------------*/
FoamFile
{
    format      ascii;
    class       volScalarField;
    location    "13.945192";
    object      p;
}
// * * * * * * * * * * * * * * * * * * * * * * * * * * * * * * * * * * * * * //

dimensions      [0 2 -2 0 0 0 0];

internalField   nonuniform List<scalar> 
7132
(
0.0573873
0.0560238
0.0513797
0.0447427
0.0356567
0.0241228
0.0103678
-0.00506825
-0.0212332
-0.0364588
-0.0491505
-0.0571308
-0.060043
-0.0579185
-0.0517824
-0.0434406
-0.0344884
-0.0261638
-0.0189847
-0.012716
-0.00678115
-0.000791297
0.00523026
0.0110273
0.0163486
0.0210855
0.0252703
0.0289464
0.0320387
0.0341981
0.0349098
0.0339463
0.0318421
0.0297587
0.028665
0.0287738
0.0296373
0.0306814
0.0315517
0.0321993
0.0327794
0.033474
0.0342468
0.0346039
0.0337589
0.0313393
0.0280295
0.0252817
0.0241703
0.024708
0.0260697
0.0273793
0.0281791
0.0284686
0.028522
0.0286556
0.0289191
0.0288567
0.0276987
0.0250901
0.0217361
0.0191247
0.0183854
0.0195015
0.0214925
0.0232811
0.0243016
0.0245651
0.0244241
0.0242844
0.0242642
0.0239756
0.0227196
0.0201589
0.0169099
0.0143538
0.0136716
0.0150223
0.0175124
0.0199218
0.0214468
0.0219545
0.0217947
0.0214622
0.0212025
0.0207483
0.0194533
0.0168942
0.0134829
0.0104562
0.00912083
0.010013
0.0126261
0.0157935
0.0183803
0.0197818
0.0200323
0.0195975
0.0190015
0.0183914
0.0173527
0.0152058
0.0116883
0.00743067
0.00374552
0.00184472
0.00213911
0.0040971
0.00663619
0.00870308
0.00965082
0.00932955
0.0079666
0.00590356
0.00330714
8.58526e-05
-0.0038669
-0.00827208
-0.0123294
-0.0150438
-0.0157762
-0.014578
-0.0121224
-0.00935425
-0.00711901
-0.00599456
-0.0063073
-0.00824718
-0.0119467
-0.0174585
-0.0246096
-0.0327954
-0.0408749
-0.0473254
-0.0506756
-0.0500601
-0.0455646
-0.0382258
-0.0296034
-0.0212132
-0.014102
-0.00871354
-0.00501167
-0.00271315
-0.0015023
-0.00114576
-0.00151387
-0.00252643
-0.00406219
-0.0059322
-0.00777713
-0.00932685
-0.010003
-0.0101011
-0.00849161
-0.00771079
-0.00314805
-0.00551756
0.00594261
-0.012263
0.0579342
0.0565746
0.0519454
0.0453121
0.0362037
0.0245931
0.0106811
-0.00501866
-0.0215471
-0.0371842
-0.0502503
-0.0583691
-0.0612387
-0.0588679
-0.0523502
-0.0436316
-0.0343964
-0.0259437
-0.0187932
-0.0126379
-0.00681239
-0.000875067
0.00514892
0.0109809
0.0163511
0.0211409
0.0253793
0.0291051
0.0322403
0.0344196
0.0350971
0.0340245
0.03176
0.0295367
0.0283766
0.0284962
0.0294099
0.0305117
0.031434
0.0321261
0.0327437
0.0334696
0.0342694
0.0346341
0.0337464
0.031217
0.0277611
0.0249016
0.0237657
0.0243611
0.0258153
0.0272125
0.0280789
0.0284129
0.0284921
0.0286373
0.0288997
0.0288128
0.0275887
0.0248679
0.0213842
0.0186814
0.0179307
0.019116
0.0212174
0.023114
0.0242154
0.0245276
0.024408
0.0242708
0.0242361
0.0239036
0.0225608
0.0198774
0.0165064
0.0138758
0.0131911
0.0146071
0.0172042
0.019729
0.0213507
0.0219218
0.0217921
0.0214649
0.0211904
0.0206883
0.019298
0.0166042
0.0130569
0.0099428
0.00859751
0.00955128
0.012268
0.0155477
0.0182358
0.0197176
0.020022
0.0196138
0.0190197
0.0183815
0.0172707
0.0150035
0.0113401
0.00695508
0.00320581
0.00132669
0.00171888
0.00382052
0.00650872
0.00870175
0.0097407
0.00947313
0.00812479
0.00603223
0.00335361
-3.78072e-06
-0.00412691
-0.00869457
-0.0128574
-0.0155861
-0.0162366
-0.0148814
-0.0122303
-0.0092689
-0.00687531
-0.00564739
-0.00591972
-0.00788383
-0.0116733
-0.0173419
-0.0247111
-0.0331554
-0.0414944
-0.0481569
-0.0516283
-0.0510189
-0.046416
-0.0388862
-0.0300342
-0.0214214
-0.0141263
-0.00860687
-0.00482696
-0.00249643
-0.00129078
-0.00096766
-0.00138961
-0.00246909
-0.00407829
-0.00602099
-0.00793093
-0.00952873
-0.0102341
-0.0103319
-0.00871405
-0.00788138
-0.00331719
-0.00555829
0.00578391
-0.0120521
0.0590259
0.0576759
0.0530791
0.0464586
0.0373111
0.0255535
0.011331
-0.00489968
-0.0221682
-0.0386541
-0.0524954
-0.0608911
-0.0636657
-0.0607715
-0.0534492
-0.0439472
-0.0341361
-0.0254387
-0.0183685
-0.0124805
-0.00689746
-0.00107274
0.00495854
0.0108651
0.0163364
0.0212333
0.02558
0.0294078
0.0326334
0.034858
0.0354687
0.0341708
0.0315722
0.0290573
0.0277631
0.0279113
0.0289327
0.0301535
0.0311799
0.0319585
0.0326489
0.0334368
0.0342923
0.0346739
0.0336987
0.0309412
0.02718
0.0240905
0.0229064
0.023627
0.0252784
0.0268578
0.0278584
0.0282787
0.0284063
0.028574
0.028836
0.0287006
0.0273387
0.024382
0.0206274
0.0177364
0.0169665
0.0182997
0.0206335
0.0227545
0.0240204
0.0244267
0.0243445
0.02421
0.0241484
0.0237321
0.0222175
0.019289
0.0156733
0.0128929
0.0122047
0.0137544
0.0165682
0.0193243
0.0211373
0.021831
0.0217569
0.021439
0.0211359
0.0205386
0.0189559
0.0159896
0.0121685
0.00887994
0.00751907
0.00860371
0.0115364
0.015045
0.0179354
0.019574
0.019982
0.0196258
0.0190378
0.0183435
0.0170823
0.0145621
0.010592
0.00594097
0.00205998
0.000229954
0.000831771
0.00323525
0.0062339
0.00868751
0.00991344
0.00975627
0.00844076
0.00629195
0.00344485
-0.000198765
-0.00468462
-0.00959984
-0.0139885
-0.0167482
-0.0172236
-0.0155349
-0.0124735
-0.00911173
-0.00639413
-0.0049571
-0.00514865
-0.00716247
-0.0111347
-0.0171228
-0.0249379
-0.0339115
-0.0427824
-0.04988
-0.0535994
-0.0530023
-0.0481792
-0.0402561
-0.0309312
-0.0218602
-0.0141881
-0.00840163
-0.00446383
-0.00206923
-0.000874177
-0.00061747
-0.00114598
-0.00235808
-0.00411312
-0.00620036
-0.0082394
-0.00993253
-0.0106947
-0.0107916
-0.00915427
-0.00822092
-0.00364712
-0.00564422
0.00547965
-0.011633
0.0606592
0.0593258
0.0547857
0.0481961
0.0390049
0.0270419
0.0123627
-0.00467419
-0.0230871
-0.0409164
-0.0559942
-0.064818
-0.0674568
-0.0637531
-0.055174
-0.0444425
-0.0337236
-0.0246438
-0.0177191
-0.0122579
-0.00706109
-0.00140891
0.00464019
0.0106652
0.0162903
0.0213467
0.0258548
0.0298365
0.0332024
0.0355007
0.0360063
0.034345
0.0312058
0.0282265
0.0267338
0.0269512
0.0281619
0.0295768
0.0307632
0.0316689
0.0324638
0.033341
0.0342763
0.0346755
0.0335499
0.0304152
0.0261548
0.0226989
0.0214622
0.0224143
0.0244033
0.02628
0.0274886
0.028034
0.0282249
0.0284154
0.0286683
0.0284546
0.0268788
0.0235549
0.0193749
0.0161867
0.0153882
0.0169657
0.019679
0.0221603
0.0236815
0.0242245
0.0241886
0.0240516
0.0239491
0.0234058
0.0216263
0.0183171
0.0143235
0.0113191
0.0106391
0.01241
0.0155655
0.0186763
0.0207753
0.0216483
0.0216545
0.0213531
0.0210088
0.0202601
0.0183643
0.0149557
0.0106952
0.00713549
0.00576759
0.00708403
0.0103748
0.0142519
0.0174549
0.0193269
0.0198879
0.0196134
0.0190409
0.0182573
0.016746
0.0138055
0.00933365
0.00425614
0.000172581
-0.00156535
-0.000614597
0.00227885
0.00577463
0.00863957
0.0101568
0.0101721
0.00891241
0.00668045
0.00356392
-0.000547855
-0.00562861
-0.0111086
-0.0158556
-0.0186527
-0.0188326
-0.0165999
-0.0128825
-0.00889096
-0.00567291
-0.00391966
-0.00399424
-0.00609082
-0.010351
-0.0168404
-0.0253551
-0.0351582
-0.0448607
-0.0526362
-0.0567376
-0.0561506
-0.0509743
-0.0424277
-0.0323569
-0.0225672
-0.0143077
-0.00810834
-0.00392859
-0.00143652
-0.00025702
-9.957e-05
-0.00078757
-0.00219863
-0.00417298
-0.00647771
-0.00871034
-0.0105455
-0.0113904
-0.0114833
-0.00981236
-0.00872663
-0.00413473
-0.00577063
0.00502398
-0.0110032
0.0628274
0.061521
0.0570714
0.0505453
0.0413248
0.0291184
0.0138507
-0.00427642
-0.0242779
-0.0440341
-0.0608955
-0.0702873
-0.0727034
-0.0677782
-0.0573435
-0.0448618
-0.0328976
-0.0233576
-0.0167531
-0.012006
-0.00741267
-0.00200463
0.0040949
0.0103081
0.0161574
0.0214344
0.0261609
0.0303521
0.0339145
0.0363226
0.036679
0.0344805
0.0305378
0.0268813
0.0251322
0.0254984
0.0270185
0.0287251
0.0301346
0.0312053
0.0321287
0.0331128
0.0341418
0.0345492
0.03319
0.0294895
0.0244867
0.0204962
0.0192184
0.0205609
0.0230853
0.0254122
0.0269155
0.0276176
0.0278659
0.0280556
0.0282793
0.0279591
0.0261041
0.0222942
0.0175397
0.0139366
0.0130884
0.0150068
0.0182632
0.0212602
0.023137
0.0238552
0.0238663
0.0237217
0.0235709
0.022856
0.020695
0.0168308
0.0122955
0.00899191
0.00836221
0.0104817
0.0141327
0.0177348
0.0202168
0.0213237
0.0214377
0.0211683
0.0207727
0.0198004
0.0174361
0.0133743
0.00847775
0.00453791
0.00318179
0.00485827
0.00868757
0.0131062
0.0167515
0.0189406
0.0197081
0.0195525
0.0190107
0.0180963
0.016209
0.0126481
0.00745294
0.00177546
-0.0025826
-0.00417901
-0.00272558
0.000868111
0.00507253
0.00852101
0.0104496
0.010711
0.00953803
0.00719328
0.00368479
-0.00111469
-0.00706023
-0.0133432
-0.0185806
-0.0214047
-0.0211466
-0.0181369
-0.0135011
-0.00864063
-0.0047427
-0.00256759
-0.00249191
-0.00470847
-0.00937131
-0.0165614
-0.026052
-0.0370058
-0.0478536
-0.0565547
-0.0611703
-0.0605833
-0.054909
-0.0454921
-0.034382
-0.0235924
-0.014519
-0.00775123
-0.00324131
-0.000617287
0.000542252
0.000569125
-0.00032911
-0.00200349
-0.00426909
-0.00686275
-0.00935143
-0.0113728
-0.0123229
-0.0124061
-0.0106835
-0.00939455
-0.00477068
-0.00593788
0.00442473
-0.0101734
0.0655202
0.0642547
0.0599427
0.053532
0.0443232
0.031865
0.0158989
-0.00361278
-0.0257054
-0.0481171
-0.0674607
-0.0775945
-0.0797639
-0.0732441
-0.0602757
-0.0453783
-0.0317024
-0.0215525
-0.015446
-0.0117462
-0.00801047
-0.00292217
0.00327287
0.00975339
0.015897
0.0214488
0.0264423
0.0308923
0.0347088
0.0372689
0.0374178
0.0344531
0.0293618
0.0247601
0.0227117
0.0233729
0.0253881
0.0275207
0.0292264
0.0304929
0.0315468
0.0326128
0.0337036
0.0340965
0.0324535
0.0280375
0.0220339
0.0172756
0.0159194
0.0178478
0.0211778
0.0241616
0.0260632
0.0269381
0.0272064
0.0273493
0.0275233
0.0270742
0.0248605
0.0204117
0.0149151
0.0108036
0.009931
0.0123163
0.0162951
0.0199738
0.0223092
0.0232372
0.0232957
0.0231503
0.0229506
0.0220018
0.0192976
0.0146511
0.00937455
0.005695
0.00519181
0.00784092
0.0121867
0.0164397
0.019406
0.020803
0.0210599
0.0208488
0.0203873
0.0190935
0.0160693
0.0111162
0.00537598
0.000946581
-0.000377143
0.00180181
0.00637665
0.0115368
0.0157721
0.0183704
0.0194038
0.0194111
0.0189155
0.0178149
0.0154038
0.0110066
0.00486761
-0.00156983
-0.00626022
-0.00766284
-0.00555315
-0.00104851
0.00408093
0.00829324
0.010762
0.0113509
0.0102989
0.00779986
0.00374854
-0.00198986
-0.00908361
-0.0163934
-0.0222191
-0.0250252
-0.024168
-0.0201482
-0.0143438
-0.00839406
-0.00365534
-0.000966227
-0.000714386
-0.00309423
-0.00828441
-0.0163857
-0.0271303
-0.0395395
-0.0518127
-0.061649
-0.0668852
-0.0662842
-0.0599768
-0.0494582
-0.0370286
-0.0249661
-0.0148556
-0.00736545
-0.00243776
0.000353412
0.00149136
0.00136074
0.000206144
-0.00179178
-0.0044165
-0.0073656
-0.0101666
-0.0124119
-0.0134837
-0.0135477
-0.0117518
-0.0102107
-0.00553755
-0.0061423
0.00369464
-0.00916864
0.0687216
0.067516
0.0634043
0.0571866
0.048066
0.0353912
0.0186536
-0.00253961
-0.0272939
-0.0532871
-0.0759874
-0.0869703
-0.0887239
-0.0799296
-0.0634943
-0.0454225
-0.0295993
-0.0188496
-0.0136797
-0.011625
-0.00914075
-0.00444147
0.00196651
0.00885828
0.0154012
0.0212915
0.0265959
0.0313478
0.0354796
0.0382324
0.0380817
0.0340263
0.0273001
0.0214108
0.0190841
0.0203088
0.0231092
0.0258548
0.0279428
0.0294189
0.0305508
0.031579
0.0326265
0.032971
0.031065
0.0259168
0.0187458
0.0129571
0.0113897
0.0140565
0.0184985
0.022398
0.0248213
0.0258682
0.0260956
0.0261534
0.0262821
0.0256831
0.0229765
0.0176478
0.0111863
0.00649517
0.00570397
0.00875944
0.0136765
0.018211
0.0211053
0.0222773
0.0223952
0.0222714
0.0220203
0.0207483
0.0173056
0.0116321
0.00541343
0.00128298
0.000988652
0.00436986
0.00964051
0.0147228
0.0182795
0.0200255
0.0204688
0.0203475
0.0197965
0.0180644
0.0141796
0.0081094
0.0013436
-0.00366602
-0.00493821
-0.00213015
0.00338578
0.00948558
0.0144615
0.0175644
0.0189262
0.0191421
0.0187024
0.0173499
0.0142644
0.008834
0.0015686
-0.00574784
-0.0108033
-0.0119589
-0.00906613
-0.00347173
0.002774
0.00791799
0.0110543
0.0120558
0.011159
0.00844702
0.0036792
-0.00325516
-0.0117507
-0.0202516
-0.0267028
-0.0294112
-0.0277962
-0.0225699
-0.015401
-0.00819857
-0.00250408
0.000762996
0.00120502
-0.00138647
-0.00722624
-0.0164265
-0.0286452
-0.0427205
-0.0565909
-0.0676812
-0.0735986
-0.0729824
-0.0659613
-0.0541843
-0.0402289
-0.0266779
-0.0153451
-0.00699986
-0.00157634
0.00141604
0.00253557
0.00222854
0.000780392
-0.00159147
-0.00463122
-0.00798777
-0.0111418
-0.0136354
-0.0148367
-0.0148698
-0.0129792
-0.0111451
-0.00640483
-0.00637668
0.00285852
-0.00802935
0.0724082
0.0712869
0.067457
0.0615402
0.0526296
0.0398318
0.0223024
-0.000863786
-0.0289456
-0.059764
-0.0870119
-0.0990285
-0.100435
-0.0886828
-0.0675817
-0.0453035
-0.0266339
-0.0151469
-0.0113935
-0.0117098
-0.0109528
-0.00670617
7.18989e-05
0.00754139
0.0145841
0.0208531
0.0264804
0.0315548
0.0360359
0.0389936
0.0383665
0.0327354
0.0237124
0.0160983
0.0136386
0.0159047
0.0199546
0.0235871
0.0261615
0.0278243
0.028892
0.0296645
0.0305346
0.0308203
0.0286745
0.0227337
0.0142514
0.00728792
0.00548084
0.00903017
0.0148822
0.0199746
0.0230523
0.0242618
0.0243901
0.0243564
0.0244643
0.0236687
0.020281
0.0137949
0.00613492
0.000797915
0.000221293
0.00420461
0.0103156
0.0158864
0.0194331
0.020886
0.0210904
0.02102
0.0207038
0.0190014
0.0146296
0.00772132
0.000404638
-0.00423572
-0.00425686
3.20685e-05
0.00644298
0.0125272
0.0167763
0.0189289
0.0196048
0.0196018
0.018928
0.0166411
0.0117225
0.00436391
-0.00354994
-0.00919406
-0.0103975
-0.00686968
-0.000265777
0.00693232
0.012776
0.0164673
0.0182141
0.0186772
0.0182932
0.016622
0.0127361
0.00613008
-0.00237288
-0.010624
-0.0160432
-0.0169041
-0.0131394
-0.00633509
0.00116142
0.0073646
0.0112748
0.0127651
0.0120499
0.00904782
0.0033857
-0.00496501
-0.0150322
-0.0247855
-0.0318184
-0.0343209
-0.0318169
-0.0252601
-0.0166257
-0.00810063
-0.00140943
0.00245325
0.00307732
0.000220114
-0.00636726
-0.0167797
-0.0305611
-0.0463474
-0.0618274
-0.0741745
-0.0807858
-0.0801697
-0.0724327
-0.0593604
-0.0438013
-0.0286571
-0.0159963
-0.00671138
-0.000736554
0.0024865
0.00359716
0.0031061
0.00134122
-0.00143704
-0.0049242
-0.0087123
-0.0122326
-0.0149781
-0.0163055
-0.0162973
-0.0142969
-0.0121451
-0.00732542
-0.0066273
0.00195342
-0.00681372
0.0765468
0.0755408
0.0720947
0.0666232
0.0581019
0.0453574
0.0271013
0.00170915
-0.0304583
-0.0677669
-0.101081
-0.11405
-0.114716
-0.0990294
-0.0717382
-0.0440354
-0.0219186
-0.00988537
-0.00850822
-0.0124206
-0.0140997
-0.0102973
-0.00280336
0.00555293
0.013256
0.0199434
0.025868
0.0312133
0.0359283
0.0390029
0.037827
0.0302585
0.0181885
0.00814923
0.00559009
0.00960292
0.0156198
0.020543
0.0237294
0.0254991
0.026275
0.0265747
0.0272136
0.0274886
0.0250273
0.0180093
0.00795564
-0.000210906
-0.00207096
0.00262936
0.0101999
0.0167493
0.0206063
0.0219744
0.0219735
0.0218725
0.0219831
0.0209202
0.0166697
0.00881344
-0.000206895
-0.00624504
-0.00651653
-0.00138593
0.00615943
0.0129328
0.0172113
0.0189812
0.0193078
0.0193206
0.0189168
0.016689
0.0112526
0.00298846
-0.00550267
-0.0106792
-0.0103913
-0.00508703
0.00261174
0.00982483
0.0148432
0.0174475
0.0183929
0.0185261
0.0176947
0.0147649
0.00870771
-1.86766e-05
-0.00911873
-0.015403
-0.0165222
-0.0122343
-0.00447345
0.00390677
0.0106919
0.0150239
0.0171925
0.0179261
0.0175882
0.0155472
0.0107886
0.00295141
-0.00680513
-0.0159709
-0.0217157
-0.022243
-0.0175697
-0.00951489
-0.000716244
0.00660716
0.011356
0.0133889
0.0128614
0.0094886
0.0027851
-0.00711338
-0.0187894
-0.0297275
-0.0372187
-0.039398
-0.0359316
-0.0280253
-0.0179509
-0.00815502
-0.000522073
0.00389239
0.0046589
0.00148623
-0.00588499
-0.0174918
-0.0327419
-0.0500934
-0.0670375
-0.0805385
-0.0878066
-0.0872144
-0.0788346
-0.0645602
-0.047475
-0.0307797
-0.0167993
-0.00656315
-1.79584e-05
0.00345549
0.00457273
0.00390371
0.0018197
-0.00136775
-0.0052963
-0.00949813
-0.0133604
-0.0163348
-0.0177739
-0.0177175
-0.0156045
-0.0131345
-0.00823628
-0.00687359
0.00102804
-0.00559424
0.0810923
0.0802383
0.0772991
0.0724567
0.0645714
0.0521607
0.0333587
0.0055623
-0.0315944
-0.0777485
-0.119278
-0.133371
-0.133673
-0.11269
-0.076938
-0.0420334
-0.015331
-0.00273169
-0.00494876
-0.0140786
-0.0190583
-0.0155818
-0.00687235
0.00274825
0.0112596
0.0183515
0.0244605
0.0297591
0.0341715
0.037057
0.0355727
0.0266741
0.0115416
-0.00195479
-0.0054305
0.000802293
0.00970085
0.0164999
0.0204655
0.0222149
0.0224451
0.0221479
0.0226007
0.022901
0.0199602
0.0115528
-0.000307619
-0.00969079
-0.0113992
-0.00521826
0.004384
0.0126163
0.0173522
0.0188858
0.0187589
0.018627
0.0187538
0.0173646
0.0121486
0.00284478
-0.00757491
-0.014336
-0.0142736
-0.00788652
0.00124166
0.00932579
0.0143837
0.0164944
0.0169725
0.0170877
0.0165771
0.013775
0.00723437
-0.0023891
-0.0120333
-0.0177286
-0.0171233
-0.0107833
-0.00175395
0.00663142
0.0124439
0.0155149
0.0167449
0.0170172
0.0160056
0.0124013
0.00519986
-0.0048588
-0.0150864
-0.0219628
-0.0229834
-0.0179508
-0.0090573
0.000489673
0.00821014
0.0131815
0.0157741
0.0167788
0.0164735
0.014046
0.00842093
-0.000595565
-0.0115153
-0.0214967
-0.0274934
-0.0276606
-0.0220999
-0.012845
-0.00279437
0.00562157
0.0112111
0.0138019
0.013447
0.0096353
0.00181616
-0.00962553
-0.0227865
-0.0347104
-0.0424718
-0.0442243
-0.0397985
-0.0306459
-0.0193002
-0.00842136
-8.95637e-06
0.0048434
0.00567928
0.00216633
-0.00592941
-0.0185562
-0.0350021
-0.0536117
-0.0717496
-0.0862157
-0.0940506
-0.0934992
-0.0845997
-0.0693233
-0.0509377
-0.032889
-0.0177288
-0.00661986
0.000467034
0.00419468
0.00533756
0.00451242
0.00213545
-0.001423
-0.00573796
-0.0102873
-0.0144273
-0.0175816
-0.0191058
-0.0189977
-0.0167833
-0.0140222
-0.0090642
-0.00708948
0.000138388
-0.00445275
0.0859846
0.0853259
0.0830366
0.0790517
0.0721296
0.0604807
0.0414985
0.0113
-0.0318411
-0.0901518
-0.142636
-0.156979
-0.156534
-0.128719
-0.0819925
-0.0378988
-0.00577154
0.0068968
-0.000845446
-0.0175224
-0.0271841
-0.0237128
-0.0128422
-0.00127699
0.00830032
0.0157846
0.0218147
0.0262716
0.0293638
0.0315361
0.0300024
0.0209146
0.00359189
-0.0136869
-0.0189641
-0.0106475
0.00187088
0.0112084
0.0161688
0.0177718
0.0172582
0.0163379
0.0166877
0.0170198
0.0134733
0.00357001
-0.0101242
-0.0207192
-0.0222078
-0.0143649
-0.0025184
0.00754012
0.0132081
0.0149157
0.0146821
0.0145504
0.0147052
0.0129852
0.00683212
-0.00383219
-0.0155527
-0.0229987
-0.0226261
-0.0150112
-0.00429813
0.00510153
0.0109282
0.0133722
0.0140082
0.0142312
0.0136156
0.0102658
0.00270351
-0.0081508
-0.0188234
-0.0249728
-0.0240652
-0.0167596
-0.00648021
0.00300974
0.00956384
0.0130661
0.0145624
0.0149632
0.0137761
0.00954535
0.00131192
-0.00991946
-0.0211176
-0.0284847
-0.0293929
-0.0236873
-0.013783
-0.00319614
0.00535575
0.0108935
0.0138643
0.0151143
0.0148327
0.0120535
0.0056636
-0.00436485
-0.0162516
-0.0268755
-0.0330189
-0.0328148
-0.0264486
-0.0161392
-0.00499751
0.00438002
0.0107335
0.0138472
0.013631
0.00935221
0.000455119
-0.0123615
-0.0267213
-0.0393204
-0.0471241
-0.0483789
-0.0430822
-0.0329127
-0.0206088
-0.00897025
-4.5647e-05
0.00506435
0.00587742
0.00204787
-0.00660516
-0.0199381
-0.0371695
-0.0566106
-0.0755706
-0.0907315
-0.0989889
-0.0984796
-0.0892147
-0.0732198
-0.0538855
-0.0348249
-0.0187546
-0.00694562
0.000600304
0.00456452
0.00575296
0.00481178
0.00220321
-0.00164056
-0.00623643
-0.0110223
-0.0153411
-0.0186023
-0.0201725
-0.0200091
-0.0177156
-0.0147149
-0.00973555
-0.00724627
-0.000659512
-0.00347006
0.0911465
0.0907297
0.0892495
0.0863862
0.0808422
0.0705422
0.0519808
0.019668
-0.0307187
-0.10593
-0.173393
-0.188232
-0.187807
-0.150328
-0.0880676
-0.0318608
0.00756723
0.0198078
0.00349817
-0.0244832
-0.0400921
-0.0356529
-0.0211354
-0.006744
0.0041681
0.0119587
0.0173476
0.0197939
0.020659
0.021982
0.0208331
0.0117675
-0.00749297
-0.0280378
-0.0348821
-0.0245523
-0.00795963
0.00448213
0.0106595
0.0120371
0.0106763
0.00917083
0.00950753
0.00990238
0.00577729
-0.00545941
-0.0207669
-0.0324865
-0.033808
-0.0243737
-0.0102926
0.00158895
0.00816703
0.0100349
0.00970339
0.00958771
0.0097974
0.00782855
0.000917844
-0.0108547
-0.0236459
-0.031673
-0.0310453
-0.022357
-0.0102208
0.000364528
0.00686417
0.00958173
0.0103462
0.0106709
0.00998861
0.00621119
-0.00215992
-0.0139865
-0.025465
-0.0319581
-0.0307821
-0.0226645
-0.0113389
-0.000934934
0.00621269
0.010045
0.011748
0.012258
0.0109412
0.00622357
-0.00280811
-0.0149339
-0.0268548
-0.0345636
-0.0353466
-0.0290903
-0.0183888
-0.00699987
0.002175
0.00812354
0.0113704
0.0128138
0.0125614
0.00952752
0.00257426
-0.00818786
-0.0207497
-0.0317786
-0.0379388
-0.037369
-0.0303372
-0.0192109
-0.0072506
0.00284856
0.00980091
0.0133457
0.0132264
0.00851838
-0.00128321
-0.0151418
-0.0302754
-0.0431577
-0.0507591
-0.0514826
-0.0454907
-0.0346531
-0.0218365
-0.00988014
-0.000797115
0.00434341
0.00504727
0.000982111
-0.00797211
-0.0216035
-0.0391219
-0.0588771
-0.0781918
-0.0936909
-0.102173
-0.101695
-0.0922488
-0.0758892
-0.0560609
-0.0364491
-0.0198508
-0.00760104
0.000267873
0.00442679
0.00567986
0.00468359
0.00194226
-0.00205621
-0.00678511
-0.0116615
-0.016033
-0.0193075
-0.0208708
-0.0206441
-0.0183004
-0.0151301
-0.0101866
-0.00731596
-0.0013189
-0.00271107
0.0964818
0.0963571
0.095852
0.094416
0.0907531
0.0826396
0.0654727
0.0319741
-0.0269035
-0.126484
-0.213465
-0.22489
-0.225328
-0.17662
-0.0946309
-0.022667
0.0251807
0.0357056
0.00704706
-0.0374675
-0.0610051
-0.0538513
-0.0330297
-0.0142321
-0.00145775
0.00651971
0.0104287
0.009778
0.00831041
0.00924917
0.00888594
-0.000547951
-0.021798
-0.0449513
-0.0528544
-0.0404136
-0.0195812
-0.00371248
0.00383936
0.00496834
0.00273882
0.000708044
0.00112784
0.00169948
-0.00277068
-0.0149309
-0.0314211
-0.0440598
-0.0453245
-0.0345944
-0.0185565
-0.00505084
0.00230801
0.0042703
0.00381452
0.00371393
0.00403853
0.00200319
-0.00533989
-0.017822
-0.0313392
-0.0397824
-0.0389687
-0.0294615
-0.016216
-0.00471853
0.00225526
0.00511748
0.00593856
0.0063528
0.00568959
0.00170173
-0.00714341
-0.0195687
-0.0315469
-0.0382345
-0.0368379
-0.0281315
-0.0160735
-0.00506558
0.00242602
0.0064134
0.00822053
0.00881795
0.00746592
0.00249303
-0.00699217
-0.0196315
-0.0319522
-0.0398148
-0.0404609
-0.0338187
-0.022612
-0.0107581
-0.00126845
0.00485198
0.00821583
0.00977777
0.00958139
0.00645499
-0.000767388
-0.0118892
-0.0247555
-0.0359014
-0.041931
-0.0410188
-0.0335138
-0.0218917
-0.00948782
0.000988578
0.00828688
0.0121176
0.0120601
0.00704379
-0.00335131
-0.0177779
-0.0331589
-0.045884
-0.05304
-0.0532379
-0.0468072
-0.0357546
-0.0229778
-0.0112314
-0.00239675
0.00253103
0.00306392
-0.00110882
-0.0100565
-0.0235334
-0.0407888
-0.0602679
-0.079382
-0.0947833
-0.103247
-0.102785
-0.0933761
-0.0770669
-0.0572783
-0.0376635
-0.0210038
-0.00864062
-0.000630486
0.00365847
0.00499457
0.00402475
0.00128266
-0.00270462
-0.00738839
-0.0121846
-0.016461
-0.0196368
-0.0211273
-0.0208241
-0.0184633
-0.0152054
-0.0103719
-0.00727406
-0.00181117
-0.00220688
0.101874
0.102086
0.10272
0.103012
0.101823
0.0968766
0.0825441
0.0494642
-0.0199629
-0.152629
-0.268777
-0.277428
-0.278845
-0.212478
-0.102098
-0.00993141
0.049506
0.0548056
0.00531671
-0.0629589
-0.0950761
-0.0808556
-0.0493492
-0.0239599
-0.00872026
-0.000830664
0.000667506
-0.00367769
-0.00716001
-0.0058783
-0.00509862
-0.0148027
-0.0375003
-0.0625811
-0.0713886
-0.0571446
-0.0323916
-0.0131615
-0.00423166
-0.00336137
-0.0064457
-0.00894701
-0.00832901
-0.00735032
-0.0117332
-0.0242136
-0.0413014
-0.0545446
-0.0558637
-0.044283
-0.0268059
-0.012083
-0.00420318
-0.00229078
-0.0029465
-0.00304539
-0.00250276
-0.0043257
-0.0116552
-0.0243355
-0.038147
-0.0467898
-0.0458617
-0.0358593
-0.0219401
-0.00993459
-0.00279188
1.0643e-05
0.000774271
0.00126637
0.000757404
-0.0031368
-0.0120218
-0.0245843
-0.0366935
-0.0433973
-0.0418376
-0.0328168
-0.0204266
-0.00922612
-0.00173376
0.00216241
0.00393296
0.00459987
0.00335523
-0.00156142
-0.0110671
-0.0237622
-0.0361052
-0.0439057
-0.0444046
-0.0375733
-0.0262124
-0.0143092
-0.00489645
0.0010837
0.00435524
0.00594443
0.00585544
0.00285653
-0.00426593
-0.0153013
-0.0280455
-0.0389863
-0.0447293
-0.0435147
-0.0357727
-0.0240434
-0.0116566
-0.00123648
0.00607788
0.010007
0.00999596
0.00487684
-0.00568331
-0.0201027
-0.0351458
-0.0472548
-0.0537366
-0.0534565
-0.0469107
-0.0361763
-0.0240601
-0.0130906
-0.00492195
-0.000437492
-0.000111165
-0.00423856
-0.0128572
-0.0257173
-0.0421373
-0.0607049
-0.0790028
-0.093816
-0.101985
-0.101529
-0.0924071
-0.076607
-0.0574402
-0.0384211
-0.0222153
-0.0101084
-0.00217071
0.00216571
0.00360271
0.00275654
0.00016948
-0.00361755
-0.00805885
-0.0125873
-0.0166054
-0.0195566
-0.0208992
-0.0205024
-0.0181613
-0.0149042
-0.0102691
-0.00710155
-0.00213159
-0.00194066
0.107188
0.107778
0.109684
0.112023
0.113923
0.113564
0.104138
0.0757659
-0.00638599
-0.195148
-0.33753
-0.333139
-0.345436
-0.260311
-0.113167
0.00663402
0.0762214
0.0779269
0.00920463
-0.0886032
-0.140409
-0.120177
-0.072448
-0.0366549
-0.0177868
-0.010229
-0.0119379
-0.0201107
-0.0251419
-0.0226669
-0.0202108
-0.029458
-0.0525219
-0.0786933
-0.0884089
-0.0731873
-0.0454338
-0.02338
-0.0132947
-0.0127491
-0.0166964
-0.019631
-0.0186669
-0.0169311
-0.0206399
-0.0327146
-0.0497229
-0.0631777
-0.0646299
-0.0527147
-0.0344852
-0.0191319
-0.0111253
-0.00949798
-0.010482
-0.010598
-0.0096898
-0.0109443
-0.0177328
-0.0300311
-0.0436536
-0.0522477
-0.0512705
-0.0411321
-0.027054
-0.0150449
-0.00813109
-0.00566154
-0.00510436
-0.00454065
-0.0047172
-0.00814937
-0.0165748
-0.0287596
-0.0405957
-0.0471212
-0.0454604
-0.0364296
-0.0241628
-0.0132536
-0.00617638
-0.00267457
-0.00110933
-0.000383309
-0.00133828
-0.00583033
-0.0148668
-0.0271148
-0.0390727
-0.0465823
-0.0469259
-0.0401202
-0.0289913
-0.0175046
-0.00861796
-0.00314322
-0.000208818
0.00130707
0.00139904
-0.00121036
-0.0078156
-0.0182761
-0.0304414
-0.04084
-0.0461405
-0.044679
-0.0369673
-0.0255665
-0.0137169
-0.00384999
0.00309461
0.00690811
0.00695253
0.0020063
-0.00820903
-0.0219917
-0.0360947
-0.0471382
-0.0527441
-0.0520749
-0.045789
-0.0359503
-0.0251314
-0.0154923
-0.00838018
-0.00454426
-0.00444503
-0.00836973
-0.0163451
-0.0281398
-0.0431599
-0.0601766
-0.0770294
-0.0907493
-0.0983435
-0.0978872
-0.0893143
-0.0744969
-0.0565449
-0.0387282
-0.0235005
-0.0120318
-0.00439569
-0.000107531
0.001445
0.000827154
-0.00143546
-0.00481982
-0.00881023
-0.0128744
-0.0164635
-0.0190589
-0.0201757
-0.0196677
-0.0173867
-0.0142192
-0.00988112
-0.00678613
-0.0022992
-0.00184503
0.112271
0.113256
0.116531
0.121103
0.126766
0.132042
0.130734
0.110058
0.0145262
-0.227573
-0.457593
-0.421669
-0.440648
-0.32605
-0.126712
0.0196876
0.0909999
0.0978556
0.0128058
-0.0952509
-0.172192
-0.161075
-0.100244
-0.0521676
-0.0286354
-0.0215998
-0.0270698
-0.0390227
-0.0450155
-0.0403792
-0.035366
-0.0430202
-0.0651508
-0.0914202
-0.102023
-0.0868843
-0.0575422
-0.0336558
-0.022899
-0.0228632
-0.0277466
-0.0310955
-0.0295945
-0.0266548
-0.0290177
-0.0399209
-0.0561525
-0.0693887
-0.0710087
-0.0592761
-0.0410613
-0.025786
-0.0181593
-0.0171368
-0.0186224
-0.0187724
-0.0173144
-0.0175992
-0.0232863
-0.0346055
-0.0475455
-0.0558304
-0.0548589
-0.0449473
-0.0312573
-0.019806
-0.013582
-0.0117681
-0.0115882
-0.0109511
-0.0105888
-0.0131583
-0.0206011
-0.0318808
-0.043034
-0.0491845
-0.0474851
-0.0387555
-0.0270878
-0.0169881
-0.0107828
-0.00801165
-0.00683421
-0.00605079
-0.00651015
-0.0101831
-0.0182419
-0.0295308
-0.040694
-0.0476848
-0.0478675
-0.0413068
-0.0308047
-0.020217
-0.0123296
-0.00775006
-0.00541341
-0.00407265
-0.00371182
-0.00565029
-0.0113049
-0.0206936
-0.0318221
-0.0413467
-0.0460585
-0.0444178
-0.0370192
-0.0264035
-0.0156362
-0.00684875
-0.000687571
0.00278527
0.00291363
-0.00154172
-0.0108655
-0.0233753
-0.0359587
-0.0455254
-0.0500945
-0.0491626
-0.0435381
-0.0351681
-0.0262393
-0.0184236
-0.0127111
-0.00970805
-0.00985429
-0.0134259
-0.0204608
-0.0307701
-0.0438665
-0.0587396
-0.0735596
-0.0857103
-0.0924639
-0.0920068
-0.08424
-0.0708594
-0.0546832
-0.0386384
-0.0248803
-0.0144147
-0.00731067
-0.00317804
-0.00150395
-0.00178891
-0.00355184
-0.00632424
-0.00965105
-0.0130546
-0.0160488
-0.0181633
-0.0189822
-0.0183477
-0.0161693
-0.0131736
-0.00923394
-0.00632289
-0.00235024
-0.00181595
0.116961
0.118346
0.122984
0.129955
0.139774
0.152606
0.163379
0.167484
0.0611874
-0.216228
-0.527096
-0.484246
-0.573627
-0.423908
-0.155858
0.00279849
0.0575938
0.035349
-0.0106875
-0.0993991
-0.189103
-0.194728
-0.128246
-0.0690972
-0.0407995
-0.0345597
-0.0441349
-0.0598175
-0.066059
-0.0581298
-0.0494154
-0.0542494
-0.0742138
-0.0995784
-0.110925
-0.0968715
-0.0675691
-0.0431588
-0.0324522
-0.0332596
-0.0392322
-0.0429858
-0.0407157
-0.0360733
-0.0364146
-0.0454273
-0.0602379
-0.0728361
-0.0746155
-0.0635282
-0.0460866
-0.0316436
-0.0249714
-0.0249316
-0.0271154
-0.0273102
-0.0251
-0.0240082
-0.0280544
-0.0378339
-0.0496298
-0.0573563
-0.0564317
-0.0470841
-0.0343134
-0.023988
-0.0189369
-0.0181212
-0.018494
-0.0177742
-0.016659
-0.0179703
-0.023929
-0.0338059
-0.0438923
-0.0494835
-0.0478038
-0.0396705
-0.0290606
-0.0202808
-0.0154056
-0.0137045
-0.013095
-0.0122489
-0.0120036
-0.0144715
-0.0210662
-0.030912
-0.0408971
-0.0471582
-0.0471775
-0.0410701
-0.0315703
-0.0223449
-0.0159163
-0.0126134
-0.0111286
-0.0100587
-0.00933818
-0.010331
-0.0146203
-0.0224669
-0.0321299
-0.0404751
-0.0444706
-0.0427263
-0.0359214
-0.0265368
-0.0173828
-0.0101902
-0.00522283
-0.00231467
-0.00206736
-0.00570736
-0.0136026
-0.0242412
-0.0347861
-0.0425307
-0.045956
-0.0449166
-0.0403441
-0.033953
-0.0274093
-0.0218206
-0.0178033
-0.0158086
-0.016225
-0.0193031
-0.0251178
-0.0335607
-0.0442797
-0.0565098
-0.068804
-0.0789819
-0.0846685
-0.0842154
-0.0774843
-0.0659385
-0.0520236
-0.0382375
-0.0263704
-0.0172329
-0.0108852
-0.00702806
-0.00523913
-0.00509205
-0.00617928
-0.00812861
-0.0105817
-0.013139
-0.0153894
-0.0169164
-0.0173787
-0.0166076
-0.0145727
-0.0118176
-0.00837073
-0.00571431
-0.00232754
-0.00174016
0.121095
0.122837
0.128756
0.137919
0.152212
0.172113
0.201826
0.198372
0.156275
-0.25222
-0.702234
-0.549567
-0.643521
-0.528345
-0.230184
-0.0914428
-0.0356166
-0.0538878
-0.0559994
-0.110336
-0.192479
-0.214178
-0.151503
-0.0853704
-0.053391
-0.0484201
-0.0623243
-0.0816721
-0.0873005
-0.0748193
-0.0612328
-0.0622211
-0.0790716
-0.102665
-0.114487
-0.102287
-0.0745825
-0.0510704
-0.0412937
-0.0434076
-0.0506861
-0.0548339
-0.051531
-0.044695
-0.0424198
-0.0489525
-0.061818
-0.0734142
-0.0753112
-0.0652382
-0.0492424
-0.0363511
-0.0312159
-0.0325531
-0.0356346
-0.0358743
-0.0327111
-0.0298734
-0.0318129
-0.03958
-0.049842
-0.0567934
-0.0559429
-0.0474454
-0.0360651
-0.0273891
-0.0239691
-0.0244783
-0.0255668
-0.0247494
-0.0226829
-0.0223843
-0.0264237
-0.0344706
-0.0431613
-0.0480354
-0.0464259
-0.0391461
-0.0299996
-0.0229989
-0.0198719
-0.0195511
-0.0196713
-0.018754
-0.0176142
-0.0185351
-0.0232405
-0.0312239
-0.0397007
-0.0450526
-0.0449091
-0.0394381
-0.0312696
-0.0238146
-0.0192524
-0.017566
-0.0171588
-0.0164432
-0.0152818
-0.0150874
-0.0176494
-0.0235458
-0.0313734
-0.0382802
-0.0414592
-0.0396889
-0.0337359
-0.0259844
-0.0189181
-0.0137837
-0.010387
-0.0082575
-0.00786695
-0.0103993
-0.0163842
-0.0246308
-0.0327108
-0.0383785
-0.0406142
-0.039633
-0.0364466
-0.0324274
-0.0286307
-0.0255764
-0.0235122
-0.0227018
-0.0234234
-0.0258783
-0.030211
-0.0364516
-0.0444289
-0.0536449
-0.0630566
-0.070969
-0.0754259
-0.0749855
-0.0694712
-0.0600689
-0.0487841
-0.037622
-0.0279703
-0.020435
-0.0150595
-0.01161
-0.00972643
-0.00905532
-0.00929473
-0.0102146
-0.0115947
-0.0131402
-0.0145256
-0.0153861
-0.0154533
-0.0145421
-0.0126868
-0.010221
-0.007344
-0.0049698
-0.00226977
-0.00152538
0.124522
0.12656
0.133492
0.144589
0.162441
0.190269
0.234448
0.266855
0.308946
-0.229557
-0.550948
-0.654312
-0.571669
-0.309615
-0.202869
-0.178997
-0.133134
-0.0953705
-0.115411
-0.179814
-0.212585
-0.163407
-0.097632
-0.0647376
-0.0620002
-0.0805191
-0.103382
-0.107399
-0.089145
-0.0698101
-0.0663771
-0.0796
-0.100809
-0.11275
-0.102856
-0.0780031
-0.0567044
-0.0487707
-0.0527203
-0.0615433
-0.066054
-0.0614546
-0.0520108
-0.0466856
-0.0503455
-0.0609136
-0.0712353
-0.0731879
-0.0643827
-0.0503605
-0.0396319
-0.036558
-0.0396335
-0.0437851
-0.0440594
-0.03977
-0.0348963
-0.0343846
-0.0397977
-0.0482406
-0.0542509
-0.0534876
-0.0460568
-0.0364412
-0.029846
-0.0284437
-0.0305532
-0.0324896
-0.0315587
-0.0283812
-0.0262003
-0.0279908
-0.0338864
-0.0409335
-0.0449708
-0.0434708
-0.0372456
-0.0298835
-0.0250301
-0.0239897
-0.0253001
-0.0262796
-0.0252831
-0.0230988
-0.0222063
-0.0246941
-0.0304926
-0.0372081
-0.0415153
-0.0412128
-0.0365231
-0.0299443
-0.0245803
-0.0222056
-0.0224035
-0.0232521
-0.0229579
-0.0212949
-0.0197281
-0.0202846
-0.0239157
-0.0296239
-0.0348983
-0.0371943
-0.0354722
-0.0305863
-0.0247924
-0.0201917
-0.017489
-0.0159792
-0.0148245
-0.0142932
-0.0154941
-0.0191834
-0.0246284
-0.0299339
-0.033374
-0.034431
-0.0336597
-0.0320947
-0.0306882
-0.0298557
-0.0295539
-0.0296684
-0.0302183
-0.0312934
-0.0330129
-0.0356258
-0.0393777
-0.0443455
-0.05032
-0.0566557
-0.0621483
-0.0652888
-0.0648777
-0.0606991
-0.0536311
-0.045196
-0.0368774
-0.029659
-0.0239481
-0.01975
-0.0168456
-0.0148961
-0.0136177
-0.0128482
-0.0125469
-0.0126753
-0.0130716
-0.0135041
-0.013652
-0.0133093
-0.012263
-0.0106142
-0.00846264
-0.00620732
-0.00410536
-0.00220427
-0.00112155
0.12712
0.129345
0.136944
0.149253
0.169537
0.202326
0.257384
0.320401
0.423689
-0.590025
-0.511585
-0.364243
-0.313719
-0.293502
-0.190995
-0.118742
-0.11265
-0.159698
-0.194724
-0.162035
-0.103321
-0.0729134
-0.0737196
-0.0972226
-0.12326
-0.124618
-0.0997089
-0.0743637
-0.0665323
-0.07609
-0.0946049
-0.10631
-0.0988433
-0.0776503
-0.0595893
-0.0543054
-0.0605923
-0.0711631
-0.075977
-0.0698493
-0.0575304
-0.0489491
-0.0495852
-0.0577046
-0.0665924
-0.0685318
-0.0611258
-0.0494238
-0.0413024
-0.0406937
-0.0457867
-0.0511283
-0.0514175
-0.0458802
-0.0387964
-0.0356468
-0.0385265
-0.044992
-0.049959
-0.0492845
-0.0430551
-0.0354541
-0.0312401
-0.0321299
-0.0360321
-0.0389044
-0.0378472
-0.0334576
-0.0292303
-0.0285781
-0.0321339
-0.037389
-0.0405173
-0.039153
-0.034113
-0.0287464
-0.0262856
-0.0275578
-0.0306661
-0.032591
-0.0315123
-0.0281904
-0.0253191
-0.0253855
-0.0287984
-0.0335958
-0.0367762
-0.0363214
-0.0325094
-0.0276885
-0.024623
-0.0246424
-0.0268967
-0.0291177
-0.0292925
-0.0270958
-0.0240461
-0.0224259
-0.0235956
-0.0270078
-0.0305355
-0.0319207
-0.030311
-0.0266459
-0.0230273
-0.021141
-0.0211224
-0.0217321
-0.0217216
-0.0210894
-0.0208334
-0.0219741
-0.0243464
-0.0266976
-0.0278634
-0.0277942
-0.0273457
-0.0275113
-0.0287964
-0.0310086
-0.0335936
-0.036073
-0.0381488
-0.0396392
-0.0405418
-0.0412384
-0.0422739
-0.0440592
-0.0467054
-0.0499375
-0.0530054
-0.0548339
-0.0544739
-0.0516742
-0.0469952
-0.0414665
-0.0360641
-0.0313981
-0.0276847
-0.0248489
-0.0226189
-0.0206322
-0.0186742
-0.0167564
-0.0150707
-0.0138008
-0.0129451
-0.0123728
-0.011795
-0.0110507
-0.00988208
-0.00845579
-0.00661982
-0.00500908
-0.00314317
-0.00214503
-0.000526048
0.12881
0.131098
0.138912
0.151584
0.172454
0.206289
0.262945
0.339271
0.500185
-0.459071
-0.3974
-0.375653
-0.420194
-0.365503
-0.223095
-0.124868
-0.0995819
-0.132488
-0.164604
-0.147361
-0.100775
-0.0760824
-0.0818064
-0.110647
-0.139266
-0.137026
-0.105244
-0.0744654
-0.062878
-0.0691456
-0.0849376
-0.0960818
-0.0909131
-0.0737102
-0.0595043
-0.0574447
-0.0664408
-0.0788677
-0.0838876
-0.0760782
-0.060827
-0.0490552
-0.0467744
-0.0524972
-0.0599117
-0.0617742
-0.055783
-0.0465521
-0.0412776
-0.0433691
-0.0506344
-0.0572152
-0.0574927
-0.0506571
-0.0413317
-0.0355382
-0.0358818
-0.0403486
-0.0442402
-0.0436468
-0.0386674
-0.0331912
-0.0315022
-0.034816
-0.040597
-0.0444386
-0.0432498
-0.0376203
-0.0313097
-0.0281757
-0.0293505
-0.0327758
-0.034975
-0.0337589
-0.0299566
-0.0266713
-0.0267033
-0.0303793
-0.0353511
-0.0382571
-0.0371008
-0.0326166
-0.0277177
-0.0253009
-0.0262654
-0.029095
-0.0311261
-0.0305287
-0.027636
-0.0246384
-0.0239485
-0.0264362
-0.0308082
-0.0344471
-0.0351172
-0.0323885
-0.0278306
-0.0239848
-0.022632
-0.0236942
-0.0254495
-0.0259381
-0.0244892
-0.0221219
-0.0207695
-0.0216948
-0.0244716
-0.0273322
-0.028596
-0.0279423
-0.0262212
-0.0247192
-0.0239067
-0.0232572
-0.0221946
-0.0210813
-0.0210045
-0.0228779
-0.0267835
-0.0319967
-0.0375148
-0.042484
-0.0462196
-0.0481958
-0.0482486
-0.0469029
-0.0450734
-0.0435968
-0.0429504
-0.0431979
-0.0439725
-0.0445778
-0.0442954
-0.0428409
-0.0404713
-0.0377557
-0.0352171
-0.0331396
-0.0315447
-0.0302182
-0.0287653
-0.0267627
-0.0240683
-0.0208969
-0.0177076
-0.0149381
-0.0127689
-0.0111749
-0.00988774
-0.00877006
-0.00749903
-0.00629914
-0.00476047
-0.00378971
-0.00211114
-0.00209526
0.000226238
0.129567
0.131789
0.139356
0.151514
0.171095
0.201915
0.250831
0.318625
0.439395
-0.33549
-0.347218
-0.320169
-0.39145
-0.482698
-0.390222
-0.225661
-0.117075
-0.0806952
-0.101866
-0.128622
-0.122655
-0.0900566
-0.0730626
-0.0846553
-0.118908
-0.149226
-0.142798
-0.10488
-0.070149
-0.0559538
-0.0595713
-0.0728116
-0.0831502
-0.0799681
-0.0666542
-0.0564754
-0.0578932
-0.069753
-0.0840001
-0.0890939
-0.0795723
-0.0615879
-0.046978
-0.0421283
-0.0456867
-0.0516974
-0.0534331
-0.0487738
-0.0419764
-0.039569
-0.0443968
-0.0538369
-0.0616188
-0.0618565
-0.0537611
-0.0423204
-0.0340631
-0.0320415
-0.0346206
-0.0374744
-0.0369491
-0.0331854
-0.0298019
-0.0306134
-0.0363253
-0.0439523
-0.0487375
-0.0474223
-0.0406059
-0.0323099
-0.0268138
-0.0257159
-0.0273845
-0.0286884
-0.0276199
-0.0250283
-0.0237792
-0.0262507
-0.0322768
-0.0390693
-0.0429383
-0.0417184
-0.0361201
-0.0292677
-0.0244531
-0.0230484
-0.0239709
-0.0248914
-0.0241642
-0.0221751
-0.0209594
-0.0225856
-0.0274768
-0.033912
-0.03894
-0.0401096
-0.0368857
-0.0308827
-0.0248889
-0.0210928
-0.0198785
-0.0199277
-0.0195742
-0.0183154
-0.0172391
-0.0181076
-0.0217822
-0.0273157
-0.0324459
-0.0350636
-0.0344989
-0.0314243
-0.0273586
-0.0234205
-0.019856
-0.0166875
-0.0146205
-0.0148988
-0.018338
-0.0246648
-0.0327214
-0.041116
-0.0486078
-0.0540755
-0.0566056
-0.0558391
-0.0524296
-0.0476971
-0.0429802
-0.0391778
-0.0366694
-0.0353851
-0.0349196
-0.0347419
-0.0345325
-0.0342837
-0.0341743
-0.034355
-0.0348307
-0.0354119
-0.0356828
-0.035067
-0.0330577
-0.0295915
-0.0251076
-0.0203534
-0.0160404
-0.012544
-0.00994639
-0.00798993
-0.00654005
-0.00518843
-0.0042119
-0.00293979
-0.00258189
-0.00104148
-0.00205226
0.00108055
0.129419
0.131456
0.138392
0.14924
0.166251
0.190769
0.227716
0.272703
0.294685
-0.216552
-0.317836
-0.281454
-0.277821
-0.385675
-0.474551
-0.365282
-0.204436
-0.101355
-0.0602174
-0.0704214
-0.0911159
-0.0919911
-0.0725633
-0.0636525
-0.081264
-0.12049
-0.151362
-0.140694
-0.0984251
-0.0619697
-0.0465876
-0.0482713
-0.0592194
-0.0685883
-0.0669861
-0.0571357
-0.0507433
-0.0555333
-0.0701383
-0.0859969
-0.0910128
-0.0799078
-0.059666
-0.0428371
-0.0359606
-0.0377195
-0.0424798
-0.0440571
-0.0405741
-0.0360082
-0.036277
-0.0436704
-0.0551252
-0.0639816
-0.0641548
-0.0549331
-0.0416619
-0.0312944
-0.0272312
-0.0281478
-0.0300636
-0.0295915
-0.026937
-0.025482
-0.0286059
-0.0365317
-0.0458518
-0.0514964
-0.0500726
-0.0422038
-0.032151
-0.0245609
-0.0214353
-0.0215221
-0.0220145
-0.0210827
-0.0196011
-0.0202193
-0.024928
-0.0331088
-0.0415724
-0.0463337
-0.0450738
-0.0384806
-0.029867
-0.02288
-0.019319
-0.0184997
-0.0184058
-0.0175651
-0.0164106
-0.0168329
-0.0205848
-0.0276808
-0.0360125
-0.0423289
-0.0439804
-0.0403311
-0.0330296
-0.0250857
-0.0190597
-0.0157643
-0.0142616
-0.0131589
-0.0120989
-0.0122234
-0.0151356
-0.0213436
-0.0294484
-0.036752
-0.0407412
-0.0403922
-0.0361816
-0.0298
-0.0229695
-0.0167049
-0.0116171
-0.00868861
-0.00924517
-0.0140115
-0.0224537
-0.0330865
-0.0441814
-0.0541081
-0.0612923
-0.0644226
-0.0629318
-0.0575671
-0.0500395
-0.0422236
-0.0354892
-0.0305241
-0.0274745
-0.0261263
-0.0260744
-0.0269638
-0.0285788
-0.0307995
-0.0334904
-0.0364155
-0.0391506
-0.0410292
-0.0412579
-0.0392391
-0.0349933
-0.0291932
-0.0228815
-0.0170475
-0.0122634
-0.00871501
-0.00614821
-0.00441434
-0.00300711
-0.00224223
-0.00120132
-0.00141272
3.14348e-05
-0.00201214
0.00197941
0.128444
0.130219
0.136202
0.145366
0.158728
0.177294
0.197502
0.21753
0.183523
-0.13368
-0.401052
-0.290926
-0.22519
-0.276003
-0.391517
-0.437041
-0.316426
-0.173105
-0.0839239
-0.0421891
-0.0417337
-0.0558437
-0.0594091
-0.0505414
-0.0486991
-0.0715644
-0.114638
-0.144742
-0.130412
-0.0865197
-0.0509531
-0.0357872
-0.0361554
-0.0450537
-0.0533483
-0.0528973
-0.0458908
-0.0427198
-0.0504362
-0.0673822
-0.0844713
-0.0892616
-0.0768839
-0.0551211
-0.0369026
-0.0286628
-0.0290575
-0.0327738
-0.0341801
-0.0316711
-0.0290085
-0.0315801
-0.0411768
-0.054331
-0.0640535
-0.0641469
-0.0540277
-0.0393541
-0.0273734
-0.0217081
-0.0212714
-0.0223972
-0.0219657
-0.0202588
-0.0204576
-0.025562
-0.0353738
-0.0461245
-0.0524917
-0.0509904
-0.0422785
-0.0308119
-0.021521
-0.0167236
-0.0154858
-0.0152923
-0.01448
-0.0139479
-0.0161579
-0.0227705
-0.0327841
-0.0426737
-0.048209
-0.0469414
-0.0395355
-0.0294562
-0.0206428
-0.0152529
-0.0129456
-0.0119839
-0.0110506
-0.0106163
-0.0124441
-0.0180163
-0.0270001
-0.0369626
-0.0444026
-0.0464983
-0.0425214
-0.0341403
-0.0245479
-0.0166214
-0.0115464
-0.00872206
-0.00699602
-0.00612476
-0.00728729
-0.0119506
-0.0203411
-0.0307008
-0.0399727
-0.0452857
-0.045277
-0.0402247
-0.0319188
-0.0225903
-0.0139648
-0.00720444
-0.0035109
-0.00422529
-0.0100083
-0.0201724
-0.0330082
-0.0464988
-0.0586377
-0.0674181
-0.0711571
-0.0690887
-0.0620088
-0.0519596
-0.0413276
-0.0319718
-0.0248922
-0.0203914
-0.0183547
-0.0184409
-0.0202603
-0.0234526
-0.0276924
-0.0326352
-0.0378314
-0.0426055
-0.046015
-0.0470407
-0.0450005
-0.0400002
-0.0329413
-0.0251523
-0.0178898
-0.0119131
-0.00750138
-0.00439876
-0.00243171
-0.000991184
-0.000423601
0.00042072
-0.000305646
0.00107373
-0.00197256
0.00287392
0.126755
0.128203
0.13308
0.140228
0.149979
0.161729
0.170496
0.166916
0.10042
-0.0940774
-0.269585
-0.240988
-0.229646
-0.258824
-0.335574
-0.346457
-0.247238
-0.138468
-0.0675449
-0.0278901
-0.0178116
-0.0245687
-0.0276042
-0.0261214
-0.0299127
-0.0566373
-0.101827
-0.12986
-0.112959
-0.0706643
-0.0384385
-0.0245933
-0.0240571
-0.0310606
-0.0382041
-0.0385024
-0.033659
-0.0329425
-0.0428659
-0.0614963
-0.079294
-0.0837461
-0.0705867
-0.0482426
-0.0295835
-0.020679
-0.0201483
-0.0230382
-0.0242773
-0.0225253
-0.0213584
-0.0257229
-0.0370043
-0.0514129
-0.0617269
-0.0617406
-0.0510383
-0.0355044
-0.0225057
-0.0157451
-0.01431
-0.0148237
-0.0144259
-0.0134707
-0.0149695
-0.0216112
-0.032866
-0.0446958
-0.0516066
-0.0500716
-0.040787
-0.0283382
-0.0178295
-0.0117914
-0.00954142
-0.00881793
-0.00810659
-0.00832162
-0.0117689
-0.0198507
-0.0312743
-0.0422674
-0.0484196
-0.0471829
-0.0391968
-0.0280278
-0.0178255
-0.0110179
-0.00754182
-0.00589695
-0.00489727
-0.00503702
-0.00797121
-0.0149685
-0.0254301
-0.0366782
-0.0450242
-0.0475091
-0.0433235
-0.0341374
-0.0232782
-0.0138688
-0.00739606
-0.00353849
-0.00134049
-0.000635036
-0.00261783
-0.00865187
-0.0187684
-0.0309598
-0.0419019
-0.0484272
-0.0488653
-0.0433062
-0.0335691
-0.0222689
-0.0117337
-0.00360906
0.000738307
5.14721e-06
-0.00643869
-0.0178592
-0.0324258
-0.0478846
-0.0618864
-0.0720421
-0.0763522
-0.0738808
-0.0654317
-0.0532898
-0.0402744
-0.0287024
-0.0198821
-0.0142403
-0.0116965
-0.0119221
-0.0144978
-0.0189767
-0.024908
-0.0317989
-0.0390088
-0.0456101
-0.050388
-0.0521129
-0.0500352
-0.0443411
-0.0361421
-0.0270276
-0.0184972
-0.0114765
-0.00632206
-0.00277166
-0.000622513
0.000830342
0.00121942
0.00189828
0.000718178
0.00205441
-0.00193354
0.00372844
0.124482
0.125589
0.129282
0.134446
0.140758
0.147105
0.147802
0.134699
0.0761369
-0.0783068
-0.189391
-0.184763
-0.191197
-0.21799
-0.263914
-0.265186
-0.194293
-0.113297
-0.0552366
-0.017901
-0.000358417
0.00126537
0.000931411
-0.00117131
-0.00970166
-0.0389791
-0.0840679
-0.108628
-0.0905784
-0.0529224
-0.0257973
-0.0139081
-0.0126629
-0.0178319
-0.0237498
-0.0244446
-0.02113
-0.0220369
-0.0332787
-0.0527582
-0.0706605
-0.0747262
-0.0614229
-0.0395395
-0.0213952
-0.0124726
-0.0113987
-0.0136599
-0.0147459
-0.0135423
-0.0134341
-0.0190022
-0.0313453
-0.0464736
-0.0570638
-0.0570185
-0.0461129
-0.0303307
-0.0169515
-0.00961553
-0.00754126
-0.00762936
-0.00726574
-0.00685625
-0.00925982
-0.0169265
-0.0291045
-0.041601
-0.0488487
-0.0473345
-0.0377901
-0.0248451
-0.0136487
-0.00683372
-0.00390676
-0.0028253
-0.0021994
-0.00294049
-0.00722551
-0.0162775
-0.0286216
-0.0403422
-0.0469264
-0.0457633
-0.0374627
-0.0256318
-0.014533
-0.00676635
-0.00247608
-0.000355321
0.000677877
0.000125924
-0.0035761
-0.0115465
-0.0230134
-0.0351472
-0.0441445
-0.0469499
-0.0426873
-0.0330067
-0.0213124
-0.010892
-0.00345099
0.00111728
0.00362006
0.00418714
0.00163186
-0.00533864
-0.0166552
-0.0301797
-0.0424225
-0.0499939
-0.0509568
-0.0452313
-0.0346058
-0.0219453
-0.0100386
-0.000918438
0.0039413
0.0033176
-0.00341429
-0.0155728
-0.0313135
-0.048211
-0.0636254
-0.074857
-0.079658
-0.0769642
-0.0675551
-0.0538657
-0.039031
-0.0257439
-0.0155904
-0.00910607
-0.00621303
-0.00656705
-0.0097279
-0.0152093
-0.0224937
-0.0309845
-0.0398741
-0.0480023
-0.0539125
-0.0561993
-0.0540678
-0.0477747
-0.0386106
-0.0283873
-0.0188098
-0.0109408
-0.00519295
-0.00129428
0.000986877
0.00243478
0.00266726
0.00320777
0.0016397
0.00294706
-0.00189667
0.00452073
0.121768
0.12253
0.125066
0.128313
0.131651
0.13336
0.128688
0.109247
0.0591673
-0.0499466
-0.141566
-0.156912
-0.169124
-0.187466
-0.213527
-0.208531
-0.155574
-0.0935516
-0.0453639
-0.0112822
0.0100476
0.0198619
0.0238853
0.0218673
0.00897264
-0.0222894
-0.0645699
-0.0841717
-0.0664127
-0.0354929
-0.0141646
-0.00436491
-0.00247141
-0.00582053
-0.0104246
-0.0112145
-0.00891393
-0.0106816
-0.0223114
-0.0417287
-0.0591275
-0.0628416
-0.0501068
-0.0296933
-0.012905
-0.00448878
-0.00315652
-0.00493647
-0.00588567
-0.00505303
-0.00558669
-0.0117532
-0.0244924
-0.0397659
-0.0503057
-0.0502452
-0.039553
-0.0241502
-0.0110087
-0.00357866
-0.00119005
-0.00102689
-0.000705913
-0.000648064
-0.00356
-0.0117179
-0.0242669
-0.0369904
-0.0443566
-0.0429257
-0.0334539
-0.0205142
-0.00916099
-0.00202197
0.00125719
0.00252592
0.00307401
0.0020227
-0.00269326
-0.0121946
-0.0249406
-0.0369872
-0.0438043
-0.0427583
-0.0344232
-0.0223774
-0.0108895
-0.00262944
0.00211696
0.00450157
0.00552888
0.00472421
0.000601462
-0.00786916
-0.0198413
-0.0324344
-0.0418078
-0.0448563
-0.0406521
-0.0308015
-0.0187227
-0.00777986
0.000188801
0.00513787
0.00777271
0.00822532
0.00534882
-0.0021083
-0.0140691
-0.0283873
-0.041516
-0.0499249
-0.0514571
-0.0458829
-0.0349106
-0.0215326
-0.00883985
0.000860135
0.00604872
0.00562239
-0.00104297
-0.013396
-0.029693
-0.0474264
-0.0637374
-0.0756957
-0.0808773
-0.0781326
-0.0681947
-0.0535646
-0.0375633
-0.0231401
-0.0120953
-0.0050581
-0.00194936
-0.00240626
-0.0059834
-0.0121896
-0.0204797
-0.0301845
-0.0403577
-0.0496449
-0.0563987
-0.0590845
-0.0568853
-0.0501163
-0.0402073
-0.029144
-0.0187883
-0.0103026
-0.00413221
6.98788e-06
0.00237169
0.00380152
0.00390267
0.00432928
0.0024423
0.00373053
-0.00186389
0.00523932
0.118751
0.119191
0.12064
0.122188
0.12301
0.121266
0.113016
0.091286
0.0478483
-0.0351681
-0.107602
-0.127519
-0.142342
-0.157574
-0.173455
-0.166723
-0.126926
-0.0786691
-0.0381816
-0.00735959
0.0147458
0.0295939
0.0380136
0.0377942
0.0220125
-0.0106026
-0.0468965
-0.0596924
-0.0435146
-0.0200912
-0.00421392
0.00373205
0.0062176
0.00463188
0.00143821
0.000812299
0.00246886
0.000423941
-0.0107575
-0.0292436
-0.0456026
-0.0490759
-0.0375891
-0.0194709
-0.00466233
0.00288755
0.00430374
0.00291957
0.00209784
0.00269552
0.00187448
-0.00433238
-0.0168256
-0.0316837
-0.0418668
-0.0418579
-0.0317955
-0.0173544
-0.0049905
0.0021346
0.00457621
0.00484674
0.00511092
0.00498001
0.00191937
-0.00622277
-0.0186055
-0.0311238
-0.0383965
-0.037115
-0.0280419
-0.0155838
-0.00456015
0.00250095
0.00584753
0.00714908
0.00761786
0.00644583
0.00167621
-0.00777492
-0.0204153
-0.0323896
-0.03924
-0.0383526
-0.030257
-0.0184295
-0.00703516
0.00128424
0.0061567
0.00860652
0.00958333
0.00866658
0.00444821
-0.00406596
-0.0160516
-0.028679
-0.0381512
-0.0413611
-0.0373462
-0.0276427
-0.0156169
-0.00461989
0.00345979
0.00847997
0.0110811
0.0114325
0.00846326
0.000946815
-0.0111134
-0.0256805
-0.0392614
-0.0482708
-0.0503846
-0.0452362
-0.0344171
-0.020941
-0.00804752
0.00179857
0.00709228
0.00688869
0.000586439
-0.0114355
-0.0276452
-0.0455704
-0.062229
-0.0745434
-0.0799787
-0.0773376
-0.0672933
-0.0523388
-0.0358557
-0.0209146
-0.00944264
-0.00213725
0.0010729
0.000553096
-0.00326962
-0.00992635
-0.0188697
-0.0293802
-0.0404044
-0.0504453
-0.057727
-0.0606377
-0.0583615
-0.051259
-0.0408559
-0.029256
-0.0184212
-0.00957165
-0.00316113
0.00110734
0.00350933
0.00491208
0.00491067
0.00524712
0.00311267
0.0043889
-0.00183592
0.00587858
0.11556
0.115708
0.116182
0.116251
0.115032
0.11068
0.100157
0.0778314
0.0398043
-0.0240091
-0.0820565
-0.105848
-0.122824
-0.135773
-0.144947
-0.1367
-0.105296
-0.0668837
-0.0327573
-0.005184
0.0159067
0.0319898
0.0424004
0.0430736
0.0278753
-0.00159287
-0.0291798
-0.0360115
-0.0237258
-0.00754422
0.00387374
0.0103458
0.0132788
0.0132817
0.0115765
0.0113397
0.0125952
0.0106059
0.000484983
-0.0163624
-0.0312836
-0.0346513
-0.0249236
-0.0096108
0.00287367
0.00936808
0.0107899
0.00977393
0.00908512
0.00954087
0.00869367
0.00290027
-0.00879078
-0.0227391
-0.0323088
-0.0324349
-0.023375
-0.0103708
0.000803991
0.00733445
0.00964684
0.00992338
0.0101156
0.0099154
0.00699719
-0.000693344
-0.0124314
-0.0243547
-0.0313451
-0.0302777
-0.0218966
-0.0103308
-3.92014e-05
0.00662327
0.00981434
0.0110242
0.011404
0.010258
0.00575036
-0.00321247
-0.0152886
-0.0268241
-0.0335216
-0.032829
-0.0252218
-0.0139999
-0.00312025
0.0048891
0.00961139
0.0119575
0.0128374
0.0119177
0.00787973
-0.000272252
-0.0118218
-0.0240879
-0.0333968
-0.0366889
-0.0329798
-0.023713
-0.0121352
-0.00149923
0.00633004
0.0111562
0.0135779
0.0138269
0.0109493
0.00374355
-0.00792064
-0.0222216
-0.035828
-0.0451869
-0.0478652
-0.043361
-0.0331255
-0.0201032
-0.00754753
0.00203178
0.00718856
0.00716355
0.00142692
-0.00981296
-0.0253178
-0.0427869
-0.059238
-0.0715353
-0.0770927
-0.0746874
-0.0649277
-0.0502327
-0.0339283
-0.0190747
-0.00763221
-0.000333467
0.00287637
0.00234272
-0.00155272
-0.00838837
-0.0176353
-0.0285429
-0.0399828
-0.0503701
-0.0578646
-0.06083
-0.0584729
-0.0511876
-0.0405536
-0.0287339
-0.0177291
-0.00877201
-0.00230256
0.00198657
0.0043825
0.00575227
0.00568002
0.00595065
0.00364171
0.00491106
-0.00181119
0.0064317
0.112313
0.112206
0.11183
0.110669
0.107831
0.10163
0.0897559
0.067907
0.0344592
-0.0160469
-0.0634106
-0.0871324
-0.103672
-0.114615
-0.120445
-0.112814
-0.0883849
-0.0576648
-0.0288485
-0.00438226
0.0150984
0.0303635
0.0407691
0.0422102
0.0306246
0.00864007
-0.0109687
-0.0159983
-0.00865196
0.00193835
0.0102176
0.0155821
0.0187401
0.020005
0.0197745
0.0201193
0.021148
0.0192899
0.0104984
-0.0042898
-0.0175434
-0.0208671
-0.0130886
-0.000707607
0.00938957
0.014788
0.0161973
0.0155588
0.0150272
0.0153997
0.0146795
0.00960436
-0.000869008
-0.0135241
-0.0222954
-0.0226439
-0.0148677
-0.00361413
0.00611989
0.0118831
0.013963
0.0141912
0.0143014
0.0141044
0.0115297
0.00461999
-0.00609262
-0.017103
-0.0236581
-0.022863
-0.0154097
-0.005047
0.00422356
0.0102657
0.0131509
0.0141835
0.0144605
0.0134362
0.00942112
0.00129018
-0.00984498
-0.020632
-0.0270163
-0.0265471
-0.0196339
-0.00933148
0.000702918
0.00812159
0.0124887
0.0146043
0.0153443
0.0144923
0.0108416
0.00337739
-0.00735895
-0.0189223
-0.0278369
-0.0311381
-0.0278315
-0.0192453
-0.00844338
0.00149605
0.00879191
0.0132214
0.0153491
0.0154819
0.0128226
0.00621312
-0.00464312
-0.0182248
-0.0314631
-0.0409213
-0.0441169
-0.0404154
-0.0311075
-0.0189931
-0.00722814
0.00172987
0.00652435
0.00657993
0.00149821
-0.00864074
-0.022918
-0.0393299
-0.0550389
-0.0669548
-0.0724996
-0.0704363
-0.0613035
-0.047384
-0.031844
-0.0176184
-0.00661496
0.000429792
0.00354789
0.00304854
-0.000752993
-0.00750509
-0.01672
-0.0276384
-0.0390888
-0.0494481
-0.0568683
-0.0597366
-0.0572999
-0.0499803
-0.0393736
-0.0276429
-0.0167642
-0.00793947
-0.00157726
0.00263376
0.00498425
0.00631651
0.00620617
0.0064359
0.00402592
0.00529091
-0.001785
0.00688396
0.109111
0.108788
0.10769
0.105523
0.101434
0.0939436
0.0813409
0.0604417
0.0308099
-0.0101784
-0.0493508
-0.0724043
-0.0887284
-0.0992126
-0.102784
-0.0954334
-0.0755225
-0.0503512
-0.0258664
-0.00431035
0.013398
0.0273447
0.0369799
0.0393919
0.0319924
0.0167607
0.00261149
-0.002154
0.00187825
0.00894239
0.0151264
0.0196208
0.0227685
0.0248433
0.02589
0.0269475
0.0279181
0.0261143
0.0185166
0.00582247
-0.00562915
-0.00877859
-0.00277027
0.00687194
0.0147431
0.0191136
0.0205091
0.0202578
0.0199225
0.0202526
0.0197108
0.0154852
0.0064639
-0.00466033
-0.0125333
-0.0131709
-0.00682071
0.00256539
0.0107734
0.0157022
0.0175109
0.017679
0.0177087
0.0175453
0.0154174
0.00948774
5.50947e-05
-0.00981992
-0.0158346
-0.0153558
-0.00898411
-8.91758e-06
0.00808024
0.0133821
0.0158825
0.0166939
0.0168564
0.0159987
0.01261
0.00553713
-0.00438864
-0.0141952
-0.020142
-0.0199144
-0.0138432
-0.00467817
0.00429122
0.0109398
0.0148246
0.0166305
0.0171972
0.016446
0.0133094
0.00675768
-0.00288515
-0.0134797
-0.0218138
-0.0250614
-0.0222279
-0.0145061
-0.00472168
0.00428372
0.0108549
0.0147566
0.0165153
0.0165108
0.0141355
0.00830652
-0.0014404
-0.0139408
-0.0264733
-0.0357966
-0.0394351
-0.0366331
-0.0285017
-0.0176334
-0.00700062
0.0010677
0.0053233
0.00534324
0.000900166
-0.0079876
-0.0206817
-0.0355507
-0.0500439
-0.0612371
-0.0666267
-0.0649779
-0.056744
-0.0440129
-0.0297041
-0.016536
-0.00629682
0.000297215
0.00324861
0.00282111
-0.00074291
-0.00717533
-0.0160529
-0.0266366
-0.0377466
-0.0477623
-0.0548709
-0.0575203
-0.0550136
-0.0478007
-0.0374601
-0.0260977
-0.0156053
-0.0071172
-0.000999862
0.00305163
0.00532291
0.00661245
0.00649417
0.00670666
0.0042678
0.0055278
-0.00175029
0.00721122
0.106038
0.105537
0.103842
0.100876
0.0958424
0.0874937
0.0745846
0.054833
0.0283993
-0.00567013
-0.0386215
-0.0601841
-0.0754284
-0.0843785
-0.0871889
-0.0809779
-0.0650373
-0.0444188
-0.0235959
-0.00466915
0.0112831
0.0239685
0.0327987
0.035793
0.0312755
0.0208831
0.0108803
0.00690919
0.00919122
0.014086
0.0188469
0.0226529
0.0256292
0.0280526
0.0299675
0.0317017
0.0327783
0.0309833
0.0241982
0.0133522
0.00382956
0.00117444
0.0057484
0.0129981
0.0189495
0.0224255
0.0237892
0.0238988
0.0237996
0.0241269
0.0237418
0.0203288
0.0127912
0.00326566
-0.00369148
-0.00462945
0.00032705
0.00792701
0.0146671
0.0187743
0.0203151
0.0204406
0.0204065
0.0202792
0.0186108
0.0137232
0.00568249
-0.00294488
-0.00836764
-0.00822584
-0.00299003
0.00455272
0.0114273
0.0159589
0.0180548
0.0186394
0.0186843
0.0179965
0.0152727
0.00935715
0.000785458
-0.00790077
-0.0133303
-0.01335
-0.00819899
-0.000279938
0.00752358
0.0133236
0.0166722
0.0181364
0.0185116
0.0178631
0.0152883
0.0097629
0.00138078
-0.00806995
-0.0156926
-0.018838
-0.0165182
-0.00977391
-0.00114985
0.00679038
0.01254
0.0158544
0.017211
0.0170493
0.0149689
0.0100004
0.00153744
-0.00963376
-0.0212012
-0.0301869
-0.0341753
-0.0323077
-0.0255013
-0.0160934
-0.00681048
0.000200523
0.00380799
0.00369639
-0.000196266
-0.00784738
-0.018816
-0.0318442
-0.0447682
-0.0549496
-0.0600396
-0.058829
-0.0516676
-0.0404002
-0.0276338
-0.0158085
-0.00654857
-0.000533813
0.00220202
0.00186989
-0.00135313
-0.00728028
-0.0155677
-0.025529
-0.0360136
-0.0454401
-0.0520604
-0.0544082
-0.0518566
-0.0448827
-0.0350153
-0.0242508
-0.0143487
-0.00634937
-0.000575525
0.00325861
0.0054251
0.00666525
0.00656228
0.00677677
0.00437645
0.00562811
-0.00169932
0.00738871
0.103168
0.102522
0.100342
0.0967518
0.0910208
0.0821238
0.0691721
0.050581
0.0267926
-0.00220073
-0.030414
-0.0504616
-0.0648719
-0.0734106
-0.0757087
-0.0702632
-0.057025
-0.0397352
-0.0218295
-0.00516472
0.00917496
0.0207204
0.0288649
0.0322206
0.0297524
0.0228007
0.0158256
0.0128208
0.0142556
0.0178365
0.0216238
0.0248828
0.0276107
0.0300472
0.032297
0.0344269
0.0356312
0.033953
0.0278843
0.0187684
0.0111939
0.00915089
0.0124702
0.0177214
0.0221374
0.0248794
0.0261661
0.0265533
0.0267053
0.0270747
0.0267996
0.0240424
0.017826
0.0097926
0.00371232
0.00255078
0.00631793
0.0123626
0.0177891
0.0211387
0.0224334
0.0225443
0.022476
0.0223766
0.0211126
0.0172035
0.0105234
0.00314071
-0.00169027
-0.00187265
0.00228191
0.00848085
0.014215
0.0180135
0.0197263
0.0201077
0.0200444
0.0195025
0.0174018
0.0126214
0.00542122
-0.00210363
-0.00698285
-0.00724142
-0.00301439
0.00366301
0.0103137
0.0152752
0.0180939
0.0192235
0.0194074
0.0188443
0.0168103
0.0123172
0.00524402
-0.00298842
-0.00983118
-0.0128412
-0.0110431
-0.00531313
0.00211029
0.00895873
0.0138765
0.0166061
0.0175659
0.0172361
0.0154218
0.0112997
0.00416611
-0.00555626
-0.0159951
-0.0244873
-0.0287255
-0.0277682
-0.0223341
-0.0144764
-0.00663642
-0.000748573
0.00217166
0.00187524
-0.00158404
-0.00813422
-0.0174422
-0.0285617
-0.0397441
-0.0487228
-0.053385
-0.0525786
-0.0465424
-0.0368493
-0.0257584
-0.0154008
-0.0072153
-0.00183505
0.000666496
0.000442321
-0.00238461
-0.0076932
-0.0152177
-0.0243469
-0.0339969
-0.0426601
-0.0486777
-0.0506851
-0.0481327
-0.0415163
-0.0322817
-0.0222755
-0.0130942
-0.00567396
-0.000298222
0.00328745
0.00533413
0.0065179
0.00644358
0.00667191
0.0043673
0.00560574
-0.00162699
0.0074069
0.100556
0.0997955
0.0972305
0.0931645
0.0869304
0.0777059
0.0648711
0.0473654
0.0257517
0.000539424
-0.0240405
-0.0425525
-0.0559802
-0.0638539
-0.0658869
-0.0613173
-0.0503862
-0.0358503
-0.0203943
-0.00567793
0.00723727
0.0177891
0.025384
0.0290063
0.0280275
0.0235492
0.0188218
0.0167167
0.0177717
0.0205487
0.0236639
0.0264889
0.0289538
0.0312376
0.033468
0.0356184
0.0368312
0.035426
0.0303486
0.0229992
0.0170534
0.0153163
0.0174969
0.0212099
0.0244916
0.0266556
0.0278091
0.0283472
0.0287145
0.0291634
0.0289754
0.0266865
0.0215008
0.0147226
0.00946524
0.00823908
0.0111104
0.0158845
0.0201945
0.0228789
0.0239511
0.0240658
0.0239979
0.0239237
0.022976
0.0198898
0.0144136
0.00816545
0.0038841
0.00343225
0.00666083
0.0117075
0.0164466
0.0195891
0.0209615
0.0211788
0.02103
0.0205998
0.0190255
0.0152591
0.00933234
0.00291487
-0.00142819
-0.0019018
0.00147154
0.00701428
0.0126193
0.0168184
0.019154
0.0199836
0.0199949
0.0194927
0.01793
0.0143837
0.00855596
0.00151598
-0.00454309
-0.00740111
-0.0061003
-0.00134621
0.00493307
0.0107549
0.0149006
0.0170948
0.0176938
0.0171987
0.0156004
0.0122387
0.00636362
-0.00191982
-0.0111732
-0.0190762
-0.0234664
-0.0233449
-0.0192375
-0.012903
-0.00648347
-0.00169208
0.000563821
7.09556e-05
-0.00306426
-0.00870658
-0.0165662
-0.0259204
-0.0353943
-0.0431177
-0.0472667
-0.046784
-0.0418068
-0.0336341
-0.0241774
-0.0152597
-0.0081325
-0.00337626
-0.00110066
-0.0012121
-0.00363332
-0.00828927
-0.0149772
-0.0231665
-0.0318649
-0.0396685
-0.0450304
-0.0466993
-0.0441995
-0.0380261
-0.0295159
-0.0203424
-0.0119309
-0.00511638
-0.000150937
0.00318075
0.00510448
0.00622739
0.00618628
0.0064318
0.00426383
0.00548391
-0.00153246
0.00728459
0.0982478
0.0973992
0.0945348
0.0901127
0.0835243
0.0741211
0.0614833
0.0449344
0.0250774
0.00268112
-0.0191456
-0.0363282
-0.0489682
-0.0564784
-0.0584868
-0.0546257
-0.0453481
-0.0328395
-0.0192833
-0.00614863
0.00557173
0.0152916
0.0224494
0.0262798
0.0263942
0.0236962
0.0206012
0.019258
0.0201954
0.0224935
0.0251467
0.0276287
0.0298449
0.0319272
0.0339847
0.0359686
0.0371149
0.0360588
0.0320332
0.0262037
0.0214023
0.0197275
0.0210596
0.0237152
0.0262051
0.0279214
0.0289019
0.0294642
0.0299547
0.0304818
0.0303857
0.028437
0.0240065
0.0182309
0.0137371
0.0125941
0.0148166
0.0185789
0.02198
0.0241074
0.0249763
0.0250914
0.0250487
0.0250082
0.024293
0.0218344
0.0173227
0.0120186
0.00822116
0.00759433
0.0101165
0.0142507
0.0181686
0.0207485
0.0218292
0.0219239
0.0217194
0.0213709
0.020203
0.0172653
0.0124246
0.00698001
0.00311915
0.00247056
0.00512296
0.00971577
0.0144449
0.017996
0.0199163
0.0204946
0.020366
0.019903
0.0187166
0.0159671
0.0112304
0.0052678
-6.46367e-05
-0.00277035
-0.00191157
0.00197271
0.00724475
0.0121742
0.0156549
0.0173917
0.0176845
0.0170417
0.0156048
0.0128736
0.00809708
0.00112773
-0.00698921
-0.0142743
-0.0187332
-0.0193343
-0.0164263
-0.0114861
-0.00636672
-0.0025709
-0.000911255
-0.00158697
-0.00448122
-0.00941312
-0.0161034
-0.0239731
-0.0319421
-0.0384997
-0.0421176
-0.0418589
-0.0377842
-0.0309461
-0.0229414
-0.0153132
-0.0091397
-0.0049471
-0.00287162
-0.00287328
-0.00491464
-0.00895286
-0.0148296
-0.0220846
-0.0298229
-0.0367602
-0.0414765
-0.0428381
-0.0404308
-0.0347294
-0.0269502
-0.0185933
-0.0109231
-0.00468533
-0.00010741
0.00298539
0.00479345
0.0058558
0.0058469
0.00610679
0.00409621
0.00529326
-0.0014212
0.0070653
0.0962792
0.0953638
0.0922725
0.0875905
0.0807596
0.0712742
0.0588612
0.0431193
0.0246557
0.00435737
-0.0153852
-0.0314196
-0.0433291
-0.0504486
-0.0524394
-0.0491888
-0.0412472
-0.0303693
-0.0183574
-0.00652178
0.00421175
0.0132531
0.0200689
0.0240546
0.0249606
0.0235377
0.0216315
0.0209081
0.0218532
0.0238692
0.0262066
0.0284237
0.0304227
0.0323091
0.0341782
0.0359658
0.0370202
0.0362342
0.0330099
0.0282917
0.0243061
0.0227101
0.0235208
0.0254907
0.0274352
0.0288084
0.0296094
0.0301119
0.0306214
0.0311795
0.0311682
0.0295093
0.0256888
0.0207363
0.016897
0.0158621
0.0175814
0.0205568
0.0232569
0.0249423
0.0256262
0.0257213
0.0257081
0.0257127
0.0251732
0.0231656
0.0193637
0.0147848
0.0113997
0.0107035
0.0127375
0.0161849
0.0194497
0.0215638
0.0224001
0.0224044
0.0221728
0.0218874
0.0210137
0.0187001
0.0147101
0.010051
0.00659244
0.00582176
0.00792337
0.0117876
0.0158333
0.0188623
0.0204401
0.020818
0.0205872
0.0201513
0.0192439
0.0171118
0.0132548
0.0081888
0.00347697
0.00090976
0.00140587
0.00457591
0.00903031
0.0132413
0.0161866
0.0175552
0.0176048
0.0168433
0.015521
0.013276
0.00938505
0.00351977
-0.00360063
-0.0103063
-0.0147732
-0.0159605
-0.0140656
-0.0103133
-0.00630132
-0.00334823
-0.00218828
-0.00301829
-0.00573089
-0.0101251
-0.0159234
-0.0226364
-0.0293971
-0.0349817
-0.0381196
-0.0379982
-0.0346293
-0.0288668
-0.0220484
-0.0154837
-0.0101039
-0.00638389
-0.00447478
-0.0043776
-0.00608849
-0.00959006
-0.0147547
-0.0211766
-0.0280484
-0.0342006
-0.0383387
-0.0394391
-0.0371356
-0.0318725
-0.0247527
-0.0171212
-0.0101045
-0.00437363
-0.000135938
0.0027473
0.00445458
0.00546196
0.00548275
0.00575173
0.00389944
0.00506955
-0.00130297
0.00680136
0.0946764
0.0937123
0.0904545
0.0855883
0.078597
0.0690857
0.056887
0.0417912
0.0243946
0.00562545
-0.0125882
-0.0277212
-0.0390757
-0.0459535
-0.0480041
-0.0452367
-0.0382531
-0.0285474
-0.017676
-0.00682538
0.00314514
0.0116621
0.018222
0.0223232
0.023794
0.0232684
0.022211
0.0219627
0.022968
0.0248241
0.0269491
0.0289675
0.0307888
0.0325067
0.034214
0.035836
0.0368032
0.0361862
0.0335054
0.0295566
0.0261577
0.0246797
0.0251934
0.0267276
0.0282997
0.0294164
0.0300587
0.0304716
0.0309384
0.0314809
0.0315301
0.0301254
0.0268231
0.0225329
0.0191844
0.0182046
0.0195379
0.0219424
0.024138
0.0254922
0.0260149
0.0260676
0.0260685
0.0261173
0.025717
0.0240334
0.0207365
0.0166925
0.0136462
0.0129517
0.0146598
0.0176018
0.0203652
0.0221102
0.0227473
0.0226818
0.0224417
0.0222096
0.0215423
0.0196681
0.0162921
0.0122154
0.00906946
0.00823335
0.00995781
0.0133064
0.0168494
0.0194756
0.0207806
0.0210039
0.0207051
0.0202918
0.0195795
0.0178889
0.0146822
0.0102993
0.00607295
0.00362271
0.00384986
0.00648517
0.0103303
0.0140045
0.0165446
0.0176318
0.017499
0.0166524
0.0154102
0.0135147
0.0102812
0.00526491
-0.00106024
-0.00727815
-0.011718
-0.013347
-0.0122424
-0.00942447
-0.00628555
-0.00399648
-0.00322884
-0.00417979
-0.00675713
-0.0107568
-0.0159053
-0.0217723
-0.0276369
-0.0324835
-0.0352386
-0.0351951
-0.0323372
-0.0273744
-0.0214495
-0.0156944
-0.0109261
-0.00757463
-0.00579619
-0.00561852
-0.00706305
-0.0101337
-0.0147255
-0.0204734
-0.0266392
-0.0321493
-0.035816
-0.036707
-0.0344932
-0.0295904
-0.0230072
-0.0159646
-0.00947903
-0.0041622
-0.000203519
0.00250745
0.00413274
0.00509446
0.00514185
0.00541528
0.00370557
0.00484644
-0.0011914
0.00653751
0.093459
0.092461
0.0890872
0.0840968
0.0770042
0.0674957
0.0554764
0.0408642
0.0242421
0.00654473
-0.010589
-0.0250411
-0.0359587
-0.0426254
-0.0447065
-0.0422927
-0.0360098
-0.0271681
-0.0171443
-0.00702854
0.00237312
0.0105024
0.0168765
0.021057
0.0229135
0.0229966
0.0225224
0.0226173
0.0236918
0.02546
0.0274467
0.0293239
0.0310111
0.0325982
0.0341802
0.0356782
0.0365781
0.036069
0.0337472
0.0303101
0.0273144
0.0259469
0.0262948
0.0275571
0.0288815
0.0298153
0.0303332
0.0306646
0.0310778
0.0315902
0.0316769
0.0304632
0.0275431
0.0237234
0.0207083
0.0197569
0.0208326
0.0228606
0.0247181
0.0258392
0.0262334
0.0262362
0.0262335
0.0263136
0.0260193
0.0245716
0.0216366
0.0179792
0.015188
0.0145115
0.0159969
0.0185798
0.0209812
0.0224537
0.0229375
0.0228161
0.022574
0.0223862
0.0218636
0.0202863
0.0173259
0.0136505
0.0107315
0.00987235
0.0113609
0.0143658
0.0175571
0.0198874
0.0209854
0.0210936
0.0207518
0.0203596
0.0197788
0.018382
0.015616
0.0117066
0.00782469
0.0054654
0.00551497
0.00778764
0.0112169
0.01452
0.0167732
0.0176576
0.0173969
0.0164968
0.015311
0.0136504
0.0108633
0.00643733
0.000680832
-0.00517478
-0.00957818
-0.0115117
-0.0109669
-0.00881816
-0.00630789
-0.00449899
-0.00401547
-0.00505315
-0.00753263
-0.0112541
-0.015952
-0.0212374
-0.0264869
-0.0308239
-0.03331
-0.0333125
-0.0307999
-0.026386
-0.02108
-0.0158913
-0.011556
-0.00846961
-0.00678636
-0.00654944
-0.00779679
-0.010549
-0.014718
-0.0199682
-0.0256122
-0.030647
-0.0339644
-0.0346999
-0.0325519
-0.0279152
-0.0217288
-0.015123
-0.00903386
-0.00402844
-0.000281011
0.00229906
0.0038629
0.00479031
0.00486001
0.00513573
0.00354166
0.00465457
-0.00109697
0.00630801
0.0926404
0.0916212
0.0881742
0.0831076
0.0759562
0.0664593
0.0545675
0.0402762
0.0241574
0.00713937
-0.00930896
-0.023316
-0.0339538
-0.0405009
-0.042624
-0.0404481
-0.0346059
-0.0263037
-0.016815
-0.00716957
0.00186375
0.00974177
0.0159978
0.0202293
0.0223268
0.0227873
0.0226777
0.0229955
0.0241269
0.0258501
0.0277533
0.0295392
0.0311364
0.0326348
0.0341318
0.0355477
0.0364027
0.0359583
0.0338557
0.0307333
0.027991
0.0267042
0.0269652
0.0280692
0.0292412
0.0300563
0.0304891
0.0307617
0.0311349
0.0316223
0.0317275
0.0306281
0.0279414
0.0244124
0.0216082
0.0206852
0.0216151
0.0234201
0.0250706
0.0260424
0.0263477
0.0263096
0.0262971
0.0263947
0.02617
0.0248775
0.0221798
0.0187751
0.0161501
0.015487
0.0168329
0.0191886
0.0213577
0.0226513
0.0230303
0.0228676
0.0226233
0.0224662
0.0220372
0.0206469
0.0179473
0.0145257
0.0117563
0.0108945
0.0122475
0.0150411
0.0180065
0.0201395
0.0210957
0.0211253
0.0207575
0.0203816
0.0198823
0.0186633
0.0161653
0.012548
0.0088835
0.00658872
0.00653821
0.00859431
0.0117692
0.0148397
0.0169076
0.0176585
0.0173155
0.0163855
0.0152372
0.0137191
0.0112009
0.00713466
0.00173132
-0.00389242
-0.00826382
-0.0103788
-0.010179
-0.0084499
-0.00633892
-0.00483873
-0.00453981
-0.00563446
-0.00805112
-0.0115955
-0.0160103
-0.0209345
-0.025805
-0.0298294
-0.03215
-0.0321787
-0.0298746
-0.0257958
-0.0208703
-0.0160334
-0.0119704
-0.00905342
-0.00743221
-0.00715758
-0.00827713
-0.0108221
-0.0147163
-0.0196432
-0.0249479
-0.0296736
-0.0327634
-0.0333961
-0.0312889
-0.0268242
-0.020896
-0.0145763
-0.00874911
-0.00395116
-0.000345414
0.00214656
0.00366949
0.00457421
0.00466022
0.00493708
0.00342389
0.00451446
-0.00102955
0.00613838
0.0922289
0.0911997
0.0877171
0.0826145
0.0754363
0.0659483
0.0541228
0.0399917
0.0241213
0.00743396
-0.00867965
-0.0224629
-0.0329563
-0.0394361
-0.0415742
-0.0395139
-0.0338911
-0.0258604
-0.0166423
-0.00723443
0.00161399
0.00936717
0.0155653
0.0198221
0.0220361
0.0226779
0.0227434
0.02317
0.0243313
0.0260347
0.0278977
0.0296382
0.0311895
0.0326427
0.0340975
0.0354739
0.0363086
0.0358965
0.0338994
0.0309273
0.0283065
0.0270606
0.027283
0.0283128
0.0294112
0.0301671
0.030556
0.0307978
0.0311507
0.0316261
0.0317403
0.0306957
0.0281206
0.0247305
0.022027
0.0211204
0.0219835
0.0236839
0.0252353
0.0261334
0.0263928
0.0263321
0.026314
0.0264215
0.0262329
0.0250175
0.0224354
0.0191535
0.0166099
0.0159542
0.0172329
0.0194782
0.0215337
0.0227384
0.0230632
0.0228773
0.0226308
0.0224898
0.0221089
0.0208129
0.0182442
0.0149503
0.0122565
0.011395
0.012683
0.0153727
0.0182251
0.0202577
0.0211403
0.0211284
0.020747
0.0203798
0.0199212
0.0187885
0.0164204
0.0129452
0.00938725
0.00712553
0.00702909
0.00898295
0.0120358
0.0149933
0.0169693
0.017653
0.0172688
0.0163256
0.0151969
0.0137471
0.0113553
0.00745757
0.00222013
-0.0032938
-0.00764881
-0.00984781
-0.0098098
-0.00828097
-0.00636254
-0.00501225
-0.00480323
-0.00592507
-0.00830969
-0.0117663
-0.016043
-0.0207933
-0.0254835
-0.0293608
-0.031605
-0.0316476
-0.029443
-0.0255235
-0.0207791
-0.0161102
-0.0121783
-0.00934367
-0.00775262
-0.00745907
-0.00851516
-0.0109574
-0.0147156
-0.0194826
-0.0246197
-0.0291925
-0.0321696
-0.0327515
-0.0306646
-0.0262852
-0.020485
-0.0143076
-0.00861097
-0.00391688
-0.000382329
0.00206533
0.00356782
0.00446156
0.00455628
0.00483462
0.00336227
0.00444301
-0.000995236
0.00604772
-0.71103
-0.385421
-0.252221
-0.71103
-0.385423
-0.569434
-0.57962
-0.702234
-0.569435
-0.579621
0.0555373
0.400876
0.263631
0.308946
0.0555366
0.400876
0.263631
-0.229559
-0.563964
-0.563964
-0.575998
-0.543848
-0.56346
-0.550947
-0.575998
-0.543847
-0.56346
0.496292
0.423689
0.496292
-0.550205
-0.475527
-0.550205
-0.475528
0.45108
0.500185
0.451081
-0.444401
-0.364455
-0.444401
-0.364455
0.347264
0.360688
0.163925
0.439394
0.347264
0.360689
0.163925
-0.0768
-0.0768015
-0.328465
-0.328466
-0.341027
-0.322037
-0.311271
-0.335491
-0.341028
-0.322039
-0.311271
-0.107921
-0.44953
-0.216553
-0.107921
-0.44953
-0.336285
-0.423691
-0.328002
-0.336286
-0.42369
-0.328002
-0.4506
-0.283062
-0.547286
-0.216228
-0.450601
-0.283062
-0.547287
-0.522842
-0.660224
-0.570849
-0.527096
-0.522843
-0.660223
-0.57085
0.0395835
0.23381
0.0404542
0.156275
0.0395834
0.23381
0.0404537
-0.685322
-0.703491
-0.664665
-0.736235
-0.666034
-0.736622
-0.684837
-0.582393
-0.553751
-0.577137
-0.549567
-0.582393
-0.553751
-0.577137
-0.220992
-0.542283
-0.551998
-0.537156
-0.559161
-0.537271
-0.559037
-0.542155
-0.503492
-0.524767
-0.524306
-0.503941
-0.397887
-0.424412
-0.424277
-0.397935
-0.340804
-0.336441
-0.354465
-0.328159
-0.354453
-0.327541
-0.340951
0.147443
0.225067
0.139888
0.294685
0.147443
0.225067
0.139887
-0.346185
-0.214186
-0.129381
-0.131612
-0.34939
-0.29251
-0.309732
-0.265355
-0.317838
-0.29251
-0.309733
-0.265356
-0.333784
-0.0869206
-0.261356
-0.13368
-0.333784
-0.0869207
-0.261356
-0.319677
-0.314435
-0.294354
-0.401052
-0.319677
-0.314435
-0.294355
-0.57279
-0.713298
-0.551858
-0.743798
-0.553149
-0.745257
-0.57214
-0.557664
-0.382749
-0.287904
-0.290469
-0.561747
-0.572792
-0.713298
-0.55186
-0.743798
-0.553152
-0.745258
-0.572143
-0.557665
-0.38275
-0.287905
-0.29047
-0.561748
-0.599637
-0.579806
-0.574634
-0.575048
-0.599697
-0.685323
-0.703492
-0.664665
-0.736235
-0.666035
-0.736623
-0.684837
-0.599637
-0.579806
-0.574635
-0.575048
-0.599697
0.294215
0.0543332
0.218739
0.039588
0.217893
0.0376561
0.296123
0.347366
0.284961
0.144865
0.412774
0.111798
0.417374
0.350274
0.294214
0.0543327
0.218739
0.0395877
0.217892
0.037656
0.296123
0.347366
0.28496
0.144865
0.412774
0.111797
0.417374
0.350273
-0.220994
-0.564215
-0.564215
-0.538053
-0.539472
-0.55255
-0.521554
-0.556175
-0.521164
-0.537239
-0.542282
-0.551998
-0.537156
-0.55916
-0.53727
-0.559036
-0.542155
-0.538052
-0.539471
-0.552549
-0.521553
-0.556174
-0.521163
-0.537239
0.52393
0.446204
0.449764
0.521607
0.570257
0.598753
0.599928
0.568689
0.52393
0.446204
0.449764
0.521607
0.570257
0.598753
0.599928
0.568689
-0.481202
-0.453768
-0.453557
-0.481523
-0.503492
-0.524766
-0.524306
-0.503941
-0.481202
-0.453768
-0.453557
-0.481523
0.591331
0.605904
0.607028
0.589942
0.557975
0.494556
0.497611
0.555997
0.591331
0.605904
0.607028
0.589942
0.557975
0.494556
0.497611
0.555997
-0.375999
-0.359353
-0.359356
-0.37598
-0.397888
-0.424412
-0.424277
-0.397935
-0.376
-0.359354
-0.359358
-0.37598
0.408699
0.36592
0.467
0.241156
0.470957
0.212746
0.411213
0.362304
0.162444
0.148668
0.29591
0.147104
0.295258
0.363838
0.408699
0.365919
0.467
0.241156
0.470957
0.212746
0.411213
0.362304
0.162444
0.148667
0.29591
0.147104
0.295258
0.363837
-0.0695179
-0.0695191
-0.328413
-0.328415
-0.332978
-0.321917
-0.323928
-0.322808
-0.32372
-0.322747
-0.333042
-0.340806
-0.336443
-0.354466
-0.32816
-0.354455
-0.327543
-0.340952
-0.33298
-0.321918
-0.32393
-0.322809
-0.323721
-0.322749
-0.333043
-0.344362
-0.451217
-0.472875
-0.332709
-0.474128
-0.333739
-0.343556
-0.346185
-0.214187
-0.129382
-0.131613
-0.34939
-0.344364
-0.451217
-0.472875
-0.332711
-0.474128
-0.333741
-0.343558
-0.349874
-0.336283
-0.334889
-0.334994
-0.350089
-0.409615
-0.424577
-0.449048
-0.39621
-0.449353
-0.397074
-0.409425
-0.349875
-0.336285
-0.33489
-0.334996
-0.350089
-0.409616
-0.424577
-0.449047
-0.39621
-0.449353
-0.397075
-0.409425
-0.557384
-0.253369
-0.489999
-0.27807
-0.489969
-0.280699
-0.558659
0.314818
0.298497
0.363498
0.266855
0.314818
0.298497
0.363498
-0.68481
-0.636113
-0.700807
-0.654312
-0.68481
-0.636114
-0.700807
0.402329
0.335182
0.42535
0.320401
0.402329
0.335182
0.42535
0.531727
0.425047
0.501177
0.464744
0.502771
0.465917
0.530411
-0.629516
-0.530276
-0.578919
-0.590026
-0.629516
-0.530277
-0.57892
0.430788
0.333064
0.418224
0.339271
0.430788
0.333064
0.418225
0.572147
0.501328
0.577479
0.495322
0.578697
0.496485
0.57091
-0.488381
-0.397144
-0.403022
-0.459071
-0.488381
-0.397144
-0.403022
0.389825
0.294656
0.350249
0.318625
0.389825
0.294656
0.350249
-0.349979
-0.31043
-0.282269
-0.347219
-0.349979
-0.31043
-0.282269
-0.317897
-0.319512
-0.317109
-0.319488
-0.317268
-0.307468
-0.307649
-0.557384
-0.253369
-0.489999
-0.278071
-0.489969
-0.2807
-0.558659
-0.603508
-0.569937
-0.589761
-0.594577
-0.590454
-0.594677
-0.603262
-0.603508
-0.569937
-0.589762
-0.594578
-0.590455
-0.594677
-0.603263
0.559283
0.497447
0.483324
0.573113
0.48453
0.574336
0.558025
0.531727
0.425047
0.501177
0.464743
0.50277
0.465917
0.530411
0.559283
0.497447
0.483324
0.573113
0.48453
0.574336
0.558025
-0.503492
-0.549814
-0.519096
-0.527585
-0.518513
-0.527303
-0.503901
-0.479663
-0.475311
-0.49991
-0.455604
-0.499659
-0.455392
-0.479958
-0.503492
-0.549814
-0.519097
-0.527586
-0.518513
-0.527304
-0.503901
-0.479663
-0.475312
-0.499911
-0.455605
-0.499659
-0.455393
-0.479958
0.552978
0.45235
0.484019
0.530173
0.485131
0.531696
0.551701
0.572147
0.501328
0.577479
0.495322
0.578697
0.496485
0.57091
0.552978
0.452351
0.48402
0.530173
0.485131
0.531696
0.551701
-0.405313
-0.444243
-0.429144
-0.417091
-0.429013
-0.41699
-0.405384
-0.383337
-0.3645
-0.392025
-0.36753
-0.391971
-0.367701
-0.383339
-0.405314
-0.444244
-0.429145
-0.417092
-0.429013
-0.416991
-0.405385
-0.383338
-0.364501
-0.392026
-0.367529
-0.391972
-0.367703
-0.383339
-0.34511
-0.108807
-0.126127
-0.296936
-0.128219
-0.296801
-0.346042
-0.34511
-0.108807
-0.126128
-0.296937
-0.12822
-0.296801
-0.346043
-0.352468
-0.328242
-0.341317
-0.341656
-0.341391
-0.342138
-0.352473
-0.352468
-0.328244
-0.341318
-0.341656
-0.341393
-0.342139
-0.352473
0.0343822
0.0209
0.161274
0.0161147
0.160409
0.100174
0.100839
0.0343817
0.0209
0.161273
0.0161143
0.160409
0.100173
0.100838
-0.554257
-0.552044
-0.542316
-0.552599
-0.542432
-0.533434
-0.533223
-0.554257
-0.552044
-0.542316
-0.552598
-0.542431
-0.533433
-0.533224
0.142076
0.245391
0.130716
0.244686
0.126545
0.189842
0.190387
0.142075
0.245391
0.130716
0.244686
0.126545
0.189842
0.190387
-0.317898
-0.319512
-0.317111
-0.31949
-0.31727
-0.30747
-0.307649
-0.0027774
0.108905
0.0130581
0.0611874
-0.00277743
0.108905
0.0130579
-0.523387
-0.527993
-0.581654
-0.484246
-0.523387
-0.527993
-0.581654
0.22846
0.238463
0.266215
0.198372
0.22846
0.238463
0.266215
-0.658377
-0.654171
-0.70445
-0.643522
-0.658377
-0.654171
-0.70445
0.309091
0.237757
0.278028
0.272703
0.309091
0.237757
0.278028
-0.27225
-0.260815
-0.223424
-0.281454
-0.272249
-0.260816
-0.223424
0.113524
0.13706
0.0975582
0.183522
0.113524
0.13706
0.097558
-0.280304
-0.270558
-0.228993
-0.290927
-0.280304
-0.270558
-0.228993
)
;

boundaryField
{
    inlet
    {
        type            zeroGradient;
    }
    outlet
    {
        type            fixedValue;
        value           uniform 0;
    }
    top
    {
        type            symmetryPlane;
    }
    bottom
    {
        type            symmetryPlane;
    }
    front
    {
        type            symmetryPlane;
    }
    back
    {
        type            symmetryPlane;
    }
    cylinder
    {
        type            zeroGradient;
    }
}


// ************************************************************************* //
