/*--------------------------------*- C++ -*----------------------------------*\
  =========                 |
  \\      /  F ield         | OpenFOAM: The Open Source CFD Toolbox
   \\    /   O peration     | Website:  https://openfoam.org
    \\  /    A nd           | Version:  11
     \\/     M anipulation  |
\*---------------------------------------------------------------------------*/
FoamFile
{
    format      ascii;
    class       volScalarField;
    location    "9.066402";
    object      p;
}
// * * * * * * * * * * * * * * * * * * * * * * * * * * * * * * * * * * * * * //

dimensions      [0 2 -2 0 0 0 0];

internalField   nonuniform List<scalar> 
7132
(
0.053669
0.0522766
0.0475746
0.040723
0.0311721
0.0186759
0.00321087
-0.0151325
-0.0357444
-0.0575421
-0.0790272
-0.0982181
-0.114025
-0.12556
-0.132414
-0.134798
-0.133346
-0.129015
-0.122808
-0.115487
-0.107383
-0.0983647
-0.0880463
-0.0761823
-0.0629872
-0.0490705
-0.0351677
-0.0218988
-0.00966637
0.00125075
0.0105636
0.0178146
0.022386
0.0238185
0.0223887
0.0195076
0.0172636
0.0171757
0.0194286
0.0231849
0.0274161
0.0314394
0.035024
0.0382832
0.0414248
0.0444805
0.0468884
0.0471536
0.0429913
0.0327057
0.0173783
0.00179158
-0.00821835
-0.0101292
-0.00591062
0.000512708
0.00627458
0.0103154
0.0126914
0.0138242
0.0140881
0.0136652
0.0125202
0.0104975
0.00751259
0.00375617
-0.000240148
-0.00377119
-0.00628385
-0.00759927
-0.0079069
-0.00756993
-0.00693472
-0.00623763
-0.00559983
-0.00506295
-0.00462829
-0.00428401
-0.0040189
-0.0038266
-0.00370477
-0.00365158
-0.00366139
-0.00372172
-0.00381292
-0.00391074
-0.00399105
-0.00403473
-0.00403075
-0.00397698
-0.00387838
-0.00374429
-0.00358568
-0.00341309
-0.00323561
-0.00306039
-0.00289269
-0.00273606
-0.00259252
-0.00246281
-0.00234662
-0.00224277
-0.00214952
-0.00206478
-0.00198638
-0.00191226
-0.00184071
-0.0017704
-0.0017005
-0.00163057
-0.00156056
-0.00149067
-0.00142129
-0.00135286
-0.00128585
-0.00122066
-0.00115763
-0.001097
-0.00103892
-0.000983414
-0.000930469
-0.000879991
-0.000831845
-0.000785875
-0.000741917
-0.00069981
-0.000659413
-0.000620603
-0.000583282
-0.000547372
-0.000512819
-0.000479585
-0.000447645
-0.000416985
-0.000387594
-0.00035947
-0.000332607
-0.000307002
-0.00028265
-0.000259546
-0.000237681
-0.000217043
-0.000197623
-0.000179401
-0.00016237
-0.000146481
-0.00013178
-0.000118062
-0.000105662
-9.36719e-05
-8.3838e-05
-7.20985e-05
-6.67097e-05
-4.98034e-05
-5.84046e-05
-1.50237e-05
-8.03385e-05
7.67544e-05
-0.000225154
0.00041347
0.0542245
0.0528421
0.0481759
0.0413592
0.0318308
0.0193167
0.00376791
-0.0147621
-0.0356616
-0.0578364
-0.0797094
-0.0991668
-0.115144
-0.126736
-0.133526
-0.135747
-0.134068
-0.129506
-0.123121
-0.115722
-0.107643
-0.0987167
-0.0884815
-0.0766265
-0.0633511
-0.0492899
-0.035215
-0.021776
-0.00939056
0.00165334
0.0110605
0.0183599
0.0229038
0.0241952
0.0225012
0.0192942
0.0167883
0.0165891
0.0188754
0.0227404
0.0270963
0.0312349
0.0349187
0.0382621
0.0414694
0.0445694
0.0469914
0.0472122
0.0428865
0.0322484
0.016386
0.00025074
-0.0100343
-0.0118179
-0.00717594
-0.000284839
0.00584262
0.0101307
0.0126685
0.0139075
0.0142378
0.0138479
0.012702
0.01064
0.00757678
0.00371286
-0.000396782
-0.00401603
-0.00656949
-0.00787602
-0.00814103
-0.00774842
-0.00705952
-0.00631765
-0.00564542
-0.00508342
-0.00463127
-0.00427566
-0.0040041
-0.00380914
-0.00368755
-0.00363683
-0.00365076
-0.00371626
-0.00381299
-0.00391594
-0.00400033
-0.00404657
-0.0040435
-0.00398914
-0.00388886
-0.00375242
-0.00359121
-0.00341611
-0.00323641
-0.00305943
-0.00289047
-0.00273305
-0.00258917
-0.00245947
-0.00234354
-0.00224014
-0.00214742
-0.00206324
-0.00198535
-0.00191168
-0.00184046
-0.0017704
-0.00170062
-0.00163073
-0.00156068
-0.00149071
-0.00142121
-0.00135266
-0.00128553
-0.00122024
-0.00115714
-0.00109646
-0.00103835
-0.000982849
-0.000929922
-0.000879474
-0.000831367
-0.000785439
-0.000741522
-0.000699453
-0.000659089
-0.000620306
-0.000583004
-0.000547109
-0.000512566
-0.000479337
-0.0004474
-0.000416739
-0.000387348
-0.000359221
-0.000332356
-0.000306749
-0.000282396
-0.00025929
-0.000237423
-0.000216785
-0.000197364
-0.000179141
-0.000162111
-0.000146223
-0.000131521
-0.000117811
-0.000105407
-9.34503e-05
-8.35757e-05
-7.1963e-05
-6.63503e-05
-4.99503e-05
-5.75109e-05
-1.62416e-05
-7.71096e-05
7.12079e-05
-0.000212638
0.000390393
0.055331
0.0539703
0.0493776
0.0426355
0.0331579
0.0206145
0.00490366
-0.0140002
-0.0354822
-0.0584311
-0.0811
-0.101094
-0.117415
-0.129117
-0.135769
-0.13765
-0.135503
-0.130462
-0.123716
-0.116164
-0.108154
-0.0994335
-0.0893832
-0.0775529
-0.0641133
-0.0497553
-0.0353296
-0.0215467
-0.00885332
0.002447
0.0120481
0.0194508
0.0239446
0.0249499
0.0227105
0.0188249
0.0157748
0.0153521
0.0177189
0.0218163
0.0264303
0.0308009
0.0346799
0.0381858
0.0415197
0.0447032
0.0471444
0.0472557
0.0425745
0.0312054
0.0142344
-0.00304902
-0.0139006
-0.015381
-0.00981967
-0.00193482
0.00495374
0.00974661
0.0126103
0.0140624
0.0145275
0.0142072
0.013063
0.010924
0.00770272
0.00361879
-0.000724105
-0.00452498
-0.00716104
-0.00844662
-0.00862136
-0.00811282
-0.00731334
-0.00648006
-0.00573799
-0.00512517
-0.00463771
-0.00425918
-0.0039745
-0.00377402
-0.00365275
-0.00360687
-0.00362904
-0.00370498
-0.00381293
-0.00392637
-0.00401909
-0.0040706
-0.00406942
-0.00401392
-0.00391024
-0.00376904
-0.00360255
-0.00342233
-0.00323815
-0.00305758
-0.00288603
-0.00272702
-0.00258241
-0.00245271
-0.00233732
-0.0022348
-0.00214316
-0.00206009
-0.00198325
-0.00191048
-0.00183998
-0.00177039
-0.00170088
-0.00163107
-0.00156096
-0.00149082
-0.00142109
-0.00135229
-0.00128492
-0.00121943
-0.00115617
-0.00109539
-0.00103723
-0.000981723
-0.000928831
-0.000878444
-0.000830414
-0.000784571
-0.000740737
-0.000698746
-0.000658449
-0.000619721
-0.000582463
-0.000546598
-0.000512076
-0.000478859
-0.000446927
-0.000416268
-0.000386875
-0.000358745
-0.000331876
-0.000306267
-0.000281911
-0.000258804
-0.000236937
-0.000216299
-0.000196879
-0.000178658
-0.000161629
-0.000145748
-0.000131048
-0.000117361
-0.000104953
-9.30697e-05
-8.31313e-05
-7.17748e-05
-6.57606e-05
-5.03435e-05
-5.59566e-05
-1.87249e-05
-7.11381e-05
6.03964e-05
-0.00018887
0.000345462
0.0569803
0.0556543
0.0511792
0.04456
0.0351729
0.0226018
0.00666104
-0.012805
-0.0351804
-0.0593437
-0.0832581
-0.104066
-0.12091
-0.132778
-0.139215
-0.140567
-0.137685
-0.13189
-0.124572
-0.116779
-0.108888
-0.100515
-0.0907809
-0.0790056
-0.0653151
-0.0504968
-0.0355306
-0.021223
-0.00806352
0.00362498
0.0135225
0.0210882
0.0255095
0.026066
0.0229549
0.0179791
0.0140658
0.0133166
0.0158507
0.0203435
0.0253723
0.0300997
0.0342684
0.0380092
0.0415213
0.0448121
0.0472489
0.047134
0.0418196
0.0292125
0.0104267
-0.00870579
-0.0204135
-0.0212694
-0.0141064
-0.0045563
0.00356086
0.00913903
0.0124969
0.0142709
0.0149429
0.0147339
0.0135973
0.0113425
0.00787475
0.00344405
-0.00126704
-0.00535163
-0.00810989
-0.00935102
-0.0093731
-0.0086759
-0.00770084
-0.00672519
-0.00587588
-0.00518582
-0.00464504
-0.00423209
-0.00392792
-0.0037195
-0.00359914
-0.00356109
-0.0035963
-0.00368865
-0.00381416
-0.00394388
-0.00404941
-0.00410881
-0.00411018
-0.00405253
-0.00394322
-0.00379438
-0.00361957
-0.00343138
-0.00324028
-0.00305423
-0.00287879
-0.00271743
-0.00257183
-0.00244224
-0.00232777
-0.0022267
-0.00213676
-0.00205545
-0.00198025
-0.00190886
-0.00183941
-0.00177054
-0.00170141
-0.00163169
-0.00156145
-0.00149102
-0.00142091
-0.00135171
-0.00128396
-0.00121816
-0.00115466
-0.00109373
-0.0010355
-0.000979997
-0.000927165
-0.000876879
-0.000828974
-0.000783264
-0.000739562
-0.00069769
-0.000657496
-0.00061885
-0.000581654
-0.000545833
-0.000511338
-0.000478137
-0.000446211
-0.000415551
-0.000386153
-0.000358017
-0.000331143
-0.000305527
-0.000281167
-0.000258057
-0.000236188
-0.00021555
-0.000196129
-0.000177909
-0.00016088
-0.000145005
-0.000130307
-0.000116646
-0.000104229
-9.24427e-05
-8.24072e-05
-7.14052e-05
-6.48114e-05
-5.0782e-05
-5.36048e-05
-2.21406e-05
-6.23918e-05
4.4948e-05
-0.000154213
0.000280154
0.0591586
0.057883
0.0535778
0.0471431
0.0379047
0.0253288
0.00910863
-0.0111074
-0.0347104
-0.0605985
-0.0862745
-0.108179
-0.125726
-0.137803
-0.143913
-0.1445
-0.140564
-0.133698
-0.125584
-0.117486
-0.109827
-0.102021
-0.0927943
-0.0811203
-0.0670716
-0.0515957
-0.0358708
-0.0208417
-0.00705021
0.00516316
0.0154673
0.0232673
0.0275983
0.0275185
0.023138
0.0165614
0.0113982
0.0102274
0.0130796
0.0181988
0.0238414
0.0290657
0.0336157
0.0376514
0.0413791
0.0447783
0.047142
0.0466228
0.0403386
0.0258999
0.00442552
-0.0174545
-0.0304214
-0.0302183
-0.0204943
-0.0083617
0.0015823
0.00827127
0.0123011
0.0145071
0.0154617
0.015412
0.0142949
0.0118841
0.00806983
0.00314329
-0.00209648
-0.00658375
-0.00950232
-0.0106577
-0.0104407
-0.00946146
-0.008232
-0.00705527
-0.00605755
-0.00526216
-0.00464943
-0.00419052
-0.00386078
-0.00364247
-0.00352427
-0.00349782
-0.00355179
-0.00366754
-0.00381798
-0.00397064
-0.004094
-0.00416407
-0.00416843
-0.00410707
-0.00398926
-0.00382927
-0.00364252
-0.00344306
-0.0032423
-0.00304872
-0.00286803
-0.0027036
-0.00255683
-0.00242759
-0.00231457
-0.00221563
-0.00212817
-0.00204936
-0.00197645
-0.00190699
-0.00183899
-0.00177106
-0.00170241
-0.00163276
-0.00156226
-0.00149137
-0.00142071
-0.00135092
-0.00128263
-0.00121638
-0.00115256
-0.00109142
-0.00103311
-0.000977628
-0.000924896
-0.000874764
-0.000827044
-0.000781528
-0.000738012
-0.000696308
-0.000656254
-0.000617719
-0.000580605
-0.00054484
-0.000510378
-0.000477192
-0.000445269
-0.000414605
-0.000385198
-0.000357052
-0.000330168
-0.000304545
-0.000280179
-0.000257066
-0.000235195
-0.000214556
-0.000195134
-0.000176916
-0.000159886
-0.000144018
-0.000129318
-0.000115687
-0.000103256
-9.15848e-05
-8.14282e-05
-7.08561e-05
-6.35525e-05
-5.12265e-05
-5.06121e-05
-2.62925e-05
-5.13935e-05
2.56311e-05
-0.000110213
0.000196899
0.061846
0.06064
0.0565684
0.0503974
0.041391
0.0288638
0.0123419
-0.00880844
-0.0340057
-0.0622382
-0.0902905
-0.113578
-0.132024
-0.144368
-0.150044
-0.14961
-0.144244
-0.135908
-0.126694
-0.118186
-0.11089
-0.103947
-0.0955011
-0.084013
-0.0694906
-0.0531306
-0.0364031
-0.0204433
-0.00585257
0.00702152
0.0178451
0.0259612
0.0301871
0.0292447
0.0230855
0.0142442
0.00735155
0.00569692
0.00913243
0.0152148
0.0217301
0.0276103
0.0326279
0.0370026
0.0409654
0.0444113
0.0465268
0.045349
0.0378416
0.0213275
-0.00329346
-0.0288617
-0.0440528
-0.0428578
-0.0295541
-0.0136562
-0.00110375
0.00708837
0.0119792
0.0147267
0.0160432
0.0162095
0.0151314
0.0125207
0.0082387
0.00263193
-0.0033339
-0.00836235
-0.0114699
-0.0124671
-0.011887
-0.0105012
-0.00891872
-0.00747187
-0.00628001
-0.00534953
-0.00464585
-0.00412974
-0.003769
-0.00353969
-0.00342578
-0.0034157
-0.00349541
-0.00364299
-0.00382711
-0.00401047
-0.00415723
-0.00424071
-0.00424788
-0.00418035
-0.00405013
-0.00387447
-0.00367138
-0.00345677
-0.00324325
-0.00303991
-0.0028526
-0.00268449
-0.00253655
-0.00240813
-0.00229732
-0.00220144
-0.00211741
-0.002042
-0.00197215
-0.0019052
-0.00183905
-0.00177229
-0.00170414
-0.00163446
-0.00156354
-0.00149196
-0.00142047
-0.00134987
-0.00128084
-0.00121399
-0.00114975
-0.00108837
-0.00102997
-0.000974545
-0.000921972
-0.000872067
-0.000824609
-0.000779362
-0.000736098
-0.000694615
-0.000654743
-0.000616348
-0.000579332
-0.000543629
-0.0005092
-0.000476025
-0.000444098
-0.00041342
-0.000383996
-0.000355833
-0.000328934
-0.0003033
-0.000278926
-0.000255808
-0.000233934
-0.000213293
-0.00019387
-0.000175649
-0.000158616
-0.000142748
-0.000128041
-0.000114433
-0.000101976
-9.04194e-05
-8.0114e-05
-7.00033e-05
-6.18912e-05
-5.14577e-05
-4.69585e-05
-3.07189e-05
-3.85195e-05
3.6742e-06
-5.85879e-05
9.93047e-05
0.0650151
0.063902
0.0601413
0.0543359
0.0456776
0.0332956
0.0164907
-0.00576635
-0.0329648
-0.0643212
-0.0955012
-0.120445
-0.139972
-0.152597
-0.157649
-0.15584
-0.148574
-0.13831
-0.127686
-0.118724
-0.112053
-0.106432
-0.0991634
-0.0879701
-0.0728047
-0.0552591
-0.0372296
-0.0201051
-0.00454367
0.00912209
0.0205783
0.0291025
0.0332112
0.0311186
0.022509
0.0105236
0.00130352
-0.000864141
0.00359774
0.0111491
0.0188898
0.0256126
0.0311773
0.0359178
0.0400723
0.0433484
0.0448723
0.0427047
0.033734
0.0151618
-0.0124462
-0.0420107
-0.0603805
-0.0589159
-0.0415278
-0.0207197
-0.00465231
0.00550956
0.0114668
0.0148638
0.0166224
0.0170735
0.016062
0.0131966
0.00829269
0.00177058
-0.00517269
-0.0109099
-0.0142126
-0.014926
-0.0137998
-0.0118373
-0.00977618
-0.00797689
-0.00653961
-0.00544226
-0.00462811
-0.00404372
-0.00364725
-0.00340676
-0.00330046
-0.00331296
-0.00342705
-0.00361673
-0.00384507
-0.00406831
-0.00424486
-0.00434444
-0.00435352
-0.00427613
-0.00412822
-0.00393111
-0.0037062
-0.00347181
-0.00324197
-0.00302642
-0.00283111
-0.00265883
-0.00250996
-0.00238309
-0.00227554
-0.00218391
-0.00210449
-0.00203356
-0.00196768
-0.00190392
-0.00184004
-0.00177461
-0.00170697
-0.00163708
-0.00156545
-0.00149285
-0.00142023
-0.0013485
-0.0012785
-0.00121089
-0.00114611
-0.00108445
-0.00102599
-0.000970676
-0.000918346
-0.000868767
-0.00082167
-0.000776783
-0.000733851
-0.000692652
-0.000653006
-0.000614778
-0.000577873
-0.000542234
-0.000507832
-0.000474656
-0.000442711
-0.000412007
-0.000382555
-0.000354367
-0.000327447
-0.000301798
-0.000277416
-0.000254292
-0.000232416
-0.000211773
-0.000192347
-0.000174122
-0.00015708
-0.000141207
-0.000126483
-0.000112889
-0.000100392
-8.89363e-05
-7.84621e-05
-6.8808e-05
-5.98468e-05
-5.13629e-05
-4.2805e-05
-3.505e-05
-2.45058e-05
-1.95687e-05
-1.95745e-06
-7.84814e-06
0.0686293
0.0676371
0.0642799
0.0589687
0.0508158
0.0387326
0.0217209
-0.00179006
-0.0314472
-0.0669473
-0.102196
-0.129038
-0.149865
-0.162855
-0.167144
-0.163575
-0.153807
-0.140955
-0.128419
-0.118862
-0.113128
-0.109476
-0.103969
-0.0932537
-0.0772427
-0.0581404
-0.0384589
-0.0199218
-0.00323108
0.011336
0.0235194
0.0325526
0.0364931
0.0328226
0.0208189
0.00443452
-0.00787136
-0.010357
-0.00409014
0.00569604
0.0151392
0.0229231
0.029111
0.0342123
0.0383705
0.0410614
0.0415762
0.0381323
0.0275159
0.00670689
-0.0240801
-0.0576144
-0.0792361
-0.0777162
-0.0561412
-0.0296114
-0.00917992
0.00343895
0.0106735
0.0148205
0.0171012
0.0179106
0.0169915
0.0138123
0.00812388
0.000430513
-0.0077819
-0.0144377
-0.0179511
-0.0182152
-0.0162934
-0.0135243
-0.0108223
-0.00857145
-0.00683135
-0.00553369
-0.00458949
-0.00392645
-0.00349066
-0.00324
-0.00314584
-0.0031885
-0.00334748
-0.00359179
-0.00387722
-0.00415135
-0.0043649
-0.00448302
-0.00449188
-0.00439915
-0.00422635
-0.0040003
-0.00374678
-0.00348704
-0.00323677
-0.00300638
-0.00280172
-0.00262502
-0.00247578
-0.00235158
-0.00224872
-0.00216287
-0.00208954
-0.00202439
-0.00196353
-0.0019037
-0.00184252
-0.00177857
-0.00171132
-0.00164095
-0.00156821
-0.00149415
-0.00141996
-0.00134674
-0.00127548
-0.00120689
-0.00114149
-0.00107952
-0.00102103
-0.000965919
-0.00091395
-0.000864826
-0.000818218
-0.000773806
-0.0007313
-0.000690456
-0.000651084
-0.000613049
-0.000576264
-0.000540684
-0.000506293
-0.000473097
-0.000441113
-0.000410364
-0.000380868
-0.000352642
-0.000325695
-0.000300027
-0.000275635
-0.000252507
-0.000230629
-0.000209985
-0.000190554
-0.000172321
-0.000155264
-0.000139376
-0.000124622
-0.000111021
-9.84655e-05
-8.70797e-05
-7.64179e-05
-6.71698e-05
-5.73711e-05
-5.07429e-05
-3.82429e-05
-3.87748e-05
-1.01135e-05
-4.23751e-05
5.64278e-05
-0.000118215
0.0726409
0.0718027
0.068958
0.0643007
0.0568607
0.045307
0.0282486
0.00339118
-0.0292402
-0.070252
-0.110771
-0.139649
-0.161912
-0.175205
-0.178414
-0.172566
-0.15959
-0.143447
-0.128527
-0.11835
-0.114105
-0.113367
-0.11044
-0.10042
-0.0832383
-0.0620546
-0.0402718
-0.0200455
-0.00208601
0.013443
0.026425
0.0360432
0.0396557
0.0336649
0.0167969
-0.00569868
-0.0220493
-0.0241943
-0.0147931
-0.00157213
0.0102522
0.0193689
0.0262561
0.0316349
0.0354498
0.0370736
0.0363912
0.0316641
0.0193207
-0.00421012
-0.0387577
-0.0762829
-0.100684
-0.0987061
-0.0728304
-0.0401399
-0.0147218
0.000776283
0.00948153
0.0144661
0.0173328
0.0185383
0.0177111
0.0142073
0.00775997
-0.00111971
-0.0108011
-0.018718
-0.0226898
-0.0224511
-0.0194769
-0.015621
-0.012076
-0.00925551
-0.00714909
-0.0056164
-0.00452251
-0.00377096
-0.00329327
-0.00303489
-0.00295914
-0.00304161
-0.00325842
-0.00357266
-0.00393073
-0.00426881
-0.00452751
-0.00466613
-0.004671
-0.00455518
-0.0043479
-0.00408331
-0.00379274
-0.00350099
-0.00322559
-0.00297749
-0.00276225
-0.0025812
-0.00243258
-0.00231263
-0.00221633
-0.00213819
-0.00207276
-0.00201495
-0.00196032
-0.00190524
-0.00184718
-0.00178477
-0.00171768
-0.00164639
-0.00157201
-0.00149593
-0.00141963
-0.00134447
-0.00127159
-0.00120182
-0.00113568
-0.0010734
-0.00101497
-0.000960187
-0.000908739
-0.000860235
-0.000814273
-0.000770472
-0.0007285
-0.000688089
-0.000649039
-0.000611218
-0.000574553
-0.000539016
-0.000504613
-0.000471368
-0.000439319
-0.000408499
-0.000378941
-0.000350665
-0.000323682
-0.000297994
-0.000273593
-0.000250464
-0.000228588
-0.000207945
-0.000188509
-0.000170265
-0.000153186
-0.000137271
-0.000122472
-0.000108842
-9.62068e-05
-8.48485e-05
-7.39899e-05
-6.50628e-05
-5.45039e-05
-4.94988e-05
-3.34963e-05
-4.14921e-05
3.62878e-06
-6.29558e-05
0.000112388
-0.00022398
0.0769893
0.0763428
0.0741355
0.0703237
0.0638625
0.0531654
0.0363346
0.0101339
-0.0260604
-0.074486
-0.121801
-0.152703
-0.176703
-0.190507
-0.192467
-0.183693
-0.16644
-0.145836
-0.127632
-0.116627
-0.1146
-0.118191
-0.119062
-0.110062
-0.091259
-0.0672994
-0.0428663
-0.0206668
-0.00135531
0.015129
0.0289521
0.0390358
0.0420803
0.0333371
0.0103445
-0.0204164
-0.042623
-0.0441213
-0.0296548
-0.011187
0.00397846
0.0147744
0.0224168
0.027872
0.0309066
0.0311941
0.0294477
0.023603
0.0094425
-0.0171287
-0.0555539
-0.096838
-0.123548
-0.120871
-0.090711
-0.0518396
-0.0211894
-0.00256372
0.00775127
0.0136298
0.0170726
0.0185967
0.0177936
0.0140677
0.00724193
-0.00232367
-0.013233
-0.0227312
-0.0277864
-0.0274225
-0.0233492
-0.0181641
-0.0135535
-0.0100277
-0.00748577
-0.00568311
-0.00442084
-0.00357222
-0.00305197
-0.00278985
-0.00273977
-0.00287301
-0.00316275
-0.00356513
-0.00401444
-0.00443188
-0.00474478
-0.00490506
-0.00490009
-0.00475064
-0.00449641
-0.00418117
-0.00384326
-0.00351164
-0.00320579
-0.00293702
-0.00271019
-0.00252526
-0.0023788
-0.00226527
-0.00217794
-0.00210987
-0.00205449
-0.00200582
-0.00195876
-0.00190929
-0.00185475
-0.00179388
-0.00172659
-0.00165381
-0.00157708
-0.00149825
-0.00141919
-0.00134155
-0.00126667
-0.00119547
-0.0011285
-0.00106593
-0.00100766
-0.000953381
-0.000902651
-0.000854971
-0.000809843
-0.000766813
-0.000725499
-0.000685605
-0.000646927
-0.000609339
-0.000572787
-0.000537269
-0.000502819
-0.000469489
-0.000437337
-0.000406418
-0.000376773
-0.000348432
-0.000321408
-0.000295698
-0.000271291
-0.000248167
-0.000226298
-0.000205659
-0.000186221
-0.000167963
-0.000150855
-0.000134899
-0.00012004
-0.000106353
-9.36163e-05
-8.22337e-05
-7.11769e-05
-6.24559e-05
-5.12741e-05
-4.75324e-05
-2.87782e-05
-4.28017e-05
1.56359e-05
-7.94043e-05
0.000161036
-0.000315863
0.0815986
0.0811859
0.0797545
0.0770149
0.0718643
0.0624808
0.0463169
0.0189621
-0.0214592
-0.0799753
-0.136144
-0.168619
-0.194215
-0.208304
-0.208625
-0.1963
-0.173759
-0.147558
-0.125263
-0.11336
-0.11458
-0.124456
-0.130848
-0.123267
-0.102116
-0.0743633
-0.046546
-0.0220671
-0.00139278
0.0159779
0.0303619
0.0402523
0.0423727
0.03191
0.00445624
-0.0346815
-0.0661838
-0.0700747
-0.0497068
-0.0238424
-0.00399026
0.00896772
0.0173799
0.0226046
0.0244548
0.023468
0.0209508
0.0142248
-0.00173469
-0.0311527
-0.0728875
-0.117308
-0.145948
-0.142582
-0.108539
-0.0639981
-0.0283594
-0.00662621
0.00533733
0.0120899
0.0159459
0.0175165
0.0165264
0.0126276
0.0058558
-0.00358968
-0.0149519
-0.0258002
-0.0323643
-0.0325254
-0.027662
-0.0210934
-0.0152443
-0.0108801
-0.00783236
-0.00572608
-0.00427809
-0.00332498
-0.00276288
-0.00250304
-0.0024882
-0.00268524
-0.00306464
-0.00357477
-0.00413541
-0.00464918
-0.00502625
-0.00520905
-0.00518709
-0.00499125
-0.00467501
-0.00429461
-0.0038972
-0.00351668
-0.00317452
-0.00288209
-0.00264301
-0.00245528
-0.00231314
-0.00220878
-0.00213328
-0.00207804
-0.00203513
-0.00199754
-0.00195948
-0.00191651
-0.00186584
-0.00180637
-0.00173842
-0.00166343
-0.00158353
-0.00150112
-0.00141856
-0.00133785
-0.00126055
-0.00118768
-0.0011198
-0.001057
-0.000999044
-0.000945476
-0.000895698
-0.000849071
-0.000804982
-0.000762889
-0.000722358
-0.000683064
-0.000644799
-0.000607453
-0.000570999
-0.000535468
-0.00050093
-0.000467472
-0.000435179
-0.000404128
-0.000374376
-0.000345956
-0.000318884
-0.000293155
-0.000268749
-0.000245637
-0.000223785
-0.000203158
-0.000183721
-0.000165449
-0.000148308
-0.000132301
-0.000117367
-0.000103597
-9.07425e-05
-7.92842e-05
-6.80438e-05
-5.94026e-05
-4.77974e-05
-4.48704e-05
-2.4398e-05
-4.24888e-05
2.47083e-05
-9.00078e-05
0.000196908
-0.000383747
0.0863763
0.0862412
0.0857329
0.0843171
0.080879
0.0734064
0.0585665
0.030537
-0.0149067
-0.0873894
-0.15483
-0.188167
-0.216056
-0.230924
-0.229251
-0.212099
-0.182279
-0.148455
-0.120431
-0.107336
-0.113498
-0.132776
-0.147165
-0.141412
-0.116761
-0.0837761
-0.0516382
-0.0245919
-0.00261276
0.0153757
0.0291162
0.0368573
0.036905
0.0251402
-0.0027932
-0.0460652
-0.0876372
-0.0982717
-0.0740964
-0.0397914
-0.0139252
0.00177678
0.0109433
0.0155886
0.0160023
0.0139727
0.0110227
0.0037015
-0.0137551
-0.0452563
-0.0892075
-0.13579
-0.165866
-0.16196
-0.124878
-0.075747
-0.0358939
-0.0113963
0.00209697
0.00954867
0.0134695
0.0146429
0.0131659
0.00909498
0.00280582
-0.00577041
-0.0167491
-0.0282542
-0.0361664
-0.0372064
-0.03202
-0.0242367
-0.0170919
-0.011791
-0.00817596
-0.00573714
-0.0040901
-0.0030292
-0.00243036
-0.00218175
-0.00221121
-0.00248222
-0.00296425
-0.00359782
-0.00428707
-0.00491387
-0.00536712
-0.0055763
-0.00553253
-0.0052784
-0.00488457
-0.00442333
-0.00395308
-0.00351382
-0.00312924
-0.00281035
-0.00255888
-0.00237006
-0.00223503
-0.002143
-0.0020825
-0.00204299
-0.00201496
-0.00199034
-0.0019626
-0.0019269
-0.00188041
-0.00182225
-0.00175317
-0.00167526
-0.00159135
-0.00150454
-0.00141772
-0.00133335
-0.00125321
-0.00117846
-0.0011096
-0.00104663
-0.000989149
-0.000936501
-0.000887904
-0.000842551
-0.000799698
-0.000758705
-0.000719077
-0.000680463
-0.000642653
-0.000605559
-0.000569188
-0.000533614
-0.00049895
-0.000465323
-0.000432853
-0.00040164
-0.000371758
-0.000343248
-0.000316125
-0.000290378
-0.00026598
-0.000242891
-0.000221066
-0.00020046
-0.000181031
-0.000162748
-0.000145573
-0.000129509
-0.000114492
-0.00010062
-8.764e-05
-7.60633e-05
-6.46723e-05
-5.59889e-05
-4.42104e-05
-4.16014e-05
-2.06578e-05
-4.04587e-05
2.97684e-05
-9.33814e-05
0.000214621
-0.000417639
0.0912124
0.0913993
0.09196
0.0921455
0.0908863
0.086129
0.0735813
0.0459508
-0.00540188
-0.0977356
-0.180198
-0.211315
-0.240341
-0.255918
-0.252515
-0.230256
-0.191641
-0.148035
-0.112776
-0.0982791
-0.111353
-0.144121
-0.17034
-0.167006
-0.136906
-0.0964301
-0.0586355
-0.0286757
-0.00543606
0.0122612
0.0228907
0.0255763
0.021874
0.0092439
-0.0157638
-0.0591901
-0.107937
-0.126064
-0.100863
-0.0585298
-0.0258527
-0.00691624
0.00295606
0.00668695
0.00556021
0.00269943
-0.000357254
-0.00788472
-0.0261424
-0.0585001
-0.103213
-0.150692
-0.181505
-0.177282
-0.138328
-0.0861824
-0.0433819
-0.0167936
-0.00211264
0.00567691
0.00923428
0.00967066
0.00764641
0.00368441
-0.00167645
-0.0089282
-0.0188595
-0.0301931
-0.0389423
-0.040963
-0.0359472
-0.0273196
-0.0189839
-0.0127197
-0.00849804
-0.00570515
-0.00385062
-0.00268428
-0.00205942
-0.00183569
-0.0019209
-0.00227034
-0.00285282
-0.00360603
-0.00442564
-0.00517665
-0.00572365
-0.00597564
-0.00591731
-0.00560236
-0.00512081
-0.00456549
-0.00400989
-0.00350234
-0.00306948
-0.00272181
-0.00245841
-0.00227071
-0.00214582
-0.00206928
-0.00202652
-0.00200502
-0.00199366
-0.00198335
-0.00196689
-0.00193913
-0.00189717
-0.00184031
-0.00176986
-0.00168861
-0.00160016
-0.00150834
-0.00141672
-0.00132823
-0.00124495
-0.00116813
-0.00109825
-0.00103517
-0.000978285
-0.000926715
-0.000879463
-0.00083554
-0.000794053
-0.000754263
-0.000715613
-0.000677727
-0.000640399
-0.000603566
-0.000567273
-0.000531641
-0.000496832
-0.000463015
-0.000430347
-0.000398958
-0.000368935
-0.00034033
-0.000313156
-0.000287397
-0.000263015
-0.000239957
-0.000218169
-0.000197594
-0.000178182
-0.000159894
-0.000142691
-0.00012657
-0.000111474
-9.74946e-05
-8.43984e-05
-7.26815e-05
-6.11978e-05
-5.23764e-05
-4.07113e-05
-3.79318e-05
-1.78696e-05
-3.68524e-05
2.99886e-05
-8.87675e-05
0.000209675
-0.00040944
0.0959788
0.0965247
0.0982893
0.100337
0.101784
0.100663
0.0917828
0.0662786
0.00771221
-0.111628
-0.21324
-0.241398
-0.273222
-0.289608
-0.282992
-0.252933
-0.202135
-0.145227
-0.0994133
-0.0836169
-0.108532
-0.161484
-0.203841
-0.203159
-0.164616
-0.113335
-0.068061
-0.0346712
-0.0103073
0.00548828
0.00987804
0.00618764
-0.00129129
-0.0125271
-0.0335419
-0.0748013
-0.126819
-0.151494
-0.127576
-0.0788652
-0.0394565
-0.0171152
-0.00665533
-0.0041254
-0.00686371
-0.0104654
-0.013311
-0.0204516
-0.0384231
-0.0700989
-0.113887
-0.160782
-0.191497
-0.187181
-0.147714
-0.0944885
-0.0503925
-0.0226952
-0.00741837
0.000235577
0.00306764
0.00282539
0.000689796
-0.00261383
-0.00671655
-0.0124459
-0.0208997
-0.0313742
-0.0403694
-0.0433586
-0.0389656
-0.0300084
-0.0207588
-0.0136047
-0.00877553
-0.00561943
-0.00355753
-0.00230084
-0.00167821
-0.00150111
-0.00164643
-0.00205692
-0.00270607
-0.00353857
-0.0044587
-0.00533013
-0.00599535
-0.00632827
-0.00628905
-0.00593317
-0.0053697
-0.00471652
-0.00406806
-0.00348516
-0.00299955
-0.00262162
-0.00234717
-0.00216279
-0.00205043
-0.00199096
-0.00196747
-0.00196461
-0.00197003
-0.00197402
-0.00196897
-0.00194942
-0.00191247
-0.00185755
-0.00178625
-0.00170195
-0.00160908
-0.00151228
-0.0014158
-0.00132308
-0.00123654
-0.00115758
-0.00108663
-0.0010234
-0.000967085
-0.000916571
-0.000870648
-0.000828142
-0.000788017
-0.000749436
-0.000711778
-0.000674641
-0.000637821
-0.000601275
-0.000565087
-0.000529422
-0.000494486
-0.000460494
-0.000427641
-0.000396081
-0.000365922
-0.000337224
-0.000310001
-0.000284231
-0.000259866
-0.000236844
-0.000215097
-0.00019456
-0.000175173
-0.00015689
-0.000139671
-0.000123505
-0.000108347
-9.42732e-05
-8.10922e-05
-6.92421e-05
-5.77474e-05
-4.87329e-05
-3.74768e-05
-3.40981e-05
-1.62276e-05
-3.1953e-05
2.50677e-05
-7.62036e-05
0.00017977
-0.000354925
0.100532
0.101467
0.104533
0.108699
0.113375
0.117149
0.11383
0.0945369
0.0268035
-0.138408
-0.25974
-0.271146
-0.305465
-0.326312
-0.319567
-0.28141
-0.215291
-0.140933
-0.082555
-0.063289
-0.0988087
-0.177547
-0.24479
-0.250824
-0.20198
-0.13593
-0.0806254
-0.04286
-0.0177874
-0.00624593
-0.0101933
-0.0188627
-0.0277108
-0.0351821
-0.0521237
-0.0897513
-0.141787
-0.17168
-0.151106
-0.0988651
-0.053968
-0.0286066
-0.0178339
-0.0167763
-0.0212914
-0.0256781
-0.0279625
-0.0338486
-0.0501387
-0.0794451
-0.120544
-0.165271
-0.194951
-0.190754
-0.152229
-0.100045
-0.0565312
-0.0289471
-0.0138324
-0.00677621
-0.00477961
-0.00531405
-0.0068471
-0.00888417
-0.011555
-0.0157195
-0.022484
-0.0316541
-0.04039
-0.0442048
-0.0407417
-0.032002
-0.0222418
-0.0143752
-0.00898585
-0.0054731
-0.00321426
-0.0018976
-0.0013079
-0.00122611
-0.00144766
-0.00189712
-0.00254939
-0.00337452
-0.00431682
-0.00526771
-0.00605945
-0.00652153
-0.0065641
-0.00621793
-0.00560421
-0.00486795
-0.00413058
-0.00347163
-0.00293202
-0.00252371
-0.00223914
-0.00205918
-0.00195978
-0.00191698
-0.00191031
-0.00192315
-0.00194251
-0.00195855
-0.00196362
-0.0019521
-0.00192075
-0.00186875
-0.00179799
-0.00171222
-0.00161632
-0.00151562
-0.00141507
-0.00131867
-0.00122919
-0.0011482
-0.00107615
-0.00101264
-0.000956683
-0.000906972
-0.000862105
-0.00082075
-0.000781753
-0.000744192
-0.000707396
-0.000670939
-0.000634609
-0.000598376
-0.000562348
-0.00052672
-0.000491735
-0.000457642
-0.000424665
-0.000392985
-0.000362727
-0.000333959
-0.000306698
-0.00028092
-0.000256572
-0.000233582
-0.000211874
-0.000191373
-0.000172015
-0.000153746
-0.000136525
-0.000120336
-0.000105144
-9.10101e-05
-7.7796e-05
-6.5851e-05
-5.44447e-05
-4.52298e-05
-3.46523e-05
-3.0353e-05
-1.57742e-05
-2.61885e-05
1.54126e-05
-5.67464e-05
0.000125922
-0.000256153
0.104715
0.106045
0.110465
0.11687
0.125313
0.134877
0.139962
0.129936
0.0535966
-0.15276
-0.336833
-0.327733
-0.357931
-0.376317
-0.363742
-0.314954
-0.232388
-0.140183
-0.0663682
-0.0403509
-0.0829145
-0.179338
-0.272255
-0.295409
-0.243236
-0.163124
-0.0964188
-0.0534169
-0.0284824
-0.0235691
-0.0357315
-0.047603
-0.0536004
-0.0558388
-0.0685499
-0.101707
-0.151553
-0.184954
-0.168902
-0.116422
-0.068282
-0.0409164
-0.0303394
-0.0310938
-0.0377182
-0.0430316
-0.0443145
-0.047803
-0.0608394
-0.0861091
-0.122851
-0.163881
-0.191585
-0.187692
-0.151532
-0.1025
-0.061489
-0.0353516
-0.021205
-0.0151603
-0.0139109
-0.0142118
-0.0144608
-0.0147985
-0.0159069
-0.0184504
-0.0234079
-0.0310084
-0.0390951
-0.0434971
-0.0411217
-0.0330882
-0.0232814
-0.0149679
-0.0091193
-0.00528089
-0.00285729
-0.00154365
-0.00108326
-0.00115133
-0.00147932
-0.00195751
-0.00256114
-0.00327535
-0.00410588
-0.00501989
-0.00587879
-0.00647592
-0.00665256
-0.00638583
-0.00578127
-0.00500266
-0.00419963
-0.00347617
-0.00288794
-0.0024518
-0.00215799
-0.00198156
-0.00189216
-0.0018611
-0.00186523
-0.00188696
-0.00191339
-0.00193575
-0.00194717
-0.00194151
-0.0019154
-0.00186788
-0.00179994
-0.00171517
-0.00161883
-0.00151667
-0.00141405
-0.00131545
-0.001224
-0.00114151
-0.0010685
-0.00100453
-0.000948535
-0.000899093
-0.000854695
-0.000813924
-0.000775554
-0.000738612
-0.000702388
-0.00066643
-0.000630513
-0.000594601
-0.000558801
-0.000523318
-0.000488409
-0.00045434
-0.000421355
-0.000389649
-0.000359361
-0.000330569
-0.000303296
-0.000277518
-0.000253181
-0.000230212
-0.00020853
-0.000188056
-0.000168722
-0.00015047
-0.000133261
-0.000117074
-0.000101886
-8.77374e-05
-7.45532e-05
-6.25737e-05
-5.13556e-05
-4.19745e-05
-3.22754e-05
-2.68723e-05
-1.63064e-05
-2.00263e-05
2.278e-06
-3.24454e-05
5.34293e-05
-0.000122813
0.108367
0.110083
0.115808
0.124525
0.136996
0.153895
0.170948
0.18489
0.095304
-0.141503
-0.375082
-0.340395
-0.380995
-0.409918
-0.402449
-0.352875
-0.261502
-0.160786
-0.0841662
-0.0533013
-0.0819072
-0.172762
-0.279935
-0.322889
-0.277541
-0.19007
-0.113969
-0.0662426
-0.0428341
-0.0463045
-0.0651956
-0.0783954
-0.0778511
-0.0735302
-0.0811593
-0.109074
-0.155142
-0.190313
-0.179271
-0.129665
-0.0811303
-0.053323
-0.0437192
-0.0467758
-0.0560067
-0.0624296
-0.062147
-0.0618989
-0.0700865
-0.0898372
-0.120827
-0.156858
-0.181746
-0.178305
-0.145776
-0.101798
-0.0650636
-0.0416531
-0.0292675
-0.0246221
-0.0240423
-0.0237439
-0.0222288
-0.0205175
-0.0198107
-0.0205878
-0.0236447
-0.0295138
-0.036659
-0.0413628
-0.0401328
-0.0331754
-0.0237819
-0.0153459
-0.00919221
-0.00509453
-0.00257248
-0.00135837
-0.00113198
-0.00146214
-0.00201844
-0.00260417
-0.00311338
-0.0035638
-0.0040695
-0.00474007
-0.00551477
-0.00617256
-0.00648795
-0.00635797
-0.0058387
-0.00508533
-0.0042657
-0.00350838
-0.0028888
-0.00243338
-0.00213296
-0.00195825
-0.00187357
-0.00184627
-0.00185129
-0.00187123
-0.00189427
-0.0019131
-0.00192251
-0.00191754
-0.00189407
-0.00184984
-0.00178592
-0.00170524
-0.00161203
-0.00151188
-0.0014104
-0.00131229
-0.00122089
-0.0011382
-0.00106489
-0.00100062
-0.00094433
-0.00089462
-0.000849978
-0.000808999
-0.000770475
-0.000733449
-0.000697224
-0.000661347
-0.00062558
-0.000589865
-0.000554289
-0.000519035
-0.000484342
-0.000450464
-0.000417638
-0.000386059
-0.000355868
-0.000327146
-0.000299922
-0.000274177
-0.000249862
-0.000226907
-0.000205235
-0.000184768
-0.000165441
-0.000147197
-0.000130001
-0.000113829
-9.86725e-05
-8.45511e-05
-7.14523e-05
-5.95011e-05
-4.8546e-05
-3.90573e-05
-3.03257e-05
-2.37908e-05
-1.74491e-05
-1.39939e-05
-1.23826e-05
-6.2981e-06
-2.82169e-05
2.76551e-05
0.111333
0.113378
0.120276
0.13103
0.147645
0.171231
0.205854
0.210612
0.187019
-0.162076
-0.479033
-0.360638
-0.374088
-0.406116
-0.402687
-0.365502
-0.29022
-0.206168
-0.13883
-0.104388
-0.112762
-0.176051
-0.274866
-0.330404
-0.297412
-0.211082
-0.130786
-0.0808595
-0.0610269
-0.0734876
-0.0982176
-0.11027
-0.100336
-0.0877162
-0.0891838
-0.111229
-0.152389
-0.187572
-0.181523
-0.13728
-0.0912951
-0.0649338
-0.0573197
-0.0633454
-0.0757802
-0.083472
-0.0809531
-0.0755752
-0.0774603
-0.0905431
-0.114809
-0.14491
-0.16634
-0.16346
-0.135572
-0.0981603
-0.0671504
-0.0475616
-0.0377045
-0.0348927
-0.0350957
-0.0340579
-0.0304699
-0.0262951
-0.0233707
-0.0221724
-0.0232594
-0.0272994
-0.033289
-0.0380229
-0.0379062
-0.0322732
-0.0237099
-0.0155055
-0.00925352
-0.00501737
-0.00251867
-0.0015492
-0.00171242
-0.00245956
-0.00334919
-0.00406772
-0.00438752
-0.0043678
-0.00431753
-0.00452293
-0.00502191
-0.00561023
-0.0060129
-0.00604944
-0.00569315
-0.0050506
-0.00428874
-0.00355243
-0.00293722
-0.00248327
-0.00218621
-0.00201559
-0.00193253
-0.00190179
-0.00189734
-0.00190237
-0.00190761
-0.00190866
-0.0019026
-0.00188649
-0.00185758
-0.00181371
-0.00175327
-0.00167743
-0.00159025
-0.00149624
-0.00140013
-0.00130629
-0.0012181
-0.0011376
-0.00106559
-0.00100181
-0.000945386
-0.000895055
-0.000849486
-0.000807434
-0.000767835
-0.000729843
-0.000692838
-0.000656411
-0.000620334
-0.000584532
-0.000549051
-0.000514024
-0.000479639
-0.000446102
-0.000413614
-0.000382341
-0.000352408
-0.000323888
-0.000296808
-0.000271155
-0.000246889
-0.00022395
-0.000202272
-0.000181787
-0.000162441
-0.000144182
-0.000126985
-0.000110823
-9.57058e-05
-8.16326e-05
-6.86461e-05
-5.6766e-05
-4.60981e-05
-3.65618e-05
-2.87474e-05
-2.1206e-05
-1.87266e-05
-8.64031e-06
-2.62021e-05
1.81052e-05
-0.000106488
0.000172229
0.113471
0.115773
0.123543
0.13599
0.155761
0.186528
0.234339
0.273439
0.327952
-0.133491
-0.363472
-0.367779
-0.389355
-0.38906
-0.363669
-0.313813
-0.26401
-0.229048
-0.201252
-0.178654
-0.191524
-0.25357
-0.311055
-0.294902
-0.219725
-0.143447
-0.095827
-0.0821386
-0.10354
-0.133967
-0.141761
-0.120048
-0.0976612
-0.0923023
-0.108177
-0.143716
-0.177369
-0.175877
-0.138667
-0.0978098
-0.0748096
-0.0703357
-0.0801178
-0.0963472
-0.105384
-0.0999213
-0.0881479
-0.0825823
-0.0882961
-0.105386
-0.129101
-0.14671
-0.144459
-0.121873
-0.0920207
-0.0677216
-0.0528005
-0.0462119
-0.0457694
-0.0470727
-0.0452917
-0.0393739
-0.0322427
-0.0266385
-0.0232565
-0.0223609
-0.0245436
-0.0292268
-0.0337413
-0.034623
-0.0304656
-0.0230873
-0.0154688
-0.00936886
-0.00517756
-0.00288024
-0.00233122
-0.00303987
-0.00432326
-0.00555401
-0.00622946
-0.00611705
-0.00542483
-0.00467707
-0.00430045
-0.00440455
-0.00481075
-0.00522542
-0.00541003
-0.00526017
-0.00481281
-0.00419425
-0.00355401
-0.00300042
-0.00258731
-0.00231812
-0.00216467
-0.00208743
-0.0020501
-0.00202696
-0.00200347
-0.00197449
-0.00194011
-0.00190156
-0.0018599
-0.0018138
-0.00176095
-0.00169975
-0.00162945
-0.00155043
-0.00146561
-0.00137902
-0.00129393
-0.00121301
-0.00113802
-0.00106974
-0.00100809
-0.000952389
-0.000901647
-0.000854811
-0.000810954
-0.000769315
-0.000729315
-0.000690537
-0.000652699
-0.000615633
-0.000579264
-0.000543593
-0.000508679
-0.000474624
-0.000441548
-0.000409573
-0.000378804
-0.00034932
-0.000321169
-0.000294365
-0.000268897
-0.000244733
-0.000221829
-0.000200136
-0.000179607
-0.000160203
-0.000141889
-0.000124651
-0.000108469
-9.33649e-05
-7.93263e-05
-6.64358e-05
-5.46315e-05
-4.42092e-05
-3.46682e-05
-2.75765e-05
-1.92884e-05
-1.97612e-05
-4.58296e-06
-3.69179e-05
3.70429e-05
-0.000168191
0.000286403
0.114679
0.11712
0.125382
0.138754
0.16045
0.195306
0.252373
0.319584
0.428732
-0.354196
-0.36529
-0.361834
-0.349581
-0.333359
-0.331054
-0.331449
-0.308466
-0.254424
-0.212445
-0.223878
-0.26725
-0.267991
-0.212235
-0.148683
-0.108616
-0.103881
-0.134503
-0.170115
-0.170231
-0.135108
-0.102635
-0.0906068
-0.100504
-0.130131
-0.161045
-0.163321
-0.133945
-0.100093
-0.0820965
-0.0818818
-0.0961989
-0.116683
-0.127015
-0.117969
-0.0988553
-0.0851462
-0.0833055
-0.0933174
-0.110699
-0.124419
-0.122845
-0.105828
-0.083934
-0.0668135
-0.0571466
-0.0545162
-0.0570526
-0.059851
-0.0573534
-0.0488338
-0.0382793
-0.0295976
-0.0238835
-0.021069
-0.0214493
-0.0247251
-0.0287822
-0.0304757
-0.0278645
-0.0219536
-0.0152477
-0.00957376
-0.00566016
-0.00377359
-0.00380711
-0.00514311
-0.00690102
-0.00823402
-0.00852488
-0.00771097
-0.00626494
-0.00485694
-0.00395548
-0.00367958
-0.00386221
-0.00421806
-0.00449063
-0.00453223
-0.00431478
-0.00391156
-0.00344491
-0.00302285
-0.00270564
-0.00250303
-0.00239031
-0.00232927
-0.00228524
-0.00223531
-0.00217015
-0.00209178
-0.00200598
-0.00192065
-0.00184103
-0.0017681
-0.00169984
-0.00163289
-0.00156463
-0.00149417
-0.00142154
-0.00134776
-0.00127491
-0.00120477
-0.00113849
-0.00107653
-0.00101877
-0.000964745
-0.000913852
-0.000865541
-0.000819368
-0.000774999
-0.000732223
-0.000690909
-0.000650969
-0.000612342
-0.000574974
-0.000538825
-0.00050387
-0.000470102
-0.000437528
-0.000406164
-0.000376028
-0.000347129
-0.000319471
-0.000293045
-0.000267833
-0.000243813
-0.000220957
-0.000199243
-0.000178645
-0.000159149
-0.000140739
-0.000123416
-0.000107171
-9.20358e-05
-7.79922e-05
-6.51436e-05
-5.33823e-05
-4.31032e-05
-3.35761e-05
-2.6892e-05
-1.82169e-05
-2.02995e-05
-2.36182e-06
-4.27534e-05
4.74259e-05
-0.00020227
0.000349548
0.114897
0.117346
0.125635
0.139052
0.160819
0.1958
0.253047
0.330832
0.489267
-0.342102
-0.342141
-0.334592
-0.333528
-0.349774
-0.38971
-0.415532
-0.386
-0.302727
-0.216667
-0.185856
-0.203034
-0.218908
-0.188097
-0.143874
-0.115912
-0.122928
-0.163815
-0.202698
-0.192119
-0.143561
-0.102267
-0.0846167
-0.0891878
-0.113
-0.14037
-0.14543
-0.123866
-0.0980041
-0.086138
-0.0910784
-0.110535
-0.135486
-0.146917
-0.13383
-0.106927
-0.0849543
-0.0759036
-0.0794391
-0.0910153
-0.101094
-0.10021
-0.0886205
-0.0744887
-0.0645205
-0.0604441
-0.0623604
-0.0684578
-0.0730902
-0.0698749
-0.05849
-0.044172
-0.0321762
-0.0240949
-0.0195076
-0.0182355
-0.0200561
-0.0234146
-0.025647
-0.0245641
-0.0203152
-0.0147926
-0.00981186
-0.00642543
-0.00514875
-0.00586059
-0.00776086
-0.00973295
-0.0107671
-0.0103491
-0.00873366
-0.00663562
-0.00475128
-0.0034944
-0.00294405
-0.00293053
-0.00318704
-0.0034753
-0.00364146
-0.00362714
-0.00345898
-0.0032128
-0.00297754
-0.00280563
-0.00270556
-0.00265403
-0.00261627
-0.00256245
-0.00247769
-0.0023618
-0.00222448
-0.00208133
-0.0019456
-0.00182557
-0.00172354
-0.00163751
-0.00156339
-0.00149667
-0.0014337
-0.00137254
-0.00131252
-0.00125366
-0.00119606
-0.00113994
-0.00108542
-0.00103239
-0.000980664
-0.00093
-0.000880246
-0.000831518
-0.000784039
-0.000738053
-0.000693776
-0.000651356
-0.000610852
-0.000572243
-0.000535448
-0.000500352
-0.000466831
-0.000434766
-0.000404053
-0.000374606
-0.000346354
-0.000319245
-0.000293242
-0.000268318
-0.000244457
-0.000221651
-0.000199902
-0.000179212
-0.000159593
-0.000141048
-0.000123599
-0.000107245
-9.20254e-05
-7.79239e-05
-6.50419e-05
-5.32686e-05
-4.29935e-05
-3.34816e-05
-2.68192e-05
-1.8167e-05
-2.02764e-05
-2.35029e-06
-4.27867e-05
4.74437e-05
-0.000202452
0.000349801
0.114121
0.116447
0.124296
0.136876
0.156855
0.18798
0.23633
0.30364
0.415829
-0.336325
-0.335816
-0.323393
-0.313439
-0.323089
-0.365398
-0.432551
-0.466156
-0.419891
-0.309946
-0.197265
-0.13665
-0.133092
-0.154531
-0.150205
-0.127413
-0.114747
-0.136262
-0.188992
-0.227484
-0.204115
-0.144153
-0.0967878
-0.0752507
-0.0754447
-0.0938134
-0.117209
-0.124057
-0.109619
-0.0918186
-0.0865467
-0.0971409
-0.122014
-0.151311
-0.163513
-0.146204
-0.111669
-0.0819527
-0.0665253
-0.0645749
-0.0712393
-0.0781984
-0.0779891
-0.0713095
-0.0642358
-0.0609871
-0.0625954
-0.0694785
-0.0795755
-0.0862466
-0.0822651
-0.0678159
-0.0495865
-0.0342611
-0.0239329
-0.0178023
-0.0151165
-0.0155131
-0.0179201
-0.0203083
-0.0205576
-0.0180498
-0.0139201
-0.00988312
-0.00726726
-0.00676463
-0.00816902
-0.0104535
-0.0122987
-0.0126929
-0.0114557
-0.00915704
-0.00663289
-0.00450325
-0.00307243
-0.00236445
-0.0022085
-0.00236135
-0.00261367
-0.00283047
-0.00295258
-0.00297687
-0.00294285
-0.00290401
-0.00289052
-0.00290065
-0.00291007
-0.00288853
-0.00281667
-0.0026907
-0.00252101
-0.00232893
-0.00213629
-0.00195922
-0.00180726
-0.00168296
-0.00158378
-0.00150451
-0.00143943
-0.00138353
-0.00133292
-0.00128489
-0.00123794
-0.0011913
-0.00114435
-0.00109657
-0.00104766
-0.000997546
-0.000946508
-0.000895091
-0.00084388
-0.000793529
-0.000744657
-0.000697771
-0.000653199
-0.000611089
-0.000571436
-0.000534113
-0.000498923
-0.000465637
-0.000434023
-0.000403874
-0.000375014
-0.000347308
-0.000320657
-0.000294999
-0.000270299
-0.00024655
-0.000223762
-0.000201958
-0.000181163
-0.00016141
-0.000142724
-0.000125135
-0.000108656
-9.33227e-05
-7.91281e-05
-6.61494e-05
-5.4315e-05
-4.39061e-05
-3.44088e-05
-2.7378e-05
-1.91538e-05
-1.97008e-05
-4.55422e-06
-3.70149e-05
3.70914e-05
-0.000168705
0.000287112
0.112405
0.114489
0.121515
0.132479
0.149425
0.173569
0.20902
0.2523
0.265961
-0.253932
-0.342672
-0.331465
-0.30878
-0.296573
-0.315483
-0.373752
-0.451183
-0.480565
-0.415726
-0.288838
-0.163895
-0.0833938
-0.0672492
-0.0818224
-0.100587
-0.0979677
-0.103079
-0.142165
-0.207163
-0.240512
-0.203979
-0.136755
-0.0870742
-0.0636991
-0.0605384
-0.0739615
-0.0933159
-0.10106
-0.0926071
-0.0821392
-0.0832299
-0.0994641
-0.129597
-0.162765
-0.175312
-0.153923
-0.112564
-0.0762587
-0.0556859
-0.0494645
-0.0523158
-0.0568237
-0.0572726
-0.0547285
-0.0536467
-0.0563914
-0.0635398
-0.0755744
-0.0898793
-0.098624
-0.0937901
-0.0761949
-0.054141
-0.035718
-0.0234342
-0.0160729
-0.0122783
-0.0113954
-0.0126424
-0.0146839
-0.0158103
-0.0149141
-0.012313
-0.00946674
-0.00786694
-0.00828041
-0.0103444
-0.0128015
-0.0142467
-0.0138822
-0.0119227
-0.00918433
-0.0064861
-0.00431276
-0.00284739
-0.00206781
-0.00181577
-0.00187908
-0.00207683
-0.00229882
-0.00249086
-0.00263889
-0.00276126
-0.00287547
-0.00298527
-0.00307562
-0.00312012
-0.00309679
-0.00299717
-0.00282882
-0.00261516
-0.00238413
-0.0021592
-0.00195734
-0.00178756
-0.00165164
-0.00154634
-0.00146584
-0.00140353
-0.00135336
-0.00131047
-0.00127121
-0.00123295
-0.00119383
-0.00115266
-0.00110878
-0.00106197
-0.00101245
-0.000960775
-0.000907776
-0.000854454
-0.000801823
-0.000750775
-0.000701991
-0.000655906
-0.000612708
-0.000572381
-0.000534752
-0.000499555
-0.000466482
-0.000435221
-0.000405491
-0.000377054
-0.000349726
-0.000323379
-0.000297935
-0.000273359
-0.000249653
-0.00022684
-0.000204961
-0.00018406
-0.000164184
-0.00014537
-0.000127657
-0.000111061
-9.56135e-05
-8.13187e-05
-6.82104e-05
-5.62931e-05
-4.56504e-05
-3.61826e-05
-2.84604e-05
-2.10147e-05
-1.86451e-05
-8.6058e-06
-2.63536e-05
1.81702e-05
-0.00010725
0.000173264
0.109848
0.111613
0.117508
0.126502
0.139407
0.157001
0.175165
0.190942
0.151816
-0.171762
-0.430461
-0.328577
-0.316199
-0.298915
-0.292952
-0.319048
-0.383178
-0.45521
-0.464285
-0.384489
-0.255574
-0.132736
-0.0436792
-0.0100316
-0.013857
-0.0378105
-0.0551126
-0.081838
-0.141552
-0.215676
-0.239175
-0.191577
-0.122605
-0.0745174
-0.0512142
-0.0456131
-0.0545735
-0.07006
-0.0779958
-0.0741999
-0.0697716
-0.0763728
-0.0976906
-0.132468
-0.168711
-0.181131
-0.156134
-0.109358
-0.0681723
-0.0439583
-0.0347264
-0.0348728
-0.0376624
-0.0387427
-0.0394326
-0.0430925
-0.05092
-0.0632297
-0.0803172
-0.0987562
-0.109423
-0.103641
-0.0829858
-0.0574607
-0.036419
-0.0226239
-0.0144156
-0.00985738
-0.00795734
-0.00800955
-0.0092189
-0.0105333
-0.0108061
-0.00972965
-0.00830586
-0.00797282
-0.00942679
-0.0120871
-0.0145249
-0.0154192
-0.0143675
-0.0119164
-0.00900714
-0.00634951
-0.00427428
-0.00286197
-0.00206301
-0.00174432
-0.00173317
-0.00187937
-0.00208447
-0.00229925
-0.00251257
-0.00272308
-0.00292238
-0.00309485
-0.00321605
-0.00326221
-0.00321862
-0.003087
-0.00288736
-0.00264824
-0.00239791
-0.0021598
-0.00194953
-0.00177469
-0.00163615
-0.00153021
-0.00145074
-0.00139098
-0.00134457
-0.00130614
-0.00127143
-0.00123731
-0.00120162
-0.00116292
-0.00112041
-0.00107394
-0.00102389
-0.0009711
-0.000916714
-0.000861938
-0.000807936
-0.000755694
-0.00070595
-0.000659153
-0.000615487
-0.000574905
-0.000537199
-0.000502059
-0.000469131
-0.000438064
-0.000408538
-0.000380288
-0.000353113
-0.000326872
-0.000301486
-0.000276923
-0.00025319
-0.000230323
-0.00020837
-0.000187385
-0.000167424
-0.000148526
-0.000130731
-0.000114061
-9.853e-05
-8.4162e-05
-7.0932e-05
-5.89466e-05
-4.80275e-05
-3.86234e-05
-3.00013e-05
-2.35798e-05
-1.73658e-05
-1.39658e-05
-1.25718e-05
-6.23328e-06
-2.91089e-05
2.88383e-05
0.106583
0.107973
0.112596
0.119329
0.128278
0.138642
0.144935
0.136968
0.0640516
-0.13627
-0.313433
-0.297225
-0.302089
-0.28998
-0.289534
-0.318318
-0.37592
-0.427109
-0.416939
-0.335841
-0.220667
-0.112081
-0.025465
0.0246346
0.0343438
0.0226863
-0.00887076
-0.0580464
-0.136642
-0.211565
-0.222306
-0.168783
-0.103983
-0.0607057
-0.0388868
-0.0315675
-0.0364729
-0.0483542
-0.0559503
-0.0555287
-0.0555835
-0.0663905
-0.0917568
-0.130159
-0.168444
-0.180282
-0.152437
-0.102129
-0.058169
-0.031945
-0.0208608
-0.0192399
-0.0209658
-0.0226519
-0.0257069
-0.032842
-0.0447436
-0.0616159
-0.0833588
-0.10556
-0.117814
-0.111011
-0.0875958
-0.0592332
-0.036274
-0.0215197
-0.0128783
-0.00791215
-0.00533044
-0.0043874
-0.00459423
-0.00548847
-0.00627368
-0.00647094
-0.00656395
-0.00764498
-0.0101464
-0.0132485
-0.0154869
-0.0158071
-0.0142367
-0.0115751
-0.00873272
-0.00626513
-0.00436867
-0.0030553
-0.00226634
-0.0018986
-0.00182085
-0.00191126
-0.0020875
-0.0023051
-0.00254223
-0.00278282
-0.00300657
-0.00318817
-0.0033014
-0.00332606
-0.00325593
-0.00310231
-0.0028883
-0.00264216
-0.00239076
-0.00215492
-0.00194799
-0.00177615
-0.00163973
-0.00153511
-0.00145654
-0.00139752
-0.00135187
-0.00131424
-0.0012803
-0.00124675
-0.00121125
-0.00117231
-0.00112922
-0.00108196
-0.00103105
-0.000977436
-0.000922303
-0.000866908
-0.000812434
-0.000759861
-0.000709901
-0.000662979
-0.000619247
-0.00057864
-0.000540932
-0.0005058
-0.000472882
-0.000441817
-0.000412285
-0.000384016
-0.000356809
-0.000330524
-0.000305085
-0.000280463
-0.000256672
-0.000233749
-0.000211746
-0.000190719
-0.000170721
-0.000151796
-0.000133975
-0.000117284
-0.000101721
-8.73289e-05
-7.40185e-05
-6.20103e-05
-5.08332e-05
-4.15418e-05
-3.19553e-05
-2.66696e-05
-1.6233e-05
-2.00118e-05
2.07306e-06
-3.23968e-05
5.25281e-05
-0.000121664
0.102762
0.103765
0.107059
0.111587
0.116818
0.121435
0.119365
0.101986
0.0372086
-0.123323
-0.239553
-0.245366
-0.264729
-0.270739
-0.280706
-0.30646
-0.34533
-0.373476
-0.355199
-0.285763
-0.191426
-0.100504
-0.0235086
0.0310683
0.0560177
0.0562117
0.0219708
-0.0436394
-0.129593
-0.194255
-0.192525
-0.139784
-0.0838159
-0.0471242
-0.0275025
-0.0190038
-0.0202286
-0.0286913
-0.0355167
-0.0373509
-0.0403827
-0.0538699
-0.0819144
-0.122639
-0.161809
-0.172671
-0.142966
-0.0913126
-0.0468662
-0.0202394
-0.00826599
-0.00553133
-0.00666438
-0.00891427
-0.0136021
-0.0230622
-0.0380008
-0.0586481
-0.084371
-0.109693
-0.123058
-0.11521
-0.0895629
-0.0592595
-0.035258
-0.0201521
-0.0114674
-0.00642157
-0.00350325
-0.0019348
-0.00134765
-0.00160386
-0.0024134
-0.0034791
-0.00491202
-0.00726418
-0.0105583
-0.0137982
-0.0156516
-0.015474
-0.0136261
-0.0110109
-0.00840766
-0.00621273
-0.00452766
-0.00333171
-0.00257109
-0.00216932
-0.00203143
-0.00206575
-0.0022031
-0.00239811
-0.00262377
-0.00285587
-0.00306683
-0.00322851
-0.00331637
-0.00331628
-0.00322879
-0.00306758
-0.00285544
-0.0026181
-0.00237873
-0.00215496
-0.00195797
-0.00179291
-0.00166012
-0.00155654
-0.00147722
-0.00141645
-0.0013686
-0.00132865
-0.00129244
-0.00125677
-0.00121937
-0.00117878
-0.00113435
-0.00108607
-0.00103447
-0.000980499
-0.000925307
-0.000870078
-0.000815904
-0.00076368
-0.000714046
-0.000667379
-0.000623809
-0.000583264
-0.000545527
-0.000510294
-0.000477223
-0.000445975
-0.000416247
-0.000387788
-0.000360404
-0.000333969
-0.000308408
-0.000283696
-0.000259844
-0.000236886
-0.000214872
-0.000193853
-0.000173876
-0.000154982
-0.000137194
-0.000120541
-0.000105004
-9.06461e-05
-7.73158e-05
-6.53448e-05
-5.39756e-05
-4.48433e-05
-3.43677e-05
-3.01779e-05
-1.5716e-05
-2.61895e-05
1.52147e-05
-5.67258e-05
0.000125113
-0.000255186
0.0985451
0.0991632
0.101172
0.103602
0.105625
0.105358
0.0977023
0.0739887
0.0179829
-0.0976807
-0.194805
-0.218577
-0.241683
-0.251591
-0.261526
-0.28079
-0.306878
-0.322494
-0.303219
-0.246438
-0.16994
-0.0938699
-0.0273641
0.0241902
0.0537046
0.0565656
0.0265274
-0.0408681
-0.120351
-0.167243
-0.155702
-0.109528
-0.0646929
-0.0348229
-0.0174949
-0.00824563
-0.00625218
-0.0112995
-0.0169397
-0.0200372
-0.0248267
-0.039518
-0.0687343
-0.110357
-0.149243
-0.158834
-0.128408
-0.0776901
-0.0349677
-0.00937254
0.00274516
0.00623983
0.00547217
0.00275997
-0.00299278
-0.0138293
-0.0307991
-0.0542952
-0.0831054
-0.110703
-0.124604
-0.11577
-0.0886376
-0.0574956
-0.0334239
-0.0185738
-0.0101719
-0.00529096
-0.00232324
-0.000496741
0.000505301
0.000663441
-9.42797e-05
-0.00166528
-0.00402361
-0.00719927
-0.0107926
-0.013775
-0.0151186
-0.0145723
-0.0126955
-0.0103216
-0.00805467
-0.00616057
-0.0046893
-0.00361465
-0.00289493
-0.00247601
-0.00229009
-0.00226779
-0.0023531
-0.00250638
-0.00269728
-0.0028972
-0.0030767
-0.00320825
-0.00327064
-0.00325385
-0.00316097
-0.00300541
-0.00280731
-0.00258847
-0.00236825
-0.0021613
-0.00197704
-0.00182004
-0.00169096
-0.0015876
-0.00150606
-0.0014416
-0.0013894
-0.00134503
-0.00130471
-0.00126545
-0.00122507
-0.00118221
-0.00113621
-0.00108705
-0.00103519
-0.000981451
-0.000926826
-0.000872351
-0.000818981
-0.000767497
-0.000718464
-0.000672212
-0.000628862
-0.000588356
-0.000550509
-0.000515056
-0.000481695
-0.000450128
-0.000420081
-0.000391328
-0.000363694
-0.000337059
-0.000311354
-0.00028655
-0.000262654
-0.000239694
-0.000217708
-0.000196741
-0.000176831
-0.000158014
-0.000140306
-0.000123738
-0.000108276
-9.40032e-05
-8.07147e-05
-6.88353e-05
-5.73652e-05
-4.84171e-05
-3.72428e-05
-3.39585e-05
-1.61834e-05
-3.19681e-05
2.4895e-05
-7.62183e-05
0.000179118
-0.000354232
0.0940854
0.094347
0.09516
0.0957348
0.0950539
0.0911286
0.0797397
0.0537156
0.00452416
-0.0849604
-0.164112
-0.19233
-0.216968
-0.231563
-0.244019
-0.260159
-0.277267
-0.283716
-0.264108
-0.216879
-0.154049
-0.0901282
-0.0331445
0.0117547
0.0398334
0.0446455
0.0183215
-0.0380734
-0.0997751
-0.12989
-0.116848
-0.0819016
-0.0482301
-0.0243199
-0.00902246
0.000597106
0.00517056
0.00363073
-0.000333674
-0.00372797
-0.00940736
-0.0241402
-0.0531116
-0.0942392
-0.131744
-0.139877
-0.109933
-0.0623106
-0.0231899
0.000247243
0.0119627
0.0160713
0.0156995
0.012722
0.00635029
-0.00514989
-0.0232351
-0.0485826
-0.0794522
-0.108366
-0.122199
-0.112539
-0.0848414
-0.0540749
-0.0309031
-0.0168595
-0.00899366
-0.00443408
-0.00160535
0.000225584
0.00130578
0.00153649
0.000730313
-0.00112313
-0.00391493
-0.00735107
-0.0107615
-0.0132144
-0.0140536
-0.0133214
-0.011613
-0.00959212
-0.00769165
-0.00608997
-0.00481914
-0.00386214
-0.00319126
-0.00276924
-0.00254767
-0.00247508
-0.00250746
-0.00260981
-0.00275302
-0.0029091
-0.00304987
-0.0031501
-0.00319141
-0.00316578
-0.003076
-0.00293355
-0.00275513
-0.00255857
-0.0023597
-0.0021707
-0.00199967
-0.00185086
-0.00172536
-0.00162185
-0.00153747
-0.00146854
-0.00141112
-0.00136143
-0.00131617
-0.00127267
-0.00122894
-0.00118366
-0.00113617
-0.00108634
-0.0010345
-0.00098131
-0.000927569
-0.000874137
-0.000821811
-0.000771249
-0.000722935
-0.000677161
-0.000634046
-0.000593557
-0.000555551
-0.000519812
-0.000486092
-0.000454136
-0.000423711
-0.000394617
-0.000366698
-0.000339846
-0.000313991
-0.000289103
-0.00026518
-0.000242239
-0.000220309
-0.000199423
-0.00017961
-0.0001609
-0.000143304
-0.00012685
-0.000111499
-9.73454e-05
-8.41483e-05
-7.23947e-05
-6.09183e-05
-5.21423e-05
-4.05341e-05
-3.78301e-05
-1.78374e-05
-3.68799e-05
2.98518e-05
-8.88204e-05
0.000209205
-0.000409051
0.089526
0.0894661
0.0892112
0.0881808
0.085306
0.0786223
0.0648487
0.0382285
-0.00541052
-0.0757314
-0.140748
-0.172259
-0.198373
-0.215097
-0.227746
-0.240572
-0.251545
-0.2528
-0.23409
-0.194402
-0.14218
-0.0881481
-0.0391426
-0.000211177
0.0249113
0.0310372
0.0125387
-0.0280709
-0.0718553
-0.0927676
-0.0843212
-0.0601381
-0.0351482
-0.0157307
-0.00207977
0.00757457
0.0139621
0.0157757
0.0140799
0.0113631
0.00547267
-0.00864307
-0.0362709
-0.0756609
-0.110804
-0.117375
-0.089088
-0.046373
-0.0121827
0.00838104
0.0193119
0.023943
0.0241711
0.0212373
0.0146546
0.00299305
-0.015441
-0.0416506
-0.0735043
-0.102743
-0.115958
-0.105726
-0.0784903
-0.0493042
-0.0278908
-0.0150896
-0.00793707
-0.00378527
-0.00119908
0.000476338
0.0014548
0.00162595
0.000765441
-0.0011706
-0.00398458
-0.00722349
-0.0101727
-0.0120911
-0.0126071
-0.0119193
-0.0105173
-0.00888627
-0.0073353
-0.00599774
-0.0049072
-0.00406028
-0.00344182
-0.0030273
-0.00278254
-0.00266928
-0.00265308
-0.002705
-0.00279894
-0.00290935
-0.00301099
-0.00308169
-0.00310545
-0.00307475
-0.00299114
-0.00286363
-0.00270532
-0.00253043
-0.00235185
-0.00217976
-0.00202119
-0.00188018
-0.00175819
-0.00165466
-0.00156767
-0.00149446
-0.00143193
-0.00137698
-0.00132682
-0.00127912
-0.00123207
-0.00118443
-0.00113552
-0.00108512
-0.00103342
-0.000980873
-0.00092809
-0.000875746
-0.000824482
-0.000774843
-0.000727239
-0.000681929
-0.000639034
-0.000598547
-0.000560368
-0.000524335
-0.000490248
-0.0004579
-0.000427096
-0.000397664
-0.000369467
-0.000342404
-0.00031641
-0.000291448
-0.000267509
-0.000244598
-0.000222734
-0.000201939
-0.000182234
-0.000163642
-0.000146168
-0.000129841
-0.000114616
-0.000100593
-8.75175e-05
-7.58959e-05
-6.44943e-05
-5.58348e-05
-4.40881e-05
-4.15362e-05
-2.06357e-05
-4.04975e-05
2.96699e-05
-9.34719e-05
0.000214327
-0.000417536
0.0849949
0.0846562
0.0834735
0.0811068
0.0764922
0.0678389
0.0526318
0.0264818
-0.0124786
-0.0694018
-0.123976
-0.155675
-0.18141
-0.199146
-0.212253
-0.223372
-0.230654
-0.228677
-0.210929
-0.177057
-0.133167
-0.0872729
-0.045094
-0.0111773
0.0112711
0.0185297
0.00723917
-0.0201886
-0.0506274
-0.0660886
-0.0611193
-0.0440389
-0.0249466
-0.00883597
0.00345215
0.0128786
0.0202886
0.0248007
0.0258685
0.0246432
0.0192516
0.00592583
-0.0198115
-0.0564873
-0.0883545
-0.0932799
-0.0676209
-0.0310592
-0.0024532
0.014972
0.0248735
0.0298655
0.0308849
0.0283834
0.0220148
0.0105622
-0.00764761
-0.0338198
-0.0656006
-0.0942025
-0.106359
-0.0959044
-0.0701727
-0.0436285
-0.0246212
-0.0133423
-0.0070025
-0.00329913
-0.000997863
0.000461322
0.00127608
0.00136268
0.000536606
-0.00124768
-0.00378193
-0.00659816
-0.00906335
-0.0106223
-0.0110656
-0.0105748
-0.00951679
-0.00824718
-0.0070002
-0.00588979
-0.00495678
-0.00420978
-0.00364356
-0.00324315
-0.00298507
-0.00284133
-0.00278525
-0.00279302
-0.00284221
-0.00291064
-0.00297649
-0.00302055
-0.00302877
-0.00299388
-0.00291604
-0.00280173
-0.00266094
-0.00250486
-0.00234393
-0.00218664
-0.00203917
-0.00190531
-0.00178679
-0.00168364
-0.00159467
-0.0015179
-0.00145096
-0.00139137
-0.00133682
-0.00128529
-0.00123519
-0.00118538
-0.00113515
-0.00108421
-0.00103259
-0.00098058
-0.000928632
-0.00087725
-0.000826936
-0.000778129
-0.000731171
-0.000686291
-0.000643606
-0.000603133
-0.00056481
-0.000528519
-0.000494105
-0.000461405
-0.000430257
-0.000400517
-0.000372065
-0.000344809
-0.000318686
-0.000293657
-0.000269703
-0.000246821
-0.00022502
-0.000204313
-0.000184712
-0.000166233
-0.000148879
-0.000132675
-0.000117574
-0.000103677
-9.07326e-05
-7.92232e-05
-6.79569e-05
-5.93209e-05
-4.77255e-05
-4.48392e-05
-2.43857e-05
-4.2539e-05
2.46444e-05
-9.01316e-05
0.000196761
-0.000383876
0.0806026
0.0800276
0.0780601
0.0746025
0.0686414
0.0586069
0.042616
0.0174203
-0.017627
-0.0649383
-0.111322
-0.142179
-0.16739
-0.185517
-0.198496
-0.208014
-0.212695
-0.20892
-0.192498
-0.163417
-0.1262
-0.0869599
-0.0504788
-0.0206944
-0.000519987
0.00742212
0.00116009
-0.017066
-0.0376324
-0.0483484
-0.0448461
-0.0321465
-0.0170605
-0.00342752
0.0077155
0.0167831
0.024562
0.0307802
0.0344762
0.0352073
0.0309877
0.0184278
-0.00554072
-0.038899
-0.0665052
-0.0695863
-0.0471968
-0.0173472
0.005695
0.0201131
0.0288616
0.0339418
0.0357434
0.0340367
0.0282969
0.0173799
-0.000235888
-0.0256621
-0.0564081
-0.0834849
-0.0942423
-0.0839814
-0.0606871
-0.037569
-0.0213323
-0.011683
-0.00618145
-0.00293513
-0.000929073
0.000306081
0.000952937
0.000968028
0.000225028
-0.00130555
-0.00344566
-0.00580228
-0.00786764
-0.00921638
-0.00969286
-0.00941812
-0.0086622
-0.00769184
-0.00669465
-0.00577383
-0.00497573
-0.00431735
-0.00380082
-0.00341834
-0.00315446
-0.00298896
-0.00290157
-0.0028731
-0.00288465
-0.00291726
-0.00295224
-0.00297304
-0.00296728
-0.00292793
-0.00285403
-0.00274995
-0.00262313
-0.00248228
-0.00233585
-0.00219095
-0.00205299
-0.00192549
-0.00181033
-0.00170793
-0.00161769
-0.00153824
-0.00146779
-0.0014044
-0.00134615
-0.00129136
-0.00123862
-0.00118686
-0.00113541
-0.00108389
-0.00103225
-0.000980633
-0.000929333
-0.000878723
-0.000829186
-0.00078107
-0.000734658
-0.000690149
-0.000647655
-0.00060721
-0.00056878
-0.000532282
-0.000497602
-0.000464609
-0.000433172
-0.00040317
-0.000374499
-0.000347075
-0.000320838
-0.000295746
-0.000271775
-0.000248916
-0.000227167
-0.000206534
-0.000187022
-0.000168643
-0.000151393
-0.000135295
-0.000120307
-0.000106515
-9.36956e-05
-8.22587e-05
-7.1165e-05
-6.24352e-05
-5.12453e-05
-4.75315e-05
-2.87758e-05
-4.28636e-05
1.55988e-05
-7.95565e-05
0.000160999
-0.00031616
0.0764429
0.0756728
0.0730557
0.0687299
0.0617491
0.0507863
0.0344498
0.0104085
-0.0213609
-0.061661
-0.101793
-0.13122
-0.15542
-0.173341
-0.186061
-0.194567
-0.197737
-0.193069
-0.177953
-0.152692
-0.120777
-0.086951
-0.0551994
-0.028894
-0.0105052
-0.00205861
-0.00463911
-0.0162002
-0.029711
-0.036584
-0.0334514
-0.0233832
-0.0110113
0.000753722
0.0109078
0.0195587
0.027293
0.0342249
0.039616
0.0421637
0.0394114
0.0277454
0.00519113
-0.0244331
-0.0467701
-0.047697
-0.0290976
-0.00585332
0.0121926
0.0239901
0.0315742
0.0364225
0.0387592
0.0379834
0.0331715
0.0230874
0.00628609
-0.0179643
-0.0469171
-0.0716728
-0.0807587
-0.0710768
-0.0509199
-0.0316367
-0.0182291
-0.0101606
-0.00546315
-0.00266
-0.000940622
8.67815e-05
0.00058553
0.000545239
-0.00011221
-0.00140096
-0.00317917
-0.00513768
-0.0068804
-0.00807514
-0.00858605
-0.00848181
-0.00795896
-0.00722128
-0.00642274
-0.00565698
-0.00497241
-0.00439108
-0.00392017
-0.00355719
-0.00329267
-0.00311256
-0.00300168
-0.00294465
-0.00292576
-0.00292892
-0.00293816
-0.00293916
-0.00292093
-0.00287677
-0.00280493
-0.00270813
-0.00259183
-0.00246282
-0.00232791
-0.00219309
-0.00206305
-0.00194107
-0.00182904
-0.00172768
-0.00163678
-0.00155543
-0.00148234
-0.00141596
-0.00135475
-0.00129727
-0.0012423
-0.00118886
-0.0011363
-0.00108421
-0.00103244
-0.00098104
-0.000930191
-0.000880153
-0.000831212
-0.000783643
-0.000737674
-0.000693478
-0.000651158
-0.000610756
-0.000572259
-0.000535611
-0.000500726
-0.000467503
-0.000435834
-0.000405619
-0.000376765
-0.000349199
-0.000322862
-0.000297711
-0.00027372
-0.000250873
-0.000229161
-0.000208586
-0.000189145
-0.000170846
-0.000153682
-0.00013767
-0.000122776
-0.00010906
-9.63509e-05
-8.49385e-05
-7.40365e-05
-6.50912e-05
-5.45112e-05
-4.95245e-05
-3.35042e-05
-4.15657e-05
3.60993e-06
-6.31298e-05
0.000112422
-0.00022438
0.072593
0.071665
0.0685214
0.063517
0.0557803
0.0442164
0.0278132
0.00494562
-0.0241002
-0.0592217
-0.0945103
-0.122316
-0.145457
-0.163
-0.175371
-0.18306
-0.185195
-0.180122
-0.166275
-0.144138
-0.116474
-0.087032
-0.0591422
-0.0356706
-0.0187388
-0.00989862
-0.00972269
-0.01641
-0.024729
-0.0285835
-0.0253669
-0.0169207
-0.0064179
0.0039334
0.013231
0.0214362
0.0289279
0.0359031
0.0419287
0.0455158
0.0438884
0.0334936
0.013101
-0.011901
-0.0287855
-0.0283362
-0.0141156
0.00323177
0.0171792
0.0268239
0.0333171
0.0376892
0.0401747
0.0401191
0.0363098
0.0272644
0.0114477
-0.0114455
-0.0381131
-0.0598658
-0.0670573
-0.0583067
-0.0416995
-0.0262466
-0.0154543
-0.0088038
-0.00483647
-0.00244623
-0.000994125
-0.000152399
0.000224188
0.000143908
-0.000441065
-0.00153437
-0.00302276
-0.0046642
-0.00614874
-0.00721141
-0.00773184
-0.00774437
-0.00739076
-0.00682862
-0.00618527
-0.00554455
-0.0049542
-0.00443875
-0.00400865
-0.00366527
-0.00340356
-0.00321421
-0.00308607
-0.00300704
-0.00296414
-0.00294369
-0.00293195
-0.00291645
-0.00288734
-0.00283829
-0.00276705
-0.00267513
-0.00256648
-0.00244641
-0.00232045
-0.00219364
-0.00207009
-0.00195278
-0.00184358
-0.00174339
-0.00165227
-0.00156967
-0.00149465
-0.00142602
-0.00136249
-0.00130287
-0.00124607
-0.00119122
-0.00113768
-0.00108502
-0.00103305
-0.00098174
-0.000931177
-0.000881537
-0.000833033
-0.000785875
-0.000740252
-0.000696306
-0.000654135
-0.000613782
-0.000575248
-0.000538496
-0.000503461
-0.000470064
-0.000438217
-0.000407832
-0.000378832
-0.000351148
-0.000324725
-0.000299522
-0.000275507
-0.000252662
-0.000230975
-0.00021044
-0.000191051
-0.000172811
-0.000155713
-0.000139765
-0.000124941
-0.000111272
-9.86524e-05
-8.72151e-05
-7.65073e-05
-6.72355e-05
-5.74072e-05
-5.07911e-05
-3.82613e-05
-3.88596e-05
-1.0122e-05
-4.25637e-05
5.65017e-05
-0.000118664
0.0691151
0.0680621
0.0645005
0.0589767
0.0506922
0.0387614
0.02246
0.000692384
-0.0261109
-0.0573627
-0.0889157
-0.115128
-0.137183
-0.15418
-0.166144
-0.173244
-0.174787
-0.169659
-0.156977
-0.137358
-0.113069
-0.0871422
-0.0623763
-0.0412036
-0.0254259
-0.016269
-0.0140178
-0.0171296
-0.0216673
-0.0231959
-0.0196677
-0.0121846
-0.00295883
0.00632591
0.0148915
0.0226381
0.0298134
0.0365497
0.0425684
0.0465087
0.0456912
0.0370345
0.0200995
0.000185453
-0.0126983
-0.0126473
-0.00267596
0.0100593
0.0209094
0.0288344
0.0343513
0.0381364
0.040439
0.0407265
0.0377092
0.029706
0.0150989
-0.00611243
-0.030035
-0.04841
-0.0538546
-0.0466042
-0.033655
-0.0216536
-0.0130789
-0.00762432
-0.00429351
-0.00227532
-0.00106406
-0.000383636
-0.0001062
-0.000214889
-0.000740209
-0.00168077
-0.00294537
-0.00434151
-0.0056219
-0.00657117
-0.0070829
-0.0071708
-0.0069372
-0.00650557
-0.00598193
-0.00544069
-0.00492734
-0.00446721
-0.0040727
-0.00374788
-0.00349098
-0.0032963
-0.00315587
-0.00306024
-0.00299871
-0.00295963
-0.00293109
-0.00290207
-0.00286369
-0.00280997
-0.00273838
-0.00264954
-0.00254632
-0.00243287
-0.00231374
-0.00219321
-0.00207487
-0.00196143
-0.00185471
-0.0017557
-0.00166465
-0.00158128
-0.0015049
-0.00143459
-0.0013693
-0.001308
-0.00124974
-0.00119372
-0.00113933
-0.00108615
-0.00103394
-0.000982623
-0.000932218
-0.000882841
-0.000834642
-0.000787786
-0.000742424
-0.000698677
-0.00065663
-0.000616328
-0.00057778
-0.000540959
-0.000505819
-0.000472295
-0.000440312
-0.000409798
-0.000380682
-0.000352903
-0.000326408
-0.000301156
-0.000277117
-0.000254268
-0.000232593
-0.000212083
-0.000192731
-0.000174533
-0.000157481
-0.000141576
-0.000126803
-0.000113156
-0.000100604
-8.91015e-05
-7.85813e-05
-6.89013e-05
-5.99052e-05
-5.14294e-05
-4.28334e-05
-3.51446e-05
-2.45102e-05
-1.97656e-05
-1.86812e-06
-8.30577e-06
0.0660588
0.0649089
0.061022
0.0551085
0.0464361
0.034298
0.0181861
-0.00260769
-0.0275912
-0.0559393
-0.0846174
-0.109379
-0.130436
-0.146885
-0.15847
-0.165129
-0.166299
-0.161258
-0.149585
-0.131982
-0.11036
-0.087222
-0.064943
-0.0455991
-0.0307364
-0.021343
-0.0175467
-0.0180418
-0.0198108
-0.0195542
-0.0156465
-0.00873477
-0.000387267
0.00809592
0.0160525
0.0233618
0.0301958
0.0366342
0.0424165
0.0463688
0.0461976
0.0394418
0.0259737
0.0101492
-0.000386669
-0.00131431
0.00553682
0.0150692
0.0236715
0.0302257
0.0348884
0.0380967
0.0400622
0.040399
0.0379052
0.030863
0.0177164
-0.00124752
-0.0220168
-0.0373857
-0.0419897
-0.0367893
-0.0271555
-0.0179463
-0.0111145
-0.00662269
-0.00382897
-0.00213508
-0.00113391
-0.000590401
-0.00039294
-0.000522046
-0.000999283
-0.00182186
-0.00291551
-0.0041239
-0.00524518
-0.00610039
-0.00659447
-0.00672918
-0.00657947
-0.0062438
-0.00581137
-0.00534815
-0.0048967
-0.00448212
-0.0041179
-0.00380988
-0.00355873
-0.00336139
-0.0032124
-0.00310448
-0.00302876
-0.00297523
-0.00293344
-0.00289355
-0.00284745
-0.00278952
-0.00271703
-0.00263002
-0.00253055
-0.00242193
-0.00230794
-0.00219224
-0.002078
-0.00196771
-0.00186309
-0.00176519
-0.00167438
-0.00159057
-0.00151327
-0.00144174
-0.00137513
-0.00131254
-0.00125313
-0.00119616
-0.00114107
-0.00108743
-0.00103497
-0.000983585
-0.000933253
-0.000884036
-0.000836043
-0.0007894
-0.000744228
-0.000700632
-0.000658685
-0.00061843
-0.000579879
-0.000543016
-0.000507803
-0.000474187
-0.000442105
-0.000411493
-0.000382288
-0.000354433
-0.000327879
-0.000302585
-0.000278521
-0.000255662
-0.000233991
-0.000213495
-0.000194165
-0.000175993
-0.000158972
-0.000143091
-0.000128352
-0.000114704
-0.000102201
-9.06023e-05
-8.02526e-05
-7.01159e-05
-6.19663e-05
-5.15387e-05
-4.6996e-05
-3.08217e-05
-3.85244e-05
3.47381e-06
-5.84995e-05
9.88638e-05
0.0634624
0.0622392
0.0581055
0.0519064
0.0429667
0.0307255
0.0148352
-0.00513522
-0.0286723
-0.0548493
-0.0813402
-0.104858
-0.125037
-0.140958
-0.152186
-0.158512
-0.159474
-0.154611
-0.143798
-0.127786
-0.108237
-0.0872729
-0.0669379
-0.0490236
-0.0348708
-0.025301
-0.0203651
-0.0189618
-0.0187347
-0.0171229
-0.0128389
-0.00625015
0.00149974
0.00938682
0.0168498
0.0237685
0.0302712
0.0364152
0.0419265
0.0457696
0.0460026
0.0406397
0.029686
0.0167759
0.00791382
0.00645593
0.01133
0.0187109
0.0256885
0.0311618
0.0350998
0.0377978
0.0394223
0.0396777
0.037514
0.0313379
0.0197579
0.00320143
-0.0147016
-0.0280102
-0.0326267
-0.0293467
-0.0222423
-0.0150732
-0.0095361
-0.00579464
-0.00344074
-0.00201981
-0.00119557
-0.000765063
-0.000630958
-0.000774711
-0.00121381
-0.00194628
-0.00291096
-0.00397767
-0.00497709
-0.00575668
-0.00623095
-0.00639406
-0.00630241
-0.00603638
-0.00567233
-0.00526909
-0.00486627
-0.00448824
-0.00414893
-0.00385542
-0.00361006
-0.00341179
-0.00325704
-0.00314019
-0.00305387
-0.00298935
-0.00293733
-0.0028889
-0.00283658
-0.00277502
-0.00270143
-0.00261543
-0.00251851
-0.00241334
-0.00230313
-0.00219108
-0.00208
-0.0019722
-0.00186931
-0.00177238
-0.00168188
-0.00159784
-0.00151993
-0.00144754
-0.00137996
-0.0013164
-0.00125611
-0.0011984
-0.00114273
-0.00108869
-0.00103601
-0.000984531
-0.000934215
-0.000885089
-0.000837229
-0.000790731
-0.000745697
-0.000702212
-0.000660342
-0.000620128
-0.000581583
-0.000544695
-0.000509433
-0.000475753
-0.0004436
-0.000412915
-0.000383643
-0.000355729
-0.000329127
-0.000303799
-0.000279712
-0.000256842
-0.000235169
-0.00021468
-0.000195362
-0.000177205
-0.000160203
-0.000144335
-0.000129617
-0.000115955
-0.000103485
-9.17771e-05
-8.15789e-05
-7.09818e-05
-6.36397e-05
-5.13185e-05
-5.06575e-05
-2.64017e-05
-5.14015e-05
2.54308e-05
-0.000110134
0.000196488
0.0613549
0.0600779
0.0557629
0.0493609
0.0402428
0.0279615
0.0122853
-0.0070239
-0.0294489
-0.0540328
-0.0788987
-0.10141
-0.120868
-0.136339
-0.147274
-0.153362
-0.15421
-0.149532
-0.139402
-0.124601
-0.106616
-0.0872936
-0.0684294
-0.0515958
-0.0379812
-0.0282877
-0.0225326
-0.0197765
-0.0181167
-0.0155186
-0.0109106
-0.00449996
0.0028476
0.0103014
0.0173807
0.0239751
0.0301887
0.0360681
0.0413366
0.0450459
0.0455007
0.0410487
0.0318158
0.0209343
0.0132671
0.0116941
0.0153565
0.0213072
0.0271274
0.0317739
0.0351248
0.0373978
0.0387353
0.0388836
0.0369183
0.0313963
0.0210907
0.00644011
-0.00935353
-0.0212866
-0.0260201
-0.0240683
-0.0186737
-0.0129133
-0.00830971
-0.00513676
-0.00312951
-0.00192787
-0.00124569
-0.000904535
-0.000818994
-0.000973213
-0.00138326
-0.00204892
-0.00291875
-0.00388121
-0.00478986
-0.00551113
-0.00596654
-0.00614613
-0.00609379
-0.00587718
-0.00556308
-0.00520466
-0.00483884
-0.00448911
-0.00416952
-0.00388791
-0.00364781
-0.00344959
-0.00329108
-0.00316795
-0.00307393
-0.0030013
-0.00294162
-0.0028867
-0.00282954
-0.00276503
-0.00269033
-0.00260482
-0.00250956
-0.00240681
-0.00229932
-0.00218993
-0.00208123
-0.00197533
-0.00187379
-0.00177767
-0.00168749
-0.00160336
-0.00152505
-0.00145207
-0.0013838
-0.00131954
-0.00125858
-0.00120031
-0.0011442
-0.00108984
-0.00103695
-0.000985377
-0.000935048
-0.000885968
-0.000838189
-0.000791788
-0.000746847
-0.000703442
-0.00066163
-0.000621449
-0.000582911
-0.000546008
-0.000510715
-0.000476991
-0.000444787
-0.000414051
-0.000384728
-0.00035677
-0.000330132
-0.000304775
-0.000280667
-0.000257785
-0.000236107
-0.000215619
-0.000196306
-0.000178156
-0.000161164
-0.0001453
-0.000130591
-0.000116907
-0.000104458
-9.26391e-05
-8.25647e-05
-7.15393e-05
-6.49072e-05
-5.08822e-05
-5.36567e-05
-2.22547e-05
-6.2404e-05
4.47497e-05
-0.000154148
0.000279777
0.0597573
0.0584431
0.0540017
0.0474621
0.0382303
0.0259423
0.0104464
-0.0083669
-0.0299835
-0.0534476
-0.0771623
-0.0989154
-0.117822
-0.132937
-0.143639
-0.149556
-0.150344
-0.145833
-0.13622
-0.122299
-0.105438
-0.0872958
-0.0694888
-0.0534326
-0.040203
-0.0304252
-0.0241047
-0.0204231
-0.0177828
-0.0144935
-0.00963235
-0.00331404
0.00377138
0.0109231
0.0177201
0.024065
0.0300502
0.035718
0.0407938
0.0443892
0.0449734
0.0411276
0.0330485
0.023532
0.0167495
0.0151416
0.0180631
0.0230826
0.0281081
0.032156
0.0350639
0.0370091
0.0381252
0.0381808
0.0363308
0.0312374
0.021782
0.00841415
-0.00594495
-0.0169148
-0.0216404
-0.0205004
-0.016198
-0.0113709
-0.00741193
-0.0046472
-0.00289622
-0.00185899
-0.00128333
-0.00100842
-0.000957986
-0.0011192
-0.0015081
-0.00212642
-0.00292967
-0.00381896
-0.00466339
-0.00534224
-0.00578243
-0.00597131
-0.00594478
-0.00576186
-0.0054826
-0.00515598
-0.00481678
-0.00448768
-0.00418268
-0.00391009
-0.00367423
-0.00347646
-0.0033156
-0.00318822
-0.00308886
-0.00301053
-0.00294541
-0.00288583
-0.00282513
-0.00275839
-0.00268277
-0.00259746
-0.00250327
-0.00240213
-0.00229651
-0.002189
-0.00208198
-0.00197744
-0.0018769
-0.0017814
-0.00169148
-0.00160733
-0.00152877
-0.0014554
-0.00138666
-0.0013219
-0.00126048
-0.00120181
-0.00114537
-0.00109076
-0.00103772
-0.000986065
-0.000935712
-0.000886653
-0.000838922
-0.000792582
-0.000747703
-0.000704352
-0.000662581
-0.000622424
-0.000583894
-0.000546984
-0.00051167
-0.000477918
-0.00044568
-0.000414908
-0.000385551
-0.000357561
-0.000330896
-0.000305518
-0.000281396
-0.000258504
-0.000236821
-0.000216331
-0.000197021
-0.000178874
-0.000161888
-0.000146024
-0.00013132
-0.000117616
-0.00010518
-9.32672e-05
-8.32924e-05
-7.1914e-05
-6.58619e-05
-5.04495e-05
-5.60133e-05
-1.88424e-05
-7.11543e-05
6.0201e-05
-0.000188818
0.000345115
0.0586847
0.057347
0.0528258
0.0462017
0.0369034
0.0246213
0.00925414
-0.00922942
-0.0303193
-0.0530703
-0.0760479
-0.0972959
-0.115831
-0.130704
-0.141249
-0.147061
-0.147823
-0.143433
-0.134161
-0.120809
-0.104673
-0.087291
-0.0701661
-0.0546121
-0.0416308
-0.0318019
-0.0251278
-0.0208692
-0.017617
-0.0138887
-0.00885524
-0.00258118
0.00434659
0.011307
0.0179187
0.0240951
0.0299241
0.0354465
0.04039
0.0439056
0.0445655
0.0410936
0.0337267
0.0250539
0.0188227
0.0172333
0.0197327
0.0241924
0.0287189
0.0323761
0.0349872
0.0367105
0.0376762
0.0376659
0.0358781
0.0310401
0.0221075
0.00953637
-0.00393268
-0.0142936
-0.0189692
-0.018286
-0.0146303
-0.010375
-0.00682354
-0.00432399
-0.00274239
-0.00181453
-0.00130945
-0.00107796
-0.00105009
-0.00121552
-0.00159067
-0.00217873
-0.00293961
-0.00378231
-0.00458552
-0.00523659
-0.00566592
-0.00585951
-0.0058485
-0.00568655
-0.0054294
-0.00512323
-0.00480133
-0.00448575
-0.00419044
-0.00392392
-0.00369105
-0.00349377
-0.00333155
-0.00320154
-0.00309882
-0.00301685
-0.00294824
-0.00288562
-0.00282259
-0.00275435
-0.00267805
-0.0025928
-0.00249924
-0.00239909
-0.00229464
-0.00218832
-0.00208237
-0.00197873
-0.00187885
-0.00178377
-0.00169405
-0.0016099
-0.00153121
-0.0014576
-0.00138856
-0.00132349
-0.00126177
-0.00120283
-0.00114617
-0.00109141
-0.00103826
-0.000986541
-0.000936166
-0.000887114
-0.000839409
-0.000793105
-0.000748264
-0.000704947
-0.000663202
-0.000623061
-0.000584536
-0.000547622
-0.000512297
-0.000478527
-0.000446268
-0.000415473
-0.000386094
-0.000358083
-0.0003314
-0.000306008
-0.000281874
-0.000258974
-0.000237287
-0.000216795
-0.000197484
-0.000179338
-0.000162353
-0.000146486
-0.000131783
-0.000118061
-0.000105631
-9.3648e-05
-8.37387e-05
-7.21053e-05
-6.64552e-05
-5.00592e-05
-5.75708e-05
-1.63612e-05
-7.7129e-05
7.10149e-05
-0.000212595
0.000390068
0.0581459
0.0567973
0.0522372
0.045573
0.0362443
0.0239683
0.00866816
-0.0096507
-0.0304806
-0.0528844
-0.0755023
-0.0964977
-0.114847
-0.129595
-0.14006
-0.14582
-0.146571
-0.142245
-0.133145
-0.120076
-0.104296
-0.0872879
-0.0704978
-0.0551895
-0.0423289
-0.0324745
-0.0256289
-0.0210923
-0.0175458
-0.0136049
-0.00848548
-0.00222994
0.00462259
0.011489
0.0180076
0.0240979
0.029847
0.0352959
0.0401738
0.0436507
0.0443478
0.0410562
0.0340308
0.0257624
0.0198013
0.0182256
0.0205306
0.0247252
0.0290098
0.0324736
0.0349352
0.0365461
0.0374364
0.0373933
0.0356353
0.0309203
0.0222409
0.0100552
-0.00298521
-0.0130535
-0.0176972
-0.0172232
-0.0138706
-0.00988769
-0.00653372
-0.00416451
-0.00266703
-0.0017937
-0.00132373
-0.00111361
-0.00109653
-0.00126357
-0.0016315
-0.00220441
-0.00294441
-0.00376432
-0.00454744
-0.00518497
-0.00560897
-0.0058048
-0.00580133
-0.00564962
-0.0054033
-0.00510718
-0.0047938
-0.00448488
-0.00419433
-0.0039308
-0.00369938
-0.00350233
-0.00333942
-0.0032081
-0.00310371
-0.00301994
-0.0029496
-0.0028855
-0.00282133
-0.00275235
-0.00267574
-0.00259052
-0.00249727
-0.00239762
-0.00229375
-0.00218801
-0.0020826
-0.00197939
-0.00187984
-0.00178495
-0.00169533
-0.00161118
-0.00153241
-0.00145868
-0.0013895
-0.00132427
-0.00126241
-0.00120334
-0.00114658
-0.00109174
-0.00103853
-0.000986785
-0.000936401
-0.000887353
-0.000839662
-0.000793375
-0.000748553
-0.000705252
-0.00066352
-0.000623386
-0.000584864
-0.000547948
-0.000512618
-0.000478838
-0.000446569
-0.000415763
-0.000386373
-0.000358354
-0.000331662
-0.000306263
-0.000282125
-0.000259222
-0.000237534
-0.000217042
-0.000197732
-0.000179587
-0.000162605
-0.000146738
-0.000132038
-0.000118309
-0.000105886
-9.38698e-05
-8.4002e-05
-7.22422e-05
-6.68161e-05
-4.99141e-05
-5.8466e-05
-1.51442e-05
-8.03593e-05
7.65629e-05
-0.000225116
0.000413156
-0.505994
-0.27388
-0.162076
-0.505993
-0.27388
-0.378646
-0.38495
-0.479032
-0.378646
-0.38495
0.11309
0.411242
0.300424
0.327952
0.11309
0.411242
0.300424
-0.133491
-0.373074
-0.373074
-0.356443
-0.355976
-0.3543
-0.363472
-0.356443
-0.355976
-0.3543
0.488799
0.428732
0.488799
-0.350152
-0.342977
-0.350152
-0.342978
0.432033
0.489267
0.432033
-0.340674
-0.336262
-0.340674
-0.336262
0.310765
0.334112
0.126073
0.415829
0.310765
0.334112
0.126073
-0.115402
-0.115402
-0.351499
-0.351499
-0.335663
-0.341715
-0.333454
-0.336325
-0.335663
-0.341715
-0.333454
-0.145229
-0.479497
-0.253932
-0.145229
-0.479497
-0.362546
-0.452068
-0.356896
-0.362546
-0.452067
-0.356896
-0.319849
-0.18902
-0.391364
-0.141503
-0.319849
-0.18902
-0.391364
-0.355283
-0.45636
-0.372497
-0.375081
-0.355283
-0.456359
-0.372498
0.0926114
0.258728
0.0967387
0.187019
0.0926115
0.258728
0.0967387
-0.46214
-0.479914
-0.449388
-0.503859
-0.450256
-0.504173
-0.461931
-0.354913
-0.365044
-0.361065
-0.360638
-0.354913
-0.365044
-0.361065
-0.126047
-0.357761
-0.363884
-0.356938
-0.366091
-0.357015
-0.366069
-0.357717
-0.346843
-0.352127
-0.352036
-0.346936
-0.335808
-0.337462
-0.337395
-0.335867
-0.33702
-0.335365
-0.335668
-0.339553
-0.335627
-0.340286
-0.336919
0.109512
0.195209
0.10431
0.265961
0.109512
0.195209
0.104311
-0.381462
-0.251595
-0.167451
-0.169742
-0.38458
-0.335353
-0.339294
-0.327177
-0.342672
-0.335353
-0.339294
-0.327177
-0.368515
-0.126024
-0.29867
-0.171762
-0.368516
-0.126024
-0.29867
-0.349421
-0.351452
-0.331504
-0.43046
-0.349421
-0.351452
-0.331505
-0.402289
-0.507664
-0.390328
-0.529081
-0.391364
-0.530333
-0.401473
-0.405161
-0.271512
-0.185841
-0.188186
-0.408364
-0.402291
-0.507664
-0.39033
-0.529081
-0.391366
-0.530332
-0.401475
-0.40516
-0.271512
-0.185841
-0.188186
-0.408363
-0.399926
-0.384967
-0.382355
-0.382544
-0.400121
-0.46214
-0.479914
-0.449388
-0.503859
-0.450256
-0.504173
-0.46193
-0.399927
-0.384967
-0.382355
-0.382544
-0.400121
0.32162
0.111729
0.253985
0.0973179
0.253265
0.0954422
0.323305
0.369687
0.319817
0.192038
0.430122
0.162594
0.434231
0.372337
0.321619
0.111729
0.253985
0.0973181
0.253265
0.0954425
0.323305
0.369687
0.319817
0.192038
0.430122
0.162594
0.434231
0.372337
-0.126047
-0.373092
-0.373092
-0.356268
-0.354317
-0.361448
-0.351361
-0.362772
-0.35129
-0.356013
-0.357761
-0.363884
-0.356938
-0.366091
-0.357015
-0.366069
-0.357717
-0.356268
-0.354317
-0.361448
-0.351361
-0.362772
-0.35129
-0.356013
0.528464
0.45986
0.463044
0.526387
0.56774
0.589297
0.590403
0.566313
0.528464
0.45986
0.463044
0.526387
0.56774
0.589297
0.590403
0.566313
-0.343394
-0.340083
-0.34001
-0.343476
-0.346843
-0.352127
-0.352036
-0.346936
-0.343394
-0.340083
-0.34001
-0.343476
0.570368
0.590189
0.591288
0.568965
0.532695
0.46587
0.468988
0.530664
0.570368
0.590189
0.591288
0.568965
0.532695
0.46587
0.468989
0.530664
-0.335096
-0.33615
-0.336099
-0.335143
-0.335808
-0.337462
-0.337395
-0.335867
-0.335096
-0.33615
-0.336099
-0.335143
0.377166
0.329802
0.436741
0.203881
0.440767
0.17506
0.379758
0.329824
0.124678
0.11064
0.263189
0.108813
0.262497
0.331456
0.377166
0.329802
0.436741
0.203881
0.440767
0.17506
0.379758
0.329824
0.124679
0.11064
0.263189
0.108814
0.262498
0.331456
-0.108113
-0.108113
-0.351468
-0.351468
-0.337488
-0.341949
-0.343017
-0.33673
-0.342989
-0.336774
-0.337488
-0.337021
-0.335365
-0.335669
-0.339553
-0.335627
-0.340286
-0.336919
-0.337488
-0.341949
-0.343017
-0.33673
-0.342989
-0.336774
-0.337488
-0.37812
-0.481103
-0.501778
-0.366836
-0.50299
-0.367838
-0.377312
-0.381461
-0.251595
-0.167451
-0.169742
-0.38458
-0.378122
-0.481103
-0.501778
-0.366838
-0.50299
-0.36784
-0.377314
-0.376897
-0.362548
-0.360543
-0.360685
-0.377119
-0.436675
-0.452906
-0.47636
-0.42446
-0.476648
-0.425278
-0.436495
-0.376897
-0.362548
-0.360543
-0.360685
-0.377119
-0.436676
-0.452905
-0.476359
-0.424461
-0.476647
-0.425278
-0.436496
-0.403001
-0.163003
-0.354459
-0.181352
-0.354349
-0.18352
-0.403918
0.324829
0.301226
0.368366
0.273439
0.324829
0.301226
0.368366
-0.373288
-0.362812
-0.375559
-0.367779
-0.373288
-0.362812
-0.375559
0.401718
0.33034
0.419629
0.319584
0.401718
0.33034
0.419629
0.530279
0.429995
0.503839
0.464794
0.505341
0.465895
0.529024
-0.360502
-0.348268
-0.35553
-0.354196
-0.360502
-0.348268
-0.35553
0.420273
0.321105
0.4036
0.330832
0.420273
0.321105
0.4036
0.554884
0.49037
0.563668
0.481217
0.564844
0.482351
0.553684
-0.348038
-0.338698
-0.338463
-0.342102
-0.348039
-0.338698
-0.338463
0.371484
0.276794
0.329028
0.30364
0.371484
0.276794
0.329028
-0.338742
-0.333717
-0.325941
-0.335816
-0.338742
-0.333717
-0.325941
-0.34281
-0.338938
-0.344052
-0.338964
-0.34418
-0.334753
-0.334682
-0.403
-0.163003
-0.354459
-0.181352
-0.354349
-0.183521
-0.403918
-0.402948
-0.378959
-0.393068
-0.390721
-0.393556
-0.390868
-0.402942
-0.402948
-0.378959
-0.393068
-0.390721
-0.393556
-0.390869
-0.402941
0.553337
0.489903
0.47977
0.563142
0.480909
0.564319
0.552134
0.530279
0.429995
0.503839
0.464794
0.505341
0.465895
0.529024
0.553337
0.489903
0.47977
0.563142
0.480909
0.564319
0.552134
-0.346045
-0.350081
-0.348741
-0.347994
-0.348599
-0.347934
-0.346158
-0.343186
-0.342922
-0.345194
-0.340726
-0.345135
-0.340658
-0.343269
-0.346045
-0.350081
-0.348741
-0.347994
-0.348599
-0.347934
-0.346158
-0.343186
-0.342921
-0.345194
-0.340726
-0.345134
-0.340658
-0.343269
0.532829
0.433284
0.467107
0.507295
0.4682
0.508789
0.531578
0.554884
0.49037
0.563668
0.481217
0.564844
0.482351
0.553684
0.53283
0.433285
0.467107
0.507295
0.4682
0.50879
0.531578
-0.336842
-0.340623
-0.338484
-0.338833
-0.338423
-0.338787
-0.336904
-0.335803
-0.336225
-0.33775
-0.335071
-0.337711
-0.334998
-0.335877
-0.336842
-0.340623
-0.338484
-0.338833
-0.338423
-0.338787
-0.336904
-0.335803
-0.336225
-0.33775
-0.335071
-0.337711
-0.334998
-0.335877
-0.379512
-0.146124
-0.163675
-0.332829
-0.165778
-0.332709
-0.380403
-0.379511
-0.146124
-0.163675
-0.332829
-0.165778
-0.332708
-0.380403
-0.379751
-0.357179
-0.368206
-0.370147
-0.368334
-0.3706
-0.379773
-0.379751
-0.357179
-0.368206
-0.370147
-0.368334
-0.3706
-0.379773
0.0912777
0.0798863
0.202032
0.0755554
0.201276
0.146007
0.146587
0.0912778
0.0798863
0.202032
0.0755554
0.201276
0.146007
0.146587
-0.36525
-0.365993
-0.360036
-0.366204
-0.360092
-0.355193
-0.355086
-0.36525
-0.365993
-0.360036
-0.366204
-0.360092
-0.355193
-0.355086
0.104144
0.212
0.0928055
0.211267
0.0885592
0.156603
0.157165
0.104144
0.212
0.0928056
0.211267
0.0885594
0.156604
0.157165
-0.34281
-0.338938
-0.344052
-0.338964
-0.34418
-0.334753
-0.334682
0.048786
0.142903
0.0658729
0.0953041
0.048786
0.142903
0.0658729
-0.336082
-0.350912
-0.377248
-0.340395
-0.336082
-0.350912
-0.377248
0.246374
0.248171
0.280539
0.210612
0.246374
0.248171
0.280539
-0.379507
-0.374963
-0.391086
-0.374088
-0.379507
-0.374963
-0.391086
0.285621
0.215425
0.252237
0.2523
0.285621
0.215425
0.252237
-0.33136
-0.328338
-0.31462
-0.331465
-0.33136
-0.328338
-0.31462
0.0775845
0.104512
0.0605847
0.151816
0.0775845
0.104512
0.0605847
-0.345612
-0.314734
-0.301113
-0.328577
-0.345612
-0.314734
-0.301113
)
;

boundaryField
{
    inlet
    {
        type            zeroGradient;
    }
    outlet
    {
        type            fixedValue;
        value           uniform 0;
    }
    top
    {
        type            symmetryPlane;
    }
    bottom
    {
        type            symmetryPlane;
    }
    front
    {
        type            symmetryPlane;
    }
    back
    {
        type            symmetryPlane;
    }
    cylinder
    {
        type            zeroGradient;
    }
}


// ************************************************************************* //
