/*--------------------------------*- C++ -*----------------------------------*\
  =========                 |
  \\      /  F ield         | OpenFOAM: The Open Source CFD Toolbox
   \\    /   O peration     | Website:  https://openfoam.org
    \\  /    A nd           | Version:  11
     \\/     M anipulation  |
\*---------------------------------------------------------------------------*/
FoamFile
{
    format      ascii;
    class       volScalarField;
    location    "19.367789";
    object      p;
}
// * * * * * * * * * * * * * * * * * * * * * * * * * * * * * * * * * * * * * //

dimensions      [0 2 -2 0 0 0 0];

internalField   nonuniform List<scalar> 
7132
(
0.0842858
0.083166
0.0794153
0.0739698
0.0664112
0.0566043
0.0446289
0.0306956
0.0154907
0.000116278
-0.0140788
-0.0254079
-0.033348
-0.0377102
-0.0387342
-0.036924
-0.0325339
-0.0259153
-0.0177601
-0.0089095
-0.000114624
0.00812016
0.0155261
0.0219393
0.0271603
0.0308433
0.0326645
0.0327029
0.0317223
0.0308228
0.0307428
0.0315241
0.0327668
0.034051
0.0351602
0.0361233
0.0370897
0.038167
0.0391703
0.0394854
0.0384015
0.0358431
0.0327634
0.0305199
0.0298518
0.0304872
0.0316282
0.0325943
0.0331076
0.0332648
0.0333547
0.0336326
0.0339967
0.0338301
0.0323668
0.0295038
0.0262421
0.0240502
0.0237155
0.0248868
0.0265507
0.0278415
0.0284218
0.0284225
0.0282052
0.0280871
0.0280183
0.0274764
0.0258285
0.0230357
0.0200066
0.0180643
0.0179595
0.0193935
0.0213611
0.0229175
0.0236469
0.0236558
0.0233172
0.0229523
0.0225301
0.0216361
0.019835
0.017221
0.0146092
0.0130625
0.0131553
0.0146243
0.0166124
0.0182513
0.0190906
0.0191643
0.0187897
0.0182541
0.0175492
0.0163855
0.0145247
0.012179
0.010064
0.00897837
0.00928249
0.0106992
0.0125269
0.0140589
0.0148937
0.0150057
0.0146139
0.0139383
0.0130018
0.0116622
0.00986357
0.00788692
0.00631544
0.00569578
0.00619748
0.00752663
0.0091176
0.010431
0.0111535
0.0112382
0.0108145
0.0100309
0.00894438
0.00755596
0.00596099
0.00446051
0.00347909
0.0033282
0.00401953
0.00525739
0.00660069
0.00766073
0.00821697
0.00822811
0.00776803
0.00693826
0.00582536
0.00453178
0.00324151
0.00223275
0.00177888
0.00200677
0.00281679
0.00393015
0.0050051
0.00578019
0.00609357
0.00594668
0.00533647
0.00442343
0.00315998
0.00192123
0.000521668
-0.000201225
-0.00100143
-0.000518752
-0.000643117
0.000340514
0.000868758
-0.000787126
0.0847294
0.083617
0.0798937
0.0744714
0.0669206
0.0570797
0.0450062
0.0308795
0.0153962
-0.000316567
-0.0148223
-0.0262935
-0.0342538
-0.0385445
-0.0394698
-0.0375921
-0.0331349
-0.0264056
-0.0180997
-0.0090839
-0.000133677
0.00823424
0.0157478
0.0222404
0.0275107
0.031196
0.0329484
0.0328427
0.031686
0.0306497
0.0305105
0.0312985
0.0325788
0.0339083
0.0350616
0.0360667
0.0370717
0.0381858
0.0392212
0.0395411
0.0384015
0.0357212
0.0325009
0.0301733
0.0294965
0.0301916
0.0314116
0.0324471
0.0330121
0.0332051
0.0333174
0.0336091
0.0339769
0.0337883
0.0322556
0.0292759
0.0258905
0.0236288
0.0233069
0.0245599
0.0263284
0.0277102
0.028354
0.028391
0.0281887
0.0280717
0.0279868
0.0273988
0.0256646
0.0227585
0.0196277
0.0176375
0.0175551
0.0190708
0.0211458
0.0228026
0.0236052
0.0236552
0.023331
0.0229618
0.0225132
0.0215596
0.0196634
0.016941
0.0142468
0.0126751
0.0128037
0.0143533
0.0164391
0.0181698
0.0190793
0.0191947
0.0188342
0.0182892
0.0175479
0.016316
0.0143611
0.0119199
0.00974223
0.00864973
0.00900062
0.0104988
0.0124165
0.0140282
0.0149224
0.0150692
0.0146865
0.0139941
0.0130123
0.0115998
0.00971323
0.00765785
0.0060438
0.00543196
0.00598643
0.00739475
0.00906788
0.0104499
0.0112198
0.0113285
0.0109046
0.0100956
0.00895787
0.00749808
0.00582678
0.00426685
0.00326214
0.0031309
0.00387673
0.00518684
0.00660075
0.00771633
0.00830696
0.00833002
0.0078594
0.00699697
0.00583145
0.00447377
0.00312289
0.00207437
0.0016137
0.00186912
0.00273178
0.0039076
0.00503983
0.0058571
0.00619333
0.00604936
0.00542272
0.00447533
0.003163
0.00187119
0.000423956
-0.00032048
-0.00112529
-0.000599351
-0.000702478
0.000370209
0.000898141
-0.00072647
0.0856133
0.084517
0.0808505
0.0754791
0.0679494
0.0580463
0.0457806
0.031265
0.015215
-0.00119607
-0.0163429
-0.028095
-0.0360819
-0.0402063
-0.0409088
-0.0388904
-0.0343042
-0.027363
-0.0187644
-0.00942624
-0.000171573
0.00845819
0.0161851
0.0228385
0.0282116
0.0319057
0.0335195
0.0331159
0.0315921
0.0302728
0.0300154
0.0308228
0.0321836
0.0336056
0.034846
0.0359323
0.0370135
0.0382017
0.0393047
0.0396375
0.0383838
0.0354492
0.0319337
0.0294237
0.0287415
0.0295679
0.0309553
0.0321334
0.032801
0.033062
0.0332167
0.0335358
0.0339126
0.033679
0.0320002
0.0287756
0.0251318
0.0227263
0.0224375
0.0238661
0.0258552
0.0274258
0.0281968
0.0283025
0.0281265
0.028011
0.0278971
0.0272194
0.0253115
0.0221748
0.0188367
0.0167497
0.0167144
0.0183982
0.0206927
0.0225526
0.0235006
0.0236291
0.0233308
0.0229537
0.0224551
0.0213842
0.0192984
0.0163589
0.0134998
0.0118793
0.0120833
0.013798
0.0160816
0.017995
0.0190422
0.0192382
0.018905
0.0183424
0.0175297
0.0161603
0.0140135
0.0113775
0.009073
0.00796818
0.00841777
0.0100847
0.0121867
0.0139593
0.0149715
0.0151869
0.014823
0.0140983
0.0130254
0.0114636
0.00939472
0.00717598
0.00547398
0.0048791
0.00554443
0.00711707
0.0089594
0.0104816
0.0113476
0.0115051
0.0110821
0.0102231
0.00898135
0.0073741
0.00554356
0.00385899
0.00280511
0.00271461
0.00357429
0.00503405
0.00659342
0.00782289
0.00848402
0.00853228
0.00804199
0.00711434
0.00584166
0.00435145
0.00287395
0.00174155
0.00126572
0.0015777
0.00254932
0.00385397
0.00510395
0.00600772
0.00639107
0.00625419
0.0055956
0.00457939
0.00316738
0.00176612
0.000219413
-0.00057076
-0.00138594
-0.000771244
-0.000831065
0.000427027
0.000941779
-0.00057569
0.0869312
0.0858612
0.0822869
0.0770023
0.0695177
0.0595357
0.0469918
0.0318865
0.0149598
-0.00255851
-0.0187228
-0.0308975
-0.0389115
-0.0427665
-0.0431379
-0.0409336
-0.0361767
-0.0289086
-0.0198412
-0.00998863
-0.000256878
0.00877626
0.016829
0.0237287
0.0292641
0.0329766
0.0343722
0.0334903
0.0313757
0.0296106
0.0291838
0.0300438
0.0315451
0.0331152
0.0344877
0.0356931
0.0368847
0.0381813
0.0393849
0.0397312
0.0382871
0.034935
0.0309405
0.028147
0.0274833
0.0285469
0.0302165
0.0316227
0.0324455
0.0328026
0.0330121
0.0333633
0.0337459
0.0334365
0.031523
0.0279062
0.0238496
0.0212189
0.0209964
0.0227239
0.0250786
0.0269526
0.0279183
0.0281195
0.0279723
0.0278523
0.0276931
0.0268786
0.0247039
0.021212
0.0175556
0.0153239
0.0153704
0.0173243
0.0199642
0.0221371
0.0233032
0.0235454
0.0232831
0.0228951
0.0223216
0.0210672
0.0186803
0.0153966
0.0122806
0.0105937
0.0109321
0.0129183
0.0155147
0.017708
0.0189604
0.0192752
0.0189844
0.0183978
0.0174743
0.0158838
0.0134264
0.0104776
0.00797379
0.00685831
0.00747686
0.00942032
0.0118165
0.013839
0.0150304
0.0153496
0.0150163
0.0142441
0.0130275
0.0112242
0.00885896
0.00637635
0.00453589
0.00397478
0.00482517
0.00666446
0.0087763
0.0105177
0.0115319
0.0117648
0.011345
0.0104095
0.00900293
0.00715784
0.00506906
0.00318336
0.00205268
0.00203192
0.00307872
0.00477947
0.00656961
0.00797732
0.00874776
0.00883545
0.00831574
0.00728651
0.00584378
0.0041408
0.00245912
0.00119205
0.000693672
0.00109916
0.00224747
0.00375811
0.005194
0.00623277
0.00668908
0.00656328
0.00585533
0.00473106
0.00316095
0.00158426
-0.000121199
-0.000985217
-0.00181293
-0.00105713
-0.0010431
0.000510635
0.000979481
-0.000287601
0.0886723
0.0876415
0.084203
0.079054
0.0716558
0.0615978
0.0487047
0.032804
0.01466
-0.00445181
-0.0220781
-0.0348031
-0.0427947
-0.0461946
-0.0460473
-0.043602
-0.0386624
-0.0309868
-0.0212987
-0.0107566
-0.000387413
0.00918121
0.017667
0.0249001
0.0306644
0.034411
0.0354967
0.0339137
0.0309294
0.0285257
0.027889
0.0288683
0.0305989
0.0323873
0.0339392
0.0352974
0.0366273
0.0380626
0.0393968
0.0397479
0.0380067
0.0340212
0.0293095
0.0261182
0.0255362
0.0270006
0.0291146
0.0308588
0.0318931
0.0323633
0.0326175
0.0329797
0.033352
0.0329404
0.0307218
0.0265801
0.021949
0.0189873
0.0188476
0.0210132
0.0239092
0.0262254
0.0274594
0.0277741
0.0276464
0.0275137
0.0272973
0.0262963
0.0237432
0.0197454
0.0156464
0.0132327
0.0134229
0.015774
0.018902
0.0215062
0.0229643
0.0233532
0.0231389
0.0227432
0.0220699
0.02055
0.0177209
0.013935
0.0104538
0.00869059
0.00924901
0.0116439
0.0146924
0.0172747
0.0188032
0.0192768
0.0190484
0.0184356
0.0173554
0.0154392
0.012524
0.00911927
0.00633291
0.00521453
0.00609205
0.00844431
0.0112662
0.0136417
0.0150805
0.015543
0.0152569
0.0144228
0.0130002
0.010842
0.00804088
0.00517449
0.00313851
0.00263478
0.00376106
0.00598865
0.00848763
0.0105397
0.0117618
0.0121017
0.0116908
0.0106499
0.00900645
0.00681391
0.0043472
0.00216975
0.000931885
0.00101779
0.00233933
0.00438826
0.00650795
0.00816779
0.00909263
0.00923799
0.0086804
0.00750903
0.00582222
0.00381012
0.00183109
0.000369306
-0.00015898
0.000385068
0.00179006
0.00359635
0.00529634
0.00652551
0.00708509
0.00697681
0.00620178
0.00492529
0.00312884
0.00129801
-0.000636264
-0.00160793
-0.00244778
-0.00149098
-0.00136405
0.000612408
0.000976024
0.000197365
0.0908209
0.0898454
0.0865975
0.0816499
0.0744034
0.0643002
0.0510093
0.0341032
0.0143558
-0.00695939
-0.0266047
-0.0400047
-0.0479091
-0.0506464
-0.0498194
-0.0471527
-0.0420659
-0.0338645
-0.0233213
-0.0118389
-0.000626203
0.00963073
0.0186647
0.0263228
0.0323935
0.0361983
0.0368598
0.0342862
0.0300709
0.0267986
0.0259369
0.0271589
0.0292531
0.0313515
0.0331334
0.0346697
0.0361507
0.0377299
0.0392
0.0395315
0.0373635
0.03248
0.0267501
0.0230169
0.0226234
0.0247399
0.0275352
0.0297647
0.0310695
0.0316448
0.031893
0.0322113
0.0325478
0.0320134
0.0294242
0.0246271
0.0192696
0.0158861
0.0158605
0.018615
0.0222475
0.0251618
0.0267407
0.0271782
0.0270568
0.0269124
0.0266325
0.025377
0.0222878
0.017583
0.0128937
0.0102809
0.0107265
0.0136498
0.0174386
0.0206025
0.0224264
0.0229965
0.0228501
0.0224569
0.0216504
0.0197557
0.0163073
0.0118333
0.00786835
0.00602723
0.00691611
0.00988999
0.0135576
0.0166527
0.0185332
0.0192103
0.0190713
0.0184317
0.0171356
0.0147631
0.011215
0.00719495
0.00404019
0.00293507
0.00417854
0.00709309
0.0104915
0.0133356
0.0150967
0.0157474
0.0155294
0.0146157
0.0129097
0.0102598
0.00686181
0.00348119
0.00119481
0.000782333
0.00229023
0.0050441
0.00806164
0.0105252
0.012021
0.0125039
0.0121092
0.0109273
0.00895901
0.0062885
0.00330716
0.000740909
-0.00062968
-0.000388281
0.00131016
0.00382842
0.00638723
0.0083804
0.0095094
0.0097332
0.00912804
0.00776557
0.00574514
0.00330972
0.000927112
-0.00079295
-0.00135239
-0.000612704
0.00114246
0.00334601
0.00539693
0.00687742
0.0075738
0.00749051
0.00662794
0.00514631
0.00304182
0.000863742
-0.00137813
-0.002493
-0.00333633
-0.00210884
-0.00181687
0.00072214
0.000898858
0.000935531
0.0933548
0.092455
0.0894656
0.0848075
0.07781
0.0677331
0.0540322
0.0359135
0.0141223
-0.0101837
-0.0325556
-0.0467074
-0.0543341
-0.0560026
-0.0541835
-0.0513409
-0.0462545
-0.037494
-0.0258992
-0.0132423
-0.000995227
0.0100843
0.0197647
0.0279341
0.0343971
0.0382953
0.0383919
0.0344447
0.0285116
0.0240811
0.0230272
0.024715
0.0273804
0.029911
0.0319744
0.0336954
0.035292
0.0369328
0.0384717
0.0387734
0.0361613
0.0302204
0.0231403
0.0185926
0.0184216
0.0215062
0.0253133
0.0282299
0.029867
0.030505
0.0306585
0.0308768
0.0311734
0.0304951
0.0274104
0.0217464
0.0154888
0.0116533
0.0118624
0.0154039
0.0199874
0.0236628
0.025662
0.0262305
0.0261125
0.0259737
0.0256219
0.0240142
0.0201919
0.0145529
0.0091174
0.00629678
0.00713565
0.0108456
0.0154966
0.0193588
0.0216233
0.0224136
0.0223655
0.0219891
0.0210037
0.0186021
0.0143425
0.00899574
0.00443655
0.00252088
0.00385483
0.00758801
0.0120537
0.0157932
0.0181057
0.0190357
0.0190191
0.0183497
0.0167655
0.0137896
0.00942739
0.00463911
0.00104196
-2.73717e-05
0.00169118
0.00532335
0.00945222
0.012884
0.0150462
0.015934
0.015808
0.0147907
0.0127104
0.00941839
0.00525904
0.00124161
-0.00133799
-0.00161705
0.000381066
0.00380026
0.00746874
0.0104467
0.0122851
0.0129503
0.0125789
0.0112126
0.00881687
0.00552508
0.00188919
-0.00115587
-0.00267348
-0.00221841
-3.58445e-05
0.00307532
0.00618427
0.00859387
0.00997966
0.0103051
0.0096409
0.00802917
0.0055714
0.00258643
-0.000309708
-0.0023464
-0.00292855
-0.00192671
0.000278495
0.00298478
0.00547595
0.00727101
0.00814038
0.00809112
0.0071178
0.00536935
0.00286309
0.00023459
-0.00239582
-0.00368551
-0.00451309
-0.00293908
-0.00241888
0.000823912
0.000719828
0.00195981
0.0962436
0.0954446
0.0927969
0.0885423
0.0819309
0.0720063
0.0579348
0.0384101
0.0140625
-0.0142925
-0.0403266
-0.0552732
-0.06241
-0.0625608
-0.0594618
-0.0566158
-0.0517585
-0.0423278
-0.0293298
-0.0151372
-0.00160294
0.0104481
0.0208642
0.029618
0.0365687
0.0405965
0.0399259
0.0340647
0.0257489
0.0198307
0.0187248
0.0212552
0.0248069
0.027937
0.0303356
0.0322086
0.0337749
0.0352389
0.0366873
0.0369555
0.0340214
0.027081
0.0184508
0.0127699
0.0127198
0.0170477
0.0222507
0.0261097
0.0281463
0.0287785
0.028744
0.0288433
0.029121
0.0282451
0.0244614
0.0176508
0.0102989
0.00601899
0.00665641
0.011252
0.0170295
0.0216287
0.0241188
0.0248334
0.0247347
0.0246278
0.0241824
0.0221046
0.0173543
0.0105832
0.00427345
0.00123669
0.00259176
0.00729731
0.0130141
0.0177123
0.0204897
0.0215431
0.0216306
0.0212828
0.0200621
0.0170195
0.0117773
0.00540997
0.000177632
-0.00180399
7.28444e-05
0.00472218
0.0101468
0.0146521
0.0174724
0.0187052
0.0188448
0.0181364
0.0161851
0.0124642
0.00713103
0.00145694
-0.00262862
-0.00363289
-0.00134499
0.00313682
0.00812863
0.0122534
0.0148891
0.0160615
0.0160492
0.0148968
0.0123452
0.00826807
0.00320699
-0.00153786
-0.00442966
-0.00452763
-0.00194257
0.00226103
0.00669379
0.0102761
0.0125202
0.013405
0.0130602
0.0114579
0.00852595
0.00447524
6.53144e-05
-0.00352204
-0.00518185
-0.00445053
-0.0016854
0.00212728
0.00588303
0.00878271
0.0104739
0.0109227
0.0101835
0.00825602
0.00525062
0.00159321
-0.00191151
-0.00430375
-0.00488664
-0.00355219
-0.000802313
0.00250262
0.00551424
0.00768155
0.00875825
0.00875163
0.00763973
0.0055553
0.00254829
-0.00063164
-0.00371967
-0.00520246
-0.00598136
-0.00398596
-0.00316732
0.000902245
0.000430149
0.0032612
0.0994472
0.0987793
0.0965729
0.0928673
0.086829
0.0772584
0.0629361
0.0418556
0.0143592
-0.0194924
-0.0504385
-0.0660659
-0.0721704
-0.0698973
-0.0650263
-0.0625861
-0.0585257
-0.0484655
-0.0337171
-0.0176054
-0.0025378
0.0105953
0.0217836
0.0311638
0.0386981
0.0428574
0.0410807
0.0325235
0.0208706
0.0130815
0.0123284
0.0163739
0.0213107
0.025275
0.028058
0.0299732
0.0312196
0.0321678
0.0333843
0.0336651
0.0304616
0.0224466
0.0121471
0.00524963
0.00537348
0.0111917
0.0181642
0.0232384
0.0257467
0.0263064
0.0260217
0.0260236
0.0263029
0.0251395
0.0204479
0.012262
0.00366466
-0.00106277
0.000166018
0.0060842
0.0132991
0.0189721
0.0220151
0.0228996
0.0228504
0.0228006
0.0222314
0.0195791
0.013762
0.00574092
-0.00151088
-0.00476796
-0.00281949
0.00303025
0.00997048
0.0156149
0.0189645
0.0203202
0.0205786
0.0202649
0.0187561
0.0149687
0.00863279
0.00116718
-0.00476753
-0.0067995
-0.00431598
0.00134973
0.00784129
0.0131975
0.0165822
0.018159
0.0184824
0.0177199
0.015332
0.0107604
0.00435873
-0.0022568
-0.00683712
-0.00774346
-0.00482294
0.000590729
0.00652892
0.011416
0.014577
0.0160714
0.0161865
0.0148649
0.0117572
0.00678824
0.000740479
-0.00476842
-0.0079607
-0.00783175
-0.00459277
0.000470555
0.0057385
0.00998394
0.0126792
0.0138123
0.0134911
0.0115993
0.00803472
0.00312123
-0.00213398
-0.00628314
-0.00805852
-0.00699477
-0.00357675
0.00100901
0.00547413
0.00891366
0.0109461
0.0115343
0.0106993
0.00838911
0.00473755
0.000313412
-0.00385678
-0.00661151
-0.00716171
-0.00543257
-0.00206684
0.00190402
0.00549145
0.00807239
0.00938301
0.00942497
0.00814365
0.00565512
0.00205981
-0.00174933
-0.00533406
-0.00700723
-0.0076935
-0.00521627
-0.0040328
0.000942964
4.39583e-05
0.00477342
0.102913
0.102411
0.100762
0.0977827
0.0925625
0.0836422
0.0692984
0.0465962
0.0152563
-0.0261268
-0.0636632
-0.0797665
-0.0843657
-0.0786565
-0.0713701
-0.0698671
-0.0673468
-0.0566139
-0.0395167
-0.0209022
-0.003984
0.0103218
0.022248
0.0322353
0.040307
0.0445036
0.0411743
0.0288728
0.0126702
0.00251815
0.00283965
0.00950604
0.0166051
0.0217425
0.0249475
0.0266973
0.0272491
0.0274365
0.0284319
0.0288081
0.0251698
0.0157294
0.00359244
-0.0044023
-0.00380072
0.00383355
0.012924
0.0194625
0.0225136
0.0229616
0.0224103
0.0223552
0.0226465
0.0211141
0.0153899
0.00573934
-0.00415256
-0.00934048
-0.00744976
-4.15323e-05
0.00878679
0.0156414
0.0192794
0.0203572
0.0203884
0.0204132
0.0196972
0.0164184
0.00949375
0.000215052
-0.00796814
-0.0114365
-0.00887216
-0.00182525
0.00640697
0.0130487
0.0169979
0.0186785
0.0191305
0.0188514
0.0170238
0.0124504
0.00500169
-0.00354835
-0.0101554
-0.0122129
-0.00910281
-0.00239833
0.00518654
0.0114166
0.0153842
0.0173242
0.0178463
0.0170144
0.0141502
0.00868869
0.00120835
-0.00632461
-0.0113604
-0.0121358
-0.00856233
-0.00220397
0.00469138
0.0103519
0.0140528
0.015885
0.0161299
0.0146112
0.0108978
0.0049974
-0.0020405
-0.00828181
-0.0117299
-0.0113373
-0.00742214
-0.00148757
0.00462254
0.00953975
0.0126993
0.0140924
0.0137846
0.0115604
0.00730449
0.00148857
-0.00461079
-0.00928619
-0.0111312
-0.00969635
-0.00560037
-0.000227345
0.00495601
0.0089452
0.0113308
0.0120636
0.0111087
0.00836296
0.00400428
-0.00122347
-0.00605663
-0.00914108
-0.00961647
-0.00745514
-0.00344479
0.00121112
0.0053878
0.00839457
0.00994977
0.0100391
0.00856017
0.00561545
0.00137943
-0.00308861
-0.00716198
-0.00899751
-0.00954248
-0.00655304
-0.00495478
0.000936928
-0.000398747
0.00637056
0.106576
0.10628
0.105317
0.103278
0.0991883
0.0913474
0.0773789
0.0531692
0.0171951
-0.0346413
-0.0811269
-0.0968956
-0.0985018
-0.0874096
-0.0771673
-0.0781534
-0.0787161
-0.0673626
-0.0471041
-0.0252452
-0.00614465
0.00933727
0.0218363
0.032127
0.0401342
0.044137
0.039696
0.0238774
0.00206801
-0.0121391
-0.010816
-0.000117278
0.0103296
0.0171459
0.0207974
0.022105
0.0216266
0.0209853
0.021864
0.0223636
0.0180817
0.0069768
-0.00707846
-0.0160716
-0.0147589
-0.00499725
0.00649566
0.0146829
0.0183324
0.0186617
0.0178599
0.0177875
0.0181041
0.0161865
0.0094496
-0.00158552
-0.0126964
-0.0183393
-0.0158123
-0.00690576
0.00357735
0.0116392
0.0158743
0.0171509
0.0172787
0.017388
0.0165312
0.0126577
0.00470803
-0.00571357
-0.0147331
-0.0183825
-0.0152339
-0.0070456
0.00243043
0.0100323
0.0145545
0.0165497
0.0171978
0.0169544
0.0148201
0.0095073
0.00103842
-0.00848119
-0.0156674
-0.0177153
-0.0140078
-0.00633157
0.00227315
0.00931651
0.013828
0.016115
0.0168305
0.0159272
0.0125997
0.00629941
-0.00216537
-0.0105054
-0.0159115
-0.0165269
-0.0123302
-0.00509551
0.00267883
0.00904823
0.0132499
0.0154043
0.0157701
0.0140463
0.00973728
0.00295702
-0.00497827
-0.0118483
-0.0154778
-0.0148008
-0.0102417
-0.00350161
0.00337782
0.00890934
0.0125016
0.0141417
0.0138337
0.0112628
0.00632133
-0.000348243
-0.00720541
-0.0123155
-0.0141708
-0.0123537
-0.00761297
-0.00151108
0.00432994
0.00882475
0.0115418
0.0124096
0.0113156
0.00811588
0.00305419
-0.00293344
-0.00835665
-0.0116996
-0.0120589
-0.00946324
-0.00483748
0.000458329
0.00518087
0.00858484
0.0103721
0.0104994
0.0088072
0.00539117
0.000522745
-0.00456554
-0.0090635
-0.0110105
-0.01137
-0.00788191
-0.00584816
0.000879084
-0.000840254
0.0078756
0.110354
0.110304
0.110168
0.109306
0.106732
0.100538
0.0875624
0.0622463
0.0206917
-0.0457455
-0.104273
-0.119097
-0.11695
-0.0978507
-0.0828325
-0.0877122
-0.0936313
-0.0819088
-0.0572682
-0.0310492
-0.00933566
0.00727283
0.0199792
0.0294314
0.0358454
0.0389578
0.0342405
0.0175494
-0.00873115
-0.0287629
-0.0282881
-0.0129952
0.00207257
0.0112551
0.0154164
0.0160168
0.014303
0.0128816
0.0137705
0.0144082
0.00943924
-0.00323241
-0.0190554
-0.0289987
-0.0269807
-0.015015
-0.0010087
0.00889789
0.0131619
0.0133774
0.012348
0.0122884
0.012668
0.0104526
0.00288753
-0.00928578
-0.0214174
-0.027469
-0.0244045
-0.0141539
-0.00214275
0.00703469
0.0118039
0.0132467
0.013461
0.0136625
0.0127181
0.00838245
-0.000380472
-0.0117104
-0.0213908
-0.0251682
-0.0215126
-0.0123428
-0.0017962
0.00662238
0.011618
0.0138706
0.0146926
0.0144955
0.0121245
0.00622008
-0.00306028
-0.0133359
-0.020951
-0.022948
-0.0187169
-0.0102234
-0.000777686
0.00692277
0.0118681
0.0144402
0.015326
0.0143713
0.0106619
0.00367686
-0.00557103
-0.0145252
-0.0201763
-0.0206089
-0.0158695
-0.00791032
0.000569623
0.00749714
0.0120964
0.0145184
0.0149882
0.0130862
0.00826936
0.000763448
-0.00787946
-0.015208
-0.0189208
-0.0179582
-0.012845
-0.00544682
0.00204176
0.00805454
0.0119938
0.0138401
0.0135225
0.0106371
0.00509982
-0.00227575
-0.00972014
-0.0151245
-0.0169249
-0.0147466
-0.00945735
-0.00276415
0.00359598
0.00848959
0.0114758
0.0124525
0.0112183
0.00760108
0.00192506
-0.00468899
-0.0105609
-0.0140598
-0.0142695
-0.0112794
-0.00613245
-0.000314732
0.00484434
0.00856789
0.0105467
0.0106976
0.00880147
0.00495572
-0.000458691
-0.00605266
-0.0108572
-0.0128483
-0.0129901
-0.009068
-0.00661589
0.000767216
-0.00121859
0.00908762
0.114148
0.114388
0.115216
0.115801
0.115194
0.111438
0.100397
0.0749942
0.0268406
-0.0607936
-0.135811
-0.145966
-0.136086
-0.105553
-0.0863017
-0.0999308
-0.114503
-0.101979
-0.0708438
-0.0386965
-0.01387
0.0037501
0.0158177
0.0223502
0.0252944
0.0268224
0.0228498
0.00724566
-0.0217193
-0.0471172
-0.048407
-0.028838
-0.00831879
0.00388935
0.00866949
0.00838152
0.00535796
0.00326036
0.00430235
0.00517763
-0.000266326
-0.0140913
-0.0312938
-0.042101
-0.0395668
-0.0256512
-0.00929692
0.00223082
0.00705274
0.00713808
0.00588492
0.0058597
0.00638511
0.00407677
-0.00397652
-0.0168967
-0.0297439
-0.0361104
-0.0326522
-0.0213473
-0.00810244
0.0019642
0.00711789
0.00863835
0.00889768
0.00920421
0.00828304
0.00372046
-0.0055244
-0.017423
-0.0275189
-0.0313492
-0.0273005
-0.0173991
-0.00607265
0.00290922
0.0081946
0.0105917
0.0115407
0.011418
0.00894656
0.00269893
-0.00707733
-0.0178097
-0.0256536
-0.0275532
-0.0229134
-0.0138369
-0.00382855
0.00427641
0.00946863
0.0122143
0.0132325
0.0122772
0.00834358
0.000929099
-0.00880332
-0.0181085
-0.023847
-0.0240821
-0.0189279
-0.0104731
-0.00155247
0.00569576
0.0105215
0.0131171
0.0136723
0.0116643
0.00651233
-0.00146538
-0.0105404
-0.0181033
-0.0217847
-0.0205562
-0.015033
-0.00720175
0.000650412
0.00693491
0.0110801
0.0130658
0.0127429
0.00963389
0.00368104
-0.00415904
-0.0119484
-0.0174701
-0.0191509
-0.0166647
-0.0109838
-0.00391385
0.00274918
0.00787086
0.0110228
0.0120701
0.0107254
0.00679563
0.000683406
-0.00634056
-0.0124639
-0.015995
-0.0160342
-0.0127314
-0.00722112
-0.0010722
0.00434686
0.00826178
0.0103641
0.0105255
0.00847253
0.0043073
-0.00148543
-0.00740136
-0.0123516
-0.0143104
-0.0142182
-0.00997739
-0.00716579
0.000599244
-0.0014844
0.00981595
0.117843
0.118408
0.120331
0.12261
0.124488
0.124067
0.116336
0.0925467
0.0364091
-0.0799558
-0.17857
-0.184415
-0.165557
-0.115068
-0.0857662
-0.111386
-0.142927
-0.130475
-0.0895698
-0.0489255
-0.0201378
-0.00165786
0.008292
0.00969228
0.00879177
0.00937508
0.00720335
-0.00760671
-0.0384444
-0.0676302
-0.0702039
-0.0468652
-0.0206443
-0.00498738
0.000522431
-0.000724967
-0.00505122
-0.00770496
-0.00633068
-0.00496901
-0.0104268
-0.0247621
-0.0427745
-0.0542637
-0.0514918
-0.0361534
-0.0179134
-0.00506535
0.00015276
3.54508e-05
-0.00147279
-0.00144389
-0.00063375
-0.00272104
-0.0107969
-0.0239623
-0.0371382
-0.0436842
-0.0399957
-0.0280216
-0.013978
-0.00337994
0.00191218
0.00335774
0.0035894
0.00402536
0.00329634
-0.00116804
-0.0104677
-0.0225149
-0.0327295
-0.0365274
-0.0322178
-0.0219022
-0.0101829
-0.000990872
0.00431808
0.00669087
0.00769866
0.00770112
0.0053287
-0.000926686
-0.0107976
-0.021622
-0.0294601
-0.0312135
-0.0263115
-0.0169489
-0.00673944
0.00143187
0.00661217
0.00937371
0.0104768
0.00960648
0.00567755
-0.00182461
-0.0116661
-0.0210071
-0.0266531
-0.0266852
-0.0212828
-0.0126254
-0.00360663
0.00364832
0.00846795
0.0111086
0.0117354
0.0097419
0.00450617
-0.0036063
-0.0127722
-0.0203071
-0.0238338
-0.0223786
-0.0166352
-0.00866173
-0.000765247
0.0055138
0.00967466
0.0117136
0.0114114
0.00823053
0.00212423
-0.00586302
-0.013703
-0.0191414
-0.0206389
-0.0179305
-0.0120676
-0.00490211
0.00177994
0.00690275
0.0100824
0.0111586
0.00977043
0.00570212
-0.000589493
-0.00774248
-0.0138815
-0.0173096
-0.0171709
-0.013674
-0.00801366
-0.00178791
0.00365525
0.00758873
0.00972454
0.00989286
0.0077738
0.00346676
-0.00246717
-0.00846918
-0.0133757
-0.0152234
-0.0148976
-0.0104963
-0.00742526
0.000372205
-0.00161447
0.00991941
0.121309
0.122229
0.125337
0.129566
0.134441
0.13863
0.136114
0.118094
0.0520889
-0.113598
-0.236239
-0.223751
-0.18794
-0.11595
-0.0846642
-0.13399
-0.18668
-0.171521
-0.115048
-0.0622114
-0.0283138
-0.00937361
-0.00343595
-0.0084084
-0.0123677
-0.0110677
-0.0106028
-0.0246365
-0.0562746
-0.0877782
-0.0916191
-0.0655394
-0.0341934
-0.0151316
-0.0088863
-0.0111024
-0.0166991
-0.0197868
-0.0178423
-0.0155834
-0.020405
-0.0344705
-0.0526144
-0.0645086
-0.0617866
-0.0457149
-0.0262956
-0.0126286
-0.00730142
-0.0077721
-0.00960725
-0.00949885
-0.00820951
-0.00967761
-0.0172289
-0.0300726
-0.0431415
-0.0497003
-0.0459461
-0.0337406
-0.0194309
-0.00876683
-0.00367223
-0.00251549
-0.00240932
-0.00180489
-0.00212433
-0.0061007
-0.0149663
-0.026694
-0.0366999
-0.0403587
-0.0359456
-0.0255749
-0.0139161
-0.00494332
5.44335e-05
0.00218745
0.00317055
0.00337164
0.00134808
-0.00451793
-0.0140269
-0.0245395
-0.0321176
-0.0336768
-0.0286807
-0.0193708
-0.00937968
-0.00154377
0.00330974
0.0058942
0.00703099
0.00636225
0.00272233
-0.00446512
-0.013991
-0.0230222
-0.0283861
-0.0282183
-0.022762
-0.0142391
-0.00552024
0.00137114
0.00590582
0.00843943
0.00913305
0.0073163
0.00230809
-0.00554488
-0.0144197
-0.021644
-0.0248916
-0.0232656
-0.0175256
-0.00974805
-0.00217953
0.00376779
0.0077189
0.00971494
0.00948277
0.00643373
0.000497244
-0.00726987
-0.0148361
-0.0199807
-0.0212388
-0.0184178
-0.0126219
-0.00569056
0.000678081
0.00553522
0.0085818
0.00965059
0.00832171
0.00434575
-0.00181216
-0.00877322
-0.0146719
-0.0178594
-0.0175485
-0.014005
-0.00844913
-0.00244756
0.00274105
0.00648909
0.00855613
0.00874218
0.0066886
0.00247101
-0.00331924
-0.0091403
-0.0138
-0.0154601
-0.0149168
-0.0105448
-0.00735146
8.33416e-05
-0.0016168
0.00933287
0.124403
0.125682
0.130027
0.136313
0.144726
0.154404
0.16002
0.151252
0.0759764
-0.135466
-0.334598
-0.300259
-0.238907
-0.111887
-0.0583248
-0.146637
-0.243478
-0.231012
-0.151624
-0.0800218
-0.0386944
-0.019715
-0.0194972
-0.0310216
-0.0371257
-0.0329763
-0.0289059
-0.0412007
-0.0721014
-0.104611
-0.109989
-0.0828166
-0.0478054
-0.0259723
-0.0191966
-0.0224225
-0.0292834
-0.0326841
-0.0298596
-0.0261575
-0.0295913
-0.0425688
-0.060137
-0.0720965
-0.0696651
-0.0535978
-0.0338534
-0.020028
-0.0150004
-0.0160571
-0.0183266
-0.0181021
-0.0160956
-0.0164998
-0.0229505
-0.0348923
-0.047408
-0.0537964
-0.0501291
-0.0381406
-0.0241433
-0.0139471
-0.009453
-0.00884551
-0.00897863
-0.0081527
-0.00781481
-0.0108829
-0.0188052
-0.0297349
-0.0392
-0.0426176
-0.0382533
-0.0281993
-0.017084
-0.0088024
-0.00449363
-0.00284521
-0.00197731
-0.00148758
-0.00288376
-0.00793521
-0.0166062
-0.0263941
-0.0334565
-0.0347774
-0.0298641
-0.0209627
-0.0116358
-0.00456986
-0.000389173
0.00180633
0.00292674
0.00259665
-0.000439624
-0.0068826
-0.0156509
-0.0240205
-0.0289149
-0.0285586
-0.0232571
-0.0152263
-0.0072308
-0.00110083
0.00284679
0.00511081
0.00587579
0.0044248
-1.21647e-05
-0.00718614
-0.0153753
-0.0220049
-0.0248556
-0.0231274
-0.0176329
-0.0104122
-0.00356858
0.00169777
0.00519767
0.00705272
0.00695992
0.00427903
-0.0011322
-0.0082915
-0.0152529
-0.0198966
-0.0208695
-0.0180622
-0.0126043
-0.00626036
-0.000559252
0.00374816
0.00649311
0.00752684
0.00638672
0.00276867
-0.00291466
-0.00934868
-0.0147487
-0.0175636
-0.0170986
-0.0136743
-0.00849988
-0.00304612
0.00159029
0.00493593
0.00682982
0.00705888
0.00523066
0.00136481
-0.00397509
-0.00933844
-0.0135484
-0.0149509
-0.0142207
-0.010085
-0.00693475
-0.000267096
-0.00152455
0.00807553
0.126979
0.128608
0.134136
0.142556
0.154745
0.171489
0.188841
0.204185
0.117237
-0.124049
-0.391548
-0.358769
-0.273528
-0.118683
-0.0448389
-0.140192
-0.271077
-0.284473
-0.192884
-0.101692
-0.0513233
-0.0327055
-0.0394002
-0.0573011
-0.0642754
-0.0550119
-0.0459516
-0.0550632
-0.0836244
-0.115877
-0.122999
-0.0966567
-0.0600871
-0.0366672
-0.0298356
-0.0342277
-0.0424005
-0.045987
-0.041906
-0.0361411
-0.0374366
-0.0485702
-0.0649085
-0.0765749
-0.0746011
-0.059227
-0.0400475
-0.0268123
-0.022584
-0.0245241
-0.0273567
-0.0269669
-0.0239839
-0.0228784
-0.0276803
-0.0381805
-0.0497262
-0.0557636
-0.0523121
-0.0409607
-0.0278469
-0.018672
-0.0152123
-0.0154364
-0.0159252
-0.0148169
-0.0135684
-0.0153168
-0.0218104
-0.031492
-0.0401056
-0.043185
-0.0390135
-0.0296322
-0.0195335
-0.0124173
-0.00918463
-0.00827212
-0.00760868
-0.00673411
-0.00722321
-0.0110449
-0.0184216
-0.0270937
-0.0334022
-0.0344472
-0.0297899
-0.0216425
-0.0134166
-0.00755118
-0.0043896
-0.00279454
-0.00173662
-0.0015861
-0.00370435
-0.0089827
-0.0165685
-0.0239437
-0.0281965
-0.0276702
-0.0227305
-0.0155424
-0.00868519
-0.00370783
-0.000645692
0.00118965
0.00203645
0.0011459
-0.00237616
-0.00846102
-0.0155861
-0.0213552
-0.0237058
-0.0219509
-0.0169441
-0.0106358
-0.00490495
-0.000661019
0.00215125
0.00377195
0.00389729
0.00182862
-0.00270217
-0.00887624
-0.0149183
-0.0188711
-0.0195262
-0.0168661
-0.0120175
-0.00660803
-0.00191877
0.00156316
0.00384409
0.00482347
0.00401213
0.0010248
-0.00384534
-0.00942845
-0.0140868
-0.0164115
-0.0158207
-0.0126869
-0.00817065
-0.00358181
0.000213253
0.00294643
0.00456888
0.00487509
0.00344193
0.000194881
-0.00439253
-0.00903233
-0.0126039
-0.0136892
-0.012815
-0.0091238
-0.00619587
-0.00067162
-0.00138247
0.00623949
0.128894
0.130819
0.137401
0.147661
0.163764
0.18683
0.221656
0.228338
0.209131
-0.141991
-0.525398
-0.425871
-0.360104
-0.193319
-0.096648
-0.141403
-0.265576
-0.311195
-0.225147
-0.122133
-0.0647144
-0.047673
-0.0620384
-0.0861689
-0.0923303
-0.0756165
-0.0600515
-0.0646957
-0.0896419
-0.120454
-0.12931
-0.105507
-0.0696954
-0.0462363
-0.0400759
-0.0459405
-0.0555263
-0.0591554
-0.0534
-0.0449641
-0.0434766
-0.0521648
-0.0667446
-0.077787
-0.0763578
-0.0622453
-0.0444514
-0.0325576
-0.0296657
-0.032817
-0.0363447
-0.0357295
-0.0315169
-0.0285026
-0.0311905
-0.0398004
-0.0500256
-0.0555511
-0.0524141
-0.0420591
-0.0303428
-0.0227096
-0.0207057
-0.0220352
-0.0229873
-0.0215347
-0.019144
-0.0192101
-0.0238569
-0.0319063
-0.0394028
-0.042061
-0.038207
-0.0298121
-0.0211546
-0.0156376
-0.0138402
-0.0138964
-0.0135177
-0.0121689
-0.0114994
-0.0137247
-0.0194085
-0.0266262
-0.0319767
-0.032718
-0.0284731
-0.0213884
-0.0146547
-0.0103779
-0.00854934
-0.00774664
-0.00679206
-0.00603174
-0.00694974
-0.0106901
-0.0167192
-0.0228108
-0.0262771
-0.0256048
-0.0212168
-0.0151863
-0.00983749
-0.00636176
-0.00445249
-0.00318917
-0.00224982
-0.00240258
-0.00469972
-0.00932917
-0.0150564
-0.0197364
-0.0215047
-0.0198
-0.0155034
-0.0104263
-0.00615223
-0.00323312
-0.0013197
-1.72314e-05
0.000400635
-0.000831399
-0.0041595
-0.009011
-0.0138586
-0.0169613
-0.0172808
-0.0148971
-0.0109054
-0.00673881
-0.00336373
-0.000950154
0.000722328
0.00163232
0.00128128
-0.00082367
-0.00457341
-0.00901735
-0.0127239
-0.0144634
-0.0137827
-0.0111011
-0.00749301
-0.00404908
-0.00134854
0.000586911
0.00185091
0.00226867
0.00138932
-0.000993477
-0.00455579
-0.00823705
-0.0110092
-0.011733
-0.0107662
-0.00770961
-0.00517846
-0.00111195
-0.0012309
0.00396569
0.130023
0.132173
0.139504
0.151264
0.170234
0.200075
0.247572
0.288789
0.351669
-0.10256
-0.412866
-0.390051
-0.35732
-0.249414
-0.196229
-0.249432
-0.306199
-0.239707
-0.136429
-0.0767136
-0.0631943
-0.0857688
-0.115878
-0.119118
-0.0928435
-0.0697536
-0.0692709
-0.0898881
-0.118336
-0.128655
-0.108579
-0.0756038
-0.053732
-0.0491244
-0.056886
-0.0680087
-0.0715121
-0.0636706
-0.0520651
-0.0473531
-0.0532207
-0.0656922
-0.0758465
-0.0749769
-0.0625305
-0.0467898
-0.0369048
-0.0358581
-0.0405332
-0.0448691
-0.0439633
-0.0383056
-0.0330767
-0.0333167
-0.0397201
-0.0483707
-0.0532576
-0.0505003
-0.0414161
-0.0315116
-0.0258581
-0.0256729
-0.0283426
-0.0298469
-0.0279953
-0.0242773
-0.0223845
-0.0248718
-0.0310028
-0.0371832
-0.039358
-0.0359192
-0.0287583
-0.0218829
-0.018319
-0.0182519
-0.0194675
-0.0194391
-0.0175462
-0.015522
-0.0158674
-0.0195519
-0.0250558
-0.0292948
-0.029716
-0.0260113
-0.0202363
-0.0153065
-0.012928
-0.0126838
-0.0128286
-0.0120127
-0.0105432
-0.0100402
-0.01195
-0.0161298
-0.0207143
-0.0232874
-0.022496
-0.0188164
-0.0141955
-0.010647
-0.00894708
-0.00840267
-0.00782828
-0.00679177
-0.00606855
-0.00689519
-0.00977836
-0.0138453
-0.0172614
-0.0183925
-0.0168087
-0.013405
-0.00981167
-0.00726188
-0.00590327
-0.00505733
-0.00414414
-0.00337769
-0.00359403
-0.00546028
-0.00871938
-0.0121577
-0.0142932
-0.0142748
-0.0122797
-0.00934431
-0.00666014
-0.00483106
-0.00367506
-0.00272826
-0.00190325
-0.00168956
-0.00270797
-0.00508818
-0.00816264
-0.0107556
-0.0118441
-0.011113
-0.00901917
-0.00651713
-0.00443298
-0.00302079
-0.00202882
-0.00119557
-0.00064076
-0.000838363
-0.00215718
-0.00447414
-0.00701098
-0.00886339
-0.00919925
-0.00819343
-0.005925
-0.00393937
-0.00155723
-0.00109379
0.00141944
0.130288
0.132537
0.140246
0.152735
0.173342
0.206732
0.262833
0.331144
0.447669
-0.438549
-0.542076
-0.420491
-0.254659
-0.21591
-0.256543
-0.224504
-0.137488
-0.0836521
-0.0767359
-0.108236
-0.143688
-0.141712
-0.104619
-0.0740848
-0.068677
-0.0848734
-0.110358
-0.121673
-0.105877
-0.0772515
-0.0583849
-0.056212
-0.0663261
-0.0790814
-0.0822654
-0.0719971
-0.0569331
-0.0488344
-0.0517741
-0.0619921
-0.0710848
-0.0707338
-0.060179
-0.0469512
-0.0395858
-0.0407968
-0.0472453
-0.0524636
-0.0512047
-0.0439548
-0.0363382
-0.0339644
-0.0380058
-0.0449434
-0.0491104
-0.0467641
-0.0391246
-0.0313156
-0.0279554
-0.0298534
-0.0340301
-0.0361455
-0.033857
-0.0286981
-0.0246844
-0.0248341
-0.0288823
-0.0336295
-0.0352848
-0.032326
-0.0265635
-0.0216998
-0.0203296
-0.0221933
-0.0246978
-0.0250662
-0.0225893
-0.0190918
-0.0173847
-0.0188823
-0.0225136
-0.0255495
-0.0256477
-0.0225726
-0.0182723
-0.0153513
-0.0150731
-0.0165776
-0.0177749
-0.0171279
-0.014893
-0.0128331
-0.0127274
-0.0148714
-0.0178094
-0.0194291
-0.0185461
-0.0156846
-0.0126394
-0.0110775
-0.011327
-0.0122852
-0.0124816
-0.0113546
-0.00967377
-0.00887365
-0.00982111
-0.0120578
-0.0141036
-0.0145731
-0.0131679
-0.0107817
-0.00883354
-0.00817385
-0.0085235
-0.00885798
-0.00838957
-0.00724736
-0.00633522
-0.00656851
-0.00805595
-0.00994737
-0.0110501
-0.0107056
-0.00918162
-0.00743228
-0.00637715
-0.00623415
-0.00645591
-0.00631781
-0.0055973
-0.00475634
-0.00455349
-0.00539565
-0.00694718
-0.00832616
-0.0087328
-0.00798789
-0.00657507
-0.00530309
-0.00470736
-0.00470107
-0.00474791
-0.00439967
-0.00369853
-0.00313361
-0.00325472
-0.00417773
-0.00544862
-0.00631078
-0.00625241
-0.00525554
-0.00387531
-0.00254014
-0.00196535
-0.000973743
-0.00122802
0.129621
0.131853
0.139481
0.151828
0.172199
0.205095
0.260363
0.337338
0.497835
-0.503548
-0.669806
-0.518263
-0.276496
-0.178306
-0.180492
-0.181964
-0.122787
-0.0824215
-0.0853296
-0.126526
-0.166158
-0.156931
-0.10927
-0.0727707
-0.0634438
-0.0756224
-0.0978708
-0.109631
-0.0980606
-0.0745801
-0.0597018
-0.0606732
-0.0735079
-0.0879045
-0.0905618
-0.0776742
-0.059159
-0.0478354
-0.0480126
-0.0560323
-0.0639912
-0.0640798
-0.0554695
-0.0449802
-0.0404369
-0.044165
-0.0525302
-0.0586493
-0.0569873
-0.0480931
-0.0380783
-0.0331127
-0.0348086
-0.0400178
-0.0434342
-0.0414991
-0.0353724
-0.0297933
-0.0288871
-0.0330029
-0.038764
-0.0415121
-0.0387743
-0.0321484
-0.0259865
-0.0237718
-0.0257074
-0.0289946
-0.030124
-0.0276743
-0.023381
-0.0206289
-0.021557
-0.0254369
-0.0292849
-0.0300754
-0.0270119
-0.0220144
-0.0182101
-0.0174688
-0.0191822
-0.0209931
-0.0207794
-0.0183785
-0.0156225
-0.0147899
-0.0166868
-0.0200021
-0.0222981
-0.0218446
-0.0188398
-0.0151866
-0.0130056
-0.0130503
-0.0142978
-0.0149554
-0.0140068
-0.012016
-0.0106108
-0.0110988
-0.0133546
-0.0158671
-0.0168767
-0.0156787
-0.0130253
-0.0105475
-0.00948892
-0.00983306
-0.0104786
-0.0102951
-0.00910626
-0.00779131
-0.00754235
-0.00882128
-0.0109265
-0.0124897
-0.0125035
-0.0109928
-0.00891913
-0.00745373
-0.00709708
-0.00739279
-0.00745297
-0.00680572
-0.00579577
-0.00527829
-0.00589163
-0.00747112
-0.00911235
-0.00982565
-0.00923403
-0.00775445
-0.00628026
-0.00551294
-0.00547809
-0.00561175
-0.00534253
-0.00461129
-0.00391855
-0.00391374
-0.00483738
-0.00626891
-0.00739212
-0.00756243
-0.00672483
-0.00537428
-0.00424462
-0.00371106
-0.00366917
-0.00352569
-0.00308582
-0.00213311
-0.00167674
-0.0010412
-0.00228749
-0.000854124
-0.00381064
0.128046
0.130133
0.137228
0.148581
0.166871
0.195346
0.240554
0.304813
0.408551
-0.452302
-0.531927
-0.704541
-0.519906
-0.251712
-0.12335
-0.104067
-0.120485
-0.0941823
-0.071513
-0.0868144
-0.138221
-0.179893
-0.161995
-0.106013
-0.0663241
-0.0545968
-0.0634054
-0.0823761
-0.094068
-0.0862013
-0.0679628
-0.0575038
-0.0620093
-0.0777282
-0.0936384
-0.0955748
-0.0800997
-0.0584953
-0.0444345
-0.0422527
-0.0482957
-0.055138
-0.0555696
-0.0488099
-0.0410555
-0.039403
-0.0457151
-0.0560032
-0.0629753
-0.0608827
-0.0504075
-0.0381612
-0.0308162
-0.0303478
-0.0339297
-0.0366153
-0.0350656
-0.0304182
-0.0270504
-0.0285915
-0.0349128
-0.0422336
-0.0455968
-0.0424274
-0.0344047
-0.026209
-0.0217572
-0.0216853
-0.0235758
-0.0242041
-0.0222569
-0.0194081
-0.0187316
-0.0219164
-0.0277724
-0.0329385
-0.0341537
-0.0305416
-0.0241147
-0.0183023
-0.0154097
-0.0152767
-0.0159122
-0.015412
-0.013683
-0.0124404
-0.0136437
-0.0176562
-0.0227359
-0.0261146
-0.0258734
-0.0221481
-0.0169692
-0.0127841
-0.0107943
-0.010407
-0.0101466
-0.00915515
-0.00802633
-0.0082177
-0.0106896
-0.0148871
-0.0189156
-0.0207388
-0.0195017
-0.0159296
-0.0118342
-0.00882517
-0.007328
-0.00662306
-0.00582739
-0.0048691
-0.00460203
-0.00599368
-0.00913853
-0.0129425
-0.0157147
-0.0162271
-0.01439
-0.0112056
-0.00808844
-0.00592963
-0.00467393
-0.00373794
-0.00281981
-0.00232187
-0.00299323
-0.0052043
-0.00843694
-0.0114576
-0.0130207
-0.0125853
-0.0105091
-0.00780443
-0.00546155
-0.00387346
-0.00280105
-0.00189282
-0.00119251
-0.00120162
-0.00241083
-0.00478562
-0.00759938
-0.00977524
-0.0104719
-0.00952803
-0.0074298
-0.00508399
-0.00312455
-0.0018022
-0.000693093
9.87272e-05
0.000989632
0.000553986
0.000500375
-0.00247497
-0.000706723
-0.00617404
0.125623
0.127453
0.133658
0.143276
0.158318
0.179353
0.210839
0.248851
0.247955
-0.357306
-0.447771
-0.514867
-0.694438
-0.470693
-0.207263
-0.0678817
-0.0469859
-0.0537986
-0.0572969
-0.051666
-0.0801029
-0.141253
-0.182203
-0.155366
-0.0953831
-0.0559947
-0.0434614
-0.049529
-0.0652812
-0.0761
-0.0715256
-0.0580861
-0.0519182
-0.0599382
-0.0784131
-0.0955465
-0.0966213
-0.0788749
-0.0549108
-0.0388819
-0.0349145
-0.0393119
-0.0451234
-0.0457979
-0.0406857
-0.0354599
-0.0365348
-0.0452898
-0.0573555
-0.065064
-0.0625454
-0.0506787
-0.0365435
-0.0272037
-0.024892
-0.0270454
-0.0290647
-0.0278561
-0.0245655
-0.0232469
-0.0270633
-0.035428
-0.0441802
-0.0481022
-0.0445512
-0.035299
-0.0253195
-0.0189007
-0.0170482
-0.0176868
-0.0178632
-0.0163858
-0.0148681
-0.0161009
-0.0213587
-0.0290276
-0.0354067
-0.0370277
-0.0329449
-0.0252529
-0.0176478
-0.0128231
-0.0110243
-0.010601
-0.00985331
-0.0087495
-0.00889401
-0.0119538
-0.0178934
-0.0245864
-0.0289713
-0.0289548
-0.0246092
-0.0180704
-0.0120768
-0.00823971
-0.00636808
-0.0052837
-0.0042686
-0.00393356
-0.00557528
-0.00984244
-0.0158013
-0.0212209
-0.0238151
-0.0225816
-0.018209
-0.0126608
-0.007878
-0.00470012
-0.00277025
-0.00143247
-0.000695555
-0.00137913
-0.00424651
-0.00907086
-0.0144182
-0.0183128
-0.0193177
-0.0172262
-0.0130601
-0.0084465
-0.00463893
-0.00196605
-0.000132566
0.00101858
0.00105033
-0.000683326
-0.00431929
-0.00903711
-0.0133186
-0.0156849
-0.0154322
-0.0128491
-0.00904184
-0.0052607
-0.00224722
-7.54821e-05
0.00140557
0.00207064
0.00143334
-0.000853409
-0.00451996
-0.00857836
-0.011723
-0.0129278
-0.0119217
-0.00917061
-0.00572835
-0.00246587
2.74198e-05
0.00201051
0.00311078
0.00394072
0.00270722
0.00203081
-0.00248693
-0.000501645
-0.0081813
0.12246
0.123967
0.128997
0.136593
0.147431
0.161804
0.175073
0.183266
0.129342
-0.244059
-0.567698
-0.42048
-0.507937
-0.579475
-0.380095
-0.16284
-0.0316816
0.00113369
0.0024626
-0.0144314
-0.0252199
-0.0670485
-0.136385
-0.172537
-0.137747
-0.0792582
-0.0434639
-0.0314002
-0.035172
-0.0478293
-0.0576835
-0.0552949
-0.0458195
-0.0433436
-0.0544338
-0.0752101
-0.0931231
-0.0932958
-0.0739031
-0.0486298
-0.0315924
-0.02649
-0.0296141
-0.0345243
-0.0353488
-0.0316088
-0.0285475
-0.0319816
-0.0428398
-0.0563901
-0.0646571
-0.0617566
-0.048813
-0.0332879
-0.0224738
-0.0187391
-0.0197311
-0.021184
-0.020261
-0.0181361
-0.0185835
-0.0243565
-0.0344649
-0.0444242
-0.0488147
-0.0449642
-0.034738
-0.0233429
-0.0153444
-0.0120351
-0.0116325
-0.0114378
-0.0103664
-0.00999242
-0.0128562
-0.0198774
-0.0290856
-0.0365016
-0.0384901
-0.0340496
-0.0253383
-0.0162644
-0.009837
-0.00664432
-0.00533481
-0.00439122
-0.00382952
-0.00515342
-0.009781
-0.0173463
-0.0254099
-0.0306701
-0.0308837
-0.0260601
-0.018411
-0.0109107
-0.00551819
-0.00239404
-0.000622382
0.000399605
5.89117e-05
-0.0027993
-0.00856787
-0.016008
-0.0226182
-0.0259016
-0.0247206
-0.0197179
-0.0129704
-0.00669476
-0.00209198
0.000871937
0.00265699
0.00320146
0.00172563
-0.00236299
-0.00858376
-0.0152339
-0.0201047
-0.0215728
-0.0193202
-0.0143656
-0.00850377
-0.00329854
0.000578303
0.00316576
0.00450688
0.00415446
0.00155385
-0.00324926
-0.00920057
-0.0145552
-0.0176355
-0.0175864
-0.0146233
-0.00991428
-0.00492281
-0.00069611
0.00240878
0.00436934
0.00500722
0.00386138
0.000701794
-0.00402139
-0.00911661
-0.0130921
-0.0147593
-0.0137438
-0.0104802
-0.00613395
-0.00177284
0.00171327
0.00443414
0.0057881
0.00657252
0.00468542
0.0034985
-0.00229722
-0.000217239
-0.00971994
0.118695
0.11983
0.123581
0.128912
0.135786
0.142883
0.144447
0.128342
0.0409816
-0.186445
-0.391396
-0.36292
-0.405519
-0.436256
-0.288296
-0.130186
-0.0186171
0.0324429
0.0416629
0.0317196
0.00405961
-0.0504342
-0.122602
-0.150047
-0.111626
-0.060313
-0.03043
-0.0195736
-0.0212907
-0.0309273
-0.039449
-0.0385427
-0.0320912
-0.0324042
-0.045759
-0.0680844
-0.0862253
-0.0855956
-0.0654608
-0.0401379
-0.0231154
-0.0175082
-0.0197058
-0.0238449
-0.0247427
-0.0220752
-0.0207133
-0.0259812
-0.0384374
-0.053054
-0.061655
-0.058462
-0.0448668
-0.0285694
-0.0168858
-0.0121974
-0.0123276
-0.0133354
-0.0126404
-0.0114462
-0.0132883
-0.0205834
-0.032024
-0.0428876
-0.0476294
-0.0435904
-0.032718
-0.0203646
-0.0112548
-0.00687497
-0.00568339
-0.00521215
-0.00447394
-0.00500463
-0.00913658
-0.0175136
-0.0279001
-0.0361196
-0.0384209
-0.0337631
-0.024341
-0.014203
-0.00658179
-0.00233107
-0.000348309
0.00072927
0.000856543
-0.00138031
-0.00720471
-0.0160078
-0.0251268
-0.0310878
-0.0315295
-0.0264008
-0.0179527
-0.0093263
-0.00274719
0.00133794
0.00362798
0.00464022
0.00377659
-8.13971e-07
-0.00689858
-0.0154638
-0.0230038
-0.0268625
-0.0257841
-0.0203579
-0.0127291
-0.00531904
0.000381467
0.00413898
0.00625737
0.00664967
0.00458289
-0.000408191
-0.00767057
-0.0153172
-0.0209694
-0.0228506
-0.0205412
-0.0150352
-0.00824135
-0.00196369
0.0028432
0.00600621
0.00748849
0.00685716
0.00363198
-0.00201966
-0.00888994
-0.0150754
-0.0187446
-0.0189112
-0.015717
-0.0103584
-0.00445253
0.000709773
0.00453527
0.00686193
0.00748589
0.00598042
0.00219962
-0.00329018
-0.00916106
-0.0137862
-0.0158463
-0.0148754
-0.0112688
-0.00626309
-0.00106964
0.0031777
0.00646544
0.00800798
0.00877037
0.00640667
0.00485322
-0.00189924
0.000152459
-0.0107087
0.11448
0.11524
0.117685
0.120876
0.124107
0.12571
0.119276
0.0953951
0.0203822
-0.157895
-0.286566
-0.286166
-0.320707
-0.334578
-0.228737
-0.10838
-0.015233
0.0413705
0.0634281
0.0628979
0.0255095
-0.0390545
-0.104756
-0.119734
-0.0826567
-0.0417012
-0.0183117
-0.00879863
-0.00860536
-0.0152619
-0.0221641
-0.0221046
-0.0178067
-0.0199019
-0.0344834
-0.0573974
-0.0751844
-0.0740079
-0.0542171
-0.0301414
-0.0140803
-0.00849404
-0.0100322
-0.0135129
-0.0144207
-0.0125334
-0.012366
-0.0188479
-0.032283
-0.0474612
-0.0561485
-0.0527978
-0.0390581
-0.0226704
-0.0107451
-0.00556766
-0.0051307
-0.0058197
-0.00530107
-0.00478739
-0.00760419
-0.0159128
-0.0281978
-0.039609
-0.0445686
-0.0404746
-0.0293331
-0.0165305
-0.00681546
-0.00177377
-6.06277e-05
0.000583609
0.00106421
-0.000106966
-0.00509563
-0.0143587
-0.0255043
-0.0342542
-0.0368022
-0.0320849
-0.0222996
-0.0115489
-0.0031843
0.00175751
0.00418074
0.00532302
0.00513349
0.00228063
-0.00432179
-0.0139206
-0.0237324
-0.0301888
-0.030849
-0.025605
-0.0167053
-0.00737827
-2.4085e-05
0.00469823
0.00731952
0.00830261
0.00708413
0.00271803
-0.00489127
-0.0141775
-0.0223468
-0.0266424
-0.0257134
-0.0200888
-0.0119323
-0.00379081
0.0026392
0.00692104
0.00924504
0.00952851
0.00709124
0.00155004
-0.00635715
-0.0146519
-0.020857
-0.0230834
-0.0208225
-0.0150234
-0.00765118
-0.000669667
0.00475703
0.00829549
0.00986293
0.00906496
0.00547804
-0.00067131
-0.00810809
-0.0148461
-0.0189523
-0.0193355
-0.0160664
-0.0103358
-0.00384987
0.00193098
0.00623557
0.00880061
0.00942175
0.00771534
0.00358642
-0.0023497
-0.00870198
-0.0137663
-0.016131
-0.0152542
-0.0114855
-0.00609163
-0.000367615
0.00437704
0.00803886
0.00969665
0.0104589
0.00780771
0.00604625
-0.00130841
0.000594038
-0.0111019
0.10997
0.110366
0.111579
0.112776
0.112972
0.110012
0.0986027
0.0695776
0.00616959
-0.119767
-0.226952
-0.244247
-0.264935
-0.264599
-0.184488
-0.0916148
-0.0155345
0.0376631
0.0656242
0.0663778
0.0311632
-0.0315315
-0.0819449
-0.0849499
-0.0548687
-0.0252934
-0.00779584
0.000524466
0.00238828
-0.0013671
-0.00640778
-0.00664096
-0.00380317
-0.00677441
-0.0214898
-0.0439617
-0.0608713
-0.0595213
-0.0411737
-0.0194778
-0.00512003
7.57342e-05
-0.000965029
-0.00385552
-0.00472185
-0.00336296
-0.00390628
-0.0109583
-0.0247036
-0.0399008
-0.0484301
-0.0450973
-0.0317595
-0.0159621
-0.00438158
0.000873487
0.00162084
0.00113378
0.00151705
0.00158921
-0.00177633
-0.0105636
-0.0231715
-0.0347491
-0.0397879
-0.0357872
-0.0247743
-0.0120413
-0.00221859
0.00309398
0.00507378
0.00578704
0.00607948
0.00452903
-0.000894972
-0.0105528
-0.0220135
-0.0310022
-0.0337242
-0.0291111
-0.0193227
-0.00841994
0.000235882
0.00550571
0.00813897
0.00927367
0.00887984
0.00570778
-0.00124396
-0.0111784
-0.0213001
-0.0280307
-0.028893
-0.0237259
-0.0147302
-0.00513679
0.00257544
0.00760901
0.0103724
0.011302
0.0098915
0.0052674
-0.00262638
-0.0122134
-0.0206929
-0.0252722
-0.0245324
-0.0189347
-0.0106106
-0.00214917
0.00463477
0.00916693
0.0115647
0.0117752
0.00918136
0.00344246
-0.00470306
-0.013281
-0.0197929
-0.0222835
-0.0201683
-0.0143336
-0.00674245
0.000564945
0.00629298
0.010001
0.0115903
0.0107284
0.00703461
0.000739378
-0.0069005
-0.0138962
-0.0182716
-0.0188603
-0.0156659
-0.00984102
-0.00311637
0.00295634
0.00749064
0.0101598
0.0107805
0.0090213
0.00481123
-0.00124756
-0.00777588
-0.0130549
-0.0156234
-0.0148809
-0.0111266
-0.00561662
0.000330017
0.00530063
0.00913771
0.010832
0.0116062
0.00884733
0.00703198
-0.000562243
0.00107474
-0.0108915
0.105313
0.105379
0.105473
0.10496
0.10268
0.0964932
0.0820561
0.0520877
-0.00191719
-0.0969336
-0.179261
-0.198688
-0.214291
-0.211038
-0.152032
-0.080277
-0.017895
0.0279469
0.0550073
0.0579138
0.0307274
-0.0160592
-0.0503552
-0.0513842
-0.0320908
-0.0122541
0.000823626
0.00821685
0.0113801
0.0103285
0.00735915
0.00731531
0.00918561
0.00596933
-0.00793145
-0.029018
-0.0446515
-0.0435244
-0.0275185
-0.00898655
0.00321306
0.00781784
0.0072094
0.00489057
0.00411227
0.00513742
0.0042928
-0.00273384
-0.0161405
-0.03083
-0.038988
-0.0358763
-0.0234716
-0.00887113
0.00187739
0.00688764
0.00775009
0.00737135
0.0076473
0.00748215
0.00395864
-0.00479478
-0.0172155
-0.0285853
-0.0335718
-0.0298164
-0.0193191
-0.00713971
0.00234501
0.00759008
0.009618
0.0103077
0.0104659
0.00876888
0.00330227
-0.00627883
-0.0176206
-0.0265595
-0.0293817
-0.0250306
-0.0155841
-0.00496286
0.00356884
0.00883982
0.0114762
0.0125336
0.0120302
0.00880663
0.00190646
-0.00792196
-0.0179787
-0.0247618
-0.0258036
-0.0208939
-0.012139
-0.00268776
0.00499538
0.0100413
0.0127722
0.0136188
0.0121558
0.00757287
-0.000204997
-0.00968779
-0.0181624
-0.0228681
-0.0223467
-0.0169847
-0.00883111
-0.000436144
0.00635146
0.0108795
0.013225
0.0133845
0.0108183
0.00520134
-0.00279918
-0.0113054
-0.0178764
-0.0205417
-0.0186544
-0.0130214
-0.00554708
0.00173162
0.00746272
0.0111464
0.0126902
0.0118438
0.00826319
0.0021433
-0.00535353
-0.0123165
-0.0167879
-0.0175594
-0.0145715
-0.00890778
-0.00226236
0.00379571
0.0083251
0.0109688
0.0115789
0.00988676
0.0058293
-5.33075e-05
-0.00646413
-0.0117346
-0.0144001
-0.0138202
-0.0102382
-0.00486185
0.00102137
0.0059645
0.00978947
0.0114416
0.012225
0.00951016
0.00777164
0.000282058
0.00154608
-0.0101072
0.100641
0.100416
0.0995371
0.0975873
0.0933829
0.0848921
0.0687955
0.0394557
-0.00710195
-0.0794774
-0.144551
-0.167016
-0.179296
-0.173193
-0.127726
-0.0714319
-0.0203516
0.0186326
0.04295
0.0484029
0.0315867
4.42614e-05
-0.024429
-0.0276284
-0.0160766
-0.00243954
0.00770336
0.0143267
0.0183083
0.0195252
0.018726
0.0192869
0.0205514
0.0173412
0.00483602
-0.0141765
-0.0282471
-0.0276108
-0.0144153
0.000625378
0.01052
0.0144765
0.0142945
0.0125639
0.0119243
0.0127512
0.0119005
0.00538064
-0.0071246
-0.0208475
-0.0284749
-0.0257922
-0.0147728
-0.00183266
0.00773797
0.0122871
0.0131404
0.0128089
0.0129943
0.0127452
0.00938401
0.00110891
-0.0106687
-0.0214942
-0.0263149
-0.0229492
-0.0133101
-0.00209192
0.00669719
0.0116139
0.0135245
0.0141171
0.0141774
0.012518
0.00733908
-0.00175188
-0.0125841
-0.0212087
-0.0240614
-0.0201122
-0.0113117
-0.00134456
0.0067164
0.0117234
0.0141969
0.0151164
0.0145721
0.0115119
0.00500286
-0.00433057
-0.0139824
-0.0206109
-0.0218049
-0.0173083
-0.00908824
-0.000131026
0.00719564
0.0120061
0.0145595
0.0152914
0.0138789
0.00957842
0.00225749
-0.00676143
-0.0149416
-0.0196216
-0.0193352
-0.0143874
-0.00669629
0.00130016
0.00779404
0.0121045
0.0142889
0.0144033
0.0120018
0.00676528
-0.000760972
-0.00887581
-0.0152732
-0.0180202
-0.0164227
-0.0111919
-0.004122
0.00282455
0.00830521
0.0117999
0.0132344
0.012451
0.00914798
0.0034651
-0.00358765
-0.0102518
-0.0146522
-0.0155729
-0.0128963
-0.00760824
-0.00131224
0.00447027
0.00879536
0.0113008
0.0118795
0.0103349
0.00660782
0.00114814
-0.00488706
-0.00994255
-0.0125984
-0.0121948
-0.00891329
-0.00387912
0.00169974
0.00640179
0.0100553
0.0115951
0.0123705
0.00980983
0.00823928
0.00115321
0.00195071
-0.00881861
0.0960709
0.0956013
0.0939006
0.0907984
0.0851421
0.0751507
0.0583364
0.0305854
-0.00963841
-0.0662329
-0.117892
-0.138907
-0.148627
-0.142806
-0.108509
-0.064509
-0.022797
0.0102078
0.0317138
0.0386321
0.0288221
0.00802588
-0.00879841
-0.0120235
-0.00474872
0.00496201
0.0130419
0.0189807
0.0233259
0.0261224
0.0273629
0.0288365
0.0298278
0.0265613
0.0154639
-0.00116682
-0.0133694
-0.0131565
-0.00275267
0.00888982
0.0165971
0.0199427
0.0201852
0.0190691
0.0186265
0.0193398
0.0186436
0.0129452
0.00175915
-0.0106502
-0.0176543
-0.0155782
-0.00625095
0.0047617
0.0129693
0.0169437
0.0177295
0.0174198
0.0175258
0.0172886
0.0143142
0.00685625
-0.00391443
-0.0139233
-0.0184889
-0.0156379
-0.00712423
0.00283709
0.0106851
0.0151018
0.0167897
0.0172376
0.0172195
0.015722
0.0110736
0.0027961
-0.00720802
-0.0152968
-0.0181172
-0.0146832
-0.00676866
0.00225986
0.00959491
0.0141497
0.0163456
0.0170826
0.0165376
0.0137881
0.00792307
-0.000607827
-0.00957347
-0.0158688
-0.0171841
-0.013221
-0.00576659
0.00242455
0.00914816
0.0135421
0.0158138
0.0164019
0.0151016
0.0112494
0.00464119
-0.00362583
-0.0112673
-0.0157852
-0.0157361
-0.0113381
-0.00433694
0.00300473
0.00897982
0.0129151
0.0148569
0.0149189
0.0127643
0.00808583
0.00128307
-0.00617997
-0.0122016
-0.014939
-0.0136686
-0.00899151
-0.00254734
0.00383473
0.00887372
0.012057
0.0133313
0.0126266
0.00969929
0.00463371
-0.00174451
-0.00788924
-0.0120678
-0.0130948
-0.0108004
-0.00604829
-0.000306263
0.00500341
0.00897495
0.0112571
0.0117794
0.0104213
0.00713325
0.00226886
-0.00319087
-0.00785783
-0.0104047
-0.0101741
-0.00728292
-0.00274455
0.00235038
0.00665272
0.0100159
0.0113902
0.012131
0.0097894
0.00842936
0.00197622
0.00223391
-0.00713769
0.0917001
0.0910285
0.0886555
0.0846501
0.0779381
0.0670174
0.050083
0.0242586
-0.0107381
-0.0559972
-0.0976379
-0.117496
-0.126045
-0.120609
-0.0938993
-0.058902
-0.024643
0.00349662
0.0223582
0.0299209
0.0249224
0.0117054
0.000478763
-0.00193194
0.00307443
0.0103902
0.01706
0.0224204
0.0267882
0.0303857
0.0331402
0.0355814
0.0366223
0.0331998
0.023091
0.008873
-0.00106223
-0.000876278
0.00699295
0.0156083
0.0214312
0.0242444
0.0248639
0.0243602
0.0241772
0.0248303
0.0243228
0.0195635
0.00992443
-0.000971523
-0.00732328
-0.00595364
0.0015783
0.0106148
0.0174256
0.0207946
0.021502
0.0212201
0.021259
0.0210765
0.0186061
0.0121722
0.00265198
-0.0063543
-0.01062
-0.00836264
-0.00113337
0.00741172
0.0141937
0.0180249
0.0194417
0.0197261
0.0196378
0.0183649
0.0143888
0.00713591
-0.00181618
-0.00920608
-0.0119491
-0.00910088
-0.002229
0.00568285
0.0121392
0.0161343
0.0179913
0.0185227
0.0179915
0.0156293
0.0105597
0.00303677
-0.00503953
-0.0108634
-0.0122674
-0.00891443
-0.00237877
0.00486923
0.0108346
0.0147037
0.0166344
0.0170583
0.0158936
0.0125751
0.00683432
-0.000484614
-0.00740551
-0.0116491
-0.0118251
-0.00806212
-0.00190084
0.00461825
0.00993132
0.0133959
0.0150469
0.0150435
0.0131655
0.00913442
0.00320707
-0.00342267
-0.00891198
-0.0115569
-0.0106239
-0.00659429
-0.000919262
0.00474786
0.00922448
0.0120225
0.0131041
0.0124715
0.00995361
0.00559462
3.22424e-05
-0.005436
-0.00927139
-0.0103549
-0.00847555
-0.00435605
0.000702985
0.00541517
0.00894093
0.0109486
0.0113937
0.0102266
0.00741644
0.00323377
-0.00152687
-0.00568044
-0.00803415
-0.00795686
-0.00550131
-0.00154937
0.00295161
0.00675751
0.00975755
0.0109352
0.0116143
0.00951635
0.00836251
0.00268614
0.00235823
-0.00521876
0.0876083
0.0867758
0.0838665
0.0791775
0.0717279
0.0603031
0.0436291
0.0197972
-0.0108244
-0.0477897
-0.0817839
-0.0996294
-0.106977
-0.102445
-0.0818425
-0.0540512
-0.0259079
-0.00204747
0.0146923
0.0225809
0.0209432
0.0130509
0.00603994
0.00473951
0.00857772
0.0143659
0.0200154
0.0248741
0.0290771
0.0328789
0.0363249
0.0393413
0.0405305
0.0371976
0.0281225
0.0164516
0.00890245
0.00912684
0.0146961
0.0208172
0.025151
0.0275103
0.0283954
0.0284377
0.0285651
0.0292034
0.0288334
0.0249403
0.0168535
0.00750378
0.00180026
0.0024918
0.00835115
0.0155555
0.0210536
0.0238412
0.0244822
0.0242529
0.0242451
0.0241219
0.02217
0.0168247
0.00866194
0.000746824
-0.00319904
-0.00157071
0.00434115
0.0114527
0.0171556
0.0203868
0.021529
0.0216576
0.0215037
0.0204652
0.0172025
0.0110639
0.00328007
-0.00331568
-0.00593972
-0.00371445
0.00205149
0.00878186
0.0143074
0.0177083
0.0192122
0.0195375
0.0190183
0.017056
0.0128316
0.00641037
-0.000663723
-0.00592698
-0.00738705
-0.0046729
0.000875904
0.00710343
0.0122462
0.0155503
0.0171234
0.0173761
0.0163422
0.013569
0.00874744
0.00247041
-0.00362246
-0.00751176
-0.00788759
-0.00479068
0.000463127
0.00608314
0.0106721
0.01363
0.014976
0.0148961
0.0132837
0.0099078
0.00490647
-0.000799531
-0.00565769
-0.00814223
-0.00753049
-0.00418182
0.000661215
0.0055459
0.00940896
0.0117948
0.0126724
0.0120951
0.0099695
0.0063212
0.00162084
-0.00309077
-0.00650084
-0.00759234
-0.00612089
-0.00266564
0.00165794
0.00572021
0.00876367
0.0104796
0.0108368
0.00984282
0.00749294
0.00399663
-2.44897e-05
-0.0036001
-0.00570038
-0.00574355
-0.00372498
-0.000386533
0.00347937
0.00675212
0.00936086
0.0103339
0.0109307
0.0090722
0.00808605
0.00324199
0.00231775
-0.00324455
0.0838591
0.0829012
0.0795749
0.0743821
0.06644
0.0547985
0.0385914
0.0166363
-0.010386
-0.0412493
-0.0695002
-0.0856381
-0.092379
-0.0887686
-0.07256
-0.0501169
-0.0267503
-0.00633932
0.00861234
0.0166413
0.0173781
0.0132678
0.00931638
0.00903835
0.0123423
0.01721
0.0221469
0.0265775
0.030536
0.0342158
0.0377072
0.0407816
0.0420087
0.0392088
0.0317927
0.0227135
0.0169721
0.0168138
0.0204413
0.0247093
0.0279524
0.0299183
0.0309178
0.0313625
0.031807
0.0324801
0.0321843
0.0289553
0.0222115
0.0142847
0.00924585
0.00943466
0.0139116
0.0195428
0.0238836
0.026144
0.0267293
0.0265772
0.0265527
0.0264759
0.0249778
0.0206515
0.0138112
0.00697858
0.00335065
0.0043853
0.00906661
0.0148556
0.0195546
0.0222199
0.0231116
0.0231119
0.0229007
0.0220692
0.0194752
0.0144242
0.00781433
0.00203497
-0.000460074
0.00117089
0.00586418
0.0114557
0.0160847
0.0189136
0.0200854
0.0202233
0.0197087
0.0181115
0.0146924
0.00935885
0.00330634
-0.00136071
-0.00284691
-0.000751908
0.00382607
0.00904967
0.0133854
0.0161404
0.0173735
0.017463
0.0165392
0.0142669
0.0103251
0.00508325
-0.000153544
-0.00364613
-0.00418677
-0.00173473
0.0026231
0.00735191
0.0112258
0.0136909
0.0147458
0.0145859
0.0132035
0.0104284
0.00631329
0.00153035
-0.00266235
-0.00494057
-0.00461218
-0.00192076
0.00210282
0.00621253
0.00947099
0.0114574
0.0121391
0.0115997
0.00981741
0.00681848
0.00294109
-0.00101193
-0.00396232
-0.00501875
-0.00391579
-0.0010975
0.00250714
0.00593032
0.00850228
0.00993731
0.0102091
0.0093595
0.0074157
0.00454711
0.00123114
-0.00176425
-0.00358156
-0.00370627
-0.00208882
0.000664742
0.00391438
0.00666822
0.00889465
0.00967394
0.0101781
0.00853856
0.00766595
0.0036328
0.00214233
-0.00139804
0.0805016
0.0794488
0.0758065
0.0702545
0.0620036
0.0503352
0.034692
0.0144219
-0.00965085
-0.0359474
-0.0598229
-0.0742833
-0.0804062
-0.0776232
-0.0648308
-0.0466103
-0.0270884
-0.00951385
0.00390647
0.0119258
0.0143034
0.0128674
0.0111889
0.0118359
0.0149395
0.0192325
0.0236528
0.0277178
0.0314109
0.0348616
0.0381309
0.0409827
0.0422109
0.0401617
0.0345024
0.0275303
0.0229019
0.0222665
0.0245436
0.0275649
0.0300359
0.0316548
0.0326287
0.0332854
0.0339764
0.0347197
0.0344826
0.0317077
0.0259907
0.0192871
0.0149559
0.0148888
0.0182917
0.0226332
0.0260066
0.027808
0.028333
0.0282635
0.0282553
0.0282158
0.0270669
0.0235905
0.0179138
0.0120643
0.00875001
0.0092885
0.0129344
0.0175978
0.0214205
0.0235798
0.0242559
0.0241641
0.023911
0.023243
0.0212141
0.0171292
0.0115998
0.00659156
0.00423363
0.00533546
0.0090743
0.0136553
0.0174843
0.0197995
0.0206801
0.0206626
0.020148
0.0188545
0.0161363
0.0117865
0.0066897
0.00260202
0.00111526
0.00265313
0.00634942
0.0106626
0.0142678
0.0165281
0.017461
0.0174088
0.0165703
0.0147213
0.0115527
0.00725466
0.00282791
-0.000264973
-0.000930774
0.000941367
0.00448122
0.00839508
0.0116176
0.0136387
0.0144363
0.0142021
0.0130057
0.0107399
0.00740527
0.0034672
-8.76672e-05
-0.00213982
-0.00204327
5.97411e-05
0.00333718
0.00673845
0.00944663
0.0110745
0.0115831
0.0110693
0.00956864
0.00711977
0.00396499
0.000706094
-0.00179723
-0.00278715
-0.00199333
0.000258893
0.00321406
0.00605689
0.00820244
0.00938734
0.00958527
0.00885146
0.0072438
0.00490794
0.00220999
-0.000255191
-0.00179225
-0.00196257
-0.000686282
0.001551
0.00424713
0.00653316
0.00841284
0.00902185
0.00943352
0.00798558
0.00717449
0.00387506
0.00188928
0.000174504
0.077573
0.0764501
0.0725744
0.0667746
0.0583452
0.0467612
0.0316959
0.0128739
-0.00882608
-0.0317172
-0.0523155
-0.0654138
-0.0711673
-0.0691414
-0.0588861
-0.0438249
-0.0272593
-0.0119178
0.000284475
0.00824085
0.0117649
0.0122222
0.0121897
0.0135975
0.0166861
0.0206457
0.0247053
0.0284698
0.031907
0.0351125
0.03812
0.0407006
0.0418904
0.0404307
0.0360987
0.0306603
0.0268469
0.0259837
0.0274369
0.029644
0.0315654
0.0328857
0.0337482
0.0344446
0.0352429
0.0360318
0.0358678
0.0334526
0.0285474
0.0228893
0.0192428
0.0190575
0.0216165
0.0249385
0.0275463
0.028963
0.0294085
0.0293987
0.0294284
0.0294294
0.0285308
0.0256942
0.0209424
0.0159135
0.0129023
0.0131022
0.0159598
0.0197237
0.0228167
0.02454
0.0250339
0.0248823
0.0246078
0.0240619
0.0224702
0.0191704
0.014553
0.0102155
0.00799381
0.00867168
0.0116345
0.0153857
0.0185441
0.0204204
0.0210576
0.0209217
0.0204087
0.0193507
0.0171946
0.0136646
0.00939184
0.00582213
0.00435296
0.00542943
0.00838621
0.0119342
0.0149219
0.0167627
0.0174451
0.01728
0.0165061
0.0149919
0.0124534
0.00894997
0.00522916
0.00250384
0.00175167
0.00313917
0.0059858
0.00920693
0.0118757
0.0135212
0.0141047
0.0138091
0.012757
0.0108969
0.00820127
0.00497761
0.0019836
0.000150886
7.12924e-05
0.00168394
0.00432924
0.00712707
0.009367
0.0106927
0.011058
0.0105631
0.00928369
0.00727359
0.00470982
0.00203727
-6.97969e-05
-0.000978608
-0.000426583
0.00135662
0.00376468
0.00611521
0.00789951
0.00887482
0.00901143
0.0083708
0.00703035
0.00512076
0.00292784
0.00090976
-0.00037624
-0.000565481
0.000439661
0.00225076
0.00448169
0.00637229
0.00795591
0.00842389
0.00874904
0.00746483
0.00667592
0.00400053
0.00162181
0.00139031
0.0751007
0.0739275
0.0698843
0.0639201
0.0554007
0.0439563
0.0294306
0.0118097
-0.00801466
-0.0283639
-0.0465042
-0.0584525
-0.0638638
-0.0624199
-0.0540632
-0.0414157
-0.027149
-0.0135708
-0.00238008
0.00545251
0.00974547
0.0115228
0.0126848
0.014703
0.017853
0.0216138
0.0254177
0.0289435
0.0321578
0.0351409
0.037919
0.0402696
0.0414027
0.0403337
0.0369239
0.0325736
0.0293978
0.0284929
0.0294616
0.0311386
0.0326682
0.0337435
0.0344666
0.0351012
0.0358822
0.0366553
0.0365634
0.0345014
0.0303215
0.0255409
0.0224306
0.0221258
0.0240293
0.0265925
0.0286309
0.0297381
0.0300841
0.0300924
0.0301577
0.0302062
0.029493
0.0271126
0.0230428
0.0186592
0.0159412
0.0159528
0.0182423
0.0213131
0.023821
0.0251819
0.0255211
0.0253296
0.0250528
0.0246006
0.0233279
0.0206173
0.0167073
0.0129083
0.0108185
0.0111957
0.01358
0.0166928
0.0193161
0.0208313
0.0212709
0.0210504
0.0205456
0.0196628
0.0179277
0.0150304
0.0114135
0.00827064
0.00683186
0.0075573
0.0099408
0.0128896
0.0153859
0.0168875
0.01737
0.0171214
0.0163988
0.0151369
0.0130786
0.0101959
0.00704304
0.00462727
0.00382139
0.00483277
0.00713281
0.00980403
0.0120304
0.0133751
0.0137898
0.013449
0.0125071
0.0109548
0.00875011
0.00608771
0.00354798
0.00190658
0.00170164
0.00293232
0.00507704
0.00739337
0.00925844
0.0103433
0.010597
0.0101186
0.00900842
0.00733238
0.00522352
0.00301191
0.00122724
0.000397423
0.000771033
0.00218942
0.00416495
0.00612287
0.00761834
0.00842764
0.00851761
0.00795153
0.00681661
0.00523303
0.00342966
0.0017631
0.000682564
0.0004897
0.00129073
0.00276974
0.00463189
0.00620686
0.00755095
0.00790825
0.00816026
0.0070097
0.00621993
0.00404659
0.00139096
0.00223892
0.0731041
0.0718961
0.0677367
0.0616681
0.0531133
0.0418219
0.0277598
0.0110893
-0.00730348
-0.0258001
-0.0421544
-0.0532276
-0.058418
-0.057455
-0.0504887
-0.0396057
-0.0270403
-0.0147898
-0.00435271
0.00336853
0.00818736
0.0108772
0.0128862
0.0153718
0.0186146
0.0222676
0.0258968
0.0292394
0.0322704
0.0350665
0.0376565
0.0398281
0.0409111
0.0401083
0.0373325
0.03374
0.031044
0.0301736
0.0308596
0.0321923
0.0334454
0.0343285
0.0349209
0.0354644
0.0361743
0.0368953
0.0368603
0.0351108
0.0315283
0.027412
0.0246692
0.0242518
0.0256969
0.0277387
0.0293761
0.0302445
0.030485
0.0304733
0.0305517
0.030641
0.0300722
0.028025
0.0244552
0.0205662
0.0181051
0.0180182
0.0199011
0.022454
0.0245144
0.025588
0.0257967
0.0255726
0.0253035
0.0249268
0.0238815
0.021588
0.0181882
0.0147924
0.0128252
0.0130154
0.0149976
0.0176437
0.0198576
0.021086
0.021369
0.0210897
0.020599
0.0198444
0.0184078
0.0159657
0.0128319
0.0100138
0.0086125
0.00909497
0.0110671
0.0135764
0.0157019
0.0169408
0.0172692
0.0169623
0.0162822
0.0152035
0.0134898
0.0110586
0.00832815
0.00615172
0.00531731
0.00605904
0.00795809
0.0102207
0.0121136
0.013229
0.0135162
0.0131451
0.0122867
0.0109585
0.00910953
0.00685837
0.00465871
0.00316866
0.00288026
0.00383336
0.00560751
0.00756322
0.00914501
0.0100474
0.0102182
0.00975484
0.00877078
0.00733869
0.00556132
0.00368878
0.00214661
0.00138321
0.00163218
0.002784
0.00443824
0.00610122
0.00737819
0.00806225
0.0081191
0.0076106
0.00662845
0.00528392
0.00376572
0.00235865
0.00143349
0.00124375
0.00189873
0.00313338
0.00471959
0.0060563
0.00721638
0.00749049
0.00768248
0.00663768
0.00583713
0.00404539
0.00122102
0.00276733
0.0715967
0.0703658
0.0661298
0.0599985
0.051438
0.040284
0.0265864
0.0106219
-0.0067347
-0.0239327
-0.0390356
-0.0494576
-0.0544697
-0.053838
-0.0478335
-0.0381927
-0.0268421
-0.0155418
-0.00568325
0.00192385
0.00707215
0.0103649
0.012946
0.0157638
0.019091
0.0226846
0.0261974
0.0294088
0.032303
0.0349585
0.0374084
0.0394521
0.0405001
0.0398768
0.0375257
0.0344437
0.0320847
0.0312652
0.0317896
0.0329044
0.0339691
0.0347108
0.0351979
0.0356607
0.0363012
0.03697
0.0369684
0.0354372
0.032268
0.0286041
0.026104
0.0256339
0.0267931
0.0284992
0.0298674
0.0305621
0.0307101
0.0306619
0.0307337
0.0308492
0.0303892
0.0285894
0.0253864
0.0218597
0.0195887
0.0194369
0.0210354
0.0232242
0.0249663
0.0258283
0.0259327
0.0256783
0.0254173
0.0251001
0.0242161
0.0222092
0.0191605
0.0160499
0.0141846
0.0142661
0.0159808
0.0183005
0.0202171
0.0212307
0.0213946
0.0210743
0.0205996
0.0199373
0.0187046
0.0165712
0.0137688
0.0111793
0.00981464
0.0101427
0.0118394
0.0140455
0.0159068
0.0169529
0.017168
0.0168224
0.0161768
0.0152265
0.0137468
0.0116219
0.00918169
0.00717432
0.00632725
0.00689012
0.0085156
0.0104949
0.0121522
0.0131031
0.0132993
0.0129099
0.0121132
0.010941
0.00933495
0.00736408
0.00539853
0.00401611
0.00367485
0.00444026
0.00595882
0.00766268
0.00904441
0.0098173
0.0099305
0.00948075
0.0085873
0.00732502
0.00577517
0.00413488
0.0027601
0.00204491
0.0022109
0.00318027
0.00461149
0.00606747
0.00718988
0.00778549
0.00782035
0.00735501
0.00648179
0.00530407
0.00398274
0.00275438
0.00193692
0.00175088
0.00230629
0.00337179
0.00476451
0.0059328
0.00696065
0.0071761
0.00732301
0.00635718
0.00554527
0.00402436
0.00111528
0.00305628
0.0705875
0.0693428
0.0650606
0.0588949
0.05034
0.0392876
0.02584
0.0103416
-0.00634302
-0.0227183
-0.0370317
-0.0470346
-0.0519422
-0.0515376
-0.0461485
-0.0372985
-0.026724
-0.0160427
-0.00654271
0.00099035
0.00634118
0.0100061
0.0129443
0.0159787
0.0193717
0.0229366
0.0263779
0.0295032
0.0323051
0.0348657
0.0372221
0.0391831
0.0402088
0.0396957
0.0376054
0.034839
0.0326959
0.0319223
0.0323605
0.0333466
0.0342931
0.0349408
0.0353547
0.0357602
0.0363511
0.0369812
0.0369942
0.0355917
0.0326734
0.0292886
0.0269526
0.0264605
0.0274581
0.0289651
0.0301664
0.0307469
0.0308282
0.0307479
0.0308083
0.0309374
0.0305478
0.0289093
0.0259441
0.0226506
0.0205017
0.0203107
0.0217344
0.0236965
0.0252364
0.0259594
0.0259905
0.0257113
0.0254544
0.0251772
0.024398
0.0225745
0.0197501
0.0168243
0.0150303
0.0150514
0.0166017
0.0187136
0.0204354
0.0213047
0.0213872
0.0210393
0.0205769
0.019975
0.0188704
0.0169293
0.0143342
0.0118907
0.0105554
0.010795
0.0123243
0.0143399
0.0160301
0.0169479
0.017087
0.0167169
0.0160958
0.0152273
0.0138925
0.0119561
0.00969589
0.00779598
0.00694585
0.00740272
0.00886039
0.010662
0.0121686
0.013012
0.0131488
0.0127487
0.0119929
0.0109194
0.00946368
0.00766532
0.0058447
0.00453079
0.00416001
0.00481202
0.0061724
0.00771784
0.00897179
0.00966103
0.00973724
0.00929726
0.00846235
0.00730712
0.00589865
0.00440196
0.00313114
0.00244721
0.00256373
0.0034213
0.00471358
0.00603884
0.00706242
0.00760103
0.00762191
0.0071848
0.00638129
0.00530875
0.00411032
0.00299316
0.00224303
0.00206032
0.00255488
0.00351548
0.00478646
0.00584773
0.00678994
0.00696757
0.00708383
0.00616989
0.00534894
0.00399989
0.00105772
0.00319066
0.0700815
0.0688306
0.0645265
0.058346
0.0497969
0.0387984
0.0254781
0.0102116
-0.00614191
-0.022117
-0.0360467
-0.0458406
-0.0506929
-0.0503953
-0.045301
-0.0368343
-0.0266391
-0.0162606
-0.00694355
0.000547003
0.00598918
0.00982727
0.012935
0.0160736
0.0194994
0.0230513
0.0264579
0.0295405
0.0322962
0.0348096
0.0371207
0.0390429
0.0400597
0.0396011
0.0376363
0.0350208
0.0329817
0.0322323
0.0326318
0.0335571
0.0344458
0.035046
0.0354216
0.0357974
0.0363634
0.036975
0.0369953
0.0356551
0.0328571
0.0296058
0.0273485
0.0268491
0.0277722
0.0291852
0.0303057
0.030829
0.0308751
0.0307771
0.0308318
0.030969
0.0306148
0.0290543
0.0262032
0.0230221
0.0209331
0.020725
0.0220656
0.0239187
0.0253603
0.0260138
0.0260064
0.025713
0.0254579
0.0252024
0.0244771
0.0227457
0.0200332
0.0171993
0.0154413
0.0154334
0.0169032
0.0189123
0.0205367
0.0213326
0.0213725
0.0210101
0.0205542
0.0199837
0.0189434
0.0170979
0.0146054
0.0122345
0.0109147
0.0111123
0.0125605
0.0144825
0.0160872
0.0169399
0.01704
0.0166576
0.0160493
0.015222
0.0139583
0.0121137
0.00994085
0.00809344
0.0072426
0.00764905
0.00902581
0.010741
0.0121733
0.0129632
0.0130704
0.0126655
0.0119307
0.010906
0.00952321
0.00780776
0.00605657
0.0047755
0.00439065
0.00498854
0.00627266
0.00774122
0.00893275
0.00958099
0.00963933
0.00920497
0.00839954
0.00729692
0.00595683
0.00452889
0.00330749
0.00263814
0.00273065
0.00353447
0.00475957
0.00602133
0.00699675
0.00750765
0.00752224
0.00709984
0.00633115
0.00531022
0.0041713
0.0031074
0.00238913
0.00220748
0.00267235
0.00358202
0.00479381
0.00580281
0.00670311
0.00686235
0.00696387
0.00607621
0.0052514
0.00398636
0.00103496
0.00323874
-0.535339
-0.246403
-0.141991
-0.535339
-0.246405
-0.437445
-0.442643
-0.525397
-0.437445
-0.442643
0.14822
0.43353
0.341746
0.351669
0.148218
0.43353
0.341745
-0.102563
-0.431314
-0.431313
-0.407343
-0.4002
-0.406365
-0.412866
-0.407342
-0.4002
-0.406365
0.500661
0.447669
0.500661
-0.426479
-0.443494
-0.426479
-0.443492
0.428873
0.497835
0.428873
-0.457164
-0.463566
-0.457162
-0.463564
0.269738
0.319636
0.0716088
0.408551
0.269737
0.319636
0.0716068
-0.204769
-0.204773
-0.458593
-0.458592
-0.457322
-0.449137
-0.447476
-0.4523
-0.457323
-0.449136
-0.447475
-0.219202
-0.628553
-0.357309
-0.219202
-0.628552
-0.474208
-0.603095
-0.464891
-0.474207
-0.603093
-0.464891
-0.321476
-0.173812
-0.401109
-0.124048
-0.321476
-0.173812
-0.40111
-0.385159
-0.497376
-0.425386
-0.391547
-0.385159
-0.497375
-0.425386
0.117309
0.282174
0.130809
0.209131
0.117309
0.282174
0.130807
-0.518916
-0.526228
-0.502567
-0.554543
-0.503409
-0.554705
-0.518757
-0.404587
-0.416671
-0.411415
-0.425871
-0.404587
-0.416671
-0.411415
-0.0950723
-0.406512
-0.412617
-0.409961
-0.40783
-0.40977
-0.407941
-0.406802
-0.404166
-0.394103
-0.39372
-0.404444
-0.450517
-0.44149
-0.441138
-0.450901
-0.452856
-0.448594
-0.442767
-0.45574
-0.442413
-0.458613
-0.452127
0.0573972
0.17371
0.0628184
0.247955
0.0573956
0.173709
0.0628181
-0.509279
-0.354769
-0.255914
-0.258646
-0.513066
-0.433274
-0.434896
-0.424446
-0.44777
-0.433273
-0.434896
-0.424446
-0.4834
-0.179491
-0.393294
-0.244059
-0.483401
-0.179491
-0.393294
-0.468973
-0.452334
-0.43603
-0.567696
-0.468973
-0.452333
-0.43603
-0.412769
-0.537064
-0.398121
-0.56133
-0.399148
-0.562481
-0.412191
-0.397001
-0.2439
-0.162409
-0.164487
-0.400523
-0.412769
-0.537062
-0.398123
-0.561329
-0.399147
-0.562479
-0.412193
-0.397
-0.243901
-0.162411
-0.164488
-0.400524
-0.455474
-0.442608
-0.441524
-0.441524
-0.455826
-0.518914
-0.526226
-0.502565
-0.554542
-0.503406
-0.554703
-0.518756
-0.455472
-0.442607
-0.441524
-0.441522
-0.455825
0.353479
0.146762
0.283592
0.13716
0.282985
0.135575
0.354927
0.402709
0.360254
0.232893
0.462349
0.204821
0.466293
0.405103
0.353479
0.146761
0.283591
0.137159
0.282984
0.135574
0.354926
0.402708
0.360253
0.232892
0.462349
0.20482
0.466292
0.405103
-0.095074
-0.431115
-0.431114
-0.39982
-0.400737
-0.402223
-0.404444
-0.401728
-0.404111
-0.40027
-0.406512
-0.412616
-0.409961
-0.407829
-0.409769
-0.40794
-0.406802
-0.399819
-0.400736
-0.402223
-0.404444
-0.401728
-0.40411
-0.400269
0.557002
0.492527
0.495562
0.555041
0.591352
0.606561
0.607684
0.58997
0.557002
0.492527
0.495561
0.55504
0.591352
0.606561
0.607684
0.58997
-0.415813
-0.428934
-0.428579
-0.416158
-0.404165
-0.394102
-0.393719
-0.404443
-0.415812
-0.428933
-0.428577
-0.416157
0.571947
0.599939
0.601121
0.570363
0.526521
0.449578
0.453171
0.524171
0.571946
0.599939
0.601121
0.570363
0.52652
0.449577
0.45317
0.524171
-0.454397
-0.45865
-0.458237
-0.45485
-0.450514
-0.441489
-0.441136
-0.450899
-0.454395
-0.458648
-0.458235
-0.454848
0.354615
0.291306
0.418893
0.153504
0.423523
0.119901
0.357663
0.304216
0.0703781
0.0511893
0.231998
0.0493347
0.231092
0.306222
0.354613
0.291305
0.418892
0.153503
0.423522
0.1199
0.357662
0.304215
0.0703767
0.0511878
0.231997
0.0493338
0.231091
0.306221
-0.196383
-0.196386
-0.458819
-0.458818
-0.446226
-0.45011
-0.457699
-0.434507
-0.457392
-0.43483
-0.446068
-0.452855
-0.448593
-0.442765
-0.455738
-0.442411
-0.458611
-0.452124
-0.446224
-0.450109
-0.457697
-0.434505
-0.457391
-0.434828
-0.446066
-0.506812
-0.630796
-0.658356
-0.489338
-0.659941
-0.49065
-0.505913
-0.50928
-0.354771
-0.255917
-0.258648
-0.513068
-0.506814
-0.630795
-0.658356
-0.48934
-0.659941
-0.490652
-0.505915
-0.495738
-0.474289
-0.47017
-0.470592
-0.49572
-0.57757
-0.604403
-0.632927
-0.560026
-0.633466
-0.561386
-0.577081
-0.495738
-0.474289
-0.470169
-0.470592
-0.49572
-0.57757
-0.604402
-0.632925
-0.560027
-0.633465
-0.561387
-0.577082
-0.399166
-0.142862
-0.346331
-0.158944
-0.346191
-0.161054
-0.400279
0.343022
0.314701
0.38504
0.288789
0.343022
0.314701
0.38504
-0.369888
-0.409242
-0.426456
-0.39005
-0.369887
-0.409242
-0.426456
0.415838
0.339593
0.430853
0.331144
0.415838
0.339593
0.430853
0.55112
0.448943
0.526887
0.482028
0.528438
0.483141
0.549829
-0.490824
-0.468265
-0.5324
-0.438549
-0.490823
-0.468265
-0.532399
0.427608
0.32461
0.406878
0.337338
0.427608
0.32461
0.406878
0.561924
0.498991
0.574699
0.48593
0.57592
0.487137
0.560674
-0.604678
-0.520876
-0.614407
-0.503549
-0.604677
-0.520877
-0.614406
0.370509
0.275102
0.324216
0.304814
0.370509
0.275102
0.324216
-0.656631
-0.525441
-0.630231
-0.531927
-0.65663
-0.525441
-0.630231
-0.448302
-0.433288
-0.446329
-0.433653
-0.447097
-0.420723
-0.42005
-0.399165
-0.142861
-0.346332
-0.158945
-0.34619
-0.161054
-0.400279
-0.457942
-0.437678
-0.446195
-0.454219
-0.446549
-0.45418
-0.458004
-0.45794
-0.437676
-0.446194
-0.454219
-0.446548
-0.454179
-0.458003
0.57156
0.501804
0.494571
0.578003
0.495737
0.579224
0.570312
0.55112
0.448943
0.526887
0.482028
0.528438
0.483141
0.549829
0.571559
0.501804
0.494571
0.578003
0.495736
0.579224
0.570312
-0.409241
-0.426379
-0.399191
-0.426552
-0.399312
-0.42645
-0.409302
-0.418496
-0.443305
-0.436372
-0.428581
-0.436197
-0.428436
-0.418621
-0.40924
-0.426376
-0.39919
-0.426552
-0.39931
-0.426448
-0.409301
-0.418494
-0.443303
-0.436371
-0.42858
-0.436195
-0.428434
-0.41862
0.535577
0.43023
0.468616
0.506464
0.469789
0.508034
0.534273
0.561924
0.498991
0.574698
0.48593
0.575919
0.487137
0.560674
0.535577
0.43023
0.468617
0.506465
0.469789
0.508034
0.534273
-0.446566
-0.456924
-0.439313
-0.458592
-0.439133
-0.458372
-0.446782
-0.450611
-0.463343
-0.466881
-0.451777
-0.466648
-0.451489
-0.450891
-0.446564
-0.456922
-0.439312
-0.458591
-0.439131
-0.45837
-0.446781
-0.45061
-0.463341
-0.46688
-0.451777
-0.466647
-0.451487
-0.45089
-0.505866
-0.220376
-0.246498
-0.442883
-0.249127
-0.44286
-0.506963
-0.505867
-0.220377
-0.2465
-0.442884
-0.249129
-0.442861
-0.506964
-0.500147
-0.465332
-0.484628
-0.487661
-0.484785
-0.488476
-0.499901
-0.500147
-0.465332
-0.484628
-0.487661
-0.484785
-0.488476
-0.4999
0.12547
0.110341
0.230285
0.106244
0.229629
0.17212
0.172626
0.125469
0.11034
0.230285
0.106244
0.229629
0.172119
0.172625
-0.416595
-0.420912
-0.417704
-0.420659
-0.417564
-0.415661
-0.415755
-0.416594
-0.420912
-0.417704
-0.420658
-0.417563
-0.41566
-0.415755
0.0512654
0.177256
0.0415812
0.176328
0.0367105
0.118668
0.119386
0.051264
0.177255
0.0415806
0.176327
0.0367089
0.118666
0.119385
-0.448301
-0.433287
-0.446327
-0.433652
-0.447096
-0.420721
-0.420049
0.0701519
0.164709
0.0877907
0.117237
0.0701516
0.164708
0.0877904
-0.330917
-0.399387
-0.407072
-0.358768
-0.330917
-0.399386
-0.407072
0.265789
0.264735
0.299332
0.228338
0.265788
0.264735
0.299331
-0.278869
-0.36878
-0.342504
-0.360104
-0.27887
-0.36878
-0.342504
0.278126
0.210238
0.242889
0.248851
0.278125
0.210238
0.242889
-0.631546
-0.501904
-0.604012
-0.514868
-0.631546
-0.501903
-0.604012
0.0395636
0.0828241
0.0255811
0.129342
0.0395632
0.0828241
0.025581
-0.454909
-0.401617
-0.413649
-0.420479
-0.454909
-0.401617
-0.413648
)
;

boundaryField
{
    inlet
    {
        type            zeroGradient;
    }
    outlet
    {
        type            fixedValue;
        value           uniform 0;
    }
    top
    {
        type            symmetryPlane;
    }
    bottom
    {
        type            symmetryPlane;
    }
    front
    {
        type            symmetryPlane;
    }
    back
    {
        type            symmetryPlane;
    }
    cylinder
    {
        type            zeroGradient;
    }
}


// ************************************************************************* //
