/*--------------------------------*- C++ -*----------------------------------*\
  =========                 |
  \\      /  F ield         | OpenFOAM: The Open Source CFD Toolbox
   \\    /   O peration     | Website:  https://openfoam.org
    \\  /    A nd           | Version:  11
     \\/     M anipulation  |
\*---------------------------------------------------------------------------*/
FoamFile
{
    format      ascii;
    class       volScalarField;
    location    "8.507268";
    object      p;
}
// * * * * * * * * * * * * * * * * * * * * * * * * * * * * * * * * * * * * * //

dimensions      [0 2 -2 0 0 0 0];

internalField   nonuniform List<scalar> 
7132
(
0.054156
0.052751
0.0480027
0.041059
0.0313366
0.0185328
0.00255114
-0.0166287
-0.0385232
-0.0622184
-0.0863587
-0.109098
-0.129359
-0.146112
-0.15858
-0.166279
-0.168917
-0.166503
-0.159444
-0.148606
-0.135247
-0.120825
-0.106748
-0.0941212
-0.0835347
-0.0749112
-0.0674819
-0.0600565
-0.0515865
-0.0416761
-0.0306452
-0.019191
-0.00801757
0.00238116
0.0117008
0.0196575
0.0257522
0.0290784
0.0284127
0.0228331
0.0128252
0.000999852
-0.00883069
-0.014036
-0.0144453
-0.0116859
-0.0076567
-0.0036649
-0.000337183
0.00215968
0.00386327
0.00483363
0.00506248
0.00446069
0.00294813
0.000585023
-0.00233554
-0.00532183
-0.00785671
-0.00959836
-0.0104674
-0.0106017
-0.010235
-0.00959372
-0.00884679
-0.00809906
-0.0074059
-0.00679237
-0.0062683
-0.00583718
-0.00549994
-0.00525516
-0.00509725
-0.00501435
-0.00498768
-0.00499315
-0.00500494
-0.00500005
-0.00496188
-0.00488209
-0.00476023
-0.00460178
-0.00441563
-0.00421177
-0.00399974
-0.00378767
-0.00358192
-0.00338708
-0.00320604
-0.00304024
-0.00288988
-0.00275414
-0.00263148
-0.00251987
-0.00241704
-0.00232078
-0.00222908
-0.00214032
-0.00205333
-0.00196739
-0.00188219
-0.00179775
-0.00171432
-0.00163228
-0.00155206
-0.00147407
-0.00139866
-0.00132609
-0.00125653
-0.00119006
-0.00112664
-0.00106619
-0.00100857
-0.000953613
-0.000901128
-0.00085093
-0.000802849
-0.000756732
-0.000712452
-0.000669908
-0.000629021
-0.000589732
-0.000552
-0.000515796
-0.000481099
-0.000447894
-0.000416171
-0.000385917
-0.000357124
-0.000329779
-0.000303869
-0.000279381
-0.0002563
-0.000234608
-0.000214288
-0.000195319
-0.000177679
-0.000161339
-0.000146262
-0.000132393
-0.000119655
-0.000107937
-9.70992e-05
-8.69565e-05
-7.73187e-05
-6.79854e-05
-5.8821e-05
-4.97853e-05
-4.08924e-05
-3.25435e-05
-2.44792e-05
-1.83233e-05
-1.11803e-05
-1.00475e-05
1.3441e-07
-1.22334e-05
1.84316e-05
-4.1024e-05
7.34401e-05
-0.000157921
0.054717
0.0533236
0.0486159
0.0417146
0.0320259
0.0192198
0.00317529
-0.0161656
-0.038318
-0.062362
-0.0868684
-0.109874
-0.130339
-0.147236
-0.159792
-0.167534
-0.170153
-0.167635
-0.16037
-0.149234
-0.135526
-0.120765
-0.106424
-0.0936626
-0.0830998
-0.0746499
-0.0674824
-0.0603075
-0.0519866
-0.0420915
-0.0309685
-0.019362
-0.00801577
0.00255354
0.0120321
0.020129
0.0263362
0.0297173
0.0289928
0.0231693
0.0127145
0.000353144
-0.00987435
-0.0151932
-0.015458
-0.0124363
-0.00814048
-0.0039258
-0.000426999
0.00219543
0.00398684
0.005012
0.00526433
0.00465195
0.00309266
0.000650768
-0.00236646
-0.00544446
-0.00804348
-0.00981119
-0.0106711
-0.010774
-0.0103668
-0.00968525
-0.00890329
-0.00812745
-0.00741316
-0.00678483
-0.00625139
-0.0058154
-0.00547691
-0.0052337
-0.00507953
-0.00500183
-0.00498111
-0.00499248
-0.00500938
-0.00500826
-0.00497225
-0.004893
-0.00477034
-0.00461014
-0.00442171
-0.00421544
-0.00400114
-0.00378713
-0.0035799
-0.00338405
-0.00320245
-0.00303649
-0.00288627
-0.0027509
-0.00262875
-0.00251771
-0.00241545
-0.00231969
-0.00222841
-0.00213997
-0.00205318
-0.00196734
-0.00188215
-0.00179766
-0.00171414
-0.00163199
-0.00155165
-0.00147356
-0.00139807
-0.00132545
-0.00125586
-0.00118938
-0.00112597
-0.00106556
-0.00100798
-0.000953068
-0.00090063
-0.000850476
-0.000802434
-0.000756351
-0.000712098
-0.000669575
-0.000628702
-0.000589423
-0.000551697
-0.000515496
-0.0004808
-0.000447596
-0.000415872
-0.000385618
-0.000356824
-0.000329478
-0.000303568
-0.00027908
-0.000255998
-0.000234306
-0.000213985
-0.000195016
-0.000177377
-0.000161039
-0.000145966
-0.000132104
-0.000119378
-0.000107677
-9.68611e-05
-8.67441e-05
-7.7134e-05
-6.78279e-05
-5.86876e-05
-4.96699e-05
-4.07905e-05
-3.24443e-05
-2.43911e-05
-1.82197e-05
-1.11137e-05
-9.90836e-06
1.5451e-07
-1.19277e-05
1.8409e-05
-4.02208e-05
7.35382e-05
-0.000156541
0.055834
0.0544651
0.0498406
0.0430288
0.0334131
0.0206089
0.00444403
-0.0152191
-0.0378937
-0.0626534
-0.0879094
-0.111448
-0.132322
-0.149502
-0.162233
-0.170062
-0.172645
-0.169921
-0.162243
-0.150504
-0.136086
-0.12063
-0.105749
-0.0927113
-0.0821975
-0.0741061
-0.0674846
-0.0608328
-0.0528218
-0.042957
-0.0316438
-0.019727
-0.00803258
0.00287749
0.0126729
0.0210521
0.0274894
0.0309875
0.0301487
0.0238269
0.012447
-0.0010302
-0.0120797
-0.0176175
-0.0175603
-0.0139808
-0.0091304
-0.00445958
-0.000614555
0.00226067
0.00422921
0.00536623
0.00566837
0.00503696
0.00338429
0.000782034
-0.00243349
-0.00570002
-0.00843027
-0.0102499
-0.0110891
-0.0111258
-0.0106348
-0.00987091
-0.0090177
-0.00818495
-0.007428
-0.00676982
-0.00621748
-0.00577162
-0.00543048
-0.00519034
-0.00504361
-0.0049764
-0.0049677
-0.00499105
-0.00501838
-0.00502497
-0.00499337
-0.00491524
-0.00479095
-0.0046272
-0.00443416
-0.00422297
-0.00400406
-0.00378614
-0.00357589
-0.00337797
-0.00319523
-0.00302892
-0.00287898
-0.00274436
-0.00262323
-0.00251333
-0.00241221
-0.00231749
-0.00222707
-0.00213926
-0.00205289
-0.00196726
-0.00188211
-0.00179752
-0.00171382
-0.00163144
-0.00155087
-0.00147257
-0.00139691
-0.00132417
-0.00125452
-0.00118803
-0.00112465
-0.0010643
-0.0010068
-0.000951982
-0.000899639
-0.000849576
-0.000801615
-0.0007556
-0.000711403
-0.000668922
-0.00062808
-0.000588822
-0.000551109
-0.000514915
-0.000480223
-0.00044702
-0.000415296
-0.000385042
-0.000356248
-0.000328903
-0.000302994
-0.000278508
-0.000255428
-0.000233737
-0.000213418
-0.000194452
-0.000176817
-0.000160487
-0.000145428
-0.000131588
-0.000118896
-0.000107243
-9.64876e-05
-8.64441e-05
-7.69147e-05
-6.76891e-05
-5.86201e-05
-4.96543e-05
-4.08069e-05
-3.24578e-05
-2.44014e-05
-1.81643e-05
-1.10809e-05
-9.6926e-06
1.95182e-07
-1.13228e-05
1.84459e-05
-3.86444e-05
7.39805e-05
-0.000153844
0.0574976
0.0561676
0.0516747
0.0450078
0.0355156
0.0227301
0.00639799
-0.013749
-0.0372242
-0.0631064
-0.0895316
-0.11387
-0.135355
-0.152955
-0.165951
-0.173919
-0.176462
-0.173433
-0.165123
-0.152447
-0.13692
-0.12038
-0.104653
-0.0911864
-0.0807589
-0.0732521
-0.0675172
-0.0617103
-0.0541919
-0.0443645
-0.0327401
-0.0203327
-0.00810098
0.0033256
0.0135972
0.0224011
0.0291891
0.032871
0.0318589
0.024751
0.0118892
-0.00338084
-0.0157293
-0.0215622
-0.0209228
-0.0164102
-0.010667
-0.00528313
-0.000907991
0.00235023
0.00458734
0.00589618
0.00627751
0.00561932
0.00382267
0.000969323
-0.0025583
-0.00612053
-0.00905311
-0.0109473
-0.0117456
-0.011672
-0.0110463
-0.0101527
-0.00918915
-0.00826923
-0.00744749
-0.0067443
-0.00616371
-0.00570333
-0.00535869
-0.00512374
-0.00498888
-0.00493817
-0.00494829
-0.00499028
-0.0050337
-0.00505203
-0.00502694
-0.00495017
-0.004823
-0.00465345
-0.00445306
-0.00423418
-0.00400811
-0.00378416
-0.00356932
-0.00336833
-0.00318393
-0.00301718
-0.00286778
-0.00273437
-0.00261488
-0.00250679
-0.00240745
-0.00231432
-0.00222521
-0.00213836
-0.0020526
-0.00196725
-0.00188212
-0.00179735
-0.00171334
-0.0016306
-0.00154966
-0.00147103
-0.00139512
-0.0013222
-0.00125247
-0.00118596
-0.00112264
-0.00106238
-0.00100502
-0.000950345
-0.00089815
-0.000848227
-0.00080039
-0.000754479
-0.000710364
-0.000667945
-0.000627146
-0.000587917
-0.000550221
-0.000514035
-0.000479346
-0.000446143
-0.000414417
-0.000384162
-0.000355367
-0.000328022
-0.000302115
-0.000277629
-0.00025455
-0.00023286
-0.000212542
-0.000193577
-0.000175945
-0.000159622
-0.000144578
-0.000130763
-0.000118111
-0.000106516
-9.58373e-05
-8.58863e-05
-7.64591e-05
-6.73357e-05
-5.83578e-05
-4.94582e-05
-4.06522e-05
-3.22994e-05
-2.42444e-05
-1.7922e-05
-1.08883e-05
-9.24721e-06
3.51266e-07
-1.03388e-05
1.85148e-05
-3.62094e-05
7.45253e-05
-0.00014953
0.0596923
0.0584181
0.0541133
0.0476594
0.0383589
0.0256299
0.00910184
-0.0116891
-0.036264
-0.0637408
-0.0918127
-0.117215
-0.139505
-0.157651
-0.170989
-0.179151
-0.181659
-0.178241
-0.169076
-0.155107
-0.138032
-0.119968
-0.103052
-0.0889809
-0.0786869
-0.0720378
-0.0676087
-0.0630417
-0.0562331
-0.046441
-0.0343542
-0.0212476
-0.00827339
0.00384886
0.014753
0.0241221
0.0313863
0.0353286
0.0340831
0.0258525
0.0108266
-0.0070788
-0.0212994
-0.0274561
-0.0258311
-0.0198758
-0.0128186
-0.00642557
-0.00132128
0.00245565
0.00505624
0.00660122
0.00709616
0.00640548
0.0044091
0.00119993
-0.00277351
-0.00675703
-0.00997126
-0.0119577
-0.0126814
-0.0124382
-0.0116145
-0.0105358
-0.00941774
-0.0083778
-0.00746796
-0.00670425
-0.00608617
-0.00560705
-0.00525861
-0.00503166
-0.00491394
-0.00488672
-0.00492348
-0.00499169
-0.00505755
-0.00509201
-0.0050755
-0.00499999
-0.00486817
-0.00468999
-0.00447895
-0.0042491
-0.00401298
-0.00378067
-0.00355956
-0.00335445
-0.00316793
-0.00300076
-0.00285226
-0.00272069
-0.00260357
-0.00249807
-0.00240124
-0.00231034
-0.00222302
-0.00213747
-0.0020525
-0.00196749
-0.00188233
-0.00179725
-0.00171277
-0.00162948
-0.00154801
-0.00146892
-0.00139264
-0.00131949
-0.00124964
-0.00118313
-0.00111989
-0.00105979
-0.00100262
-0.000948162
-0.000896178
-0.00084645
-0.000798783
-0.000753012
-0.000709007
-0.000666668
-0.000625925
-0.000586729
-0.000549051
-0.000512873
-0.000478185
-0.000444979
-0.000413251
-0.000382993
-0.000354197
-0.000326853
-0.000300946
-0.000276463
-0.000253385
-0.000231697
-0.000211379
-0.000192414
-0.000174784
-0.000158467
-0.000143436
-0.000129648
-0.00011704
-0.000105511
-9.49218e-05
-8.50813e-05
-7.57787e-05
-6.6784e-05
-5.7925e-05
-4.9118e-05
-4.03775e-05
-3.20362e-05
-2.40001e-05
-1.75845e-05
-1.0631e-05
-8.67172e-06
5.27962e-07
-9.06804e-06
1.85008e-05
-3.29654e-05
7.49251e-05
-0.000143286
0.062396
0.0611979
0.0571485
0.0509928
0.0419765
0.0293715
0.0126457
-0.00894488
-0.0349475
-0.0645931
-0.0948753
-0.121593
-0.144875
-0.163683
-0.177449
-0.185885
-0.188392
-0.184502
-0.174233
-0.158551
-0.13941
-0.119304
-0.100792
-0.0859129
-0.0758247
-0.0703989
-0.0678257
-0.0650255
-0.0591951
-0.0494105
-0.0366502
-0.0225823
-0.00863118
0.00437241
0.0160597
0.0261264
0.0339897
0.0382729
0.0367146
0.0269324
0.00886148
-0.0127695
-0.0295523
-0.0359579
-0.0327121
-0.0245952
-0.0156786
-0.00792582
-0.00187537
0.00256034
0.00562158
0.00747187
0.00812176
0.00739632
0.00513765
0.00144819
-0.00313288
-0.00768725
-0.0112715
-0.0133595
-0.0139541
-0.0134596
-0.0123566
-0.0110255
-0.00970233
-0.00850629
-0.00748373
-0.00664374
-0.0059793
-0.00547795
-0.00512634
-0.00491135
-0.00481737
-0.00482211
-0.00489479
-0.00499808
-0.00509358
-0.00514884
-0.00514277
-0.00506777
-0.00492863
-0.00473804
-0.00451224
-0.0042675
-0.00401797
-0.00377471
-0.00354554
-0.0033353
-0.00314632
-0.00297892
-0.00283192
-0.002703
-0.00258921
-0.00248723
-0.00239377
-0.00230581
-0.00222081
-0.0021369
-0.00205288
-0.00196821
-0.00188289
-0.00179731
-0.00171213
-0.00162807
-0.00154586
-0.00146614
-0.00138939
-0.00131594
-0.00124595
-0.00117946
-0.00111636
-0.00105648
-0.000999589
-0.000945421
-0.000893723
-0.000844255
-0.000796811
-0.000751219
-0.000707349
-0.000665105
-0.000624422
-0.000585261
-0.000547597
-0.000511421
-0.000476727
-0.000443513
-0.000411778
-0.000381515
-0.000352717
-0.000325372
-0.000299467
-0.000274986
-0.000251909
-0.000230219
-0.000209898
-0.000190928
-0.000173293
-0.000156973
-0.000141946
-0.000128174
-0.000115598
-0.000104123
-9.3611e-05
-8.38721e-05
-7.4689e-05
-6.58238e-05
-5.70924e-05
-4.83946e-05
-3.97454e-05
-3.14455e-05
-2.34712e-05
-1.69902e-05
-1.01845e-05
-7.88295e-06
7.64965e-07
-7.49595e-06
1.83213e-05
-2.88928e-05
7.47938e-05
-0.000134677
0.0655788
0.0644809
0.0607671
0.0550163
0.0464084
0.0340367
0.0171516
-0.00538135
-0.0331764
-0.0657168
-0.0988947
-0.127151
-0.151582
-0.171128
-0.18538
-0.194179
-0.196761
-0.192368
-0.180752
-0.162894
-0.141082
-0.118319
-0.0977265
-0.0817843
-0.0719856
-0.0682497
-0.0682665
-0.0679019
-0.063381
-0.0535415
-0.0398224
-0.0244693
-0.00927868
0.0047899
0.017391
0.0282634
0.0368359
0.041534
0.0394997
0.027527
0.0051857
-0.0216618
-0.0418512
-0.0481235
-0.0421938
-0.0308594
-0.0193629
-0.00983318
-0.00260101
0.00263681
0.00625828
0.0084893
0.00934447
0.00858619
0.0059926
0.00167009
-0.00372054
-0.00903129
-0.0130864
-0.0152686
-0.0156448
-0.0147831
-0.0132946
-0.0116284
-0.0100415
-0.00864956
-0.00748824
-0.00655603
-0.00583688
-0.00531067
-0.00495759
-0.00475979
-0.00469766
-0.00474459
-0.00486432
-0.00501316
-0.00514659
-0.00522775
-0.00523367
-0.00515755
-0.00500726
-0.0047993
-0.00455353
-0.00428913
-0.00402225
-0.0037651
-0.00352596
-0.00330962
-0.003118
-0.00295079
-0.00280612
-0.00268096
-0.00257166
-0.00247436
-0.0023853
-0.00230109
-0.00221899
-0.00213705
-0.00205409
-0.00196969
-0.00188402
-0.00179767
-0.00171147
-0.00162634
-0.00154314
-0.00146259
-0.00138523
-0.00131142
-0.0012413
-0.00117487
-0.00111199
-0.00105243
-0.000995911
-0.000942135
-0.000890812
-0.000841678
-0.000794512
-0.000749139
-0.000705428
-0.000663289
-0.000622667
-0.000583533
-0.000545875
-0.00050969
-0.000474981
-0.000441753
-0.000410005
-0.000379734
-0.000350934
-0.00032359
-0.000297688
-0.000273209
-0.000250133
-0.00022844
-0.000208112
-0.000189131
-0.000171482
-0.000155148
-0.00014011
-0.000126336
-0.000113772
-0.000102329
-9.18729e-05
-8.22164e-05
-7.31392e-05
-6.43997e-05
-5.58054e-05
-4.72418e-05
-3.87247e-05
-3.05177e-05
-2.26698e-05
-1.6175e-05
-9.60123e-06
-6.95224e-06
9.78288e-07
-5.71293e-06
1.78113e-05
-2.40425e-05
7.36126e-05
-0.0001232
0.0692012
0.068232
0.0649484
0.0597348
0.0516989
0.0397253
0.0227757
-0.000816563
-0.0308152
-0.067205
-0.104131
-0.134085
-0.159795
-0.180148
-0.194963
-0.204256
-0.207025
-0.202099
-0.188848
-0.168248
-0.14303
-0.11686
-0.0935796
-0.0762745
-0.0668972
-0.0654947
-0.0691113
-0.0721074
-0.0693179
-0.0592829
-0.0441806
-0.0271098
-0.0103683
0.00494658
0.0185586
0.0303015
0.0396779
0.0447941
0.0419936
0.026882
-0.00152387
-0.0356089
-0.060219
-0.0655286
-0.0552079
-0.03908
-0.0240206
-0.0122083
-0.00354216
0.00263811
0.00691616
0.00960847
0.0107324
0.00995103
0.00693474
0.00178374
-0.00467719
-0.010975
-0.0156093
-0.0178444
-0.0178627
-0.0164704
-0.0144557
-0.0123519
-0.0104325
-0.00880052
-0.00747296
-0.00643259
-0.00565114
-0.00509864
-0.00474722
-0.0045735
-0.00455336
-0.00465504
-0.00483536
-0.00504233
-0.00522338
-0.00533593
-0.00535478
-0.00527458
-0.00510766
-0.0048757
-0.00460334
-0.00431343
-0.00402455
-0.0037502
-0.00349908
-0.00327576
-0.00308154
-0.00291527
-0.00277413
-0.00265416
-0.00255086
-0.00245964
-0.00237618
-0.00229666
-0.00221811
-0.00213846
-0.00205662
-0.00197232
-0.00188598
-0.00179845
-0.00171083
-0.00162425
-0.00153973
-0.00145812
-0.00138002
-0.00130578
-0.00123554
-0.00116924
-0.00110668
-0.00104757
-0.000991559
-0.000938301
-0.000887462
-0.000838749
-0.000791926
-0.000746812
-0.000703279
-0.00066125
-0.000620683
-0.000581562
-0.000543891
-0.00050768
-0.000472942
-0.000439687
-0.00040792
-0.000377639
-0.000348835
-0.000321493
-0.000295596
-0.000271121
-0.000248045
-0.000226347
-0.000206007
-0.000187005
-0.000169329
-0.000152963
-0.000137891
-0.000124086
-0.000111499
-0.000100048
-8.96062e-05
-7.99913e-05
-7.09863e-05
-6.23514e-05
-5.38939e-05
-4.54897e-05
-3.71554e-05
-2.91141e-05
-2.14858e-05
-1.50646e-05
-8.83713e-06
-5.87009e-06
1.14908e-06
-3.76354e-06
1.68254e-05
-1.84576e-05
7.07482e-05
-0.000108298
0.0732122
0.0724052
0.0696617
0.0651471
0.057895
0.0465589
0.0297208
0.00500628
-0.0276623
-0.0691927
-0.110957
-0.142652
-0.169674
-0.190779
-0.206171
-0.216151
-0.21937
-0.214028
-0.198884
-0.174884
-0.145361
-0.114853
-0.0881487
-0.0690746
-0.0602483
-0.0620101
-0.0705819
-0.0781854
-0.0776518
-0.0671678
-0.0500821
-0.030734
-0.0120847
0.00463481
0.0192913
0.0319368
0.0421238
0.0474766
0.0436526
0.025142
-0.0103486
-0.0539406
-0.0853109
-0.0897638
-0.0729547
-0.0497938
-0.0298265
-0.0151176
-0.00475667
0.00249447
0.00751885
0.0107579
0.0122301
0.0114363
0.00787605
0.00163536
-0.00623794
-0.0138186
-0.0191489
-0.0213196
-0.0207568
-0.0185984
-0.0158703
-0.013202
-0.0108709
-0.00895089
-0.00742871
-0.00626465
-0.00541438
-0.0048356
-0.00449053
-0.00434953
-0.00438374
-0.00455546
-0.00481279
-0.00509296
-0.00533284
-0.00548254
-0.00551438
-0.00542536
-0.00523417
-0.00496949
-0.00466215
-0.0043396
-0.00402324
-0.00372796
-0.00346277
-0.00323177
-0.00303533
-0.00287113
-0.00273515
-0.00262222
-0.00252679
-0.00244336
-0.00236692
-0.00229317
-0.00221881
-0.00214175
-0.00206098
-0.0019765
-0.00188904
-0.00179981
-0.00171023
-0.00162172
-0.0015355
-0.00145256
-0.00137356
-0.00129885
-0.00122853
-0.00116247
-0.00110038
-0.00104188
-0.000986546
-0.000933956
-0.000883726
-0.00083553
-0.000789115
-0.000744297
-0.000700957
-0.000659033
-0.000618502
-0.000579372
-0.000541663
-0.000505403
-0.000470617
-0.000437323
-0.000405529
-0.000375235
-0.000346429
-0.000319094
-0.000293206
-0.000268739
-0.000245665
-0.00022396
-0.000203601
-0.000184569
-0.00016685
-0.000150431
-0.000135297
-0.000121426
-0.000108776
-9.72704e-05
-8.67924e-05
-7.71716e-05
-6.82015e-05
-5.96502e-05
-5.13324e-05
-4.3125e-05
-3.50436e-05
-2.72638e-05
-1.99687e-05
-1.37289e-05
-7.97224e-06
-4.73364e-06
1.17653e-06
-1.76355e-06
1.5167e-05
-1.22424e-05
6.54342e-05
-8.94133e-05
0.0775477
0.0769407
0.074862
0.0712384
0.0650375
0.0546715
0.0382318
0.0124266
-0.0234479
-0.0719256
-0.119905
-0.153156
-0.181508
-0.203335
-0.219337
-0.2302
-0.234139
-0.228509
-0.211175
-0.182993
-0.148079
-0.112099
-0.0810218
-0.0596823
-0.0516215
-0.0577089
-0.0731254
-0.0870807
-0.0894758
-0.078069
-0.0580823
-0.0356759
-0.0146825
0.00356696
0.0192286
0.0327353
0.0433263
0.0482504
0.0432404
0.022378
-0.0183583
-0.0712955
-0.112711
-0.1197
-0.0959895
-0.0635647
-0.0370146
-0.0186494
-0.00632449
0.00209894
0.00793864
0.0118173
0.0137216
0.0129189
0.00868889
0.00108278
-0.0085797
-0.0177883
-0.023938
-0.0259289
-0.0245034
-0.0212633
-0.0175752
-0.0141848
-0.0113503
-0.00909045
-0.00734465
-0.00604205
-0.0051179
-0.00451465
-0.00418251
-0.00408492
-0.00418855
-0.00444895
-0.0048033
-0.00517481
-0.00548658
-0.00567934
-0.00572279
-0.00561779
-0.00539188
-0.00508309
-0.00473025
-0.00436638
-0.00401613
-0.0036958
-0.00341442
-0.0031753
-0.00297745
-0.002817
-0.00268832
-0.0025848
-0.00249951
-0.00242591
-0.00235816
-0.00229136
-0.00222192
-0.0021477
-0.00206786
-0.00198274
-0.00189353
-0.0018019
-0.00170969
-0.00161865
-0.00153028
-0.0014457
-0.00136563
-0.00129042
-0.00122009
-0.00115441
-0.00109299
-0.00103531
-0.000980853
-0.000929112
-0.00087964
-0.000832072
-0.000786138
-0.000741653
-0.000698515
-0.000656682
-0.000616162
-0.000576987
-0.000539206
-0.000502866
-0.000468008
-0.000434658
-0.000402829
-0.00037252
-0.000343716
-0.000316394
-0.000290522
-0.000266069
-0.000243001
-0.000221288
-0.000200906
-0.000181832
-0.000164053
-0.000147555
-0.000132328
-0.000118352
-0.00010559
-9.39761e-05
-8.34056e-05
-7.37258e-05
-6.4749e-05
-5.62628e-05
-4.80944e-05
-4.01292e-05
-3.23834e-05
-2.49788e-05
-1.81491e-05
-1.2219e-05
-7.06476e-06
-3.61304e-06
9.92338e-07
1.92968e-07
1.26702e-05
-5.51911e-06
5.68405e-05
-6.60474e-05
0.0821289
0.0817634
0.0804862
0.0779784
0.0731588
0.0642206
0.048625
0.021942
-0.017752
-0.0757376
-0.131817
-0.166051
-0.195358
-0.217537
-0.234162
-0.246414
-0.25179
-0.246312
-0.226518
-0.193158
-0.151458
-0.108579
-0.0720175
-0.0477095
-0.0405749
-0.052539
-0.0774757
-0.100182
-0.106253
-0.0930701
-0.0688247
-0.042306
-0.0184599
0.00138333
0.0179534
0.0319022
0.0416511
0.0444671
0.0374281
0.014935
-0.0274662
-0.0863574
-0.138409
-0.151348
-0.12285
-0.0802934
-0.0457115
-0.0228992
-0.00835019
0.00130988
0.00800306
0.0125948
0.0149528
0.0141369
0.00928827
0.000472697
-0.0109749
-0.0221617
-0.02966
-0.0316611
-0.0292073
-0.0245465
-0.019602
-0.0153014
-0.011861
-0.00920766
-0.00721002
-0.00575555
-0.0047543
-0.00413028
-0.00381979
-0.00377857
-0.00396942
-0.00434042
-0.00481514
-0.00529896
-0.00569731
-0.00593896
-0.00599077
-0.00586001
-0.00558588
-0.00521874
-0.00480754
-0.00439207
-0.00400062
-0.00365077
-0.00335122
-0.00310393
-0.00290605
-0.00275162
-0.002633
-0.00254174
-0.00246929
-0.00240783
-0.00235058
-0.002292
-0.00222816
-0.00215691
-0.00207773
-0.0019914
-0.00189967
-0.0018048
-0.00170916
-0.00161493
-0.00152389
-0.00143734
-0.00135606
-0.00128034
-0.00121012
-0.00114502
-0.00108449
-0.00102788
-0.000974535
-0.00092384
-0.000875281
-0.000828452
-0.000783064
-0.000738941
-0.000696001
-0.000654236
-0.000613689
-0.000574429
-0.000536535
-0.000500081
-0.000465125
-0.000431704
-0.000399835
-0.000369513
-0.000340717
-0.000313417
-0.000287573
-0.000263143
-0.000240087
-0.00021837
-0.00019796
-0.000178836
-0.000160981
-0.000144383
-0.000129032
-0.000114913
-0.000101996
-9.02261e-05
-7.95151e-05
-6.97349e-05
-6.07236e-05
-5.23017e-05
-4.43109e-05
-3.66473e-05
-2.93344e-05
-2.24275e-05
-1.61894e-05
-1.0687e-05
-6.245e-06
-2.63702e-06
4.94452e-07
1.98243e-06
9.17614e-06
1.53707e-06
4.41383e-05
-3.78717e-05
0.08686
0.0867789
0.0864473
0.0853028
0.0822605
0.0753432
0.0612482
0.0341847
-0.0100694
-0.0813012
-0.14764
-0.181781
-0.211987
-0.23421
-0.251194
-0.265037
-0.272509
-0.267812
-0.245407
-0.205781
-0.155646
-0.104119
-0.0605222
-0.0324089
-0.0266941
-0.0468986
-0.0851341
-0.119978
-0.130508
-0.114014
-0.0833361
-0.0511514
-0.0238032
-0.00230675
0.014979
0.0282353
0.0348742
0.0334998
0.0232242
0.000190383
-0.0409569
-0.102318
-0.162492
-0.181995
-0.151193
-0.099127
-0.0557911
-0.0279311
-0.0109626
-5.49997e-05
0.00746526
0.012692
0.0153372
0.0144482
0.00940922
0.000287147
-0.0120457
-0.025006
-0.034569
-0.0376482
-0.0345915
-0.0284187
-0.0219617
-0.0165485
-0.0123902
-0.00928892
-0.00701311
-0.00539572
-0.00431712
-0.00367894
-0.00340127
-0.00343112
-0.00372853
-0.00423332
-0.004853
-0.0054714
-0.00597213
-0.00626874
-0.00632513
-0.00615766
-0.00581987
-0.00537788
-0.0048935
-0.00441475
-0.00397403
-0.00359004
-0.00327062
-0.00301566
-0.00281976
-0.00267422
-0.00256877
-0.00249302
-0.00243635
-0.00238948
-0.0023446
-0.00229551
-0.00223796
-0.00216984
-0.00209096
-0.00200272
-0.0019076
-0.00180857
-0.00170865
-0.00161051
-0.00151628
-0.00142743
-0.00134478
-0.00126857
-0.00119859
-0.00113427
-0.00107489
-0.0010196
-0.000967594
-0.00091815
-0.000870664
-0.000824686
-0.000779913
-0.00073618
-0.000693436
-0.000651713
-0.000611101
-0.000571712
-0.000533665
-0.000497062
-0.000461983
-0.000428476
-0.000396559
-0.000366226
-0.000337447
-0.000310181
-0.000284376
-0.000259982
-0.000236948
-0.000215231
-0.000194795
-0.000175616
-0.000157674
-0.00014096
-0.000125464
-0.000111174
-9.807e-05
-8.61111e-05
-7.52296e-05
-6.53277e-05
-5.62769e-05
-4.79338e-05
-4.01697e-05
-3.2885e-05
-2.60898e-05
-1.97885e-05
-1.4254e-05
-9.27903e-06
-5.62674e-06
-1.8941e-06
-3.57205e-07
3.52287e-06
4.61682e-06
8.73817e-06
2.66678e-05
-4.84786e-06
0.0916282
0.0918745
0.0926298
0.0931188
0.0923101
0.0882048
0.0765663
0.0501978
0.00053329
-0.0896109
-0.169794
-0.200775
-0.230252
-0.251875
-0.269743
-0.286554
-0.297751
-0.294862
-0.269512
-0.221988
-0.161172
-0.0988027
-0.0463041
-0.0132282
-0.00931586
-0.0411983
-0.0983576
-0.149617
-0.165328
-0.14316
-0.10284
-0.0627979
-0.0311128
-0.00783904
0.00970901
0.0206086
0.021632
0.0152068
0.00186847
-0.0198049
-0.0579568
-0.118522
-0.183152
-0.208826
-0.178094
-0.118513
-0.0667986
-0.0337353
-0.0142896
-0.00218433
0.00598313
0.0113923
0.0137557
0.0124225
0.00736458
-0.00110128
-0.0126493
-0.0260734
-0.0375896
-0.0425558
-0.0398663
-0.0325749
-0.0245675
-0.0178964
-0.0129176
-0.00931843
-0.00674299
-0.00495651
-0.00380508
-0.0031634
-0.00293304
-0.00304924
-0.00346857
-0.00412281
-0.00490358
-0.00567323
-0.00629194
-0.00665377
-0.00671631
-0.00650589
-0.00609166
-0.00555934
-0.004987
-0.00443307
-0.00393498
-0.00351249
-0.00317196
-0.00291044
-0.00271904
-0.00258559
-0.0024967
-0.00243935
-0.00240099
-0.00237075
-0.00233976
-0.00230117
-0.00225043
-0.00218552
-0.00210674
-0.00201614
-0.00191698
-0.00181305
-0.00170812
-0.00160546
-0.00150759
-0.00141617
-0.00133205
-0.00125538
-0.00118577
-0.00112243
-0.00106439
-0.00101063
-0.000960148
-0.000912102
-0.000865801
-0.000820749
-0.000776635
-0.00073331
-0.000690759
-0.000649062
-0.000608359
-0.000568814
-0.000530588
-0.000493815
-0.000458599
-0.000424997
-0.000393033
-0.000362693
-0.000333941
-0.00030672
-0.000280969
-0.000256623
-0.000233621
-0.000211913
-0.000191458
-0.000172225
-0.000154197
-0.000137362
-0.000121714
-0.000107247
-9.39493e-05
-8.1798e-05
-7.07493e-05
-6.07392e-05
-5.16755e-05
-4.34552e-05
-3.59722e-05
-2.91394e-05
-2.29502e-05
-1.73268e-05
-1.25421e-05
-8.13059e-06
-5.27717e-06
-1.42886e-06
-1.56219e-06
4.76247e-06
-9.69087e-07
1.58768e-05
4.12545e-06
3.26176e-05
0.0963034
0.0969123
0.0988831
0.101257
0.103193
0.102803
0.0949703
0.0710188
0.0147053
-0.101297
-0.19881
-0.225298
-0.254101
-0.27329
-0.290665
-0.310687
-0.327378
-0.328194
-0.300102
-0.242892
-0.168651
-0.0926557
-0.028638
0.0101984
0.0117632
-0.0319943
-0.11106
-0.185146
-0.210427
-0.182119
-0.128772
-0.07802
-0.0407937
-0.015502
0.00148886
0.00794652
0.00234896
-0.0083645
-0.0226542
-0.0412765
-0.0752638
-0.132245
-0.197761
-0.228657
-0.20027
-0.136354
-0.0779178
-0.0401705
-0.0184223
-0.00529632
0.0030508
0.0077868
0.00877404
0.00628304
0.00120655
-0.00546155
-0.0145567
-0.0267608
-0.0390413
-0.0458374
-0.0442688
-0.036545
-0.0272288
-0.0192791
-0.0134134
-0.00927708
-0.00638812
-0.00443534
-0.00322636
-0.00260275
-0.00243768
-0.0026482
-0.0031867
-0.0039784
-0.00490821
-0.00582793
-0.00657826
-0.00702818
-0.00711795
-0.00687628
-0.00638666
-0.00575711
-0.0050867
-0.00444814
-0.00388594
-0.00342151
-0.00305936
-0.00279272
-0.00260821
-0.00248944
-0.0024194
-0.00238195
-0.00236293
-0.00235009
-0.00233354
-0.00230598
-0.00226264
-0.00220149
-0.00212308
-0.00203013
-0.00192681
-0.0018178
-0.00170765
-0.00160024
-0.00149852
-0.00140438
-0.00131871
-0.00124154
-0.00117229
-0.00110995
-0.00105331
-0.00100111
-0.000952209
-0.000905607
-0.000860535
-0.000816452
-0.000773033
-0.000730146
-0.000687813
-0.00064616
-0.00060538
-0.000565687
-0.000527284
-0.000490344
-0.00045499
-0.000421295
-0.000389284
-0.00035894
-0.000330217
-0.000303047
-0.000277356
-0.000253066
-0.000230107
-0.000208419
-0.000187956
-0.000168683
-0.000150582
-0.000133642
-0.000117859
-0.000103236
-8.97715e-05
-7.74615e-05
-6.62874e-05
-5.62189e-05
-4.71987e-05
-3.91599e-05
-3.20161e-05
-2.56806e-05
-2.01197e-05
-1.51878e-05
-1.11447e-05
-7.27677e-06
-5.17868e-06
-1.20112e-06
-3.00852e-06
5.74344e-06
-7.36635e-06
2.27688e-05
-2.31897e-05
7.35456e-05
0.10074
0.10174
0.105016
0.109519
0.114704
0.119251
0.117076
0.0995519
0.0346323
-0.125705
-0.241755
-0.250189
-0.276809
-0.295327
-0.314668
-0.340234
-0.36449
-0.37069
-0.339758
-0.270506
-0.179627
-0.087733
-0.0125374
0.0315367
0.0344519
-0.0171711
-0.112409
-0.208941
-0.252478
-0.22509
-0.159908
-0.0969742
-0.0530732
-0.0255762
-0.0101924
-0.00999448
-0.0215519
-0.0347414
-0.0467652
-0.0612578
-0.0901773
-0.141576
-0.204971
-0.239591
-0.215173
-0.150582
-0.0881245
-0.0469378
-0.0233644
-0.00963581
-0.00189828
0.0010722
-0.000186175
-0.00394395
-0.00822214
-0.0120743
-0.0177852
-0.027389
-0.0389566
-0.0470194
-0.0470285
-0.039743
-0.0296555
-0.0205912
-0.0138426
-0.00915043
-0.00594527
-0.00384474
-0.0026123
-0.00204368
-0.00197134
-0.00227544
-0.00289668
-0.00376357
-0.00477666
-0.00580489
-0.00668676
-0.00726205
-0.00743268
-0.00720439
-0.00666882
-0.00595607
-0.00519087
-0.00446595
-0.00383711
-0.00332948
-0.00294598
-0.00267536
-0.00249885
-0.00239505
-0.0023431
-0.00232404
-0.00232235
-0.00232492
-0.0023215
-0.00230448
-0.00226862
-0.00221184
-0.00213499
-0.00204114
-0.00193493
-0.00182179
-0.00170711
-0.00159543
-0.00149016
-0.00139345
-0.00130624
-0.00122851
-0.00115948
-0.00109795
-0.00104247
-0.000991614
-0.000944067
-0.000898728
-0.000854752
-0.000811556
-0.000768803
-0.000726367
-0.000684295
-0.000642749
-0.000601962
-0.00056219
-0.000523675
-0.000486617
-0.000451163
-0.0004174
-0.000385356
-0.000355014
-0.00032632
-0.0002992
-0.000273566
-0.000249332
-0.000226419
-0.000204759
-0.000184301
-0.000165009
-0.000146862
-0.00012985
-0.000113977
-9.92499e-05
-8.56809e-05
-7.32837e-05
-6.20625e-05
-5.20161e-05
-4.3115e-05
-3.53193e-05
-2.85514e-05
-2.27212e-05
-1.7763e-05
-1.34621e-05
-1.00658e-05
-6.65148e-06
-5.20162e-06
-1.06244e-06
-4.49036e-06
6.57194e-06
-1.41952e-05
2.92457e-05
-5.4194e-05
0.000116294
0.104782
0.106176
0.110801
0.117539
0.126484
0.136834
0.143081
0.135038
0.062176
-0.137213
-0.312312
-0.298525
-0.311037
-0.316412
-0.330836
-0.360811
-0.396731
-0.414325
-0.38521
-0.305847
-0.198488
-0.0913425
-0.00952704
0.0335442
0.0344935
-0.0166839
-0.110041
-0.218335
-0.280937
-0.262609
-0.191643
-0.118247
-0.0676469
-0.0381887
-0.0255894
-0.0325221
-0.0487682
-0.0621307
-0.0691986
-0.0784015
-0.101115
-0.145389
-0.204172
-0.240705
-0.221265
-0.159549
-0.0963789
-0.0536106
-0.0290796
-0.0155027
-0.0093329
-0.00906196
-0.0123201
-0.0161238
-0.0181437
-0.0187045
-0.0209656
-0.0274835
-0.0373711
-0.0459164
-0.0476618
-0.0416365
-0.0315228
-0.0217074
-0.0141792
-0.00894562
-0.00543775
-0.00323128
-0.00204505
-0.00160317
-0.00167058
-0.00206202
-0.00271452
-0.00355507
-0.00452896
-0.00556094
-0.00651919
-0.00722722
-0.00753579
-0.00739569
-0.00687822
-0.00612748
-0.00529408
-0.00449645
-0.00380744
-0.00325983
-0.00285659
-0.00258218
-0.00241205
-0.00231959
-0.00228022
-0.00227334
-0.00228235
-0.00229437
-0.00229963
-0.00229042
-0.00226147
-0.0022102
-0.00213675
-0.00204414
-0.00193753
-0.0018228
-0.00170575
-0.00159143
-0.00148372
-0.00138507
-0.00129656
-0.00121816
-0.00114902
-0.00108779
-0.0010329
-0.000982802
-0.000936086
-0.000891576
-0.000848372
-0.000805852
-0.000763661
-0.000721664
-0.00067991
-0.000638574
-0.000597908
-0.000558188
-0.000519679
-0.000482605
-0.000447128
-0.000413347
-0.000381299
-0.000350968
-0.0003223
-0.000295217
-0.000269626
-0.000245436
-0.000222562
-0.000200932
-0.000180491
-0.000161203
-0.000143045
-0.000126012
-0.00011011
-9.5354e-05
-8.17672e-05
-6.93777e-05
-5.82068e-05
-4.82733e-05
-3.9564e-05
-3.20534e-05
-2.56622e-05
-2.02895e-05
-1.58383e-05
-1.20421e-05
-9.14487e-06
-6.05643e-06
-5.11997e-06
-7.99721e-07
-5.74054e-06
7.4036e-06
-2.0925e-05
3.51657e-05
-8.69269e-05
0.000158579
0.108268
0.110043
0.115961
0.12499
0.137932
0.155559
0.173727
0.189423
0.102878
-0.126688
-0.347914
-0.310697
-0.322142
-0.324834
-0.334969
-0.364972
-0.408176
-0.439684
-0.420954
-0.342371
-0.228318
-0.116426
-0.0398521
-0.00655775
-0.0100374
-0.0455297
-0.117792
-0.219395
-0.29441
-0.288725
-0.21886
-0.139316
-0.0836695
-0.0532476
-0.0447269
-0.0587834
-0.0789861
-0.0901588
-0.0901154
-0.0922719
-0.10746
-0.143427
-0.195692
-0.232206
-0.218195
-0.162304
-0.101825
-0.0597147
-0.0354844
-0.023001
-0.0192607
-0.0218382
-0.0260656
-0.0280487
-0.0265408
-0.0238309
-0.0230555
-0.0266301
-0.0344454
-0.0427823
-0.0461458
-0.041919
-0.032562
-0.0225162
-0.0144269
-0.00871932
-0.00495375
-0.00272201
-0.00169339
-0.00149234
-0.0017813
-0.00234747
-0.00301017
-0.00371773
-0.00446721
-0.00528894
-0.00615211
-0.00690179
-0.00734162
-0.00734759
-0.00693173
-0.00621909
-0.00537533
-0.00454282
-0.00381612
-0.00324081
-0.00282331
-0.00254558
-0.00237821
-0.00229011
-0.00225393
-0.00224811
-0.00225648
-0.00226709
-0.00227169
-0.0022638
-0.00223748
-0.00218972
-0.00212075
-0.00203264
-0.00192937
-0.00181667
-0.00170069
-0.00158674
-0.00147896
-0.00138
-0.00129112
-0.00121237
-0.00114296
-0.00108153
-0.00102651
-0.000976323
-0.000929573
-0.000885096
-0.000841993
-0.000799644
-0.000757678
-0.000715946
-0.000674473
-0.000633415
-0.000593006
-0.000553512
-0.000515194
-0.000478273
-0.000442917
-0.000409227
-0.000377248
-0.000346969
-0.00031834
-0.000291287
-0.00026572
-0.00024155
-0.000218693
-0.000197079
-0.000176653
-0.000157379
-0.000139239
-0.000122229
-0.000106359
-9.16503e-05
-7.81329e-05
-6.58437e-05
-5.48126e-05
-4.50674e-05
-3.65982e-05
-2.93816e-05
-2.33277e-05
-1.83234e-05
-1.42461e-05
-1.07947e-05
-8.22342e-06
-5.32414e-06
-4.76109e-06
-2.6432e-07
-6.55653e-06
8.33419e-06
-2.69924e-05
4.03618e-05
-0.000118681
0.000197609
0.111043
0.113142
0.120211
0.131243
0.148264
0.172497
0.207973
0.214222
0.193821
-0.14544
-0.445073
-0.331692
-0.327611
-0.326748
-0.331016
-0.356621
-0.397896
-0.435573
-0.431381
-0.366977
-0.263039
-0.163448
-0.106009
-0.0906216
-0.096413
-0.105088
-0.138608
-0.211897
-0.287774
-0.296732
-0.235744
-0.156704
-0.0996552
-0.0702039
-0.0670892
-0.088122
-0.112172
-0.119012
-0.109594
-0.102589
-0.109102
-0.136038
-0.180531
-0.215308
-0.206655
-0.158696
-0.103949
-0.0648375
-0.0423966
-0.0320109
-0.031374
-0.0363384
-0.0402205
-0.0388558
-0.033255
-0.0273405
-0.0238532
-0.0247387
-0.0303811
-0.0380097
-0.0426325
-0.0404777
-0.0325953
-0.0229392
-0.0146274
-0.00859273
-0.00467192
-0.00254881
-0.00184064
-0.00205296
-0.00273482
-0.00356891
-0.0042535
-0.00465536
-0.00489972
-0.00522167
-0.00573601
-0.00634261
-0.0068183
-0.00697128
-0.00672663
-0.00614512
-0.00537664
-0.00457678
-0.00385877
-0.00328468
-0.00286895
-0.00259453
-0.0024296
-0.00234022
-0.00229727
-0.00227922
-0.00227123
-0.00226422
-0.0022531
-0.00223303
-0.00220026
-0.0021517
-0.00208498
-0.00200099
-0.00190359
-0.00179736
-0.00168717
-0.00157793
-0.00147373
-0.00137731
-0.00129003
-0.00121207
-0.00114274
-0.00108088
-0.00102506
-0.000973885
-0.000926092
-0.000880648
-0.000836742
-0.00079381
-0.000751504
-0.000709663
-0.000668279
-0.000627457
-0.000587379
-0.000548261
-0.000510321
-0.000473752
-0.000438698
-0.000405252
-0.000373454
-0.0003433
-0.000314746
-0.000287729
-0.000262171
-0.000237993
-0.000215121
-0.000193493
-0.000173062
-0.000153796
-0.000135681
-0.000118717
-0.000102916
-8.83043e-05
-7.49137e-05
-6.27838e-05
-5.19446e-05
-4.24224e-05
-3.42009e-05
-2.72494e-05
-2.14633e-05
-1.67179e-05
-1.28748e-05
-9.61739e-06
-7.22149e-06
-4.40482e-06
-4.09624e-06
5.42084e-07
-6.87593e-06
9.34801e-06
-3.18895e-05
4.46311e-05
-0.00014632
0.000230387
0.112971
0.115318
0.123231
0.135908
0.156006
0.187274
0.235706
0.275991
0.332686
-0.116116
-0.334854
-0.330168
-0.331109
-0.33373
-0.350915
-0.381695
-0.41368
-0.414765
-0.366654
-0.285875
-0.216932
-0.192015
-0.193272
-0.189824
-0.168454
-0.161632
-0.198677
-0.262567
-0.28462
-0.238506
-0.167211
-0.113706
-0.0878772
-0.0915167
-0.119866
-0.147514
-0.148011
-0.126893
-0.108976
-0.106233
-0.124024
-0.160219
-0.191936
-0.188137
-0.149296
-0.102641
-0.0686642
-0.0494777
-0.0422134
-0.0450934
-0.0519703
-0.054581
-0.0490173
-0.0389735
-0.029738
-0.0237046
-0.02212
-0.0255393
-0.0320561
-0.0374034
-0.0373776
-0.0315252
-0.0229112
-0.0148274
-0.00872148
-0.00483792
-0.00302407
-0.00284336
-0.00366622
-0.00487741
-0.00593339
-0.00641016
-0.00623508
-0.00572648
-0.00533619
-0.00530596
-0.00559266
-0.00597665
-0.0062163
-0.00616426
-0.0057962
-0.0052003
-0.00452283
-0.00388609
-0.00336599
-0.0029874
-0.00273776
-0.00258575
-0.00249624
-0.00243988
-0.00239662
-0.00235498
-0.00231138
-0.00226484
-0.00221452
-0.00215948
-0.00209759
-0.00202717
-0.00194714
-0.00185714
-0.00175992
-0.0016597
-0.00156013
-0.00146434
-0.00137459
-0.00129209
-0.00121711
-0.00114919
-0.0010874
-0.00103059
-0.000977707
-0.000927829
-0.000880229
-0.000834338
-0.000789766
-0.000746256
-0.00070367
-0.000661967
-0.000621183
-0.000581409
-0.000542768
-0.000505388
-0.000469387
-0.000434857
-0.000401854
-0.000370401
-0.000340488
-0.000312081
-0.00028513
-0.000259577
-0.000235363
-0.000212433
-0.000190744
-0.000170261
-0.000150965
-0.000132847
-0.000115912
-0.000100174
-8.5661e-05
-7.24021e-05
-6.04345e-05
-4.97821e-05
-4.04636e-05
-3.24515e-05
-2.5704e-05
-2.0103e-05
-1.55155e-05
-1.17956e-05
-8.62364e-06
-6.29953e-06
-3.50186e-06
-3.34975e-06
1.38146e-06
-6.85623e-06
1.02538e-05
-3.52868e-05
4.77037e-05
-0.0001668
0.000254095
0.11395
0.116427
0.124798
0.138344
0.160271
0.195464
0.252865
0.320807
0.431049
-0.330765
-0.335912
-0.334396
-0.340511
-0.353523
-0.369568
-0.366952
-0.334429
-0.287305
-0.264065
-0.275407
-0.285272
-0.258952
-0.210573
-0.171798
-0.178108
-0.222318
-0.253792
-0.225902
-0.168699
-0.123781
-0.10446
-0.11627
-0.152645
-0.182846
-0.175102
-0.140636
-0.11108
-0.0992876
-0.108456
-0.136503
-0.164303
-0.16459
-0.135236
-0.0981723
-0.0709639
-0.0562835
-0.0531265
-0.0598213
-0.0683806
-0.0689945
-0.0587923
-0.0440686
-0.031438
-0.0230344
-0.019245
-0.0204226
-0.0254326
-0.0308906
-0.032765
-0.029295
-0.0223414
-0.0150073
-0.00919286
-0.00562571
-0.00435081
-0.00486776
-0.00636868
-0.00798893
-0.00896433
-0.00885181
-0.00782305
-0.00647228
-0.00537041
-0.00479393
-0.00471277
-0.00491738
-0.00516058
-0.00525344
-0.0051131
-0.00476356
-0.004295
-0.00382404
-0.00342937
-0.00314195
-0.00295377
-0.00283526
-0.00275275
-0.00267912
-0.00259869
-0.0025077
-0.00240931
-0.00230906
-0.00221276
-0.00212293
-0.00203853
-0.00195662
-0.00187454
-0.00179111
-0.00170585
-0.00161926
-0.00153331
-0.00144998
-0.0013707
-0.00129623
-0.00122663
-0.00116153
-0.00110042
-0.0010426
-0.000987562
-0.000934865
-0.000884256
-0.000835482
-0.000788422
-0.000742979
-0.000699074
-0.000656647
-0.000615659
-0.000576088
-0.000537932
-0.000501199
-0.000465903
-0.00043205
-0.000399636
-0.000368651
-0.000339072
-0.000310869
-0.000284009
-0.000258457
-0.000234183
-0.000211158
-0.000189361
-0.000168779
-0.000149403
-0.000131235
-0.000114284
-9.85661e-05
-8.41056e-05
-7.09293e-05
-5.90684e-05
-4.85396e-05
-3.93533e-05
-3.14719e-05
-2.4845e-05
-1.93454e-05
-1.48356e-05
-1.11675e-05
-8.02309e-06
-5.71884e-06
-2.9178e-06
-2.83961e-06
1.93618e-06
-6.73619e-06
1.08116e-05
-3.70008e-05
4.93311e-05
-0.00017769
0.000266543
0.113926
0.116399
0.124762
0.138292
0.160193
0.195337
0.252666
0.330686
0.488776
-0.334796
-0.342978
-0.337566
-0.330928
-0.322874
-0.316095
-0.302509
-0.283138
-0.275475
-0.301829
-0.343483
-0.350856
-0.299607
-0.22587
-0.164567
-0.148549
-0.174372
-0.208738
-0.199692
-0.16061
-0.128063
-0.11782
-0.139256
-0.18427
-0.215212
-0.197478
-0.149322
-0.108764
-0.0889613
-0.0905507
-0.111119
-0.134619
-0.138137
-0.117965
-0.0910725
-0.0715671
-0.0623451
-0.0641593
-0.0749757
-0.0850376
-0.0830153
-0.067891
-0.0484896
-0.0326477
-0.0221922
-0.0165739
-0.015643
-0.0187773
-0.0236259
-0.0268053
-0.0257734
-0.0209869
-0.0149443
-0.00986357
-0.00694585
-0.00642012
-0.00769167
-0.00970946
-0.0113405
-0.0117275
-0.0107145
-0.00880577
-0.0067712
-0.0051619
-0.00419991
-0.00382858
-0.00384554
-0.00402493
-0.00418551
-0.00422329
-0.00411325
-0.00389764
-0.00365286
-0.00344382
-0.0032964
-0.00320199
-0.00313334
-0.00306052
-0.00296351
-0.00283687
-0.00268595
-0.00252338
-0.00236391
-0.0022177
-0.00208958
-0.00197944
-0.0018842
-0.00179942
-0.00172093
-0.00164601
-0.00157348
-0.00150294
-0.00143427
-0.00136747
-0.00130257
-0.00123953
-0.00117811
-0.0011183
-0.0010596
-0.0010022
-0.000946303
-0.000892114
-0.000839917
-0.000789875
-0.000742075
-0.000696515
-0.000653119
-0.000611769
-0.000572321
-0.000534636
-0.000498582
-0.000464049
-0.00043094
-0.000399184
-0.000368724
-0.00033952
-0.000311543
-0.000284778
-0.000259217
-0.000234857
-0.000211701
-0.000189755
-0.000169025
-0.000149519
-0.000131247
-0.000114221
-9.84569e-05
-8.39757e-05
-7.07989e-05
-5.89516e-05
-4.8445e-05
-3.92846e-05
-3.14288e-05
-2.48245e-05
-1.93427e-05
-1.48453e-05
-1.11841e-05
-8.04204e-06
-5.73667e-06
-2.93215e-06
-2.84984e-06
1.93035e-06
-6.73871e-06
1.08118e-05
-3.69971e-05
4.9333e-05
-0.000177669
0.000266527
0.1129
0.115239
0.123124
0.135755
0.155775
0.186904
0.235116
0.302292
0.412957
-0.340362
-0.344113
-0.351357
-0.341069
-0.32136
-0.292936
-0.265383
-0.242338
-0.236236
-0.264834
-0.329587
-0.390276
-0.387319
-0.314874
-0.221023
-0.144993
-0.11186
-0.125721
-0.155724
-0.163935
-0.143852
-0.125255
-0.125908
-0.158273
-0.212061
-0.241356
-0.212424
-0.151751
-0.102256
-0.0761991
-0.0715723
-0.0856349
-0.104874
-0.110841
-0.0990273
-0.0819891
-0.070368
-0.0672304
-0.0746851
-0.0898974
-0.10112
-0.0959018
-0.0757112
-0.0519584
-0.0333942
-0.0213736
-0.0144019
-0.0117012
-0.0127878
-0.0162701
-0.0197868
-0.0207746
-0.0183945
-0.0141357
-0.0102796
-0.00838075
-0.0087871
-0.0107531
-0.0129587
-0.0141368
-0.013624
-0.0116917
-0.00913104
-0.00669821
-0.00483661
-0.00367762
-0.00313164
-0.00300544
-0.00310129
-0.00326584
-0.00340256
-0.00347049
-0.00347715
-0.00345685
-0.00344287
-0.00344355
-0.00344414
-0.00341849
-0.00334513
-0.00321697
-0.00303879
-0.00282826
-0.00260974
-0.00240132
-0.00221557
-0.00205819
-0.00192886
-0.0018236
-0.00173693
-0.00166345
-0.00159844
-0.00153836
-0.00148089
-0.00142458
-0.00136858
-0.00131218
-0.00125483
-0.00119639
-0.00113681
-0.00107688
-0.00101711
-0.000958194
-0.00090083
-0.00084563
-0.000793012
-0.000743205
-0.000696254
-0.000652061
-0.000610427
-0.000571105
-0.000533832
-0.000498358
-0.000464463
-0.000431974
-0.000400756
-0.000370717
-0.000341801
-0.000313986
-0.000287269
-0.000261667
-0.000237203
-0.000213906
-0.000191802
-0.000170914
-0.000151262
-0.000132861
-0.000115725
-9.98659e-05
-8.52998e-05
-7.20425e-05
-6.01146e-05
-4.95245e-05
-4.02776e-05
-3.23358e-05
-2.56501e-05
-2.00977e-05
-1.55438e-05
-1.18428e-05
-8.67674e-06
-6.34921e-06
-3.54161e-06
-3.37787e-06
1.36577e-06
-6.86267e-06
1.02551e-05
-3.52756e-05
4.77097e-05
-0.000166738
0.000254051
0.110928
0.113013
0.120041
0.130999
0.147899
0.171916
0.207051
0.249932
0.261927
-0.261769
-0.34956
-0.353139
-0.357329
-0.340797
-0.310566
-0.267562
-0.225481
-0.198289
-0.206063
-0.261058
-0.349124
-0.411297
-0.394832
-0.307594
-0.20351
-0.120777
-0.0756286
-0.0790483
-0.102287
-0.122719
-0.119968
-0.114695
-0.127181
-0.17149
-0.233305
-0.25828
-0.217817
-0.147415
-0.0921983
-0.0621186
-0.0527396
-0.0612753
-0.0766734
-0.0844475
-0.0798216
-0.0715324
-0.0673235
-0.0705612
-0.084078
-0.103789
-0.115623
-0.106749
-0.0815997
-0.0541631
-0.033613
-0.0206253
-0.0128353
-0.00885845
-0.00809243
-0.00972481
-0.0124354
-0.0143989
-0.0141479
-0.0120098
-0.00988661
-0.00942036
-0.0109343
-0.0134678
-0.0155269
-0.0159558
-0.0145601
-0.0119655
-0.00907491
-0.00652668
-0.00461981
-0.00340199
-0.00276857
-0.00254731
-0.00256972
-0.00270989
-0.00288916
-0.00306112
-0.00321426
-0.00335636
-0.00348621
-0.0035917
-0.00365011
-0.00363979
-0.00355007
-0.00338289
-0.00315821
-0.0029057
-0.00265049
-0.00241265
-0.00220489
-0.00203224
-0.00189377
-0.00178487
-0.00169922
-0.00163031
-0.00157249
-0.00152119
-0.00147297
-0.00142521
-0.00137612
-0.00132462
-0.00127021
-0.00121293
-0.00115317
-0.00109184
-0.00102993
-0.000968584
-0.000908802
-0.000851418
-0.000796996
-0.00074583
-0.000697975
-0.000653295
-0.000611529
-0.000572344
-0.000535391
-0.000500337
-0.000466891
-0.000434819
-0.000403948
-0.000374163
-0.000345405
-0.000317654
-0.000290923
-0.000265248
-0.000240671
-0.000217239
-0.000194993
-0.000173966
-0.000154184
-0.000135663
-0.000118413
-0.000102444
-8.77638e-05
-7.43824e-05
-6.23158e-05
-5.1571e-05
-4.21553e-05
-3.40373e-05
-2.71759e-05
-2.14604e-05
-1.67634e-05
-1.29472e-05
-9.69763e-06
-7.29587e-06
-4.46375e-06
-4.13737e-06
5.20008e-07
-6.88396e-06
9.35191e-06
-3.18705e-05
4.46422e-05
-0.000146225
0.000230322
0.108113
0.109871
0.115735
0.124671
0.137455
0.154815
0.172526
0.187414
0.147052
-0.179092
-0.438434
-0.336531
-0.35335
-0.357436
-0.338345
-0.301031
-0.248613
-0.202125
-0.17845
-0.196159
-0.263222
-0.354334
-0.406422
-0.37601
-0.282933
-0.17998
-0.0986487
-0.0471534
-0.0369837
-0.0537924
-0.0771555
-0.0892615
-0.0959856
-0.120876
-0.177793
-0.245495
-0.263481
-0.21256
-0.136657
-0.0795848
-0.0478578
-0.0351324
-0.0388483
-0.0509363
-0.0599487
-0.0612629
-0.0601292
-0.0624249
-0.0720095
-0.0917271
-0.11572
-0.127375
-0.114562
-0.0849566
-0.0548597
-0.033231
-0.0198852
-0.0117882
-0.00707092
-0.00495474
-0.004831
-0.00611911
-0.00787318
-0.00886128
-0.0087512
-0.00868251
-0.0099439
-0.0125985
-0.0154749
-0.017124
-0.0167798
-0.0147193
-0.0118148
-0.00889657
-0.00644003
-0.00461542
-0.00341637
-0.00274424
-0.00245872
-0.00242278
-0.00253339
-0.00271686
-0.00293069
-0.00315911
-0.00338381
-0.00358187
-0.0037276
-0.00379676
-0.00377276
-0.00365253
-0.00345311
-0.00320193
-0.00292811
-0.00265784
-0.00241023
-0.00219645
-0.00202043
-0.00188059
-0.00177201
-0.00168824
-0.00162259
-0.00156892
-0.00152208
-0.00147804
-0.00143381
-0.00138739
-0.00133751
-0.00128364
-0.00122597
-0.00116518
-0.00110244
-0.00103902
-0.000976197
-0.000915103
-0.000856632
-0.000801377
-0.000749632
-0.000701426
-0.000656589
-0.000614816
-0.00057573
-0.000538938
-0.000504068
-0.000470799
-0.000438873
-0.000408105
-0.000378375
-0.000349624
-0.000321839
-0.000295045
-0.000269286
-0.000244615
-0.000221086
-0.000198747
-0.000177633
-0.00015777
-0.000139172
-0.000121846
-0.000105794
-9.10166e-05
-7.7518e-05
-6.53072e-05
-5.43881e-05
-4.47667e-05
-3.64167e-05
-2.93032e-05
-2.33296e-05
-1.838e-05
-1.43329e-05
-1.08896e-05
-8.31062e-06
-5.39238e-06
-4.80787e-06
-2.87874e-07
-6.56322e-06
8.34232e-06
-2.6966e-05
4.03785e-05
-0.000118562
0.000197531
0.104595
0.105968
0.110532
0.117163
0.125931
0.135981
0.141739
0.132806
0.0583453
-0.144129
-0.323569
-0.312719
-0.332902
-0.33559
-0.318284
-0.282475
-0.234607
-0.191346
-0.17239
-0.198801
-0.269052
-0.348462
-0.380722
-0.338745
-0.249152
-0.15597
-0.081843
-0.0289172
-0.00520008
-0.011852
-0.0295648
-0.0511169
-0.0694692
-0.107627
-0.176844
-0.246622
-0.255625
-0.197051
-0.120752
-0.0656332
-0.0344046
-0.0195824
-0.018895
-0.027859
-0.0374244
-0.0434633
-0.04789
-0.0556441
-0.0712899
-0.0970398
-0.124673
-0.135174
-0.118421
-0.0853712
-0.0539611
-0.0322438
-0.0190886
-0.0110883
-0.00611609
-0.00325419
-0.00196452
-0.00196713
-0.00292588
-0.00427883
-0.00567918
-0.00748805
-0.0102983
-0.0137604
-0.0166151
-0.0176848
-0.0167177
-0.0143281
-0.0114339
-0.00870599
-0.00646226
-0.00478445
-0.00364289
-0.0029567
-0.00262067
-0.0025289
-0.00259702
-0.0027627
-0.00298523
-0.00323179
-0.00347296
-0.00367737
-0.00381537
-0.00386387
-0.00381291
-0.00367
-0.00345533
-0.00319623
-0.00292118
-0.00265375
-0.00241049
-0.00220082
-0.00202783
-0.00188988
-0.00178236
-0.00169914
-0.00163381
-0.00158041
-0.0015338
-0.0014899
-0.00144556
-0.00139867
-0.00134801
-0.00129319
-0.00123453
-0.00117282
-0.00110926
-0.00104516
-0.000981833
-0.000920386
-0.000861686
-0.00080629
-0.00075446
-0.000706203
-0.000661331
-0.000619526
-0.000580406
-0.000543571
-0.000508648
-0.000475316
-0.000443318
-0.000412469
-0.000382654
-0.000353817
-0.00032595
-0.00029908
-0.000273254
-0.000248529
-0.000224957
-0.000202584
-0.000181447
-0.000161565
-0.000142952
-0.000125608
-0.000109529
-9.47104e-05
-8.11474e-05
-6.88399e-05
-5.77832e-05
-4.79748e-05
-3.9385e-05
-3.19776e-05
-2.56666e-05
-2.03485e-05
-1.59272e-05
-1.21387e-05
-9.23319e-06
-6.12457e-06
-5.16556e-06
-8.20342e-07
-5.74335e-06
7.41719e-06
-2.08916e-05
3.51884e-05
-8.67932e-05
0.000158497
0.100528
0.101506
0.104716
0.109106
0.114108
0.118355
0.115699
0.0973856
0.0311804
-0.131231
-0.249649
-0.259309
-0.287852
-0.298963
-0.290202
-0.265121
-0.229082
-0.197184
-0.185876
-0.209264
-0.264699
-0.320874
-0.33437
-0.290941
-0.213976
-0.135057
-0.0702182
-0.0196883
0.0126908
0.0200449
0.0117052
-0.00943655
-0.0388375
-0.0905258
-0.169422
-0.235838
-0.234994
-0.173242
-0.101711
-0.0516017
-0.0224637
-0.006598
-0.001955
-0.00736269
-0.0164986
-0.0258009
-0.0345732
-0.046936
-0.0682345
-0.0995342
-0.12972
-0.13811
-0.11771
-0.0827426
-0.0515736
-0.0307285
-0.0182154
-0.0105685
-0.00566346
-0.00254647
-0.000720886
-2.05743e-05
-0.000442727
-0.00186599
-0.00411611
-0.00715588
-0.0108439
-0.0144583
-0.0168673
-0.0173289
-0.0159843
-0.0135936
-0.0109425
-0.00852486
-0.00654259
-0.00503345
-0.0039674
-0.00328477
-0.00290915
-0.0027636
-0.00278027
-0.00290685
-0.00309969
-0.00332311
-0.00354161
-0.00372037
-0.00382986
-0.00385162
-0.00378179
-0.00362995
-0.00341645
-0.0031666
-0.00290495
-0.00265163
-0.00242067
-0.00222006
-0.00205252
-0.00191681
-0.00180908
-0.00172407
-0.00165611
-0.00159972
-0.0015501
-0.0015033
-0.00145634
-0.00140721
-0.00135474
-0.00129855
-0.00123896
-0.00117676
-0.00111308
-0.00104915
-0.000986165
-0.000925133
-0.00086683
-0.000811751
-0.000760125
-0.000711947
-0.000667038
-0.000625101
-0.000585778
-0.000548698
-0.000513512
-0.000479919
-0.000447679
-0.000416618
-0.000386629
-0.000357658
-0.000329696
-0.000302767
-0.000276913
-0.000252184
-0.000228628
-0.000206286
-0.000185189
-0.000165354
-0.000146789
-0.000129493
-0.000113458
-9.86721e-05
-8.5123e-05
-7.27983e-05
-6.16789e-05
-5.17443e-05
-4.29504e-05
-3.52476e-05
-2.85523e-05
-2.27721e-05
-1.78418e-05
-1.35482e-05
-1.01445e-05
-6.71118e-06
-5.24018e-06
-1.07665e-06
-4.48758e-06
6.59145e-06
-1.4156e-05
2.9274e-05
-5.40554e-05
0.000116216
0.0960745
0.0966618
0.0985663
0.10083
0.102588
0.101916
0.0936473
0.0690231
0.0117025
-0.105673
-0.204814
-0.231462
-0.259741
-0.271211
-0.266257
-0.248613
-0.222819
-0.199727
-0.191927
-0.209222
-0.247011
-0.282086
-0.28499
-0.247045
-0.184564
-0.119022
-0.0624898
-0.016132
0.0188767
0.0373992
0.0389098
0.0240267
-0.0127386
-0.0747271
-0.156399
-0.213371
-0.203809
-0.144412
-0.0818738
-0.038594
-0.0124053
0.00364601
0.0114609
0.0102536
0.00285657
-0.00773166
-0.0199078
-0.0364055
-0.062904
-0.0988635
-0.13007
-0.13555
-0.112317
-0.07736
-0.0479934
-0.0288298
-0.0172979
-0.0101635
-0.00550863
-0.00243222
-0.000489679
0.000400283
0.000101364
-0.00143158
-0.0040563
-0.00753582
-0.0113321
-0.0145489
-0.0163063
-0.0162828
-0.0148481
-0.0126923
-0.0104089
-0.00834132
-0.00662449
-0.00528426
-0.00430168
-0.0036364
-0.00323529
-0.00304158
-0.00300197
-0.00307245
-0.00321438
-0.003391
-0.00356618
-0.00370635
-0.00378467
-0.0037856
-0.00370737
-0.00355934
-0.0033593
-0.00312864
-0.00288795
-0.00265399
-0.00243861
-0.00224878
-0.0020872
-0.0019533
-0.00184421
-0.00175571
-0.00168308
-0.00162159
-0.00156699
-0.00151571
-0.00146497
-0.00141284
-0.00135822
-0.00130073
-0.00124058
-0.00117844
-0.00111526
-0.00105211
-0.00098999
-0.000929796
-0.000872194
-0.000817619
-0.000766277
-0.000718171
-0.000673152
-0.000630966
-0.000591301
-0.000553832
-0.00051825
-0.000484283
-0.000451714
-0.000420385
-0.000390191
-0.000361079
-0.000333035
-0.000306075
-0.000280231
-0.000255544
-0.000232052
-0.000209789
-0.000188781
-0.000169042
-0.000150577
-0.000133384
-0.000117454
-0.00010277
-8.93133e-05
-7.70568e-05
-6.59624e-05
-5.59839e-05
-4.70515e-05
-3.909e-05
-3.20077e-05
-2.57155e-05
-2.01797e-05
-1.52553e-05
-1.12071e-05
-7.323e-06
-5.20692e-06
-1.20722e-06
-2.99954e-06
5.76852e-06
-7.32276e-06
2.28017e-05
-2.30531e-05
7.34737e-05
0.0913905
0.0916161
0.092309
0.0926954
0.0917247
0.0873725
0.0753656
0.0484709
-0.001915
-0.0928735
-0.173757
-0.203972
-0.231279
-0.244957
-0.244759
-0.234073
-0.21668
-0.200801
-0.195027
-0.205421
-0.22892
-0.249189
-0.245978
-0.21349
-0.162371
-0.107357
-0.0577467
-0.0157686
0.0182984
0.0412499
0.0491712
0.0388411
0.00105309
-0.0647303
-0.140343
-0.183146
-0.166955
-0.114646
-0.0633616
-0.0273739
-0.00431679
0.0112196
0.0210951
0.0239592
0.0196086
0.0099177
-0.00444123
-0.0247955
-0.0558666
-0.0949987
-0.125319
-0.12745
-0.102786
-0.0699033
-0.0436495
-0.0267161
-0.016371
-0.00984117
-0.00552679
-0.00264827
-0.000812279
5.3354e-05
-0.000215848
-0.00174384
-0.00438783
-0.00774558
-0.0111464
-0.0137672
-0.0150082
-0.0148047
-0.0135472
-0.0117623
-0.00988024
-0.00815011
-0.00667887
-0.00549692
-0.00459918
-0.00396123
-0.00354676
-0.00331422
-0.00322263
-0.00323528
-0.00331841
-0.00343895
-0.0035639
-0.00366289
-0.00371216
-0.00369798
-0.00361808
-0.00348002
-0.00329823
-0.00309004
-0.00287215
-0.00265843
-0.00245895
-0.00227998
-0.00212431
-0.00199202
-0.00188121
-0.00178873
-0.0017108
-0.00164354
-0.00158329
-0.00152694
-0.001472
-0.00141669
-0.00135993
-0.00130126
-0.00124079
-0.00117898
-0.00111659
-0.00105448
-0.000993467
-0.000934291
-0.000877516
-0.000823519
-0.000772488
-0.000724445
-0.000679281
-0.000636793
-0.000596726
-0.000558806
-0.00052277
-0.000488382
-0.000455451
-0.000423831
-0.000393425
-0.000364176
-0.000336065
-0.000309094
-0.000283286
-0.000258668
-0.00023527
-0.000213116
-0.000192228
-0.000172615
-0.000154284
-0.000137231
-0.000121447
-0.000106915
-9.36077e-05
-8.14859e-05
-7.04905e-05
-6.05446e-05
-5.15463e-05
-4.33854e-05
-3.59515e-05
-2.91545e-05
-2.29875e-05
-1.73721e-05
-1.2585e-05
-8.1611e-06
-5.29363e-06
-1.42642e-06
-1.54726e-06
4.7922e-06
-9.22542e-07
1.59128e-05
4.25591e-06
3.25535e-05
0.0866211
0.0865212
0.0861342
0.0849
0.0817195
0.0745999
0.0602163
0.0327749
-0.0119472
-0.083554
-0.150011
-0.182915
-0.210291
-0.225249
-0.227997
-0.221765
-0.209878
-0.198517
-0.193913
-0.199992
-0.213813
-0.22408
-0.217028
-0.188578
-0.14577
-0.0989377
-0.0552679
-0.017375
0.0138359
0.0366219
0.0468358
0.038229
0.00335429
-0.0570001
-0.119133
-0.147028
-0.128828
-0.0872187
-0.0474695
-0.0182281
0.00191036
0.0164384
0.0270946
0.032932
0.0322093
0.0246981
0.00971155
-0.013844
-0.0482527
-0.0882223
-0.1155
-0.114428
-0.0902822
-0.061315
-0.0390105
-0.0245464
-0.0154653
-0.00958739
-0.00565771
-0.0030306
-0.00136803
-0.000587547
-0.000811911
-0.00214757
-0.00446992
-0.00737801
-0.0102385
-0.01238
-0.0133836
-0.0132557
-0.012298
-0.0109015
-0.00938753
-0.00795409
-0.00669875
-0.00565979
-0.00484389
-0.00423892
-0.00382116
-0.00356047
-0.00342524
-0.00338574
-0.00341361
-0.0034801
-0.00355647
-0.00361638
-0.00363928
-0.00361252
-0.00353276
-0.00340544
-0.00324145
-0.00305433
-0.00285748
-0.00266235
-0.00247755
-0.00230869
-0.00215868
-0.00202812
-0.00191592
-0.00181983
-0.00173698
-0.00166423
-0.00159858
-0.00153736
-0.00147837
-0.00142001
-0.00136121
-0.00130148
-0.00124075
-0.00117933
-0.00111777
-0.00105669
-0.00099676
-0.00093857
-0.000882589
-0.000829141
-0.000778401
-0.000730409
-0.000685094
-0.000642305
-0.000601841
-0.000563479
-0.000527001
-0.000492205
-0.000458925
-0.000427028
-0.000396422
-0.000367049
-0.000338881
-0.000311911
-0.000286148
-0.000261608
-0.000238311
-0.000216276
-0.000195516
-0.00017604
-0.000157853
-0.000140953
-0.000125332
-0.000110972
-9.78413e-05
-8.58884e-05
-7.50344e-05
-6.5172e-05
-5.61649e-05
-4.7864e-05
-4.01369e-05
-3.28808e-05
-2.61047e-05
-1.98119e-05
-1.42778e-05
-9.29438e-06
-5.63214e-06
-1.88394e-06
-3.37086e-07
3.55604e-06
4.66509e-06
8.77564e-06
2.67906e-05
-4.90561e-06
0.0818955
0.0815139
0.0801906
0.0776097
0.0726809
0.063591
0.0477917
0.0208741
-0.0190602
-0.0770873
-0.132832
-0.165473
-0.19162
-0.20725
-0.212596
-0.210258
-0.202946
-0.195306
-0.191741
-0.194681
-0.20178
-0.20516
-0.19548
-0.169934
-0.133297
-0.0929222
-0.0543909
-0.0202689
0.00797904
0.0290031
0.0392226
0.0327901
0.0038764
-0.0440754
-0.0902375
-0.108527
-0.094583
-0.0646135
-0.0347392
-0.0110767
0.0064746
0.0197617
0.0301959
0.0373928
0.0393363
0.0340763
0.0196607
-0.00576667
-0.0415514
-0.0794103
-0.101779
-0.0981202
-0.0764817
-0.0526112
-0.0344876
-0.0224415
-0.0145959
-0.00937826
-0.00584794
-0.00348401
-0.00200345
-0.00130868
-0.00147141
-0.00255768
-0.00445804
-0.00683835
-0.00918482
-0.0109729
-0.0118786
-0.0118888
-0.0112169
-0.0101532
-0.00894597
-0.00776063
-0.0066894
-0.00577622
-0.00503626
-0.00446645
-0.00405234
-0.00377279
-0.0036038
-0.00352136
-0.00350187
-0.00352104
-0.00355451
-0.00357976
-0.00357898
-0.0035406
-0.00346042
-0.00334174
-0.00319247
-0.00302297
-0.0028439
-0.00266466
-0.00249259
-0.00233275
-0.00218801
-0.00205938
-0.00194637
-0.00184748
-0.00176056
-0.00168314
-0.00161279
-0.00154726
-0.00148466
-0.00142351
-0.00136284
-0.00130207
-0.00124104
-0.0011799
-0.001119
-0.0010588
-0.000999807
-0.000942482
-0.000887206
-0.000834255
-0.000783788
-0.000735857
-0.000690423
-0.000647379
-0.00060657
-0.00056782
-0.000530949
-0.000495788
-0.000462193
-0.000430044
-0.000399256
-0.000369768
-0.000341546
-0.000314575
-0.000288853
-0.000264387
-0.000241186
-0.000219263
-0.000198625
-0.000179281
-0.000161233
-0.000144481
-0.000129017
-0.000114824
-0.000101867
-9.00832e-05
-7.93776e-05
-6.96152e-05
-6.06285e-05
-5.22336e-05
-4.42685e-05
-3.66269e-05
-2.93303e-05
-2.24318e-05
-1.61964e-05
-1.06889e-05
-6.2406e-06
-2.62042e-06
5.18627e-07
2.01782e-06
9.22524e-06
1.57442e-06
4.42537e-05
-3.79261e-05
0.0773254
0.0767055
0.0745917
0.0709138
0.0646354
0.0541702
0.0376107
0.0117021
-0.0242185
-0.0724822
-0.119822
-0.151336
-0.17657
-0.192773
-0.200036
-0.200464
-0.196314
-0.191114
-0.188086
-0.188792
-0.191342
-0.190182
-0.17894
-0.155709
-0.123826
-0.0886329
-0.0545142
-0.0238499
0.00172403
0.0207599
0.0306085
0.0268672
0.00582906
-0.0290515
-0.062714
-0.0769783
-0.0685536
-0.0475584
-0.0249122
-0.00559844
0.00964743
0.0216273
0.0312273
0.0384167
0.0414282
0.0375482
0.0239981
-0.00131562
-0.0358067
-0.0688286
-0.0854862
-0.0805595
-0.0630433
-0.0445913
-0.0303513
-0.0204757
-0.0137733
-0.00919699
-0.00606145
-0.0039526
-0.0026349
-0.0020128
-0.00211852
-0.00297987
-0.0045013
-0.00641892
-0.00833245
-0.00983415
-0.010663
-0.0107806
-0.0103298
-0.00952453
-0.00855993
-0.00757611
-0.00665882
-0.00585426
-0.00518288
-0.00464807
-0.00424229
-0.00395127
-0.00375704
-0.00364066
-0.00358269
-0.00356273
-0.00356017
-0.00355583
-0.00353424
-0.00348484
-0.00340298
-0.00329021
-0.00315207
-0.00299638
-0.00283156
-0.00266531
-0.0025039
-0.00235183
-0.00221189
-0.0020853
-0.00197205
-0.00187118
-0.00178112
-0.00169998
-0.00162578
-0.00155665
-0.00149096
-0.0014274
-0.00136503
-0.00130328
-0.00124189
-0.00118088
-0.00112044
-0.00106091
-0.00100265
-0.000946022
-0.000891322
-0.000838785
-0.000788555
-0.000740688
-0.00069517
-0.000651926
-0.000610839
-0.00057177
-0.000534573
-0.000499106
-0.000465242
-0.000432877
-0.000401928
-0.000372337
-0.000344064
-0.000317086
-0.000291395
-0.000266989
-0.000243869
-0.000222041
-0.00020151
-0.000182281
-0.000164354
-0.00014773
-0.000132403
-0.000118352
-0.000105541
-9.38988e-05
-8.33167e-05
-7.36377e-05
-6.46702e-05
-5.61983e-05
-4.80467e-05
-4.00973e-05
-3.23646e-05
-2.49683e-05
-1.81427e-05
-1.22101e-05
-7.05252e-06
-3.59138e-06
1.01962e-06
2.29471e-07
1.27195e-05
-5.4832e-06
5.69497e-05
-6.61019e-05
0.0730053
0.072189
0.0694222
0.0648731
0.0575761
0.0461924
0.0293139
0.00461214
-0.0279402
-0.0690652
-0.109984
-0.139889
-0.163954
-0.180279
-0.188919
-0.191515
-0.189875
-0.186643
-0.184133
-0.183327
-0.182742
-0.178496
-0.166274
-0.14485
-0.116645
-0.0856166
-0.0552337
-0.0276444
-0.00445159
0.0128926
0.0222783
0.0206858
0.00590668
-0.0191792
-0.043725
-0.0550442
-0.0499953
-0.0348966
-0.0173635
-0.0014543
0.0117366
0.0224181
0.0310057
0.0374753
0.0404598
0.0372579
0.0248451
0.00173396
-0.0284363
-0.0552305
-0.0675718
-0.0637983
-0.0512502
-0.0377167
-0.0267277
-0.0186865
-0.0130036
-0.00902698
-0.00626578
-0.00439538
-0.00322205
-0.00265917
-0.00271463
-0.0033934
-0.0046116
-0.00615945
-0.00772478
-0.00898769
-0.00973413
-0.00991348
-0.00961804
-0.00900505
-0.00822812
-0.00740548
-0.00661511
-0.00590287
-0.00529209
-0.00479052
-0.00439572
-0.00409866
-0.00388631
-0.00374388
-0.00365541
-0.00360385
-0.00357178
-0.00354277
-0.00350326
-0.00344366
-0.00335912
-0.00324989
-0.00311969
-0.00297439
-0.00282064
-0.00266475
-0.00251204
-0.00236651
-0.00223081
-0.00210628
-0.00199321
-0.00189105
-0.00179871
-0.00171471
-0.00163746
-0.00156542
-0.00149717
-0.00143156
-0.00136771
-0.00130503
-0.00124322
-0.00118219
-0.00112204
-0.00106298
-0.00100526
-0.000949158
-0.000894914
-0.000842716
-0.00079269
-0.000744893
-0.000699326
-0.000655938
-0.00061464
-0.000575322
-0.000537864
-0.000502148
-0.000468063
-0.000435515
-0.000404428
-0.000374743
-0.000346419
-0.000319429
-0.000293757
-0.000269394
-0.000246337
-0.000224585
-0.000204141
-0.000185004
-0.000167177
-0.000150656
-0.000135434
-0.000121492
-0.000108788
-9.72448e-05
-8.67433e-05
-7.71107e-05
-6.81383e-05
-5.95914e-05
-5.12825e-05
-4.30856e-05
-3.50147e-05
-2.72423e-05
-1.99522e-05
-1.37119e-05
-7.95399e-06
-4.70833e-06
1.20607e-06
-1.72678e-06
1.52163e-05
-1.22089e-05
6.55388e-05
-8.94709e-05
0.0690128
0.0680378
0.0647429
0.0595147
0.0514655
0.0394929
0.0225749
-0.000904769
-0.0306554
-0.0664998
-0.102454
-0.130644
-0.153651
-0.170028
-0.179706
-0.183907
-0.184065
-0.182182
-0.17996
-0.178045
-0.175326
-0.169072
-0.156365
-0.136453
-0.111158
-0.0834917
-0.0562373
-0.0313029
-0.0101993
0.00572302
0.0147155
0.0146756
0.00434478
-0.0137385
-0.0315606
-0.0401595
-0.0368211
-0.0255205
-0.011615
0.00163422
0.013037
0.0224755
0.0300691
0.0356606
0.0382139
0.0354794
0.024877
0.00547462
-0.0191601
-0.0407149
-0.0512715
-0.0500071
-0.0418309
-0.0321073
-0.0236328
-0.0170898
-0.0122946
-0.00886249
-0.00644605
-0.00479343
-0.00374706
-0.00323213
-0.00324401
-0.00377587
-0.00475516
-0.00601331
-0.00730312
-0.0083693
-0.00903425
-0.00924289
-0.00905311
-0.00858058
-0.00794691
-0.00725165
-0.00656466
-0.0059298
-0.00537156
-0.00490053
-0.00451792
-0.00421868
-0.00399369
-0.00383159
-0.00371938
-0.00364278
-0.00358695
-0.00353769
-0.00348303
-0.00341426
-0.00332646
-0.003219
-0.00309425
-0.00295658
-0.00281125
-0.00266345
-0.00251772
-0.00237761
-0.00224556
-0.00212298
-0.00201035
-0.00190745
-0.00181348
-0.00172735
-0.00164776
-0.00157342
-0.00150311
-0.0014358
-0.00137067
-0.00130715
-0.0012449
-0.00118376
-0.00112375
-0.00106498
-0.00100764
-0.000951925
-0.000898022
-0.000846087
-0.000796226
-0.000748495
-0.000702902
-0.000659412
-0.000617958
-0.000578451
-0.000540792
-0.000504879
-0.000470617
-0.000437919
-0.000406716
-0.000376949
-0.000348577
-0.000321568
-0.000295903
-0.000271568
-0.000248556
-0.000226861
-0.000206481
-0.000187415
-0.000169661
-0.000153215
-0.000138068
-0.000124196
-0.000111555
-0.000100061
-8.9588e-05
-7.99529e-05
-7.09371e-05
-6.22993e-05
-5.38447e-05
-4.54466e-05
-3.71202e-05
-2.90853e-05
-2.14623e-05
-1.50418e-05
-8.81453e-06
-5.84226e-06
1.18017e-06
-3.7271e-06
1.68744e-05
-1.84272e-05
7.08499e-05
-0.000108361
0.0654103
0.06431
0.0605966
0.0548501
0.0462585
0.033932
0.0171418
-0.00519499
-0.0326377
-0.0645324
-0.0966657
-0.123224
-0.145223
-0.161482
-0.171854
-0.177242
-0.178769
-0.177943
-0.176008
-0.173386
-0.169241
-0.161666
-0.148722
-0.130018
-0.107001
-0.0820225
-0.0573461
-0.034651
-0.0153142
-0.000562139
0.00815598
0.00931978
0.00229854
-0.0106885
-0.0236078
-0.0299151
-0.0273848
-0.0185616
-0.00726212
0.00390853
0.013791
0.0220935
0.0287672
0.0335674
0.03563
0.033214
0.0243672
0.00853476
-0.0114336
-0.029245
-0.0390026
-0.0397158
-0.0346069
-0.0276008
-0.0210257
-0.0156928
-0.0116543
-0.00870174
-0.00659288
-0.00513405
-0.00419842
-0.00372336
-0.00369907
-0.00411426
-0.00490701
-0.00593994
-0.00701362
-0.00792025
-0.00851019
-0.00872789
-0.00860834
-0.00823738
-0.00771211
-0.00711653
-0.00651268
-0.0059417
-0.00542813
-0.00498427
-0.00461393
-0.00431505
-0.00408159
-0.00390491
-0.00377446
-0.00367824
-0.00360349
-0.00353786
-0.00347067
-0.00339384
-0.00330263
-0.00319575
-0.00307459
-0.00294241
-0.0028034
-0.00266184
-0.00252163
-0.0023859
-0.00225693
-0.00213612
-0.00202408
-0.00192079
-0.00182572
-0.00173802
-0.00165666
-0.00158053
-0.00150858
-0.00143989
-0.00137369
-0.00130943
-0.00124674
-0.00118543
-0.00112545
-0.00106686
-0.00100977
-0.000954324
-0.000900673
-0.000848939
-0.000799211
-0.00075154
-0.000705938
-0.00066238
-0.000620814
-0.000581167
-0.000543355
-0.00050729
-0.000472888
-0.000440069
-0.000408769
-0.000378931
-0.000350514
-0.000323483
-0.000297817
-0.000273498
-0.000250514
-0.000228858
-0.000208525
-0.000189509
-0.000171807
-0.000155411
-0.000140309
-0.000126475
-0.000113857
-0.000102369
-9.18782e-05
-8.2196e-05
-7.31024e-05
-6.43545e-05
-5.57585e-05
-4.71975e-05
-3.86859e-05
-3.04842e-05
-2.26415e-05
-1.61481e-05
-9.57555e-06
-6.92277e-06
1.0104e-06
-5.67722e-06
1.78601e-05
-2.40155e-05
7.37125e-05
-0.00012327
0.0622475
0.0610502
0.0570121
0.0508778
0.0419045
0.0293833
0.0128062
-0.00851996
-0.0340896
-0.0630201
-0.092223
-0.117328
-0.138446
-0.154553
-0.165425
-0.171691
-0.174215
-0.174138
-0.172387
-0.16926
-0.164148
-0.155733
-0.142747
-0.12505
-0.103836
-0.0809991
-0.0584164
-0.0375626
-0.0196792
-0.00586957
0.00265978
0.00478866
0.000259921
-0.0089899
-0.0183123
-0.0228066
-0.0206328
-0.013437
-0.00400527
0.00556046
0.0141846
0.0214949
0.0273498
0.0314766
0.0331166
0.0308959
0.0233311
0.0101031
-0.00644812
-0.021442
-0.0303823
-0.0322223
-0.0291251
-0.024027
-0.0188747
-0.0145024
-0.0110921
-0.00854933
-0.00670715
-0.00541651
-0.00457563
-0.00413355
-0.00407991
-0.00440318
-0.00505106
-0.00590995
-0.0068155
-0.00759485
-0.00811953
-0.00833524
-0.00826169
-0.00796356
-0.00751945
-0.00700084
-0.00646287
-0.0059437
-0.00546731
-0.00504693
-0.00468817
-0.00439119
-0.00415228
-0.00396498
-0.00382074
-0.00370937
-0.00361981
-0.00354113
-0.00346369
-0.00338006
-0.00328557
-0.00317853
-0.00305966
-0.00293136
-0.002797
-0.00266018
-0.00252426
-0.00239203
-0.0022656
-0.00214632
-0.00203491
-0.00193147
-0.00183567
-0.00174686
-0.00166417
-0.00158668
-0.00151345
-0.00144365
-0.00137657
-0.00131168
-0.00124859
-0.00118708
-0.00112708
-0.00106857
-0.00101164
-0.000956377
-0.000902903
-0.000851315
-0.000801688
-0.000754066
-0.000708463
-0.000664861
-0.000623216
-0.000583467
-0.000545541
-0.00050936
-0.000474849
-0.000441935
-0.000410556
-0.000380658
-0.000352199
-0.000325145
-0.000299471
-0.000275158
-0.000252191
-0.00023056
-0.000210256
-0.000191272
-0.000173602
-0.000157235
-0.000142154
-0.000128328
-0.000115702
-0.000104182
-9.36332e-05
-8.38657e-05
-7.46626e-05
-6.57853e-05
-5.70486e-05
-4.83506e-05
-3.97049e-05
-3.14094e-05
-2.34399e-05
-1.69607e-05
-1.01567e-05
-7.85248e-06
7.97735e-07
-7.46119e-06
1.83698e-05
-2.88692e-05
7.48928e-05
-0.000134753
0.0595625
0.058292
0.0540081
0.0475907
0.0383561
0.0257436
0.00940843
-0.0110641
-0.0351453
-0.0618606
-0.0888419
-0.112721
-0.133085
-0.149005
-0.160198
-0.167089
-0.170344
-0.170832
-0.169253
-0.165817
-0.160085
-0.151149
-0.138205
-0.121302
-0.101477
-0.0803091
-0.0593843
-0.0400048
-0.0232819
-0.0102055
-0.0017965
0.00109536
-0.0015712
-0.00809939
-0.0148035
-0.0178921
-0.0158261
-0.00969688
-0.00160012
0.00674176
0.0143528
0.0208334
0.0259974
0.0295686
0.030877
0.0287894
0.0221456
0.0107932
-0.00328976
-0.0162022
-0.0243692
-0.0268004
-0.0250074
-0.0212424
-0.0171442
-0.0135184
-0.0106145
-0.00841006
-0.00679079
-0.00564101
-0.00487896
-0.00446409
-0.00438784
-0.00464049
-0.00517802
-0.00590469
-0.0066817
-0.00736163
-0.00783186
-0.0080401
-0.00799601
-0.0077494
-0.00736519
-0.00690501
-0.00641819
-0.00594005
-0.00549374
-0.00509295
-0.00474447
-0.00445008
-0.00420783
-0.00401297
-0.00385848
-0.00373564
-0.00363469
-0.00354583
-0.00346027
-0.00337103
-0.00327361
-0.00316604
-0.00304854
-0.00292293
-0.00279195
-0.00265866
-0.00252601
-0.00239651
-0.0022721
-0.00215412
-0.0020433
-0.00193986
-0.00184359
-0.00175399
-0.00167034
-0.00159182
-0.00151762
-0.00144695
-0.00137917
-0.00131375
-0.00125031
-0.00118862
-0.00112854
-0.00107007
-0.00101323
-0.000958085
-0.000904734
-0.000853251
-0.0008037
-0.000756119
-0.00071052
-0.000666889
-0.000625189
-0.000585367
-0.000547357
-0.000511091
-0.000476497
-0.000443508
-0.000412067
-0.00038212
-0.000353625
-0.000326549
-0.000300865
-0.000276551
-0.000253592
-0.000231975
-0.00021169
-0.000192726
-0.000175075
-0.000158722
-0.000143646
-0.00012981
-0.000117155
-0.000105583
-9.49559e-05
-8.50854e-05
-7.57607e-05
-6.67513e-05
-5.78846e-05
-4.90752e-05
-4.03366e-05
-3.19985e-05
-2.39668e-05
-1.75533e-05
-1.06018e-05
-8.64069e-06
5.61117e-07
-9.0343e-06
1.8549e-05
-3.29448e-05
7.50238e-05
-0.000143368
0.0573844
0.0560604
0.0515963
0.0449783
0.0355708
0.0229281
0.00682371
-0.0129636
-0.0359011
-0.0609918
-0.0863287
-0.109227
-0.128984
-0.144731
-0.156137
-0.163474
-0.16725
-0.168137
-0.166676
-0.16303
-0.156889
-0.147636
-0.134782
-0.118505
-0.0997381
-0.0798398
-0.0601879
-0.0419455
-0.0261152
-0.0135931
-0.0052612
-0.00178857
-0.00309552
-0.00767586
-0.012507
-0.014543
-0.0124673
-0.00702851
0.00013255
0.00756767
0.0143942
0.020214
0.0248253
0.0279602
0.0290196
0.027037
0.0210675
0.0110642
-0.00125706
-0.0126558
-0.0201868
-0.0229308
-0.0219844
-0.0191393
-0.015803
-0.0127386
-0.0102273
-0.00829065
-0.00684988
-0.00581322
-0.00511417
-0.00472089
-0.00462768
-0.00482747
-0.00528298
-0.00591162
-0.00659286
-0.00719746
-0.00762442
-0.00782349
-0.00779778
-0.00758688
-0.00724581
-0.00682878
-0.00638047
-0.00593376
-0.00551092
-0.00512578
-0.00478591
-0.00449423
-0.00425007
-0.00404997
-0.00388809
-0.0037568
-0.00364736
-0.00355081
-0.00345899
-0.00336534
-0.00326545
-0.00315721
-0.0030405
-0.0029167
-0.0027881
-0.00265738
-0.00252714
-0.0023997
-0.00227686
-0.00215991
-0.0020496
-0.00194623
-0.00184968
-0.00175954
-0.0016752
-0.00159594
-0.00152101
-0.0014497
-0.00138137
-0.00131553
-0.00125181
-0.00118994
-0.00112979
-0.00107132
-0.00101452
-0.000959453
-0.000906181
-0.00085477
-0.000805273
-0.000757722
-0.000712129
-0.00066848
-0.000626742
-0.000586869
-0.000548799
-0.00051247
-0.000477814
-0.00044477
-0.00041328
-0.000383294
-0.00035477
-0.000327673
-0.000301977
-0.000277659
-0.000254702
-0.000233092
-0.000212815
-0.000193862
-0.000176218
-0.000159868
-0.000144785
-0.000130927
-0.000118231
-0.000106595
-9.58795e-05
-8.5898e-05
-7.64474e-05
-6.73078e-05
-5.83204e-05
-4.94169e-05
-4.06114e-05
-3.22611e-05
-2.421e-05
-1.78896e-05
-1.08582e-05
-9.21587e-06
3.84648e-07
-1.0306e-05
1.85628e-05
-3.61914e-05
7.46238e-05
-0.000149618
0.055734
0.054373
0.0497834
0.0430301
0.0335134
0.0208716
0.00496026
-0.0143136
-0.03642
-0.0603701
-0.0845457
-0.106711
-0.12601
-0.141609
-0.153143
-0.160777
-0.164909
-0.166074
-0.164707
-0.160942
-0.154556
-0.145122
-0.132363
-0.116542
-0.0985303
-0.0795432
-0.0608121
-0.0433965
-0.0282132
-0.0160851
-0.00779742
-0.00390385
-0.00426045
-0.00750218
-0.0110472
-0.0123338
-0.0102042
-0.00520146
0.00132612
0.0081201
0.0143738
0.0197018
0.0239016
0.026717
0.0276014
0.0257007
0.0202096
0.0111415
2.98748e-05
-0.0103223
-0.0173791
-0.0202796
-0.0198658
-0.0176321
-0.0148228
-0.0121589
-0.00993427
-0.00819634
-0.00688903
-0.00593709
-0.00528509
-0.00490791
-0.00480274
-0.00496504
-0.00536266
-0.00592221
-0.00653569
-0.00708631
-0.00748118
-0.00767179
-0.00765719
-0.00747012
-0.00715881
-0.00677213
-0.00635132
-0.00592735
-0.00552172
-0.00514825
-0.00481499
-0.00452565
-0.00428047
-0.00407687
-0.00390988
-0.00377267
-0.0036572
-0.00355514
-0.00345879
-0.00336189
-0.00326011
-0.00315125
-0.00303496
-0.00291234
-0.00278536
-0.00265641
-0.00252787
-0.0024019
-0.00228019
-0.00216401
-0.00205411
-0.00195083
-0.0018541
-0.00176361
-0.0016788
-0.00159903
-0.00152358
-0.0014518
-0.00138308
-0.00131694
-0.00125299
-0.00119099
-0.00113077
-0.00107228
-0.00101551
-0.000960483
-0.000907263
-0.0008559
-0.000806439
-0.00075891
-0.000713322
-0.000669661
-0.0006279
-0.000587991
-0.000549881
-0.000513508
-0.00047881
-0.000445726
-0.000414201
-0.000384186
-0.00035564
-0.000328528
-0.000302822
-0.000278499
-0.000255542
-0.000233935
-0.000213664
-0.000194715
-0.000177075
-0.000160724
-0.000145631
-0.000131752
-0.000119019
-0.000107326
-9.6535e-05
-8.6461e-05
-7.69076e-05
-6.76647e-05
-5.85852e-05
-4.96143e-05
-4.07664e-05
-3.24191e-05
-2.43664e-05
-1.81314e-05
-1.10502e-05
-9.66115e-06
2.28644e-07
-1.12909e-05
1.84937e-05
-3.86274e-05
7.40791e-05
-0.000153936
0.0546263
0.053242
0.0485734
0.041737
0.032157
0.0195264
0.00375232
-0.0151802
-0.0367454
-0.0599696
-0.0834037
-0.105084
-0.124078
-0.139571
-0.15118
-0.158998
-0.163351
-0.16469
-0.163381
-0.159544
-0.153013
-0.143481
-0.130796
-0.115278
-0.0977579
-0.0793626
-0.0612315
-0.0443549
-0.0295924
-0.0177184
-0.00945601
-0.00529031
-0.00504536
-0.00744887
-0.0101893
-0.0109946
-0.00880904
-0.00406079
0.00207516
0.0084592
0.0143379
0.01934
0.0232674
0.025874
0.0266474
0.0248025
0.0196176
0.011138
0.000783935
-0.00890757
-0.0156488
-0.0186204
-0.0185182
-0.0166583
-0.014181
-0.0117752
-0.00973847
-0.00813217
-0.00691368
-0.00601813
-0.00539729
-0.00503067
-0.00491779
-0.005056
-0.00541655
-0.00593191
-0.00650191
-0.00701756
-0.00739111
-0.00757533
-0.00756689
-0.00739439
-0.00710176
-0.00673446
-0.00633139
-0.00592225
-0.00552794
-0.00516224
-0.00483349
-0.00454587
-0.00430019
-0.00409447
-0.00392427
-0.00378329
-0.00366396
-0.00355833
-0.00345902
-0.00335995
-0.00325688
-0.00314754
-0.00303147
-0.00290955
-0.00278357
-0.00265574
-0.00252829
-0.00240326
-0.0022823
-0.00216663
-0.00205702
-0.00195381
-0.00185699
-0.00176628
-0.00168119
-0.00160108
-0.00152531
-0.00145323
-0.00138425
-0.0013179
-0.0012538
-0.0011917
-0.00113144
-0.00107293
-0.00101617
-0.000961167
-0.000907976
-0.000856642
-0.000807204
-0.000759689
-0.000714104
-0.000670437
-0.000628661
-0.000588731
-0.000550595
-0.000514194
-0.000479467
-0.000446357
-0.000414809
-0.000384775
-0.000356213
-0.000329089
-0.000303375
-0.000279048
-0.000256089
-0.000234482
-0.000214212
-0.000195265
-0.000177624
-0.000161269
-0.000146166
-0.000132267
-0.000119502
-0.000107763
-9.69117e-05
-8.67643e-05
-7.71299e-05
-6.7806e-05
-5.86544e-05
-4.96308e-05
-4.07504e-05
-3.24056e-05
-2.43557e-05
-1.81863e-05
-1.10826e-05
-9.87683e-06
1.88026e-07
-1.18965e-05
1.8456e-05
-4.02066e-05
7.36361e-05
-0.000156636
0.0540699
0.0526748
0.0479677
0.0410922
0.0314833
0.0188615
0.00315868
-0.0156034
-0.0369017
-0.0597727
-0.0828454
-0.104285
-0.123125
-0.138563
-0.150205
-0.15811
-0.162569
-0.163991
-0.162712
-0.158846
-0.152252
-0.142679
-0.130035
-0.114667
-0.0973878
-0.0792831
-0.0614475
-0.0448366
-0.0302803
-0.0185288
-0.0102756
-0.00597423
-0.00543606
-0.00743489
-0.00978763
-0.0103586
-0.00814158
-0.0035124
0.00243491
0.00861801
0.0143106
0.01915
0.0229422
0.0254464
0.0261674
0.0243526
0.0193189
0.0111254
0.00113691
-0.00823558
-0.0148209
-0.0178205
-0.017863
-0.0161811
-0.0138645
-0.0115853
-0.00964157
-0.0081007
-0.00692645
-0.00605888
-0.00545334
-0.00509167
-0.00497472
-0.00510084
-0.00544307
-0.00593674
-0.00648548
-0.00698403
-0.00734713
-0.00752814
-0.00752265
-0.00735724
-0.00707375
-0.00671596
-0.00632163
-0.00591979
-0.00553107
-0.0051692
-0.00484267
-0.00455589
-0.00430995
-0.00410316
-0.00393138
-0.00378853
-0.00366728
-0.0035599
-0.00345913
-0.00335901
-0.00325531
-0.00314574
-0.00302977
-0.0029082
-0.00278272
-0.00265544
-0.00252853
-0.00240396
-0.00228337
-0.00216795
-0.00205847
-0.00195529
-0.00185843
-0.00176761
-0.00168237
-0.0016021
-0.00152617
-0.00145394
-0.00138483
-0.00131838
-0.00125422
-0.00119207
-0.00113178
-0.00107326
-0.0010165
-0.000961517
-0.000908341
-0.000857021
-0.000807594
-0.000760086
-0.000714502
-0.000670832
-0.000629048
-0.000589107
-0.000550958
-0.000514544
-0.000479804
-0.000446682
-0.000415123
-0.000385079
-0.000356511
-0.000329383
-0.000303666
-0.000279338
-0.000256379
-0.000234773
-0.000214505
-0.000195561
-0.000177922
-0.000161566
-0.000146461
-0.000132556
-0.00011978
-0.000108024
-9.71513e-05
-8.69783e-05
-7.7316e-05
-6.79645e-05
-5.87884e-05
-4.97466e-05
-4.08524e-05
-3.25045e-05
-2.44435e-05
-1.82896e-05
-1.1149e-05
-1.0016e-05
1.6796e-07
-1.22024e-05
1.84777e-05
-4.10154e-05
7.35357e-05
-0.000158017
-0.473962
-0.254045
-0.14544
-0.473961
-0.254045
-0.349499
-0.355204
-0.445073
-0.349499
-0.355204
0.124311
0.414499
0.308279
0.332686
0.124311
0.414499
0.308279
-0.116116
-0.344089
-0.344089
-0.326805
-0.329371
-0.328227
-0.334854
-0.326805
-0.329371
-0.328227
0.488923
0.431049
0.488923
-0.327709
-0.329748
-0.327709
-0.329748
0.429964
0.488776
0.429964
-0.330866
-0.335897
-0.330866
-0.335897
0.305046
0.330562
0.119668
0.412957
0.305047
0.330562
0.119668
-0.122986
-0.122986
-0.357621
-0.357621
-0.338961
-0.347961
-0.340839
-0.340362
-0.338961
-0.347961
-0.340838
-0.15237
-0.487689
-0.261769
-0.15237
-0.487689
-0.369184
-0.460088
-0.36341
-0.369184
-0.460087
-0.36341
-0.296677
-0.171689
-0.365311
-0.126688
-0.296677
-0.171689
-0.365311
-0.326485
-0.424079
-0.342202
-0.347914
-0.326485
-0.424077
-0.342202
0.103041
0.264505
0.107767
0.193821
0.103041
0.264505
0.107767
-0.429102
-0.445913
-0.417226
-0.468916
-0.418044
-0.469217
-0.428912
-0.321068
-0.335809
-0.328766
-0.331692
-0.321068
-0.335809
-0.328766
-0.108855
-0.330575
-0.335144
-0.329611
-0.336674
-0.329672
-0.336644
-0.330553
-0.32667
-0.328792
-0.328736
-0.326726
-0.330073
-0.328024
-0.327954
-0.330146
-0.340607
-0.338928
-0.336596
-0.345401
-0.336534
-0.346525
-0.340411
0.103165
0.190834
0.0984958
0.261927
0.103165
0.190834
0.0984959
-0.389846
-0.25943
-0.175036
-0.177347
-0.39297
-0.345531
-0.345911
-0.339814
-0.34956
-0.345531
-0.345911
-0.339814
-0.376579
-0.133135
-0.306795
-0.179092
-0.37658
-0.133135
-0.306795
-0.356503
-0.360176
-0.340227
-0.438432
-0.356504
-0.360176
-0.340227
-0.374599
-0.475554
-0.363636
-0.49586
-0.364634
-0.497077
-0.373772
-0.379492
-0.251725
-0.167582
-0.169886
-0.382568
-0.3746
-0.475554
-0.363638
-0.49586
-0.364636
-0.497076
-0.373773
-0.379492
-0.251725
-0.167582
-0.169885
-0.382568
-0.369574
-0.355211
-0.353061
-0.35322
-0.369787
-0.429101
-0.445913
-0.417225
-0.468916
-0.418044
-0.469217
-0.428912
-0.369574
-0.355211
-0.353061
-0.35322
-0.369787
0.327857
0.122923
0.261481
0.108621
0.260784
0.106766
0.329501
0.375091
0.327341
0.201615
0.434677
0.172777
0.438704
0.377695
0.327857
0.122923
0.261481
0.108621
0.260784
0.106767
0.329501
0.375091
0.327341
0.201615
0.434677
0.172778
0.438704
0.377695
-0.108855
-0.344078
-0.344078
-0.330168
-0.328218
-0.333086
-0.327893
-0.333988
-0.327851
-0.330012
-0.330575
-0.335144
-0.329611
-0.336674
-0.329672
-0.336644
-0.330553
-0.330168
-0.328218
-0.333086
-0.327893
-0.333988
-0.327851
-0.330012
0.530841
0.463796
0.466918
0.528807
0.568878
0.5892
0.590295
0.567475
0.530841
0.463796
0.466918
0.528807
0.568878
0.5892
0.590295
0.567475
-0.326368
-0.326754
-0.326688
-0.32643
-0.32667
-0.328792
-0.328736
-0.326726
-0.326368
-0.326754
-0.326688
-0.32643
0.568124
0.588946
0.590044
0.566715
0.529598
0.462
0.46514
0.527551
0.568124
0.588946
0.590044
0.566715
0.529598
0.462
0.46514
0.527551
-0.332561
-0.336809
-0.336731
-0.332637
-0.330073
-0.328024
-0.327954
-0.330146
-0.332561
-0.336809
-0.336731
-0.332637
0.372679
0.324206
0.43257
0.197767
0.436621
0.168764
0.375294
0.325089
0.118292
0.104134
0.258229
0.102263
0.257526
0.326746
0.372679
0.324206
0.43257
0.197768
0.436621
0.168764
0.375293
0.325089
0.118292
0.104134
0.25823
0.102263
0.257526
0.326746
-0.115664
-0.115663
-0.357622
-0.357622
-0.342225
-0.348309
-0.34995
-0.341929
-0.349938
-0.341989
-0.3422
-0.340607
-0.338928
-0.336596
-0.345401
-0.336534
-0.346525
-0.340411
-0.342225
-0.348309
-0.34995
-0.341929
-0.349938
-0.341989
-0.342199
-0.386356
-0.489306
-0.510018
-0.374981
-0.511241
-0.375991
-0.385541
-0.389845
-0.25943
-0.175035
-0.177347
-0.39297
-0.386357
-0.489306
-0.510018
-0.374983
-0.511241
-0.375993
-0.385543
-0.383679
-0.369197
-0.366838
-0.367009
-0.383884
-0.444056
-0.46094
-0.484341
-0.431845
-0.484642
-0.432679
-0.443861
-0.383679
-0.369197
-0.366838
-0.367009
-0.383883
-0.444056
-0.460939
-0.48434
-0.431846
-0.484642
-0.43268
-0.443861
-0.37722
-0.146332
-0.331261
-0.163854
-0.331142
-0.165951
-0.378089
0.327979
0.303083
0.370624
0.275991
0.327979
0.303083
0.370624
-0.326277
-0.330794
-0.33542
-0.330168
-0.326277
-0.330794
-0.33542
0.403025
0.330841
0.420033
0.320807
0.403024
0.330841
0.420033
0.531559
0.432297
0.505829
0.466254
0.507318
0.467343
0.530313
-0.331851
-0.331955
-0.336827
-0.330765
-0.331851
-0.331955
-0.336827
0.419823
0.320313
0.402393
0.330686
0.419823
0.320313
0.402393
0.553354
0.489874
0.562769
0.480131
0.563939
0.481262
0.552159
-0.34004
-0.338502
-0.341906
-0.334796
-0.34004
-0.338502
-0.341906
0.369573
0.274898
0.326547
0.302292
0.369573
0.274898
0.326547
-0.351797
-0.347992
-0.347947
-0.344113
-0.351797
-0.347992
-0.347947
-0.349739
-0.345012
-0.350777
-0.345052
-0.350951
-0.340858
-0.340773
-0.37722
-0.146332
-0.331261
-0.163854
-0.331142
-0.165951
-0.378088
-0.372455
-0.349792
-0.363073
-0.360477
-0.363534
-0.360624
-0.372478
-0.372455
-0.349792
-0.363073
-0.360477
-0.363534
-0.360624
-0.372478
0.553839
0.49002
0.480594
0.562931
0.481723
0.564101
0.552644
0.531559
0.432297
0.505829
0.466253
0.507318
0.467343
0.530312
0.553839
0.49002
0.480593
0.562931
0.481723
0.564101
0.552644
-0.326874
-0.327667
-0.327021
-0.328544
-0.326932
-0.328502
-0.326957
-0.32703
-0.329697
-0.328749
-0.327666
-0.328702
-0.327604
-0.327096
-0.326874
-0.327667
-0.327021
-0.328544
-0.326932
-0.328502
-0.326957
-0.32703
-0.329697
-0.328749
-0.327666
-0.328702
-0.327604
-0.327096
0.53075
0.431216
0.465503
0.504711
0.466595
0.506203
0.529501
0.553355
0.489874
0.562769
0.480131
0.563939
0.481262
0.552159
0.53075
0.431216
0.465504
0.504711
0.466595
0.506203
0.529502
-0.330239
-0.330814
-0.328779
-0.332303
-0.328714
-0.332248
-0.330314
-0.33223
-0.335833
-0.334146
-0.334085
-0.334094
-0.333961
-0.332332
-0.330238
-0.330814
-0.328779
-0.332303
-0.328714
-0.332248
-0.330314
-0.33223
-0.335833
-0.334146
-0.334085
-0.334094
-0.333961
-0.332332
-0.387733
-0.153274
-0.17102
-0.340815
-0.173141
-0.340701
-0.388623
-0.387733
-0.153274
-0.17102
-0.340815
-0.173141
-0.340701
-0.388623
-0.386595
-0.363709
-0.374776
-0.377052
-0.37492
-0.37752
-0.386604
-0.386595
-0.363709
-0.374776
-0.377052
-0.37492
-0.37752
-0.386604
0.102407
0.0912985
0.210433
0.0870466
0.209695
0.155244
0.15581
0.102407
0.0912985
0.210433
0.0870467
0.209695
0.155244
0.15581
-0.335968
-0.336939
-0.33174
-0.337097
-0.331783
-0.327352
-0.327263
-0.335968
-0.336939
-0.33174
-0.337097
-0.331783
-0.327352
-0.327263
0.0977771
0.206806
0.0864445
0.206064
0.0821698
0.151295
0.151863
0.0977773
0.206806
0.0864445
0.206064
0.08217
0.151295
0.151863
-0.349739
-0.345012
-0.350777
-0.345052
-0.350951
-0.340858
-0.340773
0.0592272
0.150339
0.0763701
0.102878
0.0592271
0.150339
0.07637
-0.298913
-0.321927
-0.339686
-0.310697
-0.298913
-0.321926
-0.339686
0.250904
0.251289
0.28444
0.214222
0.250904
0.251289
0.28444
-0.320216
-0.330247
-0.333839
-0.327611
-0.320216
-0.330247
-0.333839
0.282687
0.212665
0.248865
0.249932
0.282687
0.212665
0.248865
-0.361619
-0.352595
-0.350082
-0.353139
-0.361619
-0.352595
-0.350082
0.0717191
0.0995652
0.054566
0.147052
0.0717191
0.0995652
0.054566
-0.360236
-0.325471
-0.319387
-0.336531
-0.360236
-0.325471
-0.319387
)
;

boundaryField
{
    inlet
    {
        type            zeroGradient;
    }
    outlet
    {
        type            fixedValue;
        value           uniform 0;
    }
    top
    {
        type            symmetryPlane;
    }
    bottom
    {
        type            symmetryPlane;
    }
    front
    {
        type            symmetryPlane;
    }
    back
    {
        type            symmetryPlane;
    }
    cylinder
    {
        type            zeroGradient;
    }
}


// ************************************************************************* //
