/*--------------------------------*- C++ -*----------------------------------*\
  =========                 |
  \\      /  F ield         | OpenFOAM: The Open Source CFD Toolbox
   \\    /   O peration     | Website:  https://openfoam.org
    \\  /    A nd           | Version:  11
     \\/     M anipulation  |
\*---------------------------------------------------------------------------*/
FoamFile
{
    format      ascii;
    class       volScalarField;
    location    "5.069112";
    object      p;
}
// * * * * * * * * * * * * * * * * * * * * * * * * * * * * * * * * * * * * * //

dimensions      [0 2 -2 0 0 0 0];

internalField   nonuniform List<scalar> 
7132
(
0.0508077
0.0493533
0.0444463
0.0372568
0.0271734
0.0138565
-0.0028361
-0.0229923
-0.0462139
-0.0717006
-0.0982255
-0.1241
-0.148409
-0.170311
-0.18922
-0.204831
-0.216938
-0.225421
-0.230203
-0.231238
-0.228537
-0.22221
-0.212517
-0.199899
-0.184969
-0.168472
-0.151196
-0.133892
-0.117191
-0.10157
-0.087336
-0.0746455
-0.0635321
-0.0539409
-0.0457592
-0.0388433
-0.0330371
-0.028186
-0.0241449
-0.020783
-0.0179855
-0.015654
-0.0137054
-0.0120706
-0.0106926
-0.00952485
-0.00852934
-0.00767541
-0.00693819
-0.00629756
-0.00573722
-0.00524392
-0.00480687
-0.00441724
-0.00406781
-0.00375261
-0.00346675
-0.00320618
-0.00296756
-0.00274812
-0.00254556
-0.00235797
-0.00218377
-0.00202161
-0.00187038
-0.00172912
-0.00159701
-0.00147337
-0.00135756
-0.00124906
-0.0011474
-0.00105215
-0.000962936
-0.000879439
-0.000801363
-0.000728449
-0.000660467
-0.000597212
-0.0005385
-0.00048416
-0.000434023
-0.000387907
-0.000345583
-0.00030675
-0.000271018
-0.000237916
-0.00020695
-0.000177713
-0.000150016
-0.000123995
-0.000100102
-7.8945e-05
-6.1035e-05
-4.65529e-05
-3.52714e-05
-2.66683e-05
-2.01439e-05
-1.52017e-05
-1.14996e-05
-8.79692e-06
-6.87413e-06
-5.50285e-06
-4.47066e-06
-3.62249e-06
-2.87892e-06
-2.22133e-06
-1.65976e-06
-1.2052e-06
-8.56708e-07
-6.01313e-07
-4.20112e-07
-2.93916e-07
-2.06587e-07
-1.45818e-07
-1.02923e-07
-7.19827e-08
-4.9218e-08
-3.22023e-08
-1.94694e-08
-9.99597e-09
-3.10255e-09
1.81711e-09
5.2017e-09
7.48579e-09
8.94838e-09
9.86991e-09
1.03832e-08
1.06468e-08
1.06985e-08
1.06326e-08
1.04443e-08
1.02037e-08
9.88897e-09
9.5603e-09
9.18611e-09
8.8201e-09
8.42386e-09
8.04724e-09
7.64768e-09
7.27345e-09
6.87963e-09
6.51414e-09
6.13032e-09
5.77633e-09
5.40447e-09
5.06303e-09
4.7032e-09
4.37432e-09
4.02558e-09
3.70901e-09
3.36948e-09
3.06581e-09
2.73191e-09
2.44436e-09
2.10865e-09
1.84451e-09
1.50441e-09
1.2461e-09
9.64641e-10
5.33211e-10
0.0513877
0.0499457
0.0450825
0.0379401
0.027897
0.014587
-0.00215662
-0.0224588
-0.0459197
-0.0717329
-0.0985968
-0.124705
-0.149182
-0.171183
-0.190137
-0.205766
-0.217876
-0.226359
-0.23114
-0.232166
-0.229441
-0.223062
-0.213283
-0.200542
-0.185459
-0.168791
-0.151347
-0.13389
-0.117065
-0.101352
-0.0870599
-0.0743403
-0.0632212
-0.053641
-0.0454814
-0.0385936
-0.032818
-0.0279973
-0.0239848
-0.0206487
-0.0178738
-0.0155617
-0.0136295
-0.0120083
-0.0106415
-0.00948288
-0.00849482
-0.00764694
-0.00691462
-0.00627797
-0.00572087
-0.00523021
-0.00479532
-0.00440747
-0.0040595
-0.00374551
-0.00346065
-0.0032009
-0.00296297
-0.00274409
-0.002542
-0.00235481
-0.00218093
-0.00201905
-0.00186804
-0.00172698
-0.00159505
-0.00147154
-0.00135587
-0.00124748
-0.00114591
-0.00105075
-0.00096161
-0.000878178
-0.000800158
-0.000727293
-0.000659353
-0.000596134
-0.000537454
-0.000483144
-0.000433042
-0.000386965
-0.000344691
-0.000305921
-0.000270262
-0.000237239
-0.00020635
-0.000177176
-0.000149523
-0.000123525
-9.96382e-05
-7.8484e-05
-6.05862e-05
-4.61341e-05
-3.49005e-05
-2.63552e-05
-1.98873e-05
-1.4991e-05
-1.13213e-05
-8.63997e-06
-6.73356e-06
-5.37871e-06
-4.36551e-06
-3.53867e-06
-2.81701e-06
-2.1798e-06
-1.63536e-06
-1.19371e-06
-8.53659e-07
-6.02695e-07
-4.22873e-07
-2.96186e-07
-2.07597e-07
-1.45578e-07
-1.01852e-07
-7.05819e-08
-4.78829e-08
-3.11501e-08
-1.87602e-08
-9.58255e-09
-2.89619e-09
1.90788e-09
5.24187e-09
7.51438e-09
8.97824e-09
9.90325e-09
1.04141e-08
1.06729e-08
1.07164e-08
1.06446e-08
1.04504e-08
1.02075e-08
9.89031e-09
9.56165e-09
9.18619e-09
8.82069e-09
8.42329e-09
8.04726e-09
7.64663e-09
7.2731e-09
6.87832e-09
6.51352e-09
6.12895e-09
5.77583e-09
5.4031e-09
5.06257e-09
4.70186e-09
4.37391e-09
4.02428e-09
3.70867e-09
3.36818e-09
3.06558e-09
2.73045e-09
2.4445e-09
2.1063e-09
1.84616e-09
1.49733e-09
1.25544e-09
9.32832e-10
5.89975e-10
0.0525422
0.0511266
0.0463527
0.0393092
0.0293523
0.0160623
-0.000778026
-0.0213724
-0.0453182
-0.0718025
-0.0993615
-0.125939
-0.150747
-0.172942
-0.191981
-0.207641
-0.219757
-0.22824
-0.233019
-0.234035
-0.231266
-0.22479
-0.214839
-0.201848
-0.186454
-0.16944
-0.151651
-0.133884
-0.116807
-0.100911
-0.0865018
-0.0737247
-0.062595
-0.053038
-0.0449235
-0.0380929
-0.0323791
-0.0276196
-0.0236645
-0.0203801
-0.0176506
-0.0153774
-0.0134779
-0.0118839
-0.0105395
-0.00939915
-0.00842598
-0.00759016
-0.00686763
-0.00623893
-0.00568828
-0.0052029
-0.00477232
-0.00438801
-0.00404296
-0.00373137
-0.0034485
-0.0031904
-0.00295382
-0.00273608
-0.00253492
-0.00234851
-0.00217528
-0.00201395
-0.00186341
-0.00172274
-0.00159114
-0.00146793
-0.00135251
-0.00124434
-0.00114297
-0.00104798
-0.000958995
-0.000875695
-0.000797791
-0.000725026
-0.000657173
-0.00059403
-0.000535418
-0.000481175
-0.000431145
-0.000385158
-0.000342999
-0.000304376
-0.000268896
-0.000236071
-0.000205374
-0.000176362
-0.000148816
-0.000122856
-9.89485e-05
-7.77394e-05
-5.97886e-05
-4.53165e-05
-3.41114e-05
-2.56396e-05
-1.92736e-05
-1.44874e-05
-1.09208e-05
-8.32808e-06
-6.4943e-06
-5.19738e-06
-4.22893e-06
-3.43527e-06
-2.73749e-06
-2.11772e-06
-1.5869e-06
-1.15673e-06
-8.26579e-07
-5.83792e-07
-4.10176e-07
-2.8776e-07
-2.01849e-07
-1.41401e-07
-9.85873e-08
-6.79004e-08
-4.56541e-08
-2.93327e-08
-1.73352e-08
-8.51706e-09
-2.13687e-09
2.42858e-09
5.5912e-09
7.75031e-09
9.14254e-09
1.00234e-08
1.0505e-08
1.07429e-08
1.07694e-08
1.06842e-08
1.04789e-08
1.0228e-08
9.9046e-09
9.57206e-09
9.19356e-09
8.82635e-09
8.42733e-09
8.05051e-09
7.64887e-09
7.27501e-09
6.87956e-09
6.51474e-09
6.12966e-09
5.77663e-09
5.40353e-09
5.06318e-09
4.70214e-09
4.3744e-09
4.02445e-09
3.70911e-09
3.36817e-09
3.06607e-09
2.72996e-09
2.44548e-09
2.10386e-09
1.84973e-09
1.48592e-09
1.27309e-09
8.76559e-10
6.90856e-10
0.0542611
0.0528871
0.048254
0.0413692
0.0315556
0.0183113
0.00133897
-0.0196945
-0.0443848
-0.0719244
-0.10057
-0.127851
-0.153152
-0.175626
-0.194782
-0.21048
-0.222597
-0.231077
-0.235854
-0.236853
-0.234021
-0.227398
-0.21719
-0.203823
-0.187954
-0.170413
-0.152099
-0.133861
-0.116402
-0.100229
-0.0856469
-0.0727865
-0.0616442
-0.0521255
-0.0440816
-0.0373391
-0.0317197
-0.0270533
-0.0231851
-0.0199788
-0.0173175
-0.0151025
-0.013252
-0.0116987
-0.0103876
-0.00927455
-0.0083235
-0.00750562
-0.00679762
-0.00618071
-0.00563967
-0.00516212
-0.00473796
-0.00435893
-0.00401822
-0.00371023
-0.00343032
-0.00317468
-0.00294014
-0.00272408
-0.00252433
-0.00233908
-0.00216682
-0.0020063
-0.00185645
-0.00171636
-0.00158527
-0.00146249
-0.00134745
-0.00123962
-0.00113854
-0.00104381
-0.000955049
-0.000871947
-0.000794214
-0.000721597
-0.00065387
-0.000590837
-0.000532322
-0.000478173
-0.000428243
-0.000382377
-0.000340374
-0.000301951
-0.000266712
-0.000234153
-0.00020372
-0.000174929
-0.000147527
-0.000121622
-9.76887e-05
-7.64128e-05
-5.84041e-05
-4.39266e-05
-3.27898e-05
-2.44538e-05
-1.82658e-05
-1.36698e-05
-1.02818e-05
-7.84377e-06
-6.13665e-06
-4.93868e-06
-4.04348e-06
-3.30068e-06
-2.63636e-06
-2.03862e-06
-1.52365e-06
-1.10653e-06
-7.87839e-07
-5.54809e-07
-3.88878e-07
-2.72061e-07
-1.90042e-07
-1.32307e-07
-9.14838e-08
-6.23554e-08
-4.13856e-08
-2.61178e-08
-1.49747e-08
-6.82273e-09
-9.40743e-10
3.26941e-09
6.18575e-09
8.17825e-09
9.45547e-09
1.02559e-08
1.06776e-08
1.08712e-08
1.08629e-08
1.07523e-08
1.05274e-08
1.02631e-08
9.9294e-09
9.59043e-09
9.20641e-09
8.83616e-09
8.43395e-09
8.05575e-09
7.65211e-09
7.27777e-09
6.881e-09
6.51621e-09
6.13016e-09
5.77743e-09
5.40353e-09
5.06361e-09
4.70187e-09
4.37465e-09
4.02398e-09
3.70926e-09
3.36745e-09
3.06628e-09
2.72855e-09
2.44635e-09
2.09977e-09
1.85418e-09
1.47001e-09
1.29639e-09
8.03558e-10
8.20172e-10
0.0565278
0.0552133
0.0507804
0.0441267
0.0345308
0.0213784
0.00425675
-0.0173611
-0.0430763
-0.0721208
-0.102302
-0.130517
-0.156463
-0.179286
-0.198568
-0.214295
-0.226404
-0.234881
-0.239667
-0.240663
-0.237768
-0.230963
-0.220412
-0.206533
-0.190009
-0.171738
-0.152699
-0.133814
-0.115835
-0.0992881
-0.0844758
-0.0715086
-0.0603555
-0.0508936
-0.0429491
-0.0363283
-0.030838
-0.0262979
-0.0225469
-0.0194454
-0.0168753
-0.0147381
-0.0129528
-0.0114534
-0.0101867
-0.0091097
-0.00818794
-0.00739379
-0.00670501
-0.00610369
-0.00557534
-0.00510815
-0.00469248
-0.00432043
-0.00398547
-0.00368222
-0.00340624
-0.00315385
-0.002922
-0.00270817
-0.00251027
-0.00232656
-0.00215559
-0.00199614
-0.0018472
-0.00170789
-0.00157746
-0.00145526
-0.00134072
-0.00123334
-0.00113265
-0.00103826
-0.000949803
-0.000866964
-0.000789459
-0.000717037
-0.000649478
-0.000586588
-0.000528199
-0.000474167
-0.000424362
-0.000378644
-0.000336831
-0.000298652
-0.000263711
-0.000231486
-0.000201386
-0.00017288
-0.000145674
-0.000119854
-9.59091e-05
-7.45683e-05
-5.65042e-05
-4.20359e-05
-3.10002e-05
-2.28512e-05
-1.69061e-05
-1.25722e-05
-9.43428e-06
-7.21625e-06
-5.69003e-06
-4.63092e-06
-3.83353e-06
-3.15257e-06
-2.52322e-06
-1.94454e-06
-1.44213e-06
-1.03672e-06
-7.3057e-07
-5.10078e-07
-3.55304e-07
-2.47445e-07
-1.72128e-07
-1.19215e-07
-8.1824e-08
-5.51536e-08
-3.59779e-08
-2.20512e-08
-1.19339e-08
-4.5732e-09
7.01116e-10
4.4544e-09
7.03459e-09
8.78648e-09
9.8931e-09
1.05741e-08
1.09103e-08
1.10427e-08
1.09888e-08
1.0845e-08
1.05946e-08
1.03124e-08
9.96481e-09
9.61653e-09
9.22511e-09
8.85023e-09
8.44397e-09
8.06351e-09
7.65752e-09
7.28217e-09
6.88393e-09
6.5188e-09
6.13176e-09
5.77904e-09
5.40441e-09
5.0647e-09
4.70234e-09
4.37544e-09
4.02416e-09
3.70989e-09
3.36727e-09
3.06694e-09
2.72749e-09
2.44775e-09
2.09553e-09
1.8597e-09
1.45237e-09
1.32311e-09
7.25016e-10
9.59297e-10
0.0593189
0.0580849
0.053922
0.0475888
0.0383088
0.0253242
0.00806248
-0.0142808
-0.0413301
-0.0724303
-0.10468
-0.134048
-0.160778
-0.183999
-0.203399
-0.219134
-0.231211
-0.239673
-0.24447
-0.24547
-0.242507
-0.235488
-0.224515
-0.209985
-0.192623
-0.173409
-0.153433
-0.133715
-0.115071
-0.0980546
-0.0829588
-0.0698667
-0.0587104
-0.0493298
-0.0415184
-0.0350568
-0.029733
-0.0253543
-0.0217521
-0.0187829
-0.0163274
-0.0142874
-0.0125832
-0.0111508
-0.00993885
-0.00890637
-0.00802068
-0.00725571
-0.00659056
-0.00600842
-0.00549567
-0.00504124
-0.00463605
-0.00427263
-0.00394479
-0.00364744
-0.00337633
-0.00312798
-0.00289947
-0.0026884
-0.00249279
-0.00231098
-0.0021416
-0.00198348
-0.00183566
-0.00169731
-0.0015677
-0.00144622
-0.00133231
-0.00122547
-0.00112527
-0.00103131
-0.000943227
-0.000860714
-0.000783491
-0.00071131
-0.000643954
-0.000581235
-0.000522993
-0.000469094
-0.000419423
-0.000373861
-0.000332245
-0.000294319
-0.00025969
-0.000227818
-0.000198078
-0.000169892
-0.000142921
-0.000117229
-9.3318e-05
-7.19646e-05
-5.39061e-05
-3.95179e-05
-2.86634e-05
-2.07871e-05
-1.51719e-05
-1.11838e-05
-8.3738e-06
-6.44427e-06
-5.15505e-06
-4.27588e-06
-3.60159e-06
-2.99391e-06
-2.40175e-06
-1.84017e-06
-1.34812e-06
-9.53878e-07
-6.61341e-07
-4.5529e-07
-3.1363e-07
-2.16394e-07
-1.49125e-07
-1.0215e-07
-6.9132e-08
-4.57032e-08
-2.89485e-08
-1.68408e-08
-8.09632e-09
-1.7681e-09
2.73629e-09
5.92504e-09
8.09604e-09
9.55534e-09
1.0452e-08
1.09828e-08
1.12093e-08
1.12621e-08
1.11489e-08
1.0962e-08
1.06793e-08
1.03742e-08
1.00093e-08
9.64929e-09
9.24859e-09
8.86776e-09
8.45636e-09
8.07297e-09
7.66401e-09
7.28731e-09
6.88727e-09
6.52164e-09
6.13342e-09
5.78066e-09
5.40516e-09
5.06565e-09
4.70257e-09
4.37602e-09
4.02405e-09
3.71028e-09
3.36674e-09
3.06734e-09
2.72599e-09
2.44898e-09
2.09064e-09
1.86535e-09
1.43391e-09
1.35033e-09
6.49017e-10
1.09269e-09
0.0626026
0.061474
0.0576638
0.0517615
0.0429271
0.0302272
0.0128743
-0.010323
-0.0390524
-0.0729102
-0.107882
-0.138593
-0.166221
-0.189845
-0.209309
-0.225003
-0.237019
-0.245473
-0.250316
-0.25137
-0.248375
-0.241128
-0.229647
-0.214308
-0.195883
-0.175472
-0.15431
-0.133548
-0.114081
-0.096492
-0.0810609
-0.0678313
-0.0566866
-0.0474184
-0.0397795
-0.033519
-0.0284024
-0.0242223
-0.0208016
-0.0179928
-0.0156753
-0.0137519
-0.0121448
-0.0107922
-0.00964532
-0.00866564
-0.00782267
-0.00709221
-0.00645499
-0.00589551
-0.00540122
-0.00496189
-0.0045691
-0.00421589
-0.0038965
-0.00360613
-0.0033408
-0.00309722
-0.00287267
-0.00266487
-0.00247197
-0.00229241
-0.0021249
-0.00196836
-0.00182187
-0.00168464
-0.00155602
-0.00143538
-0.00132222
-0.00121604
-0.00111643
-0.00102298
-0.000935348
-0.000853228
-0.00077634
-0.000704443
-0.000637325
-0.000574802
-0.000516723
-0.000462965
-0.00041343
-0.000368019
-0.000326591
-0.000288907
-0.000254581
-0.00022306
-0.000193689
-0.00016585
-0.00013916
-0.00011366
-8.986e-05
-6.85808e-05
-5.06199e-05
-3.6405e-05
-2.58226e-05
-1.83059e-05
-1.31031e-05
-9.53908e-06
-7.1321e-06
-5.55982e-06
-4.56478e-06
-3.90589e-06
-3.37587e-06
-2.84579e-06
-2.28475e-06
-1.73092e-06
-1.24198e-06
-8.55812e-07
-5.77403e-07
-3.88202e-07
-2.62505e-07
-1.78427e-07
-1.21226e-07
-8.1714e-08
-5.41709e-08
-3.47322e-08
-2.08759e-08
-1.08807e-08
-3.69437e-09
1.47339e-09
5.10988e-09
7.65399e-09
9.35e-09
1.04639e-08
1.11105e-08
1.14617e-08
1.15582e-08
1.15174e-08
1.13352e-08
1.10986e-08
1.07787e-08
1.0447e-08
1.00621e-08
9.6881e-09
9.27663e-09
8.88863e-09
8.47137e-09
8.08436e-09
7.67211e-09
7.29366e-09
6.89167e-09
6.52529e-09
6.13583e-09
5.78284e-09
5.4065e-09
5.06704e-09
4.70329e-09
4.37697e-09
4.02434e-09
3.71097e-09
3.36655e-09
3.06802e-09
2.72476e-09
2.45047e-09
2.08603e-09
1.87119e-09
1.41649e-09
1.37645e-09
5.81732e-10
1.21034e-09
0.0663373
0.0653435
0.0619827
0.0566468
0.0484267
0.0361832
0.0188437
-0.00531081
-0.0361125
-0.0736567
-0.112169
-0.144347
-0.172953
-0.196958
-0.216406
-0.231981
-0.243869
-0.252283
-0.257178
-0.25832
-0.25533
-0.247861
-0.235813
-0.219515
-0.199801
-0.177921
-0.155304
-0.133267
-0.112811
-0.0945471
-0.0787351
-0.0653649
-0.0542564
-0.0451412
-0.0377222
-0.0317107
-0.0268463
-0.0229048
-0.0197001
-0.0170806
-0.0149249
-0.0131372
-0.0116424
-0.0103817
-0.00930957
-0.00839028
-0.00759601
-0.00690486
-0.00629942
-0.00576574
-0.0052925
-0.00487042
-0.00449184
-0.00415037
-0.0038407
-0.00355839
-0.00329974
-0.00306169
-0.0028417
-0.00263768
-0.00244789
-0.00227092
-0.00210555
-0.00195081
-0.00180584
-0.00166991
-0.0015424
-0.00142275
-0.00131045
-0.00120504
-0.0011061
-0.00101325
-0.000926147
-0.000844483
-0.000767984
-0.000696414
-0.000629564
-0.000567258
-0.000509351
-0.000455735
-0.000406324
-0.000361039
-0.000319762
-0.000282274
-0.000248199
-0.000216985
-0.000187958
-0.000160469
-0.000134103
-0.000108881
-8.53147e-05
-6.42553e-05
-4.6544e-05
-3.26454e-05
-2.24594e-05
-1.54065e-05
-1.07057e-05
-7.64622e-06
-5.72006e-06
-4.57787e-06
-3.93832e-06
-3.54205e-06
-3.17607e-06
-2.72367e-06
-2.18273e-06
-1.62336e-06
-1.12824e-06
-7.4657e-07
-4.82835e-07
-3.12682e-07
-2.05099e-07
-1.35738e-07
-8.96803e-08
-5.84551e-08
-3.70722e-08
-2.21872e-08
-1.16672e-08
-4.1098e-09
1.28314e-09
5.12312e-09
7.77489e-09
9.59382e-09
1.07591e-08
1.14879e-08
1.1855e-08
1.20045e-08
1.1954e-08
1.18066e-08
1.15462e-08
1.12527e-08
1.08908e-08
1.0529e-08
1.01215e-08
9.73176e-09
9.30821e-09
8.91204e-09
8.48821e-09
8.09703e-09
7.68111e-09
7.30061e-09
6.89648e-09
6.52918e-09
6.13839e-09
5.78509e-09
5.40784e-09
5.06839e-09
4.70393e-09
4.37781e-09
4.02452e-09
3.71152e-09
3.36622e-09
3.06854e-09
2.72339e-09
2.45177e-09
2.08148e-09
1.87661e-09
1.40061e-09
1.39986e-09
5.25577e-10
1.30758e-09
0.0704698
0.0696447
0.0668451
0.0622403
0.0548503
0.0433089
0.0261674
0.00100586
-0.0323158
-0.0748092
-0.11791
-0.151575
-0.181162
-0.205413
-0.224676
-0.24003
-0.251751
-0.260156
-0.265188
-0.266534
-0.263641
-0.255972
-0.243272
-0.225815
-0.204514
-0.180822
-0.15642
-0.13284
-0.111205
-0.0921612
-0.0759286
-0.0624253
-0.0513894
-0.0424783
-0.0353349
-0.0296264
-0.025063
-0.0214027
-0.0184497
-0.0160487
-0.0140785
-0.0124456
-0.0110782
-0.0099214
-0.00893328
-0.00808174
-0.00734202
-0.00669481
-0.00612489
-0.00562004
-0.00517034
-0.00476758
-0.00440493
-0.00407664
-0.00377789
-0.00350463
-0.00325348
-0.00302162
-0.00280675
-0.00260695
-0.00242066
-0.00224657
-0.00208361
-0.00193088
-0.00178761
-0.00165314
-0.00152689
-0.00140835
-0.00129702
-0.00119248
-0.00109432
-0.00100216
-0.000915665
-0.000834523
-0.000758468
-0.000687265
-0.000620711
-0.000558637
-0.000500908
-0.000447423
-0.000398114
-0.000352918
-0.000311737
-0.000274374
-0.000240474
-0.000209496
-0.000180765
-0.000153625
-0.000127644
-0.000102817
-7.96522e-05
-5.90064e-05
-4.17365e-05
-2.8321e-05
-1.86616e-05
-1.21675e-05
-8.04154e-06
-5.55422e-06
-4.1799e-06
-3.54067e-06
-3.3203e-06
-3.2287e-06
-3.04086e-06
-2.6561e-06
-2.11273e-06
-1.52511e-06
-1.00884e-06
-6.25845e-07
-3.77136e-07
-2.28691e-07
-1.41766e-07
-8.88598e-08
-5.5091e-08
-3.3002e-08
-1.84496e-08
-8.61493e-09
-1.7615e-09
3.15375e-09
6.62445e-09
9.04828e-09
1.06497e-08
1.16924e-08
1.22867e-08
1.25989e-08
1.26624e-08
1.25922e-08
1.23818e-08
1.2119e-08
1.17739e-08
1.14193e-08
1.10122e-08
1.06179e-08
1.01862e-08
9.77925e-09
9.34271e-09
8.93759e-09
8.50675e-09
8.11096e-09
7.69116e-09
7.30834e-09
6.90199e-09
6.53359e-09
6.14147e-09
5.7877e-09
5.40958e-09
5.07001e-09
4.7049e-09
4.37887e-09
4.02498e-09
3.71227e-09
3.36615e-09
3.06921e-09
2.7223e-09
2.45315e-09
2.0775e-09
1.88167e-09
1.38704e-09
1.42016e-09
4.81074e-10
1.38426e-09
0.0749337
0.0743154
0.072203
0.0685238
0.0622344
0.0517328
0.0350834
0.00895896
-0.0273994
-0.0766157
-0.125637
-0.160577
-0.191113
-0.215471
-0.234337
-0.249272
-0.260663
-0.268987
-0.274172
-0.275816
-0.273154
-0.265384
-0.25202
-0.233243
-0.210056
-0.184178
-0.157621
-0.132199
-0.109185
-0.0892557
-0.0725741
-0.0589607
-0.0480499
-0.039408
-0.0326069
-0.0272637
-0.023056
-0.0197229
-0.0170591
-0.0149068
-0.0131457
-0.0116859
-0.0104598
-0.00941748
-0.00852152
-0.00774396
-0.0070636
-0.00646414
-0.00593281
-0.00545933
-0.0050353
-0.00465368
-0.00430854
-0.0039948
-0.00370815
-0.00344495
-0.00320213
-0.00297717
-0.00276798
-0.00257286
-0.00239041
-0.00221949
-0.00205916
-0.00190863
-0.00176723
-0.00163435
-0.00150949
-0.00139217
-0.00128193
-0.00117837
-0.00108108
-0.000989702
-0.00090389
-0.000823341
-0.000747786
-0.000676993
-0.000610764
-0.000548936
-0.000491383
-0.000438014
-0.000388772
-0.00034361
-0.000302448
-0.000265114
-0.000231281
-0.000200439
-0.000171939
-0.00014514
-0.000119613
-9.53433e-05
-7.28095e-05
-5.28368e-05
-3.62554e-05
-2.35208e-05
-1.45199e-05
-8.66376e-06
-5.16125e-06
-3.29829e-06
-2.54138e-06
-2.48115e-06
-2.74953e-06
-3.00687e-06
-3.00691e-06
-2.67012e-06
-2.09082e-06
-1.44384e-06
-8.87328e-07
-4.96436e-07
-2.63659e-07
-1.39888e-07
-7.57362e-08
-4.01537e-08
-1.89406e-08
-6.19357e-09
1.25006e-09
5.74741e-09
8.7105e-09
1.08269e-08
1.2263e-08
1.3187e-08
1.36768e-08
1.39001e-08
1.3894e-08
1.37689e-08
1.35138e-08
1.32124e-08
1.28338e-08
1.24488e-08
1.20144e-08
1.1595e-08
1.11402e-08
1.07115e-08
1.02543e-08
9.82928e-09
9.3791e-09
8.96449e-09
8.52628e-09
8.12557e-09
7.70172e-09
7.3164e-09
6.90776e-09
6.53814e-09
6.14465e-09
5.79034e-09
5.41135e-09
5.07161e-09
4.70587e-09
4.37988e-09
4.02541e-09
3.71293e-09
3.36605e-09
3.06978e-09
2.72125e-09
2.45434e-09
2.07392e-09
1.88608e-09
1.37566e-09
1.43701e-09
4.46927e-10
1.44256e-09
0.079647
0.0792776
0.0779902
0.0754627
0.0706064
0.0616055
0.0458994
0.0190351
-0.0209556
-0.0794108
-0.136175
-0.171832
-0.202969
-0.227002
-0.245177
-0.259582
-0.270632
-0.278965
-0.284467
-0.286625
-0.284371
-0.276575
-0.26247
-0.242111
-0.216622
-0.188069
-0.158899
-0.131279
-0.106662
-0.0857425
-0.0685976
-0.0549161
-0.0442012
-0.0359086
-0.0295275
-0.024619
-0.0208257
-0.0178678
-0.0155317
-0.0136581
-0.0121295
-0.0108605
-0.00978951
-0.00887204
-0.00807615
-0.00737863
-0.00676233
-0.00621433
-0.00572456
-0.00528489
-0.00488857
-0.00452983
-0.00420366
-0.00390571
-0.00363221
-0.00337993
-0.00314618
-0.00292869
-0.00272565
-0.00253557
-0.00235727
-0.00218976
-0.00203227
-0.00188412
-0.00174473
-0.00161359
-0.00149025
-0.00137427
-0.00126523
-0.00116275
-0.00106645
-0.000975941
-0.0008909
-0.000811017
-0.000736021
-0.00066568
-0.000599802
-0.00053823
-0.000480847
-0.000427571
-0.000378355
-0.000333162
-0.00029193
-0.000254514
-0.000220628
-0.000189813
-0.000161481
-0.00013503
-0.00011007
-8.65721e-05
-6.49477e-05
-4.59534e-05
-3.03297e-05
-1.84658e-05
-1.023e-05
-5.04429e-06
-2.17084e-06
-9.51592e-07
-8.62563e-07
-1.4556e-06
-2.28492e-06
-2.93415e-06
-3.12271e-06
-2.79917e-06
-2.13466e-06
-1.38572e-06
-7.64418e-07
-3.58189e-07
-1.43269e-07
-4.79983e-08
-8.82331e-09
8.95685e-09
1.77616e-08
2.12357e-08
2.1426e-08
2.04056e-08
1.93632e-08
1.86279e-08
1.80026e-08
1.74056e-08
1.67652e-08
1.61544e-08
1.55366e-08
1.49652e-08
1.43846e-08
1.38465e-08
1.32955e-08
1.27857e-08
1.22601e-08
1.17745e-08
1.12711e-08
1.08073e-08
1.03242e-08
9.88061e-09
9.41655e-09
8.99217e-09
8.5465e-09
8.14069e-09
7.71276e-09
7.3248e-09
6.91389e-09
6.54295e-09
6.14813e-09
5.7932e-09
5.41337e-09
5.07338e-09
4.70706e-09
4.38104e-09
4.02604e-09
3.71372e-09
3.36614e-09
3.07044e-09
2.72046e-09
2.45551e-09
2.07098e-09
1.88996e-09
1.36655e-09
1.45075e-09
4.21485e-10
1.48585e-09
0.0845115
0.0844339
0.084116
0.0829886
0.0799623
0.0730574
0.0589542
0.0318558
-0.0124884
-0.083871
-0.150454
-0.185722
-0.217392
-0.240729
-0.257649
-0.271039
-0.281411
-0.289639
-0.29554
-0.298471
-0.296982
-0.28945
-0.274687
-0.252558
-0.22433
-0.192535
-0.160209
-0.129978
-0.103513
-0.0815051
-0.0639036
-0.050222
-0.0397981
-0.031955
-0.0260871
-0.0216937
-0.0183809
-0.0158505
-0.0138825
-0.012318
-0.0110443
-0.00998253
-0.00907822
-0.00829394
-0.00760406
-0.00699086
-0.00644182
-0.00594776
-0.0055016
-0.00509751
-0.0047305
-0.00439609
-0.00409024
-0.00380931
-0.00355005
-0.00330965
-0.00308574
-0.00287637
-0.00267997
-0.00249532
-0.00232145
-0.00215759
-0.0020031
-0.00185746
-0.0017202
-0.00159091
-0.00146918
-0.00135465
-0.00124692
-0.00114563
-0.0010504
-0.000960875
-0.000876702
-0.000797568
-0.000723198
-0.00065336
-0.000587863
-0.00052656
-0.000469342
-0.000416136
-0.000366901
-0.000321609
-0.000280213
-0.0002426
-0.000208539
-0.000177651
-0.000149441
-0.000123395
-9.91434e-05
-7.66691e-05
-5.63125e-05
-3.86433e-05
-2.4258e-05
-1.34395e-05
-6.00571e-06
-1.44975e-06
8.40146e-07
1.43206e-06
8.16736e-07
-5.04604e-07
-1.97185e-06
-3.05584e-06
-3.42545e-06
-3.06718e-06
-2.25456e-06
-1.35261e-06
-6.39623e-07
-2.12083e-07
-1.9083e-08
4.2934e-08
5.53772e-08
5.5936e-08
5.34541e-08
4.83501e-08
4.14907e-08
3.49795e-08
2.99512e-08
2.63968e-08
2.37325e-08
2.16199e-08
1.98477e-08
1.84019e-08
1.7174e-08
1.61583e-08
1.52535e-08
1.44796e-08
1.37567e-08
1.31221e-08
1.25055e-08
1.19538e-08
1.14019e-08
1.09031e-08
1.03941e-08
9.93189e-09
9.45402e-09
9.01985e-09
8.56674e-09
8.1558e-09
7.72382e-09
7.3332e-09
6.92004e-09
6.54774e-09
6.15162e-09
5.79602e-09
5.41539e-09
5.07511e-09
4.70825e-09
4.38216e-09
4.02668e-09
3.71446e-09
3.36626e-09
3.07103e-09
2.71979e-09
2.45652e-09
2.0685e-09
1.89319e-09
1.35933e-09
1.46162e-09
4.02809e-10
1.51743e-09
0.0894113
0.0896686
0.0904614
0.0910041
0.0902638
0.0862444
0.0746991
0.0484437
-0.00108938
-0.0909512
-0.170863
-0.202832
-0.233599
-0.255636
-0.271296
-0.283809
-0.293619
-0.301927
-0.30846
-0.312432
-0.311944
-0.304847
-0.289369
-0.265105
-0.233499
-0.197704
-0.161526
-0.128184
-0.0995917
-0.0764061
-0.0583832
-0.0448021
-0.0347933
-0.0275217
-0.0222744
-0.0184845
-0.0157223
-0.0136734
-0.012114
-0.0108888
-0.00989197
-0.00905342
-0.00832734
-0.00768454
-0.00710665
-0.00658217
-0.00610369
-0.00566617
-0.00526571
-0.00489899
-0.00456282
-0.00425412
-0.0039698
-0.00370693
-0.0034628
-0.003235
-0.00302152
-0.00282072
-0.00263132
-0.00245237
-0.00228314
-0.00212308
-0.00197173
-0.00182873
-0.00169373
-0.00156639
-0.0014464
-0.00133342
-0.00122712
-0.00112713
-0.0010331
-0.000944661
-0.000861453
-0.000783155
-0.000709481
-0.000640194
-0.000575109
-0.000514087
-0.000457029
-0.000403871
-0.000354577
-0.000309126
-0.000267486
-0.000229584
-0.000195261
-0.000164247
-0.000136172
-0.000110638
-8.73445e-05
-6.62045e-05
-4.74238e-05
-3.13997e-05
-1.84726e-05
-8.75587e-06
-2.07773e-06
1.94662e-06
3.76431e-06
3.78569e-06
2.44876e-06
3.30958e-07
-1.84727e-06
-3.4012e-06
-3.93246e-06
-3.47886e-06
-2.44461e-06
-1.33455e-06
-5.04768e-07
-5.42737e-08
1.08987e-07
1.31202e-07
1.14997e-07
9.94085e-08
8.72632e-08
7.44799e-08
6.08994e-08
4.90251e-08
4.01357e-08
3.38882e-08
2.92787e-08
2.57058e-08
2.28354e-08
2.05793e-08
1.87606e-08
1.73149e-08
1.60962e-08
1.50935e-08
1.4204e-08
1.34484e-08
1.27435e-08
1.21278e-08
1.15289e-08
1.09961e-08
1.04621e-08
9.98184e-09
9.4906e-09
9.0469e-09
8.58662e-09
8.17064e-09
7.73478e-09
7.34152e-09
6.92621e-09
6.55255e-09
6.15522e-09
5.79891e-09
5.41747e-09
5.07691e-09
4.70957e-09
4.38336e-09
4.02745e-09
3.71528e-09
3.36654e-09
3.07168e-09
2.71935e-09
2.45748e-09
2.0666e-09
1.89593e-09
1.35381e-09
1.47017e-09
3.89322e-10
1.54027e-09
0.0942134
0.0948407
0.0968722
0.0993359
0.101391
0.101158
0.0935144
0.0698245
0.0138888
-0.101318
-0.197753
-0.225117
-0.2552
-0.274293
-0.287074
-0.297648
-0.306291
-0.314553
-0.321945
-0.327439
-0.32858
-0.32251
-0.306569
-0.279958
-0.244321
-0.203645
-0.162786
-0.125742
-0.0947141
-0.0702742
-0.0519004
-0.0385611
-0.029128
-0.0225792
-0.0180815
-0.014999
-0.0128672
-0.011359
-0.0102509
-0.00939459
-0.0086948
-0.00809254
-0.00755292
-0.00705655
-0.00659358
-0.00615953
-0.00575271
-0.00537255
-0.00501862
-0.00469013
-0.00438582
-0.00410389
-0.00384221
-0.0035985
-0.00337049
-0.00315617
-0.00295384
-0.00276216
-0.00258016
-0.00240719
-0.00224279
-0.00208665
-0.00193854
-0.00179824
-0.00166555
-0.00154024
-0.00142205
-0.00131071
-0.00120592
-0.00110733
-0.0010146
-0.00092735
-0.000845211
-0.00076784
-0.000694938
-0.000626264
-0.000561633
-0.000500917
-0.00044403
-0.000390916
-0.000341547
-0.000295907
-0.000253986
-0.000215761
-0.000181163
-0.000150054
-0.000122214
-9.73692e-05
-7.52689e-05
-5.57728e-05
-3.88822e-05
-2.46916e-05
-1.32886e-05
-4.64203e-06
1.41522e-06
5.09953e-06
6.60106e-06
6.12688e-06
4.05785e-06
1.07958e-06
-1.87695e-06
-3.92931e-06
-4.59844e-06
-3.98955e-06
-2.66654e-06
-1.30431e-06
-3.44395e-07
1.21471e-07
2.41839e-07
2.15658e-07
1.68647e-07
1.38313e-07
1.18441e-07
9.90424e-08
7.91939e-08
6.22054e-08
4.96849e-08
4.09443e-08
3.45278e-08
2.95767e-08
2.56608e-08
2.26346e-08
2.02576e-08
1.84066e-08
1.68919e-08
1.56733e-08
1.46265e-08
1.37568e-08
1.29686e-08
1.22922e-08
1.16491e-08
1.10841e-08
1.05264e-08
1.00292e-08
9.52533e-09
9.07259e-09
8.60553e-09
8.18478e-09
7.74525e-09
7.34948e-09
6.93214e-09
6.55717e-09
6.15869e-09
5.80175e-09
5.41972e-09
5.07872e-09
4.71089e-09
4.38453e-09
4.02824e-09
3.71607e-09
3.36685e-09
3.07229e-09
2.71904e-09
2.45831e-09
2.06509e-09
1.89815e-09
1.34962e-09
1.47674e-09
3.79631e-10
1.55666e-09
0.0987695
0.0997947
0.103154
0.10778
0.11313
0.117897
0.115996
0.0988508
0.034556
-0.124203
-0.238551
-0.247964
-0.276349
-0.294116
-0.304863
-0.313343
-0.320292
-0.32806
-0.335976
-0.3429
-0.345806
-0.34111
-0.325022
-0.296123
-0.25614
-0.209973
-0.163757
-0.122497
-0.0887694
-0.0630365
-0.0444183
-0.0314923
-0.0228169
-0.0171539
-0.0135389
-0.0112656
-0.00983924
-0.0089256
-0.00830639
-0.00784485
-0.00745942
-0.00710488
-0.00675915
-0.00641397
-0.00606894
-0.0057273
-0.0053935
-0.00507176
-0.00476522
-0.00447579
-0.00420407
-0.00394961
-0.00371119
-0.00348713
-0.00327566
-0.00307511
-0.00288413
-0.00270171
-0.00252721
-0.00236029
-0.00220078
-0.00204863
-0.00190382
-0.00176631
-0.00163602
-0.00151281
-0.00139651
-0.00128689
-0.00118369
-0.00108659
-0.000995244
-0.000909264
-0.000828266
-0.000751886
-0.00067981
-0.000611791
-0.00054765
-0.00048727
-0.000430579
-0.000377534
-0.000328113
-0.000282315
-0.000240157
-0.000201678
-0.000166912
-0.00013586
-0.00010845
-8.45219e-05
-6.38463e-05
-4.61662e-05
-3.12494e-05
-1.88944e-05
-8.90947e-06
-1.12452e-06
4.55806e-06
8.11754e-06
9.44954e-06
8.54139e-06
5.72878e-06
1.84078e-06
-1.93986e-06
-4.505e-06
-5.28899e-06
-4.48134e-06
-2.83335e-06
-1.20635e-06
-1.27396e-07
3.31151e-07
3.87829e-07
3.01127e-07
2.19252e-07
1.74245e-07
1.47496e-07
1.22035e-07
9.61787e-08
7.43011e-08
5.841e-08
4.74108e-08
3.93545e-08
3.31342e-08
2.82497e-08
2.45135e-08
2.16251e-08
1.9404e-08
1.7619e-08
1.62031e-08
1.50127e-08
1.40386e-08
1.31744e-08
1.24428e-08
1.17592e-08
1.11648e-08
1.05856e-08
1.00727e-08
9.55736e-09
9.09633e-09
8.6231e-09
8.19796e-09
7.75508e-09
7.35698e-09
6.93779e-09
6.56159e-09
6.16206e-09
5.80449e-09
5.42176e-09
5.08057e-09
4.71225e-09
4.38573e-09
4.0291e-09
3.71692e-09
3.36729e-09
3.07294e-09
2.71893e-09
2.45911e-09
2.06403e-09
1.9e-09
1.34656e-09
1.48177e-09
3.72748e-10
1.56841e-09
0.102921
0.104346
0.109076
0.115969
0.12512
0.135748
0.142332
0.13477
0.0628411
-0.133922
-0.305449
-0.293317
-0.307743
-0.313972
-0.318139
-0.322523
-0.327144
-0.334495
-0.343261
-0.352338
-0.357743
-0.355085
-0.339748
-0.30963
-0.266207
-0.215105
-0.163759
-0.118332
-0.0819232
-0.0549652
-0.0362252
-0.023862
-0.0160934
-0.011446
-0.00881724
-0.00743034
-0.00676305
-0.00647862
-0.00636888
-0.00631281
-0.00624587
-0.00613912
-0.00598499
-0.00578766
-0.00555694
-0.00530427
-0.00504056
-0.00477487
-0.00451394
-0.00426228
-0.00402233
-0.00379485
-0.00357944
-0.00337497
-0.00318004
-0.00299331
-0.00281373
-0.00264062
-0.00247365
-0.00231279
-0.00215818
-0.00201003
-0.00186852
-0.00173378
-0.00160587
-0.00148475
-0.00137032
-0.00126241
-0.00116079
-0.00106518
-0.000975218
-0.000890517
-0.000810672
-0.0007353
-0.000664074
-0.000596743
-0.000533134
-0.000473143
-0.000416711
-0.000363811
-0.000314432
-0.000268595
-0.000226357
-0.000187823
-0.000153128
-0.000122393
-9.5661e-05
-7.28367e-05
-5.3667e-05
-3.77607e-05
-2.46447e-05
-1.38376e-05
-4.93517e-06
2.29695e-06
7.84182e-06
1.14211e-05
1.26381e-05
1.12855e-05
7.68829e-06
2.84905e-06
-1.78109e-06
-4.86712e-06
-5.76601e-06
-4.76635e-06
-2.82112e-06
-9.7177e-07
1.79525e-07
5.90856e-07
5.56745e-07
3.94869e-07
2.71841e-07
2.09995e-07
1.75527e-07
1.43747e-07
1.1187e-07
8.52728e-08
6.62543e-08
5.32165e-08
4.36823e-08
3.63101e-08
3.0548e-08
2.61744e-08
2.28314e-08
2.02831e-08
1.82595e-08
1.66699e-08
1.5353e-08
1.42871e-08
1.3356e-08
1.25756e-08
1.18564e-08
1.12361e-08
1.0638e-08
1.01114e-08
9.58586e-09
9.11751e-09
8.63883e-09
8.20979e-09
7.76396e-09
7.36378e-09
6.94297e-09
6.56567e-09
6.16523e-09
5.80706e-09
5.42383e-09
5.08229e-09
4.7136e-09
4.3869e-09
4.02998e-09
3.71774e-09
3.36776e-09
3.07357e-09
2.71893e-09
2.45981e-09
2.06327e-09
1.90147e-09
1.34434e-09
1.48555e-09
3.67869e-10
1.57679e-09
0.106503
0.108316
0.114357
0.123569
0.136754
0.154697
0.173244
0.189345
0.103538
-0.123217
-0.338208
-0.301522
-0.319811
-0.32405
-0.324124
-0.326861
-0.330391
-0.337469
-0.346386
-0.356175
-0.362743
-0.36135
-0.346802
-0.31635
-0.271107
-0.216851
-0.161862
-0.113298
-0.074817
-0.0469573
-0.028251
-0.0165139
-0.00966632
-0.00602157
-0.0043513
-0.0038149
-0.00386969
-0.00418019
-0.00455029
-0.00487541
-0.00510795
-0.00523459
-0.00526148
-0.00520415
-0.00508196
-0.00491378
-0.00471643
-0.0045035
-0.00428514
-0.00406833
-0.00385726
-0.00365393
-0.00345879
-0.00327136
-0.00309068
-0.00291584
-0.00274615
-0.00258121
-0.002421
-0.00226576
-0.00211583
-0.0019716
-0.00183342
-0.00170152
-0.00157605
-0.00145705
-0.0013445
-0.00123827
-0.00113818
-0.00104397
-0.000955283
-0.000871741
-0.00079293
-0.000718463
-0.000648009
-0.000581322
-0.000518239
-0.00045867
-0.00040257
-0.000349924
-0.000300742
-0.000255069
-0.000213006
-0.000174718
-0.000140411
-0.000110282
-8.44253e-05
-6.27529e-05
-4.4949e-05
-3.0486e-05
-1.87062e-05
-8.94654e-06
-6.87105e-07
6.29763e-06
1.18437e-05
1.54382e-05
1.64562e-05
1.45655e-05
1.0127e-05
4.32713e-06
-1.13664e-06
-4.735e-06
-5.77548e-06
-4.65468e-06
-2.51356e-06
-5.42829e-07
6.01003e-07
9.12903e-07
7.58487e-07
5.05824e-07
3.32938e-07
2.49062e-07
2.0397e-07
1.64593e-07
1.26366e-07
9.51388e-08
7.31863e-08
5.82908e-08
4.74274e-08
3.90319e-08
3.25009e-08
2.75768e-08
2.38462e-08
2.1021e-08
1.87966e-08
1.7061e-08
1.56382e-08
1.44956e-08
1.35084e-08
1.26873e-08
1.19383e-08
1.12963e-08
1.06823e-08
1.01442e-08
9.61016e-09
9.13566e-09
8.6524e-09
8.22006e-09
7.77175e-09
7.3698e-09
6.94763e-09
6.56935e-09
6.16812e-09
5.80947e-09
5.42575e-09
5.0839e-09
4.71493e-09
4.38807e-09
4.0309e-09
3.7186e-09
3.36834e-09
3.07423e-09
2.7191e-09
2.46048e-09
2.06283e-09
1.90268e-09
1.34282e-09
1.48836e-09
3.64471e-10
1.58272e-09
0.10936
0.111503
0.11871
0.129951
0.147244
0.171837
0.207658
0.214197
0.194482
-0.140808
-0.430845
-0.319604
-0.321397
-0.323566
-0.322371
-0.325483
-0.329494
-0.337245
-0.346769
-0.35721
-0.364156
-0.36294
-0.348273
-0.317319
-0.270909
-0.214979
-0.158114
-0.107934
-0.0684162
-0.040199
-0.0217146
-0.0105731
-0.00450582
-0.00168073
-0.000781171
-0.000924848
-0.00155313
-0.00233351
-0.00308214
-0.00370892
-0.00418008
-0.0044945
-0.00466852
-0.00472632
-0.00469406
-0.00459631
-0.00445433
-0.00428513
-0.00410156
-0.00391266
-0.00372418
-0.00353928
-0.00335927
-0.00318435
-0.00301412
-0.00284805
-0.00268576
-0.00252714
-0.00237238
-0.00222186
-0.00207606
-0.00193544
-0.00180039
-0.00167122
-0.00154812
-0.00143119
-0.00132041
-0.00121574
-0.001117
-0.00102397
-0.000936327
-0.000853694
-0.000775678
-0.000701905
-0.00063206
-0.000565908
-0.0005033
-0.000444156
-0.000388443
-0.000336161
-0.000287339
-0.000242049
-0.000200425
-0.000162669
-0.000129018
-9.96826e-05
-7.47482e-05
-5.40853e-05
-3.73059e-05
-2.37881e-05
-1.27762e-05
-3.53696e-06
4.45735e-06
1.13619e-05
1.68756e-05
2.03219e-05
2.09466e-05
1.83791e-05
1.30566e-05
6.33328e-06
9.5771e-08
-3.99163e-06
-5.22465e-06
-4.10399e-06
-1.91513e-06
4.87334e-08
1.10104e-06
1.27148e-06
9.80182e-07
6.29714e-07
4.01622e-07
2.90988e-07
2.32298e-07
1.84082e-07
1.39361e-07
1.03734e-07
7.90849e-08
6.25177e-08
5.04892e-08
4.12247e-08
3.40572e-08
2.86856e-08
2.4644e-08
2.15991e-08
1.92167e-08
1.73668e-08
1.58613e-08
1.46587e-08
1.36279e-08
1.2775e-08
1.20028e-08
1.13439e-08
1.07175e-08
1.01703e-08
9.62964e-09
9.1503e-09
8.66345e-09
8.2285e-09
7.77823e-09
7.37487e-09
6.95161e-09
6.57258e-09
6.17072e-09
5.81161e-09
5.42749e-09
5.0854e-09
4.7162e-09
4.38919e-09
4.03181e-09
3.71944e-09
3.36894e-09
3.07487e-09
2.71936e-09
2.46109e-09
2.06262e-09
1.90362e-09
1.34182e-09
1.49039e-09
3.62143e-10
1.58684e-09
0.111352
0.113748
0.121813
0.134722
0.15512
0.186777
0.235566
0.276046
0.332756
-0.111255
-0.32238
-0.320318
-0.323557
-0.32354
-0.326384
-0.330273
-0.337899
-0.347333
-0.35748
-0.364018
-0.362137
-0.346416
-0.314176
-0.266837
-0.210301
-0.153128
-0.10289
-0.0635136
-0.0356261
-0.0176068
-0.00699409
-0.00146333
0.000864569
0.0013278
0.000820105
-0.000110134
-0.00113881
-0.00209241
-0.00289011
-0.00350523
-0.00394164
-0.00421924
-0.00436443
-0.00440483
-0.00436646
-0.00427244
-0.00414116
-0.00398687
-0.00381997
-0.0036475
-0.00347386
-0.0033015
-0.00313172
-0.00296485
-0.00280128
-0.00264114
-0.00248467
-0.00233225
-0.0021843
-0.00204125
-0.00190347
-0.00177124
-0.00164475
-0.00152413
-0.0014094
-0.00130053
-0.00119744
-0.00109999
-0.00100798
-0.00092111
-0.000839065
-0.000761494
-0.000688069
-0.000618519
-0.000552641
-0.00049031
-0.000431459
-0.000376068
-0.000324144
-0.000275731
-0.000230916
-0.000189848
-0.000152733
-0.000119803
-9.12393e-05
-6.70825e-05
-4.71477e-05
-3.09912e-05
-1.79484e-05
-7.24599e-06
1.83386e-06
9.76686e-06
1.66244e-05
2.20069e-05
2.51542e-05
2.52724e-05
2.20158e-05
1.59082e-05
8.42713e-06
1.5741e-06
-2.91777e-06
-4.35914e-06
-3.3314e-06
-1.20805e-06
6.61308e-07
1.57963e-06
1.60274e-06
1.18455e-06
7.45996e-07
4.66752e-07
3.29565e-07
2.5689e-07
2.00115e-07
1.49686e-07
1.10407e-07
8.35612e-08
6.56481e-08
5.27086e-08
4.27897e-08
3.51559e-08
2.9462e-08
2.51992e-08
2.19999e-08
1.95076e-08
1.75786e-08
1.60161e-08
1.47722e-08
1.37113e-08
1.28365e-08
1.20482e-08
1.13776e-08
1.07426e-08
1.01891e-08
9.64387e-09
9.16113e-09
8.67177e-09
8.23498e-09
7.78332e-09
7.37894e-09
6.9549e-09
6.57526e-09
6.17295e-09
5.81349e-09
5.42911e-09
5.08682e-09
4.71742e-09
4.39028e-09
4.03274e-09
3.72028e-09
3.36962e-09
3.07554e-09
2.71975e-09
2.46167e-09
2.06265e-09
1.90438e-09
1.34129e-09
1.49178e-09
3.60645e-10
1.58958e-09
0.112377
0.114906
0.123442
0.137239
0.159493
0.195113
0.252895
0.320975
0.430817
-0.316037
-0.321926
-0.322218
-0.325362
-0.329418
-0.337233
-0.346825
-0.357056
-0.363215
-0.360389
-0.343529
-0.310201
-0.261954
-0.205165
-0.148389
-0.098904
-0.0603536
-0.0332082
-0.0158164
-0.00568266
-0.000498122
0.00159468
0.00190868
0.00131288
0.000336324
-0.000717207
-0.00168888
-0.00250739
-0.00315066
-0.00362327
-0.00394309
-0.00413327
-0.00421912
-0.00422358
-0.00416723
-0.00406717
-0.00393714
-0.00378765
-0.00362639
-0.00345877
-0.00328847
-0.00311803
-0.00294894
-0.00278252
-0.00261969
-0.00246118
-0.00230763
-0.00215952
-0.0020172
-0.00188086
-0.00175055
-0.00162624
-0.00150783
-0.00139519
-0.00128815
-0.00118657
-0.00109028
-0.000999079
-0.00091273
-0.000830964
-0.000753504
-0.000680092
-0.000610515
-0.000544614
-0.000482297
-0.000423514
-0.000368253
-0.00031653
-0.000268388
-0.000223916
-0.000183261
-0.000146618
-0.000114196
-8.61414e-05
-6.24553e-05
-4.29137e-05
-2.70462e-05
-1.418e-05
-3.5554e-06
5.50981e-06
1.34397e-05
2.02487e-05
2.54882e-05
2.83699e-05
2.8103e-05
2.43772e-05
1.77753e-05
9.84115e-06
2.62727e-06
-2.11268e-06
-3.70589e-06
-2.77479e-06
-7.32005e-07
1.04945e-06
1.87109e-06
1.80126e-06
1.30765e-06
8.17306e-07
5.07265e-07
3.53447e-07
2.71752e-07
2.09536e-07
1.55623e-07
1.14178e-07
8.60457e-08
6.73491e-08
5.38943e-08
4.36174e-08
3.57342e-08
2.98695e-08
2.54903e-08
2.22102e-08
1.96606e-08
1.76906e-08
1.60984e-08
1.4833e-08
1.37564e-08
1.28701e-08
1.20735e-08
1.13967e-08
1.07571e-08
1.02003e-08
9.6525e-09
9.1679e-09
8.67715e-09
8.23932e-09
7.78687e-09
7.38189e-09
6.95738e-09
6.57741e-09
6.17482e-09
5.81513e-09
5.43056e-09
5.0881e-09
4.71857e-09
4.39132e-09
4.03367e-09
3.72114e-09
3.37034e-09
3.07621e-09
2.72025e-09
2.46223e-09
2.06286e-09
1.90493e-09
1.34111e-09
1.49262e-09
3.59801e-10
1.59118e-09
0.112378
0.114907
0.123444
0.13724
0.159494
0.195115
0.252898
0.331133
0.488679
-0.314798
-0.321734
-0.321845
-0.324834
-0.328941
-0.337154
-0.347523
-0.35873
-0.365613
-0.362913
-0.34534
-0.310553
-0.260812
-0.203012
-0.145987
-0.0968754
-0.0590341
-0.0326297
-0.0158359
-0.00609112
-0.00109437
0.000970136
0.00136744
0.000907078
8.39337e-05
-0.000825432
-0.00167876
-0.00241166
-0.00300325
-0.003455
-0.00377894
-0.00399162
-0.00410996
-0.00415094
-0.00412953
-0.00405945
-0.00395243
-0.00381826
-0.00366496
-0.00349897
-0.00332543
-0.00314835
-0.00297121
-0.00279639
-0.00262581
-0.00246092
-0.0023027
-0.00215168
-0.00200807
-0.00187177
-0.00174248
-0.00161979
-0.00150325
-0.00139246
-0.00128707
-0.0011868
-0.00109144
-0.00100078
-0.00091464
-0.000832811
-0.000755101
-0.000681333
-0.000611362
-0.000545087
-0.000482449
-0.000423421
-0.000367997
-0.000316187
-0.000268022
-0.000223576
-0.000182977
-0.000146406
-0.000114057
-8.60699e-05
-6.24379e-05
-4.29352e-05
-2.70906e-05
-1.42334e-05
-3.60708e-06
5.46668e-06
1.3408e-05
2.0228e-05
2.5476e-05
2.8363e-05
2.80986e-05
2.43733e-05
1.77712e-05
9.83676e-06
2.62311e-06
-2.11609e-06
-3.70825e-06
-2.77615e-06
-7.32613e-07
1.04929e-06
1.87112e-06
1.80133e-06
1.30772e-06
8.1737e-07
5.07329e-07
3.5351e-07
2.7181e-07
2.09587e-07
1.55667e-07
1.14215e-07
8.60778e-08
6.73769e-08
5.39182e-08
4.3638e-08
3.5752e-08
2.98848e-08
2.55035e-08
2.22216e-08
1.96705e-08
1.76992e-08
1.61059e-08
1.48396e-08
1.37622e-08
1.28752e-08
1.2078e-08
1.14007e-08
1.07607e-08
1.02035e-08
9.6554e-09
9.17052e-09
8.67954e-09
8.2415e-09
7.78888e-09
7.38373e-09
6.95909e-09
6.57899e-09
6.17629e-09
5.81649e-09
5.43183e-09
5.08927e-09
4.71966e-09
4.39231e-09
4.0346e-09
3.72198e-09
3.37112e-09
3.07689e-09
2.72082e-09
2.46274e-09
2.06328e-09
1.90532e-09
1.3413e-09
1.49295e-09
3.59557e-10
1.59178e-09
0.111355
0.113752
0.121817
0.134726
0.155125
0.186782
0.235573
0.303185
0.414209
-0.315919
-0.318601
-0.323002
-0.322438
-0.324879
-0.328945
-0.337676
-0.349182
-0.361886
-0.37022
-0.368184
-0.350414
-0.314941
-0.264094
-0.20528
-0.147591
-0.0982418
-0.0604621
-0.0342409
-0.017551
-0.00780257
-0.00269409
-0.000443608
0.000177977
-4.65258e-05
-0.000646038
-0.00136091
-0.00205545
-0.00266653
-0.00317098
-0.00356565
-0.0038565
-0.00405365
-0.00416847
-0.00421269
-0.00419734
-0.00413305
-0.00402962
-0.00389589
-0.00373974
-0.0035681
-0.00338691
-0.00320106
-0.00301479
-0.00283124
-0.00265296
-0.00248173
-0.00231865
-0.00216425
-0.00201856
-0.00188126
-0.00175178
-0.00162942
-0.00151343
-0.00140324
-0.00129836
-0.00119842
-0.00110316
-0.00101239
-0.000925939
-0.000843666
-0.000765426
-0.000691086
-0.000620543
-0.000553729
-0.000490607
-0.000431158
-0.000375374
-0.000323249
-0.000274793
-0.000230052
-0.000189132
-0.000152202
-0.00011946
-9.10661e-05
-6.70462e-05
-4.72087e-05
-3.11097e-05
-1.8089e-05
-7.38117e-06
1.72151e-06
9.68456e-06
1.65709e-05
2.19756e-05
2.51365e-05
2.5261e-05
2.20057e-05
1.58972e-05
8.41549e-06
1.56298e-06
-2.92699e-06
-4.36564e-06
-3.33516e-06
-1.20969e-06
6.6091e-07
1.57976e-06
1.60299e-06
1.18478e-06
7.46204e-07
4.66952e-07
3.29758e-07
2.57065e-07
2.00267e-07
1.49816e-07
1.10518e-07
8.36572e-08
6.57312e-08
5.27803e-08
4.28513e-08
3.5209e-08
2.95077e-08
2.52387e-08
2.20341e-08
1.95372e-08
1.76044e-08
1.60385e-08
1.47918e-08
1.37285e-08
1.28516e-08
1.20617e-08
1.13896e-08
1.07533e-08
1.01987e-08
9.65254e-09
9.16893e-09
8.6789e-09
8.24147e-09
7.7893e-09
7.38442e-09
6.95998e-09
6.57996e-09
6.17734e-09
5.81754e-09
5.43291e-09
5.09029e-09
4.72067e-09
4.39326e-09
4.03548e-09
3.72275e-09
3.37189e-09
3.07755e-09
2.72153e-09
2.4632e-09
2.06388e-09
1.90553e-09
1.34183e-09
1.49277e-09
3.59901e-10
1.59137e-09
0.109365
0.111508
0.118716
0.129958
0.147252
0.171846
0.20767
0.251318
0.264854
-0.247811
-0.323627
-0.322658
-0.322744
-0.320786
-0.323354
-0.327706
-0.337126
-0.34956
-0.363326
-0.372331
-0.370666
-0.353057
-0.317475
-0.266533
-0.207892
-0.150727
-0.102047
-0.0647924
-0.038768
-0.0219505
-0.0118305
-0.00620754
-0.00339416
-0.00222943
-0.00196692
-0.00215471
-0.00253296
-0.00296019
-0.00336415
-0.00371152
-0.00398946
-0.00419535
-0.00433152
-0.00440282
-0.00441526
-0.00437569
-0.00429169
-0.00417106
-0.00402152
-0.00385049
-0.00366477
-0.00347041
-0.00327259
-0.00307561
-0.00288285
-0.00269684
-0.00251931
-0.00235128
-0.00219311
-0.00204466
-0.00190541
-0.00177457
-0.00165125
-0.00153458
-0.0014238
-0.00131834
-0.00121776
-0.0011218
-0.00103027
-0.000943033
-0.000859962
-0.000780943
-0.000705867
-0.000634646
-0.000567219
-0.000503549
-0.000443617
-0.0003874
-0.000334873
-0.000286019
-0.000240852
-0.000199447
-0.000161952
-0.000128565
-9.94637e-05
-7.47163e-05
-5.41852e-05
-3.74822e-05
-2.39918e-05
-1.29695e-05
-3.69593e-06
4.34241e-06
1.12887e-05
1.68343e-05
2.03e-05
2.09331e-05
1.8367e-05
1.30428e-05
6.31795e-06
8.07719e-08
-4.00425e-06
-5.23365e-06
-4.10922e-06
-1.9174e-06
4.8229e-08
1.1013e-06
1.27193e-06
9.80599e-07
6.30086e-07
4.0197e-07
2.91315e-07
2.32592e-07
1.84336e-07
1.39577e-07
1.03919e-07
7.92446e-08
6.26557e-08
5.06081e-08
4.1327e-08
3.41454e-08
2.87615e-08
2.47095e-08
2.16558e-08
1.92659e-08
1.74096e-08
1.58986e-08
1.46913e-08
1.36566e-08
1.28002e-08
1.20252e-08
1.13637e-08
1.07352e-08
1.01862e-08
9.644e-09
9.16328e-09
8.67532e-09
8.23931e-09
7.7882e-09
7.38401e-09
6.9601e-09
6.58039e-09
6.17803e-09
5.81833e-09
5.43381e-09
5.09119e-09
4.72162e-09
4.39416e-09
4.03638e-09
3.7236e-09
3.37275e-09
3.07823e-09
2.72231e-09
2.46365e-09
2.06468e-09
1.90555e-09
1.34275e-09
1.49203e-09
3.60927e-10
1.58981e-09
0.10651
0.108324
0.114365
0.123578
0.136765
0.15471
0.17326
0.189366
0.151111
-0.166771
-0.410762
-0.311078
-0.31955
-0.322995
-0.322197
-0.324461
-0.328584
-0.337688
-0.349827
-0.363061
-0.371615
-0.369357
-0.351261
-0.315751
-0.265822
-0.209054
-0.154083
-0.10726
-0.0711676
-0.0455304
-0.0284725
-0.0177294
-0.0113087
-0.0076721
-0.00574316
-0.00481535
-0.00444522
-0.00436669
-0.00442588
-0.00453608
-0.00465017
-0.00474333
-0.00480293
-0.00482341
-0.00480286
-0.00474244
-0.00464504
-0.00451489
-0.00435727
-0.00417794
-0.00398278
-0.0037775
-0.00356723
-0.00335646
-0.00314891
-0.0029475
-0.00275435
-0.00257089
-0.00239787
-0.00223546
-0.00208337
-0.00194095
-0.00180735
-0.0016816
-0.00156278
-0.00145009
-0.00134291
-0.0012408
-0.00114344
-0.00105065
-0.000962279
-0.0008782
-0.000798292
-0.000722441
-0.000650549
-0.000582543
-0.000518375
-0.00045801
-0.00040141
-0.000348533
-0.000299338
-0.00025381
-0.000211986
-0.000173977
-0.000139948
-0.000110064
-8.44022e-05
-6.28668e-05
-4.5142e-05
-3.07066e-05
-1.89144e-05
-9.1167e-06
-8.08848e-07
6.22165e-06
1.18025e-05
1.54179e-05
1.64446e-05
1.45547e-05
1.01137e-05
4.31167e-06
-1.1522e-06
-4.74835e-06
-5.78509e-06
-4.66026e-06
-2.5159e-06
-5.43192e-07
6.01508e-07
9.13608e-07
7.5914e-07
5.06397e-07
3.33455e-07
2.49531e-07
2.04383e-07
1.64947e-07
1.26667e-07
9.53968e-08
7.34086e-08
5.84826e-08
4.75929e-08
3.91742e-08
3.26235e-08
2.76824e-08
2.39374e-08
2.10999e-08
1.88651e-08
1.71205e-08
1.56902e-08
1.45409e-08
1.35483e-08
1.27224e-08
1.19695e-08
1.1324e-08
1.07071e-08
1.01663e-08
9.63017e-09
9.15373e-09
8.66893e-09
8.2351e-09
7.78564e-09
7.38252e-09
6.95947e-09
6.58025e-09
6.17832e-09
5.81882e-09
5.43453e-09
5.09196e-09
4.7225e-09
4.39496e-09
4.03735e-09
3.72439e-09
3.37362e-09
3.0789e-09
2.72323e-09
2.46406e-09
2.06571e-09
1.90536e-09
1.34411e-09
1.49064e-09
3.6279e-10
1.58683e-09
0.10293
0.104356
0.109086
0.11598
0.125134
0.135765
0.142352
0.134797
0.0628761
-0.13387
-0.305385
-0.293195
-0.307365
-0.31289
-0.316248
-0.320227
-0.32557
-0.335126
-0.347203
-0.359525
-0.366391
-0.362346
-0.343228
-0.308207
-0.260647
-0.20757
-0.156515
-0.112825
-0.0786255
-0.0536668
-0.0363972
-0.0249227
-0.0175416
-0.0129102
-0.0100593
-0.00832818
-0.00728415
-0.00665242
-0.00626291
-0.00601144
-0.0058348
-0.00569453
-0.00556698
-0.00543759
-0.00529754
-0.00514203
-0.00496916
-0.0047793
-0.00457458
-0.00435818
-0.00413389
-0.00390568
-0.00367732
-0.0034522
-0.00323314
-0.00302236
-0.00282142
-0.00263134
-0.00245256
-0.00228503
-0.00212833
-0.00198176
-0.00184439
-0.00171528
-0.00159347
-0.00147817
-0.00136871
-0.00126461
-0.00116555
-0.00107127
-0.000981624
-0.000896446
-0.000815602
-0.000738962
-0.000666412
-0.000597865
-0.000533254
-0.000472526
-0.000415632
-0.000362517
-0.000313126
-0.000267421
-0.000225403
-0.000187128
-0.000152691
-0.000122184
-9.56335e-05
-7.2938e-05
-5.38437e-05
-3.79647e-05
-2.4838e-05
-1.39955e-05
-5.04713e-06
2.22869e-06
7.80679e-06
1.14058e-05
1.26307e-05
1.12783e-05
7.67813e-06
2.83615e-06
-1.79467e-06
-4.87905e-06
-5.77469e-06
-4.77135e-06
-2.82309e-06
-9.71838e-07
1.80312e-07
5.91837e-07
5.57652e-07
3.95658e-07
2.72535e-07
2.10608e-07
1.7606e-07
1.44202e-07
1.12257e-07
8.56027e-08
6.65381e-08
5.34612e-08
4.38932e-08
3.64916e-08
3.07044e-08
2.63091e-08
2.29478e-08
2.03838e-08
1.83469e-08
1.67458e-08
1.54193e-08
1.43451e-08
1.3407e-08
1.26205e-08
1.18962e-08
1.12714e-08
1.06696e-08
1.01397e-08
9.61147e-09
9.14062e-09
8.65999e-09
8.22903e-09
7.78175e-09
7.38006e-09
6.95815e-09
6.57961e-09
6.17828e-09
5.81907e-09
5.4351e-09
5.09261e-09
4.72334e-09
4.39578e-09
4.03827e-09
3.72517e-09
3.37457e-09
3.07956e-09
2.72425e-09
2.4644e-09
2.06699e-09
1.90491e-09
1.34603e-09
1.48844e-09
3.65765e-10
1.58199e-09
0.0987809
0.0998064
0.103167
0.107794
0.113147
0.117917
0.11602
0.0988812
0.0345964
-0.124142
-0.238459
-0.247798
-0.275946
-0.293201
-0.303437
-0.31181
-0.319564
-0.329266
-0.339867
-0.349249
-0.353031
-0.346887
-0.327458
-0.294505
-0.251246
-0.2036
-0.157694
-0.117856
-0.0859139
-0.0618108
-0.044415
-0.0322529
-0.0239374
-0.0183263
-0.0145595
-0.0120235
-0.0102974
-0.00909986
-0.00824623
-0.00761628
-0.00713163
-0.00674084
-0.00640969
-0.00611514
-0.0058416
-0.00557883
-0.00532049
-0.00506313
-0.00480554
-0.00454806
-0.00429202
-0.00403934
-0.00379207
-0.00355221
-0.00332149
-0.00310126
-0.00289245
-0.00269558
-0.00251076
-0.00233776
-0.00217602
-0.00202479
-0.00188315
-0.00175015
-0.00162489
-0.00150656
-0.0013945
-0.0012882
-0.00118727
-0.00109143
-0.00100047
-0.000914184
-0.00083242
-0.000755023
-0.000681861
-0.000612827
-0.000547837
-0.000486824
-0.000429725
-0.00037648
-0.00032703
-0.000281327
-0.000239343
-0.000201074
-0.000166521
-0.00013566
-0.000108404
-8.45888e-05
-6.3981e-05
-4.63283e-05
-3.14059e-05
-1.9023e-05
-9.00018e-06
-1.17836e-06
4.5324e-06
8.10855e-06
9.44689e-06
8.53833e-06
5.72253e-06
1.83156e-06
-1.9502e-06
-4.51436e-06
-5.29586e-06
-4.48521e-06
-2.83466e-06
-1.20599e-06
-1.26287e-07
3.3242e-07
3.88995e-07
3.02139e-07
2.20127e-07
1.75003e-07
1.48146e-07
1.22588e-07
9.66476e-08
7.47012e-08
5.87536e-08
4.77066e-08
3.96095e-08
3.33536e-08
2.84389e-08
2.46765e-08
2.1766e-08
1.95258e-08
1.77247e-08
1.6295e-08
1.5093e-08
1.41088e-08
1.32361e-08
1.24971e-08
1.18074e-08
1.12075e-08
1.06239e-08
1.0107e-08
9.58842e-09
9.12434e-09
8.64877e-09
8.22128e-09
7.77667e-09
7.37672e-09
6.95622e-09
6.57851e-09
6.17795e-09
5.81908e-09
5.43553e-09
5.09315e-09
4.72412e-09
4.39654e-09
4.03918e-09
3.72595e-09
3.37559e-09
3.08021e-09
2.7254e-09
2.46468e-09
2.06857e-09
1.90416e-09
1.34865e-09
1.48524e-09
3.70248e-10
1.57464e-09
0.0942265
0.0948542
0.0968867
0.0993521
0.101409
0.10118
0.0935413
0.0698586
0.0139336
-0.101253
-0.197653
-0.224943
-0.254853
-0.273608
-0.28608
-0.296664
-0.306009
-0.315811
-0.325259
-0.332536
-0.334219
-0.326906
-0.308316
-0.278577
-0.240441
-0.198617
-0.157953
-0.121968
-0.0923153
-0.0691671
-0.0517925
-0.0391016
-0.0299943
-0.023517
-0.0189169
-0.0156326
-0.0132612
-0.0115205
-0.0102164
-0.0092158
-0.00842763
-0.00778894
-0.00725578
-0.00679707
-0.00639073
-0.00602109
-0.00567731
-0.00535216
-0.00504119
-0.00474196
-0.00445344
-0.00417554
-0.00390866
-0.00365343
-0.00341049
-0.00318034
-0.00296328
-0.00275935
-0.00256832
-0.00238971
-0.00222286
-0.00206693
-0.00192101
-0.00178414
-0.00165545
-0.00153412
-0.00141948
-0.001311
-0.00120824
-0.00111087
-0.00101862
-0.000931264
-0.000848612
-0.000770487
-0.000696743
-0.000627257
-0.00056193
-0.000500678
-0.00044343
-0.000390124
-0.000340701
-0.000295114
-0.000253316
-0.000215248
-0.000180815
-0.000149858
-0.000122145
-9.73956e-05
-7.53559e-05
-5.58876e-05
-3.89974e-05
-2.47877e-05
-1.33562e-05
-4.68097e-06
1.39865e-06
5.09621e-06
6.60257e-06
6.12762e-06
4.05547e-06
1.07425e-06
-1.88372e-06
-3.93574e-06
-4.60317e-06
-3.99207e-06
-2.66707e-06
-1.30351e-06
-3.42979e-07
1.23e-07
2.43243e-07
2.16877e-07
1.69693e-07
1.39209e-07
1.19204e-07
9.96889e-08
7.97425e-08
6.26731e-08
5.00863e-08
4.12896e-08
3.48252e-08
2.98328e-08
2.58816e-08
2.28249e-08
2.04222e-08
1.85489e-08
1.70155e-08
1.57807e-08
1.47204e-08
1.38388e-08
1.30408e-08
1.23558e-08
1.17056e-08
1.11341e-08
1.05713e-08
1.00693e-08
9.56174e-09
9.1054e-09
8.63564e-09
8.21212e-09
7.7706e-09
7.37263e-09
6.95379e-09
6.57702e-09
6.17736e-09
5.81888e-09
5.43585e-09
5.09357e-09
4.72488e-09
4.39722e-09
4.04014e-09
3.72668e-09
3.37665e-09
3.08083e-09
2.72669e-09
2.46486e-09
2.07049e-09
1.90304e-09
1.35214e-09
1.48075e-09
3.76794e-10
1.56384e-09
0.0894261
0.0896837
0.0904777
0.0910222
0.0902844
0.0862687
0.0747285
0.0484806
-0.00104145
-0.090883
-0.17076
-0.202662
-0.233299
-0.255115
-0.270614
-0.283233
-0.293653
-0.303136
-0.311164
-0.316387
-0.316219
-0.308143
-0.290668
-0.26406
-0.230554
-0.193834
-0.15773
-0.125139
-0.097579
-0.075401
-0.0581849
-0.045148
-0.0354308
-0.0282449
-0.0229376
-0.0190007
-0.016054
-0.0138205
-0.0121015
-0.0107556
-0.00968179
-0.00880788
-0.00808165
-0.00746504
-0.0069301
-0.00645635
-0.00602888
-0.00563699
-0.00527322
-0.00493254
-0.00461168
-0.0043086
-0.00402212
-0.00375155
-0.00349645
-0.00325649
-0.00303131
-0.00282048
-0.00262341
-0.00243942
-0.00226768
-0.00210728
-0.00195727
-0.00181672
-0.00168474
-0.00156054
-0.00144343
-0.00133284
-0.00122831
-0.00112946
-0.00103598
-0.00094761
-0.000864116
-0.000785309
-0.000711023
-0.000641121
-0.000575489
-0.000514029
-0.000456663
-0.000403323
-0.000353958
-0.000308522
-0.000266956
-0.000229162
-0.000194958
-0.000164059
-0.000136084
-0.000110628
-8.73869e-05
-6.62744e-05
-4.74993e-05
-3.14646e-05
-1.85179e-05
-8.78053e-06
-2.08608e-06
1.94799e-06
3.769e-06
3.78939e-06
2.4496e-06
3.29039e-07
-1.85078e-06
-3.40487e-06
-3.93514e-06
-3.48004e-06
-2.44435e-06
-1.3333e-06
-5.0306e-07
-5.25092e-08
1.10602e-07
1.32608e-07
1.162e-07
1.00433e-07
8.81325e-08
7.52158e-08
6.15241e-08
4.95577e-08
4.05924e-08
3.42808e-08
2.96168e-08
2.59969e-08
2.30864e-08
2.07956e-08
1.89478e-08
1.74767e-08
1.62368e-08
1.52156e-08
1.43108e-08
1.35417e-08
1.28258e-08
1.22001e-08
1.15933e-08
1.1053e-08
1.05133e-08
1.00276e-08
9.53217e-09
9.08431e-09
8.62101e-09
8.20183e-09
7.76376e-09
7.36795e-09
6.95098e-09
6.57522e-09
6.1766e-09
5.81852e-09
5.4361e-09
5.0939e-09
4.72567e-09
4.39786e-09
4.04111e-09
3.72741e-09
3.3778e-09
3.08144e-09
2.72815e-09
2.46496e-09
2.07283e-09
1.90149e-09
1.35676e-09
1.47465e-09
3.86194e-10
1.54827e-09
0.0845278
0.0844506
0.0841339
0.0830083
0.0799847
0.0730835
0.0589855
0.0318946
-0.0124388
-0.0838029
-0.150354
-0.185567
-0.217146
-0.240346
-0.257196
-0.270729
-0.281613
-0.29075
-0.29776
-0.301583
-0.30028
-0.291976
-0.27569
-0.251776
-0.222082
-0.189534
-0.157207
-0.127512
-0.101829
-0.0806126
-0.063665
-0.0504392
-0.040272
-0.0325178
-0.0266164
-0.0221136
-0.0186561
-0.0159769
-0.0138776
-0.0122116
-0.0108711
-0.00977655
-0.00886865
-0.00810318
-0.0074469
-0.00687476
-0.00636799
-0.00591261
-0.00549833
-0.0051177
-0.00476539
-0.00443764
-0.00413178
-0.00384591
-0.00357864
-0.00332884
-0.00309556
-0.0028779
-0.00267495
-0.00248578
-0.0023094
-0.00214482
-0.00199105
-0.00184712
-0.00171215
-0.00158531
-0.00146593
-0.0013534
-0.00124724
-0.00114701
-0.00105238
-0.000963045
-0.000878759
-0.000799308
-0.00072451
-0.000654215
-0.000588294
-0.000526637
-0.000469155
-0.000415781
-0.000366463
-0.000321157
-0.000279798
-0.000242254
-0.000208276
-0.000177473
-0.00014934
-0.000123357
-9.91505e-05
-7.67028e-05
-5.63556e-05
-3.86824e-05
-2.42855e-05
-1.34531e-05
-6.00784e-06
-1.44498e-06
8.47117e-07
1.43797e-06
8.20128e-07
-5.03721e-07
-1.97261e-06
-3.05713e-06
-3.42633e-06
-3.06714e-06
-2.25358e-06
-1.35094e-06
-6.37658e-07
-2.10119e-07
-1.72894e-08
4.45001e-08
5.67195e-08
5.70776e-08
5.4422e-08
4.91698e-08
4.21872e-08
3.55735e-08
3.04606e-08
2.68342e-08
2.41093e-08
2.19442e-08
2.01275e-08
1.86431e-08
1.73828e-08
1.63387e-08
1.54104e-08
1.46159e-08
1.3876e-08
1.32263e-08
1.25974e-08
1.20346e-08
1.14739e-08
1.09667e-08
1.04514e-08
9.98302e-09
9.50059e-09
9.06172e-09
8.60532e-09
8.19072e-09
7.75636e-09
7.36281e-09
6.94787e-09
6.57315e-09
6.17569e-09
5.818e-09
5.43629e-09
5.09414e-09
4.72628e-09
4.39841e-09
4.04208e-09
3.72808e-09
3.37899e-09
3.08199e-09
2.72975e-09
2.46491e-09
2.0756e-09
1.8994e-09
1.36272e-09
1.46653e-09
3.99461e-10
1.52613e-09
0.0796647
0.0792956
0.0780094
0.0754838
0.0706301
0.061633
0.045932
0.0190748
-0.0209058
-0.0793449
-0.136084
-0.171699
-0.202775
-0.226732
-0.244899
-0.259468
-0.270954
-0.279994
-0.286316
-0.289093
-0.286924
-0.278509
-0.263233
-0.241512
-0.21489
-0.185727
-0.156514
-0.129273
-0.105248
-0.0849472
-0.0683291
-0.0550269
-0.044536
-0.0363322
-0.0299388
-0.0249528
-0.0210494
-0.0179743
-0.0155322
-0.0135747
-0.0119891
-0.0106902
-0.00961317
-0.00870843
-0.0079381
-0.00727311
-0.00669123
-0.00617547
-0.00571298
-0.0052941
-0.00491157
-0.00456003
-0.00423544
-0.00393478
-0.00365573
-0.00339645
-0.0031554
-0.00293123
-0.00272271
-0.00252868
-0.002348
-0.00217957
-0.00202235
-0.00187533
-0.00173761
-0.00160837
-0.0014869
-0.00137259
-0.0012649
-0.00116339
-0.00106768
-0.000977453
-0.000892429
-0.000812378
-0.000737104
-0.000666439
-0.000600241
-0.000538391
-0.000480789
-0.000427363
-0.00037806
-0.000332835
-0.000291613
-0.000254235
-0.000220403
-0.000189648
-0.000161374
-0.000134972
-0.000110051
-8.65778e-05
-6.49651e-05
-4.59718e-05
-3.03424e-05
-1.84702e-05
-1.0227e-05
-5.0369e-06
-2.16225e-06
-9.44115e-07
-8.57289e-07
-1.45257e-06
-2.28351e-06
-2.93352e-06
-3.1221e-06
-2.79812e-06
-2.13304e-06
-1.38369e-06
-7.62223e-07
-3.56051e-07
-1.41323e-07
-4.62944e-08
-7.35913e-09
1.02037e-08
1.88201e-08
2.21333e-08
2.21897e-08
2.10572e-08
1.9922e-08
1.91076e-08
1.84158e-08
1.77611e-08
1.70721e-08
1.64188e-08
1.57657e-08
1.51632e-08
1.45569e-08
1.39961e-08
1.34266e-08
1.29e-08
1.23611e-08
1.18632e-08
1.13503e-08
1.08773e-08
1.03873e-08
9.93685e-09
9.46789e-09
9.03826e-09
8.58907e-09
8.17915e-09
7.7487e-09
7.35743e-09
6.94468e-09
6.57096e-09
6.17477e-09
5.81742e-09
5.4365e-09
5.0944e-09
4.72708e-09
4.39897e-09
4.04315e-09
3.72874e-09
3.3803e-09
3.08252e-09
2.73156e-09
2.46475e-09
2.07892e-09
1.89676e-09
1.37039e-09
1.45598e-09
4.17989e-10
1.49509e-09
0.0749526
0.0743346
0.0722235
0.0685461
0.0622593
0.0517613
0.0351167
0.00899878
-0.0273508
-0.0765539
-0.125555
-0.160467
-0.190967
-0.215292
-0.234189
-0.24929
-0.261048
-0.269923
-0.275717
-0.2778
-0.275166
-0.266895
-0.252618
-0.232784
-0.208709
-0.182334
-0.155713
-0.13056
-0.107996
-0.0885524
-0.0722967
-0.0589989
-0.0482822
-0.0397253
-0.0329252
-0.0275271
-0.0232347
-0.0198084
-0.0170584
-0.0148363
-0.0130268
-0.0115402
-0.0103071
-0.00927366
-0.00839773
-0.00764664
-0.00699496
-0.00642295
-0.00591539
-0.00546057
-0.00504951
-0.00467537
-0.00433289
-0.00401803
-0.00372764
-0.00345921
-0.00321066
-0.00298026
-0.00276646
-0.00256786
-0.00238319
-0.00221122
-0.00205086
-0.00190105
-0.00176087
-0.00162948
-0.00150613
-0.0013902
-0.00128113
-0.00117846
-0.00108176
-0.00099071
-0.000905004
-0.000824395
-0.000748672
-0.000677655
-0.00061119
-0.000549144
-0.00049141
-0.000437908
-0.000388581
-0.000343376
-0.000302205
-0.000264889
-0.000231089
-0.000200288
-0.00017183
-0.00014507
-0.000119576
-9.53289e-05
-7.28081e-05
-5.28399e-05
-3.62572e-05
-2.35184e-05
-1.45133e-05
-8.65469e-06
-5.15159e-06
-3.28972e-06
-2.53473e-06
-2.47649e-06
-2.74644e-06
-3.00473e-06
-3.00511e-06
-2.66822e-06
-2.08868e-06
-1.4415e-06
-8.84935e-07
-4.94152e-07
-2.61587e-07
-1.38068e-07
-7.4167e-08
-3.88138e-08
-1.78003e-08
-5.2246e-09
2.07571e-09
6.45235e-09
9.31514e-09
1.13459e-08
1.271e-08
1.35716e-08
1.40089e-08
1.41863e-08
1.41421e-08
1.39832e-08
1.37006e-08
1.33745e-08
1.29759e-08
1.25728e-08
1.21241e-08
1.16913e-08
1.12262e-08
1.07875e-08
1.0323e-08
9.89036e-09
9.43501e-09
9.01458e-09
8.57271e-09
8.16741e-09
7.74097e-09
7.3519e-09
6.94142e-09
6.56864e-09
6.17381e-09
5.81673e-09
5.43665e-09
5.09432e-09
4.72785e-09
4.39943e-09
4.0442e-09
3.72931e-09
3.38162e-09
3.08295e-09
2.7335e-09
2.4644e-09
2.08273e-09
1.89343e-09
1.37997e-09
1.44248e-09
4.43367e-10
1.45214e-09
0.0704898
0.0696651
0.0668667
0.0622637
0.0548761
0.0433381
0.0262009
0.00104512
-0.0322692
-0.0747527
-0.11784
-0.151488
-0.181059
-0.205307
-0.224625
-0.240142
-0.252171
-0.26101
-0.266496
-0.268145
-0.265236
-0.257155
-0.243736
-0.225455
-0.203456
-0.179359
-0.154883
-0.131493
-0.110199
-0.0915368
-0.0756475
-0.0624059
-0.0515373
-0.0427063
-0.0355738
-0.0298288
-0.0252021
-0.0214692
-0.0184471
-0.015989
-0.0139779
-0.0123215
-0.0109466
-0.00979555
-0.00882284
-0.00799257
-0.00727652
-0.00665249
-0.00610312
-0.00561489
-0.00517723
-0.00478198
-0.00442275
-0.00409459
-0.00379357
-0.00351657
-0.00326104
-0.00302484
-0.00280615
-0.00260337
-0.00241504
-0.00223988
-0.00207667
-0.00192436
-0.00178197
-0.00164864
-0.00152361
-0.00140622
-0.0012959
-0.00119216
-0.00109457
-0.00100276
-0.000916431
-0.000835309
-0.000759171
-0.000687825
-0.000621103
-0.000558863
-0.000500988
-0.000447388
-0.000397999
-0.000352755
-0.000311554
-0.000274193
-0.00024031
-0.000209359
-0.000180659
-0.000153549
-0.000127594
-0.000102789
-7.96369e-05
-5.89979e-05
-4.17298e-05
-2.83133e-05
-1.86523e-05
-1.2157e-05
-8.03111e-06
-5.54489e-06
-4.17225e-06
-3.53481e-06
-3.31597e-06
-3.22541e-06
-3.03812e-06
-2.65353e-06
-2.11015e-06
-1.5225e-06
-1.00627e-06
-6.23433e-07
-3.74954e-07
-2.26772e-07
-1.40105e-07
-8.74374e-08
-5.38772e-08
-3.19683e-08
-1.75672e-08
-7.86099e-09
-1.11458e-09
3.70886e-09
7.1027e-09
9.45963e-09
1.10051e-08
1.19986e-08
1.25523e-08
1.28284e-08
1.28625e-08
1.27657e-08
1.25343e-08
1.22518e-08
1.18916e-08
1.15225e-08
1.11046e-08
1.06994e-08
1.026e-08
9.84482e-09
9.40292e-09
8.9914e-09
8.55681e-09
8.15593e-09
7.73353e-09
7.34653e-09
6.93839e-09
6.56642e-09
6.17303e-09
5.8161e-09
5.43705e-09
5.09453e-09
4.72876e-09
4.39993e-09
4.04541e-09
3.7299e-09
3.38311e-09
3.08337e-09
2.73567e-09
2.46395e-09
2.08717e-09
1.88949e-09
1.39182e-09
1.42575e-09
4.77551e-10
1.39397e-09
0.0663582
0.0653647
0.0620051
0.056671
0.0484531
0.0362128
0.0188771
-0.00527261
-0.0360686
-0.0736061
-0.112111
-0.144281
-0.172887
-0.19691
-0.216426
-0.232155
-0.244303
-0.253058
-0.258292
-0.259645
-0.256615
-0.248805
-0.236184
-0.219234
-0.198962
-0.176749
-0.154055
-0.132152
-0.111955
-0.0939928
-0.0784589
-0.0653063
-0.0543419
-0.0453007
-0.0378986
-0.0318636
-0.0269518
-0.0229534
-0.0196931
-0.0170264
-0.0148362
-0.013028
-0.0115258
-0.0102691
-0.00920912
-0.00830739
-0.00753313
-0.00686197
-0.00627463
-0.00575595
-0.00529398
-0.00487935
-0.0045047
-0.00416424
-0.00385338
-0.00356843
-0.00330641
-0.00306486
-0.00284168
-0.00263506
-0.00244343
-0.00226538
-0.00209965
-0.00194512
-0.00180077
-0.00166573
-0.00153921
-0.00142053
-0.00130911
-0.00120442
-0.00110603
-0.00101354
-0.000926647
-0.000845057
-0.000768537
-0.000696882
-0.000629915
-0.000567483
-0.00050946
-0.000455745
-0.00040626
-0.000360927
-0.000319623
-0.000282127
-0.000248059
-0.00021686
-0.000187854
-0.000160389
-0.000134046
-0.000108842
-8.52895e-05
-6.42385e-05
-4.65313e-05
-3.2634e-05
-2.24481e-05
-1.53951e-05
-1.06948e-05
-7.63635e-06
-5.7117e-06
-4.57113e-06
-3.93304e-06
-3.53789e-06
-3.17261e-06
-2.72058e-06
-2.17979e-06
-1.62052e-06
-1.12553e-06
-7.44051e-07
-4.80561e-07
-3.10679e-07
-2.0336e-07
-1.34244e-07
-8.84015e-08
-5.73636e-08
-3.61389e-08
-2.13892e-08
-1.09821e-08
-3.52194e-09
1.7898e-09
5.55879e-09
8.15157e-09
9.91831e-09
1.10407e-08
1.17312e-08
1.20674e-08
1.21886e-08
1.21158e-08
1.19476e-08
1.16713e-08
1.13623e-08
1.09891e-08
1.06156e-08
1.02002e-08
9.80149e-09
9.37247e-09
8.9693e-09
8.54172e-09
8.14494e-09
7.72647e-09
7.34132e-09
6.9355e-09
6.56419e-09
6.17229e-09
5.81539e-09
5.43739e-09
5.09461e-09
4.72963e-09
4.40029e-09
4.04655e-09
3.73035e-09
3.38455e-09
3.08365e-09
2.73788e-09
2.46327e-09
2.09201e-09
1.88482e-09
1.40586e-09
1.40548e-09
5.22187e-10
1.31716e-09
0.0626243
0.0614961
0.057687
0.0517863
0.0429541
0.0302569
0.0129074
-0.0102862
-0.0390117
-0.0728657
-0.107836
-0.138547
-0.166187
-0.189843
-0.209383
-0.225221
-0.237456
-0.246181
-0.251279
-0.252476
-0.249424
-0.241888
-0.229944
-0.214082
-0.195208
-0.174521
-0.153284
-0.132614
-0.113347
-0.0959965
-0.0807912
-0.0677431
-0.0567226
-0.0475223
-0.0399044
-0.0336305
-0.0284794
-0.0242553
-0.0207902
-0.0179429
-0.0155965
-0.0136553
-0.0120411
-0.010691
-0.00955379
-0.0085886
-0.00776252
-0.00704931
-0.00642804
-0.00588209
-0.00539831
-0.00496627
-0.00457774
-0.0042262
-0.00390646
-0.00361436
-0.00334652
-0.00310017
-0.00287297
-0.00266295
-0.00246839
-0.0022878
-0.00211985
-0.00196336
-0.00181731
-0.00168077
-0.00155295
-0.00143314
-0.00132074
-0.00121522
-0.00111611
-0.00102303
-0.000935632
-0.000853625
-0.000776761
-0.000704825
-0.00063763
-0.000575015
-0.000516843
-0.000463003
-0.000413402
-0.000367943
-0.000326485
-0.000288787
-0.000254459
-0.000222947
-0.000193591
-0.00016577
-0.000139098
-0.000113615
-8.98278e-05
-6.85579e-05
-5.06026e-05
-3.63907e-05
-2.58097e-05
-1.82938e-05
-1.30918e-05
-9.52884e-06
-7.12324e-06
-5.55245e-06
-4.55882e-06
-3.90107e-06
-3.37186e-06
-2.84228e-06
-2.28153e-06
-1.72789e-06
-1.23914e-06
-8.53198e-07
-5.7505e-07
-3.86126e-07
-2.60698e-07
-1.76871e-07
-1.1989e-07
-8.05716e-08
-5.31924e-08
-3.38949e-08
-2.01565e-08
-1.02636e-08
-3.16228e-09
1.9308e-09
5.50561e-09
7.99477e-09
9.64608e-09
1.07195e-08
1.13338e-08
1.16552e-08
1.17286e-08
1.16656e-08
1.14671e-08
1.12138e-08
1.08825e-08
1.05382e-08
1.01453e-08
9.7616e-09
9.34465e-09
8.94903e-09
8.5281e-09
8.13493e-09
7.72028e-09
7.33666e-09
6.93316e-09
6.56229e-09
6.17194e-09
5.8149e-09
5.43806e-09
5.09479e-09
4.73074e-09
4.40074e-09
4.04792e-09
3.73087e-09
3.3862e-09
3.08397e-09
2.74034e-09
2.46258e-09
2.09742e-09
1.87971e-09
1.42222e-09
1.38198e-09
5.786e-10
1.21952e-09
0.0593413
0.0581076
0.0539458
0.0476141
0.0383361
0.0253539
0.00809496
-0.0142455
-0.0412926
-0.0723917
-0.104644
-0.134019
-0.16077
-0.184032
-0.203512
-0.21938
-0.231644
-0.240323
-0.245313
-0.246408
-0.24338
-0.236114
-0.224758
-0.209802
-0.192072
-0.172626
-0.152577
-0.132924
-0.114435
-0.0976088
-0.0826983
-0.0697587
-0.0587102
-0.0493917
-0.0416034
-0.0351355
-0.0297867
-0.0253737
-0.0217357
-0.0187348
-0.0162548
-0.0141993
-0.0124887
-0.0110579
-0.00985393
-0.00883374
-0.00796272
-0.00721297
-0.00656215
-0.00599242
-0.00548955
-0.00504225
-0.00464152
-0.00428023
-0.00395266
-0.00365424
-0.00338125
-0.00313066
-0.00289993
-0.00268693
-0.00248983
-0.00230703
-0.00213717
-0.00197901
-0.00183149
-0.00169368
-0.00156475
-0.00144398
-0.00133074
-0.00122451
-0.00112479
-0.00103119
-0.000943348
-0.000860975
-0.000783807
-0.000711619
-0.000644218
-0.000581431
-0.000523115
-0.000469147
-0.000419417
-0.000373809
-0.000332162
-0.000294219
-0.000259584
-0.000227715
-0.000197985
-0.000169812
-0.000142856
-0.000117179
-9.32809e-05
-7.19373e-05
-5.38856e-05
-3.95015e-05
-2.86493e-05
-2.07745e-05
-1.51603e-05
-1.11733e-05
-8.36457e-06
-6.43644e-06
-5.14859e-06
-4.27058e-06
-3.59717e-06
-2.99008e-06
-2.3983e-06
-1.83699e-06
-1.34518e-06
-9.51185e-07
-6.58922e-07
-4.53154e-07
-3.11767e-07
-2.14785e-07
-1.47741e-07
-1.00963e-07
-6.81143e-08
-4.48319e-08
-2.81994e-08
-1.61982e-08
-7.54195e-09
-1.29168e-09
3.14877e-09
6.28011e-09
8.40486e-09
9.82176e-09
1.06852e-08
1.11846e-08
1.13874e-08
1.14168e-08
1.12868e-08
1.10824e-08
1.0788e-08
1.04696e-08
1.00966e-08
9.72619e-09
9.32006e-09
8.931e-09
8.51608e-09
8.12595e-09
7.7148e-09
7.3324e-09
6.93109e-09
6.56047e-09
6.17161e-09
5.81431e-09
5.43859e-09
5.09478e-09
4.73171e-09
4.40098e-09
4.04912e-09
3.73117e-09
3.38768e-09
3.08407e-09
2.74265e-09
2.46165e-09
2.10287e-09
1.87411e-09
1.44011e-09
1.3557e-09
6.46239e-10
1.10124e-09
0.0565507
0.0552366
0.0508046
0.0441524
0.0345583
0.021408
0.0042886
-0.0173273
-0.0430417
-0.0720876
-0.102275
-0.130503
-0.156476
-0.179347
-0.19871
-0.214561
-0.226831
-0.235485
-0.240419
-0.241476
-0.238509
-0.231488
-0.220615
-0.20638
-0.18955
-0.171081
-0.151973
-0.133132
-0.115274
-0.0988822
-0.0842239
-0.0713864
-0.0603276
-0.0509228
-0.0430026
-0.0363809
-0.0308728
-0.0263061
-0.0225263
-0.0193985
-0.0168077
-0.0146571
-0.0128659
-0.0113675
-0.0101074
-0.00904091
-0.00813199
-0.0073514
-0.0066756
-0.00608573
-0.0055667
-0.00510645
-0.00469536
-0.00432578
-0.00399155
-0.00368776
-0.00341041
-0.00315623
-0.00292252
-0.002707
-0.00250775
-0.00232312
-0.00215165
-0.00199209
-0.00184336
-0.00170448
-0.00157462
-0.00145304
-0.00133911
-0.00123228
-0.00113204
-0.00103801
-0.000949799
-0.000867115
-0.000789687
-0.000717284
-0.000649702
-0.000586764
-0.000528317
-0.000474227
-0.000424369
-0.000378609
-0.000336765
-0.000298567
-0.000263617
-0.000231391
-0.000201297
-0.000172801
-0.000145608
-0.000119802
-9.58686e-05
-7.45378e-05
-5.64812e-05
-4.20179e-05
-3.09853e-05
-2.28382e-05
-1.68943e-05
-1.25615e-05
-9.42481e-06
-7.2081e-06
-5.68321e-06
-4.62527e-06
-3.82882e-06
-3.14851e-06
-2.5196e-06
-1.94124e-06
-1.4391e-06
-1.03397e-06
-7.28094e-07
-5.0789e-07
-3.53392e-07
-2.45791e-07
-1.70701e-07
-1.17991e-07
-8.07731e-08
-5.42534e-08
-3.52034e-08
-2.13869e-08
-1.13604e-08
-4.08052e-09
1.12801e-09
4.82172e-09
7.3544e-09
9.06223e-09
1.01348e-08
1.07831e-08
1.10951e-08
1.1203e-08
1.11321e-08
1.09698e-08
1.07077e-08
1.04113e-08
1.00557e-08
9.69641e-09
9.29971e-09
8.91598e-09
8.5064e-09
8.11864e-09
7.71072e-09
7.32911e-09
6.92991e-09
6.55924e-09
6.1719e-09
5.8141e-09
5.43959e-09
5.09505e-09
4.73306e-09
4.40145e-09
4.05064e-09
3.73164e-09
3.38943e-09
3.08434e-09
2.74519e-09
2.4609e-09
2.10858e-09
1.86863e-09
1.45907e-09
1.32823e-09
7.22695e-10
9.66982e-10
0.0542844
0.0529108
0.0482786
0.0413952
0.0315832
0.0183408
0.00137021
-0.0196621
-0.0443528
-0.0718958
-0.10055
-0.127848
-0.153181
-0.175707
-0.194944
-0.210757
-0.223016
-0.231644
-0.236537
-0.237573
-0.234667
-0.227851
-0.217364
-0.203694
-0.187562
-0.169848
-0.151468
-0.133261
-0.115899
-0.0998547
-0.0854032
-0.0726551
-0.0615967
-0.0521308
-0.0441117
-0.0373719
-0.03174
-0.0270527
-0.0231606
-0.0199321
-0.0172529
-0.0150261
-0.0131702
-0.0116176
-0.0103122
-0.00920852
-0.00826905
-0.00746355
-0.00676756
-0.0061614
-0.00562926
-0.00515849
-0.00473898
-0.00436264
-0.00402299
-0.00371482
-0.0034339
-0.0031768
-0.00294065
-0.0027231
-0.00252211
-0.00233599
-0.00216323
-0.00200256
-0.00185285
-0.00171312
-0.00158252
-0.0014603
-0.00134581
-0.0012385
-0.00113785
-0.00104346
-0.000954955
-0.000872018
-0.000794377
-0.000721794
-0.000654061
-0.000590995
-0.000532434
-0.000478235
-0.000428258
-0.000382353
-0.00034032
-0.000301876
-0.000266626
-0.000234065
-0.000203635
-0.000174852
-0.000147461
-0.000121567
-9.7646e-05
-7.63802e-05
-5.83794e-05
-4.39075e-05
-3.27743e-05
-2.44405e-05
-1.82538e-05
-1.3659e-05
-1.02722e-05
-7.8354e-06
-6.12957e-06
-4.93279e-06
-4.03854e-06
-3.29644e-06
-2.6326e-06
-2.03522e-06
-1.52055e-06
-1.10372e-06
-7.85319e-07
-5.52581e-07
-3.86928e-07
-2.70371e-07
-1.88583e-07
-1.31053e-07
-9.04059e-08
-6.14317e-08
-4.05903e-08
-2.54358e-08
-1.43856e-08
-6.31676e-09
-5.01954e-10
3.64678e-09
6.51471e-09
8.46168e-09
9.70428e-09
1.04709e-08
1.08681e-08
1.10362e-08
1.10108e-08
1.08809e-08
1.06442e-08
1.03651e-08
1.00235e-08
9.67288e-09
9.28379e-09
8.90409e-09
8.49883e-09
8.11275e-09
7.70749e-09
7.32635e-09
6.92895e-09
6.55809e-09
6.17215e-09
5.81375e-09
5.44034e-09
5.09506e-09
4.73407e-09
4.4016e-09
4.05179e-09
3.7318e-09
3.39078e-09
3.0843e-09
2.74725e-09
2.45994e-09
2.11361e-09
1.86322e-09
1.47718e-09
1.30125e-09
8.01771e-10
8.26942e-10
0.0525658
0.0511505
0.0463776
0.0393353
0.02938
0.0160916
-0.000747316
-0.0213412
-0.0452883
-0.0717775
-0.0993473
-0.125945
-0.150788
-0.173037
-0.192158
-0.207926
-0.22017
-0.228781
-0.233653
-0.23469
-0.231845
-0.225191
-0.214993
-0.201734
-0.186107
-0.168939
-0.151088
-0.133342
-0.116346
-0.100559
-0.0862644
-0.0735872
-0.0625336
-0.0530262
-0.0449367
-0.0381113
-0.0323887
-0.0276123
-0.0236371
-0.0203335
-0.0175882
-0.0153044
-0.0133999
-0.0118065
-0.0104671
-0.00933529
-0.00837274
-0.00754841
-0.00683715
-0.00621865
-0.00567658
-0.00519785
-0.00477195
-0.00439049
-0.00404672
-0.00373523
-0.00345161
-0.00319228
-0.0029543
-0.0027352
-0.00253291
-0.00234566
-0.00217194
-0.00201043
-0.00185999
-0.00171962
-0.00158846
-0.00146576
-0.00135086
-0.00124318
-0.00114222
-0.00104757
-0.000958836
-0.000875708
-0.000797906
-0.000725187
-0.000657338
-0.000594173
-0.000535523
-0.000481237
-0.000431165
-0.000385141
-0.000342953
-0.000304309
-0.000268817
-0.000235986
-0.000205292
-0.000176286
-0.000148749
-0.000122801
-9.89042e-05
-7.77053e-05
-5.97627e-05
-4.52966e-05
-3.40954e-05
-2.56261e-05
-1.92615e-05
-1.44766e-05
-1.0911e-05
-8.31958e-06
-6.48709e-06
-5.19135e-06
-4.22386e-06
-3.43092e-06
-2.73365e-06
-2.11426e-06
-1.58374e-06
-1.15387e-06
-8.24023e-07
-5.81532e-07
-4.08194e-07
-2.86041e-07
-2.00364e-07
-1.40124e-07
-9.74884e-08
-6.69585e-08
-4.48426e-08
-2.86368e-08
-1.67338e-08
-8.00058e-09
-1.68864e-09
2.81395e-09
5.92745e-09
8.03989e-09
9.39708e-09
1.02431e-08
1.07e-08
1.09117e-08
1.09211e-08
1.08159e-08
1.05989e-08
1.03325e-08
1.00014e-08
9.65668e-09
9.27331e-09
8.89615e-09
8.49432e-09
8.10914e-09
7.70614e-09
7.32501e-09
6.92922e-09
6.55787e-09
6.1731e-09
5.81405e-09
5.44176e-09
5.0956e-09
4.73565e-09
4.4022e-09
4.05343e-09
3.73234e-09
3.39253e-09
3.08464e-09
2.74956e-09
2.45947e-09
2.11842e-09
1.85891e-09
1.49353e-09
1.27769e-09
8.7524e-10
6.96666e-10
0.0514116
0.0499699
0.0451075
0.0379663
0.0279247
0.0146162
-0.0021263
-0.0224284
-0.0458913
-0.0717103
-0.0985864
-0.124717
-0.14923
-0.171287
-0.190322
-0.206054
-0.218284
-0.226882
-0.231741
-0.23278
-0.229977
-0.223432
-0.213424
-0.200437
-0.185142
-0.168331
-0.150826
-0.133385
-0.11663
-0.101016
-0.0868271
-0.0741994
-0.0631513
-0.0536184
-0.0454838
-0.0386027
-0.0328206
-0.0279855
-0.0239553
-0.0206018
-0.0178126
-0.0154907
-0.0135539
-0.0119331
-0.010571
-0.00942034
-0.00844234
-0.0076054
-0.0068839
-0.00625712
-0.00570838
-0.00522428
-0.00479409
-0.00440918
-0.00406263
-0.0037489
-0.00346346
-0.00320264
-0.00296342
-0.00274328
-0.00254011
-0.00235211
-0.00217774
-0.00201567
-0.00186474
-0.00172395
-0.00159242
-0.0014694
-0.00135421
-0.00124629
-0.00114513
-0.00105029
-0.000961411
-0.000878154
-0.000800241
-0.000727429
-0.000659501
-0.000596266
-0.000537554
-0.000483205
-0.000433063
-0.000386952
-0.000344649
-0.000305858
-0.000270186
-0.000237158
-0.000206269
-0.0001771
-0.000149456
-0.000123468
-9.9593e-05
-7.8449e-05
-6.05596e-05
-4.61137e-05
-3.48843e-05
-2.63415e-05
-1.98752e-05
-1.498e-05
-1.13115e-05
-8.6314e-06
-6.72626e-06
-5.3726e-06
-4.36037e-06
-3.53427e-06
-2.81312e-06
-2.17629e-06
-1.63218e-06
-1.19083e-06
-8.5108e-07
-6.00412e-07
-4.2087e-07
-2.94448e-07
-2.06092e-07
-1.44285e-07
-1.00739e-07
-6.96274e-08
-4.70603e-08
-3.04447e-08
-1.81501e-08
-9.05886e-09
-2.4413e-09
2.29878e-09
5.58332e-09
7.80823e-09
9.23691e-09
1.01263e-08
1.06125e-08
1.08444e-08
1.08709e-08
1.07785e-08
1.05728e-08
1.03139e-08
9.98924e-09
9.64783e-09
9.2678e-09
8.89184e-09
8.49197e-09
8.10707e-09
7.70545e-09
7.32415e-09
6.92941e-09
6.55762e-09
6.17373e-09
5.81406e-09
5.44254e-09
5.09571e-09
4.73649e-09
4.40231e-09
4.05428e-09
3.7324e-09
3.39345e-09
3.08455e-09
2.75088e-09
2.4588e-09
2.12155e-09
1.85538e-09
1.50535e-09
1.25981e-09
9.32109e-10
5.95142e-10
0.0508317
0.0493775
0.0444714
0.0372832
0.0272011
0.0138857
-0.00280598
-0.0229622
-0.0461863
-0.0716793
-0.0982171
-0.124115
-0.148462
-0.17042
-0.189409
-0.205122
-0.217343
-0.225935
-0.230789
-0.231832
-0.229053
-0.222564
-0.212652
-0.199799
-0.184667
-0.168031
-0.150697
-0.133405
-0.11677
-0.101241
-0.0871054
-0.0745028
-0.063458
-0.0539129
-0.0457563
-0.0388478
-0.0330363
-0.0281721
-0.0241144
-0.0207361
-0.017925
-0.0155841
-0.013631
-0.0119966
-0.0106231
-0.009463
-0.00847725
-0.00763399
-0.00690735
-0.00627641
-0.00572433
-0.00523754
-0.00480519
-0.00441855
-0.00407062
-0.00375575
-0.0034694
-0.00320783
-0.00296799
-0.00274734
-0.00254373
-0.00235535
-0.00218066
-0.0020183
-0.00186713
-0.00172612
-0.00159441
-0.00147123
-0.0013559
-0.00124786
-0.0011466
-0.00105167
-0.000962716
-0.000879396
-0.00080143
-0.000728573
-0.000660607
-0.00059734
-0.000538598
-0.00048422
-0.000434046
-0.000387895
-0.000345543
-0.000306689
-0.000270944
-0.000237836
-0.000206871
-0.000177637
-0.000149949
-0.000123939
-0.000100056
-7.89094e-05
-6.1008e-05
-4.65322e-05
-3.5255e-05
-2.66545e-05
-2.01318e-05
-1.51908e-05
-1.14899e-05
-8.78836e-06
-6.86684e-06
-5.49674e-06
-4.46552e-06
-3.61807e-06
-2.87501e-06
-2.21781e-06
-1.65656e-06
-1.2023e-06
-8.54108e-07
-5.99012e-07
-4.18093e-07
-2.92163e-07
-2.05071e-07
-1.44515e-07
-1.01801e-07
-7.10207e-08
-4.83888e-08
-3.1491e-08
-1.88543e-08
-9.46775e-09
-2.64383e-09
2.21144e-09
5.54604e-09
7.78226e-09
9.20926e-09
1.0095e-08
1.05833e-08
1.082e-08
1.08543e-08
1.07679e-08
1.05678e-08
1.03112e-08
9.98883e-09
9.64745e-09
9.26852e-09
8.89211e-09
8.49322e-09
8.10782e-09
7.7071e-09
7.32518e-09
6.93125e-09
6.55872e-09
6.17558e-09
5.81513e-09
5.44434e-09
5.09671e-09
4.73821e-09
4.40321e-09
4.05591e-09
3.73317e-09
3.39502e-09
3.08516e-09
2.75259e-09
2.45905e-09
2.12415e-09
1.85399e-09
1.51242e-09
1.25039e-09
9.63882e-10
5.38247e-10
-0.46095
-0.247881
-0.140808
-0.46095
-0.247881
-0.337098
-0.342544
-0.430844
-0.337098
-0.342544
0.12623
0.414194
0.3086
0.332756
0.12623
0.414194
0.3086
-0.111255
-0.331375
-0.331375
-0.315167
-0.315956
-0.314787
-0.32238
-0.315167
-0.315956
-0.314787
0.488677
0.430817
0.488677
-0.313108
-0.311601
-0.313108
-0.311601
0.430827
0.488679
0.430827
-0.311592
-0.313098
-0.311592
-0.313098
0.30864
0.332775
0.126276
0.414209
0.30864
0.332775
0.126276
-0.111191
-0.111192
-0.331375
-0.331375
-0.314764
-0.322365
-0.315163
-0.315919
-0.314764
-0.322365
-0.315163
-0.140756
-0.460902
-0.247811
-0.140756
-0.460901
-0.342545
-0.43081
-0.337109
-0.342545
-0.430808
-0.337109
-0.288928
-0.166821
-0.355735
-0.123216
-0.288928
-0.166821
-0.355735
-0.316129
-0.410798
-0.329636
-0.338207
-0.316129
-0.410796
-0.329636
0.104842
0.264832
0.109578
0.194482
0.104842
0.264832
0.109578
-0.415041
-0.431671
-0.40365
-0.454077
-0.404454
-0.454381
-0.414846
-0.312042
-0.323635
-0.318338
-0.319604
-0.312042
-0.323635
-0.318338
-0.104083
-0.31749
-0.322699
-0.316922
-0.3243
-0.316984
-0.324282
-0.317463
-0.310819
-0.313973
-0.313907
-0.310884
-0.30941
-0.308603
-0.308536
-0.309477
-0.316493
-0.314638
-0.313347
-0.32025
-0.313296
-0.321253
-0.316317
0.109622
0.194508
0.104877
0.264854
0.109622
0.194508
0.104877
-0.370147
-0.24552
-0.16215
-0.164442
-0.373149
-0.318363
-0.319626
-0.312094
-0.323627
-0.318363
-0.319626
-0.312094
-0.355687
-0.12317
-0.288878
-0.166771
-0.355688
-0.123169
-0.288878
-0.32964
-0.33816
-0.316114
-0.410761
-0.329641
-0.33816
-0.316114
-0.364117
-0.462506
-0.353682
-0.482169
-0.354663
-0.483373
-0.363279
-0.370218
-0.245589
-0.162209
-0.164501
-0.37322
-0.364118
-0.462505
-0.353684
-0.482169
-0.354665
-0.483373
-0.363281
-0.370218
-0.245589
-0.162209
-0.164501
-0.373219
-0.356586
-0.342557
-0.340336
-0.340503
-0.356796
-0.415041
-0.431671
-0.403649
-0.454077
-0.404454
-0.454381
-0.414845
-0.356586
-0.342557
-0.340336
-0.340503
-0.356795
0.32792
0.124836
0.262134
0.110511
0.261443
0.108646
0.329555
0.374832
0.327549
0.202727
0.434151
0.174129
0.438145
0.377425
0.32792
0.124836
0.262134
0.110512
0.261443
0.108646
0.329555
0.374832
0.327549
0.202727
0.43415
0.174129
0.438145
0.377425
-0.104083
-0.331376
-0.331376
-0.31654
-0.314672
-0.320289
-0.313381
-0.321296
-0.31333
-0.316364
-0.31749
-0.322699
-0.316922
-0.3243
-0.316984
-0.324282
-0.317463
-0.31654
-0.314671
-0.320289
-0.313381
-0.321296
-0.31333
-0.316364
0.52979
0.4631
0.466197
0.52777
0.567738
0.588126
0.589213
0.566346
0.52979
0.4631
0.466197
0.52777
0.567738
0.588126
0.589213
0.566345
-0.30944
-0.308614
-0.308546
-0.309507
-0.310819
-0.313973
-0.313907
-0.310884
-0.30944
-0.308613
-0.308546
-0.309507
0.567748
0.58813
0.589216
0.566356
0.529806
0.463124
0.46622
0.527786
0.567748
0.58813
0.589216
0.566356
0.529806
0.463124
0.46622
0.527786
-0.310778
-0.313917
-0.313851
-0.310843
-0.30941
-0.308603
-0.308536
-0.309477
-0.310778
-0.313917
-0.313851
-0.310843
0.374859
0.327588
0.434174
0.202773
0.438168
0.174178
0.377451
0.327948
0.124882
0.110562
0.262165
0.108697
0.261474
0.329584
0.374859
0.327588
0.434174
0.202773
0.438168
0.174178
0.377451
0.327948
0.124882
0.110562
0.262165
0.108697
0.261475
0.329584
-0.104021
-0.104021
-0.331376
-0.331376
-0.317457
-0.322683
-0.324268
-0.316909
-0.324251
-0.316971
-0.317431
-0.316493
-0.314638
-0.313347
-0.32025
-0.313296
-0.321253
-0.316317
-0.317457
-0.322683
-0.324268
-0.316909
-0.324251
-0.316971
-0.317431
-0.364061
-0.462456
-0.482117
-0.353628
-0.483321
-0.354609
-0.363224
-0.370147
-0.24552
-0.16215
-0.164442
-0.373148
-0.364063
-0.462456
-0.482117
-0.353629
-0.483321
-0.35461
-0.363226
-0.356581
-0.342558
-0.34034
-0.340507
-0.356791
-0.415022
-0.431636
-0.454043
-0.403631
-0.454346
-0.404435
-0.414827
-0.356581
-0.342558
-0.34034
-0.340507
-0.356791
-0.415022
-0.431635
-0.454042
-0.403632
-0.454346
-0.404436
-0.414827
-0.367811
-0.141686
-0.323267
-0.158838
-0.323147
-0.160903
-0.368648
0.327954
0.303177
0.370521
0.276046
0.327954
0.303177
0.370521
-0.318562
-0.318703
-0.324416
-0.320318
-0.318562
-0.318703
-0.324416
0.402924
0.331131
0.420036
0.320975
0.402923
0.331131
0.420036
0.530664
0.432055
0.504975
0.465885
0.506453
0.466967
0.529426
-0.318287
-0.314826
-0.320055
-0.316037
-0.318287
-0.314826
-0.320055
0.420038
0.32098
0.402929
0.331133
0.420038
0.32098
0.402929
0.552924
0.489767
0.562108
0.480265
0.563268
0.481385
0.551739
-0.320011
-0.315982
-0.318195
-0.314798
-0.320011
-0.315982
-0.318195
0.370532
0.276057
0.327968
0.303185
0.370532
0.276058
0.327968
-0.324239
-0.320219
-0.318359
-0.318601
-0.324239
-0.320219
-0.318359
-0.323795
-0.319387
-0.324783
-0.319431
-0.324947
-0.315362
-0.315276
-0.36781
-0.141686
-0.323266
-0.158838
-0.323147
-0.160903
-0.368648
-0.359401
-0.337395
-0.350397
-0.347537
-0.350853
-0.347699
-0.359436
-0.359401
-0.337395
-0.350397
-0.347537
-0.350853
-0.347699
-0.359435
0.55292
0.489765
0.480261
0.562106
0.481381
0.563266
0.551735
0.530664
0.432055
0.504975
0.465885
0.506453
0.466967
0.529426
0.55292
0.489765
0.480261
0.562106
0.481381
0.563266
0.551735
-0.310806
-0.313055
-0.311808
-0.312624
-0.311702
-0.312576
-0.310898
-0.3099
-0.31155
-0.311822
-0.309488
-0.311772
-0.309425
-0.30997
-0.310806
-0.313055
-0.311808
-0.312624
-0.311702
-0.312576
-0.310898
-0.3099
-0.31155
-0.311822
-0.309488
-0.311772
-0.309425
-0.30997
0.530671
0.432065
0.465892
0.504985
0.466973
0.506463
0.529434
0.552925
0.489767
0.562108
0.480265
0.563268
0.481386
0.55174
0.530672
0.432066
0.465893
0.504986
0.466973
0.506463
0.529434
-0.309878
-0.311541
-0.30948
-0.311812
-0.309417
-0.311761
-0.309949
-0.310776
-0.313045
-0.312603
-0.311765
-0.312556
-0.311659
-0.310868
-0.309878
-0.311541
-0.30948
-0.311812
-0.309417
-0.311761
-0.309949
-0.310776
-0.313045
-0.312603
-0.311765
-0.312556
-0.311659
-0.310868
-0.367744
-0.141634
-0.158782
-0.323205
-0.160847
-0.323085
-0.368581
-0.367744
-0.141634
-0.158782
-0.323205
-0.160847
-0.323085
-0.368581
-0.359396
-0.337405
-0.347545
-0.350392
-0.347707
-0.350848
-0.35943
-0.359395
-0.337405
-0.347545
-0.350392
-0.347707
-0.350848
-0.35943
0.104266
0.0933193
0.211469
0.089098
0.210736
0.156709
0.15727
0.104266
0.0933193
0.211469
0.0890981
0.210737
0.156709
0.15727
-0.323803
-0.324781
-0.319389
-0.324946
-0.319434
-0.315347
-0.315259
-0.323803
-0.324781
-0.319389
-0.324946
-0.319434
-0.315347
-0.315259
0.10431
0.211501
0.0933609
0.210769
0.08914
0.156744
0.157304
0.10431
0.211501
0.0933609
0.21077
0.0891401
0.156744
0.157304
-0.323795
-0.319387
-0.324783
-0.319431
-0.324947
-0.315362
-0.315276
0.0608312
0.151083
0.0781466
0.103538
0.0608312
0.151083
0.0781466
-0.292708
-0.311058
-0.330306
-0.301522
-0.292708
-0.311058
-0.330306
0.250988
0.251304
0.284493
0.214197
0.250988
0.251304
0.284493
-0.316908
-0.32278
-0.327949
-0.321397
-0.316908
-0.32278
-0.327949
0.28451
0.214214
0.251007
0.251318
0.28451
0.214214
0.251007
-0.327694
-0.321296
-0.316629
-0.322658
-0.327694
-0.321296
-0.316629
0.0781809
0.103569
0.0608666
0.151111
0.0781809
0.103569
0.0608666
-0.33034
-0.301496
-0.292688
-0.311078
-0.33034
-0.301496
-0.292688
)
;

boundaryField
{
    inlet
    {
        type            zeroGradient;
    }
    outlet
    {
        type            fixedValue;
        value           uniform 0;
    }
    top
    {
        type            symmetryPlane;
    }
    bottom
    {
        type            symmetryPlane;
    }
    front
    {
        type            symmetryPlane;
    }
    back
    {
        type            symmetryPlane;
    }
    cylinder
    {
        type            zeroGradient;
    }
}


// ************************************************************************* //
