/*--------------------------------*- C++ -*----------------------------------*\
  =========                 |
  \\      /  F ield         | OpenFOAM: The Open Source CFD Toolbox
   \\    /   O peration     | Website:  https://openfoam.org
    \\  /    A nd           | Version:  11
     \\/     M anipulation  |
\*---------------------------------------------------------------------------*/
FoamFile
{
    format      ascii;
    class       volScalarField;
    location    "19.420742";
    object      p;
}
// * * * * * * * * * * * * * * * * * * * * * * * * * * * * * * * * * * * * * //

dimensions      [0 2 -2 0 0 0 0];

internalField   nonuniform List<scalar> 
7132
(
0.0755959
0.07441
0.0704401
0.0647033
0.0567936
0.0466209
0.0343296
0.0202247
0.00509624
-0.00983158
-0.0231315
-0.0330895
-0.0392947
-0.0417759
-0.0411317
-0.0381798
-0.0334014
-0.0269827
-0.019235
-0.0107285
-0.00212356
0.00604211
0.0134659
0.0200257
0.0256444
0.0301443
0.0331631
0.0343686
0.0338823
0.0325364
0.0314398
0.0312689
0.0319823
0.0331334
0.0342956
0.0352702
0.036108
0.0369711
0.0379644
0.0388693
0.0390349
0.0377641
0.0350636
0.0319719
0.0298441
0.0293288
0.030076
0.0312551
0.0322013
0.0326705
0.0327881
0.0328566
0.0331209
0.0334398
0.0331648
0.0315579
0.0286066
0.0253886
0.0233529
0.0231953
0.0244767
0.0261623
0.0274156
0.0279422
0.0279035
0.0276717
0.0275464
0.0274375
0.0267986
0.025032
0.0221837
0.0192238
0.0174465
0.0175128
0.019043
0.0210157
0.0225201
0.0231864
0.0231519
0.0227969
0.0224211
0.0219582
0.02098
0.0190894
0.016452
0.0139237
0.0125346
0.0127794
0.0143279
0.0163097
0.017889
0.0186594
0.0186842
0.0182861
0.0177314
0.0169849
0.0157543
0.0138387
0.0115032
0.00948308
0.00854059
0.00897092
0.010447
0.0122602
0.0137318
0.0144975
0.0145571
0.0141333
0.0134303
0.012455
0.01107
0.00925124
0.0073131
0.00584091
0.00534449
0.00594321
0.00731005
0.00887942
0.0101354
0.0107934
0.0108256
0.0103647
0.00955025
0.00843388
0.00702563
0.00544259
0.0040009
0.00311476
0.00306275
0.00382119
0.00507622
0.00639222
0.00740005
0.00789995
0.00786369
0.00736817
0.00651259
0.00538488
0.00409631
0.0028424
0.00190165
0.00153222
0.00183254
0.0026847
0.00379587
0.00484488
0.00556438
0.0058436
0.00563016
0.00502558
0.00402484
0.00284423
0.00146929
0.000286842
-0.000622452
-0.00119587
-0.000638227
-0.00161718
0.00200382
-0.00454024
0.0760654
0.0748855
0.0709384
0.0652176
0.0573051
0.0470835
0.0346747
0.0203541
0.00492419
-0.0103582
-0.0239719
-0.034049
-0.0402256
-0.0425599
-0.0417408
-0.038672
-0.0338413
-0.0273763
-0.0195472
-0.0109277
-0.00219997
0.00608083
0.0136044
0.0202469
0.0259286
0.0304676
0.0334816
0.0346125
0.0339795
0.0324623
0.0312403
0.0310228
0.0317515
0.0329446
0.0341538
0.0351726
0.0360515
0.0369518
0.0379803
0.0389145
0.0390797
0.0377464
0.0349197
0.0316899
0.0294823
0.0289713
0.0297843
0.0310446
0.0320603
0.0325803
0.0327322
0.0328212
0.0330975
0.033417
0.0331148
0.031433
0.0283629
0.025025
0.0229274
0.0227902
0.0241575
0.0259485
0.027292
0.0278803
0.027876
0.0276576
0.0275317
0.0274039
0.0267144
0.0248574
0.0218952
0.0188382
0.0170208
0.0171158
0.0187309
0.0208112
0.0224142
0.0231513
0.0231555
0.022813
0.0224311
0.0219387
0.0208969
0.0189088
0.0161643
0.0135589
0.0121515
0.0124376
0.0140692
0.0161485
0.0178173
0.0186551
0.018719
0.0183326
0.0177661
0.01698
0.0156781
0.0136673
0.0112387
0.00916157
0.0082182
0.00869958
0.0102587
0.0121612
0.0137103
0.0145327
0.0146242
0.0142069
0.0134844
0.0124608
0.011001
0.00909458
0.007081
0.00557143
0.00508782
0.00574253
0.00718931
0.00883955
0.0101618
0.0108646
0.010918
0.0104541
0.00961165
0.00844186
0.00696149
0.00530361
0.00380612
0.0029013
0.00287286
0.00368793
0.00501513
0.00640004
0.00746091
0.00799251
0.00796558
0.0074571
0.00656672
0.00538517
0.00403282
0.00272049
0.00174356
0.00137116
0.00170185
0.00260782
0.00378086
0.00488537
0.00564476
0.00594453
0.00573181
0.00510915
0.00407224
0.00284338
0.00141429
0.000191052
-0.000744374
-0.00130472
-0.000721717
-0.00165581
0.00206501
-0.00463503
0.0770016
0.0758352
0.0719358
0.0662519
0.0583391
0.0480254
0.0353856
0.0206305
0.00458645
-0.0114288
-0.0256921
-0.036005
-0.0421109
-0.0441249
-0.0429298
-0.0396157
-0.0346873
-0.0281435
-0.0201629
-0.0113247
-0.00235598
0.00615162
0.0138723
0.0206798
0.0264901
0.0311124
0.0341213
0.0351015
0.0341649
0.0322908
0.0308092
0.0304993
0.0312653
0.0325478
0.0338525
0.0349585
0.0359171
0.0368903
0.03799
0.0389863
0.039153
0.037691
0.0346014
0.0310825
0.0287096
0.028213
0.029169
0.0306007
0.0317587
0.0323793
0.0325962
0.0327242
0.0330245
0.0333467
0.0329887
0.0311491
0.0278296
0.0242418
0.0220172
0.021929
0.0234802
0.0254932
0.0270229
0.0277346
0.0277949
0.0275996
0.0274724
0.0273101
0.0265219
0.0244831
0.0212897
0.0180352
0.0161373
0.0162922
0.0180815
0.0203809
0.0221827
0.0230597
0.0231376
0.0228177
0.0224245
0.021876
0.0207089
0.0185259
0.0155667
0.0128071
0.0113647
0.0117373
0.0135393
0.0158154
0.0176625
0.0186322
0.0187714
0.0184081
0.017819
0.016955
0.0155089
0.0133039
0.0106856
0.00849264
0.00754922
0.00813821
0.00986933
0.0119544
0.0136599
0.0145948
0.0147497
0.014346
0.0135855
0.0124646
0.0108511
0.00876304
0.0065928
0.00500598
0.00454975
0.00532201
0.00693449
0.00875116
0.0102087
0.0110021
0.0110989
0.0106305
0.00973261
0.00845416
0.00682462
0.0050105
0.00339596
0.00245159
0.002472
0.00340528
0.00488188
0.00640867
0.00757828
0.00817494
0.008168
0.00763491
0.00667491
0.00538352
0.00389921
0.00246476
0.00141143
0.00103184
0.001425
0.00244227
0.00374285
0.0049614
0.00580255
0.00614482
0.00593469
0.0052767
0.00416711
0.00283981
0.00129893
-9.6915e-06
-0.00100006
-0.00153461
-0.000900244
-0.00173812
0.00217386
-0.00479598
0.0783993
0.0772554
0.073435
0.0678172
0.0599178
0.0494805
0.0365036
0.0210885
0.00409342
-0.0130848
-0.0283823
-0.0390489
-0.0450296
-0.0465249
-0.0447412
-0.041069
-0.0360247
-0.0293805
-0.0211638
-0.0119754
-0.00262586
0.00623303
0.0142545
0.0213126
0.0273203
0.0320753
0.0350808
0.0358229
0.0343979
0.0319496
0.0300618
0.0296255
0.0304722
0.0319081
0.0333647
0.0346019
0.0356766
0.0367553
0.0379589
0.0390466
0.0392083
0.0375319
0.0340104
0.0300228
0.0273969
0.026951
0.0281623
0.0298816
0.0312667
0.0320385
0.0323463
0.0325236
0.0328502
0.0331689
0.0327196
0.0306291
0.0269126
0.0229269
0.0205039
0.0205056
0.0223669
0.0247456
0.0265733
0.0274726
0.027622
0.0274512
0.0273165
0.0271013
0.0261625
0.0238437
0.0202934
0.0167359
0.0147174
0.0149765
0.0170463
0.0196894
0.0217962
0.0228823
0.0230668
0.0227787
0.02237
0.0217368
0.0203725
0.0178796
0.0145797
0.0115804
0.0100939
0.0106188
0.0126997
0.0152868
0.0174064
0.0185725
0.018823
0.0184959
0.0178754
0.0168894
0.0152111
0.0126917
0.00976857
0.00739444
0.00646009
0.00723211
0.00924413
0.01162
0.0135681
0.014674
0.0149248
0.0145442
0.0137271
0.0124522
0.0105899
0.0082064
0.00578338
0.00407562
0.00366996
0.00463761
0.00651829
0.00859962
0.0102685
0.0112016
0.0113656
0.0108923
0.00990894
0.00845792
0.00658765
0.00452026
0.0027171
0.00171163
0.00181484
0.00294175
0.00465854
0.0064101
0.0077497
0.0084472
0.00847169
0.00790145
0.00683274
0.00536686
0.00367064
0.00203937
0.000863589
0.000474376
0.000970441
0.0021678
0.00367201
0.00507035
0.00603896
0.00644697
0.00624096
0.00552814
0.00430441
0.00282047
0.0011011
-0.000344913
-0.00142209
-0.00191309
-0.0011994
-0.00186516
0.00229515
-0.00495601
0.0802492
0.0791396
0.0754382
0.0699291
0.0620747
0.051502
0.038096
0.0217887
0.00347052
-0.015384
-0.032176
-0.0433026
-0.0490546
-0.0497387
-0.0470685
-0.0428998
-0.0377627
-0.0310512
-0.0225463
-0.0128888
-0.00302304
0.00630819
0.01473
0.022123
0.0284004
0.0333461
0.0363558
0.0367574
0.0346149
0.0313213
0.028855
0.0282727
0.0292793
0.0309616
0.0326402
0.0340546
0.0352772
0.0364877
0.0378226
0.0390266
0.0391646
0.0371545
0.0329795
0.0282934
0.0253179
0.0250007
0.0266385
0.0288084
0.0305283
0.0315046
0.0319163
0.0321291
0.0324603
0.0327591
0.0321888
0.0297717
0.0255238
0.0209856
0.018272
0.0183908
0.0207042
0.0236205
0.0258794
0.0270352
0.027289
0.0271339
0.0269854
0.0267035
0.0255572
0.0228388
0.0187789
0.0148002
0.0126355
0.0130706
0.0155528
0.0186809
0.0212065
0.0225713
0.0228937
0.0226492
0.0222268
0.0214787
0.0198281
0.0168794
0.0130833
0.00974449
0.008214
0.00898414
0.0114831
0.0145184
0.017016
0.0184463
0.0188463
0.0185741
0.0179161
0.0167564
0.0147357
0.0117529
0.00838661
0.00575665
0.00484779
0.00589858
0.0083246
0.0111204
0.0134106
0.0147524
0.0151365
0.014793
0.0139003
0.0124038
0.0101758
0.00735822
0.0045682
0.00269079
0.00236644
0.0036243
0.00589492
0.00835579
0.0103237
0.011453
0.0117131
0.0112373
0.0101352
0.0084357
0.00621366
0.00377589
0.00169957
0.000609943
0.000838581
0.00224908
0.00431237
0.00638451
0.0079644
0.0088045
0.00887558
0.00825643
0.00703511
0.00531848
0.00331434
0.00139661
4.40789e-05
-0.000356213
0.000291793
0.00175031
0.00354637
0.00519981
0.00634808
0.00684916
0.00665095
0.00586302
0.00447843
0.00276942
0.000792537
-0.000853264
-0.00205403
-0.00247939
-0.00165649
-0.00204666
0.00237633
-0.00502835
0.0825377
0.0814777
0.0779468
0.072607
0.0648539
0.0541622
0.0402573
0.0228182
0.00275437
-0.0184207
-0.0372882
-0.0489763
-0.054369
-0.0538902
-0.0500033
-0.0452287
-0.0400808
-0.0333605
-0.0244838
-0.0141835
-0.00362212
0.0063252
0.0152546
0.0230681
0.02969
0.0348948
0.0379229
0.0378556
0.0346958
0.0302053
0.0269599
0.0262472
0.0275533
0.0296197
0.0316099
0.0332487
0.0346408
0.0359903
0.037453
0.0387702
0.0388563
0.036385
0.0312985
0.0256239
0.0221677
0.0220941
0.0244136
0.0272695
0.0294673
0.0307012
0.0312034
0.0313987
0.0316857
0.0319439
0.0312277
0.0284047
0.0234837
0.0182457
0.0151702
0.0154567
0.0183792
0.0220235
0.024861
0.0263431
0.0267091
0.0265599
0.0264014
0.026042
0.0246092
0.0213244
0.0165541
0.0120171
0.00970258
0.0104356
0.0135072
0.0172902
0.0203578
0.022071
0.0225645
0.0223842
0.0219555
0.0210519
0.0189967
0.0154115
0.0109379
0.00715169
0.00558679
0.00672024
0.00980869
0.0134557
0.0164504
0.0182176
0.0188102
0.0186185
0.0179175
0.0165174
0.0140172
0.0103958
0.00643294
0.00347165
0.0026139
0.00405622
0.00705024
0.0104134
0.0131567
0.0148062
0.0153659
0.0150778
0.0140859
0.0122842
0.00954998
0.00613915
0.00285876
0.000766169
0.000565111
0.00222276
0.00502109
0.00798964
0.0103534
0.0117409
0.0121298
0.0116548
0.0103936
0.00835298
0.00564746
0.0027062
0.000266976
-0.000924236
-0.000515159
0.00128346
0.00381319
0.00631205
0.00820944
0.00923828
0.00937331
0.00869165
0.00726472
0.00520522
0.00277972
0.000473798
-0.00111218
-0.00151821
-0.0006569
0.00115714
0.0033448
0.00533683
0.00672213
0.00734657
0.0071606
0.00627384
0.00467255
0.00265622
0.000329298
-0.00158723
-0.00294843
-0.00327742
-0.00230997
-0.00229118
0.00236005
-0.00491498
0.0852448
0.0842542
0.0809597
0.075873
0.0683106
0.0575579
0.0431199
0.0243093
0.00201508
-0.022314
-0.0440046
-0.056312
-0.0610916
-0.0588699
-0.0532615
-0.0477696
-0.0428467
-0.036318
-0.0270369
-0.0159177
-0.00447203
0.00623365
0.0157665
0.0240743
0.031112
0.0366542
0.0397217
0.0390201
0.0344434
0.0282863
0.0240179
0.0232484
0.0250951
0.0277557
0.0301764
0.0320868
0.0336476
0.0350837
0.0365756
0.0379366
0.0379677
0.0350339
0.0288989
0.0219245
0.0177291
0.0179353
0.0212437
0.0251051
0.0279733
0.029518
0.0300631
0.0301583
0.0303592
0.0305784
0.0296824
0.0263068
0.0204898
0.0143865
0.0109393
0.0115331
0.0152703
0.0198528
0.0234217
0.0252981
0.0257843
0.0256434
0.025493
0.0250397
0.0232104
0.019156
0.0134534
0.00821567
0.00575811
0.00693392
0.0108088
0.0154429
0.0191848
0.0213171
0.0220203
0.021935
0.02151
0.0203958
0.0177958
0.0133808
0.00805156
0.00371905
0.00213382
0.00375235
0.00761102
0.0120441
0.0156622
0.0178429
0.0186761
0.0185962
0.0178426
0.0161217
0.0129898
0.00854933
0.00384425
0.000488025
-0.000286427
0.00166132
0.00537907
0.00945991
0.0127711
0.0148033
0.0155851
0.0153724
0.0142511
0.0120463
0.00865268
0.00448714
0.000601609
-0.00173936
-0.00176733
0.000402316
0.00386695
0.00747226
0.0103306
0.0120418
0.0125954
0.0121236
0.0106539
0.00816494
0.00483205
0.00125193
-0.00163228
-0.0029312
-0.00227764
1.84676e-05
0.00313689
0.00617007
0.00846419
0.00973077
0.00994925
0.00918902
0.00749374
0.00498506
0.0020133
-0.00078547
-0.00265617
-0.00305297
-0.00190747
0.000362813
0.00304558
0.00546212
0.00714418
0.00792486
0.00775708
0.00674417
0.00486127
0.00244309
-0.000335308
-0.00259583
-0.00414871
-0.00434124
-0.00318907
-0.00260704
0.00219174
-0.00452986
0.088343
0.0874465
0.0844705
0.0797482
0.0725077
0.0618075
0.0468542
0.0264427
0.0013527
-0.0272491
-0.0527585
-0.0657154
-0.0696038
-0.0649502
-0.0570189
-0.0507002
-0.0463253
-0.0402508
-0.030489
-0.0182845
-0.00569821
0.00593329
0.016161
0.0250189
0.0325295
0.0384981
0.0416154
0.0400401
0.0334743
0.0249945
0.019446
0.0188372
0.0216335
0.0252037
0.0282143
0.0304403
0.0321199
0.0334719
0.034754
0.0360233
0.0360136
0.0327242
0.0255625
0.0170966
0.0119026
0.0123334
0.0169016
0.0221296
0.0259039
0.0278145
0.0283336
0.02825
0.028361
0.028559
0.0274098
0.0232629
0.0162749
0.00912865
0.00533325
0.00643657
0.0112565
0.0170126
0.0214646
0.0237991
0.0244219
0.0243095
0.0241916
0.0236127
0.0212592
0.0162393
0.0094144
0.00336056
0.00076262
0.00251136
0.00739759
0.0130793
0.0176257
0.020246
0.0212017
0.0212483
0.0208326
0.0194431
0.0161582
0.0107429
0.00441703
-0.000531174
-0.00211934
8.80021e-05
0.00487418
0.0102501
0.0146076
0.0172745
0.0183972
0.0184606
0.0176378
0.0155095
0.0116005
0.00618684
0.000629101
-0.00315968
-0.00381409
-0.00126238
0.00331129
0.00823929
0.0122196
0.0147042
0.0157531
0.0156326
0.0143443
0.0116335
0.00743581
0.00237921
-0.0021946
-0.00479556
-0.00459668
-0.00181524
0.00243448
0.00678722
0.0102268
0.0123218
0.0130742
0.0126038
0.0108679
0.00781764
0.00372036
-0.000612876
-0.00399812
-0.00539303
-0.00442784
-0.00153436
0.00228016
0.00594152
0.00870285
0.0102526
0.0105727
0.00971281
0.00767796
0.00460781
0.000969257
-0.00241175
-0.00459905
-0.00495999
-0.00345599
-0.000634325
0.00263762
0.00555591
0.00758941
0.00855758
0.00841346
0.00724201
0.0050053
0.00208563
-0.00124212
-0.0039091
-0.00566967
-0.00567647
-0.00429627
-0.00299293
0.00183697
-0.00381712
0.0917948
0.0910228
0.0884651
0.0842519
0.0775168
0.0670611
0.0516916
0.0294902
0.00094891
-0.0334552
-0.0641221
-0.0776
-0.0799787
-0.0716703
-0.0605476
-0.0534847
-0.0504807
-0.0454222
-0.0351153
-0.0214695
-0.00742605
0.00530388
0.0162838
0.0256972
0.0337149
0.0401755
0.0432946
0.0404243
0.0310405
0.0193496
0.012267
0.0123162
0.016768
0.0217451
0.0255704
0.0281452
0.0298071
0.0307757
0.0315599
0.0326558
0.0326636
0.0289996
0.0206523
0.0105638
0.00435262
0.00513008
0.0112263
0.0181732
0.0230985
0.0254328
0.0258642
0.0255581
0.0256084
0.0257956
0.0242876
0.0191601
0.0107871
0.00246343
-0.00167237
0.000105902
0.00627056
0.0134318
0.0189049
0.0217538
0.0225384
0.0224871
0.0224225
0.0216795
0.0186927
0.0125712
0.00451378
-0.00241597
-0.00515146
-0.00274749
0.00329781
0.0101782
0.0156325
0.0187972
0.0200447
0.0202573
0.0198505
0.0181261
0.0140501
0.00752613
0.000131738
-0.0054554
-0.00702474
-0.00416252
0.00165138
0.00807478
0.0132531
0.0164607
0.0179127
0.0181436
0.0172313
0.0146206
0.009828
0.00334702
-0.00311342
-0.00733607
-0.00783379
-0.00461264
0.000899188
0.00675589
0.0114723
0.0144594
0.0158109
0.015792
0.0142968
0.0109912
0.00588324
-0.000144804
-0.00543804
-0.00828312
-0.00780855
-0.00434672
0.000763107
0.00593261
0.0100105
0.0125329
0.0135103
0.0130332
0.0109725
0.00726201
0.0022985
-0.00285405
-0.00675438
-0.00821505
-0.00687965
-0.00331784
0.0012635
0.00561404
0.00889064
0.0107575
0.0111924
0.0102068
0.00776137
0.00403046
-0.000366197
-0.00438109
-0.00688674
-0.00717365
-0.00524924
-0.00180511
0.00212208
0.00559569
0.00802018
0.00920008
0.00908198
0.00771748
0.00505668
0.00154779
-0.00240266
-0.00551099
-0.00747248
-0.00724123
-0.00559389
-0.00343396
0.00129136
-0.00277064
0.0955506
0.0949386
0.0929171
0.0893919
0.0834071
0.0734856
0.0579114
0.0338124
0.00104928
-0.041303
-0.0789479
-0.0927822
-0.0931826
-0.0797981
-0.0642053
-0.0562405
-0.0555277
-0.0522826
-0.04137
-0.0257883
-0.009863
0.00415762
0.0159032
0.0258001
0.0342468
0.0410488
0.0440665
0.0396339
0.0265917
0.0105324
0.00134862
0.00273215
0.00995867
0.0171107
0.0220696
0.025002
0.0264154
0.0266569
0.0267797
0.0277523
0.0278242
0.023564
0.0136784
0.00181516
-0.00528296
-0.00384101
0.00412126
0.013116
0.0194112
0.0222257
0.0225378
0.0220067
0.0220374
0.0222137
0.0202607
0.014038
0.00420418
-0.00533722
-0.0098215
-0.00729734
0.000372047
0.00910111
0.0156919
0.0190928
0.0200633
0.0201038
0.0201058
0.0191717
0.0155003
0.00824174
-0.00105117
-0.00884429
-0.0117104
-0.00862407
-0.00136731
0.0067759
0.0131846
0.0169191
0.0184813
0.018882
0.01848
0.0163872
0.0114799
0.00383189
-0.00461408
-0.0108087
-0.0123335
-0.00879763
-0.00193468
0.00556101
0.0115814
0.0153475
0.0171478
0.0175571
0.0165382
0.013404
0.00769011
0.000135386
-0.00720095
-0.0118176
-0.0121265
-0.00821635
-0.00175426
0.00504133
0.0105049
0.014009
0.0156783
0.0157607
0.0140271
0.010076
0.00402067
-0.00297843
-0.00895702
-0.0120006
-0.0112149
-0.0070519
-0.00107115
0.00492199
0.00964712
0.0126103
0.013823
0.0133254
0.0108939
0.00646459
0.000598431
-0.0053685
-0.0097464
-0.0112274
-0.00948389
-0.00522946
0.000132391
0.00518097
0.00898294
0.0111786
0.011732
0.0105928
0.00768149
0.0032299
-0.00195819
-0.0066011
-0.00939148
-0.00956248
-0.00718012
-0.00308543
0.00151565
0.0055578
0.00838554
0.00978688
0.0096912
0.00810247
0.00496517
0.000815151
-0.00378238
-0.00732392
-0.00945285
-0.00893792
-0.00699752
-0.00389791
0.000588103
-0.00144336
0.0995471
0.0991361
0.0977843
0.0951654
0.0902478
0.0812891
0.0658945
0.0399701
0.00211044
-0.0512633
-0.0984147
-0.111772
-0.108604
-0.0875774
-0.0662306
-0.0582716
-0.0620777
-0.0619023
-0.0500393
-0.0316593
-0.0132476
0.00226541
0.0147078
0.0248743
0.0332123
0.0395863
0.0423214
0.037022
0.0211588
3.1978e-05
-0.0130206
-0.0106868
0.000512953
0.0109455
0.0175141
0.0208032
0.0216912
0.0209341
0.020382
0.0213328
0.0214529
0.0163933
0.00478721
-0.00890303
-0.016808
-0.0144932
-0.0043723
0.00692947
0.014751
0.0180886
0.0182797
0.0175461
0.0175932
0.0177665
0.0153581
0.0080736
-0.00313298
-0.0138182
-0.0186489
-0.0154072
-0.00622928
0.00410003
0.011826
0.015778
0.0169399
0.0170874
0.0171639
0.0160462
0.0117275
0.00341985
-0.00699279
-0.0155582
-0.0185272
-0.0147966
-0.00638604
0.00297008
0.0102944
0.0145722
0.0164398
0.0170317
0.0166348
0.0141876
0.0085
-0.000175972
-0.00955882
-0.0162728
-0.0177247
-0.0135477
-0.0057044
0.00278988
0.00959257
0.01388
0.0160136
0.0165963
0.015469
0.0118266
0.00524663
-0.00328487
-0.0113876
-0.016318
-0.0164145
-0.0118495
-0.00450744
0.00314935
0.00929745
0.0132824
0.0152552
0.0154293
0.0134499
0.00886582
0.00191868
-0.00595656
-0.0125182
-0.0156914
-0.014579
-0.00975062
-0.00296592
0.00377915
0.00909682
0.0124717
0.0139078
0.013375
0.0105589
0.00541938
-0.00129702
-0.00799065
-0.0127571
-0.0142049
-0.0120461
-0.00713464
-0.00105099
0.00463676
0.00892281
0.0114277
0.0120895
0.0107771
0.00738223
0.00221698
-0.003716
-0.00891391
-0.01192
-0.0119377
-0.00909906
-0.00438488
0.000845315
0.00541445
0.00861916
0.0102305
0.0101478
0.00831796
0.00469117
-9.07433e-05
-0.00529145
-0.00920761
-0.011446
-0.0106201
-0.008383
-0.00433933
-0.000205852
5.12071e-05
0.103704
0.103537
0.103001
0.101535
0.0980791
0.0906576
0.0760557
0.0486684
0.00465902
-0.0640927
-0.124204
-0.136725
-0.129568
-0.0975945
-0.0672204
-0.0588736
-0.069744
-0.0749181
-0.0620123
-0.0396856
-0.0179408
-0.000696523
0.0123183
0.0222155
0.0290567
0.0335221
0.0353756
0.0302267
0.0139451
-0.0111743
-0.0292687
-0.0274318
-0.0118656
0.00291255
0.0116839
0.0153644
0.0154865
0.0135915
0.0124365
0.0134745
0.0136394
0.00777494
-0.00540964
-0.02077
-0.0294551
-0.0262984
-0.0139688
-0.000275724
0.00912023
0.0129876
0.0130638
0.0121499
0.0122403
0.0124511
0.00968708
0.0015378
-0.0107944
-0.0224366
-0.0275806
-0.0237274
-0.0131973
-0.00139725
0.00736953
0.011809
0.0131295
0.0133742
0.0135352
0.0122942
0.0074698
-0.00167044
-0.0129715
-0.0221435
-0.0251738
-0.0208856
-0.0114851
-0.00108907
0.00700924
0.0117331
0.0138516
0.0146149
0.0142382
0.0115137
0.00520067
-0.00429203
-0.0144027
-0.0214945
-0.0228431
-0.0181084
-0.00944374
-0.000129166
0.007303
0.012006
0.0144151
0.0151515
0.0139404
0.00987798
0.00259178
-0.00671421
-0.0153957
-0.0205238
-0.0203958
-0.0152648
-0.00719796
0.00114775
0.00783395
0.0122015
0.0144278
0.0146805
0.0124868
0.00736369
-0.000316666
-0.00887888
-0.0158593
-0.0190732
-0.0176426
-0.0122459
-0.00480704
0.00253205
0.00831437
0.0120211
0.0136441
0.0130695
0.0099052
0.0041505
-0.00326553
-0.0105173
-0.015539
-0.0168983
-0.0143532
-0.00888554
-0.00221814
0.00397356
0.00864222
0.0113988
0.0121448
0.0106624
0.00682458
0.00103845
-0.00550483
-0.0111199
-0.0142472
-0.0140865
-0.0108369
-0.0055999
0.000142413
0.00513296
0.00864199
0.0104266
0.0103451
0.00828553
0.00421563
-0.0011112
-0.00679624
-0.0109808
-0.0132524
-0.0121151
-0.00960437
-0.00470726
-0.00100139
0.00155108
0.107925
0.108048
0.108474
0.108442
0.106916
0.10184
0.0889848
0.0611273
0.00986107
-0.0811696
-0.158884
-0.166761
-0.151591
-0.103973
-0.0636846
-0.0582881
-0.0816823
-0.0945347
-0.0790747
-0.0506078
-0.0242843
-0.00501118
0.00833977
0.0168647
0.0201883
0.021622
0.0225256
0.0185037
0.00257642
-0.0253833
-0.0477752
-0.0467176
-0.0269052
-0.00709129
0.00441838
0.00856583
0.00777748
0.00471434
0.00306428
0.00431562
0.00463271
-0.00178389
-0.0161174
-0.0327801
-0.0421945
-0.0384025
-0.0241282
-0.00822193
0.00263903
0.00697475
0.00691653
0.00582317
0.0059788
0.00631978
0.00342097
-0.00524385
-0.018316
-0.0306287
-0.0360144
-0.031707
-0.0201166
-0.00713723
0.00244731
0.00722712
0.00861973
0.00892321
0.00918838
0.00794673
0.00286337
-0.0067747
-0.0186316
-0.0281805
-0.0312158
-0.0264972
-0.0163624
-0.00521572
0.00340784
0.00839943
0.0106608
0.0115533
0.0112361
0.00838212
0.00170087
-0.00829206
-0.018839
-0.026124
-0.0273391
-0.0221739
-0.012928
-0.00307092
0.0047433
0.00968194
0.012262
0.013122
0.011888
0.00757348
-0.000157285
-0.00994059
-0.0189467
-0.024129
-0.0237766
-0.018219
-0.00966172
-0.000890673
0.00610236
0.0106896
0.0130832
0.013404
0.0110779
0.00559735
-0.00255858
-0.0115358
-0.018721
-0.0218747
-0.0201591
-0.0143479
-0.00648336
0.00120703
0.00725174
0.0111581
0.0129099
0.0123052
0.00889167
0.00270869
-0.00516426
-0.0127377
-0.0178488
-0.0190651
-0.0162009
-0.0103415
-0.00330589
0.00317825
0.00806681
0.0109798
0.0117786
0.0101631
0.0059944
-0.000230226
-0.00716889
-0.0130114
-0.0161468
-0.0157981
-0.0122285
-0.00663088
-0.000565704
0.00467538
0.0083682
0.0102647
0.0101779
0.00794091
0.00354501
-0.00215985
-0.00814293
-0.0124529
-0.0146715
-0.0132516
-0.010517
-0.00495531
-0.00170513
0.00286863
0.112095
0.112546
0.114075
0.115742
0.11669
0.114887
0.105184
0.078544
0.0184702
-0.102813
-0.206355
-0.210601
-0.187284
-0.114292
-0.0550246
-0.0524135
-0.0957415
-0.12265
-0.103702
-0.065795
-0.0328896
-0.0110326
0.0022627
0.00779212
0.00614506
0.00480276
0.00577439
0.00338098
-0.0126304
-0.0426804
-0.0681544
-0.0675151
-0.0438409
-0.0188346
-0.00428865
0.000397748
-0.00134375
-0.00554735
-0.00757555
-0.00593907
-0.00520071
-0.0116814
-0.0265266
-0.0439595
-0.0539601
-0.0498383
-0.034146
-0.0164816
-0.00445256
0.000190588
-7.7725e-05
-0.00138373
-0.00113726
-0.000511725
-0.00321491
-0.0119244
-0.0252457
-0.0378663
-0.0433865
-0.0388078
-0.0265468
-0.0128164
-0.00276311
0.00211749
0.00343449
0.00373112
0.00413682
0.00307888
-0.00192604
-0.0116329
-0.0236361
-0.0332843
-0.0362558
-0.0312631
-0.0207199
-0.00920829
-0.000405846
0.00459523
0.00683882
0.00780083
0.00760976
0.00484089
-0.00186351
-0.0119563
-0.0225863
-0.0298472
-0.0308996
-0.0254672
-0.0159456
-0.00590717
0.00195753
0.00688235
0.00948631
0.0104347
0.00927766
0.00495312
-0.00287427
-0.0127633
-0.0217913
-0.0268656
-0.0263013
-0.0204979
-0.0117501
-0.00289522
0.00409816
0.00868305
0.0111273
0.0115154
0.00919113
0.00361485
-0.00467705
-0.0137347
-0.020876
-0.0238638
-0.0219186
-0.0158943
-0.00789957
-0.000173875
0.00586513
0.0097926
0.0115994
0.0110029
0.00750351
0.00116138
-0.00685221
-0.0144619
-0.0194763
-0.0205022
-0.0174184
-0.0113859
-0.00426473
0.00223383
0.00712567
0.0100685
0.01089
0.0092192
0.00490255
-0.00150051
-0.00855784
-0.0144026
-0.0174253
-0.0168956
-0.0131355
-0.00739556
-0.00126031
0.00400263
0.00771664
0.00964511
0.00955958
0.00724395
0.00270763
-0.00314092
-0.00918549
-0.0134543
-0.0155297
-0.0138836
-0.0109988
-0.00504952
-0.00223761
0.00382328
0.116082
0.116894
0.119631
0.123274
0.12724
0.130038
0.125455
0.104246
0.0334373
-0.139303
-0.268642
-0.256002
-0.217959
-0.114464
-0.0397875
-0.0505741
-0.127818
-0.167278
-0.139606
-0.0864408
-0.0440101
-0.0188696
-0.00631862
-0.00546739
-0.0125146
-0.0158478
-0.0132645
-0.0135487
-0.0292752
-0.0602565
-0.0877413
-0.0877718
-0.0612352
-0.0316305
-0.0141731
-0.00897512
-0.011671
-0.0169804
-0.0192683
-0.017007
-0.0154161
-0.0213009
-0.0358988
-0.0534686
-0.0638234
-0.0596937
-0.043271
-0.0245299
-0.0118141
-0.00714222
-0.00777117
-0.00935886
-0.00898518
-0.00786238
-0.00995705
-0.0181624
-0.03118
-0.0437002
-0.0492198
-0.0445594
-0.0320727
-0.018116
-0.00804674
-0.00339093
-0.00235448
-0.00215162
-0.00155044
-0.0021898
-0.00671424
-0.0160007
-0.0276948
-0.0371373
-0.0399689
-0.0348747
-0.0242926
-0.0128686
-0.00430866
0.000377473
0.00239919
0.00336053
0.00338724
0.000970462
-0.0053504
-0.0150886
-0.0254113
-0.0324148
-0.0332783
-0.0277651
-0.0183166
-0.00851678
-0.000996109
0.00361138
0.00605998
0.00706143
0.00611575
0.0020801
-0.00543598
-0.0150117
-0.0237309
-0.0285273
-0.0277743
-0.0219358
-0.0133431
-0.0048014
0.00183046
0.00614694
0.00850467
0.0089722
0.00682855
0.00147898
-0.00655356
-0.0153187
-0.0221496
-0.0248665
-0.0227657
-0.0167655
-0.00898421
-0.00159199
0.00412541
0.00786246
0.00964237
0.00912151
0.00575352
-0.000418059
-0.00820825
-0.0155415
-0.0202651
-0.0210624
-0.0178846
-0.0119382
-0.00506278
0.00112452
0.00576497
0.00859117
0.00941386
0.00780445
0.00358044
-0.00268621
-0.00954806
-0.015152
-0.0179405
-0.0172514
-0.0134607
-0.007839
-0.0019328
0.00308183
0.00662534
0.00849634
0.00843614
0.00618328
0.00174569
-0.00396648
-0.00980658
-0.0138569
-0.0157007
-0.0139077
-0.0109664
-0.00497231
-0.00254794
0.00427618
0.119741
0.120924
0.124935
0.130686
0.138254
0.146596
0.150156
0.137866
0.0566987
-0.16482
-0.37578
-0.340466
-0.281624
-0.114033
-0.000878398
-0.019815
-0.148108
-0.224124
-0.190965
-0.11575
-0.0587099
-0.0287915
-0.0176379
-0.0227297
-0.0349869
-0.0392434
-0.0333642
-0.0306736
-0.0449411
-0.0753582
-0.103854
-0.105045
-0.0772595
-0.0444191
-0.0246789
-0.0191846
-0.0228816
-0.0292947
-0.031721
-0.0285182
-0.0255178
-0.0300612
-0.0436203
-0.0606692
-0.0711063
-0.0672391
-0.0508129
-0.0318149
-0.019041
-0.0147327
-0.0159483
-0.0179159
-0.0173638
-0.0154878
-0.0165177
-0.023644
-0.0357931
-0.0477944
-0.0531643
-0.048601
-0.0363464
-0.0227346
-0.0131687
-0.00912703
-0.00861847
-0.00860703
-0.00774082
-0.00769663
-0.0113091
-0.0196665
-0.0305864
-0.0395139
-0.0421282
-0.0371082
-0.0268711
-0.0160176
-0.00816378
-0.00415831
-0.0025892
-0.00170251
-0.00134879
-0.00311756
-0.00862075
-0.0175318
-0.0271486
-0.0336603
-0.0343135
-0.0289157
-0.0199073
-0.0107928
-0.00404322
-8.64877e-05
0.00201072
0.0030334
0.00245543
-0.000961768
-0.00773203
-0.0165595
-0.0246341
-0.0289858
-0.0280764
-0.0224282
-0.0143574
-0.00655178
-0.000670465
0.00308959
0.00521532
0.005786
0.00402976
-0.000738427
-0.00809229
-0.0161807
-0.0224348
-0.0247831
-0.0226142
-0.016894
-0.00969308
-0.00302752
0.00203009
0.00535034
0.00702152
0.00666568
0.00368031
-0.00195972
-0.00914378
-0.0158825
-0.0201259
-0.0206678
-0.0175385
-0.0119596
-0.00568479
-0.000155592
0.00396252
0.00651927
0.00733276
0.00592965
0.00207336
-0.00371576
-0.0100552
-0.015174
-0.0176128
-0.0167989
-0.0131566
-0.00793674
-0.002581
0.00189679
0.00506628
0.00678995
0.00679539
0.00477585
0.000706398
-0.00456904
-0.00993029
-0.0135862
-0.0151164
-0.0132721
-0.0103839
-0.00472211
-0.0026202
0.00415776
0.122921
0.124469
0.129715
0.137679
0.149138
0.164702
0.180153
0.192227
0.100317
-0.152058
-0.438221
-0.407394
-0.340112
-0.137863
0.00479984
-0.0128972
-0.142312
-0.253593
-0.237548
-0.148356
-0.0760561
-0.0406171
-0.0315195
-0.0433267
-0.0605431
-0.0642914
-0.053305
-0.0463116
-0.0576755
-0.0860303
-0.114507
-0.117271
-0.090103
-0.0559452
-0.0350138
-0.0296755
-0.0345352
-0.0420995
-0.0445319
-0.040005
-0.0349784
-0.0374473
-0.0492397
-0.0651553
-0.0753761
-0.0719744
-0.0562319
-0.0378308
-0.0257088
-0.0222399
-0.0243255
-0.0267878
-0.0259914
-0.0230871
-0.0225984
-0.0281006
-0.0388556
-0.0499464
-0.0550175
-0.0507069
-0.0391163
-0.026415
-0.0178912
-0.0148819
-0.0151679
-0.0154503
-0.0142376
-0.0132403
-0.0155197
-0.0224639
-0.0321722
-0.0402951
-0.0426191
-0.0378395
-0.028316
-0.0185072
-0.0118255
-0.00887502
-0.00799436
-0.00725382
-0.00645832
-0.00728306
-0.0115455
-0.0191766
-0.0277103
-0.033512
-0.0339391
-0.0288489
-0.0206374
-0.0126465
-0.00709125
-0.00411873
-0.00256821
-0.00155173
-0.00160085
-0.00407099
-0.00967129
-0.0173327
-0.0244457
-0.0282005
-0.0271734
-0.0219392
-0.0147497
-0.00809447
-0.00334623
-0.000426891
0.00132522
0.00202891
0.000872344
-0.00296068
-0.00922666
-0.0162707
-0.0216993
-0.0235952
-0.0214524
-0.0162681
-0.0100083
-0.00445353
-0.000386232
0.00229595
0.00378251
0.00368985
0.00134561
-0.00340306
-0.00960931
-0.0154523
-0.0190431
-0.0193153
-0.0163839
-0.0114536
-0.00612723
-0.0015931
0.00173973
0.00388065
0.0046831
0.00364187
0.000434902
-0.00453883
-0.0100409
-0.0144457
-0.016434
-0.0155396
-0.0122293
-0.00769358
-0.00320283
0.000458024
0.00305647
0.004549
0.00466988
0.00306396
-0.000364236
-0.00490772
-0.00952769
-0.0126262
-0.0137731
-0.0119817
-0.00926595
-0.00430973
-0.00247074
0.00347912
0.125474
0.127337
0.133707
0.143618
0.15915
0.181287
0.214635
0.218724
0.193844
-0.172226
-0.586048
-0.484112
-0.446855
-0.222604
-0.0923401
-0.0693818
-0.140485
-0.256739
-0.266648
-0.176299
-0.0931713
-0.0534004
-0.0472816
-0.066226
-0.0881537
-0.0896243
-0.0716081
-0.0589388
-0.0662007
-0.0913072
-0.118767
-0.123275
-0.0983982
-0.0650117
-0.044276
-0.0397633
-0.0460816
-0.0548871
-0.0571741
-0.0509057
-0.0432609
-0.0430329
-0.0524781
-0.0667601
-0.0764739
-0.0736677
-0.059186
-0.0421726
-0.0314146
-0.029294
-0.032557
-0.0356279
-0.0345116
-0.0303148
-0.0279047
-0.0313211
-0.0402443
-0.0500939
-0.0547321
-0.0507973
-0.0402426
-0.0289625
-0.0219879
-0.0204158
-0.0217536
-0.0224206
-0.0207846
-0.0185882
-0.0191645
-0.0242787
-0.0324015
-0.0394725
-0.0414442
-0.0370496
-0.0285651
-0.0202271
-0.0151441
-0.0135953
-0.0136209
-0.0130904
-0.0117472
-0.0113623
-0.0140105
-0.0199663
-0.0270905
-0.0319963
-0.0321885
-0.0275792
-0.0204833
-0.0140084
-0.010029
-0.00834275
-0.00751597
-0.00652953
-0.00590337
-0.00713171
-0.0111853
-0.0173132
-0.0231894
-0.0262205
-0.0251173
-0.0205015
-0.0145161
-0.00938063
-0.00610664
-0.00428267
-0.00303152
-0.00216656
-0.00253036
-0.00510922
-0.00992209
-0.0155982
-0.0199884
-0.0213671
-0.0193437
-0.0149297
-0.00993402
-0.00583025
-0.00304603
-0.00119956
3.52106e-05
0.000297014
-0.00116865
-0.00469986
-0.00959674
-0.0142815
-0.0170759
-0.0170771
-0.0144869
-0.0104608
-0.00639152
-0.00314811
-0.000832286
0.000762483
0.00155503
0.00102161
-0.00127655
-0.00512893
-0.00951399
-0.0130078
-0.0144658
-0.0135408
-0.0107348
-0.00713761
-0.00378899
-0.00119037
0.000662999
0.00185025
0.00213567
0.00111191
-0.00142458
-0.00497016
-0.00861793
-0.0110209
-0.0117331
-0.0100974
-0.00767309
-0.00375318
-0.00213803
0.00232531
0.127267
0.129376
0.136572
0.148111
0.166717
0.195959
0.2425
0.281566
0.340051
-0.133467
-0.465528
-0.448721
-0.385084
-0.289611
-0.19581
-0.165887
-0.236254
-0.267351
-0.19134
-0.106256
-0.0653748
-0.0635327
-0.0898831
-0.116036
-0.113277
-0.0865536
-0.0673242
-0.0698754
-0.0910478
-0.116666
-0.122811
-0.10143
-0.0706943
-0.051598
-0.0487092
-0.0568791
-0.0670269
-0.068994
-0.0605833
-0.0498463
-0.0464988
-0.0532305
-0.0655415
-0.0745138
-0.0723531
-0.0595503
-0.044572
-0.0358117
-0.0355186
-0.0402479
-0.0440226
-0.0425093
-0.036799
-0.0321612
-0.0331606
-0.0399417
-0.0483085
-0.0524069
-0.0489331
-0.0397008
-0.0302553
-0.0252567
-0.0254695
-0.0280783
-0.0292052
-0.0270781
-0.0234883
-0.0220795
-0.0250515
-0.0313096
-0.0371428
-0.0387163
-0.0348205
-0.0276327
-0.0211079
-0.0179713
-0.0181083
-0.0192182
-0.0189502
-0.0169764
-0.0151751
-0.0159205
-0.0198966
-0.0253611
-0.0292313
-0.0291875
-0.0252002
-0.019475
-0.0148286
-0.0127291
-0.0125709
-0.012611
-0.0116766
-0.0102623
-0.010018
-0.0122294
-0.0165361
-0.0209636
-0.0231785
-0.0220404
-0.0182111
-0.0136874
-0.0103626
-0.00883074
-0.00830437
-0.00765904
-0.00661388
-0.00603378
-0.00710546
-0.0101751
-0.014229
-0.017419
-0.0182378
-0.0164192
-0.0129671
-0.00949078
-0.00710226
-0.00582947
-0.00497718
-0.00405186
-0.00336585
-0.00376305
-0.00581433
-0.00913696
-0.0124592
-0.0143538
-0.0140947
-0.0119682
-0.00905103
-0.00647763
-0.00475153
-0.00363391
-0.00269192
-0.00191168
-0.00182066
-0.00299923
-0.00548221
-0.00852751
-0.0109598
-0.011834
-0.0109291
-0.00877061
-0.00631211
-0.00431786
-0.00296954
-0.00199901
-0.00117998
-0.000691736
-0.000996914
-0.00243795
-0.00477091
-0.00726511
-0.00887005
-0.00911832
-0.00772906
-0.00570209
-0.00307256
-0.00166989
0.000835284
0.128202
0.130441
0.138093
0.150506
0.170988
0.204184
0.259947
0.326983
0.440982
-0.440663
-0.533169
-0.4691
-0.300206
-0.184169
-0.193355
-0.232328
-0.185086
-0.110391
-0.0737422
-0.0781134
-0.112211
-0.141638
-0.132745
-0.0964299
-0.0707091
-0.0686979
-0.0858033
-0.109014
-0.116454
-0.0991792
-0.0724743
-0.0562723
-0.0557965
-0.0662246
-0.0777825
-0.0792374
-0.068366
-0.0542719
-0.04765
-0.0515545
-0.0617442
-0.0698157
-0.0682856
-0.0574039
-0.0449106
-0.0386339
-0.0405542
-0.0469764
-0.0515143
-0.0495356
-0.0421648
-0.0351281
-0.0335446
-0.0380279
-0.044778
-0.0482665
-0.0452994
-0.0375735
-0.0302465
-0.0275293
-0.0297788
-0.0338127
-0.0354481
-0.0327858
-0.0276843
-0.0241255
-0.0247763
-0.0290082
-0.033494
-0.0346436
-0.0313223
-0.0256025
-0.0211213
-0.0201668
-0.0221822
-0.0244972
-0.0245299
-0.0218778
-0.0185348
-0.0172009
-0.0190103
-0.0226617
-0.0254137
-0.0251409
-0.0218738
-0.0176893
-0.0150763
-0.0150545
-0.0165824
-0.0175872
-0.0167266
-0.014459
-0.0125994
-0.0127811
-0.0150833
-0.0179303
-0.0192784
-0.0181423
-0.0152161
-0.0123231
-0.0109939
-0.0113737
-0.012277
-0.0123127
-0.0110844
-0.00946966
-0.00887231
-0.0100094
-0.012277
-0.0141694
-0.0144146
-0.0128655
-0.0105047
-0.00870974
-0.00819977
-0.00858218
-0.00883134
-0.00826268
-0.00711586
-0.00632385
-0.00672127
-0.0082938
-0.010124
-0.011062
-0.0105629
-0.00898883
-0.00731262
-0.00638041
-0.00630878
-0.00650551
-0.00629261
-0.00553573
-0.00474916
-0.00466818
-0.00561375
-0.00717147
-0.0084502
-0.00871736
-0.00787648
-0.00646275
-0.00526749
-0.00475437
-0.00477104
-0.0047746
-0.00437179
-0.00366339
-0.00316264
-0.00337152
-0.004347
-0.00557057
-0.00631883
-0.00609793
-0.00502258
-0.00347269
-0.00228669
-0.00111293
-0.000822853
0.128222
0.130468
0.138127
0.150547
0.171034
0.204154
0.259724
0.336493
0.497096
-0.458185
-0.641649
-0.571456
-0.346958
-0.175981
-0.148285
-0.173612
-0.158631
-0.103216
-0.0758086
-0.0883943
-0.130471
-0.161724
-0.145302
-0.099903
-0.0689386
-0.0632007
-0.0765496
-0.0970567
-0.105324
-0.0922025
-0.0702691
-0.0578325
-0.0603973
-0.0733983
-0.086352
-0.0871022
-0.0736074
-0.0561769
-0.0464309
-0.0476508
-0.055754
-0.0628493
-0.061887
-0.0529963
-0.0432143
-0.0397087
-0.0440814
-0.052322
-0.0576331
-0.0551407
-0.0460632
-0.0366194
-0.0324717
-0.034667
-0.0397806
-0.0426314
-0.0401784
-0.0340337
-0.0289608
-0.0286801
-0.0330924
-0.0386215
-0.0407846
-0.037573
-0.0309335
-0.0251963
-0.0234968
-0.0256709
-0.0287836
-0.0295066
-0.0267939
-0.022616
-0.0202781
-0.0216069
-0.0255814
-0.0291528
-0.0295092
-0.026174
-0.0212604
-0.0178005
-0.0173899
-0.019184
-0.0207994
-0.0203126
-0.0178136
-0.0152404
-0.0147394
-0.0168677
-0.0201415
-0.0221554
-0.0213907
-0.0182623
-0.0147475
-0.0128377
-0.0130723
-0.0142982
-0.0147751
-0.0136703
-0.0117018
-0.0105035
-0.0112316
-0.0135785
-0.0159624
-0.0167204
-0.0153249
-0.0126563
-0.0103357
-0.00946906
-0.00989076
-0.0104602
-0.0101437
-0.00890493
-0.00768926
-0.00762846
-0.00904437
-0.011129
-0.0125276
-0.0123505
-0.010746
-0.00872724
-0.00740279
-0.00715423
-0.00744788
-0.00742438
-0.00671138
-0.0057333
-0.0053427
-0.00608967
-0.00770865
-0.00926186
-0.00981974
-0.0091071
-0.00760902
-0.00621491
-0.00555135
-0.00556124
-0.00565952
-0.00532752
-0.00458107
-0.00395164
-0.00405536
-0.00505352
-0.00646746
-0.00748281
-0.00752762
-0.00660598
-0.00527233
-0.00419417
-0.00375095
-0.00366097
-0.00354171
-0.002869
-0.00214372
-0.0011142
-0.00141222
-0.000506873
-0.00247429
0.127328
0.129454
0.13667
0.148237
0.166873
0.195965
0.242115
0.307173
0.414499
-0.40599
-0.463403
-0.670882
-0.587651
-0.333913
-0.144566
-0.100466
-0.10999
-0.116979
-0.0849498
-0.0699407
-0.0922731
-0.142266
-0.173476
-0.148779
-0.0964465
-0.0625312
-0.0543346
-0.0644705
-0.08219
-0.0907834
-0.0814323
-0.0643787
-0.0560884
-0.0620286
-0.0777234
-0.0919388
-0.0918217
-0.0757662
-0.055354
-0.0429374
-0.0418394
-0.0480476
-0.054171
-0.0536836
-0.0467029
-0.039635
-0.038964
-0.0458443
-0.0558998
-0.0619377
-0.0589139
-0.0482031
-0.0365202
-0.0300122
-0.0300879
-0.033655
-0.035883
-0.0339184
-0.0293235
-0.0264861
-0.0286323
-0.0351913
-0.0421904
-0.0448673
-0.0411297
-0.0330268
-0.0252258
-0.0212993
-0.0215147
-0.0233126
-0.0236305
-0.0215193
-0.0188569
-0.0186244
-0.0221931
-0.0280866
-0.0328912
-0.0335778
-0.0296018
-0.0231901
-0.0176923
-0.0151468
-0.0151519
-0.0156778
-0.015
-0.0132642
-0.0122686
-0.0138247
-0.0180434
-0.0230189
-0.0260298
-0.0253836
-0.0214464
-0.0163445
-0.0124129
-0.010643
-0.0103019
-0.00995015
-0.00889663
-0.00787314
-0.00832274
-0.0110407
-0.0152917
-0.0191219
-0.0206056
-0.0190786
-0.0154114
-0.0114267
-0.00861062
-0.00723682
-0.00653256
-0.00569295
-0.00477523
-0.00467699
-0.00628879
-0.0095582
-0.0132919
-0.0158248
-0.0160595
-0.0140409
-0.0108455
-0.0078446
-0.00581614
-0.00461777
-0.00367849
-0.00278047
-0.00239175
-0.00323956
-0.00559369
-0.00883641
-0.0117107
-0.0130423
-0.0124032
-0.0102355
-0.00756785
-0.00532789
-0.0038232
-0.00278068
-0.00188575
-0.00124675
-0.00137881
-0.00272574
-0.00516752
-0.00792659
-0.00993431
-0.0104379
-0.00933437
-0.00720526
-0.00487419
-0.00304177
-0.00167338
-0.000723538
0.000364106
0.000738596
0.0012455
-0.000465185
0.00011596
-0.00395448
0.125572
0.127463
0.133867
0.143827
0.159418
0.181399
0.214322
0.254029
0.258344
-0.325622
-0.399453
-0.441777
-0.660881
-0.543527
-0.291422
-0.110604
-0.0535906
-0.0572862
-0.0685246
-0.0585995
-0.0560122
-0.0884249
-0.145394
-0.174412
-0.142017
-0.086563
-0.0525988
-0.0432949
-0.0507669
-0.0657406
-0.0741987
-0.0679709
-0.0553882
-0.051122
-0.0603995
-0.0786422
-0.0938484
-0.0927712
-0.0744945
-0.0517956
-0.0374209
-0.0345326
-0.0391437
-0.044362
-0.0442447
-0.0389758
-0.0344243
-0.0364276
-0.045672
-0.0573981
-0.0640583
-0.0605257
-0.0483839
-0.0348026
-0.0263055
-0.0245651
-0.026768
-0.0284267
-0.0268992
-0.0237287
-0.0229634
-0.0273641
-0.0359091
-0.0442559
-0.0474012
-0.0432
-0.033809
-0.0241953
-0.0183058
-0.0167797
-0.0173983
-0.0173553
-0.0158015
-0.0145348
-0.0162376
-0.0218621
-0.0295153
-0.0354564
-0.0364646
-0.0319353
-0.0241957
-0.0168762
-0.0124104
-0.0108002
-0.0103453
-0.00950743
-0.00847971
-0.00892839
-0.0123589
-0.0184811
-0.025014
-0.0289547
-0.0284491
-0.0238111
-0.0172918
-0.0115335
-0.00794202
-0.00617862
-0.00508513
-0.00409333
-0.00393781
-0.00588256
-0.0104003
-0.0163796
-0.0215398
-0.0237157
-0.0221091
-0.0175676
-0.0120853
-0.00749446
-0.00448177
-0.00262379
-0.00132381
-0.000707995
-0.00162148
-0.00473657
-0.00967475
-0.0149092
-0.0184992
-0.0191489
-0.0167949
-0.0125555
-0.00803314
-0.00437535
-0.00181523
-5.2755e-05
0.00100098
0.000855536
-0.00109746
-0.00488491
-0.0095882
-0.0136734
-0.0157406
-0.0152092
-0.0124668
-0.00865451
-0.0049737
-0.00207929
1.3121e-06
0.00139799
0.00193487
0.00112311
-0.00132682
-0.00505453
-0.00902714
-0.0119512
-0.0129006
-0.0116677
-0.00884101
-0.00537795
-0.00227562
0.000260364
0.00195961
0.00340932
0.00346638
0.0034878
0.000536265
0.000727833
-0.0051212
0.123051
0.124639
0.129937
0.137978
0.149536
0.16507
0.180261
0.191633
0.14266
-0.215511
-0.514414
-0.371651
-0.447332
-0.579027
-0.451336
-0.235555
-0.0840597
-0.0178855
-0.0147362
-0.0200194
-0.026745
-0.0356949
-0.0776434
-0.139754
-0.164085
-0.12579
-0.0718865
-0.0406379
-0.0313265
-0.0365276
-0.048825
-0.0567542
-0.0529099
-0.044057
-0.0432626
-0.0554514
-0.0758026
-0.0916052
-0.0895865
-0.0697222
-0.0457256
-0.0302797
-0.0262045
-0.0295618
-0.0339802
-0.0341293
-0.0302978
-0.027906
-0.0322229
-0.0434985
-0.0566142
-0.0637416
-0.0597696
-0.0465248
-0.0315378
-0.0215541
-0.0183975
-0.0194841
-0.0206576
-0.0195002
-0.017555
-0.0185748
-0.0249119
-0.0351497
-0.0446331
-0.0481742
-0.0436088
-0.0331961
-0.0221387
-0.0146659
-0.0117098
-0.0113458
-0.0110067
-0.00993712
-0.00986812
-0.013222
-0.0205937
-0.0297411
-0.0366563
-0.0379633
-0.0330082
-0.0241955
-0.0153796
-0.00931737
-0.00635362
-0.00507865
-0.00411914
-0.00370299
-0.00537764
-0.0103896
-0.0181175
-0.0259753
-0.0307293
-0.0303843
-0.0252002
-0.01752
-0.0102368
-0.00510974
-0.00214627
-0.000435754
0.000491322
-8.96046e-05
-0.00328664
-0.00930915
-0.0167433
-0.0230455
-0.025847
-0.0242228
-0.0189871
-0.012265
-0.00617807
-0.00177543
0.00105515
0.00273321
0.00309023
0.00133597
-0.00302243
-0.00934924
-0.0158536
-0.0203674
-0.0214168
-0.0188326
-0.0137496
-0.0079548
-0.00291442
0.000802018
0.00325457
0.00443435
0.0038502
0.000996168
-0.00396596
-0.00988468
-0.0150041
-0.0177307
-0.01734
-0.0141587
-0.00940651
-0.00451084
-0.000433188
0.00252764
0.00434398
0.00479901
0.00343737
9.37676e-05
-0.00468722
-0.00967347
-0.0133869
-0.0147525
-0.0134487
-0.0100707
-0.00567112
-0.00149782
0.00202782
0.00435709
0.00610279
0.00590331
0.00550855
0.00156916
0.00130157
-0.00586281
0.119896
0.121128
0.1252
0.131054
0.138759
0.147169
0.150782
0.138103
0.0566803
-0.161184
-0.35416
-0.331374
-0.371786
-0.439473
-0.337708
-0.183507
-0.0669712
0.00134099
0.0194009
0.020888
0.0089789
-0.0117368
-0.0621825
-0.125356
-0.142629
-0.10231
-0.0546695
-0.02816
-0.0195148
-0.0226532
-0.0323257
-0.0393969
-0.0372226
-0.0312228
-0.0330538
-0.0473925
-0.0691479
-0.0850684
-0.0822734
-0.0617175
-0.0376019
-0.0220311
-0.0173582
-0.019788
-0.0235236
-0.0238465
-0.0211424
-0.0204477
-0.0265621
-0.0393773
-0.0534868
-0.0608895
-0.0565971
-0.0426866
-0.0269006
-0.0160134
-0.011889
-0.0121404
-0.0129324
-0.0120721
-0.011105
-0.0135321
-0.0213725
-0.0329016
-0.0432376
-0.0470812
-0.0422839
-0.0311895
-0.0191457
-0.0105487
-0.00653523
-0.00542578
-0.00487036
-0.00419425
-0.00506947
-0.00970408
-0.0184172
-0.0287089
-0.0363826
-0.0379537
-0.0327314
-0.0231654
-0.0132593
-0.00600285
-0.00200955
-0.000112582
0.000923137
0.000852527
-0.00176812
-0.00798527
-0.0169358
-0.0258166
-0.0312272
-0.0310592
-0.0255177
-0.0169972
-0.00856994
-0.00226912
0.00161508
0.00378907
0.00465224
0.00350431
-0.000636683
-0.00779046
-0.0163316
-0.0235303
-0.0268616
-0.0252867
-0.0195766
-0.0119387
-0.00471205
0.000762092
0.00433773
0.00629448
0.00645238
0.00407358
-0.00120281
-0.00856692
-0.0160462
-0.021305
-0.0227204
-0.020026
-0.0143468
-0.00759813
-0.00149505
0.00311432
0.00609266
0.00736627
0.00646469
0.00296238
-0.00285476
-0.00968194
-0.0156065
-0.0188828
-0.0186604
-0.0152015
-0.0097674
-0.0039511
0.00103983
0.00467981
0.00681651
0.00721799
0.00546771
0.00148756
-0.00405947
-0.00980715
-0.0141416
-0.0158622
-0.0145608
-0.0108095
-0.00572282
-0.00073831
0.00354674
0.00635662
0.00832085
0.00794263
0.00722166
0.0026041
0.00180743
-0.00610335
0.116254
0.117121
0.119926
0.12369
0.12782
0.13078
0.126412
0.105599
0.035449
-0.135795
-0.257734
-0.25832
-0.293415
-0.33681
-0.264768
-0.149914
-0.0560315
0.0083943
0.039705
0.0494991
0.0415516
0.00928461
-0.0474851
-0.105016
-0.113642
-0.0759311
-0.0375098
-0.0164461
-0.00866254
-0.00984345
-0.0169019
-0.0228293
-0.0217102
-0.0177299
-0.0212171
-0.0367209
-0.0589916
-0.0745444
-0.0712858
-0.0510999
-0.0280794
-0.0132628
-0.0084889
-0.0102505
-0.0134041
-0.0138248
-0.0119432
-0.0124368
-0.0197366
-0.0334902
-0.0481185
-0.0555876
-0.0511415
-0.0370815
-0.0211635
-0.00997766
-0.00533125
-0.00502637
-0.0055479
-0.00491539
-0.00465985
-0.00806488
-0.0169014
-0.0292469
-0.0401017
-0.0441412
-0.0392694
-0.0278828
-0.0153608
-0.00613533
-0.00145939
0.000143176
0.00082651
0.00120507
-0.00033331
-0.00582795
-0.0154148
-0.0264447
-0.0346245
-0.0364165
-0.0311049
-0.021145
-0.0106018
-0.00259429
0.00207422
0.00437618
0.00543687
0.00501633
0.0017621
-0.00523534
-0.0149717
-0.0245277
-0.0304098
-0.0304302
-0.0247388
-0.0157354
-0.00659018
0.000480678
0.00497516
0.00744199
0.00824118
0.00671316
0.00197113
-0.00589465
-0.0151479
-0.022959
-0.0267011
-0.0252421
-0.0192977
-0.0111052
-0.00313957
0.00304766
0.00711403
0.00923978
0.00926126
0.00649435
0.000659723
-0.00734827
-0.0154663
-0.0212587
-0.02299
-0.0203089
-0.0143042
-0.00695873
-0.000155865
0.00504826
0.00836813
0.00969783
0.00860835
0.00473213
-0.00158753
-0.00897835
-0.0154436
-0.0191347
-0.0190988
-0.0155327
-0.00970197
-0.00329833
0.00229736
0.00638817
0.00873302
0.0091085
0.00714178
0.00280461
-0.00319064
-0.00941482
-0.0141739
-0.0161777
-0.0149425
-0.0110088
-0.00551249
-1.16904e-05
0.0047707
0.00789258
0.00998862
0.00951297
0.00856236
0.00360506
0.00221226
-0.00580514
0.112274
0.112783
0.114381
0.116177
0.117295
0.115683
0.106245
0.0799532
0.0205247
-0.100803
-0.202766
-0.223123
-0.24773
-0.267331
-0.210306
-0.123276
-0.0478919
0.00870256
0.0443089
0.0606941
0.0561083
0.0197809
-0.0377918
-0.0825537
-0.0818144
-0.0506649
-0.0222337
-0.00620989
0.000790392
0.00139884
-0.00306167
-0.00758876
-0.00701144
-0.00437919
-0.00861603
-0.0242308
-0.046066
-0.0608331
-0.0575329
-0.0387862
-0.0179293
-0.00456592
-4.56266e-05
-0.00130376
-0.00394261
-0.00440008
-0.00307209
-0.004259
-0.0121039
-0.0261462
-0.0407844
-0.0481175
-0.0437234
-0.0300658
-0.0146796
-0.00376014
0.00101187
0.00162719
0.0012722
0.00173458
0.00153525
-0.00240996
-0.0117081
-0.0243624
-0.0353795
-0.0395054
-0.0347312
-0.0234612
-0.0109773
-0.00161046
0.00334946
0.00520357
0.005926
0.00609564
0.0041733
-0.00174961
-0.0117207
-0.0230585
-0.0314746
-0.0334386
-0.0282223
-0.0182403
-0.00752156
0.0007924
0.00578522
0.00827675
0.00930767
0.00866908
0.00509437
-0.00224771
-0.012315
-0.0221785
-0.0283317
-0.0285457
-0.0229148
-0.0137943
-0.00436594
0.00306587
0.00785791
0.0104452
0.0111747
0.00944823
0.00444901
-0.00369939
-0.0132532
-0.0213744
-0.0253946
-0.0241111
-0.0181734
-0.00979379
-0.00149883
0.00503587
0.00933405
0.0115145
0.0114546
0.00852966
0.00249747
-0.00575056
-0.0141543
-0.0202515
-0.0222356
-0.0196843
-0.0136245
-0.00604549
0.00108473
0.00657744
0.0100488
0.0113893
0.0102314
0.00624831
-0.000219325
-0.00781728
-0.0145423
-0.0184978
-0.0186549
-0.0151462
-0.00920477
-0.00255434
0.00332804
0.00763373
0.010068
0.0104358
0.00841439
0.00399444
-0.00212693
-0.00853116
-0.0135046
-0.0157066
-0.0145936
-0.0106644
-0.00503736
0.000678502
0.00568866
0.00894862
0.0110841
0.0105825
0.0094907
0.00453087
0.00248136
-0.00497024
0.108101
0.108283
0.108773
0.108866
0.1075
0.102601
0.0899832
0.0623679
0.0115412
-0.0802528
-0.159513
-0.181711
-0.200523
-0.212177
-0.170392
-0.104447
-0.0432086
0.00537897
0.039046
0.0573211
0.0538355
0.0228883
-0.0235288
-0.0538363
-0.0504747
-0.0291992
-0.00974536
0.00229592
0.00865419
0.0107371
0.00878415
0.00588544
0.00635481
0.00810274
0.00379444
-0.010984
-0.0315058
-0.0451707
-0.0422798
-0.0258631
-0.00792685
0.00353978
0.0076061
0.00677959
0.00463054
0.00418753
0.00517316
0.00371983
-0.00407148
-0.0177699
-0.0319251
-0.0389491
-0.0348363
-0.022114
-0.00785085
0.00233129
0.00691641
0.00765257
0.00737876
0.00771307
0.00728101
0.00319986
-0.00604615
-0.0185121
-0.0293416
-0.0334505
-0.0289484
-0.0181911
-0.0062259
0.00284626
0.00776211
0.00965969
0.0103407
0.010373
0.00831667
0.0023692
-0.00751535
-0.0187401
-0.027125
-0.0292102
-0.0242668
-0.0146182
-0.00415774
0.00405465
0.00905572
0.0115428
0.0124895
0.0117451
0.00813338
0.000855192
-0.00910532
-0.0189158
-0.0251384
-0.0255445
-0.0201718
-0.0112807
-0.00197746
0.00543589
0.0102386
0.0127861
0.0134331
0.0116649
0.00672077
-0.00130653
-0.0107634
-0.018895
-0.0230554
-0.021996
-0.0162889
-0.00806734
0.000172709
0.00671403
0.0110033
0.0131282
0.0130255
0.0101417
0.00424047
-0.00386539
-0.0122102
-0.0183811
-0.0205471
-0.0182252
-0.0123595
-0.00488637
0.00222177
0.00771621
0.0111595
0.0124588
0.0113271
0.00746913
0.00117877
-0.00628537
-0.012992
-0.0170553
-0.0174001
-0.0140945
-0.00830579
-0.00172625
0.00414427
0.00844256
0.0108504
0.0112145
0.00927067
0.00500946
-0.000939235
-0.00723749
-0.0122152
-0.014524
-0.0135765
-0.00981938
-0.00431812
0.00133297
0.00631881
0.00955323
0.0116364
0.0111615
0.00999558
0.00533873
0.00258356
-0.00364315
0.103867
0.103758
0.103275
0.101921
0.098598
0.0913095
0.0768523
0.049504
0.00548485
-0.0647382
-0.127846
-0.152947
-0.169149
-0.174117
-0.140945
-0.0895978
-0.039815
0.0015425
0.031293
0.0485799
0.0481393
0.0270308
-0.0052994
-0.0267341
-0.0264543
-0.0135313
-0.00021218
0.00912151
0.0149302
0.0180433
0.0183259
0.0172121
0.0179565
0.019109
0.0150509
0.00175658
-0.0167896
-0.0291489
-0.0269949
-0.0134024
0.00127059
0.010672
0.0142158
0.0138114
0.0121648
0.011785
0.0125737
0.0111697
0.00392447
-0.00887809
-0.022121
-0.0287104
-0.0251068
-0.013772
-0.00108595
0.00802183
0.0122084
0.0129424
0.0126922
0.0129251
0.0124296
0.00854685
-0.000199367
-0.0120316
-0.0223584
-0.0263622
-0.022295
-0.0124
-0.00135756
0.00707005
0.0116885
0.0134713
0.0140466
0.0139909
0.0119998
0.00636895
-0.00301521
-0.0137469
-0.0218549
-0.0240124
-0.0194992
-0.0104967
-0.000666408
0.00710427
0.0118572
0.0141833
0.0149969
0.0142295
0.0108098
0.00394301
-0.00552411
-0.0149533
-0.021056
-0.0216457
-0.0167023
-0.00834235
0.00048421
0.0075586
0.0121341
0.0145081
0.0150536
0.0133611
0.00872513
0.00116437
-0.00784101
-0.0157067
-0.0198726
-0.019071
-0.013786
-0.0060207
0.00183451
0.00809336
0.0121717
0.0141443
0.0140174
0.0113246
0.00582165
-0.00181202
-0.00978619
-0.0158126
-0.0180846
-0.016069
-0.0106081
-0.00353146
0.00325573
0.00850818
0.0117701
0.0129753
0.0119304
0.00837247
0.00252619
-0.00450592
-0.0109384
-0.0149567
-0.0154709
-0.0124858
-0.00707125
-0.000832441
0.00477216
0.00887409
0.0111537
0.011504
0.00972826
0.00581109
0.000283445
-0.00565592
-0.0104425
-0.012765
-0.0120099
-0.00856188
-0.0034008
0.00195013
0.00669865
0.00976914
0.011717
0.0112993
0.0100979
0.00598999
0.00249914
-0.00191623
0.0996876
0.0993309
0.0980191
0.0954902
0.0906665
0.0817763
0.0664106
0.0403206
0.00208332
-0.0530665
-0.103643
-0.127128
-0.140243
-0.142714
-0.117649
-0.077987
-0.0375708
-0.00258394
0.0233786
0.0392343
0.0414321
0.0282229
0.00633043
-0.00915931
-0.01047
-0.00238793
0.00706005
0.0144844
0.0197466
0.0234091
0.0253927
0.0260704
0.0273972
0.0281818
0.024337
0.0126777
-0.00355528
-0.0143961
-0.0129972
-0.00224612
0.00921759
0.0166262
0.0196662
0.0196869
0.0185713
0.0183086
0.0189876
0.0178127
0.0114467
-4.40111e-05
-0.0120498
-0.0181388
-0.0152336
-0.00559385
0.00524825
0.013096
0.0167704
0.0174428
0.0171907
0.0173379
0.0168868
0.0134402
0.00553799
-0.00530327
-0.0148719
-0.0187045
-0.0152084
-0.00644654
0.00337974
0.0109217
0.0150752
0.0166421
0.0170694
0.0169536
0.0151633
0.0101018
0.00154341
-0.00838433
-0.0160089
-0.0181944
-0.0142365
-0.00612609
0.00279018
0.00986886
0.0141916
0.0162483
0.0168911
0.0161508
0.0130816
0.00688672
-0.00177969
-0.0105549
-0.0163735
-0.017131
-0.0127498
-0.00515772
0.00292103
0.00941551
0.0135905
0.0156944
0.0161174
0.014572
0.0104198
0.00358638
-0.00468208
-0.0120471
-0.0160959
-0.0155687
-0.0108523
-0.00377508
0.00344106
0.00919911
0.0129172
0.0146643
0.0145141
0.0121036
0.00718428
0.000274529
-0.00707323
-0.0127639
-0.0150649
-0.0134051
-0.00850868
-0.00205191
0.00418578
0.00901268
0.0119793
0.0130452
0.0121123
0.0089604
0.00374399
-0.00262582
-0.00857
-0.0124043
-0.0130575
-0.0104739
-0.00559902
9.48546e-05
0.00524171
0.00900601
0.01108
0.0113983
0.00983623
0.00637782
0.00144657
-0.00393653
-0.00836615
-0.0106134
-0.0100586
-0.00701644
-0.00235384
0.00252208
0.00687472
0.00967921
0.0114265
0.0110779
0.00985107
0.00645807
0.00222981
6.6471e-05
0.0956619
0.0950988
0.0931008
0.0896388
0.083701
0.0737749
0.0581033
0.0336486
0.000190994
-0.044138
-0.0852715
-0.107328
-0.119083
-0.120077
-0.100265
-0.0688261
-0.0357255
-0.00615524
0.016506
0.0308452
0.0345133
0.026595
0.0122028
0.00150734
7.7224e-05
0.00544339
0.0124556
0.0185509
0.0233186
0.0271353
0.0301122
0.0322791
0.0343433
0.0350192
0.0311857
0.0208113
0.00694968
-0.00204771
-0.00104316
0.00713376
0.0157153
0.0213762
0.0239691
0.0243815
0.0238096
0.023724
0.0243403
0.0234401
0.0180944
0.0081523
-0.00242597
-0.0079961
-0.00590116
0.00193388
0.0108726
0.0174174
0.0205455
0.0211444
0.0208947
0.0209687
0.0206109
0.0177283
0.0108842
0.00127555
-0.0073577
-0.010981
-0.00814784
-0.00068364
0.00776628
0.0142981
0.0179024
0.0192067
0.0194693
0.0193047
0.0177848
0.0134422
0.0059242
-0.00297952
-0.00996715
-0.0121434
-0.00882405
-0.00176686
0.0060577
0.0122943
0.0160828
0.0178119
0.0182627
0.0175701
0.0149351
0.00957003
0.00191143
-0.00601133
-0.0114171
-0.0123208
-0.00858693
-0.00191975
0.00523486
0.0109981
0.014669
0.0164479
0.0167315
0.0153617
0.0117848
0.00583866
-0.00149647
-0.00818439
-0.0120137
-0.0117588
-0.00770369
-0.00146748
0.00494342
0.0100622
0.0133298
0.0148076
0.0146244
0.0125306
0.00829009
0.00225987
-0.00428132
-0.00948631
-0.0117434
-0.0104583
-0.0062259
-0.000533947
0.00500658
0.00929257
0.0118953
0.0127932
0.0119686
0.00926076
0.00476823
-0.000795868
-0.00609774
-0.00963361
-0.0103852
-0.00824262
-0.00400821
0.00101203
0.00558027
0.00892002
0.0107417
0.0110098
0.00966868
0.00671189
0.00246692
-0.00223599
-0.00618789
-0.00828293
-0.00791623
-0.00532976
-0.00125955
0.00303495
0.0068942
0.00937217
0.0108784
0.0105986
0.00933579
0.00673514
0.00180628
0.00211589
0.0918713
0.0911417
0.0885894
0.0844094
0.0776714
0.0671358
0.0515506
0.0288378
-0.000612193
-0.037013
-0.0708997
-0.0907307
-0.100882
-0.101327
-0.0860024
-0.0611994
-0.0341115
-0.0091387
0.010619
0.0236632
0.0283063
0.0241692
0.0150298
0.00798154
0.00706876
0.0109894
0.0164503
0.0215784
0.0258952
0.029614
0.0329446
0.0359292
0.0385397
0.0392927
0.0355358
0.0262638
0.0148348
0.00789344
0.00871055
0.0146015
0.020783
0.0250349
0.0272377
0.0279468
0.0278808
0.0280283
0.0286149
0.0279349
0.0235573
0.0151901
0.00607794
0.00101765
0.00232583
0.0084641
0.015625
0.0209361
0.0235359
0.0240739
0.0238511
0.023869
0.0236087
0.0213107
0.0155974
0.00733093
-0.000279826
-0.00366408
-0.00154391
0.00458293
0.0116355
0.0171403
0.0201799
0.0212184
0.0213238
0.0211141
0.0198759
0.0162983
0.00991451
0.00215107
-0.00410893
-0.00624755
-0.0036002
0.00233849
0.00900579
0.0143481
0.0175688
0.018957
0.0192128
0.0185687
0.0163831
0.0119018
0.00534792
-0.00161015
-0.0065183
-0.00754155
-0.00448821
0.00118393
0.00733721
0.0123064
0.0154354
0.0168742
0.0170114
0.0158124
0.012825
0.00782189
0.00151636
-0.00438834
-0.00792261
-0.00792042
-0.00456197
0.000764015
0.00629398
0.0107138
0.0134978
0.014693
0.0144651
0.0126774
0.00912631
0.00403003
-0.00161235
-0.00623477
-0.00838585
-0.00746401
-0.00393198
0.000931506
0.00570886
0.00940557
0.0116202
0.01234
0.0116054
0.0093245
0.00556292
0.000854032
-0.00372447
-0.00688261
-0.00768599
-0.0059836
-0.00242366
0.00187053
0.00580959
0.00869091
0.0102448
0.0104518
0.00931317
0.0068412
0.00328985
-0.000690068
-0.00409999
-0.00598492
-0.00577743
-0.0036504
-0.000201831
0.00347231
0.00680017
0.00893114
0.0101807
0.00996481
0.00864849
0.00683527
0.00128891
0.00402476
0.0883813
0.0875202
0.084531
0.0798111
0.0725182
0.0616666
0.0463918
0.0253447
-0.000800164
-0.0313614
-0.0597733
-0.0776791
-0.0869162
-0.087277
-0.0751626
-0.0551777
-0.032723
-0.0114781
0.00584216
0.0177795
0.0230762
0.0216338
0.0162723
0.0119626
0.0116843
0.0148466
0.0193353
0.0237741
0.0276991
0.031209
0.0344931
0.0376401
0.0403714
0.041178
0.0379027
0.030174
0.0211942
0.0159177
0.0162819
0.0202308
0.0245895
0.0277873
0.0296416
0.0305048
0.030835
0.0312413
0.0318372
0.031293
0.0276866
0.0207114
0.0129628
0.00843404
0.00912372
0.0138405
0.0194649
0.0236808
0.0257986
0.0262891
0.0261212
0.0261091
0.0259269
0.0241484
0.0195036
0.0125523
0.00595743
0.00279814
0.00425469
0.00913335
0.0148916
0.019437
0.0219429
0.0227402
0.0227152
0.0224641
0.0214774
0.0186209
0.0133486
0.00673496
0.00122702
-0.00085384
0.00114067
0.00599298
0.0115429
0.0160222
0.0186962
0.0197644
0.0198435
0.0192358
0.0174625
0.0138264
0.00836678
0.00239572
-0.00197859
-0.00309189
-0.000699943
0.0039925
0.00916
0.0133499
0.0159528
0.0170687
0.0170647
0.0160125
0.0135688
0.00947128
0.00419244
-0.000898324
-0.00409501
-0.00431137
-0.00162926
0.00279733
0.00745392
0.011184
0.0134983
0.014424
0.0141446
0.0126241
0.00970743
0.00550826
0.000767811
-0.00323531
-0.00523364
-0.00463854
-0.00178474
0.00226217
0.00628381
0.00940065
0.01124
0.0117886
0.0111224
0.00921669
0.00612535
0.00223606
-0.00161354
-0.00435771
-0.00517071
-0.00386941
-0.000957403
0.00262679
0.00594748
0.00838128
0.00967766
0.00982276
0.0088559
0.00681301
0.00389805
0.000610205
-0.00225257
-0.00389671
-0.00380957
-0.002106
0.00074837
0.00382159
0.00663043
0.00842672
0.00942724
0.0092691
0.00788587
0.00679006
0.000755771
0.00561002
0.0852437
0.0842815
0.0809557
0.0758414
0.0681804
0.0572117
0.0423639
0.0228266
-0.000602621
-0.0267873
-0.0510028
-0.0670558
-0.0753737
-0.0757885
-0.0662331
-0.0500704
-0.0313677
-0.0131952
0.00207414
0.0130613
0.0187831
0.0192527
0.0165828
0.0143311
0.0147226
0.0175398
0.0214161
0.0253477
0.0289275
0.0321912
0.0352749
0.038249
0.0408112
0.0416585
0.0391484
0.0331521
0.026209
0.0219413
0.0217357
0.0242804
0.0273864
0.0298286
0.0313655
0.0322393
0.0328002
0.0334273
0.0340718
0.0336194
0.0305524
0.0246628
0.0180973
0.0141555
0.0144792
0.0180853
0.0224453
0.0257382
0.0274327
0.0278745
0.0277748
0.0277643
0.0276408
0.0262694
0.0225272
0.0167424
0.0110731
0.00813846
0.00903762
0.0128626
0.0175144
0.021219
0.0232473
0.0238388
0.0237194
0.0234369
0.0226511
0.0204087
0.0161292
0.0105782
0.00578357
0.00377204
0.00518529
0.0090696
0.0136261
0.0173338
0.0195168
0.0203056
0.020238
0.0196559
0.0182274
0.0153303
0.0108641
0.00581978
0.00196787
0.000794215
0.00258981
0.00639173
0.0106646
0.0141487
0.0162781
0.0171092
0.0169812
0.0160459
0.0140636
0.0107649
0.00642534
0.00210812
-0.000743194
-0.00113512
0.000937306
0.00454235
0.00840018
0.0115022
0.013394
0.0140817
0.0137519
0.012449
0.010072
0.00666542
0.00275361
-0.00065237
-0.00247386
-0.00215157
9.37733e-05
0.00339688
0.00672781
0.0093174
0.0108205
0.0112176
0.0106025
0.00900569
0.00648373
0.00331636
0.000136446
-0.00220137
-0.00298986
-0.00202782
0.000307826
0.00325046
0.00600979
0.00803942
0.00910694
0.00919751
0.00836997
0.00668344
0.00430976
0.00163016
-0.000730477
-0.00213203
-0.00212611
-0.000784426
0.0015439
0.00407824
0.00641721
0.00791375
0.00868912
0.00858275
0.00713091
0.00664125
0.000282868
0.0067566
0.0824981
0.0814598
0.0778809
0.0724859
0.0645928
0.0536294
0.0392433
0.0210119
-0.000227128
-0.0231429
-0.0441985
-0.0587374
-0.0664405
-0.0670552
-0.0594136
-0.0460807
-0.0302409
-0.0144826
-0.000860402
0.00935532
0.0153543
0.0171842
0.0164387
0.0157067
0.0166885
0.0193787
0.0228827
0.0264541
0.0297471
0.0327684
0.0356213
0.0383477
0.040664
0.0415249
0.0396767
0.0350492
0.0295939
0.0260242
0.0254802
0.0271438
0.0294237
0.031324
0.0325792
0.0333657
0.0339913
0.0347298
0.0354184
0.0350596
0.0323992
0.0273537
0.0217987
0.0184486
0.0185762
0.0213155
0.0246724
0.027228
0.0285631
0.0289387
0.0288942
0.0289102
0.0288391
0.0277621
0.0247077
0.019859
0.0149683
0.0122653
0.012768
0.0157833
0.0195469
0.0225485
0.0241648
0.0245844
0.0244041
0.0241061
0.0234706
0.0217073
0.0182395
0.0135898
0.00941873
0.00748507
0.00842947
0.0115242
0.0152622
0.0183216
0.0200853
0.0206419
0.0204633
0.0199015
0.0187414
0.0164397
0.0128048
0.0085625
0.00518063
0.00397406
0.00527277
0.00832666
0.0118466
0.0147335
0.0164615
0.0170557
0.0168284
0.015983
0.0143668
0.0117212
0.00817508
0.00453458
0.00200453
0.00148248
0.00304415
0.00595237
0.00913086
0.0116988
0.0132337
0.0137238
0.0133514
0.0122182
0.010272
0.00751614
0.0043072
0.00142883
-0.000215577
-0.000104892
0.00163248
0.00430507
0.00704761
0.00918876
0.0104088
0.0106808
0.0101049
0.00875116
0.00668424
0.00410869
0.00149625
-0.000478851
-0.00122225
-0.000528087
0.00132928
0.00373118
0.00601436
0.0077018
0.008578
0.00862463
0.00790807
0.00650438
0.00456447
0.00238298
0.000447123
-0.000734297
-0.000777604
0.00027457
0.00216718
0.00424918
0.00618888
0.0074327
0.0080157
0.00795448
0.00644366
0.00643097
-7.76081e-05
0.00743885
0.0801741
0.0790802
0.075316
0.0697276
0.0616979
0.0508075
0.0368654
0.0197221
0.000218709
-0.0202533
-0.0389264
-0.0521951
-0.0593532
-0.0601348
-0.0539415
-0.0427773
-0.0291761
-0.0153318
-0.0030384
0.00653507
0.0126899
0.0154658
0.0160827
0.0164703
0.0179533
0.0206315
0.0239074
0.0272188
0.030278
0.0330833
0.0357223
0.0382251
0.0403237
0.0411622
0.0397576
0.0360877
0.0316951
0.0286839
0.0280158
0.0291506
0.0308885
0.0324
0.0334192
0.0340795
0.034661
0.035396
0.0360818
0.0358172
0.0335358
0.029223
0.0245136
0.0216405
0.0216017
0.0236689
0.0262735
0.0282743
0.0293159
0.0296045
0.0295815
0.0296288
0.0296128
0.0287502
0.026188
0.0220341
0.0177598
0.0152949
0.0155609
0.0179884
0.0210657
0.0235017
0.0247743
0.0250492
0.0248302
0.0245335
0.0240108
0.0225982
0.0197432
0.0157963
0.0121288
0.0102805
0.0108874
0.0133901
0.0164964
0.0190371
0.0204556
0.0208251
0.0205683
0.0200277
0.0190669
0.017213
0.014222
0.0106204
0.00762828
0.00641147
0.00732994
0.00980261
0.0127317
0.0151426
0.0165461
0.016952
0.0166523
0.0158765
0.0145364
0.0123898
0.00946532
0.0063711
0.00411408
0.00350323
0.00466707
0.00702513
0.00966375
0.0118048
0.013054
0.0133887
0.0129855
0.0119818
0.0103628
0.00810778
0.00545239
0.00300302
0.00151639
0.00147306
0.0028138
0.00498662
0.00725934
0.00904149
0.0100363
0.0102112
0.00966735
0.0084994
0.00677914
0.00465985
0.00249452
0.000816034
0.000123198
0.000617769
0.00210232
0.00407632
0.00597959
0.00739356
0.00811852
0.00813271
0.0075039
0.00631754
0.00470949
0.00291264
0.00131144
0.000311544
0.000240345
0.00107341
0.00262532
0.00434913
0.00596813
0.00701
0.0074372
0.00741359
0.0058606
0.00619798
-0.0003067
0.00771637
0.0782934
0.0771601
0.0732647
0.0675476
0.0594444
0.0486533
0.0350994
0.0188199
0.000644035
-0.0180441
-0.0349786
-0.0472778
-0.0540578
-0.0550228
-0.0498984
-0.0403117
-0.0283599
-0.0159471
-0.00465881
0.00442616
0.0106771
0.0141104
0.0156762
0.0168649
0.0187425
0.0214599
0.0246042
0.0277365
0.030616
0.033243
0.035702
0.0380212
0.0399479
0.0407579
0.0396533
0.0366396
0.0329872
0.0304045
0.0297166
0.0305381
0.0319213
0.0331567
0.0339884
0.0345251
0.0350248
0.0356989
0.0363472
0.0361618
0.0342168
0.0305092
0.0264426
0.0238949
0.0237101
0.0253016
0.0273837
0.0289902
0.0298026
0.0299951
0.0299584
0.0300207
0.0300533
0.0293545
0.0271481
0.0235014
0.0197006
0.0174531
0.0175858
0.0195923
0.0221559
0.0241573
0.0251558
0.0253091
0.0250607
0.0247749
0.0243402
0.0231766
0.0207562
0.0173181
0.0140299
0.01227
0.0126613
0.0147501
0.0173928
0.0195357
0.0206801
0.0209021
0.0205924
0.0200748
0.0192586
0.0177225
0.015196
0.0120679
0.00937402
0.00816428
0.00881733
0.0108715
0.0133658
0.0154168
0.016569
0.0168306
0.0164815
0.015761
0.0146207
0.0128327
0.0103613
0.00767461
0.00563042
0.00496479
0.00584185
0.00779554
0.0100323
0.0118512
0.0128826
0.0131003
0.0126777
0.0117712
0.0103902
0.00849857
0.0062495
0.00412219
0.00276222
0.00261395
0.0036656
0.00546787
0.00738833
0.00889899
0.00972323
0.00982646
0.00930907
0.00827922
0.00681202
0.00502543
0.00318952
0.00173486
0.0010874
0.00144137
0.00265294
0.00430868
0.00592626
0.00713327
0.00774421
0.00773562
0.00717439
0.00614947
0.00478472
0.0032696
0.00191573
0.00105374
0.000967405
0.00164309
0.00294328
0.00439928
0.00577456
0.00666299
0.00696999
0.00697536
0.00539748
0.0059734
-0.000419521
0.00770447
0.0768713
0.0757116
0.0717276
0.0659291
0.057791
0.0470969
0.033852
0.0182156
0.00100242
-0.0164338
-0.0321453
-0.043725
-0.0502114
-0.0513019
-0.0469207
-0.0384475
-0.0276792
-0.0163043
-0.00575568
0.00295828
0.00925116
0.013115
0.0153177
0.0170564
0.0192231
0.0219914
0.0250595
0.0280699
0.0308184
0.0333105
0.0356324
0.0378141
0.0396177
0.040406
0.0395018
0.0369266
0.0337735
0.0314959
0.0308239
0.0314621
0.0326192
0.0336654
0.0343582
0.0347938
0.0352182
0.0358287
0.0364352
0.0363018
0.0345965
0.0313123
0.0276858
0.0253595
0.0250866
0.0263767
0.02812
0.0294603
0.0301043
0.0302105
0.0301425
0.0302022
0.0302688
0.029693
0.0277484
0.0244712
0.0210171
0.0189338
0.0189788
0.0206911
0.0228923
0.0245827
0.0253781
0.0254338
0.025159
0.0248846
0.0245181
0.0235295
0.0214071
0.0183192
0.0153
0.0136186
0.0138812
0.0156934
0.0180113
0.0198646
0.0208033
0.0209136
0.020568
0.0200725
0.0193594
0.0180397
0.0158285
0.0130256
0.0105425
0.00934838
0.00983109
0.0116039
0.0137976
0.0155916
0.0165595
0.0167154
0.0163344
0.0156571
0.0146561
0.0131115
0.0109478
0.00854151
0.00664844
0.00595184
0.0066378
0.00831498
0.0102725
0.0118635
0.0127387
0.0128734
0.0124405
0.011605
0.0103892
0.0087455
0.00677361
0.0048684
0.00359929
0.00338327
0.00423868
0.00578501
0.00745911
0.00877786
0.00948116
0.00953497
0.00903923
0.00810816
0.0068168
0.00525854
0.00364841
0.00234854
0.00173489
0.0019947
0.00301901
0.00445353
0.00587039
0.00693089
0.00746144
0.00743838
0.00692724
0.00601708
0.00482191
0.00350124
0.00231775
0.00155148
0.0014561
0.00202432
0.00314963
0.00441793
0.00561985
0.00639905
0.00661949
0.00664577
0.00505724
0.00578382
-0.000450807
0.00754202
0.0759182
0.0747421
0.070704
0.0648582
0.0567062
0.0460867
0.0330551
0.017844
0.00125585
-0.0153864
-0.0303243
-0.04144
-0.0477467
-0.0489344
-0.0450313
-0.0372651
-0.0272499
-0.0165395
-0.0064656
0.00201115
0.00832821
0.0124576
0.0150526
0.0171364
0.0194937
0.0223062
0.0253348
0.0282704
0.0309333
0.0333347
0.035564
0.037654
0.0393778
0.0401518
0.0393705
0.0370643
0.0342199
0.0321391
0.0314915
0.0320299
0.0330525
0.0339794
0.0345795
0.0349445
0.0353149
0.0358794
0.0364539
0.0363467
0.0347835
0.031757
0.0284027
0.0262216
0.0259107
0.0270291
0.0285706
0.0297453
0.0302782
0.0303211
0.0302245
0.030276
0.030362
0.0298661
0.0280924
0.0250553
0.0218249
0.0198472
0.019839
0.0213696
0.023344
0.024836
0.0254971
0.0254839
0.0251875
0.02492
0.0245991
0.023724
0.0217916
0.0189271
0.0160824
0.0144578
0.0146476
0.0162893
0.0184001
0.0200633
0.0208634
0.0208974
0.020528
0.0200489
0.0194027
0.0182186
0.0162035
0.013604
0.011256
0.0100782
0.0104624
0.0120635
0.014068
0.0156953
0.0165405
0.0166257
0.0162251
0.0155776
0.0146649
0.0132707
0.0112965
0.00906425
0.00726763
0.00655662
0.00712876
0.00863584
0.010418
0.0118628
0.012636
0.0127167
0.0122783
0.0114896
0.0103779
0.00888759
0.00708634
0.00531879
0.00410795
0.00385301
0.00458954
0.00597717
0.00749607
0.00869212
0.00931726
0.00933944
0.00885865
0.00799117
0.00681051
0.00539407
0.0039236
0.00272
0.00212875
0.00233209
0.00324139
0.00453786
0.00582778
0.00679451
0.00727324
0.00724109
0.00676259
0.00592571
0.00483734
0.00363805
0.00256059
0.00185426
0.00175423
0.00225664
0.00327307
0.00442334
0.00551447
0.00622339
0.00638739
0.0064263
0.00483489
0.00564611
-0.000443756
0.0073547
0.0754399
0.0742564
0.0701922
0.0643253
0.0561691
0.0455901
0.0326675
0.0176683
0.00138849
-0.0148673
-0.0294285
-0.040313
-0.0465271
-0.0477594
-0.0440858
-0.0366632
-0.0270179
-0.0166352
-0.00679735
0.00155906
0.00788327
0.012137
0.0149171
0.0171666
0.019617
0.0224526
0.0254627
0.0283615
0.0309813
0.0333368
0.0355201
0.0375655
0.0392519
0.0400207
0.0392997
0.0371227
0.0344261
0.0324402
0.0318068
0.0322998
0.0332587
0.0341271
0.0346801
0.0350082
0.0353507
0.035892
0.0364512
0.0363569
0.0348624
0.0319593
0.028735
0.026624
0.0262981
0.0273372
0.0287832
0.0298776
0.0303546
0.030364
0.0302514
0.0302988
0.0303959
0.0299403
0.0282495
0.0253279
0.0222056
0.0202798
0.0202477
0.0216915
0.0235565
0.0249515
0.0255453
0.0254958
0.0251869
0.0249229
0.0246265
0.0238094
0.0219725
0.0192195
0.0164618
0.014866
0.0150208
0.016579
0.0185872
0.020155
0.0208845
0.0208785
0.0204966
0.0200262
0.0194145
0.0182983
0.0163804
0.0138816
0.0116008
0.010432
0.0107694
0.0122873
0.0141988
0.0157427
0.0165256
0.0165746
0.0161642
0.0155322
0.0146638
0.0133433
0.0114611
0.00931331
0.00756383
0.00684655
0.00736455
0.00878953
0.0104863
0.0118591
0.0125815
0.0126354
0.0121949
0.0114299
0.0103697
0.00895364
0.00723434
0.0055327
0.00434974
0.00407621
0.00475596
0.00606703
0.00751057
0.00864665
0.00923351
0.0092405
0.00876795
0.00793236
0.00680601
0.00545809
0.00405444
0.00289656
0.00231566
0.00249164
0.00334558
0.00457527
0.0058035
0.00672452
0.0071781
0.00714204
0.0066804
0.00588008
0.00484407
0.0037035
0.0026768
0.00199876
0.00189597
0.00236629
0.00332981
0.00442264
0.00545959
0.00613424
0.00627053
0.00631643
0.00472451
0.00557634
-0.000433788
0.00724038
-0.591186
-0.280344
-0.172226
-0.591186
-0.280347
-0.493876
-0.499059
-0.586046
-0.493876
-0.499059
0.125943
0.424568
0.325106
0.340051
0.125941
0.424568
0.325105
-0.133471
-0.485786
-0.485786
-0.465138
-0.437902
-0.442837
-0.465528
-0.465138
-0.437903
-0.442837
0.498442
0.440981
0.498442
-0.444434
-0.423864
-0.444433
-0.423863
0.43271
0.497096
0.43271
-0.427442
-0.412561
-0.427441
-0.412559
0.28402
0.328183
0.0908693
0.414498
0.284019
0.328183
0.0908668
-0.176522
-0.176527
-0.40913
-0.409129
-0.406942
-0.401567
-0.392951
-0.405988
-0.406943
-0.401566
-0.392951
-0.191947
-0.575473
-0.325627
-0.191948
-0.575473
-0.423499
-0.545738
-0.414183
-0.423498
-0.545736
-0.414183
-0.36226
-0.20559
-0.446876
-0.152058
-0.36226
-0.20559
-0.446878
-0.436648
-0.553888
-0.481634
-0.438219
-0.436649
-0.553886
-0.481634
0.0957433
0.268545
0.10873
0.193844
0.095743
0.268545
0.108728
-0.580123
-0.586932
-0.562133
-0.617172
-0.563051
-0.617329
-0.579909
-0.483193
-0.472609
-0.482124
-0.484112
-0.483193
-0.47261
-0.482124
-0.125732
-0.450888
-0.465608
-0.458383
-0.461154
-0.458172
-0.461375
-0.451152
-0.412634
-0.41486
-0.414519
-0.412927
-0.418035
-0.416419
-0.416095
-0.418365
-0.408322
-0.403029
-0.402223
-0.408383
-0.401946
-0.410644
-0.407741
0.076508
0.185844
0.0810727
0.258344
0.0765058
0.185844
0.0810722
-0.468288
-0.323148
-0.226232
-0.228913
-0.471886
-0.377434
-0.385016
-0.363598
-0.399452
-0.377435
-0.385016
-0.363598
-0.441052
-0.15496
-0.356067
-0.215511
-0.441053
-0.15496
-0.356067
-0.416522
-0.409624
-0.389547
-0.514413
-0.416522
-0.409623
-0.389547
-0.46134
-0.593011
-0.444719
-0.61915
-0.445789
-0.620323
-0.460816
-0.440657
-0.277769
-0.195209
-0.197329
-0.444361
-0.461341
-0.593009
-0.444721
-0.619149
-0.445789
-0.620321
-0.460818
-0.440657
-0.277771
-0.195212
-0.19733
-0.444363
-0.511962
-0.499077
-0.49688
-0.49696
-0.512272
-0.580121
-0.58693
-0.562132
-0.617171
-0.563049
-0.617328
-0.579908
-0.511961
-0.499077
-0.49688
-0.49696
-0.512272
0.339029
0.124544
0.267263
0.115383
0.266627
0.113685
0.340538
0.389766
0.344044
0.213689
0.450775
0.184896
0.454826
0.392213
0.339028
0.124543
0.267262
0.115381
0.266626
0.113685
0.340537
0.389765
0.344043
0.213687
0.450774
0.184896
0.454826
0.392212
-0.125735
-0.485663
-0.485663
-0.435503
-0.436846
-0.449211
-0.429202
-0.449812
-0.428841
-0.435786
-0.450888
-0.465608
-0.458383
-0.461154
-0.458172
-0.461375
-0.451152
-0.435503
-0.436846
-0.449212
-0.429202
-0.449811
-0.428841
-0.435786
0.549463
0.4824
0.485519
0.547445
0.586249
0.603972
0.605102
0.584838
0.549463
0.482399
0.485519
0.547445
0.586248
0.603972
0.605101
0.584838
-0.411678
-0.413615
-0.413278
-0.412016
-0.412633
-0.41486
-0.414519
-0.412927
-0.411677
-0.413614
-0.413277
-0.412015
0.574508
0.599946
0.601116
0.572959
0.531442
0.457195
0.460696
0.529156
0.574508
0.599945
0.601116
0.572959
0.531441
0.457194
0.460695
0.529155
-0.416888
-0.417277
-0.41696
-0.417261
-0.418034
-0.416418
-0.416093
-0.418363
-0.416886
-0.417275
-0.416959
-0.417259
0.364723
0.305089
0.427602
0.170221
0.432112
0.137507
0.367703
0.315713
0.0895944
0.0704669
0.245459
0.0686351
0.244585
0.31766
0.364722
0.305088
0.427601
0.170219
0.432111
0.137506
0.367701
0.315712
0.0895926
0.070465
0.245457
0.0686339
0.244584
0.317659
-0.168384
-0.168387
-0.409328
-0.409327
-0.400548
-0.40238
-0.409249
-0.388903
-0.408946
-0.389233
-0.400413
-0.408321
-0.403028
-0.402221
-0.408381
-0.401945
-0.410643
-0.407739
-0.400547
-0.402379
-0.409247
-0.388902
-0.408946
-0.389233
-0.400412
-0.461498
-0.577597
-0.603311
-0.446005
-0.604862
-0.447269
-0.460553
-0.46829
-0.323151
-0.226235
-0.228916
-0.471888
-0.461501
-0.577597
-0.603311
-0.446007
-0.604862
-0.447271
-0.460556
-0.443548
-0.423558
-0.419883
-0.420277
-0.443558
-0.520227
-0.546974
-0.573694
-0.504158
-0.574225
-0.505416
-0.519794
-0.443548
-0.423558
-0.419882
-0.420277
-0.443557
-0.520227
-0.546973
-0.573693
-0.504159
-0.574224
-0.505417
-0.519795
-0.443253
-0.173143
-0.386575
-0.190338
-0.386457
-0.192543
-0.444446
0.334272
0.309007
0.378143
0.281566
0.334272
0.309007
0.378143
-0.414021
-0.442242
-0.443636
-0.44872
-0.414021
-0.442242
-0.443636
0.411023
0.337132
0.428099
0.326982
0.411023
0.337132
0.428099
0.545603
0.442269
0.519797
0.476855
0.521362
0.477979
0.544304
-0.478438
-0.444771
-0.49182
-0.440663
-0.478437
-0.444771
-0.49182
0.426982
0.325492
0.408327
0.336493
0.426982
0.325492
0.408328
0.562864
0.498248
0.574032
0.486766
0.575252
0.487964
0.561619
-0.54336
-0.461862
-0.538461
-0.458185
-0.543359
-0.461863
-0.53846
0.374017
0.279002
0.329532
0.307173
0.374017
0.279002
0.329532
-0.572753
-0.45248
-0.543222
-0.463404
-0.572753
-0.452481
-0.543222
-0.399899
-0.386603
-0.398275
-0.386969
-0.398949
-0.37345
-0.372747
-0.443253
-0.173142
-0.386576
-0.190339
-0.386456
-0.192544
-0.444446
-0.514569
-0.49422
-0.502089
-0.512206
-0.502381
-0.512132
-0.514549
-0.514568
-0.494218
-0.502089
-0.512206
-0.50238
-0.512131
-0.514548
0.567641
0.499586
0.490835
0.575692
0.492006
0.576914
0.566389
0.545603
0.442269
0.519797
0.476855
0.521361
0.477978
0.544304
0.567641
0.499586
0.490835
0.575692
0.492006
0.576914
0.566389
-0.41501
-0.444237
-0.414846
-0.430163
-0.414672
-0.430026
-0.415202
-0.413057
-0.423698
-0.42776
-0.413191
-0.427584
-0.413028
-0.41323
-0.415009
-0.444236
-0.414845
-0.430162
-0.414671
-0.430025
-0.415202
-0.413055
-0.423697
-0.427759
-0.41319
-0.427582
-0.413026
-0.413229
0.538122
0.434048
0.470831
0.510444
0.471992
0.511997
0.536826
0.562864
0.498248
0.574032
0.486766
0.575252
0.487964
0.561619
0.538122
0.434048
0.470832
0.510444
0.471992
0.511997
0.536826
-0.415692
-0.427241
-0.415219
-0.420959
-0.415049
-0.420799
-0.415868
-0.414017
-0.412458
-0.422995
-0.412538
-0.422824
-0.412376
-0.414232
-0.41569
-0.42724
-0.415219
-0.420958
-0.415048
-0.420798
-0.415867
-0.414016
-0.412456
-0.422993
-0.412538
-0.422823
-0.412375
-0.414231
-0.464444
-0.193074
-0.217842
-0.405399
-0.220371
-0.405359
-0.465465
-0.464445
-0.193076
-0.217843
-0.405401
-0.220372
-0.40536
-0.465466
-0.447732
-0.414596
-0.431945
-0.435857
-0.432101
-0.436624
-0.447533
-0.447732
-0.414596
-0.431945
-0.435856
-0.432101
-0.436624
-0.447533
0.103278
0.0873337
0.21242
0.0831338
0.211743
0.153025
0.153546
0.103277
0.0873331
0.21242
0.0831329
0.211742
0.153024
0.153546
-0.472708
-0.476366
-0.472624
-0.476281
-0.472523
-0.470778
-0.47088
-0.472708
-0.476366
-0.472624
-0.476281
-0.472523
-0.470778
-0.47088
0.0705119
0.192146
0.0614184
0.191246
0.0566518
0.134761
0.135458
0.07051
0.192145
0.0614176
0.191244
0.0566497
0.134758
0.135457
-0.399899
-0.386602
-0.398274
-0.386968
-0.398949
-0.373449
-0.372745
0.0479913
0.148031
0.0658304
0.100317
0.047991
0.148031
0.0658301
-0.399312
-0.453681
-0.477222
-0.407394
-0.399311
-0.453681
-0.477222
0.254006
0.256135
0.289026
0.218724
0.254006
0.256135
0.289026
-0.342724
-0.448388
-0.406362
-0.446854
-0.342724
-0.448388
-0.406361
0.284971
0.216487
0.251074
0.254029
0.284971
0.216487
0.251074
-0.54664
-0.426273
-0.51811
-0.441778
-0.546641
-0.426273
-0.518111
0.0580063
0.0965078
0.0440532
0.14266
0.0580057
0.0965077
0.0440529
-0.394735
-0.359255
-0.356336
-0.371651
-0.394735
-0.359255
-0.356336
)
;

boundaryField
{
    inlet
    {
        type            zeroGradient;
    }
    outlet
    {
        type            fixedValue;
        value           uniform 0;
    }
    top
    {
        type            symmetryPlane;
    }
    bottom
    {
        type            symmetryPlane;
    }
    front
    {
        type            symmetryPlane;
    }
    back
    {
        type            symmetryPlane;
    }
    cylinder
    {
        type            zeroGradient;
    }
}


// ************************************************************************* //
