/*--------------------------------*- C++ -*----------------------------------*\
  =========                 |
  \\      /  F ield         | OpenFOAM: The Open Source CFD Toolbox
   \\    /   O peration     | Website:  https://openfoam.org
    \\  /    A nd           | Version:  11
     \\/     M anipulation  |
\*---------------------------------------------------------------------------*/
FoamFile
{
    format      ascii;
    class       volScalarField;
    location    "3.036323";
    object      p;
}
// * * * * * * * * * * * * * * * * * * * * * * * * * * * * * * * * * * * * * //

dimensions      [0 2 -2 0 0 0 0];

internalField   nonuniform List<scalar> 
7132
(
0.0508026
0.049352
0.0444584
0.0372907
0.027243
0.0139836
-0.00261596
-0.0226213
-0.0455952
-0.0706774
-0.096541
-0.121353
-0.143982
-0.163299
-0.178364
-0.188512
-0.193267
-0.19248
-0.186399
-0.175711
-0.161477
-0.14497
-0.127464
-0.110062
-0.093592
-0.0785896
-0.0653297
-0.053886
-0.0441939
-0.0361062
-0.0294345
-0.0239789
-0.0195464
-0.015961
-0.0130685
-0.0107373
-0.00885779
-0.00733974
-0.00610999
-0.00510975
-0.00429215
-0.00362
-0.00306398
-0.00260102
-0.00221302
-0.00188583
-0.00160834
-0.00137183
-0.00116934
-0.000995191
-0.000844581
-0.000713405
-0.000598236
-0.000496509
-0.0004067
-0.000328261
-0.000261171
-0.000205278
-0.000159834
-0.000123503
-9.47425e-05
-7.21777e-05
-5.47193e-05
-4.14615e-05
-3.15531e-05
-2.41802e-05
-1.86345e-05
-1.43777e-05
-1.10503e-05
-8.43053e-06
-6.37798e-06
-4.79029e-06
-3.58067e-06
-2.6716e-06
-1.99544e-06
-1.4959e-06
-1.12806e-06
-8.57365e-07
-6.57775e-07
-5.10159e-07
-4.00564e-07
-3.18941e-07
-2.57962e-07
-2.123e-07
-1.7797e-07
-1.5204e-07
-1.32285e-07
-1.1709e-07
-1.05233e-07
-9.58523e-08
-8.82901e-08
-8.20942e-08
-7.69074e-08
-7.24909e-08
-6.86473e-08
-6.525e-08
-6.21896e-08
-5.93989e-08
-5.68179e-08
-5.44098e-08
-5.21428e-08
-4.99947e-08
-4.79504e-08
-4.5994e-08
-4.41209e-08
-4.23171e-08
-4.05852e-08
-3.89104e-08
-3.73012e-08
-3.57408e-08
-3.42422e-08
-3.27859e-08
-3.13891e-08
-3.00293e-08
-2.87274e-08
-2.7458e-08
-2.62452e-08
-2.50606e-08
-2.39317e-08
-2.2827e-08
-2.17772e-08
-2.07477e-08
-1.97724e-08
-1.88137e-08
-1.79085e-08
-1.70163e-08
-1.61768e-08
-1.53468e-08
-1.45688e-08
-1.37971e-08
-1.30765e-08
-1.2359e-08
-1.16918e-08
-1.10245e-08
-1.04067e-08
-9.78577e-09
-9.21349e-09
-8.63523e-09
-8.10467e-09
-7.56533e-09
-7.07275e-09
-6.5687e-09
-6.11042e-09
-5.63806e-09
-5.21053e-09
-4.76627e-09
-4.36612e-09
-3.94624e-09
-3.57057e-09
-3.17068e-09
-2.8177e-09
-2.43111e-09
-2.10256e-09
-1.71582e-09
-1.42628e-09
-1.00174e-09
-8.05521e-10
-2.55225e-10
-2.64519e-10
5.99795e-10
0.0513811
0.0499427
0.0450922
0.0379706
0.0279616
0.0147061
-0.00194924
-0.0221084
-0.0453342
-0.070763
-0.0969965
-0.122089
-0.144945
-0.164437
-0.179626
-0.189853
-0.194627
-0.193782
-0.18756
-0.176656
-0.162157
-0.145372
-0.127613
-0.110004
-0.0933846
-0.0782887
-0.0649829
-0.0535294
-0.0438521
-0.035794
-0.0291591
-0.0237423
-0.0193472
-0.0157959
-0.0129333
-0.0106277
-0.00876951
-0.00726898
-0.00605345
-0.00506464
-0.00425614
-0.00359121
-0.00304089
-0.0025824
-0.00219791
-0.00187347
-0.00159815
-0.00136336
-0.00116225
-0.000989225
-0.000839544
-0.000709131
-0.000594575
-0.000493322
-0.000403869
-0.000325702
-0.000258842
-0.000203175
-0.000157971
-0.00012189
-9.33716e-05
-7.10264e-05
-5.37584e-05
-4.06655e-05
-3.09033e-05
-2.36622e-05
-1.82328e-05
-1.40745e-05
-1.08261e-05
-8.26708e-06
-6.25995e-06
-4.70557e-06
-3.51996e-06
-2.62786e-06
-1.96348e-06
-1.47208e-06
-1.10997e-06
-8.43447e-07
-6.47056e-07
-5.0198e-07
-3.9442e-07
-3.14407e-07
-2.54662e-07
-2.09915e-07
-1.76244e-07
-1.50783e-07
-1.31362e-07
-1.16408e-07
-1.04729e-07
-9.54802e-08
-8.8016e-08
-8.18931e-08
-7.67595e-08
-7.2382e-08
-6.85666e-08
-6.519e-08
-6.21446e-08
-5.9365e-08
-5.67922e-08
-5.43901e-08
-5.21275e-08
-4.99826e-08
-4.79408e-08
-4.5986e-08
-4.41144e-08
-4.23112e-08
-4.05803e-08
-3.89058e-08
-3.72974e-08
-3.5737e-08
-3.4239e-08
-3.27825e-08
-3.13863e-08
-3.00262e-08
-2.87249e-08
-2.7455e-08
-2.62429e-08
-2.50578e-08
-2.39296e-08
-2.28243e-08
-2.17753e-08
-2.07452e-08
-1.97707e-08
-1.88113e-08
-1.79069e-08
-1.7014e-08
-1.61754e-08
-1.53447e-08
-1.45676e-08
-1.3795e-08
-1.30755e-08
-1.2357e-08
-1.16908e-08
-1.10226e-08
-1.04059e-08
-9.78405e-09
-9.21288e-09
-8.63362e-09
-8.1042e-09
-7.56385e-09
-7.07243e-09
-6.56732e-09
-6.11025e-09
-5.6368e-09
-5.2105e-09
-4.76513e-09
-4.36623e-09
-3.94522e-09
-3.57083e-09
-3.1698e-09
-2.81814e-09
-2.43035e-09
-2.10322e-09
-1.715e-09
-1.42745e-09
-1.00032e-09
-8.09395e-10
-2.4994e-10
-2.84111e-10
6.34878e-10
0.0525325
0.0511202
0.0463579
0.0393332
0.029407
0.0161659
-0.000595391
-0.0210621
-0.0447975
-0.0709371
-0.097927
-0.123579
-0.146893
-0.166733
-0.182171
-0.192558
-0.197374
-0.19642
-0.189917
-0.178576
-0.163537
-0.146188
-0.127911
-0.109883
-0.0929616
-0.0776784
-0.0642818
-0.0528102
-0.0431643
-0.0351668
-0.0286068
-0.0232686
-0.0189489
-0.0154662
-0.0126636
-0.0104091
-0.00859349
-0.00712796
-0.00594081
-0.0049748
-0.00418448
-0.00353394
-0.00299497
-0.0025454
-0.00216791
-0.00184894
-0.00157793
-0.00134657
-0.00114823
-0.000977492
-0.000829717
-0.000700886
-0.000587604
-0.00048732
-0.000398555
-0.000320859
-0.000254352
-0.000199016
-0.000154188
-0.000118544
-9.05012e-05
-6.86306e-05
-5.18058e-05
-3.91088e-05
-2.96894e-05
-2.27354e-05
-1.75363e-05
-1.35535e-05
-1.04335e-05
-7.96728e-06
-6.02877e-06
-4.52737e-06
-3.38388e-06
-2.52532e-06
-1.88712e-06
-1.41562e-06
-1.06831e-06
-8.1264e-07
-6.24182e-07
-4.84945e-07
-3.81734e-07
-3.0499e-07
-2.47708e-07
-2.04809e-07
-1.72508e-07
-1.48054e-07
-1.29366e-07
-1.14947e-07
-1.03656e-07
-9.46924e-08
-8.74374e-08
-8.14683e-08
-7.64476e-08
-7.2153e-08
-6.83982e-08
-6.5066e-08
-6.20531e-08
-5.92972e-08
-5.67418e-08
-5.43524e-08
-5.20992e-08
-4.99611e-08
-4.79244e-08
-4.59731e-08
-4.41043e-08
-4.23031e-08
-4.05737e-08
-3.89002e-08
-3.72927e-08
-3.57328e-08
-3.42354e-08
-3.27792e-08
-3.13834e-08
-3.00233e-08
-2.87224e-08
-2.74525e-08
-2.62407e-08
-2.50555e-08
-2.39276e-08
-2.28222e-08
-2.17735e-08
-2.07432e-08
-1.9769e-08
-1.88095e-08
-1.79054e-08
-1.70122e-08
-1.6174e-08
-1.5343e-08
-1.45663e-08
-1.37935e-08
-1.30743e-08
-1.23556e-08
-1.16898e-08
-1.10213e-08
-1.0405e-08
-9.78286e-09
-9.21205e-09
-8.63253e-09
-8.10347e-09
-7.56285e-09
-7.0718e-09
-6.56642e-09
-6.10971e-09
-5.63599e-09
-5.21006e-09
-4.7644e-09
-4.36588e-09
-3.94457e-09
-3.57058e-09
-3.16923e-09
-2.81803e-09
-2.42982e-09
-2.10338e-09
-1.71431e-09
-1.42863e-09
-9.98483e-10
-8.15423e-10
-2.40816e-10
-3.16606e-10
6.93264e-10
0.0542469
0.0528758
0.0482527
0.0413839
0.0315962
0.0183928
0.00148626
-0.0194415
-0.0439574
-0.0712107
-0.0993784
-0.125872
-0.149868
-0.17023
-0.186042
-0.196677
-0.20156
-0.200441
-0.193504
-0.181486
-0.165614
-0.147397
-0.128331
-0.109667
-0.0922932
-0.0767335
-0.063207
-0.0517151
-0.0421221
-0.0342204
-0.0277762
-0.0225579
-0.0183527
-0.0149736
-0.0122613
-0.0100834
-0.00833161
-0.00691834
-0.0057735
-0.00484141
-0.00407809
-0.00344892
-0.00292678
-0.00249043
-0.00212329
-0.00181244
-0.00154781
-0.00132151
-0.00112725
-0.000959864
-0.00081488
-0.000688362
-0.000576944
-0.000478081
-0.000390334
-0.00031335
-0.00024739
-0.00019258
-0.000148348
-0.000113394
-8.60956e-05
-6.49682e-05
-4.88378e-05
-3.67605e-05
-2.78752e-05
-2.13646e-05
-1.65165e-05
-1.27969e-05
-9.86603e-06
-7.53401e-06
-5.69349e-06
-4.2672e-06
-3.18328e-06
-2.3722e-06
-1.77131e-06
-1.32863e-06
-1.00324e-06
-7.64108e-07
-5.88061e-07
-4.58125e-07
-3.6188e-07
-2.90344e-07
-2.36939e-07
-1.96909e-07
-1.66721e-07
-1.43815e-07
-1.26259e-07
-1.12668e-07
-1.01985e-07
-9.34672e-08
-8.65395e-08
-8.08109e-08
-7.59665e-08
-7.1801e-08
-6.81406e-08
-6.48775e-08
-6.19151e-08
-5.91962e-08
-5.66679e-08
-5.42983e-08
-5.20597e-08
-4.9932e-08
-4.79032e-08
-4.59575e-08
-4.4093e-08
-4.22946e-08
-4.05676e-08
-3.88955e-08
-3.72894e-08
-3.57301e-08
-3.42336e-08
-3.27775e-08
-3.13824e-08
-3.00223e-08
-2.87219e-08
-2.74517e-08
-2.62404e-08
-2.50548e-08
-2.39275e-08
-2.28217e-08
-2.17734e-08
-2.07427e-08
-1.97691e-08
-1.8809e-08
-1.79055e-08
-1.70118e-08
-1.61741e-08
-1.53427e-08
-1.45665e-08
-1.37932e-08
-1.30746e-08
-1.23553e-08
-1.16901e-08
-1.1021e-08
-1.04053e-08
-9.78258e-09
-9.21245e-09
-8.63228e-09
-8.10392e-09
-7.56262e-09
-7.07229e-09
-6.56622e-09
-6.11025e-09
-5.63582e-09
-5.21064e-09
-4.76426e-09
-4.36651e-09
-3.94447e-09
-3.57128e-09
-3.16916e-09
-2.81885e-09
-2.42974e-09
-2.10451e-09
-1.71392e-09
-1.43098e-09
-9.96438e-10
-8.23718e-10
-2.29439e-10
-3.55648e-10
7.61945e-10
0.056508
0.0551958
0.0507708
0.0441297
0.0345539
0.0214325
0.0043602
-0.0171796
-0.0427659
-0.0715993
-0.101422
-0.129035
-0.153939
-0.174989
-0.1913
-0.202281
-0.20728
-0.205957
-0.198438
-0.185489
-0.168459
-0.149032
-0.128873
-0.109337
-0.0913516
-0.0754253
-0.0617341
-0.0502254
-0.0407128
-0.032947
-0.0266631
-0.021609
-0.017559
-0.0143193
-0.011728
-0.00965249
-0.00798557
-0.00664165
-0.00555284
-0.0046656
-0.00393794
-0.00333696
-0.00283701
-0.00241806
-0.00206454
-0.00176436
-0.0015081
-0.00128843
-0.00109951
-0.000936497
-0.000795151
-0.00067165
-0.000562669
-0.000465676
-0.000379284
-0.000303263
-0.000238054
-0.000183965
-0.000140546
-0.000106523
-8.023e-05
-6.01087e-05
-4.49229e-05
-3.36914e-05
-2.5533e-05
-1.9619e-05
-1.52332e-05
-1.18502e-05
-9.15298e-06
-6.98251e-06
-5.25941e-06
-3.92506e-06
-2.91648e-06
-2.16727e-06
-1.6161e-06
-1.21233e-06
-9.16723e-07
-7.00007e-07
-5.4066e-07
-4.23099e-07
-3.36014e-07
-2.71265e-07
-2.22892e-07
-1.86586e-07
-1.59147e-07
-1.38264e-07
-1.22192e-07
-1.09689e-07
-9.98012e-08
-9.18672e-08
-8.53672e-08
-7.99522e-08
-7.53376e-08
-7.13405e-08
-6.78035e-08
-6.46307e-08
-6.17344e-08
-5.90638e-08
-5.6571e-08
-5.42272e-08
-5.20076e-08
-4.98937e-08
-4.78751e-08
-4.59367e-08
-4.40777e-08
-4.22831e-08
-4.05592e-08
-3.88891e-08
-3.72848e-08
-3.57264e-08
-3.42309e-08
-3.27752e-08
-3.13808e-08
-3.00207e-08
-2.87209e-08
-2.74506e-08
-2.62397e-08
-2.5054e-08
-2.3927e-08
-2.2821e-08
-2.17731e-08
-2.07421e-08
-1.97689e-08
-1.88085e-08
-1.79054e-08
-1.70114e-08
-1.61741e-08
-1.53422e-08
-1.45666e-08
-1.37928e-08
-1.30746e-08
-1.2355e-08
-1.16902e-08
-1.10207e-08
-1.04055e-08
-9.7823e-09
-9.21267e-09
-8.63202e-09
-8.10418e-09
-7.5624e-09
-7.07259e-09
-6.56602e-09
-6.11059e-09
-5.63565e-09
-5.21102e-09
-4.76412e-09
-4.36693e-09
-3.94435e-09
-3.57174e-09
-3.16906e-09
-2.81943e-09
-2.42959e-09
-2.10545e-09
-1.71341e-09
-1.43333e-09
-9.94088e-10
-8.32377e-10
-2.17195e-10
-3.93584e-10
8.28479e-10
0.0592926
0.0580602
0.0539031
0.0475785
0.038312
0.0253472
0.00811624
-0.0141807
-0.0411543
-0.0721332
-0.104172
-0.133169
-0.159194
-0.181094
-0.198034
-0.20947
-0.214628
-0.213051
-0.204776
-0.190606
-0.172055
-0.15105
-0.129476
-0.108828
-0.0900756
-0.0737036
-0.0598253
-0.0483155
-0.0389209
-0.0313386
-0.0252652
-0.0204229
-0.0165709
-0.0135075
-0.0110682
-0.00912054
-0.00755918
-0.00630122
-0.00528164
-0.0044497
-0.0037659
-0.00319954
-0.00272679
-0.00232916
-0.00199231
-0.00170515
-0.00145911
-0.00124752
-0.00106507
-0.000907338
-0.000770364
-0.000650485
-0.000544437
-0.000449725
-0.00036503
-0.000290266
-0.00022608
-0.000172988
-0.000130668
-9.78728e-05
-7.28786e-05
-5.4043e-05
-4.00602e-05
-2.99053e-05
-2.26706e-05
-1.75095e-05
-1.36992e-05
-1.07259e-05
-8.30589e-06
-6.32309e-06
-4.73608e-06
-3.50985e-06
-2.59141e-06
-1.91698e-06
-1.42613e-06
-1.06965e-06
-8.10343e-07
-6.21075e-07
-4.82265e-07
-3.79975e-07
-3.0421e-07
-2.47844e-07
-2.05669e-07
-1.73939e-07
-1.49869e-07
-1.31462e-07
-1.17206e-07
-1.06035e-07
-9.71242e-08
-8.99062e-08
-8.3931e-08
-7.89009e-08
-7.45683e-08
-7.07778e-08
-6.7392e-08
-6.43299e-08
-6.15147e-08
-5.89034e-08
-5.6454e-08
-5.41418e-08
-5.19456e-08
-4.98486e-08
-4.78424e-08
-4.5913e-08
-4.40608e-08
-4.22709e-08
-4.05507e-08
-3.88829e-08
-3.72806e-08
-3.57234e-08
-3.42292e-08
-3.27739e-08
-3.13803e-08
-3.00203e-08
-2.8721e-08
-2.74506e-08
-2.62402e-08
-2.50543e-08
-2.39277e-08
-2.28213e-08
-2.17739e-08
-2.07425e-08
-1.97697e-08
-1.88089e-08
-1.79063e-08
-1.70118e-08
-1.6175e-08
-1.53427e-08
-1.45675e-08
-1.37932e-08
-1.30756e-08
-1.23554e-08
-1.16912e-08
-1.10211e-08
-1.04064e-08
-9.78268e-09
-9.2136e-09
-8.6324e-09
-8.10512e-09
-7.56275e-09
-7.07353e-09
-6.56637e-09
-6.11153e-09
-5.63599e-09
-5.21197e-09
-4.76445e-09
-4.36788e-09
-3.94467e-09
-3.57272e-09
-3.16936e-09
-2.82051e-09
-2.42981e-09
-2.10687e-09
-1.71321e-09
-1.43613e-09
-9.91918e-10
-8.41099e-10
-2.05566e-10
-4.26795e-10
8.85616e-10
0.0625691
0.0614415
0.0576346
0.0517369
0.0429092
0.0302175
0.0128757
-0.0103092
-0.0390209
-0.0728584
-0.10779
-0.13841
-0.165753
-0.188642
-0.206334
-0.218368
-0.223804
-0.221979
-0.212783
-0.197057
-0.176544
-0.153508
-0.130135
-0.108097
-0.0884098
-0.0715149
-0.0574369
-0.0459536
-0.0367258
-0.0293838
-0.0235772
-0.0189985
-0.0153896
-0.0125409
-0.0102851
-0.00849075
-0.00705544
-0.00589972
-0.00496222
-0.00419567
-0.00356362
-0.00303802
-0.00259726
-0.00222465
-0.00190735
-0.00163545
-0.00140134
-0.00119915
-0.00102421
-0.000872577
-0.000740627
-0.0006249
-0.000522235
-0.000430194
-0.000347542
-0.000274355
-0.000211503
-0.000159714
-0.000118803
-8.7538e-05
-6.41351e-05
-4.68594e-05
-3.43357e-05
-2.54891e-05
-1.93756e-05
-1.51204e-05
-1.1988e-05
-9.48105e-06
-7.36298e-06
-5.57789e-06
-4.13467e-06
-3.02692e-06
-2.21104e-06
-1.62369e-06
-1.20377e-06
-9.03053e-07
-6.86529e-07
-5.29537e-07
-4.14778e-07
-3.30274e-07
-2.67623e-07
-2.20924e-07
-1.85878e-07
-1.59405e-07
-1.39205e-07
-1.23644e-07
-1.11478e-07
-1.01839e-07
-9.40502e-08
-8.7655e-08
-8.22826e-08
-7.76943e-08
-7.36853e-08
-7.0132e-08
-6.69198e-08
-6.39848e-08
-6.12626e-08
-5.87194e-08
-5.63198e-08
-5.4044e-08
-5.18745e-08
-4.97969e-08
-4.78051e-08
-4.58859e-08
-4.40414e-08
-4.22569e-08
-4.05409e-08
-3.88759e-08
-3.7276e-08
-3.57201e-08
-3.42272e-08
-3.27726e-08
-3.13797e-08
-3.002e-08
-2.87213e-08
-2.74508e-08
-2.62409e-08
-2.50547e-08
-2.39286e-08
-2.28219e-08
-2.17749e-08
-2.07432e-08
-1.97707e-08
-1.88096e-08
-1.79073e-08
-1.70125e-08
-1.6176e-08
-1.53433e-08
-1.45685e-08
-1.37939e-08
-1.30766e-08
-1.2356e-08
-1.16922e-08
-1.10217e-08
-1.04075e-08
-9.78327e-09
-9.21463e-09
-8.63295e-09
-8.10613e-09
-7.56329e-09
-7.07453e-09
-6.56688e-09
-6.11252e-09
-5.63647e-09
-5.21293e-09
-4.7649e-09
-4.36883e-09
-3.94509e-09
-3.57366e-09
-3.16973e-09
-2.82153e-09
-2.43008e-09
-2.10821e-09
-1.71303e-09
-1.43877e-09
-9.89847e-10
-8.48934e-10
-1.95147e-10
-4.53495e-10
9.31037e-10
0.0662963
0.0653027
0.0619429
0.0566078
0.0483875
0.0361411
0.0187933
-0.00538244
-0.0362258
-0.0738574
-0.112517
-0.144929
-0.173756
-0.197764
-0.216338
-0.229122
-0.234912
-0.232807
-0.22249
-0.204839
-0.181882
-0.156325
-0.130746
-0.107037
-0.0862579
-0.0687821
-0.0545134
-0.043104
-0.0341075
-0.0270739
-0.0215985
-0.0173399
-0.0140219
-0.0114268
-0.00938596
-0.00777002
-0.00648044
-0.00544233
-0.00459888
-0.00390699
-0.00333387
-0.00285459
-0.0024501
-0.00210583
-0.00181063
-0.00155595
-0.00133529
-0.00114366
-0.000977107
-0.000832233
-0.000705824
-0.000594672
-0.000495758
-0.000406743
-0.000326495
-0.00025526
-0.000194127
-0.00014403
-0.000104897
-7.55064e-05
-5.4007e-05
-3.85756e-05
-2.77746e-05
-2.04775e-05
-1.56928e-05
-1.25022e-05
-1.01482e-05
-8.15511e-06
-6.35206e-06
-4.7646e-06
-3.46672e-06
-2.48503e-06
-1.78299e-06
-1.29398e-06
-9.54295e-07
-7.1643e-07
-5.47983e-07
-4.27205e-07
-3.39405e-07
-2.74817e-07
-2.26834e-07
-1.90938e-07
-1.63849e-07
-1.43235e-07
-1.27346e-07
-1.14951e-07
-1.05108e-07
-9.71725e-08
-9.06328e-08
-8.51528e-08
-8.0451e-08
-7.63542e-08
-7.27051e-08
-6.94154e-08
-6.63962e-08
-6.36025e-08
-6.09838e-08
-5.85162e-08
-5.6172e-08
-5.39367e-08
-5.17968e-08
-4.97408e-08
-4.77648e-08
-4.58571e-08
-4.40212e-08
-4.22427e-08
-4.05313e-08
-3.88694e-08
-3.7272e-08
-3.57176e-08
-3.42262e-08
-3.27722e-08
-3.13802e-08
-3.00207e-08
-2.87225e-08
-2.74521e-08
-2.62425e-08
-2.50562e-08
-2.39304e-08
-2.28235e-08
-2.17768e-08
-2.07448e-08
-1.97726e-08
-1.88112e-08
-1.79092e-08
-1.7014e-08
-1.61779e-08
-1.53448e-08
-1.45704e-08
-1.37953e-08
-1.30784e-08
-1.23574e-08
-1.1694e-08
-1.1023e-08
-1.04091e-08
-9.78449e-09
-9.21626e-09
-8.6341e-09
-8.1077e-09
-7.56437e-09
-7.07604e-09
-6.56789e-09
-6.11397e-09
-5.63742e-09
-5.21433e-09
-4.76578e-09
-4.37018e-09
-3.9459e-09
-3.57498e-09
-3.17047e-09
-2.82288e-09
-2.43068e-09
-2.10984e-09
-1.71315e-09
-1.44149e-09
-9.88171e-10
-8.55899e-10
-1.86443e-10
-4.74101e-10
9.65287e-10
0.0704212
0.0695957
0.0667949
0.0621873
0.0547912
0.0432366
0.0260695
0.000855549
-0.0325645
-0.075254
-0.118704
-0.152965
-0.183371
-0.208552
-0.228138
-0.241926
-0.248349
-0.246074
-0.234446
-0.214379
-0.188316
-0.159583
-0.13128
-0.105563
-0.0835229
-0.0654196
-0.0509896
-0.0397223
-0.0310394
-0.0243956
-0.0193242
-0.0154476
-0.012471
-0.0101701
-0.00837605
-0.00696332
-0.00583866
-0.00493298
-0.00419498
-0.00358649
-0.00307902
-0.0026512
-0.00228693
-0.00197402
-0.00170323
-0.00146754
-0.00126167
-0.00108161
-0.000924179
-0.000786611
-0.000666146
-0.000559896
-0.000465039
-0.000379377
-0.000301908
-0.000233042
-0.000174067
-0.000126088
-8.91252e-05
-6.19485e-05
-4.2645e-05
-2.93234e-05
-2.04971e-05
-1.4989e-05
-1.17427e-05
-9.77154e-06
-8.28171e-06
-6.82505e-06
-5.32271e-06
-3.9105e-06
-2.74588e-06
-1.89172e-06
-1.31279e-06
-9.32731e-07
-6.82032e-07
-5.1349e-07
-3.97811e-07
-3.16636e-07
-2.58202e-07
-2.15205e-07
-1.83058e-07
-1.58786e-07
-1.40244e-07
-1.25916e-07
-1.14646e-07
-1.05644e-07
-9.82901e-08
-9.21798e-08
-8.69771e-08
-8.24769e-08
-7.84926e-08
-7.49215e-08
-7.16573e-08
-6.86496e-08
-6.58369e-08
-6.31943e-08
-6.06861e-08
-5.82994e-08
-5.60144e-08
-5.38224e-08
-5.17141e-08
-4.96812e-08
-4.77222e-08
-4.58268e-08
-4.39999e-08
-4.22278e-08
-4.05213e-08
-3.88628e-08
-3.7268e-08
-3.57153e-08
-3.42254e-08
-3.27722e-08
-3.1381e-08
-3.00218e-08
-2.87242e-08
-2.74538e-08
-2.62446e-08
-2.50581e-08
-2.39326e-08
-2.28255e-08
-2.17791e-08
-2.07468e-08
-1.97749e-08
-1.88132e-08
-1.79115e-08
-1.7016e-08
-1.61801e-08
-1.53467e-08
-1.45725e-08
-1.37971e-08
-1.30805e-08
-1.23591e-08
-1.1696e-08
-1.10246e-08
-1.04111e-08
-9.78603e-09
-9.21812e-09
-8.63556e-09
-8.10948e-09
-7.56574e-09
-7.07775e-09
-6.56917e-09
-6.11559e-09
-5.63861e-09
-5.21587e-09
-4.76688e-09
-4.37163e-09
-3.9469e-09
-3.57637e-09
-3.17135e-09
-2.82427e-09
-2.4314e-09
-2.11143e-09
-1.71339e-09
-1.44397e-09
-9.86791e-10
-8.61718e-10
-1.79362e-10
-4.89452e-10
9.90423e-10
0.0748775
0.0742583
0.072143
0.0684579
0.0621575
0.0516345
0.0349456
0.00874293
-0.027763
-0.0772771
-0.126848
-0.16277
-0.194804
-0.221222
-0.241925
-0.256924
-0.264141
-0.261746
-0.248597
-0.225625
-0.195766
-0.163157
-0.131579
-0.103517
-0.0800673
-0.0613227
-0.0467949
-0.0357675
-0.0275025
-0.0213449
-0.0167598
-0.0133319
-0.0107495
-0.0087833
-0.00726705
-0.00608095
-0.00513889
-0.00437892
-0.00375637
-0.00323884
-0.00280272
-0.00243069
-0.00210992
-0.00183087
-0.00158639
-0.00137113
-0.00118113
-0.00101342
-0.000865685
-0.000735808
-0.000621556
-0.000520424
-0.000429863
-0.000347861
-0.000273577
-0.00020757
-0.000151277
-0.000105919
-7.1558e-05
-4.69427e-05
-3.01126e-05
-1.91541e-05
-1.2555e-05
-9.09016e-06
-7.61115e-06
-7.02561e-06
-6.47986e-06
-5.56139e-06
-4.31987e-06
-3.03985e-06
-1.98518e-06
-1.25635e-06
-8.09166e-07
-5.48039e-07
-3.93707e-07
-2.99306e-07
-2.39655e-07
-2.00407e-07
-1.72985e-07
-1.52724e-07
-1.37209e-07
-1.25133e-07
-1.1555e-07
-1.07807e-07
-1.01373e-07
-9.59197e-08
-9.11683e-08
-8.69653e-08
-8.31599e-08
-7.96832e-08
-7.64486e-08
-7.34266e-08
-7.05646e-08
-6.78514e-08
-6.52542e-08
-6.27693e-08
-6.03766e-08
-5.80744e-08
-5.58512e-08
-5.37043e-08
-5.16291e-08
-4.96202e-08
-4.76789e-08
-4.57962e-08
-4.39788e-08
-4.22134e-08
-4.0512e-08
-3.88569e-08
-3.72649e-08
-3.5714e-08
-3.42255e-08
-3.27731e-08
-3.13828e-08
-3.00239e-08
-2.87268e-08
-2.74564e-08
-2.62475e-08
-2.5061e-08
-2.39357e-08
-2.28284e-08
-2.17822e-08
-2.07497e-08
-1.9778e-08
-1.8816e-08
-1.79145e-08
-1.70187e-08
-1.6183e-08
-1.53493e-08
-1.45753e-08
-1.37996e-08
-1.30832e-08
-1.23614e-08
-1.16985e-08
-1.10269e-08
-1.04136e-08
-9.78812e-09
-9.22046e-09
-8.63751e-09
-8.1117e-09
-7.56755e-09
-7.07984e-09
-6.57087e-09
-6.11756e-09
-5.64018e-09
-5.21773e-09
-4.76833e-09
-4.37338e-09
-3.94821e-09
-3.57802e-09
-3.17253e-09
-2.82588e-09
-2.43238e-09
-2.11318e-09
-1.7139e-09
-1.44639e-09
-9.85836e-10
-8.66613e-10
-1.73883e-10
-5.00794e-10
1.0085e-09
0.0795837
0.079213
0.0779211
0.0753855
0.0705147
0.061487
0.0457321
0.0187718
-0.0214032
-0.0802432
-0.137746
-0.17478
-0.208185
-0.235674
-0.257704
-0.274488
-0.283133
-0.280902
-0.265969
-0.239309
-0.204601
-0.167123
-0.13155
-0.100739
-0.0757327
-0.0563648
-0.0418412
-0.0311854
-0.0234681
-0.01791
-0.0139038
-0.0109973
-0.00886428
-0.00727431
-0.00606664
-0.00512993
-0.00438726
-0.00378545
-0.00328755
-0.0028678
-0.00250811
-0.00219563
-0.0019212
-0.00167812
-0.00146154
-0.00126791
-0.00109464
-0.000939911
-0.000802267
-0.000680322
-0.000572425
-0.000476533
-0.000390449
-0.00031241
-0.000241756
-0.00017916
-0.000126131
-8.3918e-05
-5.25704e-05
-3.08087e-05
-1.66631e-05
-8.26419e-06
-4.11689e-06
-2.94762e-06
-3.4732e-06
-4.43773e-06
-4.89275e-06
-4.473e-06
-3.4073e-06
-2.18257e-06
-1.19729e-06
-5.86573e-07
-2.79689e-07
-1.47429e-07
-9.57749e-08
-7.89058e-08
-7.73261e-08
-8.14351e-08
-8.59947e-08
-8.90687e-08
-9.05542e-08
-9.09138e-08
-9.04572e-08
-8.94152e-08
-8.78991e-08
-8.60523e-08
-8.39439e-08
-8.16773e-08
-7.92899e-08
-7.68517e-08
-7.43774e-08
-7.19123e-08
-6.94579e-08
-6.70432e-08
-6.46644e-08
-6.23395e-08
-6.00638e-08
-5.78471e-08
-5.56865e-08
-5.35853e-08
-5.15436e-08
-4.95591e-08
-4.76357e-08
-4.57659e-08
-4.3958e-08
-4.21995e-08
-4.05031e-08
-3.88516e-08
-3.72623e-08
-3.57131e-08
-3.42262e-08
-3.27746e-08
-3.13851e-08
-3.00266e-08
-2.87299e-08
-2.74596e-08
-2.6251e-08
-2.50644e-08
-2.39393e-08
-2.28319e-08
-2.17858e-08
-2.07531e-08
-1.97815e-08
-1.88193e-08
-1.79179e-08
-1.70218e-08
-1.61863e-08
-1.53523e-08
-1.45785e-08
-1.38025e-08
-1.30862e-08
-1.23642e-08
-1.17015e-08
-1.10295e-08
-1.04163e-08
-9.79059e-09
-9.22311e-09
-8.63984e-09
-8.1142e-09
-7.56973e-09
-7.0822e-09
-6.57289e-09
-6.11978e-09
-5.64205e-09
-5.21979e-09
-4.77003e-09
-4.37529e-09
-3.94976e-09
-3.57979e-09
-3.1739e-09
-2.82757e-09
-2.43352e-09
-2.11492e-09
-1.71456e-09
-1.4486e-09
-9.85213e-10
-8.70595e-10
-1.69698e-10
-5.09058e-10
1.02143e-09
0.0844415
0.0843624
0.0840391
0.0829023
0.0798596
0.0729253
0.0587697
0.0315683
-0.0129787
-0.0848057
-0.152273
-0.189268
-0.223992
-0.252404
-0.275663
-0.29444
-0.304855
-0.303216
-0.286428
-0.255404
-0.214761
-0.171326
-0.130971
-0.0970037
-0.0703323
-0.0504147
-0.0360501
-0.0259387
-0.0189273
-0.0140997
-0.0107742
-0.00846508
-0.00683691
-0.00566289
-0.004792
-0.00412465
-0.00359553
-0.00316191
-0.00279585
-0.00247906
-0.00219953
-0.00194936
-0.00172326
-0.00151765
-0.00133009
-0.00115889
-0.00100295
-0.000861581
-0.000734247
-0.000620323
-0.0005188
-0.000428186
-0.000346729
-0.000272983
-0.000206478
-0.000147958
-9.88745e-05
-6.03862e-05
-3.24477e-05
-1.37529e-05
-2.42883e-06
3.26621e-06
4.74642e-06
3.34062e-06
5.34425e-07
-2.16649e-06
-3.66787e-06
-3.66845e-06
-2.64706e-06
-1.3664e-06
-3.94864e-07
1.06904e-07
2.63481e-07
2.57329e-07
2.02413e-07
1.41148e-07
8.46977e-08
3.71722e-08
5.79575e-10
-2.57837e-08
-4.41846e-08
-5.69111e-08
-6.55343e-08
-7.11587e-08
-7.45306e-08
-7.62656e-08
-7.67809e-08
-7.64355e-08
-7.54547e-08
-7.40464e-08
-7.23261e-08
-7.0413e-08
-6.83627e-08
-6.62439e-08
-6.40816e-08
-6.19151e-08
-5.97553e-08
-5.76234e-08
-5.55248e-08
-5.34689e-08
-5.14602e-08
-4.94998e-08
-4.75941e-08
-4.57371e-08
-4.39386e-08
-4.21868e-08
-4.04954e-08
-3.88474e-08
-3.72608e-08
-3.57138e-08
-3.42279e-08
-3.27771e-08
-3.13884e-08
-3.00301e-08
-2.87339e-08
-2.74636e-08
-2.62553e-08
-2.50686e-08
-2.39437e-08
-2.28361e-08
-2.17901e-08
-2.07572e-08
-1.97857e-08
-1.88232e-08
-1.7922e-08
-1.70256e-08
-1.61902e-08
-1.5356e-08
-1.45822e-08
-1.38059e-08
-1.30898e-08
-1.23675e-08
-1.17049e-08
-1.10326e-08
-1.04195e-08
-9.7935e-09
-9.22613e-09
-8.64255e-09
-8.11703e-09
-7.57225e-09
-7.08484e-09
-6.57522e-09
-6.12224e-09
-5.6442e-09
-5.22209e-09
-4.77201e-09
-4.37741e-09
-3.95155e-09
-3.58175e-09
-3.17549e-09
-2.82941e-09
-2.43486e-09
-2.11674e-09
-1.71544e-09
-1.45071e-09
-9.84956e-10
-8.73893e-10
-1.66657e-10
-5.15121e-10
1.0306e-09
0.0893354
0.089591
0.0903779
0.0909107
0.0901537
0.0861058
0.0745104
0.0481572
-0.00157667
-0.0919073
-0.172796
-0.206786
-0.241449
-0.270577
-0.295947
-0.318169
-0.331716
-0.331059
-0.311871
-0.275123
-0.226766
-0.175787
-0.129613
-0.0920183
-0.0636113
-0.0432894
-0.0293068
-0.0199649
-0.0138523
-0.00990655
-0.00737459
-0.0057442
-0.00467812
-0.00395981
-0.00345311
-0.00307396
-0.00277134
-0.00251486
-0.00228682
-0.00207727
-0.00188089
-0.00169508
-0.00151878
-0.00135168
-0.00119387
-0.00104563
-0.000907364
-0.000779531
-0.000662547
-0.000556578
-0.000461331
-0.000375962
-0.000299271
-0.000230214
-0.000168485
-0.000114782
-7.03782e-05
-3.61457e-05
-1.18746e-05
3.68767e-06
1.22118e-05
1.51704e-05
1.38158e-05
9.55216e-06
4.16927e-06
-4.54362e-07
-3.00923e-06
-3.28408e-06
-2.10653e-06
-6.13175e-07
4.1667e-07
8.17564e-07
8.09519e-07
6.54712e-07
4.91723e-07
3.54517e-07
2.42078e-07
1.52281e-07
8.44012e-08
3.54131e-08
6.4871e-10
-2.40404e-08
-4.14558e-08
-5.35338e-08
-6.16323e-08
-6.68273e-08
-6.98753e-08
-7.13839e-08
-7.17598e-08
-7.13445e-08
-7.0351e-08
-6.897e-08
-6.73091e-08
-6.54753e-08
-6.35216e-08
-6.15077e-08
-5.94595e-08
-5.74092e-08
-5.53702e-08
-5.33579e-08
-5.13811e-08
-4.94439e-08
-4.75551e-08
-4.57104e-08
-4.39209e-08
-4.21756e-08
-4.0489e-08
-3.88443e-08
-3.72602e-08
-3.57148e-08
-3.42303e-08
-3.27803e-08
-3.13923e-08
-3.00344e-08
-2.87385e-08
-2.74683e-08
-2.62601e-08
-2.50734e-08
-2.39486e-08
-2.28408e-08
-2.17949e-08
-2.07618e-08
-1.97904e-08
-1.88277e-08
-1.79265e-08
-1.703e-08
-1.61946e-08
-1.53601e-08
-1.45864e-08
-1.38099e-08
-1.30938e-08
-1.23712e-08
-1.17086e-08
-1.10361e-08
-1.04231e-08
-9.79684e-09
-9.22952e-09
-8.64568e-09
-8.12022e-09
-7.57517e-09
-7.08782e-09
-6.57793e-09
-6.12501e-09
-5.64669e-09
-5.22464e-09
-4.77428e-09
-4.37975e-09
-3.95359e-09
-3.58388e-09
-3.17729e-09
-2.83136e-09
-2.43638e-09
-2.1186e-09
-1.71648e-09
-1.45268e-09
-9.84987e-10
-8.76594e-10
-1.64488e-10
-5.19549e-10
1.03711e-09
0.0941322
0.0947578
0.0967833
0.0992373
0.101277
0.10102
0.0933342
0.0695646
0.0134593
-0.10218
-0.199525
-0.228979
-0.263627
-0.292052
-0.318728
-0.344814
-0.36231
-0.363961
-0.342628
-0.298978
-0.240869
-0.180409
-0.127167
-0.0854399
-0.0552927
-0.0348076
-0.0215151
-0.0132291
-0.00824616
-0.00535416
-0.00373711
-0.002868
-0.00241873
-0.00219167
-0.00207194
-0.00199546
-0.0019285
-0.00185494
-0.00176856
-0.00166854
-0.00155674
-0.00143622
-0.00131029
-0.00118208
-0.00105428
-0.000929168
-0.000808639
-0.000694316
-0.000587556
-0.000489357
-0.000400218
-0.000320058
-0.000248347
-0.000184488
-0.00012832
-8.03338e-05
-4.13518e-05
-1.18305e-05
8.64578e-06
2.12093e-05
2.7122e-05
2.74016e-05
2.30542e-05
1.56038e-05
7.28986e-06
5.28623e-07
-3.06885e-06
-3.41982e-06
-1.82763e-06
6.81578e-08
1.23331e-06
1.53336e-06
1.34054e-06
1.02793e-06
7.60185e-07
5.53683e-07
3.901e-07
2.6063e-07
1.63178e-07
9.29237e-08
4.28329e-08
6.90644e-09
-1.8797e-08
-3.6961e-08
-4.95108e-08
-5.79607e-08
-6.33902e-08
-6.66414e-08
-6.82921e-08
-6.88097e-08
-6.84989e-08
-6.76175e-08
-6.63223e-08
-6.4756e-08
-6.2998e-08
-6.11273e-08
-5.91838e-08
-5.721e-08
-5.5227e-08
-5.32554e-08
-5.13085e-08
-4.9393e-08
-4.75201e-08
-4.56869e-08
-4.39058e-08
-4.21665e-08
-4.04843e-08
-3.88428e-08
-3.72609e-08
-3.57167e-08
-3.42336e-08
-3.27846e-08
-3.13971e-08
-3.00395e-08
-2.87439e-08
-2.74738e-08
-2.62657e-08
-2.50789e-08
-2.39541e-08
-2.28463e-08
-2.18004e-08
-2.07671e-08
-1.97957e-08
-1.88328e-08
-1.79316e-08
-1.70348e-08
-1.61995e-08
-1.53647e-08
-1.4591e-08
-1.38143e-08
-1.30982e-08
-1.23754e-08
-1.17128e-08
-1.104e-08
-1.04271e-08
-9.8005e-09
-9.23319e-09
-8.64909e-09
-8.12362e-09
-7.57831e-09
-7.09097e-09
-6.58083e-09
-6.12794e-09
-5.64937e-09
-5.22735e-09
-4.77673e-09
-4.38223e-09
-3.9558e-09
-3.58613e-09
-3.17924e-09
-2.83341e-09
-2.43803e-09
-2.1205e-09
-1.71768e-09
-1.45457e-09
-9.85297e-10
-8.7887e-10
-1.63052e-10
-5.22833e-10
1.04167e-09
0.0986838
0.0997073
0.103061
0.107678
0.113016
0.117764
0.115833
0.098636
0.0342148
-0.1249
-0.240085
-0.251507
-0.285222
-0.31527
-0.345684
-0.377723
-0.400287
-0.403665
-0.379597
-0.327425
-0.257123
-0.184898
-0.123157
-0.0767806
-0.0449866
-0.0247065
-0.0125186
-0.00564945
-0.00207312
-0.000432531
0.000134991
0.000154145
-7.03269e-05
-0.000370356
-0.000659748
-0.000899421
-0.00107617
-0.0011902
-0.00124808
-0.00125888
-0.00123221
-0.00117707
-0.00110142
-0.00101191
-0.000913934
-0.000811743
-0.000708729
-0.000607652
-0.000510811
-0.000420086
-0.00033686
-0.000261929
-0.000195516
-0.000137492
-8.77168e-05
-4.62662e-05
-1.32963e-05
1.13341e-05
2.82373e-05
3.8237e-05
4.19487e-05
3.97393e-05
3.22971e-05
2.13426e-05
9.74859e-06
6.64651e-07
-3.91159e-06
-4.08434e-06
-1.77324e-06
7.22654e-07
2.08141e-06
2.25781e-06
1.84736e-06
1.36601e-06
9.99666e-07
7.33537e-07
5.24997e-07
3.59345e-07
2.34769e-07
1.45204e-07
8.12562e-08
3.51148e-08
1.83872e-09
-2.18854e-08
-3.84926e-08
-4.99048e-08
-5.75005e-08
-6.2336e-08
-6.51453e-08
-6.65104e-08
-6.68197e-08
-6.63921e-08
-6.54288e-08
-6.41054e-08
-6.2525e-08
-6.07842e-08
-5.89356e-08
-5.70312e-08
-5.50989e-08
-5.31643e-08
-5.12444e-08
-4.93486e-08
-4.74899e-08
-4.56672e-08
-4.38936e-08
-4.21598e-08
-4.04815e-08
-3.88427e-08
-3.72628e-08
-3.57198e-08
-3.4238e-08
-3.27897e-08
-3.14027e-08
-3.00454e-08
-2.875e-08
-2.74799e-08
-2.6272e-08
-2.50851e-08
-2.39603e-08
-2.28523e-08
-2.18064e-08
-2.0773e-08
-1.98015e-08
-1.88385e-08
-1.79371e-08
-1.70402e-08
-1.62048e-08
-1.53699e-08
-1.45961e-08
-1.38192e-08
-1.3103e-08
-1.238e-08
-1.17174e-08
-1.10444e-08
-1.04314e-08
-9.80464e-09
-9.23728e-09
-8.65297e-09
-8.12746e-09
-7.58193e-09
-7.09455e-09
-6.58418e-09
-6.13125e-09
-5.65245e-09
-5.23038e-09
-4.77952e-09
-4.38498e-09
-3.95829e-09
-3.58859e-09
-3.18142e-09
-2.8356e-09
-2.43987e-09
-2.12247e-09
-1.71903e-09
-1.45639e-09
-9.85838e-10
-8.80802e-10
-1.62166e-10
-5.25269e-10
1.04487e-09
0.102831
0.104255
0.108979
0.115865
0.125006
0.135622
0.142193
0.134618
0.0626607
-0.134227
-0.305922
-0.295015
-0.313957
-0.334067
-0.362448
-0.39838
-0.42789
-0.437511
-0.413616
-0.354793
-0.272694
-0.18812
-0.117227
-0.065985
-0.0327384
-0.013074
-0.00242749
0.00265433
0.00454906
0.00475051
0.00414829
0.00324461
0.00230459
0.00145502
0.000745564
0.000185313
-0.000236078
-0.000536897
-0.000737459
-0.000857305
-0.000913994
-0.000922666
-0.000895954
-0.000844068
-0.000775038
-0.000695074
-0.000608999
-0.000520681
-0.000433372
-0.000349877
-0.000272535
-0.00020307
-0.000142456
-9.09312e-05
-4.82135e-05
-1.37544e-05
1.31166e-05
3.3153e-05
4.70441e-05
5.50994e-05
5.70727e-05
5.25434e-05
4.18671e-05
2.70715e-05
1.18512e-05
2.67184e-07
-5.23157e-06
-5.00982e-06
-1.74744e-06
1.46224e-06
3.00546e-06
2.99773e-06
2.32417e-06
1.66252e-06
1.20564e-06
8.90726e-07
6.43817e-07
4.46055e-07
2.97408e-07
1.90988e-07
1.15002e-07
5.9906e-08
1.99493e-08
-8.67458e-09
-2.88453e-08
-4.28546e-08
-5.23483e-08
-5.85715e-08
-6.23951e-08
-6.45021e-08
-6.5354e-08
-6.53235e-08
-6.46506e-08
-6.35395e-08
-6.21144e-08
-6.04871e-08
-5.87214e-08
-5.68776e-08
-5.49894e-08
-5.30872e-08
-5.11907e-08
-4.9312e-08
-4.74658e-08
-4.5652e-08
-4.3885e-08
-4.21559e-08
-4.0481e-08
-3.88446e-08
-3.72665e-08
-3.57246e-08
-3.42437e-08
-3.27959e-08
-3.14093e-08
-3.00522e-08
-2.87569e-08
-2.74868e-08
-2.62789e-08
-2.50919e-08
-2.39671e-08
-2.28589e-08
-2.1813e-08
-2.07794e-08
-1.98078e-08
-1.88446e-08
-1.79432e-08
-1.70461e-08
-1.62106e-08
-1.53754e-08
-1.46016e-08
-1.38244e-08
-1.31082e-08
-1.2385e-08
-1.17223e-08
-1.10491e-08
-1.0436e-08
-9.80899e-09
-9.24155e-09
-8.65701e-09
-8.1314e-09
-7.58563e-09
-7.09816e-09
-6.58758e-09
-6.13459e-09
-5.65559e-09
-5.23347e-09
-4.78239e-09
-4.38778e-09
-3.96087e-09
-3.59111e-09
-3.18369e-09
-2.83784e-09
-2.44179e-09
-2.12445e-09
-1.7205e-09
-1.45816e-09
-9.86574e-10
-8.82486e-10
-1.61735e-10
-5.27121e-10
1.04705e-09
0.10641
0.108222
0.114258
0.123463
0.136642
0.154578
0.173123
0.189243
0.103399
-0.12339
-0.338054
-0.301331
-0.323186
-0.342416
-0.369885
-0.408028
-0.440439
-0.453974
-0.431932
-0.370398
-0.280897
-0.187194
-0.108917
-0.0536775
-0.0194666
-0.00076467
0.0080787
0.0111761
0.0112535
0.0099306
0.00811121
0.00626292
0.0046015
0.00320556
0.00208362
0.00121202
0.000555322
7.63753e-05
-0.0002592
-0.000481491
-0.000616021
-0.000683982
-0.000702589
-0.000685477
-0.000643188
-0.000583752
-0.000513334
-0.000436866
-0.000358543
-0.0002821
-0.00021079
-0.000147155
-9.27301e-05
-4.79113e-05
-1.21014e-05
1.59171e-05
3.75458e-05
5.39608e-05
6.57154e-05
7.24487e-05
7.29988e-05
6.61903e-05
5.21354e-05
3.32847e-05
1.42707e-05
1.31266e-07
-6.22576e-06
-5.5176e-06
-1.30443e-06
2.52432e-06
4.11296e-06
3.8028e-06
2.80015e-06
1.93632e-06
1.38791e-06
1.02753e-06
7.46046e-07
5.19584e-07
3.50006e-07
2.29361e-07
1.43306e-07
8.06694e-08
3.50709e-08
2.3277e-09
-2.08227e-08
-3.6997e-08
-4.80709e-08
-5.54484e-08
-6.01152e-08
-6.28386e-08
-6.41413e-08
-6.44404e-08
-6.40085e-08
-6.30736e-08
-6.17773e-08
-6.0244e-08
-5.8547e-08
-5.67534e-08
-5.49018e-08
-5.30261e-08
-5.11491e-08
-4.92844e-08
-4.74485e-08
-4.56421e-08
-4.38804e-08
-4.21551e-08
-4.04829e-08
-3.88486e-08
-3.72719e-08
-3.57312e-08
-3.42505e-08
-3.28031e-08
-3.14168e-08
-3.00597e-08
-2.87645e-08
-2.74944e-08
-2.62864e-08
-2.50993e-08
-2.39744e-08
-2.28661e-08
-2.18201e-08
-2.07863e-08
-1.98147e-08
-1.88513e-08
-1.79497e-08
-1.70524e-08
-1.62168e-08
-1.53815e-08
-1.46076e-08
-1.38302e-08
-1.31139e-08
-1.23904e-08
-1.17276e-08
-1.10543e-08
-1.0441e-08
-9.81386e-09
-9.24631e-09
-8.66157e-09
-8.13585e-09
-7.58988e-09
-7.10229e-09
-6.59151e-09
-6.1384e-09
-5.65918e-09
-5.23694e-09
-4.78564e-09
-4.3909e-09
-3.96375e-09
-3.59387e-09
-3.1862e-09
-2.84025e-09
-2.4439e-09
-2.12653e-09
-1.72212e-09
-1.45991e-09
-9.8749e-10
-8.83986e-10
-1.61647e-10
-5.28528e-10
1.0485e-09
0.109264
0.111406
0.118609
0.129845
0.147132
0.171723
0.207555
0.214102
0.194431
-0.140767
-0.429955
-0.318647
-0.32338
-0.342344
-0.367832
-0.407449
-0.442211
-0.457366
-0.435915
-0.373535
-0.280523
-0.181924
-0.0994376
-0.0419438
-0.00744649
0.0101617
0.0173138
0.0186142
0.0170692
0.0143973
0.0115097
0.00883915
0.00655467
0.00469028
0.00321704
0.00208183
0.00122691
0.000598561
0.0001501
-0.000157695
-0.000357174
-0.000474664
-0.000531217
-0.00054331
-0.000523568
-0.000481552
-0.000424595
-0.000358586
-0.000288569
-0.000219048
-0.000153945
-9.6293e-05
-4.78673e-05
-9.00736e-06
2.12017e-05
4.44248e-05
6.24267e-05
7.64477e-05
8.67108e-05
9.22143e-05
9.108e-05
8.16321e-05
6.39366e-05
4.09473e-05
1.81845e-05
1.54272e-06
-5.72803e-06
-4.77406e-06
-6.4299e-09
4.06413e-06
5.43588e-06
4.68511e-06
3.29583e-06
2.20724e-06
1.55712e-06
1.14707e-06
8.31788e-07
5.79416e-07
3.92007e-07
2.59728e-07
1.65579e-07
9.69134e-08
4.68386e-08
1.08566e-08
-1.4619e-08
-3.24751e-08
-4.4773e-08
-5.30431e-08
-5.83613e-08
-6.15607e-08
-6.32113e-08
-6.37648e-08
-6.35187e-08
-6.27196e-08
-6.15223e-08
-6.00614e-08
-5.84172e-08
-5.66619e-08
-5.48384e-08
-5.29831e-08
-5.11208e-08
-4.92669e-08
-4.74387e-08
-4.56378e-08
-4.38801e-08
-4.21576e-08
-4.04876e-08
-3.88547e-08
-3.72786e-08
-3.57387e-08
-3.42586e-08
-3.28113e-08
-3.14252e-08
-3.00681e-08
-2.87729e-08
-2.75027e-08
-2.62946e-08
-2.51074e-08
-2.39823e-08
-2.28739e-08
-2.18277e-08
-2.07938e-08
-1.9822e-08
-1.88584e-08
-1.79567e-08
-1.70592e-08
-1.62234e-08
-1.53879e-08
-1.46139e-08
-1.38363e-08
-1.31198e-08
-1.23962e-08
-1.17332e-08
-1.10596e-08
-1.04463e-08
-9.81886e-09
-9.25116e-09
-8.66619e-09
-8.14029e-09
-7.59407e-09
-7.10632e-09
-6.59535e-09
-6.14215e-09
-5.66275e-09
-5.24039e-09
-4.7889e-09
-4.39403e-09
-3.96667e-09
-3.59666e-09
-3.18876e-09
-2.84269e-09
-2.44607e-09
-2.12861e-09
-1.72381e-09
-1.46162e-09
-9.88552e-10
-8.85351e-10
-1.61855e-10
-5.29625e-10
1.04938e-09
0.111255
0.11365
0.121711
0.134614
0.155009
0.186668
0.235471
0.275975
0.332748
-0.111165
-0.321894
-0.323354
-0.342088
-0.368467
-0.406943
-0.440493
-0.454777
-0.432033
-0.367982
-0.273922
-0.174254
-0.0908417
-0.0329941
0.00110352
0.0177358
0.0236691
0.0237269
0.0210711
0.017475
0.0138538
0.0106175
0.00790396
0.00571723
0.00400275
0.00268715
0.00169722
0.000967583
0.000442906
7.75023e-05
-0.000165769
-0.000316784
-0.000399191
-0.000431362
-0.000427315
-0.000397667
-0.000350588
-0.000292658
-0.000229499
-0.00016605
-0.000106512
-5.40288e-05
-1.03428e-05
2.43267e-05
5.10324e-05
7.15225e-05
8.75244e-05
0.000100076
0.000109045
0.000113003
0.000109711
9.73381e-05
7.6102e-05
4.94309e-05
2.34918e-05
4.74351e-06
-3.44944e-06
-2.67128e-06
2.06965e-06
5.91923e-06
6.83367e-06
5.56943e-06
3.78625e-06
2.47017e-06
1.71026e-06
1.24625e-06
8.98319e-07
6.23883e-07
4.22382e-07
2.81293e-07
1.8117e-07
1.08161e-07
5.49217e-08
1.66807e-08
-1.04008e-08
-2.94099e-08
-4.25427e-08
-5.14199e-08
-5.71806e-08
-6.07028e-08
-6.25893e-08
-6.33149e-08
-6.31944e-08
-6.2487e-08
-6.13565e-08
-5.99443e-08
-5.83355e-08
-5.66061e-08
-5.48012e-08
-5.29594e-08
-5.11069e-08
-4.926e-08
-4.74369e-08
-4.56397e-08
-4.38846e-08
-4.21638e-08
-4.0495e-08
-3.88627e-08
-3.72874e-08
-3.57479e-08
-3.42678e-08
-3.28206e-08
-3.14345e-08
-3.00774e-08
-2.87821e-08
-2.75117e-08
-2.63035e-08
-2.51161e-08
-2.39908e-08
-2.28823e-08
-2.18359e-08
-2.08018e-08
-1.98298e-08
-1.8866e-08
-1.79642e-08
-1.70665e-08
-1.62306e-08
-1.53949e-08
-1.46206e-08
-1.38428e-08
-1.31262e-08
-1.24024e-08
-1.17393e-08
-1.10655e-08
-1.0452e-08
-9.82443e-09
-9.25658e-09
-8.67143e-09
-8.14537e-09
-7.59894e-09
-7.11106e-09
-6.59986e-09
-6.14646e-09
-5.66685e-09
-5.2443e-09
-4.79257e-09
-4.39751e-09
-3.96992e-09
-3.59971e-09
-3.19156e-09
-2.8453e-09
-2.44841e-09
-2.13079e-09
-1.72565e-09
-1.46334e-09
-9.89747e-10
-8.86606e-10
-1.62288e-10
-5.30464e-10
1.04983e-09
0.112278
0.114806
0.123338
0.13713
0.159381
0.195005
0.252804
0.320915
0.430816
-0.318601
-0.339813
-0.365309
-0.401897
-0.43332
-0.445784
-0.422408
-0.358798
-0.265727
-0.167522
-0.0854453
-0.0285136
0.00493917
0.0209291
0.0262853
0.0258198
0.022719
0.0187577
0.0148467
0.0113845
0.00849733
0.00617815
0.00436314
0.00297151
0.00192411
0.00115094
0.000593122
0.000202214
-6.0838e-05
-0.000227348
-0.000321989
-0.000363892
-0.000367671
-0.000344433
-0.000302762
-0.00024957
-0.000190703
-0.000131213
-7.53004e-05
-2.60413e-05
1.49087e-05
4.73777e-05
7.23959e-05
9.16153e-05
0.000106605
0.000118197
0.000126046
0.00012854
0.000123349
0.000108683
8.49475e-05
5.58727e-05
2.79474e-05
7.8405e-06
-1.10528e-06
-7.19279e-07
3.72733e-06
7.23634e-06
7.76294e-06
6.14495e-06
4.10771e-06
2.64344e-06
1.80853e-06
1.30675e-06
9.36838e-07
6.4865e-07
4.38817e-07
2.92683e-07
1.89246e-07
1.13914e-07
5.9021e-08
1.96143e-08
-8.28864e-09
-2.7883e-08
-4.14375e-08
-5.06202e-08
-5.66029e-08
-6.02868e-08
-6.2291e-08
-6.31023e-08
-6.30442e-08
-6.23821e-08
-6.12845e-08
-5.98961e-08
-5.83045e-08
-5.65875e-08
-5.47915e-08
-5.29561e-08
-5.11082e-08
-4.92645e-08
-4.74435e-08
-4.56478e-08
-4.38937e-08
-4.21736e-08
-4.05052e-08
-3.88732e-08
-3.72981e-08
-3.57584e-08
-3.42783e-08
-3.2831e-08
-3.14447e-08
-3.00874e-08
-2.87919e-08
-2.75213e-08
-2.6313e-08
-2.51253e-08
-2.39997e-08
-2.28911e-08
-2.18446e-08
-2.08102e-08
-1.98381e-08
-1.88741e-08
-1.7972e-08
-1.70741e-08
-1.6238e-08
-1.54021e-08
-1.46276e-08
-1.38496e-08
-1.31328e-08
-1.24088e-08
-1.17455e-08
-1.10715e-08
-1.04578e-08
-9.83e-09
-9.26195e-09
-8.6766e-09
-8.15033e-09
-7.60367e-09
-7.11546e-09
-6.60416e-09
-6.15065e-09
-5.67085e-09
-5.24812e-09
-4.7962e-09
-4.40095e-09
-3.97314e-09
-3.60274e-09
-3.19437e-09
-2.84791e-09
-2.45079e-09
-2.13296e-09
-1.72754e-09
-1.46504e-09
-9.91066e-10
-8.87787e-10
-1.62948e-10
-5.31119e-10
1.04991e-09
0.112278
0.114806
0.123338
0.13713
0.159381
0.195005
0.252803
0.331072
0.488681
-0.316865
-0.33981
-0.365272
-0.401814
-0.433208
-0.445682
-0.422364
-0.35884
-0.265825
-0.167635
-0.0855361
-0.0285678
0.00491942
0.0209335
0.0263028
0.0258417
0.0227395
0.0187742
0.0148573
0.0113899
0.00849829
0.00617588
0.00435888
0.00296637
0.00191895
0.0011464
0.000589497
0.000199735
-6.22489e-05
-0.000227842
-0.000321782
-0.000363223
-0.000366761
-0.000343468
-0.000301879
-0.000248854
-0.000190191
-0.000130901
-7.51669e-05
-2.60451e-05
1.48135e-05
4.72349e-05
7.22421e-05
9.14764e-05
0.000106493
0.00011812
0.000125998
0.000128513
0.000123334
0.000108672
8.49369e-05
5.58613e-05
2.79362e-05
7.83123e-06
-1.11174e-06
-7.23162e-07
3.72536e-06
7.23542e-06
7.7624e-06
6.1445e-06
4.10731e-06
2.64311e-06
1.80826e-06
1.30653e-06
9.36643e-07
6.48481e-07
4.3867e-07
2.92555e-07
1.89135e-07
1.13816e-07
5.89356e-08
1.95393e-08
-8.35483e-09
-2.79416e-08
-4.14896e-08
-5.06667e-08
-5.66446e-08
-6.03243e-08
-6.2325e-08
-6.31332e-08
-6.30725e-08
-6.24081e-08
-6.13086e-08
-5.99184e-08
-5.83254e-08
-5.66071e-08
-5.481e-08
-5.29736e-08
-5.11248e-08
-4.92803e-08
-4.74587e-08
-4.56624e-08
-4.39078e-08
-4.21873e-08
-4.05183e-08
-3.88859e-08
-3.73104e-08
-3.57704e-08
-3.429e-08
-3.28424e-08
-3.14559e-08
-3.00983e-08
-2.88024e-08
-2.75316e-08
-2.6323e-08
-2.51352e-08
-2.40088e-08
-2.29005e-08
-2.18537e-08
-2.08192e-08
-1.98468e-08
-1.88826e-08
-1.79803e-08
-1.70822e-08
-1.62459e-08
-1.54098e-08
-1.46351e-08
-1.38569e-08
-1.31399e-08
-1.24157e-08
-1.17522e-08
-1.1078e-08
-1.04641e-08
-9.8362e-09
-9.26799e-09
-8.68254e-09
-8.15626e-09
-7.60964e-09
-7.12149e-09
-6.60977e-09
-6.15577e-09
-5.67559e-09
-5.2525e-09
-4.8003e-09
-4.40476e-09
-3.97671e-09
-3.60603e-09
-3.19743e-09
-2.8507e-09
-2.45333e-09
-2.13521e-09
-1.72953e-09
-1.46672e-09
-9.9248e-10
-8.88866e-10
-1.63776e-10
-5.31567e-10
1.04966e-09
0.111254
0.11365
0.121711
0.134614
0.155008
0.186667
0.23547
0.303113
0.414197
-0.315628
-0.321923
-0.342075
-0.368361
-0.406722
-0.440211
-0.454556
-0.431961
-0.368076
-0.274143
-0.17451
-0.0910475
-0.0331225
0.00104766
0.0177311
0.0236937
0.0237637
0.0211083
0.0175058
0.013875
0.0106288
0.00790664
0.00571338
0.00399472
0.00267716
0.00168706
0.000958554
0.000435766
7.25916e-05
-0.000168522
-0.000317683
-0.000398678
-0.000429921
-0.000425401
-0.000395657
-0.000348761
-0.000291188
-0.000228454
-0.000165428
-0.00010626
-5.4064e-05
-1.05693e-05
2.40008e-05
5.06846e-05
7.12089e-05
8.72757e-05
9.99015e-05
0.000108934
0.000112937
0.000109671
9.73075e-05
7.60727e-05
4.94006e-05
2.34623e-05
4.71838e-06
-3.4676e-06
-2.68211e-06
2.06427e-06
5.91674e-06
6.8322e-06
5.56819e-06
3.78513e-06
2.46921e-06
1.70947e-06
1.24558e-06
8.9774e-07
6.23377e-07
4.21941e-07
2.8091e-07
1.80837e-07
1.07869e-07
5.46659e-08
1.64558e-08
-1.05992e-08
-2.95855e-08
-4.26989e-08
-5.15593e-08
-5.73056e-08
-6.08154e-08
-6.26912e-08
-6.34076e-08
-6.32793e-08
-6.2565e-08
-6.14287e-08
-6.00113e-08
-5.83981e-08
-5.66648e-08
-5.48565e-08
-5.30118e-08
-5.11568e-08
-4.93076e-08
-4.74824e-08
-4.56833e-08
-4.39266e-08
-4.22044e-08
-4.05343e-08
-3.89008e-08
-3.73245e-08
-3.57838e-08
-3.43028e-08
-3.28548e-08
-3.14678e-08
-3.01099e-08
-2.88137e-08
-2.75424e-08
-2.63337e-08
-2.51455e-08
-2.40205e-08
-2.29104e-08
-2.18633e-08
-2.08285e-08
-1.98559e-08
-1.88914e-08
-1.79889e-08
-1.70906e-08
-1.6254e-08
-1.54177e-08
-1.46428e-08
-1.38644e-08
-1.31471e-08
-1.24227e-08
-1.1759e-08
-1.10846e-08
-1.04704e-08
-9.84229e-09
-9.27383e-09
-8.68818e-09
-8.16165e-09
-7.61481e-09
-7.12629e-09
-6.61447e-09
-6.1603e-09
-5.67995e-09
-5.25662e-09
-4.80423e-09
-4.40844e-09
-3.9802e-09
-3.60926e-09
-3.20046e-09
-2.85345e-09
-2.45588e-09
-2.13745e-09
-1.73159e-09
-1.46839e-09
-9.94017e-10
-8.89882e-10
-1.64821e-10
-5.31853e-10
1.04907e-09
0.109264
0.111406
0.118609
0.129845
0.147132
0.171722
0.207553
0.251224
0.264805
-0.247782
-0.323093
-0.325565
-0.342328
-0.367693
-0.407165
-0.441867
-0.457106
-0.43585
-0.373695
-0.280833
-0.182259
-0.0996944
-0.0420945
-0.00750526
0.0101651
0.0173506
0.0186629
0.0171158
0.0144342
0.0115338
0.00885068
0.00655563
0.00468355
0.00320563
0.00206847
0.00121379
0.000587173
0.000141305
-0.000163589
-0.000360316
-0.000475487
-0.000530309
-0.000541297
-0.000521026
-0.000478953
-0.00042228
-0.000356755
-0.000287303
-0.000218331
-0.000153699
-9.64062e-05
-4.82151e-05
-9.47139e-06
2.07207e-05
4.39982e-05
6.20933e-05
7.62166e-05
8.65671e-05
9.21317e-05
9.10312e-05
8.15959e-05
6.39012e-05
4.09093e-05
1.81465e-05
1.50968e-06
-5.75248e-06
-4.78922e-06
-1.44744e-08
4.06007e-06
5.43339e-06
4.68308e-06
3.29402e-06
2.20569e-06
1.55582e-06
1.14597e-06
8.30825e-07
5.78576e-07
3.91276e-07
2.59092e-07
1.65025e-07
9.64291e-08
4.64139e-08
1.04832e-08
-1.49485e-08
-3.27667e-08
-4.50323e-08
-5.32745e-08
-5.85689e-08
-6.17476e-08
-6.33806e-08
-6.39188e-08
-6.36596e-08
-6.28491e-08
-6.16421e-08
-6.01727e-08
-5.85212e-08
-5.67595e-08
-5.49304e-08
-5.30702e-08
-5.12036e-08
-4.93459e-08
-4.75143e-08
-4.57105e-08
-4.39501e-08
-4.22252e-08
-4.05529e-08
-3.89179e-08
-3.73402e-08
-3.57985e-08
-3.43168e-08
-3.28682e-08
-3.14807e-08
-3.01223e-08
-2.88255e-08
-2.75542e-08
-2.63448e-08
-2.51565e-08
-2.40305e-08
-2.29207e-08
-2.18733e-08
-2.08383e-08
-1.98653e-08
-1.89007e-08
-1.79979e-08
-1.70994e-08
-1.62626e-08
-1.5426e-08
-1.46509e-08
-1.38723e-08
-1.31548e-08
-1.24302e-08
-1.17662e-08
-1.10916e-08
-1.04772e-08
-9.84893e-09
-9.28023e-09
-8.69441e-09
-8.16761e-09
-7.62057e-09
-7.13182e-09
-6.61979e-09
-6.16531e-09
-5.68477e-09
-5.26114e-09
-4.80854e-09
-4.41244e-09
-3.98398e-09
-3.61272e-09
-3.20371e-09
-2.85636e-09
-2.45859e-09
-2.13977e-09
-1.73376e-09
-1.47005e-09
-9.95665e-10
-8.90789e-10
-1.66058e-10
-5.31911e-10
1.04811e-09
0.10641
0.108222
0.114257
0.123463
0.136641
0.154577
0.173122
0.18924
0.150998
-0.166802
-0.410114
-0.310186
-0.323233
-0.342381
-0.369713
-0.407722
-0.440083
-0.453719
-0.431897
-0.370593
-0.281234
-0.187537
-0.109175
-0.0538303
-0.0195308
-0.000769548
0.00810638
0.0112166
0.0112938
0.00996342
0.00813335
0.00627411
0.00460324
0.00320023
0.00207386
0.00120028
0.000543581
6.60502e-05
-0.000267283
-0.000487009
-0.000619067
-0.000684925
-0.000701943
-0.000683801
-0.000641003
-0.000581488
-0.000511304
-0.000435257
-0.000357435
-0.000281482
-0.000210596
-0.000147285
-9.30732e-05
-4.8361e-05
-1.25663e-05
1.5504e-05
3.72219e-05
5.37351e-05
6.55739e-05
7.23661e-05
7.29487e-05
6.61524e-05
5.20983e-05
3.32453e-05
1.42313e-05
9.64425e-08
-6.2522e-06
-5.53464e-06
-1.31401e-06
2.51912e-06
4.10963e-06
3.8001e-06
2.79777e-06
1.93424e-06
1.38614e-06
1.026e-06
7.44711e-07
5.18416e-07
3.48989e-07
2.28476e-07
1.42535e-07
7.9995e-08
3.44795e-08
1.80763e-09
-2.12816e-08
-3.74033e-08
-4.84322e-08
-5.57708e-08
-6.04044e-08
-6.30991e-08
-6.43773e-08
-6.46551e-08
-6.4205e-08
-6.32543e-08
-6.19444e-08
-6.03993e-08
-5.86921e-08
-5.68895e-08
-5.50301e-08
-5.31476e-08
-5.12646e-08
-4.93946e-08
-4.7554e-08
-4.57434e-08
-4.3978e-08
-4.22493e-08
-4.05741e-08
-3.89369e-08
-3.73576e-08
-3.58145e-08
-3.43317e-08
-3.28823e-08
-3.14948e-08
-3.01351e-08
-2.88378e-08
-2.75661e-08
-2.63564e-08
-2.51677e-08
-2.40413e-08
-2.29313e-08
-2.18836e-08
-2.08483e-08
-1.98751e-08
-1.89102e-08
-1.80072e-08
-1.71084e-08
-1.62713e-08
-1.54346e-08
-1.46591e-08
-1.38804e-08
-1.31625e-08
-1.24377e-08
-1.17734e-08
-1.10987e-08
-1.0484e-08
-9.8555e-09
-9.28648e-09
-8.70047e-09
-8.17333e-09
-7.62608e-09
-7.13699e-09
-6.62481e-09
-6.17007e-09
-5.68939e-09
-5.26548e-09
-4.81272e-09
-4.41631e-09
-3.98769e-09
-3.6161e-09
-3.20693e-09
-2.85921e-09
-2.4613e-09
-2.14203e-09
-1.73595e-09
-1.47164e-09
-9.97415e-10
-8.91565e-10
-1.67537e-10
-5.31716e-10
1.04669e-09
0.102831
0.104255
0.108979
0.115864
0.125005
0.135621
0.14219
0.134614
0.0626537
-0.134241
-0.305948
-0.295043
-0.313982
-0.334019
-0.362272
-0.398078
-0.427567
-0.437311
-0.413627
-0.355008
-0.273015
-0.18843
-0.117457
-0.0661209
-0.0327978
-0.0130819
-0.00240639
0.00268746
0.0045829
0.00477846
0.00416735
0.00325436
0.00230616
0.00145041
0.000737007
0.000174911
-0.000246592
-0.00054627
-0.000744933
-0.000862562
-0.00091708
-0.000923875
-0.000895717
-0.000842865
-0.000773324
-0.000693232
-0.000607311
-0.000519324
-0.000432426
-0.000349345
-0.000272366
-0.000203184
-0.000142759
-9.13313e-05
-4.86305e-05
-1.41282e-05
1.28208e-05
3.29445e-05
4.69117e-05
5.50207e-05
5.70244e-05
5.25071e-05
4.18325e-05
2.70351e-05
1.18148e-05
2.34512e-07
-5.25708e-06
-5.02713e-06
-1.75794e-06
1.45598e-06
3.00123e-06
2.99433e-06
2.32121e-06
1.65994e-06
1.2034e-06
8.8878e-07
6.42115e-07
4.44566e-07
2.9611e-07
1.89858e-07
1.14017e-07
5.9045e-08
1.91943e-08
-9.33837e-09
-2.94311e-08
-4.33733e-08
-5.28095e-08
-5.89831e-08
-6.27645e-08
-6.48348e-08
-6.56555e-08
-6.55978e-08
-6.49017e-08
-6.37704e-08
-6.2328e-08
-6.06855e-08
-5.89069e-08
-5.70516e-08
-5.51536e-08
-5.32426e-08
-5.13385e-08
-4.9453e-08
-4.76009e-08
-4.57817e-08
-4.401e-08
-4.22765e-08
-4.05977e-08
-3.89578e-08
-3.73764e-08
-3.58318e-08
-3.43476e-08
-3.2897e-08
-3.15084e-08
-3.01487e-08
-2.88507e-08
-2.75785e-08
-2.63684e-08
-2.51794e-08
-2.40526e-08
-2.29424e-08
-2.18943e-08
-2.08588e-08
-1.98853e-08
-1.89202e-08
-1.80168e-08
-1.71179e-08
-1.62804e-08
-1.54435e-08
-1.46677e-08
-1.38888e-08
-1.31706e-08
-1.24457e-08
-1.17811e-08
-1.11062e-08
-1.04912e-08
-9.86251e-09
-9.29316e-09
-8.707e-09
-8.17951e-09
-7.63211e-09
-7.14269e-09
-6.63035e-09
-6.17526e-09
-5.69443e-09
-5.27015e-09
-4.81723e-09
-4.42045e-09
-3.99166e-09
-3.61967e-09
-3.21034e-09
-2.86219e-09
-2.46415e-09
-2.14436e-09
-1.73827e-09
-1.4732e-09
-9.99314e-10
-8.92187e-10
-1.69305e-10
-5.31176e-10
1.0447e-09
0.0986838
0.0997072
0.103061
0.107677
0.113015
0.117762
0.115831
0.0986324
0.0342088
-0.12491
-0.2401
-0.251519
-0.285219
-0.315205
-0.345526
-0.377485
-0.40005
-0.403536
-0.379632
-0.327611
-0.257384
-0.185148
-0.123344
-0.0768967
-0.0450427
-0.0247205
-0.0125077
-0.00562684
-0.00204818
-0.000410957
0.000150333
0.000162498
-6.83575e-05
-0.000373403
-0.000666147
-0.00090754
-0.00108462
-0.00119794
-0.00125445
-0.00126357
-0.00123519
-0.00117854
-0.00110168
-0.00101133
-0.000912868
-0.000810495
-0.000707533
-0.000606662
-0.000510106
-0.000419681
-0.000336728
-0.000262015
-0.000195753
-0.00013781
-8.80536e-05
-4.65725e-05
-1.35428e-05
1.11564e-05
2.81205e-05
3.81643e-05
4.19016e-05
3.97034e-05
3.22638e-05
2.1309e-05
9.71557e-06
6.34987e-07
-3.93532e-06
-4.10124e-06
-1.78429e-06
7.15494e-07
2.07632e-06
2.25371e-06
1.84383e-06
1.36292e-06
9.96976e-07
7.31186e-07
5.22938e-07
3.57544e-07
2.33197e-07
1.43835e-07
8.00631e-08
3.4072e-08
9.24229e-10
-2.26895e-08
-3.92024e-08
-5.05333e-08
-5.80594e-08
-6.28349e-08
-6.5593e-08
-6.69138e-08
-6.71852e-08
-6.67248e-08
-6.57335e-08
-6.43856e-08
-6.27843e-08
-6.10251e-08
-5.91608e-08
-5.72426e-08
-5.52983e-08
-5.33531e-08
-5.1424e-08
-4.95199e-08
-4.76541e-08
-4.58248e-08
-4.40455e-08
-4.23063e-08
-4.06234e-08
-3.89802e-08
-3.73964e-08
-3.585e-08
-3.43644e-08
-3.29125e-08
-3.15218e-08
-3.0162e-08
-2.88641e-08
-2.75914e-08
-2.63807e-08
-2.51914e-08
-2.40641e-08
-2.29537e-08
-2.19052e-08
-2.08695e-08
-1.98956e-08
-1.89303e-08
-1.80265e-08
-1.71274e-08
-1.62896e-08
-1.54525e-08
-1.46764e-08
-1.38973e-08
-1.31788e-08
-1.24537e-08
-1.17887e-08
-1.11137e-08
-1.04983e-08
-9.86946e-09
-9.29973e-09
-8.71342e-09
-8.18553e-09
-7.63799e-09
-7.14817e-09
-6.63572e-09
-6.18026e-09
-5.69932e-09
-5.27466e-09
-4.82164e-09
-4.42446e-09
-3.99556e-09
-3.62315e-09
-3.21371e-09
-2.86508e-09
-2.46699e-09
-2.14659e-09
-1.74061e-09
-1.47463e-09
-1.00133e-09
-8.92568e-10
-1.71425e-10
-5.30176e-10
1.04194e-09
0.0941322
0.0947578
0.0967831
0.0992369
0.101276
0.101018
0.0933322
0.0695615
0.0134544
-0.102187
-0.199535
-0.228984
-0.263617
-0.291998
-0.318608
-0.34464
-0.362138
-0.363864
-0.342658
-0.29912
-0.241068
-0.180602
-0.127317
-0.0855364
-0.0553425
-0.0348231
-0.0215093
-0.0132127
-0.00822704
-0.00533721
-0.00372492
-0.00286137
-0.00241729
-0.00219438
-0.00207747
-0.00200248
-0.00193587
-0.00186179
-0.00177432
-0.00167291
-0.0015597
-0.00143788
-0.00131091
-0.00118193
-0.00105366
-0.000928332
-0.000807786
-0.000693585
-0.000587022
-0.000489046
-0.000400116
-0.00032013
-0.000248541
-0.000184751
-0.000128601
-8.05932e-05
-4.15646e-05
-1.1988e-05
8.53839e-06
2.11391e-05
2.70747e-05
2.73655e-05
2.3022e-05
1.55726e-05
7.2599e-06
5.01666e-07
-3.09094e-06
-3.43631e-06
-1.83919e-06
6.00889e-08
1.22731e-06
1.52851e-06
1.33639e-06
1.02433e-06
7.57037e-07
5.50931e-07
3.87691e-07
2.58526e-07
1.61342e-07
9.13246e-08
4.14384e-08
5.68744e-09
-1.9866e-08
-3.7901e-08
-5.03406e-08
-5.86955e-08
-6.40439e-08
-6.7225e-08
-6.88159e-08
-6.92817e-08
-6.89267e-08
-6.8007e-08
-6.6679e-08
-6.50842e-08
-6.33018e-08
-6.14096e-08
-5.94478e-08
-5.74578e-08
-5.54608e-08
-5.34769e-08
-5.15192e-08
-4.9594e-08
-4.77127e-08
-4.58719e-08
-4.4084e-08
-4.23386e-08
-4.06508e-08
-3.90042e-08
-3.74176e-08
-3.58692e-08
-3.43818e-08
-3.29285e-08
-3.15368e-08
-3.01762e-08
-2.88778e-08
-2.76046e-08
-2.63935e-08
-2.52038e-08
-2.4076e-08
-2.29653e-08
-2.19165e-08
-2.08805e-08
-1.99062e-08
-1.89407e-08
-1.80366e-08
-1.71373e-08
-1.62991e-08
-1.54619e-08
-1.46854e-08
-1.39062e-08
-1.31873e-08
-1.2462e-08
-1.17966e-08
-1.11215e-08
-1.05057e-08
-9.87678e-09
-9.30664e-09
-8.72023e-09
-8.19192e-09
-7.64428e-09
-7.15403e-09
-6.64149e-09
-6.18558e-09
-5.70456e-09
-5.27945e-09
-4.82633e-09
-4.42867e-09
-3.99969e-09
-3.62678e-09
-3.21727e-09
-2.86808e-09
-2.46997e-09
-2.14886e-09
-1.74309e-09
-1.47599e-09
-1.00354e-09
-8.92676e-10
-1.74008e-10
-5.28549e-10
1.03813e-09
0.0893354
0.089591
0.0903778
0.0909104
0.0901532
0.0861048
0.0745088
0.0481548
-0.00158015
-0.0919115
-0.1728
-0.206783
-0.241432
-0.270526
-0.29585
-0.318036
-0.331589
-0.330991
-0.311894
-0.275228
-0.226915
-0.175935
-0.129733
-0.0920992
-0.0636562
-0.0433068
-0.0293063
-0.0199548
-0.013839
-0.00989418
-0.00736544
-0.00573913
-0.00467702
-0.00396197
-0.00345756
-0.00307969
-0.00277746
-0.00252066
-0.00229182
-0.00208121
-0.00188371
-0.00169687
-0.00151969
-0.00135193
-0.00119368
-0.0010452
-0.000906862
-0.000779073
-0.000662203
-0.000556379
-0.000461277
-0.000376032
-0.000299433
-0.000230429
-0.000168715
-0.000114997
-7.0558e-05
-3.62828e-05
-1.19723e-05
3.62002e-06
1.21636e-05
1.51329e-05
1.37832e-05
9.52189e-06
4.14104e-06
-4.7959e-07
-3.03027e-06
-3.30042e-06
-2.11865e-06
-6.22128e-07
4.09777e-07
8.11942e-07
8.04744e-07
6.5058e-07
4.88124e-07
3.51375e-07
2.39332e-07
1.49884e-07
8.23132e-08
3.35934e-08
-9.39722e-10
-2.5429e-08
-4.26737e-08
-5.46048e-08
-6.25779e-08
-6.76646e-08
-7.06204e-08
-7.20492e-08
-7.23572e-08
-7.18829e-08
-7.08393e-08
-6.94145e-08
-6.77165e-08
-6.58501e-08
-6.38686e-08
-6.18303e-08
-5.97613e-08
-5.76924e-08
-5.56377e-08
-5.36111e-08
-5.16222e-08
-4.96739e-08
-4.77756e-08
-4.59221e-08
-4.41249e-08
-4.23726e-08
-4.06796e-08
-3.90291e-08
-3.74396e-08
-3.5889e-08
-3.44e-08
-3.29445e-08
-3.15529e-08
-3.01913e-08
-2.88917e-08
-2.76181e-08
-2.64064e-08
-2.52163e-08
-2.40881e-08
-2.29771e-08
-2.19278e-08
-2.08917e-08
-1.99169e-08
-1.89513e-08
-1.80467e-08
-1.71473e-08
-1.63087e-08
-1.54713e-08
-1.46944e-08
-1.39151e-08
-1.31957e-08
-1.24704e-08
-1.18045e-08
-1.11293e-08
-1.0513e-08
-9.88405e-09
-9.31341e-09
-8.72695e-09
-8.19814e-09
-7.65045e-09
-7.1597e-09
-6.64714e-09
-6.19073e-09
-5.70969e-09
-5.28406e-09
-4.83094e-09
-4.43275e-09
-4.00376e-09
-3.63028e-09
-3.22079e-09
-2.87096e-09
-2.47294e-09
-2.15101e-09
-1.7456e-09
-1.47715e-09
-1.00593e-09
-8.92374e-10
-1.77158e-10
-5.26041e-10
1.0329e-09
0.0844416
0.0843624
0.0840391
0.0829021
0.0798592
0.0729246
0.0587686
0.0315667
-0.0129808
-0.0848075
-0.152274
-0.189262
-0.223972
-0.252359
-0.275586
-0.29434
-0.30476
-0.303165
-0.286445
-0.255483
-0.214875
-0.171442
-0.131068
-0.0970715
-0.070372
-0.0504322
-0.0360525
-0.0259327
-0.0189181
-0.0140908
-0.0107675
-0.00846156
-0.00683652
-0.00566512
-0.00479609
-0.0041298
-0.00360101
-0.00316714
-0.00280043
-0.00248276
-0.00220229
-0.00195123
-0.00172436
-0.00151816
-0.00133018
-0.00115873
-0.00100269
-0.00086131
-0.000734037
-0.000620207
-0.000518786
-0.000428263
-0.000346876
-0.00027317
-0.000206678
-0.000148146
-9.90353e-05
-6.05128e-05
-3.25416e-05
-1.38209e-05
-2.47909e-06
3.2267e-06
4.71287e-06
3.31051e-06
5.07055e-07
-2.19077e-06
-3.68839e-06
-3.6849e-06
-2.6598e-06
-1.37623e-06
-4.02641e-07
1.00514e-07
2.58069e-07
2.52668e-07
1.98368e-07
1.37625e-07
8.16258e-08
3.44953e-08
-1.7512e-09
-2.7815e-08
-4.59578e-08
-5.84615e-08
-6.68942e-08
-7.23546e-08
-7.55867e-08
-7.7201e-08
-7.76134e-08
-7.71791e-08
-7.61225e-08
-7.46485e-08
-7.28722e-08
-7.09104e-08
-6.88187e-08
-6.66635e-08
-6.44703e-08
-6.22766e-08
-6.00936e-08
-5.7941e-08
-5.58247e-08
-5.37529e-08
-5.17307e-08
-4.9758e-08
-4.78416e-08
-4.59748e-08
-4.41677e-08
-4.2408e-08
-4.07096e-08
-3.9055e-08
-3.74624e-08
-3.59095e-08
-3.4419e-08
-3.29637e-08
-3.15693e-08
-3.02066e-08
-2.89062e-08
-2.7632e-08
-2.64196e-08
-2.52292e-08
-2.41004e-08
-2.29893e-08
-2.19395e-08
-2.09032e-08
-1.99279e-08
-1.89622e-08
-1.80571e-08
-1.71576e-08
-1.63185e-08
-1.54811e-08
-1.47036e-08
-1.39242e-08
-1.32044e-08
-1.2479e-08
-1.18126e-08
-1.11374e-08
-1.05206e-08
-9.89162e-09
-9.32043e-09
-8.73398e-09
-8.20461e-09
-7.65695e-09
-7.16561e-09
-6.65308e-09
-6.19609e-09
-5.71509e-09
-5.28886e-09
-4.83578e-09
-4.43697e-09
-4.00802e-09
-3.63389e-09
-3.22446e-09
-2.8739e-09
-2.47605e-09
-2.15315e-09
-1.74825e-09
-1.47817e-09
-1.00858e-09
-8.91607e-10
-1.81059e-10
-5.22346e-10
1.02566e-09
0.0795838
0.0792131
0.0779212
0.0753855
0.0705146
0.0614866
0.0457315
0.0187711
-0.0214039
-0.0802429
-0.137744
-0.17477
-0.208164
-0.235633
-0.257641
-0.27441
-0.283062
-0.280865
-0.265982
-0.239368
-0.204689
-0.167215
-0.131629
-0.100796
-0.0757682
-0.0563825
-0.0418464
-0.0311832
-0.0234626
-0.0179043
-0.0138995
-0.0109951
-0.00886445
-0.00727647
-0.00607025
-0.0051344
-0.00439203
-0.00379004
-0.00329164
-0.0028712
-0.00251075
-0.00219754
-0.00192245
-0.00167885
-0.00146189
-0.00126801
-0.00109461
-0.000939828
-0.000802195
-0.000680297
-0.000572459
-0.000476626
-0.000390589
-0.000312578
-0.000241931
-0.000179326
-0.000126275
-8.40343e-05
-5.26603e-05
-3.08768e-05
-1.67154e-05
-8.30596e-06
-4.15202e-06
-2.97841e-06
-3.5006e-06
-4.46183e-06
-4.91328e-06
-4.48984e-06
-3.42075e-06
-2.19326e-06
-1.20591e-06
-5.93703e-07
-2.8572e-07
-1.52604e-07
-1.00251e-07
-8.27931e-08
-8.07085e-08
-8.43783e-08
-8.85569e-08
-9.13007e-08
-9.25026e-08
-9.26173e-08
-9.19517e-08
-9.07297e-08
-8.90601e-08
-8.70808e-08
-8.48596e-08
-8.24953e-08
-8.00249e-08
-7.75145e-08
-7.4979e-08
-7.24602e-08
-6.99605e-08
-6.75058e-08
-6.50932e-08
-6.27383e-08
-6.04371e-08
-5.81977e-08
-5.60178e-08
-5.38991e-08
-5.18425e-08
-4.98444e-08
-4.79093e-08
-4.60287e-08
-4.42114e-08
-4.24441e-08
-4.074e-08
-3.90812e-08
-3.74853e-08
-3.59301e-08
-3.44374e-08
-3.29807e-08
-3.15854e-08
-3.0222e-08
-2.89206e-08
-2.76459e-08
-2.64329e-08
-2.52422e-08
-2.41127e-08
-2.30014e-08
-2.19511e-08
-2.09147e-08
-1.99389e-08
-1.8973e-08
-1.80674e-08
-1.71679e-08
-1.63282e-08
-1.54908e-08
-1.47127e-08
-1.39334e-08
-1.32129e-08
-1.24876e-08
-1.18206e-08
-1.11454e-08
-1.0528e-08
-9.89911e-09
-9.32727e-09
-8.74091e-09
-8.21088e-09
-7.66333e-09
-7.17133e-09
-6.65892e-09
-6.20125e-09
-5.72039e-09
-5.29348e-09
-4.84054e-09
-4.44102e-09
-4.01223e-09
-3.63734e-09
-3.22811e-09
-2.87669e-09
-2.47915e-09
-2.15512e-09
-1.75095e-09
-1.47891e-09
-1.01146e-09
-8.90169e-10
-1.85866e-10
-5.16968e-10
1.01567e-09
0.0748777
0.0742585
0.0721431
0.068458
0.0621576
0.0516345
0.0349456
0.00874303
-0.0277625
-0.0772751
-0.126843
-0.162759
-0.194783
-0.221186
-0.241873
-0.256863
-0.264087
-0.261719
-0.248608
-0.225672
-0.195835
-0.16323
-0.131643
-0.103565
-0.0800987
-0.0613399
-0.0468017
-0.035768
-0.0274999
-0.0213416
-0.0167573
-0.013331
-0.0107503
-0.00878567
-0.00727056
-0.00608513
-0.00514328
-0.00438316
-0.00376019
-0.00324207
-0.0028053
-0.00243262
-0.00211127
-0.00183175
-0.00158691
-0.0013714
-0.00118125
-0.00101347
-0.000865713
-0.00073585
-0.00062163
-0.000520534
-0.000430003
-0.00034802
-0.00027374
-0.000207724
-0.000151412
-0.000106031
-7.16472e-05
-4.70126e-05
-3.01675e-05
-1.91984e-05
-1.2592e-05
-9.12202e-06
-7.63905e-06
-7.04996e-06
-6.50069e-06
-5.57875e-06
-4.33405e-06
-3.05136e-06
-1.9946e-06
-1.26418e-06
-8.1579e-07
-5.53707e-07
-3.98595e-07
-3.0354e-07
-2.43331e-07
-2.03602e-07
-1.75764e-07
-1.55144e-07
-1.39322e-07
-1.2698e-07
-1.17171e-07
-1.09232e-07
-1.02632e-07
-9.70356e-08
-9.21622e-08
-8.78534e-08
-8.39582e-08
-8.04033e-08
-7.71025e-08
-7.40224e-08
-7.11113e-08
-6.83548e-08
-6.5721e-08
-6.32036e-08
-6.07834e-08
-5.84565e-08
-5.62124e-08
-5.40465e-08
-5.19552e-08
-4.99315e-08
-4.79776e-08
-4.60831e-08
-4.42555e-08
-4.24806e-08
-4.07707e-08
-3.91078e-08
-3.75086e-08
-3.59513e-08
-3.44561e-08
-3.29978e-08
-3.16018e-08
-3.02376e-08
-2.89352e-08
-2.76602e-08
-2.64463e-08
-2.52554e-08
-2.41253e-08
-2.30139e-08
-2.19629e-08
-2.09264e-08
-1.995e-08
-1.89842e-08
-1.80779e-08
-1.71784e-08
-1.63381e-08
-1.55007e-08
-1.4722e-08
-1.39428e-08
-1.32216e-08
-1.24964e-08
-1.18288e-08
-1.11537e-08
-1.05356e-08
-9.90684e-09
-9.33428e-09
-8.7481e-09
-8.21732e-09
-7.66996e-09
-7.1772e-09
-6.665e-09
-6.20656e-09
-5.72591e-09
-5.2982e-09
-4.84549e-09
-4.44515e-09
-4.01661e-09
-3.64085e-09
-3.2319e-09
-2.87951e-09
-2.48238e-09
-2.15706e-09
-1.75381e-09
-1.47946e-09
-1.01469e-09
-8.88004e-10
-1.91842e-10
-5.09344e-10
1.00183e-09
0.0704215
0.069596
0.0667952
0.0621876
0.0547914
0.0432369
0.02607
0.000856422
-0.0325628
-0.0752506
-0.118698
-0.152953
-0.18335
-0.20852
-0.228094
-0.241878
-0.248307
-0.246053
-0.234454
-0.214416
-0.18837
-0.159642
-0.131332
-0.105604
-0.0835511
-0.0654363
-0.0509977
-0.039725
-0.0310391
-0.0243944
-0.0193234
-0.0154477
-0.0124724
-0.0101726
-0.00837939
-0.00696716
-0.00584267
-0.00493685
-0.0041985
-0.00358952
-0.0030815
-0.00265313
-0.00228836
-0.00197503
-0.00170391
-0.00146797
-0.00126194
-0.00108178
-0.000924304
-0.000786721
-0.000666263
-0.000560027
-0.000465184
-0.000379531
-0.000302061
-0.000233186
-0.000174194
-0.000126195
-8.92135e-05
-6.20197e-05
-4.27022e-05
-2.93701e-05
-2.0536e-05
-1.50222e-05
-1.17714e-05
-9.7965e-06
-8.30311e-06
-6.84305e-06
-5.33764e-06
-3.92279e-06
-2.75604e-06
-1.90021e-06
-1.31996e-06
-9.3886e-07
-6.87305e-07
-5.18046e-07
-4.01759e-07
-3.20063e-07
-2.61182e-07
-2.178e-07
-1.85322e-07
-1.60766e-07
-1.41982e-07
-1.27445e-07
-1.15997e-07
-1.06841e-07
-9.9357e-08
-9.31333e-08
-8.78347e-08
-8.32506e-08
-7.91956e-08
-7.55622e-08
-7.22457e-08
-6.91915e-08
-6.63397e-08
-6.36622e-08
-6.11247e-08
-5.87114e-08
-5.64041e-08
-5.41917e-08
-5.20662e-08
-5.00173e-08
-4.80448e-08
-4.61367e-08
-4.42989e-08
-4.25165e-08
-4.08009e-08
-3.91339e-08
-3.75314e-08
-3.59716e-08
-3.44744e-08
-3.3015e-08
-3.16178e-08
-3.0253e-08
-2.89496e-08
-2.76742e-08
-2.64596e-08
-2.52685e-08
-2.41376e-08
-2.30261e-08
-2.19744e-08
-2.0938e-08
-1.99609e-08
-1.89951e-08
-1.80882e-08
-1.71888e-08
-1.63477e-08
-1.55105e-08
-1.47311e-08
-1.3952e-08
-1.32301e-08
-1.25051e-08
-1.18366e-08
-1.11619e-08
-1.05429e-08
-9.91443e-09
-9.34102e-09
-8.75514e-09
-8.22349e-09
-7.67645e-09
-7.1828e-09
-6.67095e-09
-6.21159e-09
-5.73132e-09
-5.30267e-09
-4.85035e-09
-4.44905e-09
-4.0209e-09
-3.64415e-09
-3.23563e-09
-2.88212e-09
-2.48559e-09
-2.15877e-09
-1.75669e-09
-1.47964e-09
-1.0182e-09
-8.84836e-10
-1.99158e-10
-4.98582e-10
9.82723e-10
0.0662967
0.0653031
0.0619434
0.0566082
0.0483881
0.0361417
0.0187943
-0.00538087
-0.0362232
-0.0738529
-0.11251
-0.144916
-0.173736
-0.197736
-0.216301
-0.229083
-0.234881
-0.232792
-0.222497
-0.204868
-0.181925
-0.156373
-0.13079
-0.107072
-0.0862831
-0.0687982
-0.0545224
-0.0431082
-0.034109
-0.0270744
-0.021599
-0.017341
-0.0140238
-0.0114295
-0.00938932
-0.00777375
-0.00648425
-0.005446
-0.00460224
-0.0039099
-0.0033363
-0.00285653
-0.00245159
-0.00210693
-0.00181141
-0.00155649
-0.00133566
-0.00114392
-0.000977303
-0.000832395
-0.000705974
-0.000594822
-0.000495911
-0.000406896
-0.000326644
-0.000255399
-0.000194252
-0.000144137
-0.000104986
-7.55797e-05
-5.40668e-05
-3.86247e-05
-2.78155e-05
-2.05121e-05
-1.57226e-05
-1.25279e-05
-1.01703e-05
-8.17379e-06
-6.3677e-06
-4.7776e-06
-3.47755e-06
-2.49411e-06
-1.79067e-06
-1.30054e-06
-9.59922e-07
-7.21282e-07
-5.52182e-07
-4.30845e-07
-3.42569e-07
-2.7757e-07
-2.29237e-07
-1.93039e-07
-1.65694e-07
-1.44859e-07
-1.28781e-07
-1.16223e-07
-1.06242e-07
-9.81863e-08
-9.1545e-08
-8.59762e-08
-8.11995e-08
-7.70367e-08
-7.33321e-08
-6.99932e-08
-6.69327e-08
-6.41018e-08
-6.14521e-08
-5.89563e-08
-5.65885e-08
-5.43314e-08
-5.21733e-08
-5.01003e-08
-4.811e-08
-4.61888e-08
-4.43412e-08
-4.25518e-08
-4.08307e-08
-3.91598e-08
-3.7554e-08
-3.59916e-08
-3.44929e-08
-3.30325e-08
-3.16339e-08
-3.02685e-08
-2.89642e-08
-2.76884e-08
-2.64729e-08
-2.52817e-08
-2.41501e-08
-2.30386e-08
-2.19861e-08
-2.09498e-08
-1.99719e-08
-1.90063e-08
-1.80986e-08
-1.71994e-08
-1.63575e-08
-1.55206e-08
-1.47403e-08
-1.39615e-08
-1.32387e-08
-1.2514e-08
-1.18446e-08
-1.11702e-08
-1.05503e-08
-9.9222e-09
-9.34786e-09
-8.76236e-09
-8.22975e-09
-7.68313e-09
-7.18849e-09
-6.67707e-09
-6.21671e-09
-5.73688e-09
-5.30722e-09
-4.85535e-09
-4.453e-09
-4.02534e-09
-3.64748e-09
-3.23949e-09
-2.88475e-09
-2.48892e-09
-2.16045e-09
-1.75974e-09
-1.47961e-09
-1.02209e-09
-8.80695e-10
-2.08092e-10
-4.83772e-10
9.56473e-10
0.0625696
0.061442
0.0576352
0.0517375
0.0429099
0.0302185
0.0128771
-0.010307
-0.0390175
-0.072853
-0.107781
-0.138397
-0.165734
-0.188617
-0.206303
-0.218336
-0.223778
-0.221967
-0.212789
-0.197081
-0.176579
-0.153547
-0.130172
-0.108128
-0.0884326
-0.0715303
-0.0574464
-0.0459591
-0.0367288
-0.0293856
-0.0235789
-0.0190004
-0.0153921
-0.0125438
-0.0102884
-0.00849433
-0.00705906
-0.00590319
-0.00496541
-0.00419847
-0.00356599
-0.00303996
-0.00259879
-0.00222582
-0.00190822
-0.00163609
-0.00140181
-0.0011995
-0.00102447
-0.000872788
-0.000740811
-0.00062507
-0.000522396
-0.000430349
-0.000347689
-0.000274491
-0.000211624
-0.00015982
-0.000118893
-8.76129e-05
-6.41971e-05
-4.69106e-05
-3.43784e-05
-2.55252e-05
-1.94065e-05
-1.5147e-05
-1.20108e-05
-9.50043e-06
-7.3793e-06
-5.59155e-06
-4.14611e-06
-3.03653e-06
-2.21918e-06
-1.63062e-06
-1.20971e-06
-9.08172e-07
-6.90953e-07
-5.33369e-07
-4.18107e-07
-3.33171e-07
-2.70151e-07
-2.23135e-07
-1.8782e-07
-1.61113e-07
-1.40716e-07
-1.24984e-07
-1.12673e-07
-1.02907e-07
-9.50122e-08
-8.85236e-08
-8.30728e-08
-7.84151e-08
-7.4348e-08
-7.07427e-08
-6.74873e-08
-6.45131e-08
-6.17584e-08
-5.91855e-08
-5.67611e-08
-5.44625e-08
-5.22737e-08
-5.01783e-08
-4.81714e-08
-4.6238e-08
-4.43812e-08
-4.25851e-08
-4.08589e-08
-3.91843e-08
-3.75752e-08
-3.60111e-08
-3.45106e-08
-3.30492e-08
-3.16493e-08
-3.02834e-08
-2.8978e-08
-2.77021e-08
-2.64857e-08
-2.52944e-08
-2.4162e-08
-2.30506e-08
-2.19973e-08
-2.09611e-08
-1.99824e-08
-1.90171e-08
-1.81084e-08
-1.72096e-08
-1.63667e-08
-1.55302e-08
-1.47489e-08
-1.39706e-08
-1.32468e-08
-1.25226e-08
-1.18522e-08
-1.11782e-08
-1.05572e-08
-9.92968e-09
-9.35425e-09
-8.76931e-09
-8.23558e-09
-7.68954e-09
-7.19376e-09
-6.68295e-09
-6.22143e-09
-5.74224e-09
-5.31138e-09
-4.86017e-09
-4.4566e-09
-4.02961e-09
-3.65048e-09
-3.24322e-09
-2.88708e-09
-2.49215e-09
-2.16183e-09
-1.76276e-09
-1.47914e-09
-1.02621e-09
-8.75281e-10
-2.1867e-10
-4.63627e-10
9.20951e-10
0.0592932
0.0580608
0.0539037
0.0475793
0.038313
0.0253485
0.00811806
-0.014178
-0.0411503
-0.072127
-0.104163
-0.133156
-0.159176
-0.181071
-0.198006
-0.209443
-0.214606
-0.213041
-0.204781
-0.190625
-0.172084
-0.151083
-0.129508
-0.108855
-0.0900963
-0.0737183
-0.0598351
-0.0483218
-0.038925
-0.0313415
-0.0252677
-0.0204255
-0.0165737
-0.0135107
-0.0110717
-0.00912409
-0.0075627
-0.00630458
-0.00528473
-0.00445243
-0.00376824
-0.00320148
-0.00272835
-0.00233038
-0.00199325
-0.00170586
-0.00145964
-0.00124792
-0.00106538
-0.000907586
-0.000770574
-0.000650671
-0.000544607
-0.000449884
-0.000365177
-0.0002904
-0.000226201
-0.000173094
-0.00013076
-9.79497e-05
-7.29428e-05
-5.40963e-05
-4.01046e-05
-2.99428e-05
-2.27025e-05
-1.75369e-05
-1.37227e-05
-1.0746e-05
-8.32282e-06
-6.33733e-06
-4.74804e-06
-3.51993e-06
-2.59994e-06
-1.92425e-06
-1.43236e-06
-1.07501e-06
-8.14966e-07
-6.25076e-07
-4.8574e-07
-3.82998e-07
-3.06849e-07
-2.50152e-07
-2.07696e-07
-1.75723e-07
-1.51447e-07
-1.32861e-07
-1.18456e-07
-1.07153e-07
-9.81309e-08
-9.08154e-08
-8.47587e-08
-7.96561e-08
-7.52631e-08
-7.14184e-08
-6.79877e-08
-6.48847e-08
-6.20356e-08
-5.93933e-08
-5.6918e-08
-5.4582e-08
-5.23657e-08
-5.025e-08
-4.82281e-08
-4.62838e-08
-4.44188e-08
-4.26168e-08
-4.08858e-08
-3.9208e-08
-3.75966e-08
-3.60305e-08
-3.45281e-08
-3.30657e-08
-3.16645e-08
-3.02982e-08
-2.89918e-08
-2.77157e-08
-2.64984e-08
-2.53072e-08
-2.41739e-08
-2.30626e-08
-2.20084e-08
-2.09725e-08
-1.99929e-08
-1.90279e-08
-1.81183e-08
-1.72198e-08
-1.6376e-08
-1.55399e-08
-1.47576e-08
-1.39797e-08
-1.32549e-08
-1.25312e-08
-1.18597e-08
-1.11863e-08
-1.05642e-08
-9.93724e-09
-9.36068e-09
-8.77634e-09
-8.24145e-09
-7.69604e-09
-7.19908e-09
-6.68893e-09
-6.22619e-09
-5.74768e-09
-5.31558e-09
-4.86508e-09
-4.46023e-09
-4.03397e-09
-3.65352e-09
-3.24705e-09
-2.88945e-09
-2.49549e-09
-2.16324e-09
-1.7659e-09
-1.47859e-09
-1.03066e-09
-8.68927e-10
-2.30937e-10
-4.37351e-10
8.74233e-10
0.0565087
0.0551965
0.0507716
0.0441306
0.034555
0.0214341
0.00436236
-0.0171764
-0.0427614
-0.0715927
-0.101413
-0.129022
-0.153921
-0.174967
-0.191276
-0.202257
-0.207262
-0.205949
-0.198443
-0.185506
-0.168484
-0.149061
-0.128901
-0.109361
-0.0913706
-0.0754395
-0.0617442
-0.0502324
-0.0407178
-0.0329507
-0.0266663
-0.0216121
-0.0175622
-0.0143227
-0.0117315
-0.00965599
-0.00798901
-0.00664491
-0.00555583
-0.00466827
-0.00394024
-0.0033389
-0.00283859
-0.00241932
-0.00206553
-0.00176512
-0.00150868
-0.00128888
-0.00109986
-0.000936779
-0.000795385
-0.000671852
-0.000562847
-0.000465838
-0.000379432
-0.000303397
-0.000238174
-0.000184071
-0.000140638
-0.000106602
-8.02958e-05
-6.01636e-05
-4.49687e-05
-3.37301e-05
-2.55659e-05
-1.96471e-05
-1.52574e-05
-1.18708e-05
-9.17045e-06
-6.99724e-06
-5.27183e-06
-3.93553e-06
-2.92535e-06
-2.17482e-06
-1.62257e-06
-1.21789e-06
-9.21516e-07
-7.04153e-07
-5.44259e-07
-4.26229e-07
-3.38747e-07
-2.73656e-07
-2.24992e-07
-1.88435e-07
-1.60784e-07
-1.39715e-07
-1.23488e-07
-1.10848e-07
-1.00847e-07
-9.2812e-08
-8.62278e-08
-8.07377e-08
-7.60608e-08
-7.20076e-08
-6.84242e-08
-6.52089e-08
-6.22778e-08
-5.95749e-08
-5.70554e-08
-5.46867e-08
-5.24466e-08
-5.03132e-08
-4.82783e-08
-4.63244e-08
-4.44521e-08
-4.26449e-08
-4.09099e-08
-3.92292e-08
-3.76151e-08
-3.60479e-08
-3.45438e-08
-3.30807e-08
-3.16783e-08
-3.03117e-08
-2.90043e-08
-2.77282e-08
-2.65099e-08
-2.53189e-08
-2.41846e-08
-2.30737e-08
-2.20186e-08
-2.0983e-08
-2.00024e-08
-1.90378e-08
-1.81273e-08
-1.72293e-08
-1.63844e-08
-1.55488e-08
-1.47655e-08
-1.39882e-08
-1.32622e-08
-1.25391e-08
-1.18665e-08
-1.11937e-08
-1.05704e-08
-9.9442e-09
-9.36636e-09
-8.7828e-09
-8.24661e-09
-7.70202e-09
-7.20372e-09
-6.69442e-09
-6.23032e-09
-5.75268e-09
-5.31919e-09
-4.86959e-09
-4.46331e-09
-4.03799e-09
-3.65606e-09
-3.25058e-09
-2.89136e-09
-2.49857e-09
-2.16425e-09
-1.76883e-09
-1.4776e-09
-1.03504e-09
-8.6151e-10
-2.44371e-10
-4.04489e-10
8.15664e-10
0.0542476
0.0528765
0.0482535
0.0413849
0.0315975
0.0183945
0.00148868
-0.019438
-0.0439524
-0.0712036
-0.0993687
-0.125859
-0.149852
-0.17021
-0.18602
-0.196656
-0.201545
-0.200434
-0.193508
-0.1815
-0.165636
-0.147422
-0.128355
-0.109689
-0.092311
-0.0767472
-0.0632172
-0.0517225
-0.0421276
-0.0342248
-0.0277799
-0.0225614
-0.0183562
-0.0149771
-0.0122648
-0.0100869
-0.00833501
-0.00692155
-0.00577644
-0.00484404
-0.00408037
-0.00345085
-0.00292838
-0.00249172
-0.00212432
-0.00181324
-0.00154843
-0.00132199
-0.00112763
-0.000960169
-0.000815131
-0.000688575
-0.00057713
-0.000478246
-0.000390483
-0.000313485
-0.000247511
-0.000192686
-0.000148441
-0.000113474
-8.61629e-05
-6.50246e-05
-4.88849e-05
-3.68001e-05
-2.79089e-05
-2.13934e-05
-1.65412e-05
-1.28181e-05
-9.88396e-06
-7.54916e-06
-5.70627e-06
-4.27799e-06
-3.19243e-06
-2.37999e-06
-1.77798e-06
-1.33435e-06
-1.00818e-06
-7.68373e-07
-5.91762e-07
-4.61344e-07
-3.64691e-07
-2.92803e-07
-2.391e-07
-1.98812e-07
-1.68406e-07
-1.4531e-07
-1.27595e-07
-1.13864e-07
-1.03063e-07
-9.44422e-08
-8.74284e-08
-8.16225e-08
-7.67143e-08
-7.24909e-08
-6.8783e-08
-6.54761e-08
-6.2478e-08
-5.97258e-08
-5.71702e-08
-5.47749e-08
-5.25151e-08
-5.03674e-08
-4.83217e-08
-4.63601e-08
-4.44818e-08
-4.26705e-08
-4.09319e-08
-3.92491e-08
-3.76328e-08
-3.60644e-08
-3.45588e-08
-3.30952e-08
-3.16916e-08
-3.03249e-08
-2.90164e-08
-2.77404e-08
-2.65212e-08
-2.53304e-08
-2.41952e-08
-2.30845e-08
-2.20285e-08
-2.09933e-08
-2.00117e-08
-1.90476e-08
-1.8136e-08
-1.72385e-08
-1.63926e-08
-1.55576e-08
-1.47731e-08
-1.39964e-08
-1.32693e-08
-1.25469e-08
-1.18731e-08
-1.1201e-08
-1.05765e-08
-9.95102e-09
-9.37196e-09
-8.78915e-09
-8.25171e-09
-7.7079e-09
-7.20831e-09
-6.69983e-09
-6.23442e-09
-5.75763e-09
-5.32279e-09
-4.87406e-09
-4.46641e-09
-4.04199e-09
-3.65864e-09
-3.2541e-09
-2.89336e-09
-2.50167e-09
-2.16539e-09
-1.77179e-09
-1.47683e-09
-1.03946e-09
-8.54022e-10
-2.58306e-10
-3.66812e-10
7.47828e-10
0.0525332
0.0511209
0.0463588
0.0393343
0.0294084
0.0161678
-0.000592763
-0.0210584
-0.0447923
-0.0709298
-0.0979171
-0.123566
-0.146876
-0.166714
-0.182151
-0.19254
-0.197361
-0.196415
-0.189921
-0.178589
-0.163556
-0.14621
-0.127934
-0.109903
-0.0929785
-0.0776918
-0.064292
-0.0528179
-0.0431702
-0.0351716
-0.028611
-0.0232723
-0.0189525
-0.0154698
-0.0126671
-0.0104126
-0.00859685
-0.00713112
-0.00594371
-0.0049774
-0.00418674
-0.00353587
-0.00299657
-0.00254671
-0.00216896
-0.00184977
-0.00157859
-0.00134708
-0.00114864
-0.000977816
-0.000829982
-0.000701108
-0.000587796
-0.000487489
-0.000398705
-0.000320994
-0.000254472
-0.000199123
-0.000154282
-0.000118625
-9.05694e-05
-6.86878e-05
-5.18538e-05
-3.91492e-05
-2.97238e-05
-2.27648e-05
-1.75615e-05
-1.3575e-05
-1.04518e-05
-7.98275e-06
-6.04182e-06
-4.5384e-06
-3.39324e-06
-2.53328e-06
-1.89393e-06
-1.42147e-06
-1.07335e-06
-8.16996e-07
-6.27963e-07
-4.88234e-07
-3.84606e-07
-3.07502e-07
-2.49918e-07
-2.06754e-07
-1.74232e-07
-1.49584e-07
-1.30734e-07
-1.16172e-07
-1.04762e-07
-9.56921e-08
-8.83492e-08
-8.23011e-08
-7.72155e-08
-7.28617e-08
-6.90585e-08
-6.56816e-08
-6.26322e-08
-5.98422e-08
-5.7259e-08
-5.48432e-08
-5.25684e-08
-5.04097e-08
-4.83558e-08
-4.63882e-08
-4.45053e-08
-4.26908e-08
-4.09494e-08
-3.9265e-08
-3.7647e-08
-3.60778e-08
-3.4571e-08
-3.3107e-08
-3.17024e-08
-3.03356e-08
-2.90263e-08
-2.77504e-08
-2.65304e-08
-2.53398e-08
-2.42038e-08
-2.30935e-08
-2.20365e-08
-2.10018e-08
-2.00193e-08
-1.90557e-08
-1.81431e-08
-1.72462e-08
-1.63992e-08
-1.55648e-08
-1.47793e-08
-1.40033e-08
-1.3275e-08
-1.25534e-08
-1.18783e-08
-1.12071e-08
-1.05814e-08
-9.9567e-09
-9.37634e-09
-8.79444e-09
-8.25566e-09
-7.71279e-09
-7.21184e-09
-6.70433e-09
-6.23752e-09
-5.76173e-09
-5.32546e-09
-4.87776e-09
-4.46866e-09
-4.04529e-09
-3.66045e-09
-3.25701e-09
-2.89466e-09
-2.50421e-09
-2.16596e-09
-1.77421e-09
-1.47573e-09
-1.04321e-09
-8.46715e-10
-2.71207e-10
-3.28106e-10
6.77844e-10
0.0513818
0.0499435
0.0450932
0.0379718
0.0279631
0.0147081
-0.00194648
-0.0221045
-0.0453288
-0.0707554
-0.0969864
-0.122076
-0.144929
-0.164419
-0.179607
-0.189836
-0.194614
-0.193777
-0.187564
-0.176668
-0.162174
-0.145393
-0.127634
-0.110023
-0.0934008
-0.0783018
-0.0649932
-0.0535373
-0.0438583
-0.035799
-0.0291634
-0.0237463
-0.019351
-0.0157996
-0.0129369
-0.0106312
-0.00877286
-0.00727212
-0.00605633
-0.00506721
-0.0042584
-0.00359314
-0.0030425
-0.00258372
-0.00219898
-0.00187432
-0.00159882
-0.00136388
-0.00116267
-0.000989559
-0.000839817
-0.000709359
-0.000594771
-0.000493493
-0.00040402
-0.000325837
-0.000258963
-0.000203283
-0.000158065
-0.000121971
-9.34407e-05
-7.10845e-05
-5.38071e-05
-4.07065e-05
-3.09382e-05
-2.3692e-05
-1.82584e-05
-1.40963e-05
-1.08446e-05
-8.28277e-06
-6.2732e-06
-4.71677e-06
-3.52945e-06
-2.63595e-06
-1.9704e-06
-1.47801e-06
-1.11508e-06
-8.47867e-07
-6.50892e-07
-5.05316e-07
-3.97335e-07
-3.16957e-07
-2.56905e-07
-2.11891e-07
-1.77996e-07
-1.52338e-07
-1.32752e-07
-1.17654e-07
-1.05854e-07
-9.64977e-08
-8.89447e-08
-8.27416e-08
-7.75422e-08
-7.31046e-08
-6.92401e-08
-6.58181e-08
-6.27358e-08
-5.99215e-08
-5.73204e-08
-5.48916e-08
-5.2607e-08
-5.04412e-08
-4.83818e-08
-4.64103e-08
-4.45243e-08
-4.27076e-08
-4.09644e-08
-3.92789e-08
-3.76597e-08
-3.609e-08
-3.45822e-08
-3.31179e-08
-3.17126e-08
-3.03458e-08
-2.90357e-08
-2.77599e-08
-2.65392e-08
-2.53488e-08
-2.4212e-08
-2.3102e-08
-2.20443e-08
-2.10099e-08
-2.00265e-08
-1.90633e-08
-1.81499e-08
-1.72534e-08
-1.64056e-08
-1.55717e-08
-1.47852e-08
-1.40097e-08
-1.32805e-08
-1.25594e-08
-1.18834e-08
-1.12128e-08
-1.05861e-08
-9.96199e-09
-9.38064e-09
-8.79936e-09
-8.25957e-09
-7.71735e-09
-7.21536e-09
-6.70853e-09
-6.24065e-09
-5.76557e-09
-5.32822e-09
-4.88124e-09
-4.47104e-09
-4.04842e-09
-3.66245e-09
-3.2598e-09
-2.89624e-09
-2.50666e-09
-2.16694e-09
-1.7765e-09
-1.47542e-09
-1.0465e-09
-8.41419e-10
-2.81582e-10
-2.95616e-10
6.18557e-10
0.0508034
0.0493528
0.0444593
0.0372919
0.0272445
0.0139857
-0.00261313
-0.0226173
-0.0455897
-0.0706698
-0.0965309
-0.12134
-0.143966
-0.163281
-0.178345
-0.188495
-0.193256
-0.192475
-0.186403
-0.175722
-0.161494
-0.14499
-0.127485
-0.110081
-0.093608
-0.0786026
-0.0653399
-0.053894
-0.0442003
-0.0361114
-0.029439
-0.023983
-0.0195502
-0.0159647
-0.0130721
-0.0107408
-0.00886113
-0.00734286
-0.00611285
-0.00511232
-0.00429439
-0.00362193
-0.00306559
-0.00260235
-0.0022141
-0.00188668
-0.00160902
-0.00137237
-0.00116977
-0.000995532
-0.000844859
-0.000713636
-0.000598433
-0.00049668
-0.000406851
-0.000328396
-0.000261292
-0.000205386
-0.000159929
-0.000123585
-9.48119e-05
-7.2236e-05
-5.47683e-05
-4.15029e-05
-3.15882e-05
-2.42102e-05
-1.86602e-05
-1.43997e-05
-1.1069e-05
-8.44632e-06
-6.39133e-06
-4.80157e-06
-3.59023e-06
-2.67974e-06
-2.0024e-06
-1.50187e-06
-1.13321e-06
-8.61813e-07
-6.61636e-07
-5.13517e-07
-4.03498e-07
-3.21509e-07
-2.6022e-07
-2.14289e-07
-1.79734e-07
-1.53606e-07
-1.33686e-07
-1.18345e-07
-1.06367e-07
-9.6878e-08
-8.92263e-08
-8.29498e-08
-7.76968e-08
-7.32198e-08
-6.93268e-08
-6.58837e-08
-6.27861e-08
-5.99605e-08
-5.7351e-08
-5.4916e-08
-5.26269e-08
-5.04577e-08
-4.83957e-08
-4.64225e-08
-4.45348e-08
-4.27173e-08
-4.09731e-08
-3.92871e-08
-3.76671e-08
-3.60973e-08
-3.45888e-08
-3.31246e-08
-3.17186e-08
-3.0352e-08
-2.90413e-08
-2.77658e-08
-2.65444e-08
-2.53543e-08
-2.42169e-08
-2.31073e-08
-2.20488e-08
-2.10149e-08
-2.00308e-08
-1.90681e-08
-1.81539e-08
-1.72579e-08
-1.64093e-08
-1.5576e-08
-1.47886e-08
-1.40138e-08
-1.32837e-08
-1.25632e-08
-1.18863e-08
-1.12164e-08
-1.05887e-08
-9.96533e-09
-9.38297e-09
-8.80246e-09
-8.26163e-09
-7.72021e-09
-7.21716e-09
-6.71116e-09
-6.2422e-09
-5.76796e-09
-5.32951e-09
-4.8834e-09
-4.47207e-09
-4.05034e-09
-3.66322e-09
-3.26149e-09
-2.89674e-09
-2.5081e-09
-2.16703e-09
-1.77775e-09
-1.47477e-09
-1.04832e-09
-8.38255e-10
-2.87564e-10
-2.76731e-10
5.83141e-10
-0.46021
-0.247772
-0.140767
-0.46021
-0.247772
-0.336136
-0.341655
-0.429955
-0.336136
-0.341655
0.126283
0.414198
0.308634
0.332748
0.126283
0.414198
0.308634
-0.111165
-0.330607
-0.330607
-0.314876
-0.315601
-0.314684
-0.321894
-0.314876
-0.315601
-0.314684
0.488681
0.430816
0.488681
-0.31255
-0.311134
-0.31255
-0.311134
0.430815
0.488681
0.430815
-0.311136
-0.312572
-0.311136
-0.312572
0.308636
0.332746
0.12628
0.414197
0.308636
0.332746
0.12628
-0.111172
-0.111172
-0.330645
-0.330645
-0.314711
-0.321929
-0.314913
-0.315628
-0.314711
-0.321929
-0.314913
-0.140778
-0.460245
-0.247782
-0.140778
-0.460245
-0.341694
-0.429996
-0.336176
-0.341694
-0.429995
-0.336176
-0.288715
-0.166789
-0.355266
-0.123389
-0.288715
-0.166789
-0.355266
-0.315492
-0.410076
-0.32858
-0.338054
-0.315493
-0.410074
-0.328581
0.10487
0.264808
0.109626
0.194431
0.10487
0.264808
0.109626
-0.414113
-0.430786
-0.40276
-0.453133
-0.403568
-0.453442
-0.413912
-0.310766
-0.323056
-0.317544
-0.318647
-0.310766
-0.323056
-0.317544
-0.103995
-0.317302
-0.322236
-0.316384
-0.324069
-0.316453
-0.324045
-0.317271
-0.309771
-0.313404
-0.313329
-0.30985
-0.308093
-0.307073
-0.306995
-0.308172
-0.316255
-0.314268
-0.312873
-0.32012
-0.31281
-0.321193
-0.316059
0.109622
0.194427
0.104864
0.264805
0.109622
0.194427
0.104864
-0.369944
-0.245491
-0.162089
-0.164383
-0.372941
-0.317591
-0.318689
-0.31082
-0.323093
-0.317591
-0.318689
-0.31082
-0.355293
-0.123401
-0.288738
-0.166802
-0.355293
-0.123401
-0.288738
-0.328622
-0.338085
-0.31553
-0.410113
-0.328622
-0.338085
-0.31553
-0.363614
-0.461767
-0.35322
-0.481392
-0.354202
-0.482599
-0.362772
-0.369924
-0.245482
-0.162078
-0.164372
-0.372921
-0.363616
-0.461767
-0.353221
-0.481391
-0.354203
-0.482599
-0.362774
-0.369924
-0.245482
-0.162078
-0.164371
-0.372921
-0.355731
-0.341669
-0.339438
-0.33961
-0.355934
-0.414112
-0.430785
-0.402759
-0.453133
-0.403568
-0.453442
-0.413911
-0.355731
-0.341669
-0.339438
-0.33961
-0.355934
0.327948
0.124889
0.262161
0.11055
0.26147
0.108686
0.329584
0.374861
0.327584
0.202762
0.434184
0.174161
0.438179
0.377454
0.327948
0.124889
0.262161
0.110551
0.26147
0.108686
0.329584
0.374861
0.327584
0.202762
0.434184
0.174162
0.438179
0.377454
-0.103995
-0.330619
-0.330619
-0.316231
-0.314241
-0.32009
-0.312852
-0.321162
-0.312789
-0.316035
-0.317302
-0.322236
-0.316384
-0.324069
-0.316453
-0.324045
-0.317271
-0.316231
-0.314241
-0.32009
-0.312852
-0.321162
-0.312789
-0.316035
0.529826
0.463133
0.466231
0.527806
0.567774
0.588161
0.589248
0.566382
0.529826
0.463133
0.466231
0.527806
0.567774
0.588161
0.589248
0.566382
-0.308086
-0.307071
-0.306992
-0.308164
-0.309771
-0.313404
-0.313329
-0.30985
-0.308086
-0.307071
-0.306992
-0.308164
0.567775
0.588161
0.589248
0.566383
0.529827
0.463135
0.466232
0.527807
0.567775
0.588162
0.589248
0.566383
0.529827
0.463135
0.466232
0.527807
-0.309783
-0.313421
-0.313346
-0.309862
-0.308093
-0.307073
-0.306995
-0.308172
-0.309783
-0.313421
-0.313346
-0.309862
0.374861
0.327585
0.434184
0.202762
0.438179
0.174162
0.377454
0.327947
0.124886
0.110549
0.262159
0.108685
0.261468
0.329583
0.374861
0.327585
0.434184
0.202762
0.438179
0.174163
0.377454
0.327947
0.124886
0.11055
0.262159
0.108685
0.261468
0.329583
-0.104002
-0.104002
-0.330656
-0.330656
-0.31733
-0.322271
-0.324102
-0.316416
-0.324079
-0.316485
-0.317299
-0.316255
-0.314267
-0.312873
-0.32012
-0.31281
-0.321193
-0.316059
-0.31733
-0.322271
-0.324102
-0.316416
-0.324079
-0.316485
-0.317299
-0.363642
-0.461802
-0.481428
-0.353246
-0.482636
-0.354228
-0.3628
-0.369944
-0.245491
-0.162089
-0.164382
-0.372941
-0.363643
-0.461802
-0.481428
-0.353248
-0.482635
-0.354229
-0.362801
-0.35577
-0.341708
-0.339477
-0.339649
-0.355974
-0.414154
-0.430827
-0.453175
-0.402799
-0.453485
-0.403608
-0.413952
-0.35577
-0.341708
-0.339477
-0.339649
-0.355974
-0.414154
-0.430826
-0.453174
-0.4028
-0.453484
-0.403608
-0.413953
-0.367475
-0.141644
-0.323021
-0.158741
-0.322902
-0.160805
-0.368309
0.327921
0.303114
0.370495
0.275975
0.327921
0.303114
0.370495
-0.323866
-0.321899
-0.333356
-0.323354
-0.323866
-0.321899
-0.333356
0.402901
0.331072
0.420013
0.320915
0.402901
0.331072
0.420013
0.530687
0.432055
0.504996
0.465889
0.506475
0.466971
0.529449
-0.324081
-0.31686
-0.327455
-0.318601
-0.324081
-0.31686
-0.327455
0.420013
0.320914
0.4029
0.331072
0.420013
0.320914
0.4029
0.552944
0.489769
0.56213
0.480264
0.56329
0.481385
0.551758
-0.32746
-0.318616
-0.324098
-0.316865
-0.32746
-0.318616
-0.324098
0.370494
0.275974
0.327919
0.303113
0.370494
0.275974
0.327919
-0.333379
-0.323388
-0.323899
-0.321923
-0.333379
-0.323388
-0.323899
-0.32327
-0.318842
-0.324085
-0.318893
-0.324267
-0.314556
-0.314457
-0.367474
-0.141644
-0.323021
-0.158741
-0.322902
-0.160805
-0.368308
-0.358543
-0.336436
-0.349545
-0.346494
-0.350007
-0.346661
-0.358574
-0.358543
-0.336436
-0.349545
-0.346494
-0.350007
-0.346661
-0.358574
0.552944
0.489769
0.480265
0.562129
0.481386
0.56329
0.551759
0.530687
0.432055
0.504997
0.465889
0.506475
0.466971
0.529449
0.552944
0.489769
0.480265
0.562129
0.481386
0.56329
0.551759
-0.310056
-0.312485
-0.31137
-0.312455
-0.311252
-0.312392
-0.31016
-0.308921
-0.311067
-0.311312
-0.308394
-0.311246
-0.30832
-0.309002
-0.310056
-0.312485
-0.31137
-0.312455
-0.311252
-0.312392
-0.31016
-0.308921
-0.311067
-0.311312
-0.308394
-0.311246
-0.30832
-0.309002
0.530686
0.432053
0.465888
0.504996
0.466969
0.506474
0.529448
0.552944
0.489769
0.562129
0.480264
0.56329
0.481385
0.551759
0.530686
0.432054
0.465889
0.504996
0.46697
0.506474
0.529448
-0.308928
-0.311069
-0.308396
-0.31132
-0.308323
-0.311255
-0.309009
-0.310068
-0.312507
-0.312468
-0.311386
-0.312406
-0.311267
-0.310172
-0.308928
-0.311069
-0.308396
-0.31132
-0.308323
-0.311255
-0.309009
-0.310068
-0.312507
-0.312468
-0.311386
-0.312406
-0.311267
-0.310172
-0.367496
-0.141656
-0.158751
-0.32304
-0.160816
-0.32292
-0.36833
-0.367496
-0.141656
-0.158751
-0.32304
-0.160816
-0.32292
-0.36833
-0.358582
-0.336476
-0.346535
-0.349584
-0.346702
-0.350046
-0.358614
-0.358582
-0.336476
-0.346535
-0.349584
-0.346702
-0.350046
-0.358614
0.104313
0.0933761
0.211495
0.0891545
0.210763
0.156728
0.157289
0.104313
0.0933762
0.211495
0.0891545
0.210763
0.156728
0.157289
-0.323233
-0.324047
-0.318806
-0.324229
-0.318857
-0.314518
-0.314418
-0.323233
-0.324047
-0.318806
-0.324229
-0.318857
-0.314518
-0.314418
0.10431
0.211492
0.0933711
0.21076
0.0891494
0.156725
0.157285
0.10431
0.211492
0.0933711
0.21076
0.0891495
0.156725
0.157284
-0.32327
-0.318842
-0.324085
-0.318893
-0.324267
-0.314556
-0.314457
0.0607718
0.151003
0.0781426
0.103399
0.0607718
0.151003
0.0781426
-0.292503
-0.310144
-0.328799
-0.30133
-0.292503
-0.310144
-0.328799
0.250933
0.251226
0.284449
0.214102
0.250933
0.251226
0.284449
-0.32212
-0.325522
-0.334839
-0.32338
-0.32212
-0.325522
-0.334838
0.284447
0.214099
0.25093
0.251224
0.284447
0.214099
0.25093
-0.334877
-0.32343
-0.322163
-0.325565
-0.334877
-0.32343
-0.322163
0.0781348
0.103393
0.0607636
0.150998
0.0781348
0.103393
0.0607636
-0.328858
-0.301369
-0.292553
-0.310186
-0.328857
-0.301369
-0.292553
)
;

boundaryField
{
    inlet
    {
        type            zeroGradient;
    }
    outlet
    {
        type            fixedValue;
        value           uniform 0;
    }
    top
    {
        type            symmetryPlane;
    }
    bottom
    {
        type            symmetryPlane;
    }
    front
    {
        type            symmetryPlane;
    }
    back
    {
        type            symmetryPlane;
    }
    cylinder
    {
        type            zeroGradient;
    }
}


// ************************************************************************* //
