/*--------------------------------*- C++ -*----------------------------------*\
  =========                 |
  \\      /  F ield         | OpenFOAM: The Open Source CFD Toolbox
   \\    /   O peration     | Website:  https://openfoam.org
    \\  /    A nd           | Version:  11
     \\/     M anipulation  |
\*---------------------------------------------------------------------------*/
FoamFile
{
    format      ascii;
    class       volScalarField;
    location    "4.052743";
    object      p;
}
// * * * * * * * * * * * * * * * * * * * * * * * * * * * * * * * * * * * * * //

dimensions      [0 2 -2 0 0 0 0];

internalField   nonuniform List<scalar> 
7132
(
0.0506659
0.0492098
0.0442973
0.0370994
0.0270042
0.0136717
-0.00303995
-0.0232171
-0.0464567
-0.0719484
-0.0984436
-0.124217
-0.148289
-0.169718
-0.18778
-0.20199
-0.211944
-0.217348
-0.218042
-0.214057
-0.205684
-0.193511
-0.178384
-0.161314
-0.143342
-0.125408
-0.108262
-0.0924269
-0.0782069
-0.0657249
-0.0549679
-0.045833
-0.0381652
-0.0317865
-0.0265159
-0.0221812
-0.0186268
-0.015716
-0.0133319
-0.011376
-0.00976703
-0.00843807
-0.00733488
-0.00641367
-0.00563927
-0.00498357
-0.00442414
-0.00394312
-0.00352629
-0.00316233
-0.00284223
-0.00255877
-0.00230618
-0.00207983
-0.00187596
-0.00169156
-0.00152417
-0.00137179
-0.00123278
-0.00110579
-0.000989719
-0.000883635
-0.000786766
-0.000698449
-0.000618082
-0.000545063
-0.000478736
-0.000418351
-0.000363077
-0.000312099
-0.000264802
-0.00022096
-0.000180832
-0.000145045
-0.000114256
-8.8779e-05
-6.83833e-05
-5.2387e-05
-3.99462e-05
-3.03227e-05
-2.29721e-05
-1.74798e-05
-1.34598e-05
-1.05231e-05
-8.31716e-06
-6.57937e-06
-5.15525e-06
-3.9749e-06
-3.0116e-06
-2.24857e-06
-1.66325e-06
-1.22619e-06
-9.05875e-07
-6.73546e-07
-5.0559e-07
-3.83895e-07
-2.95145e-07
-2.29847e-07
-1.81361e-07
-1.45098e-07
-1.17862e-07
-9.73805e-08
-8.19822e-08
-7.0397e-08
-6.16525e-08
-5.49945e-08
-4.98641e-08
-4.58386e-08
-4.26267e-08
-4.00058e-08
-3.7834e-08
-3.59892e-08
-3.4403e-08
-3.30002e-08
-3.17507e-08
-3.06038e-08
-2.95521e-08
-2.85578e-08
-2.76273e-08
-2.67287e-08
-2.58769e-08
-2.5042e-08
-2.42442e-08
-2.34541e-08
-2.26956e-08
-2.19383e-08
-2.12096e-08
-2.04778e-08
-1.97726e-08
-1.90609e-08
-1.83746e-08
-1.76792e-08
-1.70086e-08
-1.63265e-08
-1.56687e-08
-1.49976e-08
-1.43505e-08
-1.36883e-08
-1.30502e-08
-1.23954e-08
-1.17645e-08
-1.11157e-08
-1.04909e-08
-9.84693e-09
-9.2271e-09
-8.58686e-09
-7.97121e-09
-7.33365e-09
-6.72187e-09
-6.08547e-09
-5.47824e-09
-4.83972e-09
-4.24045e-09
-3.59159e-09
-3.01147e-09
-2.33161e-09
-1.79932e-09
-1.04287e-09
-6.00841e-10
2.52865e-10
0.0512466
0.0498029
0.0449342
0.0377835
0.0277286
0.0144028
-0.00236039
-0.0226848
-0.0461662
-0.0719892
-0.0988321
-0.124854
-0.149115
-0.170674
-0.188821
-0.203093
-0.213091
-0.218516
-0.219197
-0.21515
-0.20666
-0.194316
-0.178978
-0.161683
-0.143496
-0.125379
-0.108092
-0.0921611
-0.0778865
-0.0653836
-0.0546307
-0.0455164
-0.0378788
-0.0315346
-0.0262991
-0.0219978
-0.0184737
-0.0155896
-0.0132283
-0.0112917
-0.00969862
-0.00838275
-0.00729019
-0.00637757
-0.00561007
-0.00495989
-0.00440486
-0.00392735
-0.00351332
-0.0031516
-0.00283329
-0.00255125
-0.00229981
-0.00207438
-0.00187125
-0.00168745
-0.00152055
-0.00136857
-0.00122988
-0.00110316
-0.000987307
-0.000881403
-0.000784687
-0.000696506
-0.000616268
-0.000543381
-0.000477194
-0.000416953
-0.000361822
-0.000310974
-0.000263778
-0.000220004
-0.000179915
-0.000144151
-0.000113392
-8.79666e-05
-6.76487e-05
-5.17477e-05
-3.94049e-05
-2.98686e-05
-2.2589e-05
-1.71538e-05
-1.31833e-05
-1.02932e-05
-8.13254e-06
-6.4374e-06
-5.05108e-06
-3.90212e-06
-2.96327e-06
-2.21806e-06
-1.64476e-06
-1.21505e-06
-8.98709e-07
-6.68239e-07
-5.01073e-07
-3.79806e-07
-2.91488e-07
-2.26736e-07
-1.78877e-07
-1.43235e-07
-1.16542e-07
-9.6481e-08
-8.13791e-08
-6.9986e-08
-6.13607e-08
-5.4777e-08
-4.96975e-08
-4.57102e-08
-4.25297e-08
-3.99339e-08
-3.77822e-08
-3.59518e-08
-3.43763e-08
-3.29804e-08
-3.17364e-08
-3.05927e-08
-2.95441e-08
-2.85514e-08
-2.76229e-08
-2.6725e-08
-2.58745e-08
-2.50398e-08
-2.4243e-08
-2.34526e-08
-2.26949e-08
-2.19373e-08
-2.12094e-08
-2.04771e-08
-1.97726e-08
-1.90603e-08
-1.83749e-08
-1.76788e-08
-1.70089e-08
-1.63261e-08
-1.56692e-08
-1.49973e-08
-1.4351e-08
-1.36881e-08
-1.30507e-08
-1.23951e-08
-1.17651e-08
-1.11155e-08
-1.04916e-08
-9.84672e-09
-9.22778e-09
-8.58667e-09
-7.97192e-09
-7.33346e-09
-6.72261e-09
-6.0853e-09
-5.47906e-09
-4.83955e-09
-4.24144e-09
-3.59123e-09
-3.01314e-09
-2.33026e-09
-1.80447e-09
-1.03602e-09
-6.25143e-10
2.96534e-10
0.0524024
0.0509852
0.0462059
0.0391541
0.0291855
0.0158793
-0.000981455
-0.0216005
-0.0455716
-0.0720754
-0.0996303
-0.12615
-0.150786
-0.172602
-0.190916
-0.20531
-0.215395
-0.220867
-0.221528
-0.217365
-0.208642
-0.195952
-0.180187
-0.162432
-0.143808
-0.125318
-0.107746
-0.091622
-0.0772387
-0.0646952
-0.0539518
-0.0448801
-0.0373041
-0.0310299
-0.0258652
-0.0216311
-0.0181679
-0.0153371
-0.0130215
-0.0111234
-0.00956221
-0.00827245
-0.00720112
-0.00630563
-0.00555189
-0.00491271
-0.00436647
-0.00389597
-0.00348752
-0.00313025
-0.00281548
-0.0025363
-0.00228714
-0.00206355
-0.00186191
-0.00167931
-0.00151338
-0.0013622
-0.00122416
-0.00109797
-0.000982551
-0.000877008
-0.0007806
-0.000692696
-0.000612726
-0.00054012
-0.00047424
-0.000414331
-0.000359536
-0.000308992
-0.000262032
-0.000218399
-0.000178357
-0.000142577
-0.000111787
-8.63693e-05
-6.61246e-05
-5.03634e-05
-3.82045e-05
-2.88671e-05
-2.1778e-05
-1.65126e-05
-1.2687e-05
-9.9166e-06
-7.85072e-06
-6.22687e-06
-4.89182e-06
-3.7794e-06
-2.86765e-06
-2.14393e-06
-1.5884e-06
-1.17323e-06
-8.68291e-07
-6.46316e-07
-4.85208e-07
-3.68154e-07
-2.82766e-07
-2.20103e-07
-1.73802e-07
-1.39373e-07
-1.13643e-07
-9.43443e-08
-7.98306e-08
-6.88754e-08
-6.05657e-08
-5.42041e-08
-4.92802e-08
-4.54029e-08
-4.23025e-08
-3.97657e-08
-3.76585e-08
-3.58609e-08
-3.431e-08
-3.29318e-08
-3.17008e-08
-3.05663e-08
-2.95246e-08
-2.85367e-08
-2.7612e-08
-2.67167e-08
-2.58683e-08
-2.50348e-08
-2.42393e-08
-2.34495e-08
-2.26926e-08
-2.19352e-08
-2.12078e-08
-2.04755e-08
-1.97715e-08
-1.90591e-08
-1.8374e-08
-1.76778e-08
-1.70083e-08
-1.63253e-08
-1.56686e-08
-1.49965e-08
-1.43506e-08
-1.36874e-08
-1.30503e-08
-1.23945e-08
-1.17648e-08
-1.11149e-08
-1.04913e-08
-9.84618e-09
-9.22752e-09
-8.58617e-09
-7.9717e-09
-7.33301e-09
-6.72246e-09
-6.08487e-09
-5.47903e-09
-4.8391e-09
-4.24175e-09
-3.59047e-09
-3.01483e-09
-2.32774e-09
-1.81268e-09
-1.02341e-09
-6.67384e-10
3.72325e-10
0.0541233
0.0527477
0.0481094
0.0412166
0.0313913
0.0181305
0.00113648
-0.0199248
-0.0446473
-0.0722201
-0.100886
-0.128151
-0.153347
-0.175538
-0.194092
-0.208666
-0.218885
-0.22443
-0.225065
-0.220725
-0.211646
-0.198426
-0.182006
-0.163549
-0.144259
-0.125203
-0.1072
-0.0907886
-0.076246
-0.0636465
-0.0529222
-0.0439184
-0.0364381
-0.0302711
-0.0252144
-0.0210821
-0.0177107
-0.0149603
-0.0127133
-0.0108727
-0.00935915
-0.00810837
-0.00706867
-0.00619868
-0.00546539
-0.00484258
-0.00430938
-0.00384927
-0.0034491
-0.00309844
-0.00278895
-0.00251399
-0.00226823
-0.00204736
-0.00184793
-0.00166712
-0.00150265
-0.00135264
-0.00121557
-0.00109016
-0.000975389
-0.00087038
-0.000774424
-0.000686922
-0.000607338
-0.000535132
-0.000469685
-0.000410242
-0.000355916
-0.0003058
-0.000259172
-0.000215741
-0.000175771
-0.00013998
-0.000109169
-8.37901e-05
-6.36851e-05
-4.81626e-05
-3.63079e-05
-2.72969e-05
-2.05202e-05
-1.55333e-05
-1.19442e-05
-9.36613e-06
-7.44866e-06
-5.93258e-06
-4.67176e-06
-3.60982e-06
-2.73412e-06
-2.03852e-06
-1.50625e-06
-1.11034e-06
-8.20796e-07
-6.10656e-07
-4.58428e-07
-3.47997e-07
-2.6758e-07
-2.0869e-07
-1.65273e-07
-1.33051e-07
-1.09e-07
-9.09604e-08
-7.73757e-08
-6.70952e-08
-5.92711e-08
-5.32581e-08
-4.85865e-08
-4.48929e-08
-4.19281e-08
-3.94912e-08
-3.74581e-08
-3.57147e-08
-3.42036e-08
-3.2854e-08
-3.16442e-08
-3.05247e-08
-2.94945e-08
-2.85144e-08
-2.7596e-08
-2.67047e-08
-2.58599e-08
-2.50284e-08
-2.42349e-08
-2.3446e-08
-2.26904e-08
-2.19333e-08
-2.12068e-08
-2.04745e-08
-1.97711e-08
-1.90585e-08
-1.8374e-08
-1.76774e-08
-1.70084e-08
-1.6325e-08
-1.56689e-08
-1.49963e-08
-1.43509e-08
-1.36873e-08
-1.30507e-08
-1.23944e-08
-1.17652e-08
-1.11148e-08
-1.04917e-08
-9.84611e-09
-9.22801e-09
-8.58611e-09
-7.97222e-09
-7.33296e-09
-6.72304e-09
-6.08483e-09
-5.47974e-09
-4.839e-09
-4.24292e-09
-3.58993e-09
-3.01783e-09
-2.32477e-09
-1.82405e-09
-1.00714e-09
-7.20527e-10
4.66391e-10
0.0563925
0.0550766
0.0506387
0.0439773
0.0343699
0.0212009
0.00405628
-0.017593
-0.0433487
-0.0724433
-0.102676
-0.130931
-0.156859
-0.179529
-0.198384
-0.21319
-0.223593
-0.229257
-0.229881
-0.225325
-0.215771
-0.201826
-0.184499
-0.165066
-0.144854
-0.12502
-0.106433
-0.089636
-0.0748855
-0.0622189
-0.051528
-0.0426223
-0.0352753
-0.0292558
-0.024346
-0.0203513
-0.0171034
-0.0144604
-0.012305
-0.010541
-0.00909072
-0.00789161
-0.00689377
-0.0060575
-0.00535124
-0.00475001
-0.00423403
-0.00378763
-0.00339839
-0.00305643
-0.0027539
-0.00248451
-0.00224322
-0.00202595
-0.00182943
-0.00165098
-0.00148842
-0.00133997
-0.00120417
-0.00107981
-0.000965882
-0.000861573
-0.000766207
-0.000679226
-0.000600137
-0.00052844
-0.000463542
-0.000404686
-0.000350959
-0.000301393
-0.000255202
-0.000212047
-0.000172195
-0.000136416
-0.000105604
-8.02993e-05
-6.03964e-05
-4.52032e-05
-3.37645e-05
-2.52008e-05
-1.88561e-05
-1.42575e-05
-1.09978e-05
-8.68339e-06
-6.96248e-06
-5.58136e-06
-4.40681e-06
-3.3993e-06
-2.56143e-06
-1.89684e-06
-1.39258e-06
-1.02178e-06
-7.53528e-07
-5.60426e-07
-4.21259e-07
-3.2058e-07
-2.47344e-07
-1.93719e-07
-1.54175e-07
-1.24825e-07
-1.02919e-07
-8.6487e-08
-7.4101e-08
-6.4707e-08
-5.75325e-08
-5.19916e-08
-4.76622e-08
-4.42168e-08
-4.14329e-08
-3.91282e-08
-3.71924e-08
-3.55202e-08
-3.40617e-08
-3.27501e-08
-3.15684e-08
-3.04691e-08
-2.94539e-08
-2.84845e-08
-2.75742e-08
-2.66884e-08
-2.58481e-08
-2.50195e-08
-2.42286e-08
-2.3441e-08
-2.26869e-08
-2.19305e-08
-2.1205e-08
-2.04728e-08
-1.97701e-08
-1.90574e-08
-1.83734e-08
-1.76767e-08
-1.70081e-08
-1.63244e-08
-1.56688e-08
-1.49959e-08
-1.43509e-08
-1.36868e-08
-1.30507e-08
-1.2394e-08
-1.17653e-08
-1.11145e-08
-1.04918e-08
-9.84579e-09
-9.22812e-09
-8.58581e-09
-7.97237e-09
-7.33269e-09
-6.72325e-09
-6.08458e-09
-5.48013e-09
-4.83869e-09
-4.24386e-09
-3.58908e-09
-3.02091e-09
-2.32114e-09
-1.83635e-09
-9.88944e-10
-7.75477e-10
5.6343e-10
0.0591868
0.0579515
0.0537841
0.0474436
0.0381526
0.0251514
0.00786568
-0.0145127
-0.0416112
-0.0727806
-0.105119
-0.134593
-0.161415
-0.184649
-0.203849
-0.218935
-0.229572
-0.235398
-0.236022
-0.2312
-0.221043
-0.206162
-0.187657
-0.166959
-0.145553
-0.124723
-0.105396
-0.0881216
-0.0731226
-0.0603863
-0.0497516
-0.0409809
-0.0338105
-0.0279823
-0.0232608
-0.0194409
-0.0163489
-0.013841
-0.0118
-0.0101314
-0.00875965
-0.00762452
-0.00667842
-0.00588373
-0.00521075
-0.00463608
-0.00414125
-0.00371169
-0.00333585
-0.00300458
-0.00271059
-0.00244804
-0.00221225
-0.00199941
-0.00180648
-0.00163093
-0.00147073
-0.0013242
-0.00118997
-0.00106688
-0.000953994
-0.00085054
-0.000755889
-0.000669528
-0.000591017
-0.000519902
-0.000455621
-0.000397425
-0.000344369
-0.00029543
-0.000249752
-0.000206948
-0.000167285
-0.000131595
-0.000100868
-7.5741e-05
-5.6162e-05
-4.14325e-05
-3.05483e-05
-2.25677e-05
-1.67821e-05
-1.26851e-05
-9.85003e-06
-7.87221e-06
-6.39703e-06
-5.17854e-06
-4.10262e-06
-3.15399e-06
-2.35637e-06
-1.72609e-06
-1.2543e-06
-9.13372e-07
-6.7069e-07
-4.98134e-07
-3.74823e-07
-2.8612e-07
-2.21836e-07
-1.7486e-07
-1.40248e-07
-1.14557e-07
-9.53706e-08
-8.09538e-08
-7.00557e-08
-6.17536e-08
-5.53768e-08
-5.04168e-08
-4.65107e-08
-4.3374e-08
-4.08163e-08
-3.8677e-08
-3.68628e-08
-3.52793e-08
-3.3886e-08
-3.26217e-08
-3.1475e-08
-3.04007e-08
-2.94042e-08
-2.8448e-08
-2.75479e-08
-2.66691e-08
-2.58344e-08
-2.50092e-08
-2.42215e-08
-2.34357e-08
-2.26834e-08
-2.19277e-08
-2.12033e-08
-2.04714e-08
-1.97695e-08
-1.90568e-08
-1.83734e-08
-1.76764e-08
-1.70084e-08
-1.63244e-08
-1.56691e-08
-1.49959e-08
-1.43513e-08
-1.36869e-08
-1.30512e-08
-1.23941e-08
-1.17658e-08
-1.11146e-08
-1.04923e-08
-9.84587e-09
-9.22866e-09
-8.58589e-09
-7.97294e-09
-7.33277e-09
-6.72387e-09
-6.08465e-09
-5.48092e-09
-4.83867e-09
-4.24523e-09
-3.58848e-09
-3.02449e-09
-2.31759e-09
-1.84901e-09
-9.70958e-10
-8.26439e-10
6.52297e-10
0.0624742
0.0613445
0.0575303
0.0516214
0.0427768
0.0300608
0.0126835
-0.0105519
-0.0393387
-0.0732855
-0.108386
-0.13928
-0.16713
-0.190971
-0.210526
-0.22593
-0.236875
-0.242957
-0.243651
-0.238554
-0.227668
-0.211609
-0.191599
-0.169282
-0.146362
-0.124284
-0.104046
-0.086199
-0.0709162
-0.0581169
-0.0475706
-0.0389799
-0.0320355
-0.0264471
-0.0219586
-0.0183526
-0.0154497
-0.0131047
-0.011201
-0.00964646
-0.00836817
-0.00730902
-0.00642422
-0.0056787
-0.00504503
-0.00450168
-0.00403179
-0.00362205
-0.003262
-0.00294331
-0.00265937
-0.00240487
-0.00217556
-0.00196795
-0.00177924
-0.00160712
-0.0014497
-0.00130544
-0.00117304
-0.00105146
-0.000939793
-0.000837336
-0.00074351
-0.000657856
-0.000579987
-0.000509503
-0.000445879
-0.000388382
-0.000336042
-0.000287787
-0.000242694
-0.000200328
-0.000160956
-0.000125469
-9.49536e-05
-7.01403e-05
-5.10258e-05
-3.69013e-05
-2.67101e-05
-1.94444e-05
-1.43435e-05
-1.0863e-05
-8.54962e-06
-6.98053e-06
-5.79452e-06
-4.75625e-06
-3.77966e-06
-2.88405e-06
-2.12205e-06
-1.5258e-06
-1.08991e-06
-7.83917e-07
-5.71833e-07
-4.24053e-07
-3.19895e-07
-2.45642e-07
-1.92096e-07
-1.53018e-07
-1.24187e-07
-1.02737e-07
-8.66735e-08
-7.45657e-08
-6.53745e-08
-5.833e-08
-5.28763e-08
-4.8591e-08
-4.51774e-08
-4.23995e-08
-4.01039e-08
-3.81559e-08
-3.64819e-08
-3.50008e-08
-3.36827e-08
-3.24731e-08
-3.13667e-08
-3.03215e-08
-2.93466e-08
-2.84058e-08
-2.75173e-08
-2.66466e-08
-2.58182e-08
-2.49973e-08
-2.42131e-08
-2.34294e-08
-2.26792e-08
-2.19244e-08
-2.12013e-08
-2.04697e-08
-1.97686e-08
-1.90559e-08
-1.83731e-08
-1.7676e-08
-1.70084e-08
-1.63242e-08
-1.56694e-08
-1.49958e-08
-1.43516e-08
-1.36869e-08
-1.30516e-08
-1.23941e-08
-1.17662e-08
-1.11146e-08
-1.04927e-08
-9.84588e-09
-9.22905e-09
-8.5859e-09
-7.97335e-09
-7.33278e-09
-6.72434e-09
-6.08465e-09
-5.48156e-09
-4.83858e-09
-4.24646e-09
-3.58778e-09
-3.02786e-09
-2.31401e-09
-1.86066e-09
-9.54194e-10
-8.69658e-10
7.27156e-10
0.0662131
0.0652183
0.0618542
0.0565128
0.0482835
0.0360252
0.0186617
-0.00553241
-0.0363981
-0.07405
-0.112731
-0.145175
-0.174151
-0.198615
-0.218512
-0.234257
-0.245563
-0.251973
-0.25279
-0.247401
-0.23566
-0.218173
-0.196312
-0.171996
-0.147218
-0.123626
-0.102308
-0.0838013
-0.0682135
-0.0553726
-0.0449601
-0.0366055
-0.0299447
-0.0246501
-0.0204422
-0.017091
-0.0144115
-0.0122573
-0.0105135
-0.00909103
-0.00792061
-0.00694879
-0.00613423
-0.00544492
-0.00485608
-0.00434841
-0.00390687
-0.00351968
-0.00317755
-0.00287315
-0.00260063
-0.0023553
-0.00213335
-0.0019317
-0.00174781
-0.0015796
-0.00142538
-0.0012837
-0.00115342
-0.00103354
-0.000923266
-0.000821936
-0.00072903
-0.000644148
-0.000566959
-0.000497118
-0.000434147
-0.000377333
-0.000325703
-0.000278145
-0.00023369
-0.000191861
-0.000152925
-0.000117819
-8.77129e-05
-6.34139e-05
-4.49527e-05
-3.16026e-05
-2.22558e-05
-1.58422e-05
-1.15561e-05
-8.81278e-06
-7.12425e-06
-6.03916e-06
-5.18409e-06
-4.33772e-06
-3.45385e-06
-2.59932e-06
-1.86488e-06
-1.30117e-06
-9.04306e-07
-6.37923e-07
-4.60629e-07
-3.40784e-07
-2.58095e-07
-2.00042e-07
-1.5858e-07
-1.28419e-07
-1.06124e-07
-8.94653e-08
-7.69274e-08
-6.74185e-08
-6.01417e-08
-5.45036e-08
-5.00802e-08
-4.6548e-08
-4.36846e-08
-4.13082e-08
-3.93062e-08
-3.75728e-08
-3.60561e-08
-3.46897e-08
-3.34558e-08
-3.23075e-08
-3.1246e-08
-3.02334e-08
-2.92827e-08
-2.83592e-08
-2.74837e-08
-2.66221e-08
-2.58007e-08
-2.49846e-08
-2.42042e-08
-2.34229e-08
-2.26749e-08
-2.19213e-08
-2.11994e-08
-2.04683e-08
-1.97681e-08
-1.90555e-08
-1.83732e-08
-1.7676e-08
-1.70089e-08
-1.63244e-08
-1.567e-08
-1.49961e-08
-1.43523e-08
-1.36872e-08
-1.30523e-08
-1.23945e-08
-1.17669e-08
-1.11149e-08
-1.04934e-08
-9.84621e-09
-9.22974e-09
-8.58622e-09
-7.97403e-09
-7.33307e-09
-6.72505e-09
-6.08492e-09
-5.48244e-09
-4.83872e-09
-4.24789e-09
-3.58732e-09
-3.03123e-09
-2.31085e-09
-1.87113e-09
-9.39624e-10
-9.04391e-10
7.86441e-10
0.0703503
0.0695244
0.0667223
0.0621132
0.0547156
0.0431613
0.0259977
0.000796996
-0.0325923
-0.0752085
-0.118516
-0.152534
-0.182652
-0.207645
-0.227797
-0.243915
-0.255718
-0.262662
-0.26378
-0.25815
-0.24541
-0.226158
-0.201982
-0.175175
-0.14811
-0.122691
-0.100102
-0.0808535
-0.0649524
-0.0521077
-0.0418899
-0.0338399
-0.0275294
-0.0225886
-0.0187131
-0.0156597
-0.0132386
-0.0113033
-0.00974178
-0.00846898
-0.00742026
-0.00654661
-0.00581076
-0.00518429
-0.00464547
-0.00417754
-0.00376755
-0.00340541
-0.00308321
-0.00279469
-0.00253487
-0.00229972
-0.00208597
-0.00189095
-0.00171245
-0.00154862
-0.00139794
-0.00125917
-0.00113123
-0.00101325
-0.000904516
-0.000804423
-0.000712517
-0.000628453
-0.000551959
-0.000482746
-0.000420386
-0.000364204
-0.000313241
-0.000266372
-0.000222605
-0.000181435
-0.000143123
-0.000108633
-7.91904e-05
-5.56451e-05
-3.80429e-05
-2.56335e-05
-1.72675e-05
-1.18301e-05
-8.48181e-06
-6.59738e-06
-5.64046e-06
-5.1144e-06
-4.62408e-06
-3.96662e-06
-3.15221e-06
-2.31307e-06
-1.58973e-06
-1.0536e-06
-6.98301e-07
-4.76479e-07
-3.38396e-07
-2.49662e-07
-1.90671e-07
-1.50452e-07
-1.22276e-07
-1.01878e-07
-8.66896e-08
-7.52064e-08
-6.64593e-08
-5.97396e-08
-5.45169e-08
-5.03886e-08
-4.70727e-08
-4.43509e-08
-4.20798e-08
-4.01358e-08
-3.84497e-08
-3.69468e-08
-3.55989e-08
-3.43557e-08
-3.32122e-08
-3.21296e-08
-3.11165e-08
-3.01389e-08
-2.92141e-08
-2.83092e-08
-2.74476e-08
-2.65958e-08
-2.5782e-08
-2.4971e-08
-2.41947e-08
-2.34161e-08
-2.26703e-08
-2.1918e-08
-2.11974e-08
-2.04669e-08
-1.97674e-08
-1.9055e-08
-1.83733e-08
-1.76761e-08
-1.70093e-08
-1.63247e-08
-1.56706e-08
-1.49965e-08
-1.4353e-08
-1.36877e-08
-1.3053e-08
-1.23949e-08
-1.17675e-08
-1.11153e-08
-1.04941e-08
-9.84657e-09
-9.23038e-09
-8.58655e-09
-7.97466e-09
-7.33337e-09
-6.72571e-09
-6.08518e-09
-5.48324e-09
-4.83887e-09
-4.24919e-09
-3.58689e-09
-3.03423e-09
-2.308e-09
-1.87994e-09
-9.27334e-10
-9.31049e-10
8.31544e-10
0.0748189
0.0742002
0.0720863
0.0684043
0.0621096
0.0515979
0.0349298
0.00876935
-0.0276559
-0.0770037
-0.12626
-0.161637
-0.192869
-0.218282
-0.23856
-0.254998
-0.267332
-0.274936
-0.276503
-0.270715
-0.25689
-0.235573
-0.208605
-0.178771
-0.148947
-0.121366
-0.0973189
-0.0772609
-0.0610614
-0.048274
-0.0383318
-0.0306698
-0.0247868
-0.0202665
-0.0167787
-0.0140678
-0.0119404
-0.0102517
-0.008894
-0.0077875
-0.00687327
-0.0061076
-0.00545801
-0.00490019
-0.00441587
-0.00399116
-0.00361545
-0.0032805
-0.0029799
-0.00270861
-0.00246256
-0.00223848
-0.00203367
-0.0018459
-0.00167328
-0.00151424
-0.00136747
-0.00123187
-0.00110651
-0.000990621
-0.000883557
-0.000784802
-0.00069396
-0.000610744
-0.000534935
-0.000466302
-0.000404474
-0.000348828
-0.000298448
-0.000252235
-0.000209202
-0.000168844
-0.000131408
-9.78514e-05
-6.93986e-05
-4.69006e-05
-3.03836e-05
-1.9075e-05
-1.18044e-05
-7.45143e-06
-5.15974e-06
-4.26249e-06
-4.15448e-06
-4.26776e-06
-4.17102e-06
-3.68567e-06
-2.90094e-06
-2.03839e-06
-1.30287e-06
-7.87566e-07
-4.7664e-07
-3.04475e-07
-2.09362e-07
-1.53813e-07
-1.19709e-07
-9.82045e-08
-8.40369e-08
-7.39492e-08
-6.62548e-08
-6.02204e-08
-5.54633e-08
-5.16794e-08
-4.86168e-08
-4.6074e-08
-4.39195e-08
-4.20471e-08
-4.03969e-08
-3.89063e-08
-3.75515e-08
-3.62907e-08
-3.51198e-08
-3.4006e-08
-3.29571e-08
-3.19436e-08
-3.09811e-08
-3.00403e-08
-2.91425e-08
-2.82572e-08
-2.74101e-08
-2.65687e-08
-2.57627e-08
-2.49571e-08
-2.41851e-08
-2.34093e-08
-2.26658e-08
-2.19149e-08
-2.11957e-08
-2.04658e-08
-1.97671e-08
-1.90549e-08
-1.83737e-08
-1.76765e-08
-1.70101e-08
-1.63253e-08
-1.56715e-08
-1.49972e-08
-1.43539e-08
-1.36884e-08
-1.30539e-08
-1.23956e-08
-1.17685e-08
-1.1116e-08
-1.0495e-08
-9.84718e-09
-9.23123e-09
-8.58711e-09
-7.97548e-09
-7.33389e-09
-6.72653e-09
-6.08565e-09
-5.48417e-09
-4.8392e-09
-4.25056e-09
-3.58669e-09
-3.03701e-09
-2.30567e-09
-1.8873e-09
-9.17422e-10
-9.51046e-10
8.6486e-10
0.0795374
0.0791678
0.07788
0.0753514
0.0704924
0.0614852
0.0457656
0.0188717
-0.0211794
-0.0797651
-0.136781
-0.172948
-0.204947
-0.230383
-0.250596
-0.267452
-0.280615
-0.289305
-0.291694
-0.285881
-0.27078
-0.246901
-0.216445
-0.182861
-0.149681
-0.11954
-0.0938314
-0.0729114
-0.0564546
-0.0438131
-0.0342503
-0.0270773
-0.0217104
-0.0176846
-0.0146437
-0.0123218
-0.0105241
-0.00910945
-0.00797632
-0.00705192
-0.00628411
-0.00563547
-0.005079
-0.00459508
-0.0041693
-0.00379093
-0.0034519
-0.00314604
-0.00286856
-0.00261568
-0.00238437
-0.00217215
-0.00197692
-0.00179693
-0.00163065
-0.00147679
-0.00133424
-0.00120207
-0.00107948
-0.000965829
-0.000860553
-0.000763216
-0.000673485
-0.000591127
-0.000515975
-0.00044785
-0.000386445
-0.000331209
-0.000281307
-0.000235712
-0.000193485
-0.000154141
-0.000117901
-8.56653e-05
-5.85893e-05
-3.7447e-05
-2.22231e-05
-1.21289e-05
-6.01469e-06
-2.81335e-06
-1.67793e-06
-1.89627e-06
-2.76135e-06
-3.59473e-06
-3.90755e-06
-3.55399e-06
-2.7333e-06
-1.78902e-06
-1.00826e-06
-5.04777e-07
-2.41906e-07
-1.25282e-07
-7.67045e-08
-5.56956e-08
-4.69953e-08
-4.46406e-08
-4.49091e-08
-4.54513e-08
-4.54369e-08
-4.49595e-08
-4.4266e-08
-4.34731e-08
-4.26111e-08
-4.16826e-08
-4.07104e-08
-3.97028e-08
-3.86848e-08
-3.76559e-08
-3.66384e-08
-3.56237e-08
-3.46329e-08
-3.36505e-08
-3.26979e-08
-3.17545e-08
-3.08435e-08
-2.99402e-08
-2.90699e-08
-2.82045e-08
-2.73721e-08
-2.65413e-08
-2.57432e-08
-2.49432e-08
-2.41755e-08
-2.34025e-08
-2.26614e-08
-2.1912e-08
-2.1194e-08
-2.04648e-08
-1.97669e-08
-1.9055e-08
-1.83742e-08
-1.7677e-08
-1.70109e-08
-1.63261e-08
-1.56725e-08
-1.49981e-08
-1.4355e-08
-1.36892e-08
-1.30549e-08
-1.23964e-08
-1.17694e-08
-1.11167e-08
-1.04959e-08
-9.84786e-09
-9.23208e-09
-8.58773e-09
-7.97629e-09
-7.33445e-09
-6.72733e-09
-6.08615e-09
-5.48506e-09
-4.83957e-09
-4.25181e-09
-3.58656e-09
-3.03941e-09
-2.30374e-09
-1.89318e-09
-9.09545e-10
-9.6572e-10
8.89102e-10
0.0844069
0.0843296
0.0840125
0.082886
0.07986
0.0729534
0.0588435
0.0317257
-0.0126654
-0.0841644
-0.15099
-0.186812
-0.219477
-0.244563
-0.264226
-0.281212
-0.295194
-0.305245
-0.308882
-0.303407
-0.287067
-0.260238
-0.225566
-0.187408
-0.150185
-0.117045
-0.089478
-0.0676748
-0.0510412
-0.0386701
-0.0296186
-0.0230547
-0.018305
-0.0148543
-0.0123226
-0.0104368
-0.00900398
-0.00788942
-0.00700006
-0.00627182
-0.00566076
-0.00513674
-0.00467901
-0.00427315
-0.00390902
-0.00357935
-0.00327883
-0.00300347
-0.00275021
-0.00251665
-0.00230082
-0.00210107
-0.00191597
-0.00174422
-0.00158469
-0.00143635
-0.00129832
-0.00116982
-0.0010502
-0.000938934
-0.000835556
-0.000739711
-0.000651131
-0.000569632
-0.000495093
-0.000427385
-0.000366272
-0.000311303
-0.000261765
-0.000216763
-0.000175451
-0.000137382
-0.000102756
-7.23271e-05
-4.70616e-05
-2.76041e-05
-1.38359e-05
-4.98336e-06
-1.95884e-08
2.01178e-06
1.90693e-06
4.3562e-07
-1.54314e-06
-3.18454e-06
-3.91292e-06
-3.62733e-06
-2.67893e-06
-1.5762e-06
-7.0976e-07
-2.0924e-07
-2.07497e-10
5.43238e-08
5.39084e-08
4.07622e-08
2.49649e-08
8.64692e-09
-5.9681e-09
-1.71197e-08
-2.47372e-08
-2.9769e-08
-3.31141e-08
-3.53032e-08
-3.66361e-08
-3.73159e-08
-3.75199e-08
-3.73724e-08
-3.69829e-08
-3.6413e-08
-3.57308e-08
-3.4961e-08
-3.41492e-08
-3.32976e-08
-3.24407e-08
-3.15671e-08
-3.07072e-08
-2.98411e-08
-2.89982e-08
-2.81525e-08
-2.73348e-08
-2.65145e-08
-2.57242e-08
-2.49298e-08
-2.41663e-08
-2.33962e-08
-2.26574e-08
-2.19094e-08
-2.11927e-08
-2.04642e-08
-1.9767e-08
-1.90553e-08
-1.8375e-08
-1.76778e-08
-1.7012e-08
-1.63271e-08
-1.56737e-08
-1.49992e-08
-1.43562e-08
-1.36903e-08
-1.30561e-08
-1.23974e-08
-1.17706e-08
-1.11177e-08
-1.04969e-08
-9.84873e-09
-9.23308e-09
-8.58852e-09
-7.97723e-09
-7.33517e-09
-6.72824e-09
-6.08679e-09
-5.48603e-09
-4.84008e-09
-4.25305e-09
-3.58662e-09
-3.04154e-09
-2.30228e-09
-1.89789e-09
-9.03488e-10
-9.76427e-10
9.0653e-10
0.0893117
0.0895697
0.0903645
0.0909102
0.0901734
0.0861577
0.0746137
0.0483526
-0.00120709
-0.0911511
-0.171272
-0.203817
-0.235683
-0.259827
-0.279074
-0.296684
-0.312168
-0.324366
-0.329822
-0.324864
-0.306982
-0.276402
-0.236382
-0.192503
-0.150344
-0.113679
-0.0840491
-0.0613785
-0.0446977
-0.0327666
-0.024393
-0.0185822
-0.0145655
-0.0117789
-0.00982303
-0.00842209
-0.00738933
-0.0066002
-0.00597271
-0.00545356
-0.00500849
-0.00461572
-0.00426151
-0.00393722
-0.00363735
-0.00335834
-0.00309782
-0.00285412
-0.00262601
-0.0024125
-0.00221275
-0.00202599
-0.00185145
-0.00168834
-0.0015359
-0.00139339
-0.00126012
-0.0011355
-0.00101901
-0.000910244
-0.000808847
-0.000714548
-0.000627143
-0.000546493
-0.000472515
-0.000405127
-0.000344175
-0.000289339
-0.000240081
-0.000195699
-0.000155507
-0.000119094
-8.65435e-05
-5.84304e-05
-3.54371e-05
-1.79005e-05
-5.62269e-06
2.05807e-06
5.98133e-06
6.894e-06
5.49489e-06
2.63549e-06
-6.0322e-07
-3.13637e-06
-4.26614e-06
-3.95426e-06
-2.75626e-06
-1.40034e-06
-4.03308e-07
9.97381e-08
2.44861e-07
2.29064e-07
1.77896e-07
1.32409e-07
9.41762e-08
6.02363e-08
3.17051e-08
1.02301e-08
-4.75236e-09
-1.50778e-08
-2.23184e-08
-2.73968e-08
-3.08582e-08
-3.3095e-08
-3.44364e-08
-3.51203e-08
-3.53385e-08
-3.52124e-08
-3.48543e-08
-3.43212e-08
-3.36823e-08
-3.2957e-08
-3.21925e-08
-3.13863e-08
-3.05758e-08
-2.97456e-08
-2.89291e-08
-2.81026e-08
-2.7299e-08
-2.64889e-08
-2.57062e-08
-2.49171e-08
-2.41576e-08
-2.33903e-08
-2.26537e-08
-2.19072e-08
-2.11917e-08
-2.04638e-08
-1.97673e-08
-1.90559e-08
-1.83759e-08
-1.76788e-08
-1.70133e-08
-1.63283e-08
-1.5675e-08
-1.50004e-08
-1.43575e-08
-1.36915e-08
-1.30574e-08
-1.23985e-08
-1.17718e-08
-1.11187e-08
-1.04981e-08
-9.84969e-09
-9.23412e-09
-8.58939e-09
-7.97819e-09
-7.33596e-09
-6.72916e-09
-6.08749e-09
-5.48698e-09
-4.84063e-09
-4.25421e-09
-3.58678e-09
-3.04336e-09
-2.30117e-09
-1.90156e-09
-8.98869e-10
-9.84155e-10
9.19016e-10
0.0941184
0.0947469
0.0967817
0.0992504
0.101312
0.101089
0.0934553
0.0697764
0.013844
-0.101388
-0.197932
-0.22582
-0.257001
-0.278493
-0.295766
-0.313247
-0.330272
-0.345294
-0.353481
-0.349867
-0.330697
-0.295771
-0.249158
-0.198166
-0.149983
-0.109182
-0.0772963
-0.0538302
-0.0372974
-0.0260319
-0.0185434
-0.0136558
-0.0105028
-0.00847655
-0.00716533
-0.00629763
-0.00569853
-0.00525789
-0.00490802
-0.00460865
-0.00433678
-0.00408012
-0.0038327
-0.00359218
-0.00335809
-0.00313083
-0.0029111
-0.00269966
-0.00249715
-0.00230408
-0.00212077
-0.00194732
-0.00178365
-0.0016295
-0.00148445
-0.00134804
-0.00121979
-0.00109924
-0.000986047
-0.000879902
-0.000780575
-0.000687882
-0.000601682
-0.000521879
-0.000448421
-0.000381278
-0.000320393
-0.000265615
-0.000216638
-0.000173007
-0.000134216
-9.99039e-05
-6.99946e-05
-4.46882e-05
-2.42567e-05
-8.7576e-06
2.09903e-06
8.824e-06
1.19189e-05
1.18145e-05
9.07983e-06
4.68949e-06
3.4741e-08
-3.4733e-06
-4.97894e-06
-4.53172e-06
-2.94906e-06
-1.24355e-06
-7.84627e-08
4.2307e-07
4.88104e-07
3.92303e-07
2.8996e-07
2.15809e-07
1.5851e-07
1.08648e-07
6.70507e-08
3.58515e-08
1.40069e-08
-1.23854e-09
-1.21319e-08
-1.99409e-08
-2.54158e-08
-2.91215e-08
-3.1534e-08
-3.30006e-08
-3.37911e-08
-3.40827e-08
-3.40296e-08
-3.37193e-08
-3.32433e-08
-3.26369e-08
-3.19594e-08
-3.12167e-08
-3.04526e-08
-2.96563e-08
-2.88646e-08
-2.80562e-08
-2.72658e-08
-2.64653e-08
-2.56896e-08
-2.49056e-08
-2.41499e-08
-2.33853e-08
-2.26507e-08
-2.19055e-08
-2.11911e-08
-2.04639e-08
-1.97679e-08
-1.90568e-08
-1.83772e-08
-1.76802e-08
-1.70148e-08
-1.63298e-08
-1.56766e-08
-1.50019e-08
-1.43591e-08
-1.36929e-08
-1.30589e-08
-1.23998e-08
-1.17731e-08
-1.11199e-08
-1.04993e-08
-9.8508e-09
-9.23528e-09
-8.5904e-09
-7.97926e-09
-7.33687e-09
-6.73016e-09
-6.08829e-09
-5.48797e-09
-4.84128e-09
-4.25534e-09
-3.58707e-09
-3.04496e-09
-2.30042e-09
-1.90445e-09
-8.95453e-10
-9.89745e-10
9.27901e-10
0.0986789
0.0997055
0.103069
0.107702
0.113063
0.117844
0.115962
0.0988437
0.0345844
-0.124113
-0.238481
-0.24832
-0.277707
-0.298082
-0.314357
-0.331998
-0.350726
-0.368816
-0.379867
-0.377785
-0.35739
-0.31769
-0.263459
-0.204083
-0.148812
-0.103276
-0.0689766
-0.0448475
-0.0287212
-0.0183998
-0.0120413
-0.00827089
-0.00612567
-0.00496255
-0.00436721
-0.00408106
-0.00394783
-0.00387681
-0.00381819
-0.00374724
-0.00365397
-0.00353671
-0.00339809
-0.00324257
-0.00307502
-0.00289999
-0.00272138
-0.00254242
-0.0023657
-0.00219322
-0.00202647
-0.00186649
-0.00171387
-0.00156884
-0.00143136
-0.00130121
-0.00117811
-0.00106175
-0.000951931
-0.000848474
-0.000751267
-0.00066022
-0.000575253
-0.000496308
-0.000423366
-0.000356457
-0.000295649
-0.000240993
-0.000192451
-0.000149839
-0.000112833
-8.10552e-05
-5.41764e-05
-3.19653e-05
-1.4206e-05
-6.13769e-07
9.12875e-06
1.52435e-05
1.7783e-05
1.67888e-05
1.26913e-05
6.64462e-06
4.4171e-07
-4.10051e-06
-5.94214e-06
-5.25176e-06
-3.16704e-06
-1.04348e-06
2.99649e-07
7.75863e-07
7.34123e-07
5.44692e-07
3.89801e-07
2.90499e-07
2.1713e-07
1.52997e-07
9.92742e-08
5.9117e-08
3.10727e-08
1.14007e-08
-2.81731e-09
-1.31331e-08
-2.0455e-08
-2.55026e-08
-2.88912e-08
-3.10708e-08
-3.23825e-08
-3.30547e-08
-3.32794e-08
-3.31719e-08
-3.28441e-08
-3.2346e-08
-3.17476e-08
-3.10628e-08
-3.0341e-08
-2.95755e-08
-2.88063e-08
-2.80143e-08
-2.7236e-08
-2.64442e-08
-2.5675e-08
-2.48956e-08
-2.41433e-08
-2.33811e-08
-2.26483e-08
-2.19044e-08
-2.1191e-08
-2.04643e-08
-1.97688e-08
-1.9058e-08
-1.83786e-08
-1.76817e-08
-1.70164e-08
-1.63314e-08
-1.56783e-08
-1.50035e-08
-1.43607e-08
-1.36944e-08
-1.30604e-08
-1.24012e-08
-1.17746e-08
-1.11212e-08
-1.05006e-08
-9.852e-09
-9.23649e-09
-8.59148e-09
-7.98037e-09
-7.33784e-09
-6.73118e-09
-6.08914e-09
-5.48896e-09
-4.84199e-09
-4.25641e-09
-3.58745e-09
-3.04633e-09
-2.29994e-09
-1.90669e-09
-8.92959e-10
-9.93756e-10
9.34206e-10
0.102834
0.104261
0.108996
0.115898
0.125062
0.135709
0.142319
0.134802
0.062958
-0.133596
-0.304823
-0.292875
-0.307755
-0.31634
-0.326359
-0.34138
-0.360701
-0.382414
-0.398125
-0.399602
-0.37983
-0.337027
-0.276204
-0.208754
-0.14632
-0.0959503
-0.0592798
-0.0346749
-0.0192101
-0.010088
-0.00507512
-0.00258658
-0.00156602
-0.00134449
-0.00151532
-0.00184152
-0.00219209
-0.00250038
-0.00273758
-0.00289657
-0.00298164
-0.00300262
-0.00297126
-0.00289914
-0.00279663
-0.0026725
-0.0025339
-0.00238652
-0.00223486
-0.00208241
-0.00193183
-0.00178503
-0.00164327
-0.00150728
-0.00137733
-0.00125345
-0.00113551
-0.00102337
-0.000916954
-0.000816224
-0.000721182
-0.000631828
-0.000548147
-0.000470122
-0.000397779
-0.000331232
-0.000270693
-0.000216431
-0.000168671
-0.000127459
-9.25873e-05
-6.35895e-05
-3.98218e-05
-2.05719e-05
-5.16295e-06
6.93899e-06
1.59817e-05
2.1818e-05
2.39955e-05
2.21563e-05
1.6627e-05
8.8049e-06
9.50984e-07
-4.67047e-06
-6.82839e-06
-5.84474e-06
-3.22883e-06
-6.98874e-07
7.78129e-07
1.17788e-06
9.92455e-07
6.92203e-07
4.81031e-07
3.58024e-07
2.70139e-07
1.92859e-07
1.27897e-07
7.96351e-08
4.61307e-08
2.25821e-08
5.41901e-09
-7.13109e-09
-1.60934e-08
-2.23252e-08
-2.65719e-08
-2.9378e-08
-3.11474e-08
-3.21534e-08
-3.26218e-08
-3.26923e-08
-3.24946e-08
-3.20915e-08
-3.15625e-08
-3.09284e-08
-3.02437e-08
-2.95052e-08
-2.87559e-08
-2.79783e-08
-2.72106e-08
-2.64264e-08
-2.56628e-08
-2.48875e-08
-2.41382e-08
-2.33781e-08
-2.26469e-08
-2.19039e-08
-2.11915e-08
-2.04653e-08
-1.97702e-08
-1.90596e-08
-1.83804e-08
-1.76835e-08
-1.70183e-08
-1.63333e-08
-1.56802e-08
-1.50053e-08
-1.43625e-08
-1.36961e-08
-1.30621e-08
-1.24028e-08
-1.17762e-08
-1.11227e-08
-1.05021e-08
-9.85332e-09
-9.2378e-09
-8.59267e-09
-7.98155e-09
-7.3389e-09
-6.73226e-09
-6.09007e-09
-5.48997e-09
-4.84276e-09
-4.25744e-09
-3.58792e-09
-3.04754e-09
-2.29972e-09
-1.90844e-09
-8.91209e-10
-9.96637e-10
9.38624e-10
0.106419
0.108234
0.114281
0.123503
0.136703
0.154667
0.173244
0.18939
0.103647
-0.12287
-0.337261
-0.300522
-0.318826
-0.32521
-0.331586
-0.345884
-0.36538
-0.388161
-0.405704
-0.409533
-0.391003
-0.34725
-0.282704
-0.209733
-0.141856
-0.0876188
-0.0490775
-0.0242665
-0.00962096
-0.00179961
0.00180339
0.00297341
0.00285368
0.00213271
0.0012042
0.000279285
-0.000539242
-0.00121071
-0.00172862
-0.00210408
-0.00235597
-0.00250563
-0.00257377
-0.00257887
-0.00253655
-0.00245952
-0.00235793
-0.00223975
-0.00211127
-0.00197734
-0.00184171
-0.00170711
-0.00157541
-0.00144777
-0.00132478
-0.00120668
-0.00109351
-0.000985283
-0.000882051
-0.000783905
-0.000690956
-0.000603286
-0.000520939
-0.000443948
-0.000372404
-0.000306516
-0.000246643
-0.000193237
-0.000146706
-0.000107227
-7.45979e-05
-4.81975e-05
-2.70735e-05
-1.01348e-05
3.61168e-06
1.48098e-05
2.3538e-05
2.92559e-05
3.10582e-05
2.8276e-05
2.1213e-05
1.15553e-05
2.03533e-06
-4.66123e-06
-7.14536e-06
-5.92352e-06
-2.88811e-06
-8.07293e-08
1.41642e-06
1.65959e-06
1.28444e-06
8.51152e-07
5.73926e-07
4.22969e-07
3.19034e-07
2.28475e-07
1.52837e-07
9.72489e-08
5.89818e-08
3.20924e-08
1.23899e-08
-2.08021e-09
-1.24393e-08
-1.96701e-08
-2.46367e-08
-2.79668e-08
-3.01184e-08
-3.1403e-08
-3.20745e-08
-3.22933e-08
-3.22041e-08
-3.18802e-08
-3.14091e-08
-3.08172e-08
-3.01634e-08
-2.94475e-08
-2.87146e-08
-2.7949e-08
-2.71901e-08
-2.64123e-08
-2.56534e-08
-2.48814e-08
-2.41346e-08
-2.33762e-08
-2.26463e-08
-2.19043e-08
-2.11923e-08
-2.04667e-08
-1.97718e-08
-1.90614e-08
-1.83824e-08
-1.76856e-08
-1.70204e-08
-1.63354e-08
-1.56822e-08
-1.50073e-08
-1.43645e-08
-1.3698e-08
-1.30639e-08
-1.24045e-08
-1.17778e-08
-1.11242e-08
-1.05036e-08
-9.85473e-09
-9.23917e-09
-8.59394e-09
-7.98279e-09
-7.34003e-09
-6.73338e-09
-6.09106e-09
-5.49099e-09
-4.84358e-09
-4.25843e-09
-3.58847e-09
-3.04861e-09
-2.29969e-09
-1.90981e-09
-8.90039e-10
-9.98676e-10
9.41671e-10
0.109278
0.111424
0.118638
0.12989
0.147198
0.171813
0.207662
0.214233
0.1946
-0.140326
-0.429402
-0.318361
-0.320411
-0.325023
-0.329941
-0.344381
-0.36445
-0.388501
-0.407286
-0.411823
-0.39361
-0.349291
-0.282797
-0.206876
-0.135986
-0.0795668
-0.040037
-0.0153333
-0.00150217
0.005168
0.00755819
0.00760609
0.00652236
0.00500922
0.00344761
0.00202541
0.000820406
-0.000149555
-0.000897241
-0.00144939
-0.00183725
-0.00209179
-0.00224114
-0.00230938
-0.00231637
-0.00227803
-0.00220692
-0.00211286
-0.00200357
-0.00188503
-0.00176182
-0.00163736
-0.001514
-0.00139326
-0.001276
-0.00116265
-0.00105343
-0.00094848
-0.000847972
-0.0007521
-0.000661055
-0.000574986
-0.000493995
-0.000418177
-0.000347694
-0.00028285
-0.000224107
-0.000172015
-0.000127039
-8.93569e-05
-5.86888e-05
-3.42565e-05
-1.49026e-05
6.5943e-07
1.35262e-05
2.42895e-05
3.28136e-05
3.8244e-05
3.93784e-05
3.53967e-05
2.66775e-05
1.52009e-05
4.09413e-06
-3.6333e-06
-6.50936e-06
-5.23798e-06
-2.03467e-06
8.25972e-07
2.19364e-06
2.20345e-06
1.60637e-06
1.02557e-06
6.72688e-07
4.86984e-07
3.64007e-07
2.59623e-07
1.73908e-07
1.11792e-07
6.94284e-08
3.97242e-08
1.79237e-08
1.89539e-09
-9.58095e-09
-1.76019e-08
-2.31334e-08
-2.68724e-08
-2.93212e-08
-3.0822e-08
-3.16511e-08
-3.1985e-08
-3.19799e-08
-3.17174e-08
-3.12912e-08
-3.0732e-08
-3.01022e-08
-2.94037e-08
-2.86836e-08
-2.79274e-08
-2.71752e-08
-2.64024e-08
-2.56471e-08
-2.48778e-08
-2.41328e-08
-2.33757e-08
-2.26467e-08
-2.19051e-08
-2.11939e-08
-2.04684e-08
-1.9774e-08
-1.90637e-08
-1.83847e-08
-1.76879e-08
-1.70228e-08
-1.63377e-08
-1.56845e-08
-1.50094e-08
-1.43666e-08
-1.37e-08
-1.30659e-08
-1.24064e-08
-1.17796e-08
-1.11259e-08
-1.05052e-08
-9.85624e-09
-9.24063e-09
-8.59529e-09
-7.98409e-09
-7.34122e-09
-6.73453e-09
-6.09209e-09
-5.49202e-09
-4.84444e-09
-4.25938e-09
-3.58908e-09
-3.04954e-09
-2.29984e-09
-1.91087e-09
-8.89336e-10
-1.0001e-09
9.43672e-10
0.111272
0.11367
0.121743
0.134663
0.155077
0.186757
0.235571
0.276077
0.332823
-0.110744
-0.321216
-0.319586
-0.325382
-0.331361
-0.345309
-0.36472
-0.387833
-0.405733
-0.409639
-0.390593
-0.345347
-0.278149
-0.201563
-0.129986
-0.0731076
-0.0335345
-0.00922451
0.00392432
0.00977497
0.0113411
0.0106393
0.00891691
0.00688246
0.00490723
0.00316284
0.00170932
0.000549568
-0.000343527
-0.00100744
-0.00148167
-0.00180351
-0.00200573
-0.00211585
-0.00215621
-0.0021446
-0.00209494
-0.00201813
-0.00192275
-0.00181542
-0.00170126
-0.00158408
-0.00146658
-0.00135055
-0.00123708
-0.0011268
-0.00102009
-0.000917246
-0.00081854
-0.000724242
-0.000634598
-0.000549799
-0.00046999
-0.000395315
-0.000325994
-0.000262382
-0.000204977
-0.000154327
-0.000110858
-7.46668e-05
-4.53749e-05
-2.21074e-05
-3.63877e-06
1.13335e-05
2.38524e-05
3.43815e-05
4.26042e-05
4.74825e-05
4.76936e-05
4.24137e-05
3.21532e-05
1.91304e-05
6.73034e-06
-1.85278e-06
-5.14226e-06
-4.01165e-06
-8.84003e-07
1.83668e-06
2.97542e-06
2.72723e-06
1.91525e-06
1.1949e-06
7.6719e-07
5.44449e-07
4.01544e-07
2.8426e-07
1.9001e-07
1.22625e-07
7.70404e-08
4.51773e-08
2.18205e-08
4.66597e-09
-7.60421e-09
-1.61797e-08
-2.21036e-08
-2.61244e-08
-2.87772e-08
-3.04261e-08
-3.1363e-08
-3.17756e-08
-3.18279e-08
-3.16074e-08
-3.12119e-08
-3.06752e-08
-3.00617e-08
-2.93752e-08
-2.86638e-08
-2.79139e-08
-2.71664e-08
-2.63969e-08
-2.56441e-08
-2.48765e-08
-2.41328e-08
-2.33766e-08
-2.26482e-08
-2.19075e-08
-2.11959e-08
-2.04708e-08
-1.97765e-08
-1.90663e-08
-1.83873e-08
-1.76905e-08
-1.70254e-08
-1.63401e-08
-1.56868e-08
-1.50117e-08
-1.43687e-08
-1.37021e-08
-1.30679e-08
-1.24083e-08
-1.17815e-08
-1.11277e-08
-1.05069e-08
-9.85784e-09
-9.24215e-09
-8.59672e-09
-7.98545e-09
-7.34248e-09
-6.73573e-09
-6.09318e-09
-5.49308e-09
-4.84536e-09
-4.26032e-09
-3.58976e-09
-3.05039e-09
-2.30013e-09
-1.91168e-09
-8.89001e-10
-1.00103e-09
9.44873e-10
0.112297
0.114829
0.123373
0.137181
0.15945
0.195094
0.252898
0.320996
0.430839
-0.315379
-0.323972
-0.330361
-0.344084
-0.362588
-0.384573
-0.401359
-0.404385
-0.384929
-0.339572
-0.27265
-0.196623
-0.125768
-0.0694881
-0.0303807
-0.00649226
0.00623591
0.0116841
0.012884
0.0118641
0.00987798
0.00763244
0.00549301
0.00362338
0.00207558
0.00084466
-0.000102123
-0.000807191
-0.00131365
-0.00166137
-0.00188487
-0.00201284
-0.00206838
-0.00206975
-0.00203124
-0.00196394
-0.00187656
-0.00177585
-0.00166705
-0.00155409
-0.00143985
-0.00132626
-0.0012146
-0.00110567
-0.001
-0.000898013
-0.000800053
-0.000706449
-0.00061748
-0.000533362
-0.000454261
-0.000380347
-0.000311861
-0.000249169
-0.000192755
-0.000143127
-0.000100647
-6.53407e-05
-3.67659e-05
-1.40163e-05
4.12594e-06
1.89147e-05
3.13093e-05
4.16698e-05
4.95793e-05
5.39299e-05
5.33824e-05
4.71624e-05
3.58863e-05
2.19077e-05
8.73161e-06
-3.85156e-07
-3.98804e-06
-3.03972e-06
-5.48795e-08
2.50768e-06
3.46883e-06
3.05165e-06
2.1079e-06
1.30239e-06
8.27373e-07
5.80287e-07
4.2404e-07
2.98513e-07
1.99084e-07
1.28592e-07
8.11373e-08
4.80557e-08
2.38516e-08
6.09923e-09
-6.5872e-09
-1.54513e-08
-2.15779e-08
-2.57436e-08
-2.85009e-08
-3.02256e-08
-3.12176e-08
-3.16705e-08
-3.17522e-08
-3.15533e-08
-3.11734e-08
-3.06482e-08
-3.00431e-08
-2.93627e-08
-2.86559e-08
-2.79092e-08
-2.71641e-08
-2.63963e-08
-2.56446e-08
-2.48777e-08
-2.41347e-08
-2.3379e-08
-2.26509e-08
-2.19101e-08
-2.11989e-08
-2.04738e-08
-1.97795e-08
-1.90692e-08
-1.83903e-08
-1.76934e-08
-1.70282e-08
-1.63429e-08
-1.56894e-08
-1.50144e-08
-1.43712e-08
-1.37044e-08
-1.30701e-08
-1.24104e-08
-1.17834e-08
-1.11296e-08
-1.05087e-08
-9.85952e-09
-9.24373e-09
-8.5982e-09
-7.98684e-09
-7.34378e-09
-6.73694e-09
-6.0943e-09
-5.49412e-09
-4.84628e-09
-4.2612e-09
-3.59048e-09
-3.05112e-09
-2.30055e-09
-1.9123e-09
-8.89038e-10
-1.00158e-09
9.45387e-10
0.112298
0.114829
0.123373
0.137182
0.159452
0.195095
0.2529
0.331151
0.488673
-0.314091
-0.32393
-0.33024
-0.343871
-0.362348
-0.384417
-0.401397
-0.404694
-0.385491
-0.340293
-0.273201
-0.196907
-0.125779
-0.0693144
-0.0301281
-0.00624679
0.00642952
0.0118074
0.0129413
0.0118687
0.00984647
0.00758086
0.00543464
0.00356823
0.00203039
0.000811595
-0.000122399
-0.000815491
-0.00131225
-0.00165306
-0.00187246
-0.00199885
-0.00205481
-0.00205804
-0.00202216
-0.00195783
-0.00187326
-0.00177495
-0.00166799
-0.00155625
-0.00144263
-0.00132918
-0.00121728
-0.00110787
-0.00100162
-0.00089903
-0.000800523
-0.000706477
-0.000617192
-0.000532884
-0.000453705
-0.000379801
-0.000311385
-0.000248798
-0.0001925
-0.000142982
-0.000100595
-6.53568e-05
-3.68256e-05
-1.40964e-05
4.04404e-06
1.88436e-05
3.12553e-05
4.16334e-05
4.95575e-05
5.39177e-05
5.33752e-05
4.71568e-05
3.58805e-05
2.19014e-05
8.72547e-06
-3.90219e-07
-3.99153e-06
-3.0417e-06
-5.57277e-08
2.50747e-06
3.46885e-06
3.05172e-06
2.10796e-06
1.30245e-06
8.27433e-07
5.8034e-07
4.24086e-07
2.98551e-07
1.99115e-07
1.28617e-07
8.11579e-08
4.80721e-08
2.38645e-08
6.10901e-09
-6.58e-09
-1.54462e-08
-2.15747e-08
-2.57418e-08
-2.85004e-08
-3.02261e-08
-3.1219e-08
-3.16725e-08
-3.17548e-08
-3.15563e-08
-3.11768e-08
-3.06518e-08
-3.00469e-08
-2.93667e-08
-2.86599e-08
-2.79133e-08
-2.71682e-08
-2.64004e-08
-2.56487e-08
-2.48817e-08
-2.41387e-08
-2.33829e-08
-2.26547e-08
-2.19138e-08
-2.12026e-08
-2.04774e-08
-1.97829e-08
-1.90725e-08
-1.83935e-08
-1.76965e-08
-1.70315e-08
-1.63458e-08
-1.56921e-08
-1.5017e-08
-1.43737e-08
-1.37067e-08
-1.30723e-08
-1.24126e-08
-1.17855e-08
-1.11315e-08
-1.05105e-08
-9.86128e-09
-9.24539e-09
-8.59977e-09
-7.9883e-09
-7.34515e-09
-6.73821e-09
-6.09548e-09
-5.4952e-09
-4.84727e-09
-4.26207e-09
-3.59125e-09
-3.05177e-09
-2.30109e-09
-1.91267e-09
-8.89322e-10
-1.00173e-09
9.45307e-10
0.111274
0.113673
0.121745
0.134665
0.155079
0.186759
0.235574
0.303206
0.414233
-0.314858
-0.318067
-0.325251
-0.330992
-0.344691
-0.364024
-0.387355
-0.405791
-0.410446
-0.392034
-0.346916
-0.279404
-0.202202
-0.130022
-0.0727426
-0.0329993
-0.00869933
0.00434292
0.0100513
0.0114802
0.0106662
0.00886488
0.00678454
0.0047918
0.00305154
0.0016169
0.000482078
-0.000384002
-0.0010228
-0.00147665
-0.00178402
-0.00197781
-0.0020849
-0.00212654
-0.00211921
-0.00207555
-0.00200534
-0.00191619
-0.00181414
-0.00170397
-0.00158938
-0.00147316
-0.00135732
-0.00124322
-0.00113179
-0.0010237
-0.000919447
-0.000819482
-0.000724177
-0.000633823
-0.000548608
-0.000468641
-0.000394009
-0.000324867
-0.000261511
-0.000204384
-0.000153996
-0.000110745
-7.47168e-05
-4.55278e-05
-2.2308e-05
-3.84237e-06
1.11573e-05
2.37187e-05
3.42917e-05
4.25503e-05
4.74523e-05
4.76753e-05
4.23989e-05
3.21378e-05
1.91139e-05
6.71425e-06
-1.8663e-06
-5.15181e-06
-4.01708e-06
-8.86276e-07
1.83618e-06
2.97558e-06
2.72748e-06
1.91545e-06
1.19508e-06
7.67383e-07
5.44611e-07
4.01684e-07
2.84375e-07
1.90103e-07
1.22701e-07
7.71019e-08
4.52265e-08
2.18588e-08
4.69507e-09
-7.58284e-09
-1.61647e-08
-2.2094e-08
-2.61193e-08
-2.87758e-08
-3.04277e-08
-3.13672e-08
-3.17818e-08
-3.18358e-08
-3.16166e-08
-3.12221e-08
-3.06861e-08
-3.00732e-08
-2.93872e-08
-2.86761e-08
-2.79264e-08
-2.71789e-08
-2.64094e-08
-2.56564e-08
-2.48885e-08
-2.41447e-08
-2.33883e-08
-2.26597e-08
-2.19185e-08
-2.1207e-08
-2.04815e-08
-1.97868e-08
-1.90762e-08
-1.83969e-08
-1.76997e-08
-1.70345e-08
-1.63488e-08
-1.5695e-08
-1.50193e-08
-1.43761e-08
-1.37093e-08
-1.30747e-08
-1.24148e-08
-1.17876e-08
-1.11336e-08
-1.05125e-08
-9.86309e-09
-9.24708e-09
-8.60137e-09
-7.98978e-09
-7.34654e-09
-6.73947e-09
-6.09666e-09
-5.49624e-09
-4.84826e-09
-4.26288e-09
-3.59206e-09
-3.05231e-09
-2.30176e-09
-1.9129e-09
-8.8997e-10
-1.00156e-09
9.44601e-10
0.109282
0.111427
0.118642
0.129894
0.147202
0.171818
0.207667
0.251345
0.264933
-0.24725
-0.322498
-0.321909
-0.32484
-0.329431
-0.343542
-0.363546
-0.387953
-0.407519
-0.41301
-0.395462
-0.351288
-0.284284
-0.207532
-0.135871
-0.0789822
-0.0392917
-0.0146453
-0.00097968
0.00549458
0.00770593
0.00761409
0.00643634
0.00487227
0.00329521
0.00188362
0.000705486
-0.000229997
-0.000942296
-0.0014627
-0.00182545
-0.00206275
-0.00220264
-0.00226823
-0.00227789
-0.00224584
-0.00218294
-0.0020976
-0.00199639
-0.00188456
-0.00176631
-0.00164495
-0.001523
-0.00140228
-0.00128402
-0.00116905
-0.00105794
-0.000951116
-0.000848963
-0.000751798
-0.000659863
-0.000573293
-0.000492138
-0.000416414
-0.000346198
-0.000281711
-0.000223348
-0.000171607
-0.000126921
-8.9452e-05
-5.89164e-05
-3.45427e-05
-1.51877e-05
4.15901e-07
1.3344e-05
2.41695e-05
3.2744e-05
3.82072e-05
3.93576e-05
3.538e-05
2.66591e-05
1.51801e-05
4.07322e-06
-3.65123e-06
-6.52221e-06
-5.24535e-06
-2.03779e-06
8.25309e-07
2.19394e-06
2.2039e-06
1.60674e-06
1.02589e-06
6.72957e-07
4.87254e-07
3.64241e-07
2.59813e-07
1.74063e-07
1.11917e-07
6.95302e-08
3.98055e-08
1.79872e-08
1.94363e-09
-9.54551e-09
-1.75771e-08
-2.31176e-08
-2.68639e-08
-2.93188e-08
-3.08248e-08
-3.1658e-08
-3.19953e-08
-3.19929e-08
-3.17326e-08
-3.13081e-08
-3.07502e-08
-3.01214e-08
-2.94236e-08
-2.8704e-08
-2.7948e-08
-2.7196e-08
-2.6423e-08
-2.56676e-08
-2.48979e-08
-2.41526e-08
-2.33952e-08
-2.26658e-08
-2.1924e-08
-2.12119e-08
-2.0486e-08
-1.9791e-08
-1.90802e-08
-1.84009e-08
-1.7703e-08
-1.7037e-08
-1.63514e-08
-1.5698e-08
-1.50222e-08
-1.43789e-08
-1.37119e-08
-1.30772e-08
-1.24172e-08
-1.17898e-08
-1.11357e-08
-1.05144e-08
-9.86499e-09
-9.24883e-09
-8.60304e-09
-7.99131e-09
-7.348e-09
-6.74078e-09
-6.09791e-09
-5.49731e-09
-4.8493e-09
-4.26368e-09
-3.59293e-09
-3.05277e-09
-2.30256e-09
-1.9129e-09
-8.90915e-10
-1.00095e-09
9.43227e-10
0.106424
0.108239
0.114286
0.123509
0.136709
0.154673
0.173251
0.189397
0.151217
-0.166314
-0.409508
-0.309939
-0.318842
-0.324954
-0.330951
-0.344931
-0.364416
-0.38762
-0.405991
-0.410824
-0.393004
-0.349294
-0.284156
-0.210305
-0.141671
-0.0869973
-0.0483236
-0.0235829
-0.00910327
-0.00147193
0.0019591
0.00299452
0.00278326
0.00201144
0.00106581
0.000148821
-0.000645885
-0.00128579
-0.00177086
-0.00211664
-0.00234491
-0.00247829
-0.00253747
-0.00254005
-0.00250025
-0.0024292
-0.00233542
-0.00222555
-0.00210476
-0.00197722
-0.00184628
-0.0017146
-0.0015842
-0.00145653
-0.00133253
-0.00121282
-0.00109779
-0.000987734
-0.000882904
-0.000783511
-0.000689708
-0.000601567
-0.000519077
-0.000442195
-0.000370925
-0.000305396
-0.000245901
-0.000192844
-0.0001466
-0.000107331
-7.48338e-05
-4.84913e-05
-2.73651e-05
-1.03831e-05
3.427e-06
1.46899e-05
2.34703e-05
2.92219e-05
3.10401e-05
2.82615e-05
2.1196e-05
1.15351e-05
2.01444e-06
-4.67953e-06
-7.15867e-06
-5.93121e-06
-2.89129e-06
-8.12415e-08
1.41698e-06
1.66032e-06
1.28506e-06
8.51663e-07
5.74362e-07
4.23359e-07
3.19363e-07
2.28742e-07
1.53053e-07
9.74237e-08
5.9123e-08
3.2205e-08
1.24777e-08
-2.01346e-09
-1.23903e-08
-1.96359e-08
-2.4615e-08
-2.79554e-08
-3.01154e-08
-3.14071e-08
-3.20843e-08
-3.23078e-08
-3.22224e-08
-3.19015e-08
-3.14328e-08
-3.08427e-08
-3.01903e-08
-2.94753e-08
-2.87431e-08
-2.79779e-08
-2.72191e-08
-2.64412e-08
-2.5682e-08
-2.49097e-08
-2.41624e-08
-2.34035e-08
-2.26729e-08
-2.19302e-08
-2.12175e-08
-2.04911e-08
-1.97956e-08
-1.90845e-08
-1.84046e-08
-1.7707e-08
-1.70402e-08
-1.63547e-08
-1.5701e-08
-1.50254e-08
-1.43818e-08
-1.37146e-08
-1.30797e-08
-1.24196e-08
-1.17921e-08
-1.11379e-08
-1.05164e-08
-9.86693e-09
-9.2506e-09
-8.60475e-09
-7.99284e-09
-7.34947e-09
-6.74207e-09
-6.09915e-09
-5.49834e-09
-4.85034e-09
-4.2644e-09
-3.59382e-09
-3.05308e-09
-2.30349e-09
-1.91263e-09
-8.92258e-10
-9.9987e-10
9.41021e-10
0.10284
0.104268
0.109003
0.115905
0.125069
0.135717
0.142327
0.134811
0.0629663
-0.133593
-0.304836
-0.292881
-0.307706
-0.316047
-0.325707
-0.340426
-0.359779
-0.381992
-0.39858
-0.400981
-0.38176
-0.338891
-0.277454
-0.209196
-0.146107
-0.0953744
-0.0586027
-0.0340653
-0.0187473
-0.00979219
-0.00493094
-0.00256198
-0.00162365
-0.00144877
-0.00163643
-0.00195713
-0.0022878
-0.00256882
-0.00277722
-0.00290985
-0.00297367
-0.00297973
-0.00293988
-0.00286501
-0.00276432
-0.00264518
-0.00251334
-0.00237325
-0.00222845
-0.00208175
-0.00193547
-0.0017914
-0.00165093
-0.001515
-0.00138424
-0.00125897
-0.00113941
-0.00102565
-0.000917803
-0.000815943
-0.00072012
-0.000630326
-0.000546499
-0.000468556
-0.000396448
-0.000330215
-0.000270011
-0.000216061
-0.00016856
-0.00012754
-9.27906e-05
-6.38486e-05
-4.00818e-05
-2.07943e-05
-5.32811e-06
6.83298e-06
1.59237e-05
2.17911e-05
2.39831e-05
2.21466e-05
1.66144e-05
8.78871e-06
9.33441e-07
-4.68626e-06
-6.84005e-06
-5.85151e-06
-3.23154e-06
-6.99087e-07
7.7895e-07
1.17888e-06
9.93322e-07
6.9292e-07
4.81633e-07
3.58536e-07
2.70563e-07
1.93202e-07
1.28173e-07
7.98579e-08
4.63101e-08
2.27249e-08
5.53038e-09
-7.04642e-09
-1.60313e-08
-2.22819e-08
-2.65444e-08
-2.93636e-08
-3.11438e-08
-3.21589e-08
-3.26346e-08
-3.2711e-08
-3.25182e-08
-3.2119e-08
-3.1593e-08
-3.09612e-08
-3.02782e-08
-2.9541e-08
-2.87924e-08
-2.80153e-08
-2.72477e-08
-2.64635e-08
-2.56995e-08
-2.49237e-08
-2.41738e-08
-2.3413e-08
-2.2681e-08
-2.19372e-08
-2.12237e-08
-2.04966e-08
-1.98006e-08
-1.90891e-08
-1.84086e-08
-1.77106e-08
-1.70442e-08
-1.63583e-08
-1.57042e-08
-1.50284e-08
-1.43846e-08
-1.37174e-08
-1.30823e-08
-1.24221e-08
-1.17944e-08
-1.11401e-08
-1.05185e-08
-9.86893e-09
-9.25242e-09
-8.60651e-09
-7.99441e-09
-7.351e-09
-6.74339e-09
-6.10045e-09
-5.49937e-09
-4.85143e-09
-4.26509e-09
-3.59479e-09
-3.05328e-09
-2.3046e-09
-1.91206e-09
-8.9408e-10
-9.98142e-10
9.37763e-10
0.0986864
0.0997131
0.103077
0.107711
0.113072
0.117854
0.115972
0.0988551
0.0345965
-0.124101
-0.238469
-0.248288
-0.277604
-0.297782
-0.313801
-0.331262
-0.350077
-0.368621
-0.380396
-0.379019
-0.359024
-0.319214
-0.264464
-0.204441
-0.148653
-0.102827
-0.0684377
-0.0443514
-0.0283346
-0.018143
-0.0119062
-0.00823455
-0.00615957
-0.00503847
-0.00446083
-0.00417364
-0.00402681
-0.00393529
-0.00385405
-0.0037618
-0.00365087
-0.00352077
-0.00337441
-0.00321581
-0.003049
-0.00287744
-0.00270392
-0.00253068
-0.00235949
-0.00219176
-0.00202866
-0.0018711
-0.00171972
-0.00157494
-0.00143694
-0.00130579
-0.00118143
-0.00106379
-0.000952802
-0.000848407
-0.000750532
-0.000659088
-0.000573966
-0.000495056
-0.000422279
-0.000355609
-0.000295063
-0.000240657
-0.000192327
-0.000149876
-0.000112976
-8.12503e-05
-5.43781e-05
-3.21403e-05
-1.43367e-05
-6.97113e-07
9.08462e-06
1.52249e-05
1.77761e-05
1.67839e-05
1.26835e-05
6.63325e-06
4.28665e-07
-4.11261e-06
-5.95117e-06
-5.25698e-06
-3.16894e-06
-1.04327e-06
3.00768e-07
7.77128e-07
7.35238e-07
5.45617e-07
3.90566e-07
2.91132e-07
2.17647e-07
1.53413e-07
9.96083e-08
5.93862e-08
3.12888e-08
1.15723e-08
-2.68361e-09
-1.30315e-08
-2.03807e-08
-2.5451e-08
-2.88586e-08
-3.10541e-08
-3.23788e-08
-3.30618e-08
-3.32954e-08
-3.31951e-08
-3.28732e-08
-3.23797e-08
-3.17849e-08
-3.11029e-08
-3.03831e-08
-2.96191e-08
-2.88509e-08
-2.80595e-08
-2.72813e-08
-2.64894e-08
-2.57198e-08
-2.49398e-08
-2.41868e-08
-2.34237e-08
-2.26899e-08
-2.19449e-08
-2.12303e-08
-2.05025e-08
-1.98057e-08
-1.90937e-08
-1.84127e-08
-1.77146e-08
-1.7048e-08
-1.63619e-08
-1.57076e-08
-1.50317e-08
-1.43876e-08
-1.37203e-08
-1.3085e-08
-1.24247e-08
-1.17968e-08
-1.11424e-08
-1.05206e-08
-9.87098e-09
-9.25424e-09
-8.60831e-09
-7.99597e-09
-7.35254e-09
-6.74468e-09
-6.10176e-09
-5.50036e-09
-4.85252e-09
-4.26568e-09
-3.5958e-09
-3.05327e-09
-2.30588e-09
-1.91106e-09
-8.96485e-10
-9.95559e-10
9.33096e-10
0.0941272
0.0947558
0.096791
0.0992603
0.101323
0.1011
0.093468
0.0697906
0.0138599
-0.101369
-0.197909
-0.225772
-0.256893
-0.278245
-0.295341
-0.312707
-0.329821
-0.345204
-0.353937
-0.350855
-0.331965
-0.296943
-0.249937
-0.198459
-0.149879
-0.108844
-0.0768754
-0.0534319
-0.0369793
-0.0258151
-0.0184249
-0.0136191
-0.0105255
-0.00853602
-0.00724145
-0.00637466
-0.00576565
-0.00530889
-0.00494067
-0.00462364
-0.00433681
-0.00406896
-0.00381448
-0.00357074
-0.00333665
-0.00311177
-0.00289591
-0.00268899
-0.00249099
-0.0023019
-0.00212173
-0.00195046
-0.00178802
-0.00163426
-0.00148896
-0.00135185
-0.00122265
-0.0011011
-0.000986968
-0.000880043
-0.000780141
-0.000687086
-0.000600718
-0.000520904
-0.000447549
-0.000380575
-0.000319889
-0.000265306
-0.000216499
-0.000173001
-0.000134302
-0.000100039
-7.01413e-05
-4.48186e-05
-2.43551e-05
-8.82089e-06
2.06687e-06
8.81242e-06
1.19166e-05
1.18136e-05
9.07636e-06
4.68282e-06
2.62394e-08
-3.48156e-06
-4.98519e-06
-4.53523e-06
-2.95007e-06
-1.24291e-06
-7.70907e-08
4.24552e-07
4.89425e-07
3.93407e-07
2.90869e-07
2.16554e-07
1.59113e-07
1.09134e-07
6.74403e-08
3.61648e-08
1.42579e-08
-1.03949e-09
-1.19771e-08
-1.98235e-08
-2.53299e-08
-2.90621e-08
-3.14968e-08
-3.29818e-08
-3.37876e-08
-3.40917e-08
-3.4049e-08
-3.3747e-08
-3.32778e-08
-3.26768e-08
-3.20034e-08
-3.1264e-08
-3.05023e-08
-2.97077e-08
-2.89171e-08
-2.81093e-08
-2.73191e-08
-2.65184e-08
-2.57422e-08
-2.49576e-08
-2.42009e-08
-2.34354e-08
-2.26995e-08
-2.19532e-08
-2.12374e-08
-2.05088e-08
-1.98112e-08
-1.90985e-08
-1.84173e-08
-1.7719e-08
-1.7052e-08
-1.63657e-08
-1.5711e-08
-1.5035e-08
-1.43906e-08
-1.37232e-08
-1.30876e-08
-1.24274e-08
-1.17992e-08
-1.11448e-08
-1.05227e-08
-9.87309e-09
-9.25609e-09
-8.61016e-09
-7.99756e-09
-7.35414e-09
-6.74598e-09
-6.10311e-09
-5.50134e-09
-4.85367e-09
-4.26622e-09
-3.5969e-09
-3.05309e-09
-2.30742e-09
-1.90957e-09
-8.99659e-10
-9.91821e-10
9.2651e-10
0.0893217
0.0895798
0.0903751
0.0909215
0.0901856
0.0861711
0.0746286
0.0483697
-0.00118715
-0.0911255
-0.171237
-0.203756
-0.235569
-0.259609
-0.278738
-0.296287
-0.311857
-0.324327
-0.330187
-0.325615
-0.307937
-0.277292
-0.23699
-0.192753
-0.150289
-0.113434
-0.0837275
-0.0610639
-0.0444394
-0.0325849
-0.0242886
-0.0185439
-0.0145766
-0.0118217
-0.00988151
-0.00848333
-0.0074442
-0.0066432
-0.00600154
-0.00546834
-0.00501105
-0.00460886
-0.0042484
-0.00392091
-0.00362047
-0.00334289
-0.00308512
-0.00284482
-0.00262021
-0.00240989
-0.00221275
-0.00202788
-0.00185448
-0.00169186
-0.00153936
-0.00139642
-0.00126249
-0.00113712
-0.00101992
-0.000910531
-0.000808659
-0.000714042
-0.000626468
-0.000545775
-0.000471847
-0.000404569
-0.000343756
-0.000289063
-0.000239936
-0.00019566
-0.000155544
-0.000119175
-8.664e-05
-5.85196e-05
-3.55052e-05
-1.79434e-05
-5.64338e-06
2.05246e-06
5.98247e-06
6.89602e-06
5.49477e-06
2.63261e-06
-6.07894e-07
-3.14131e-06
-4.26996e-06
-3.95621e-06
-2.75642e-06
-1.39928e-06
-4.01703e-07
1.01404e-07
2.46354e-07
2.30322e-07
1.78933e-07
1.33254e-07
9.48599e-08
6.07865e-08
3.21471e-08
1.05852e-08
-4.46847e-09
-1.48532e-08
-2.21441e-08
-2.72647e-08
-3.0762e-08
-3.30287e-08
-3.43952e-08
-3.50999e-08
-3.53355e-08
-3.52236e-08
-3.48772e-08
-3.43536e-08
-3.37224e-08
-3.30032e-08
-3.22434e-08
-3.14409e-08
-3.0633e-08
-2.98048e-08
-2.89894e-08
-2.81637e-08
-2.73602e-08
-2.65499e-08
-2.57665e-08
-2.49767e-08
-2.42161e-08
-2.34478e-08
-2.27097e-08
-2.19618e-08
-2.12447e-08
-2.05154e-08
-1.98169e-08
-1.91038e-08
-1.84219e-08
-1.77234e-08
-1.70559e-08
-1.63695e-08
-1.57144e-08
-1.50384e-08
-1.43936e-08
-1.37262e-08
-1.30903e-08
-1.24301e-08
-1.18016e-08
-1.11472e-08
-1.05248e-08
-9.87522e-09
-9.25791e-09
-8.61202e-09
-7.9991e-09
-7.35575e-09
-6.74723e-09
-6.10447e-09
-5.50224e-09
-4.85483e-09
-4.26663e-09
-3.59806e-09
-3.05263e-09
-2.30922e-09
-1.90739e-09
-9.0378e-10
-9.86479e-10
9.17291e-10
0.084418
0.0843409
0.0840244
0.0828987
0.0798737
0.0729686
0.0588606
0.0317456
-0.0126417
-0.0841336
-0.150948
-0.186745
-0.219366
-0.244376
-0.263961
-0.280916
-0.294976
-0.305238
-0.309177
-0.303989
-0.287799
-0.260925
-0.226045
-0.187619
-0.15016
-0.116866
-0.0892301
-0.0674253
-0.0508316
-0.0385194
-0.0295295
-0.0230195
-0.0183111
-0.0148875
-0.0123699
-0.0104875
-0.00905026
-0.00792651
-0.00702574
-0.00628595
-0.00566464
-0.00513252
-0.00466922
-0.00426028
-0.00389526
-0.00356642
-0.00326789
-0.00299516
-0.00274471
-0.00251378
-0.00230016
-0.00210207
-0.00191804
-0.00174683
-0.00158739
-0.0014388
-0.00130031
-0.00117126
-0.00105109
-0.000939316
-0.00083554
-0.000739414
-0.000650669
-0.000569105
-0.00049458
-0.000426938
-0.00036592
-0.000311056
-0.000261618
-0.000216701
-0.000175453
-0.000137424
-0.000102816
-7.23852e-05
-4.71066e-05
-2.76315e-05
-1.38476e-05
-4.98487e-06
-1.61339e-08
2.0159e-06
1.90934e-06
4.35717e-07
-1.54476e-06
-3.18674e-06
-3.91467e-06
-3.62794e-06
-2.67835e-06
-1.57479e-06
-7.07967e-07
-2.07436e-07
1.41318e-09
5.57015e-08
5.50494e-08
4.1695e-08
2.57206e-08
9.25636e-09
-5.47779e-09
-1.67258e-08
-2.44228e-08
-2.95207e-08
-3.29217e-08
-3.51577e-08
-3.65305e-08
-3.72435e-08
-3.74754e-08
-3.7351e-08
-3.69808e-08
-3.64267e-08
-3.57574e-08
-3.49982e-08
-3.41949e-08
-3.335e-08
-3.24983e-08
-3.16288e-08
-3.07718e-08
-2.99078e-08
-2.90662e-08
-2.82213e-08
-2.74037e-08
-2.65832e-08
-2.57922e-08
-2.49969e-08
-2.42321e-08
-2.34608e-08
-2.27204e-08
-2.19709e-08
-2.12524e-08
-2.05223e-08
-1.98224e-08
-1.91093e-08
-1.84268e-08
-1.7728e-08
-1.706e-08
-1.63735e-08
-1.57179e-08
-1.50418e-08
-1.43967e-08
-1.37293e-08
-1.30931e-08
-1.24329e-08
-1.1804e-08
-1.11497e-08
-1.05269e-08
-9.87743e-09
-9.25976e-09
-8.61396e-09
-8.00066e-09
-7.35742e-09
-6.74849e-09
-6.10589e-09
-5.50314e-09
-4.85606e-09
-4.26696e-09
-3.59934e-09
-3.05191e-09
-2.31138e-09
-1.90441e-09
-9.09137e-10
-9.7897e-10
9.04405e-10
0.0795496
0.0791803
0.0778931
0.0753654
0.0705076
0.0615022
0.0457848
0.0188942
-0.0211524
-0.0797303
-0.136734
-0.172878
-0.204842
-0.230223
-0.250385
-0.26723
-0.280465
-0.289322
-0.291939
-0.286337
-0.271346
-0.247435
-0.216826
-0.18304
-0.149678
-0.119412
-0.0936432
-0.0727158
-0.0562862
-0.0436889
-0.0341742
-0.0270444
-0.0217114
-0.0177086
-0.0146803
-0.0123623
-0.010562
-0.00914068
-0.00799875
-0.00706515
-0.00628895
-0.00563351
-0.00507217
-0.00458537
-0.00415847
-0.00378043
-0.00344274
-0.00313883
-0.00286352
-0.00261274
-0.00238326
-0.00217246
-0.00197821
-0.00179877
-0.00163267
-0.0014787
-0.00133586
-0.0012033
-0.0010803
-0.000966252
-0.000860653
-0.000763077
-0.000673193
-0.000590759
-0.000515595
-0.000447502
-0.000386157
-0.000330995
-0.000281167
-0.000235637
-0.000193461
-0.000154153
-0.000117931
-8.5698e-05
-5.86153e-05
-3.74613e-05
-2.22278e-05
-1.2127e-05
-6.00947e-06
-2.80777e-06
-1.67374e-06
-1.89402e-06
-2.76067e-06
-3.59486e-06
-3.90765e-06
-3.5535e-06
-2.7321e-06
-1.78729e-06
-1.0063e-06
-5.02858e-07
-2.40181e-07
-1.23807e-07
-7.54753e-08
-5.46865e-08
-4.61749e-08
-4.39771e-08
-4.43746e-08
-4.5022e-08
-4.50947e-08
-4.46897e-08
-4.40574e-08
-4.33158e-08
-4.24972e-08
-4.1605e-08
-4.06634e-08
-3.96811e-08
-3.86841e-08
-3.76724e-08
-3.66691e-08
-3.56659e-08
-3.46843e-08
-3.37093e-08
-3.27624e-08
-3.18234e-08
-3.09155e-08
-3.00145e-08
-2.91455e-08
-2.82809e-08
-2.74486e-08
-2.66176e-08
-2.58186e-08
-2.50177e-08
-2.42484e-08
-2.34742e-08
-2.27312e-08
-2.19802e-08
-2.12601e-08
-2.05296e-08
-1.98292e-08
-1.91149e-08
-1.84316e-08
-1.77326e-08
-1.7064e-08
-1.63775e-08
-1.57214e-08
-1.50453e-08
-1.43998e-08
-1.37325e-08
-1.30957e-08
-1.24357e-08
-1.18063e-08
-1.11522e-08
-1.0529e-08
-9.87964e-09
-9.26153e-09
-8.61591e-09
-8.00215e-09
-7.3591e-09
-6.74966e-09
-6.10732e-09
-5.50392e-09
-4.8573e-09
-4.26714e-09
-3.60069e-09
-3.05082e-09
-2.31389e-09
-1.90036e-09
-9.15982e-10
-9.68448e-10
8.86492e-10
0.0748322
0.0742137
0.0721005
0.0684195
0.0621262
0.0516165
0.034951
0.00879418
-0.027626
-0.0769658
-0.12621
-0.161567
-0.192771
-0.218146
-0.238392
-0.254832
-0.26723
-0.274966
-0.276708
-0.271078
-0.257335
-0.235994
-0.208912
-0.178924
-0.148958
-0.121276
-0.0971761
-0.0771078
-0.0609265
-0.0481725
-0.0382681
-0.030641
-0.0247859
-0.0202851
-0.0168082
-0.0141012
-0.0119724
-0.0102785
-0.00891378
-0.00779975
-0.0068785
-0.006107
-0.00545311
-0.00489261
-0.00440708
-0.00398239
-0.00360758
-0.0032741
-0.00297523
-0.00270566
-0.00246116
-0.00223832
-0.00203441
-0.00184718
-0.0016748
-0.00151576
-0.00136882
-0.00123294
-0.00110726
-0.000991061
-0.00088373
-0.000784769
-0.000693785
-0.000610488
-0.000534651
-0.000466028
-0.000404236
-0.00034864
-0.000298314
-0.000252152
-0.000209162
-0.000168835
-0.000131416
-9.78662e-05
-6.94114e-05
-4.69073e-05
-3.03838e-05
-1.90709e-05
-1.1798e-05
-7.44488e-06
-5.1543e-06
-4.25866e-06
-4.15211e-06
-4.26631e-06
-4.16986e-06
-3.68433e-06
-2.89924e-06
-2.03639e-06
-1.30078e-06
-7.85558e-07
-4.74838e-07
-3.02924e-07
-2.08062e-07
-1.5274e-07
-1.18833e-07
-9.74934e-08
-8.34628e-08
-7.3488e-08
-6.58875e-08
-5.99313e-08
-5.52402e-08
-5.15117e-08
-4.8496e-08
-4.59922e-08
-4.38706e-08
-4.20255e-08
-4.03979e-08
-3.89259e-08
-3.75864e-08
-3.63379e-08
-3.5177e-08
-3.4071e-08
-3.30282e-08
-3.20194e-08
-3.10603e-08
-3.01219e-08
-2.92255e-08
-2.83411e-08
-2.74939e-08
-2.66523e-08
-2.58452e-08
-2.50387e-08
-2.4265e-08
-2.34877e-08
-2.27421e-08
-2.19896e-08
-2.12679e-08
-2.05364e-08
-1.98349e-08
-1.91204e-08
-1.84365e-08
-1.77373e-08
-1.70681e-08
-1.63816e-08
-1.57249e-08
-1.5049e-08
-1.44029e-08
-1.37357e-08
-1.30985e-08
-1.24386e-08
-1.18087e-08
-1.11548e-08
-1.05311e-08
-9.88196e-09
-9.26333e-09
-8.61795e-09
-8.00365e-09
-7.36086e-09
-6.75085e-09
-6.10883e-09
-5.5047e-09
-4.85864e-09
-4.26724e-09
-3.60219e-09
-3.04942e-09
-2.31688e-09
-1.89513e-09
-9.24694e-10
-9.53927e-10
8.61669e-10
0.0703645
0.0695389
0.0667375
0.0621295
0.0547335
0.0431813
0.0260206
0.000823835
-0.0325601
-0.0751684
-0.118464
-0.152466
-0.182562
-0.207528
-0.227663
-0.243791
-0.25565
-0.262701
-0.263953
-0.258442
-0.245764
-0.226494
-0.202232
-0.175307
-0.14813
-0.122629
-0.0999954
-0.0807349
-0.0648453
-0.0520253
-0.0418368
-0.0338145
-0.0275267
-0.0226022
-0.0187363
-0.0156868
-0.013265
-0.011326
-0.00975903
-0.00848019
-0.00742571
-0.00654714
-0.00580754
-0.00517861
-0.00463852
-0.00417036
-0.00376092
-0.00339985
-0.00307897
-0.00279183
-0.00253329
-0.0022992
-0.00208626
-0.00189177
-0.00171354
-0.00154978
-0.00139902
-0.00126006
-0.00113189
-0.00101368
-0.000904731
-0.000804464
-0.000712431
-0.000628287
-0.000551755
-0.000482535
-0.000420193
-0.000364043
-0.000313118
-0.000266287
-0.000222554
-0.000181411
-0.000143115
-0.000108634
-7.91927e-05
-5.56451e-05
-3.80395e-05
-2.56276e-05
-1.72603e-05
-1.18228e-05
-8.47549e-06
-6.59242e-06
-5.63686e-06
-5.11179e-06
-4.62198e-06
-3.96461e-06
-3.15011e-06
-2.31085e-06
-1.58752e-06
-1.05152e-06
-6.96434e-07
-4.74866e-07
-3.37037e-07
-2.48534e-07
-1.89747e-07
-1.49699e-07
-1.21667e-07
-1.01388e-07
-8.63003e-08
-7.49005e-08
-6.62239e-08
-5.95632e-08
-5.43904e-08
-5.03037e-08
-4.70228e-08
-4.433e-08
-4.2083e-08
-4.01588e-08
-3.8489e-08
-3.69993e-08
-3.56619e-08
-3.44271e-08
-3.32899e-08
-3.22124e-08
-3.12027e-08
-3.02278e-08
-2.93043e-08
-2.84003e-08
-2.75385e-08
-2.66866e-08
-2.58714e-08
-2.50595e-08
-2.42812e-08
-2.35011e-08
-2.27529e-08
-2.19988e-08
-2.12755e-08
-2.05427e-08
-1.98403e-08
-1.9126e-08
-1.84412e-08
-1.7742e-08
-1.70721e-08
-1.63856e-08
-1.57283e-08
-1.50525e-08
-1.44058e-08
-1.37389e-08
-1.31011e-08
-1.24414e-08
-1.1811e-08
-1.11574e-08
-1.0533e-08
-9.88424e-09
-9.26499e-09
-8.61995e-09
-8.00502e-09
-7.36261e-09
-6.7519e-09
-6.11032e-09
-5.50534e-09
-4.85998e-09
-4.26714e-09
-3.60376e-09
-3.04756e-09
-2.32028e-09
-1.88839e-09
-9.35507e-10
-9.34032e-10
8.27647e-10
0.0662282
0.0652337
0.0618704
0.0565301
0.0483025
0.0360465
0.0186861
-0.00550388
-0.0363641
-0.0740083
-0.112679
-0.145109
-0.174068
-0.198515
-0.218402
-0.234162
-0.245519
-0.252016
-0.252937
-0.24764
-0.235946
-0.218444
-0.196518
-0.172111
-0.147245
-0.123586
-0.102228
-0.0837097
-0.0681288
-0.0553062
-0.0449164
-0.0365839
-0.0299418
-0.0246607
-0.0204611
-0.0171135
-0.0144339
-0.0122768
-0.0105288
-0.00910128
-0.00792601
-0.00694997
-0.0061321
-0.00544053
-0.00485043
-0.00434238
-0.00390114
-0.00351473
-0.00317365
-0.00287039
-0.00259895
-0.00235455
-0.00213333
-0.00193218
-0.00174859
-0.0015805
-0.00142625
-0.00128447
-0.00115401
-0.00103395
-0.000923503
-0.000822024
-0.000729004
-0.000644044
-0.000566811
-0.000496954
-0.000433988
-0.000377193
-0.00032559
-0.000278061
-0.000233633
-0.000191826
-0.000152906
-0.00011781
-8.77078e-05
-6.34092e-05
-4.49467e-05
-3.15955e-05
-2.22481e-05
-1.58345e-05
-1.15491e-05
-8.80703e-06
-7.11976e-06
-6.0357e-06
-5.18127e-06
-4.33521e-06
-3.45142e-06
-2.59693e-06
-1.86257e-06
-1.29902e-06
-9.0239e-07
-6.36263e-07
-4.59223e-07
-3.39611e-07
-2.5713e-07
-1.99253e-07
-1.57941e-07
-1.27905e-07
-1.05716e-07
-8.9145e-08
-7.66815e-08
-6.72348e-08
-6.00108e-08
-5.44165e-08
-5.00301e-08
-4.65284e-08
-4.36904e-08
-4.1335e-08
-3.93501e-08
-3.76305e-08
-3.61248e-08
-3.47673e-08
-3.35401e-08
-3.2397e-08
-3.13391e-08
-3.03293e-08
-2.93798e-08
-2.84573e-08
-2.75815e-08
-2.67197e-08
-2.58968e-08
-2.50797e-08
-2.4297e-08
-2.35143e-08
-2.27634e-08
-2.2008e-08
-2.12829e-08
-2.05495e-08
-1.9846e-08
-1.91316e-08
-1.84459e-08
-1.77468e-08
-1.70761e-08
-1.63898e-08
-1.57318e-08
-1.50562e-08
-1.44088e-08
-1.37422e-08
-1.31037e-08
-1.24444e-08
-1.18133e-08
-1.116e-08
-1.0535e-08
-9.88664e-09
-9.2667e-09
-8.62208e-09
-8.00643e-09
-7.36447e-09
-6.75299e-09
-6.11194e-09
-5.50599e-09
-4.86143e-09
-4.26701e-09
-3.60551e-09
-3.04542e-09
-2.32421e-09
-1.88018e-09
-9.48743e-10
-9.07445e-10
7.81721e-10
0.0624901
0.0613606
0.0575473
0.0516397
0.0427968
0.0300833
0.0127092
-0.010522
-0.0393033
-0.0732428
-0.108334
-0.139216
-0.167054
-0.190884
-0.210437
-0.225858
-0.236848
-0.243001
-0.243779
-0.238752
-0.227902
-0.211832
-0.191772
-0.169383
-0.146393
-0.124259
-0.103989
-0.0861289
-0.0708497
-0.0580636
-0.0475347
-0.0389616
-0.0320323
-0.0264552
-0.0219738
-0.0183711
-0.0154686
-0.0131215
-0.0112144
-0.00965582
-0.00837348
-0.00731072
-0.00642301
-0.00567542
-0.0050405
-0.00449667
-0.00402688
-0.00361769
-0.00325845
-0.00294068
-0.00265765
-0.00240396
-0.0021753
-0.00196817
-0.00177976
-0.00160779
-0.0014504
-0.00130607
-0.00117357
-0.00105184
-0.000940035
-0.000837454
-0.000743526
-0.000657799
-0.000579884
-0.000509376
-0.000445749
-0.00038826
-0.000335938
-0.000287704
-0.000242633
-0.000200286
-0.00016093
-0.000125452
-9.49427e-05
-7.01318e-05
-5.10178e-05
-3.68932e-05
-2.6702e-05
-1.94365e-05
-1.43361e-05
-1.08567e-05
-8.54451e-06
-6.97646e-06
-5.79119e-06
-4.75336e-06
-3.77699e-06
-2.88151e-06
-2.11966e-06
-1.52361e-06
-1.08795e-06
-7.82217e-07
-5.70388e-07
-4.22843e-07
-3.18895e-07
-2.44823e-07
-1.91432e-07
-1.52484e-07
-1.23763e-07
-1.02404e-07
-8.64192e-08
-7.43765e-08
-6.52404e-08
-5.82418e-08
-5.28267e-08
-4.85733e-08
-4.51863e-08
-4.24302e-08
-4.01524e-08
-3.82189e-08
-3.65564e-08
-3.50845e-08
-3.37733e-08
-3.25692e-08
-3.14663e-08
-3.0424e-08
-2.94503e-08
-2.85106e-08
-2.76216e-08
-2.67507e-08
-2.59206e-08
-2.50987e-08
-2.43119e-08
-2.35267e-08
-2.27733e-08
-2.20168e-08
-2.12899e-08
-2.05563e-08
-1.98515e-08
-1.9137e-08
-1.84503e-08
-1.77513e-08
-1.70798e-08
-1.63938e-08
-1.57349e-08
-1.50598e-08
-1.44116e-08
-1.37454e-08
-1.31061e-08
-1.24473e-08
-1.18154e-08
-1.11626e-08
-1.05368e-08
-9.88893e-09
-9.26817e-09
-8.62411e-09
-8.00762e-09
-7.36624e-09
-6.75385e-09
-6.11347e-09
-5.50644e-09
-4.86284e-09
-4.26664e-09
-3.60726e-09
-3.04281e-09
-2.32846e-09
-1.87026e-09
-9.6431e-10
-8.72715e-10
7.21458e-10
0.0592034
0.0579683
0.0538018
0.0474627
0.0381735
0.0251748
0.00789244
-0.0144817
-0.0415748
-0.0727372
-0.105068
-0.134532
-0.161345
-0.184572
-0.203775
-0.21888
-0.229558
-0.235443
-0.236134
-0.231367
-0.221238
-0.206349
-0.187804
-0.167049
-0.145586
-0.12471
-0.105355
-0.0880681
-0.0730703
-0.0603436
-0.0497224
-0.0409657
-0.0338077
-0.0279889
-0.0232736
-0.0194568
-0.0163652
-0.0138557
-0.011812
-0.01014
-0.00876477
-0.00762649
-0.00667779
-0.00588119
-0.005207
-0.00463178
-0.00413694
-0.00370776
-0.00333257
-0.00300206
-0.00270886
-0.00244702
-0.00221183
-0.00199945
-0.00180681
-0.00163144
-0.0014713
-0.00132474
-0.00119043
-0.00106723
-0.000954235
-0.000850674
-0.000755932
-0.000669503
-0.000590945
-0.000519803
-0.000455511
-0.000397318
-0.000344273
-0.00029535
-0.00024969
-0.000206902
-0.000167253
-0.000131573
-0.000100853
-7.57298e-05
-5.61524e-05
-4.14236e-05
-3.05396e-05
-2.25594e-05
-1.67745e-05
-1.26784e-05
-9.84447e-06
-7.8677e-06
-6.39333e-06
-5.17536e-06
-4.09976e-06
-3.15135e-06
-2.35392e-06
-1.72386e-06
-1.25231e-06
-9.11642e-07
-6.69214e-07
-4.96895e-07
-3.73796e-07
-2.85277e-07
-2.21151e-07
-1.74309e-07
-1.39811e-07
-1.14216e-07
-9.51099e-08
-8.07605e-08
-6.99197e-08
-6.16652e-08
-5.53284e-08
-5.04015e-08
-4.6523e-08
-4.34088e-08
-4.08695e-08
-3.87452e-08
-3.69428e-08
-3.53688e-08
-3.39825e-08
-3.2724e-08
-3.15807e-08
-3.05095e-08
-2.95141e-08
-2.8559e-08
-2.76582e-08
-2.67792e-08
-2.59425e-08
-2.51164e-08
-2.43257e-08
-2.35385e-08
-2.27827e-08
-2.20251e-08
-2.12966e-08
-2.05628e-08
-1.98569e-08
-1.91424e-08
-1.84547e-08
-1.77559e-08
-1.70835e-08
-1.63978e-08
-1.57382e-08
-1.50634e-08
-1.44144e-08
-1.37487e-08
-1.31085e-08
-1.24502e-08
-1.18175e-08
-1.11653e-08
-1.05386e-08
-9.89135e-09
-9.26972e-09
-8.62627e-09
-8.00888e-09
-7.36814e-09
-6.75481e-09
-6.11514e-09
-5.50697e-09
-4.86438e-09
-4.26634e-09
-3.60918e-09
-3.04013e-09
-2.33311e-09
-1.85912e-09
-9.82084e-10
-8.29458e-10
6.45533e-10
0.0564097
0.055094
0.0506571
0.0439971
0.0343916
0.0212252
0.00408391
-0.0175611
-0.0433114
-0.0723996
-0.102625
-0.130872
-0.156794
-0.179461
-0.198322
-0.213148
-0.223587
-0.229302
-0.229981
-0.225469
-0.215938
-0.201986
-0.184626
-0.165147
-0.144887
-0.125015
-0.106403
-0.0895952
-0.0748443
-0.0621845
-0.0515041
-0.0426097
-0.0352729
-0.0292613
-0.0243568
-0.0203648
-0.0171175
-0.0144734
-0.0123158
-0.010549
-0.00909567
-0.00789379
-0.00689362
-0.00605557
-0.00534815
-0.00474632
-0.00423023
-0.00378409
-0.00339535
-0.00305403
-0.00275218
-0.00248342
-0.00224268
-0.00202584
-0.00182962
-0.00165135
-0.00148887
-0.00134043
-0.00120458
-0.00108013
-0.000966115
-0.000861715
-0.000766269
-0.000679224
-0.000600088
-0.000528362
-0.000463449
-0.000404592
-0.00035087
-0.000301316
-0.000255139
-0.000211998
-0.000172159
-0.000136391
-0.000105586
-8.0286e-05
-6.03857e-05
-4.51937e-05
-3.37553e-05
-2.51922e-05
-1.88482e-05
-1.42506e-05
-1.0992e-05
-8.67858e-06
-6.95852e-06
-5.57798e-06
-4.40381e-06
-3.39657e-06
-2.55893e-06
-1.89457e-06
-1.39056e-06
-1.02003e-06
-7.52029e-07
-5.59163e-07
-4.2021e-07
-3.19717e-07
-2.46644e-07
-1.93155e-07
-1.53728e-07
-1.24476e-07
-1.02654e-07
-8.62912e-08
-7.39641e-08
-6.46191e-08
-5.74859e-08
-5.1979e-08
-4.76779e-08
-4.42557e-08
-4.14907e-08
-3.92014e-08
-3.72777e-08
-3.56153e-08
-3.41638e-08
-3.28581e-08
-3.16799e-08
-3.05837e-08
-2.95694e-08
-2.86012e-08
-2.76899e-08
-2.68041e-08
-2.59615e-08
-2.51319e-08
-2.43378e-08
-2.35488e-08
-2.27908e-08
-2.20326e-08
-2.13026e-08
-2.05687e-08
-1.98615e-08
-1.91471e-08
-1.84584e-08
-1.776e-08
-1.70866e-08
-1.64014e-08
-1.57408e-08
-1.50666e-08
-1.44167e-08
-1.37515e-08
-1.31105e-08
-1.24528e-08
-1.18191e-08
-1.11676e-08
-1.054e-08
-9.89347e-09
-9.27085e-09
-8.62815e-09
-8.00975e-09
-7.3698e-09
-6.7554e-09
-6.1166e-09
-5.50718e-09
-4.86573e-09
-4.26575e-09
-3.61091e-09
-3.03712e-09
-2.33768e-09
-1.8469e-09
-1.00108e-09
-7.78389e-10
5.55481e-10
0.0541409
0.0527656
0.0481283
0.0412369
0.0314135
0.0181554
0.00116479
-0.0198922
-0.0446095
-0.0721763
-0.100836
-0.128095
-0.153285
-0.175476
-0.194039
-0.208633
-0.218885
-0.224474
-0.225155
-0.220853
-0.211792
-0.198566
-0.182119
-0.163623
-0.144293
-0.125204
-0.10718
-0.0907572
-0.0762131
-0.0636186
-0.0529025
-0.043908
-0.0364361
-0.030276
-0.0252239
-0.0210941
-0.0177233
-0.014972
-0.0127232
-0.0108801
-0.00936393
-0.00811065
-0.00706881
-0.00619716
-0.00546274
-0.0048393
-0.00430593
-0.003846
-0.00344624
-0.00309613
-0.00278725
-0.00251287
-0.00226761
-0.00204715
-0.00184802
-0.0016674
-0.00150302
-0.00135303
-0.00121593
-0.00109047
-0.000975614
-0.000870525
-0.000774496
-0.000686933
-0.000607304
-0.000535069
-0.000469605
-0.000410156
-0.000355832
-0.000305725
-0.000259109
-0.00021569
-0.000175733
-0.000139952
-0.000109149
-8.37754e-05
-6.36736e-05
-4.81527e-05
-3.62988e-05
-2.72883e-05
-2.05122e-05
-1.55262e-05
-1.19382e-05
-9.36112e-06
-7.44452e-06
-5.92906e-06
-4.66867e-06
-3.60703e-06
-2.73158e-06
-2.03622e-06
-1.50421e-06
-1.10857e-06
-8.1928e-07
-6.09377e-07
-4.57363e-07
-3.47121e-07
-2.66868e-07
-2.08117e-07
-1.64819e-07
-1.32698e-07
-1.08732e-07
-9.07636e-08
-7.72392e-08
-6.70088e-08
-5.92268e-08
-5.32486e-08
-4.86058e-08
-4.4936e-08
-4.19904e-08
-3.95692e-08
-3.75482e-08
-3.58149e-08
-3.43108e-08
-3.29673e-08
-3.17608e-08
-3.06446e-08
-2.9615e-08
-2.86362e-08
-2.77165e-08
-2.68252e-08
-2.59778e-08
-2.51454e-08
-2.43484e-08
-2.35581e-08
-2.27982e-08
-2.20394e-08
-2.13082e-08
-2.05742e-08
-1.98659e-08
-1.91518e-08
-1.84621e-08
-1.77641e-08
-1.70897e-08
-1.64051e-08
-1.57435e-08
-1.50699e-08
-1.4419e-08
-1.37545e-08
-1.31125e-08
-1.24555e-08
-1.18209e-08
-1.11701e-08
-1.05415e-08
-9.89569e-09
-9.27212e-09
-8.63015e-09
-8.01077e-09
-7.37159e-09
-6.75616e-09
-6.11819e-09
-5.50759e-09
-4.86721e-09
-4.26542e-09
-3.61275e-09
-3.0345e-09
-2.34226e-09
-1.83496e-09
-1.02023e-09
-7.23271e-10
4.57312e-10
0.0524204
0.0510034
0.0462251
0.0391748
0.0292082
0.0159047
-0.000952645
-0.0215674
-0.0455335
-0.0720315
-0.0995805
-0.126094
-0.150728
-0.172546
-0.190869
-0.205283
-0.215399
-0.220911
-0.221613
-0.217482
-0.208774
-0.196078
-0.180289
-0.162501
-0.143843
-0.125324
-0.107732
-0.0915973
-0.0772118
-0.0646719
-0.0539352
-0.0448712
-0.0373025
-0.0310342
-0.0258737
-0.0216419
-0.0181794
-0.0153479
-0.0130307
-0.0111304
-0.00956684
-0.0082748
-0.00720148
-0.00630441
-0.00554957
-0.00490977
-0.0043633
-0.00389291
-0.0034848
-0.00312802
-0.0028138
-0.00253515
-0.00228647
-0.00206326
-0.00186192
-0.00167952
-0.0015137
-0.00136255
-0.00122449
-0.00109826
-0.000982768
-0.000877154
-0.000780679
-0.000692717
-0.000612704
-0.000540068
-0.000474169
-0.000414253
-0.000359457
-0.000308919
-0.000261969
-0.000218347
-0.000178317
-0.000142547
-0.000111766
-8.63535e-05
-6.61125e-05
-5.03531e-05
-3.81951e-05
-2.88583e-05
-2.17699e-05
-1.65054e-05
-1.26808e-05
-9.91149e-06
-7.84648e-06
-6.22327e-06
-4.88867e-06
-3.77657e-06
-2.86509e-06
-2.14162e-06
-1.58635e-06
-1.17144e-06
-8.66762e-07
-6.45025e-07
-4.84133e-07
-3.67268e-07
-2.82046e-07
-2.19525e-07
-1.73345e-07
-1.39017e-07
-1.13374e-07
-9.41475e-08
-7.96951e-08
-6.87908e-08
-6.05239e-08
-5.41976e-08
-4.93029e-08
-4.54497e-08
-4.23687e-08
-3.98479e-08
-3.77528e-08
-3.59656e-08
-3.44216e-08
-3.30495e-08
-3.18217e-08
-3.06905e-08
-2.96493e-08
-2.86628e-08
-2.77365e-08
-2.68412e-08
-2.59899e-08
-2.51557e-08
-2.43562e-08
-2.35652e-08
-2.28035e-08
-2.20447e-08
-2.13122e-08
-2.05784e-08
-1.9869e-08
-1.91553e-08
-1.84645e-08
-1.77671e-08
-1.70918e-08
-1.64077e-08
-1.57452e-08
-1.50723e-08
-1.44204e-08
-1.37566e-08
-1.31137e-08
-1.24575e-08
-1.18219e-08
-1.11718e-08
-1.05423e-08
-9.89726e-09
-9.27268e-09
-8.63155e-09
-8.01114e-09
-7.37283e-09
-6.75632e-09
-6.11929e-09
-5.50747e-09
-4.86824e-09
-4.2647e-09
-3.61408e-09
-3.0318e-09
-2.34599e-09
-1.82386e-09
-1.03733e-09
-6.69993e-10
3.62156e-10
0.0512648
0.0498214
0.0449537
0.0378044
0.0277516
0.0144285
-0.00233126
-0.0226515
-0.0461278
-0.0719454
-0.0987827
-0.1248
-0.149059
-0.170621
-0.188778
-0.20307
-0.213097
-0.218559
-0.219277
-0.21526
-0.206783
-0.194433
-0.179074
-0.161749
-0.143531
-0.125387
-0.108082
-0.0921407
-0.0778635
-0.0653633
-0.0546161
-0.0455085
-0.0378775
-0.0315388
-0.026307
-0.022008
-0.0184845
-0.0155998
-0.013237
-0.0112984
-0.00970315
-0.00838512
-0.00729067
-0.00637653
-0.00560795
-0.00495713
-0.00440186
-0.00392442
-0.0035107
-0.00314942
-0.00283161
-0.00255009
-0.00229911
-0.00207405
-0.00187122
-0.00168762
-0.00152083
-0.00136889
-0.0012302
-0.00110343
-0.000987519
-0.000881548
-0.000784768
-0.000696533
-0.000616252
-0.000543334
-0.000477128
-0.000416879
-0.000361746
-0.000310903
-0.000263715
-0.000219951
-0.000179873
-0.00014412
-0.000113369
-8.79502e-05
-6.76361e-05
-5.17373e-05
-3.93955e-05
-2.98598e-05
-2.25809e-05
-1.71466e-05
-1.31771e-05
-1.02881e-05
-8.12825e-06
-6.43376e-06
-5.0479e-06
-3.89927e-06
-2.9607e-06
-2.21574e-06
-1.64271e-06
-1.21326e-06
-8.97173e-07
-6.6694e-07
-4.99991e-07
-3.78915e-07
-2.90764e-07
-2.26154e-07
-1.78418e-07
-1.42879e-07
-1.16273e-07
-9.62851e-08
-8.12452e-08
-6.99035e-08
-6.13213e-08
-5.47734e-08
-4.97233e-08
-4.57603e-08
-4.25992e-08
-4.00195e-08
-3.788e-08
-3.60599e-08
-3.44913e-08
-3.31016e-08
-3.18605e-08
-3.07203e-08
-2.96719e-08
-2.86807e-08
-2.77503e-08
-2.68527e-08
-2.59989e-08
-2.51635e-08
-2.43625e-08
-2.35709e-08
-2.28082e-08
-2.20493e-08
-2.13159e-08
-2.05822e-08
-1.9872e-08
-1.91585e-08
-1.84671e-08
-1.777e-08
-1.7094e-08
-1.64103e-08
-1.57471e-08
-1.50746e-08
-1.44221e-08
-1.37588e-08
-1.31151e-08
-1.24594e-08
-1.18231e-08
-1.11736e-08
-1.05433e-08
-9.8989e-09
-9.27355e-09
-8.63303e-09
-8.01185e-09
-7.37417e-09
-6.75686e-09
-6.12051e-09
-5.50779e-09
-4.86938e-09
-4.26455e-09
-3.61543e-09
-3.0302e-09
-2.34915e-09
-1.81579e-09
-1.05063e-09
-6.27445e-10
2.85638e-10
0.0506843
0.0492284
0.0443169
0.0371205
0.0270273
0.0136975
-0.00301065
-0.0231836
-0.0464182
-0.0719045
-0.0983944
-0.124163
-0.148234
-0.169666
-0.187739
-0.201969
-0.211952
-0.217392
-0.218121
-0.214162
-0.205802
-0.193624
-0.178477
-0.161378
-0.143377
-0.125418
-0.108254
-0.0924086
-0.0781858
-0.065706
-0.0549542
-0.0458257
-0.038164
-0.0317905
-0.0265235
-0.022191
-0.0186372
-0.0157259
-0.0133404
-0.0113826
-0.00977151
-0.00844046
-0.00733543
-0.00641273
-0.00563726
-0.00498092
-0.00442123
-0.00394025
-0.00352371
-0.00316018
-0.00284057
-0.0025576
-0.00230546
-0.00207948
-0.0018759
-0.0016917
-0.00152442
-0.00137209
-0.00123308
-0.00110606
-0.000989928
-0.00088378
-0.00078685
-0.00069848
-0.000618069
-0.00054502
-0.000478674
-0.000418279
-0.000363002
-0.000312029
-0.000264739
-0.000220907
-0.00018079
-0.000145013
-0.000114233
-8.87621e-05
-6.83706e-05
-5.23765e-05
-3.99369e-05
-3.0314e-05
-2.2964e-05
-1.74726e-05
-1.34536e-05
-1.0518e-05
-8.31288e-06
-6.57574e-06
-5.15207e-06
-3.97204e-06
-3.00902e-06
-2.24624e-06
-1.66119e-06
-1.22439e-06
-9.04329e-07
-6.7224e-07
-5.04502e-07
-3.82999e-07
-2.94417e-07
-2.29262e-07
-1.809e-07
-1.4474e-07
-1.17592e-07
-9.71839e-08
-8.1848e-08
-7.03146e-08
-6.16136e-08
-5.49915e-08
-4.98908e-08
-4.58897e-08
-4.26974e-08
-4.00927e-08
-3.79332e-08
-3.60987e-08
-3.45193e-08
-3.31227e-08
-3.18763e-08
-3.07327e-08
-2.96812e-08
-2.86883e-08
-2.7756e-08
-2.68576e-08
-2.60025e-08
-2.51669e-08
-2.43649e-08
-2.35734e-08
-2.28099e-08
-2.20512e-08
-2.13171e-08
-2.05838e-08
-1.98729e-08
-1.91599e-08
-1.84677e-08
-1.77711e-08
-1.70944e-08
-1.64113e-08
-1.57474e-08
-1.50755e-08
-1.44222e-08
-1.37596e-08
-1.31151e-08
-1.24601e-08
-1.1823e-08
-1.11742e-08
-1.05431e-08
-9.8994e-09
-9.27327e-09
-8.63347e-09
-8.01149e-09
-7.37455e-09
-6.75644e-09
-6.12085e-09
-5.50727e-09
-4.86969e-09
-4.26379e-09
-3.61582e-09
-3.02866e-09
-2.35055e-09
-1.81092e-09
-1.05778e-09
-6.03352e-10
2.41759e-10
-0.459637
-0.247264
-0.140326
-0.459637
-0.247264
-0.335839
-0.34127
-0.429402
-0.335839
-0.34127
0.126493
0.414225
0.308723
0.332823
0.126493
0.414225
0.308723
-0.110744
-0.330137
-0.330137
-0.314053
-0.314831
-0.313724
-0.321216
-0.314053
-0.314831
-0.313724
0.488672
0.430839
0.488672
-0.31196
-0.3105
-0.31196
-0.3105
0.430843
0.488673
0.430844
-0.310501
-0.311986
-0.310501
-0.311986
0.308744
0.332832
0.126509
0.414233
0.308744
0.332832
0.126509
-0.110729
-0.110729
-0.330187
-0.330187
-0.313754
-0.321258
-0.314101
-0.314858
-0.313754
-0.321258
-0.314101
-0.140319
-0.459669
-0.24725
-0.140319
-0.459669
-0.341322
-0.429449
-0.335894
-0.341322
-0.429447
-0.335894
-0.288138
-0.166317
-0.354751
-0.122869
-0.288138
-0.166317
-0.354752
-0.315021
-0.409467
-0.32832
-0.33726
-0.315021
-0.409465
-0.328321
0.105087
0.264925
0.10983
0.1946
0.105087
0.264925
0.10983
-0.413627
-0.430228
-0.402281
-0.452577
-0.403085
-0.452882
-0.41343
-0.310777
-0.32245
-0.317115
-0.318361
-0.310777
-0.32245
-0.317115
-0.10358
-0.316375
-0.321537
-0.315764
-0.323167
-0.315828
-0.323149
-0.316347
-0.309604
-0.312821
-0.312754
-0.309671
-0.308187
-0.307337
-0.307268
-0.308255
-0.315437
-0.313566
-0.312259
-0.319204
-0.312206
-0.320217
-0.315258
0.109846
0.194609
0.105096
0.264933
0.109846
0.194609
0.105096
-0.369302
-0.24496
-0.161635
-0.163926
-0.372297
-0.317183
-0.318421
-0.31086
-0.322498
-0.317183
-0.318421
-0.31086
-0.35477
-0.122865
-0.288151
-0.166314
-0.354771
-0.122865
-0.288151
-0.328375
-0.337287
-0.315064
-0.409507
-0.328376
-0.337287
-0.315065
-0.363052
-0.461189
-0.352668
-0.480794
-0.353648
-0.481997
-0.362213
-0.3693
-0.244975
-0.161644
-0.163935
-0.372295
-0.363053
-0.461189
-0.35267
-0.480793
-0.35365
-0.481996
-0.362214
-0.3693
-0.244975
-0.161644
-0.163935
-0.372295
-0.355286
-0.341283
-0.339068
-0.339236
-0.355496
-0.413626
-0.430228
-0.40228
-0.452577
-0.403084
-0.452882
-0.413429
-0.355286
-0.341283
-0.339068
-0.339236
-0.355496
0.328012
0.125098
0.262275
0.110765
0.261584
0.1089
0.329647
0.374895
0.327663
0.202915
0.434191
0.174336
0.438182
0.377487
0.328012
0.125098
0.262275
0.110765
0.261584
0.1089
0.329647
0.374895
0.327663
0.202915
0.434191
0.174336
0.438182
0.377487
-0.10358
-0.33014
-0.33014
-0.315416
-0.313539
-0.319173
-0.312239
-0.320186
-0.312187
-0.315237
-0.316375
-0.321537
-0.315764
-0.323167
-0.315828
-0.323149
-0.316347
-0.315416
-0.313539
-0.319173
-0.312239
-0.320186
-0.312187
-0.315237
0.529775
0.463121
0.466216
0.527756
0.567703
0.58808
0.589166
0.566312
0.529775
0.463121
0.466216
0.527756
0.567703
0.58808
0.589166
0.566312
-0.308184
-0.307336
-0.307267
-0.308252
-0.309604
-0.312821
-0.312754
-0.309671
-0.308184
-0.307336
-0.307267
-0.308252
0.56771
0.588082
0.589168
0.566318
0.529785
0.463135
0.46623
0.527766
0.56771
0.588082
0.589168
0.566318
0.529785
0.463135
0.46623
0.527766
-0.309611
-0.31283
-0.312763
-0.309678
-0.308187
-0.307337
-0.307268
-0.308255
-0.309611
-0.31283
-0.312763
-0.309678
0.37491
0.327683
0.434204
0.202937
0.438196
0.174359
0.377501
0.328025
0.125114
0.110786
0.262288
0.108921
0.261597
0.32966
0.37491
0.327683
0.434204
0.202937
0.438195
0.174359
0.377501
0.328025
0.125115
0.110786
0.262288
0.108922
0.261597
0.32966
-0.103565
-0.103565
-0.33019
-0.33019
-0.316406
-0.321579
-0.323205
-0.315804
-0.323186
-0.315868
-0.316378
-0.315437
-0.313566
-0.312259
-0.319204
-0.312206
-0.320217
-0.315258
-0.316406
-0.321579
-0.323205
-0.315804
-0.323186
-0.315868
-0.316378
-0.36307
-0.461222
-0.480827
-0.352685
-0.48203
-0.353665
-0.362231
-0.369302
-0.24496
-0.161635
-0.163926
-0.372297
-0.363072
-0.461221
-0.480827
-0.352687
-0.48203
-0.353666
-0.362233
-0.355338
-0.341335
-0.33912
-0.339288
-0.355547
-0.413677
-0.430274
-0.452626
-0.402329
-0.45293
-0.403133
-0.41348
-0.355338
-0.341335
-0.33912
-0.339288
-0.355547
-0.413677
-0.430273
-0.452625
-0.40233
-0.452929
-0.403133
-0.413481
-0.366873
-0.141203
-0.322464
-0.158313
-0.322344
-0.160376
-0.367707
0.327996
0.303203
0.370549
0.276077
0.327996
0.303203
0.370549
-0.318033
-0.318056
-0.324772
-0.319586
-0.318033
-0.318056
-0.324772
0.402939
0.33115
0.420044
0.320996
0.402939
0.33115
0.420044
0.530643
0.432077
0.504965
0.46589
0.506442
0.466971
0.529405
-0.318055
-0.314091
-0.320275
-0.315379
-0.318055
-0.314091
-0.320275
0.420045
0.320998
0.402941
0.331151
0.420045
0.320998
0.402941
0.552891
0.48976
0.562072
0.480261
0.563232
0.481381
0.551707
-0.32027
-0.315387
-0.318058
-0.314091
-0.32027
-0.315387
-0.318058
0.370553
0.276082
0.328002
0.303206
0.370553
0.276082
0.328002
-0.324766
-0.319613
-0.318037
-0.318067
-0.324766
-0.319613
-0.318037
-0.322667
-0.318252
-0.323625
-0.318297
-0.323792
-0.314209
-0.314121
-0.366873
-0.141203
-0.322464
-0.158313
-0.322344
-0.160376
-0.367707
-0.358092
-0.336136
-0.349119
-0.346215
-0.349575
-0.346379
-0.358128
-0.358092
-0.336136
-0.349119
-0.346215
-0.349575
-0.346379
-0.358128
0.552889
0.489759
0.480259
0.56207
0.481379
0.56323
0.551704
0.530643
0.432077
0.504965
0.46589
0.506442
0.466971
0.529405
0.552889
0.489759
0.480259
0.56207
0.481379
0.56323
0.551704
-0.309648
-0.311905
-0.310696
-0.311567
-0.310589
-0.311517
-0.309742
-0.308712
-0.310446
-0.310703
-0.308288
-0.31065
-0.308223
-0.308784
-0.309648
-0.311905
-0.310696
-0.311567
-0.310589
-0.311517
-0.309742
-0.308712
-0.310446
-0.310703
-0.308288
-0.31065
-0.308223
-0.308784
0.530647
0.432081
0.465894
0.504971
0.466974
0.506448
0.52941
0.552891
0.48976
0.562072
0.480262
0.563231
0.481381
0.551707
0.530647
0.432081
0.465894
0.504971
0.466975
0.506448
0.52941
-0.308715
-0.310447
-0.308289
-0.310712
-0.308224
-0.310659
-0.308788
-0.309657
-0.311931
-0.311579
-0.310706
-0.31153
-0.310599
-0.309751
-0.308715
-0.310447
-0.308289
-0.310712
-0.308224
-0.310659
-0.308788
-0.309657
-0.311931
-0.311579
-0.310706
-0.31153
-0.310599
-0.309751
-0.366879
-0.141196
-0.158304
-0.322466
-0.160367
-0.322347
-0.367713
-0.366878
-0.141196
-0.158305
-0.322466
-0.160367
-0.322347
-0.367712
-0.358144
-0.336191
-0.346271
-0.34917
-0.346435
-0.349626
-0.358179
-0.358144
-0.336191
-0.346271
-0.349169
-0.346435
-0.349626
-0.358179
0.104521
0.0935922
0.211642
0.0893734
0.21091
0.156916
0.157477
0.104521
0.0935922
0.211642
0.0893735
0.210911
0.156916
0.157477
-0.32262
-0.323574
-0.318205
-0.323742
-0.31825
-0.314155
-0.314066
-0.32262
-0.323574
-0.318205
-0.323742
-0.31825
-0.314155
-0.314066
0.104537
0.211654
0.0936053
0.210923
0.0893866
0.156928
0.157487
0.104537
0.211654
0.0936053
0.210923
0.0893867
0.156928
0.157487
-0.322667
-0.318252
-0.323625
-0.318297
-0.323792
-0.314209
-0.314121
0.0610503
0.151209
0.0783866
0.103647
0.0610502
0.151209
0.0783865
-0.291652
-0.30988
-0.328872
-0.300521
-0.291652
-0.309879
-0.328872
0.251051
0.251339
0.284547
0.214233
0.251051
0.251339
0.284547
-0.316305
-0.321873
-0.327474
-0.320411
-0.316305
-0.321873
-0.327474
0.284554
0.214239
0.251057
0.251345
0.284554
0.214239
0.251057
-0.32748
-0.320462
-0.316309
-0.321909
-0.32748
-0.320462
-0.316309
0.0783932
0.103656
0.0610567
0.151217
0.0783932
0.103656
0.0610567
-0.328958
-0.300565
-0.291715
-0.309939
-0.328958
-0.300565
-0.291715
)
;

boundaryField
{
    inlet
    {
        type            zeroGradient;
    }
    outlet
    {
        type            fixedValue;
        value           uniform 0;
    }
    top
    {
        type            symmetryPlane;
    }
    bottom
    {
        type            symmetryPlane;
    }
    front
    {
        type            symmetryPlane;
    }
    back
    {
        type            symmetryPlane;
    }
    cylinder
    {
        type            zeroGradient;
    }
}


// ************************************************************************* //
